1377470 2177.0
1377480 2179.0
1377490 2180.6
1377500 2180.6
1377510 2181.9
1377520 2182.9
1377530 2182.9
1377540 2183.6
1377550 2184.7
1377560 2184.7
1377570 2185.7
1377580 2186.5
1377590 2186.5
1377600 2187.0
1377610 2186.8
1377620 2186.8
1377630 2186.9
1377640 2186.8
1377650 2185.8
1377660 2185.8
1377670 2184.5
1377680 2183.0
1377690 2183.0
1377700 2182.2
1377710 2183.3
1377720 2183.3
1377730 2184.9
1377740 2187.0
1377750 2187.0
1377760 2189.6
1377770 2191.4
1377780 2191.4
1377790 2190.4
1377800 2187.8
1377810 2187.8
1377820 2184.8
1377830 2182.3
1377840 2180.0
1377850 2180.0
1377860 2177.8
1377870 2178.2
1377880 2178.2
1377890 2182.1
1377900 2184.9
1377910 2184.9
1377920 2184.8
1377930 2184.1
1377940 2184.1
1377950 2185.2
1377960 2187.4
1377970 2187.4
1377980 2191.6
1377990 2197.7
1378000 2201.9
1378010 2201.9
1378020 2206.4
1378030 2213.5
1378040 2213.5
1378050 2218.0
1378060 2223.5
1378070 2223.5
1378080 2230.5
1378090 2237.1
1378100 2237.1
1378110 2242.2
1378120 2246.6
1378130 2246.6
1378140 2252.1
1378150 2257.2
1378160 2263.6
1378170 2263.6
1378180 2269.7
1378190 2269.0
1378200 2269.0
1378210 2270.0
1378220 2272.8
1378230 2272.8
1378240 2273.1
1378250 2271.6
1378260 2271.6
1378270 2271.6
1378280 2273.7
1378290 2273.7
1378300 2273.9
1378310 2270.6
1378320 2267.4
1378330 2267.4
1378340 2264.7
1378350 2261.1
1378360 2261.1
1378370 2259.6
1378380 2259.8
1378390 2259.8
1378400 2259.4
1378410 2258.7
1378420 2258.7
1378430 2258.9
1378440 2260.3
1378450 2260.3
1378460 2260.7
1378470 2261.4
1378480 2262.5
1378490 2262.5
1378500 2264.0
1378510 2268.0
1378520 2268.0
1378530 2271.6
1378540 2273.3
1378550 2273.3
1378560 2275.9
1378570 2277.9
1378580 2277.9
1378590 2279.6
1378600 2282.4
1378610 2282.4
1378620 2285.2
1378630 2285.6
1378640 2285.6
1378650 2284.4
1378660 2284.3
1378670 2282.8
1378680 2282.8
1378690 2281.2
1378700 2280.3
1378710 2280.3
1378720 2280.2
1378730 2279.6
1378740 2279.6
1378750 2279.4
1378760 2279.9
1378770 2279.9
1378780 2280.5
1378790 2282.7
1378800 2282.7
1378810 2285.3
1378820 2289.6
1378830 2293.7
1378840 2293.7
1378850 2294.5
1378860 2293.9
1378870 2293.9
1378880 2290.4
1378890 2289.4
1378900 2289.4
1378910 2292.6
1378920 2294.3
1378930 2294.3
1378940 2294.1
1378950 2292.7
1378960 2292.7
1378970 2290.9
1378980 2287.4
1378990 2284.6
1379000 2284.6
1379010 2282.9
1379020 2282.8
1379030 2282.8
1379040 2282.8
1379050 2280.8
1379060 2280.8
1379070 2274.3
1379080 2266.6
1379090 2266.6
1379100 2259.2
1379110 2252.2
1379120 2252.2
1379130 2244.8
1379140 2240.7
1379150 2237.7
1379160 2237.7
1379170 2234.7
1379180 2231.5
1379190 2231.5
1379200 2228.8
1379210 2225.8
1379220 2228.9
1379230 2224.8
1379240 2220.3
1379250 2220.3
1379260 2216.2
1379270 2210.7
1379280 2210.7
1379290 2205.9
1379300 2203.8
1379310 2203.8
1379320 2200.6
1379330 2195.2
1379340 2189.1
1379350 2189.1
1379360 2182.3
1379370 2175.3
1379380 2175.3
1379390 2168.3
1379400 2162.0
1379410 2162.0
1379420 2155.9
1379430 2151.8
1379440 2151.8
1379450 2147.0
1379460 2142.7
1379470 2142.7
1379480 2138.9
1379490 2134.1
1379500 2129.4
1379510 2129.4
1379520 2124.7
1379530 2120.9
1379540 2120.9
1379550 2117.0
1379560 2112.8
1379570 2112.8
1379580 2105.9
1379590 2099.2
1379600 2099.2
1379610 2090.3
1379620 2084.1
1379630 2084.1
1379640 2082.1
1379650 2080.9
1379660 2081.2
1379670 2081.2
1379680 2083.3
1379690 2087.9
1379700 2087.9
1379710 2086.0
1379720 2085.9
1379730 2085.9
1379740 2087.2
1379750 2090.3
1379760 2090.3
1379770 2094.3
1379780 2096.9
1379790 2096.9
1379800 2096.9
1379810 2096.5
1379820 2095.8
1379830 2095.8
1379840 2093.7
1379850 2092.8
1379860 2092.8
1379870 2092.9
1379880 2093.0
1379890 2093.0
1379900 2093.2
1379910 2092.5
1379920 2092.5
1379930 2090.1
1379940 2090.3
1379950 2090.3
1379960 2093.9
1379970 2101.5
1379980 2101.5
1379990 2104.6
