1375930 1408.0
1375940 1408.0
1375950 1407.4
1375960 1406.3
1375970 1406.3
1375980 1406.9
1375990 1408.3
1376000 1408.3
1376010 1408.9
1376020 1409.9
1376030 1409.9
1376040 1411.2
1376050 1412.2
1376060 1412.2
1376070 1413.7
1376080 1415.2
1376090 1415.2
1376100 1416.0
1376110 1416.6
1376120 1410.5
1376130 1410.5
1376140 1410.6
1376150 1410.5
1376160 1410.5
1376170 1410.2
1376180 1410.1
1376190 1410.1
1376200 1410.4
1376210 1410.3
1376220 1410.3
1376230 1408.9
1376240 1404.1
1376250 1404.1
1376260 1402.5
1376270 1406.8
1376280 1408.6
1376290 1408.6
1376300 1407.8
1376310 1406.5
1376320 1406.5
1376330 1405.1
1376340 1403.6
1376350 1403.6
1376360 1402.0
1376370 1400.3
1376380 1400.3
1376390 1398.7
1376400 1397.4
1376410 1397.4
1376420 1395.3
1376430 1394.3
1376440 1392.5
1376450 1392.5
1376460 1390.7
1376470 1387.5
1376480 1387.5
1376490 1377.9
1376500 1370.4
1376510 1370.4
1376520 1362.0
1376530 1349.1
1376540 1349.1
1376550 1336.9
1376560 1325.7
1376570 1325.7
1376580 1321.7
1376590 1322.0
1376600 1322.0
1376610 1316.8
1376620 1299.4
1376630 1269.8
1376640 1269.8
1376650 1258.5
1376660 1255.1
1376670 1255.1
1376680 1260.8
1376690 1262.4
1376700 1262.4
1376710 1259.6
1376720 1265.9
1376730 1265.9
1376740 1276.3
1376750 1287.5
1376760 1287.5
1376770 1301.3
1376780 1313.8
1376790 1323.3
1376800 1323.3
1376810 1328.5
1376820 1332.1
1376830 1332.1
1376840 1339.8
1376850 1343.9
1376860 1343.9
1376870 1343.1
1376880 1341.1
1376890 1341.1
1376900 1338.3
1376910 1333.9
1376920 1333.9
1376930 1326.8
1376940 1318.3
1376950 1310.6
1376960 1310.6
1376970 1306.5
1376980 1304.9
1376990 1304.9
1377000 1303.5
1377010 1303.5
1377020 1303.5
1377030 1304.2
1377040 1304.3
1377050 1304.3
1377060 1303.6
1377070 1302.4
1377080 1302.4
1377090 1301.0
1377100 1299.6
1377110 1299.6
1377120 1298.1
1377130 1296.7
1377140 1295.8
1377150 1295.8
1377160 1295.9
1377170 1296.0
1377180 1296.0
1377190 1296.0
1377200 1296.1
1377210 1296.1
1377220 1295.5
1377230 1294.6
1377240 1294.6
1377250 1293.8
1377260 1292.7
1377270 1292.7
1377280 1292.2
1377290 1289.3
1377300 1289.6
1377310 1289.6
1377320 1289.9
1377330 1290.4
1377340 1290.4
1377350 1291.0
1377360 1291.7
1377370 1291.7
1377380 1291.4
1377390 1291.3
1377400 1291.3
1377410 1291.4
1377420 1291.6
1377430 1291.6
1377440 1292.0
1377450 1291.2
1377460 1290.4
1377470 1290.4
1377480 1289.9
1377490 1290.7
1377500 1290.7
1377510 1290.7
1377520 1289.7
1377530 1289.7
1377540 1290.1
1377550 1290.5
1377560 1290.5
1377570 1290.4
1377580 1290.3
1377590 1290.3
1377600 1290.3
1377610 1290.6
1377620 1290.6
1377630 1291.3
1377640 1291.8
1377650 1291.2
1377660 1291.2
1377670 1290.6
1377680 1289.9
1377690 1289.9
1377700 1288.9
1377710 1287.7
1377720 1287.7
1377730 1286.5
1377740 1285.5
1377750 1285.5
1377760 1284.4
1377770 1282.9
1377780 1282.9
1377790 1280.7
1377800 1278.3
1377810 1276.0
1377820 1276.0
1377830 1273.7
1377840 1272.8
1377850 1272.8
1377860 1271.3
1377870 1269.5
1377880 1269.5
1377890 1267.0
1377900 1264.5
1377910 1264.5
1377920 1262.0
1377930 1259.3
1377940 1259.3
1377950 1257.0
1377960 1254.8
1377970 1252.3
1377980 1252.3
1377990 1249.1
1378000 1245.5
1378010 1245.5
1378020 1241.4
1378030 1235.3
1378040 1235.3
1378050 1227.9
1378060 1218.4
1378070 1218.4
1378080 1212.8
1378090 1214.1
1378100 1214.1
1378110 1215.6
1378120 1215.6
1378130 1215.6
1378140 1213.7
1378150 1210.9
1378160 1207.6
1378170 1207.6
1378180 1204.7
1378190 1203.0
1378200 1203.0
1378210 1201.4
1378220 1200.2
1378230 1200.2
1378240 1199.4
1378250 1198.4
1378260 1198.4
1378270 1197.9
1378280 1196.7
1378290 1196.7
1378300 1195.6
1378310 1194.0
1378320 1191.5
1378330 1191.5
1378340 1189.1
1378350 1187.8
1378360 1187.8
1378370 1186.1
1378380 1184.5
1378390 1184.5
1378400 1182.3
1378410 1180.2
1378420 1180.2
1378430 1176.2
1378440 1172.9
1378450 1172.9
1378460 1170.6
1378470 1165.2
1378480 1163.6
1378490 1163.6
1378500 1162.6
1378510 1162.3
1378520 1162.3
1378530 1160.8
1378540 1158.6
1378550 1158.6
1378560 1156.3
1378570 1153.8
1378580 1153.8
1378590 1152.4
1378600 1152.6
1378610 1152.6
1378620 1152.2
1378630 1152.0
1378640 1152.0
1378650 1151.5
1378660 1151.1
1378670 1151.4
1378680 1151.4
1378690 1149.9
1378700 1147.6
1378710 1147.6
1378720 1149.4
1378730 1150.9
1378740 1150.9
1378750 1151.1
1378760 1150.1
1378770 1150.1
1378780 1148.6
1378790 1149.4
1378800 1149.4
1378810 1150.6
1378820 1151.2
1378830 1151.8
1378840 1151.8
1378850 1152.4
1378860 1152.9
1378870 1152.9
1378880 1153.1
1378890 1152.6
1378900 1152.6
1378910 1150.7
1378920 1148.5
1378930 1148.5
1378940 1147.2
1378950 1146.1
1378960 1146.1
1378970 1145.4
1378980 1146.8
1378990 1148.7
1379000 1148.7
1379010 1146.8
1379020 1146.4
1379030 1146.4
1379040 1143.1
1379050 1142.0
1379060 1142.0
1379070 1142.4
1379080 1143.0
1379090 1143.0
1379100 1143.6
1379110 1144.2
1379120 1144.2
1379130 1144.9
1379140 1145.4
1379150 1145.4
1379160 1145.7
1379170 1146.8
1379180 1148.0
1379190 1148.0
1379200 1149.3
1379210 1150.3
1379220 1150.3
1379230 1150.5
1379240 1148.6
1379250 1148.6
1379260 1145.4
1379270 1142.5
1379280 1142.5
1379290 1141.9
1379300 1143.2
1379310 1143.2
1379320 1143.0
1379330 1142.8
1379340 1142.9
1379350 1142.9
1379360 1143.5
1379370 1144.2
1379380 1144.2
1379390 1144.6
1379400 1144.9
1379410 1144.9
1379420 1145.2
1379430 1145.4
1379440 1145.4
1379450 1145.2
1379460 1145.0
1379470 1145.0
1379480 1144.8
1379490 1144.8
1379500 1144.8
1379510 1144.6
1379520 1144.2
1379530 1142.8
1379540 1142.8
1379550 1135.8
1379560 1128.8
1379570 1128.8
1379580 1130.0
1379590 1138.5
1379600 1138.5
1379610 1143.8
1379620 1145.2
1379630 1145.2
1379640 1144.4
1379650 1143.2
1379660 1143.2
1379670 1138.5
1379680 1139.1
1379690 1139.3
1379700 1139.3
1379710 1138.0
1379720 1136.3
1379730 1136.3
1379740 1134.2
1379750 1132.3
1379760 1132.3
1379770 1130.9
1379780 1131.0
1379790 1131.0
1379800 1132.8
1379810 1134.5
1379820 1134.5
1379830 1136.1
1379840 1137.4
1379850 1139.2
1379860 1139.2
1379870 1140.4
1379880 1140.8
1379890 1140.8
1379900 1140.7
1379910 1140.4
1379920 1140.4
1379930 1139.7
1379940 1138.7
1379950 1138.7
1379960 1137.9
1379970 1137.3
1379980 1137.3
1379990 1136.6
