1375640 1859.6
1375650 1859.6
1375660 1857.5
1375670 1855.3
1375680 1851.2
1375690 1851.2
1375700 1848.3
1375710 1845.1
1375720 1845.1
1375730 1835.9
1375740 1834.1
1375750 1834.1
1375760 1831.9
1375770 1829.5
1375780 1829.5
1375790 1827.4
1375800 1825.0
1375810 1825.0
1375820 1820.9
1375830 1816.2
1375840 1816.2
1375850 1810.9
1375860 1805.7
1375870 1801.5
1375880 1801.5
1375890 1798.6
1375900 1796.1
1375910 1796.1
1375920 1793.2
1375930 1790.1
1375940 1790.1
1375950 1786.9
1375960 1784.4
1375970 1784.4
1375980 1781.9
1375990 1776.8
1376000 1776.8
1376010 1769.3
1376020 1763.7
1376030 1763.3
1376040 1763.3
1376050 1765.6
1376060 1763.6
1376070 1763.6
1376080 1762.8
1376090 1761.7
1376100 1761.7
1376110 1760.4
1376120 1761.4
1376130 1761.4
1376140 1763.0
1376150 1762.3
1376160 1762.3
1376170 1759.9
1376180 1757.9
1376190 1758.0
1376200 1758.0
1376210 1759.9
1376220 1762.6
1376230 1762.6
1376240 1762.6
1376250 1760.8
1376260 1760.8
1376270 1759.4
1376280 1757.9
1376290 1757.9
1376300 1756.4
1376310 1754.8
1376320 1754.8
1376330 1752.5
1376340 1750.9
1376350 1750.9
1376360 1750.6
1376370 1750.7
1376380 1750.3
1376390 1750.3
1376400 1747.7
1376410 1741.8
1376420 1741.8
1376430 1731.8
1376440 1725.8
1376450 1725.8
1376460 1728.0
1376470 1732.2
1376480 1732.2
1376490 1735.6
1376500 1737.6
1376510 1737.6
1376520 1740.8
1376530 1743.8
1376540 1745.4
1376550 1745.4
1376560 1743.8
1376570 1739.1
1376580 1739.1
1376590 1733.3
1376600 1731.9
1376610 1731.9
1376620 1732.1
1376630 1729.4
1376640 1729.4
1376650 1731.5
1376660 1735.7
1376670 1735.7
1376680 1738.5
1376690 1743.2
1376700 1743.2
1376710 1747.7
1376720 1749.1
1376730 1750.2
1376740 1750.2
1376750 1752.1
1376760 1753.3
1376770 1753.3
1376780 1753.7
1376790 1752.1
1376800 1752.1
1376810 1749.2
1376820 1747.4
1376830 1747.4
1376840 1749.1
1376850 1751.0
1376860 1751.0
1376870 1751.3
1376880 1747.9
1376890 1743.0
1376900 1743.0
1376910 1748.1
1376920 1752.5
1376930 1752.5
1376940 1755.1
1376950 1756.0
1376960 1756.0
1376970 1756.6
1376980 1756.3
1376990 1756.3
1377000 1754.9
1377010 1754.5
1377020 1754.5
1377030 1754.7
1377040 1754.1
1377050 1753.9
1377060 1753.9
1377070 1753.4
1377080 1752.1
1377090 1752.1
1377100 1751.7
1377110 1751.5
1377120 1751.5
1377130 1751.9
1377140 1752.6
1377150 1752.6
1377160 1752.3
1377170 1753.5
1377180 1753.5
1377190 1754.0
1377200 1751.3
1377210 1751.3
1377220 1747.5
1377230 1740.0
1377240 1733.4
1377250 1733.4
1377260 1727.5
1377270 1721.5
1377280 1721.5
1377290 1715.1
1377300 1710.6
1377310 1710.6
1377320 1709.3
1377330 1709.5
1377340 1709.5
1377350 1710.0
1377360 1710.8
1377370 1710.8
1377380 1711.7
1377390 1713.0
1377400 1713.9
1377410 1713.9
1377420 1712.0
1377430 1708.8
1377440 1708.8
1377450 1706.0
1377460 1702.4
1377470 1702.4
1377480 1696.4
1377490 1691.9
1377500 1691.9
1377510 1688.8
1377520 1688.0
1377530 1688.0
1377540 1688.6
1377550 1689.4
1377560 1689.3
1377570 1689.3
1377580 1688.5
1377590 1687.7
1377600 1687.7
1377610 1686.2
1377620 1685.7
1377630 1685.7
1377640 1684.4
1377650 1681.8
1377660 1681.8
1377670 1678.3
1377680 1675.5
1377690 1675.5
1377700 1672.8
1377710 1670.4
1377720 1670.4
1377730 1668.5
1377740 1666.8
1377750 1665.7
1377760 1665.7
1377770 1665.7
1377780 1666.8
1377790 1666.8
1377800 1668.0
1377810 1667.6
1377820 1667.6
1377830 1667.7
1377840 1667.7
1377850 1667.7
1377860 1667.3
1377870 1666.7
1377880 1666.7
1377890 1664.7
1377900 1661.5
1377910 1657.6
1377920 1657.6
1377930 1654.7
1377940 1652.4
1377950 1652.4
1377960 1650.0
1377970 1647.8
1377980 1647.8
1377990 1645.8
1378000 1645.4
1378010 1645.4
1378020 1645.9
1378030 1646.3
1378040 1646.3
1378050 1647.1
1378060 1647.4
1378070 1643.1
1378080 1641.9
1378090 1640.6
1378100 1639.2
1378110 1639.2
1378120 1637.8
1378130 1635.7
1378140 1635.7
1378150 1632.9
1378160 1630.6
1378170 1630.6
1378180 1629.6
1378190 1627.4
1378200 1627.4
1378210 1625.3
1378220 1624.8
1378230 1624.8
1378240 1623.2
1378250 1621.2
1378260 1619.3
1378270 1619.3
1378280 1617.5
1378290 1616.5
1378300 1616.5
1378310 1615.3
1378320 1614.6
1378330 1614.6
1378340 1614.1
1378350 1611.5
1378360 1611.5
1378370 1608.9
1378380 1604.9
1378390 1604.9
1378400 1600.5
1378410 1596.6
1378420 1593.1
1378430 1593.1
1378440 1589.3
1378450 1584.5
1378460 1584.5
1378470 1581.1
1378480 1577.0
1378490 1577.0
1378500 1572.5
1378510 1569.0
1378520 1569.0
1378530 1566.3
1378540 1563.4
1378550 1563.4
1378560 1559.7
1378570 1556.3
1378580 1556.3
1378590 1551.4
1378600 1545.6
1378610 1541.5
1378620 1541.5
1378630 1538.3
1378640 1534.8
1378650 1534.8
1378660 1530.1
1378670 1523.9
1378680 1523.9
1378690 1521.5
1378700 1521.0
1378710 1521.0
1378720 1519.8
1378730 1518.7
1378740 1518.7
1378750 1516.2
1378760 1511.5
1378770 1506.0
1378780 1506.0
1378790 1502.0
1378800 1498.8
1378810 1498.8
1378820 1495.3
1378830 1491.2
1378840 1491.2
1378850 1487.2
1378860 1482.9
1378870 1482.9
1378880 1474.8
1378890 1466.9
1378900 1466.9
1378910 1459.4
1378920 1454.5
1378930 1448.1
1378940 1448.1
1378950 1441.9
1378960 1434.4
1378970 1434.4
1378980 1427.0
1378990 1420.9
1379000 1420.9
1379010 1414.9
1379020 1406.2
1379030 1406.2
1379040 1400.2
1379050 1405.5
1379060 1405.5
1379070 1415.4
1379080 1423.7
1379090 1423.7
1379100 1431.8
1379110 1439.7
1379120 1444.8
1379130 1444.8
1379140 1451.7
1379150 1461.4
1379160 1461.4
1379170 1468.6
1379180 1478.6
1379190 1478.6
1379200 1489.1
1379210 1497.0
1379220 1497.0
1379230 1502.2
1379240 1506.2
1379250 1506.2
1379260 1505.4
1379270 1508.6
1379280 1511.1
1379290 1511.1
1379300 1513.2
1379310 1514.6
1379320 1514.6
1379330 1516.7
1379340 1518.9
1379350 1518.9
1379360 1520.9
1379370 1523.3
1379380 1523.3
1379390 1525.1
1379400 1526.8
1379410 1526.8
1379420 1528.8
1379430 1530.5
1379440 1530.5
1379450 1531.6
1379460 1532.4
1379470 1533.1
1379480 1533.1
1379490 1532.6
1379500 1532.2
1379510 1532.2
1379520 1531.8
1379530 1530.9
1379540 1530.9
1379550 1529.0
1379560 1524.5
1379570 1524.5
1379580 1516.9
1379590 1510.0
1379600 1510.0
1379610 1503.9
1379620 1499.0
1379630 1493.6
1379640 1493.6
1379650 1488.5
1379660 1483.9
1379670 1483.9
1379680 1478.7
1379690 1472.8
1379700 1472.8
1379710 1465.8
1379720 1466.8
1379730 1466.8
1379740 1480.3
1379750 1490.8
1379760 1490.8
1379770 1498.8
1379780 1504.8
1379790 1510.4
1379800 1510.4
1379810 1515.1
1379820 1519.1
1379830 1519.1
1379840 1522.0
1379850 1525.7
1379860 1525.7
1379870 1530.1
1379880 1534.5
1379890 1534.5
1379900 1537.9
1379910 1539.5
1379920 1539.5
1379930 1540.3
1379940 1539.6
1379950 1539.6
1379960 1537.6
1379970 1538.2
1379980 1540.1
1379990 1540.1
