1375590 1917.5
1375600 1917.5
1375610 1915.6
1375620 1914.4
1375630 1914.4
1375640 1912.6
1375650 1910.1
1375660 1910.1
1375670 1907.2
1375680 1904.0
1375690 1904.0
1375700 1900.7
1375710 1898.5
1375720 1893.8
1375730 1890.9
1375740 1888.3
1375750 1888.3
1375760 1885.7
1375770 1882.1
1375780 1877.4
1375790 1877.4
1375800 1872.1
1375810 1867.2
1375820 1867.2
1375830 1863.2
1375840 1859.7
1375850 1859.7
1375860 1856.2
1375870 1852.9
1375880 1852.9
1375890 1850.1
1375900 1846.4
1375910 1846.4
1375920 1842.8
1375930 1838.4
1375940 1834.7
1375950 1834.7
1375960 1830.2
1375970 1826.5
1375980 1826.5
1375990 1827.3
1376000 1826.2
1376010 1826.2
1376020 1823.8
1376030 1823.0
1376040 1823.0
1376050 1823.4
1376060 1823.8
1376070 1823.8
1376080 1824.2
1376090 1824.4
1376100 1824.4
1376110 1824.2
1376120 1824.1
1376130 1825.0
1376140 1825.0
1376150 1825.8
1376160 1824.0
1376170 1824.0
1376180 1821.7
1376190 1820.0
1376200 1820.0
1376210 1819.0
1376220 1817.8
1376230 1817.8
1376240 1816.1
1376250 1813.7
1376260 1813.7
1376270 1813.4
1376280 1815.2
1376290 1813.6
1376300 1813.6
1376310 1811.3
1376320 1809.0
1376330 1809.0
1376340 1806.0
1376350 1803.3
1376360 1803.3
1376370 1800.4
1376380 1797.0
1376390 1797.0
1376400 1793.6
1376410 1795.6
1376420 1795.6
1376430 1800.7
1376440 1801.7
1376450 1800.1
1376460 1800.1
1376470 1799.3
1376480 1799.5
1376490 1799.5
1376500 1798.7
1376510 1798.1
1376520 1798.1
1376530 1798.2
1376540 1798.7
1376550 1798.7
1376560 1799.4
1376570 1801.0
1376580 1801.0
1376590 1803.3
1376600 1804.7
1376610 1804.7
1376620 1803.8
1376630 1802.5
1376640 1800.9
1376650 1800.9
1376660 1799.0
1376670 1798.2
1376680 1798.2
1376690 1798.1
1376700 1799.3
1376710 1799.3
1376720 1799.7
1376730 1800.4
1376740 1800.4
1376750 1800.9
1376760 1800.2
1376770 1800.2
1376780 1799.7
1376790 1799.7
1376800 1801.0
1376810 1801.0
1376820 1801.8
1376830 1802.1
1376840 1802.1
1376850 1802.4
1376860 1801.9
1376870 1801.9
1376880 1800.1
1376890 1800.2
1376900 1800.2
1376910 1799.9
1376920 1800.5
1376930 1800.5
1376940 1801.4
1376950 1802.0
1376960 1802.0
1376970 1803.2
1376980 1803.2
1376990 1802.8
1377000 1802.8
1377010 1802.1
1377020 1801.7
1377030 1801.7
1377040 1801.7
1377050 1801.8
1377060 1801.8
1377070 1801.7
1377080 1800.7
1377090 1800.7
1377100 1799.6
1377110 1798.5
1377120 1798.5
1377130 1796.7
1377140 1794.0
1377150 1791.4
1377160 1791.4
1377170 1789.8
1377180 1787.5
1377190 1787.5
1377200 1784.3
1377210 1782.8
1377220 1782.8
1377230 1781.7
1377240 1778.6
1377250 1778.6
1377260 1774.1
1377270 1771.6
1377280 1771.6
1377290 1768.8
1377300 1765.4
1377310 1761.5
1377320 1761.5
1377330 1758.0
1377340 1754.4
1377350 1754.4
1377360 1751.4
1377370 1750.9
1377380 1750.9
1377390 1750.9
1377400 1749.7
1377410 1749.7
1377420 1748.8
1377430 1746.4
1377440 1746.4
1377450 1743.3
1377460 1740.1
1377470 1740.1
1377480 1737.8
1377490 1736.6
1377500 1736.1
1377510 1736.1
1377520 1736.2
1377530 1735.2
1377540 1735.2
1377550 1734.7
1377560 1734.8
1377570 1734.8
1377580 1734.6
1377590 1734.7
1377600 1734.7
1377610 1735.2
1377620 1735.3
1377630 1735.3
1377640 1735.5
1377650 1735.4
1377660 1734.6
1377670 1734.6
1377680 1733.1
1377690 1732.0
1377700 1732.0
1377710 1730.7
1377720 1727.6
1377730 1727.6
1377740 1725.5
1377750 1723.9
1377760 1723.9
1377770 1722.3
1377780 1720.2
1377790 1720.2
1377800 1718.6
1377810 1718.1
1377820 1717.9
1377830 1717.9
1377840 1717.1
1377850 1715.1
1377860 1715.1
1377870 1713.1
1377880 1711.6
1377890 1711.6
1377900 1708.1
1377910 1703.1
1377920 1703.1
1377930 1701.3
1377940 1698.7
1377950 1698.7
1377960 1696.7
1377970 1696.6
1377980 1696.6
1377990 1696.2
1378000 1695.6
1378010 1695.1
1378020 1695.1
1378030 1694.6
1378040 1694.0
1378050 1694.0
1378060 1688.9
1378070 1688.3
1378080 1688.3
1378090 1688.4
1378100 1688.0
1378110 1688.0
1378120 1688.5
1378130 1689.4
1378140 1689.4
1378150 1689.4
1378160 1687.9
1378170 1686.9
1378180 1686.9
1378190 1687.4
1378200 1688.8
1378210 1688.8
1378220 1687.8
1378230 1683.5
1378240 1683.5
1378250 1679.6
1378260 1677.3
1378270 1677.3
1378280 1675.8
1378290 1673.8
1378300 1673.8
1378310 1671.5
1378320 1669.9
1378330 1669.9
1378340 1668.1
1378350 1664.8
1378360 1661.0
1378370 1661.0
1378380 1655.6
1378390 1648.9
1378400 1648.9
1378410 1643.8
1378420 1638.3
1378430 1638.3
1378440 1633.8
1378450 1628.1
1378460 1628.1
1378470 1623.4
1378480 1621.1
1378490 1621.1
1378500 1617.9
1378510 1615.1
1378520 1612.2
1378530 1612.2
1378540 1607.9
1378550 1604.6
1378560 1604.6
1378570 1601.7
1378580 1599.0
1378590 1599.0
1378600 1595.9
1378610 1592.6
1378620 1592.6
1378630 1587.1
1378640 1581.0
1378650 1581.0
1378660 1574.4
1378670 1567.4
1378680 1560.6
1378690 1560.6
1378700 1552.9
1378710 1545.5
1378720 1545.5
1378730 1538.3
1378740 1530.6
1378750 1530.6
1378760 1523.7
1378770 1518.0
1378780 1518.0
1378790 1512.4
1378800 1505.5
1378810 1505.5
1378820 1498.4
1378830 1491.3
1378840 1491.3
1378850 1484.9
1378860 1478.2
1378870 1471.2
1378880 1471.2
1378890 1464.8
1378900 1457.1
1378910 1457.1
1378920 1448.8
1378930 1444.8
1378940 1444.8
1378950 1452.4
1378960 1462.1
1378970 1462.1
1378980 1474.8
1378990 1487.1
1379000 1487.1
1379010 1494.8
1379020 1500.8
1379030 1504.7
1379040 1504.7
1379050 1508.8
1379060 1518.1
1379070 1518.1
1379080 1527.7
1379090 1533.7
1379100 1533.7
1379110 1539.2
1379120 1545.5
1379130 1545.5
1379140 1553.3
1379150 1558.4
1379160 1558.4
1379170 1560.7
1379180 1562.6
1379190 1562.6
1379200 1563.3
1379210 1567.4
1379220 1571.8
1379230 1571.8
1379240 1575.6
1379250 1570.3
1379260 1570.3
1379270 1571.6
1379280 1573.9
1379290 1573.9
1379300 1578.9
1379310 1584.1
1379320 1584.1
1379330 1588.3
1379340 1591.7
1379350 1591.7
1379360 1594.1
1379370 1595.9
1379380 1597.1
1379390 1597.1
1379400 1597.9
1379410 1597.6
1379420 1597.6
1379430 1596.9
1379440 1596.5
1379450 1596.5
1379460 1595.5
1379470 1594.4
1379480 1594.4
1379490 1593.0
1379500 1590.3
1379510 1590.3
1379520 1585.9
1379530 1582.4
1379540 1580.4
1379550 1580.4
1379560 1578.8
1379570 1576.0
1379580 1576.0
1379590 1571.5
1379600 1565.7
1379610 1565.7
1379620 1560.4
1379630 1555.0
1379640 1555.0
1379650 1548.7
1379660 1542.3
1379670 1542.3
1379680 1534.4
1379690 1526.1
1379700 1526.1
1379710 1519.5
1379720 1521.0
1379730 1530.2
1379740 1530.2
1379750 1542.1
1379760 1551.5
1379770 1551.5
1379780 1556.8
1379790 1559.9
1379800 1559.9
1379810 1562.6
1379820 1567.1
1379830 1567.1
1379840 1572.8
1379850 1578.1
1379860 1578.1
1379870 1583.8
1379880 1588.8
1379890 1592.1
1379900 1592.1
1379910 1595.2
1379920 1598.4
1379930 1598.4
1379940 1600.8
1379950 1602.2
1379960 1602.2
1379970 1601.7
1379980 1598.5
1379990 1598.5
