1367180 2335.2
1367190 2339.6
1367200 2339.6
1367210 2344.3
1367220 2348.3
1367230 2348.3
1367240 2351.8
1367250 2355.1
1367260 2355.1
1367270 2356.8
1367280 2358.7
1367290 2358.7
1367300 2365.0
1367310 2373.4
1367320 2373.4
1367330 2380.2
1367340 2386.6
1367350 2392.9
1367360 2392.9
1367370 2399.3
1367380 2405.5
1367390 2405.5
1367400 2411.0
1367410 2416.3
1367420 2416.3
1367430 2421.3
1367440 2426.1
1367450 2426.1
1367460 2429.4
1367470 2432.6
1367480 2432.6
1367490 2436.7
1367500 2441.8
1367510 2446.8
1367520 2446.8
1367530 2451.6
1367540 2456.3
1367550 2456.3
1367560 2461.3
1367570 2466.5
1367580 2466.5
1367590 2472.6
1367600 2479.3
1367610 2479.3
1367620 2485.6
1367630 2491.7
1367640 2491.7
1367650 2497.4
1367660 2503.0
1367670 2503.0
1367680 2508.3
1367690 2514.3
1367700 2520.7
1367710 2520.7
1367720 2527.4
1367730 2533.9
1367740 2533.9
1367750 2540.5
1367760 2546.8
1367770 2546.8
1367780 2551.7
1367790 2551.6
1367800 2551.6
1367810 2546.9
1367820 2539.8
1367830 2539.8
1367840 2531.8
1367850 2524.3
1367860 2517.5
1367870 2517.5
1367880 2509.8
1367890 2501.0
1367900 2501.0
1367910 2491.2
1367920 2480.9
1367930 2480.9
1367940 2471.6
1367950 2461.5
1367960 2461.5
1367970 2451.7
1367980 2444.6
1367990 2444.6
1368000 2437.9
1368010 2432.9
1368020 2432.9
1368030 2429.7
1368040 2427.8
1368050 2426.0
1368060 2426.0
1368070 2423.3
1368080 2421.4
1368090 2421.4
1368100 2418.0
1368110 2412.5
1368120 2412.5
1368520 2340.4
1368530 2340.4
1368540 2338.2
1369000 2292.0
1369010 2292.0
1369020 2287.5
1369030 2283.2
1369040 2283.2
1369050 2279.3
1369060 2276.9
1369070 2276.9
1369080 2276.7
1369090 2276.7
1369100 2277.1
1369110 2277.1
1369120 2276.6
1369130 2274.6
1369140 2274.6
1369150 2271.8
1369160 2268.6
1369170 2268.6
1369180 2266.5
1369190 2266.4
1369200 2266.4
1369210 2260.9
1369220 2259.7
1369230 2259.7
1369240 2263.9
1369250 2266.8
1369260 2269.5
1369270 2269.5
1369280 2271.4
1369290 2272.8
1369300 2272.8
1369310 2274.6
1369320 2276.4
1369330 2276.4
1369340 2277.8
1369350 2279.4
1369360 2279.4
1369370 2281.5
1369380 2282.7
1369390 2282.7
1369400 2282.0
1369410 2280.2
1369420 2280.2
1369430 2278.1
1369440 2275.7
1369450 2272.0
1369460 2272.0
1369470 2268.1
1369480 2265.2
1369490 2265.2
1369500 2261.3
1369510 2256.4
1369520 2256.4
1369530 2252.2
1369540 2249.9
1369550 2249.9
1369560 2247.9
1369570 2246.6
1369580 2246.6
1369590 2245.3
1369600 2243.7
1369610 2243.8
1369620 2243.8
1369630 2246.1
1369640 2248.4
1369650 2248.4
1369660 2249.7
1369670 2250.0
1369680 2250.0
1369690 2249.0
1369700 2247.7
1369710 2247.7
1369720 2245.9
1369730 2244.5
1369740 2244.5
1369750 2243.7
1369760 2243.8
1369770 2243.8
1369780 2245.1
1369790 2248.1
1369800 2250.9
1369810 2250.9
1369820 2252.1
1369830 2255.5
1369840 2255.5
1369850 2259.9
1369860 2264.1
1369870 2264.1
1369880 2263.8
1369890 2262.6
1369900 2262.6
1369910 2261.0
1369920 2261.4
1369930 2261.4
1369940 2260.9
1369950 2261.6
1369960 2262.4
1369970 2262.4
1369980 2262.1
1369990 2262.5
1370000 2262.5
1370010 2263.3
1370020 2264.1
1370030 2264.1
1370040 2262.6
1370050 2261.2
1370060 2261.2
1370070 2261.3
1370080 2261.4
1370090 2261.4
1370100 2262.5
1370110 2263.8
1370120 2263.8
1370130 2263.2
1370970 2375.4
1370980 2375.4
1370990 2378.6
1371000 2380.2
1371010 2379.8
1371020 2379.8
1371030 2376.8
1371040 2374.1
1371050 2374.1
1371060 2373.3
1371070 2373.2
1371080 2373.2
1371090 2372.1
1371100 2369.8
1371110 2369.8
1371120 2366.5
1371130 2362.9
1371140 2362.9
1371150 2359.1
1371160 2356.4
1371170 2354.0
1371180 2354.0
1371190 2354.6
1371200 2357.7
1371210 2357.7
1371220 2359.3
1371230 2360.0
1371240 2360.0
1371250 2360.2
1371260 2360.9
1371270 2360.9
1371280 2361.5
1371290 2361.5
1371300 2361.5
1371310 2360.9
1371320 2360.0
1371330 2360.0
1371340 2361.0
1371350 2363.1
1371360 2365.5
1371370 2365.5
1371380 2368.6
1371390 2372.3
1371400 2372.3
1371410 2375.9
1371420 2376.3
1371430 2376.3
1371440 2377.3
1371450 2378.1
1371460 2378.1
1371470 2379.7
1371480 2381.0
1371490 2381.0
1371500 2383.2
1371510 2387.7
1371520 2392.0
1371530 2392.0
1371540 2396.0
1371550 2399.8
1371560 2399.8
1371570 2403.1
1371580 2406.1
1371590 2406.1
1371600 2409.9
1371610 2414.5
1371620 2414.5
1371630 2418.8
1371640 2421.8
1371650 2421.8
1371660 2423.4
1371670 2424.3
1371680 2424.3
1371690 2427.6
1371700 2431.8
1371710 2434.6
1371720 2434.6
1371730 2436.3
1371740 2437.7
1371750 2437.7
1371760 2439.2
1371770 2440.1
1371780 2440.1
1371790 2439.9
1371800 2440.8
1371810 2440.8
1371820 2442.3
1371830 2444.8
1371840 2444.8
1371850 2447.4
1371860 2450.9
1371870 2454.0
1371880 2454.0
1371890 2455.9
1371900 2456.4
1371910 2456.4
1371920 2456.8
1371930 2457.7
1371940 2457.7
1371950 2459.5
1371960 2461.7
1371970 2461.7
1371980 2464.5
1371990 2468.1
1372000 2468.1
1372010 2472.1
1372020 2474.6
1372030 2474.6
1372040 2474.6
1372050 2476.0
1372060 2479.9
1372070 2479.9
1372080 2485.0
1372090 2489.7
1372100 2489.7
1372110 2492.0
1372120 2497.4
1372130 2497.4
1372140 2502.5
1372150 2504.6
1372160 2504.6
1372170 2502.6
1372180 2501.2
1372190 2501.2
1372200 2500.7
1372210 2500.6
1372220 2500.9
1372230 2500.9
1372240 2500.3
1372250 2499.1
1372260 2499.1
1372270 2497.9
1372280 2497.6
1372290 2497.6
1372300 2497.4
1372310 2496.2
1372320 2496.2
1372330 2494.4
1372340 2492.7
1372350 2492.7
1372360 2491.2
1372370 2490.5
1372380 2490.5
1372390 2487.4
1372400 2484.0
1372410 2482.9
1372420 2482.9
1372430 2481.8
1372440 2480.5
1372450 2480.5
1372460 2480.0
1372470 2479.5
1372480 2479.5
1372490 2478.6
1372500 2476.8
1372510 2476.8
1372520 2475.3
1372530 2476.1
1372540 2474.6
1372550 2474.3
1372560 2473.9
1372570 2474.0
1372580 2474.0
1372590 2474.4
1372600 2474.1
1372610 2474.1
1372620 2473.4
1372630 2472.8
1372640 2472.8
1372650 2473.1
1372660 2473.1
1372670 2473.1
1372680 2472.8
1372690 2473.0
1372700 2473.0
1372710 2475.3
1372720 2476.9
1372730 2476.9
1372740 2477.7
1372750 2478.9
1372760 2476.7
1372770 2476.7
1372780 2479.8
1372790 2483.2
1372800 2483.2
1372810 2481.4
1372820 2483.8
1372830 2483.8
1372840 2485.1
1372850 2487.9
1372860 2487.9
1372870 2492.3
1372880 2496.3
1372890 2496.3
1372900 2495.7
1372910 2494.8
1372920 2494.8
1372930 2494.8
1372940 2495.1
1372950 2493.9
1372960 2493.9
1372970 2491.5
1372980 2488.4
1372990 2488.4
1373000 2486.8
1373010 2486.9
1373020 2486.9
1373030 2486.1
1373040 2485.1
1373050 2485.1
1373060 2482.3
1373070 2480.7
1373080 2480.7
1373090 2478.6
1373100 2478.7
1373110 2479.2
1373120 2479.2
1373130 2480.3
1373140 2480.2
1373150 2480.2
1373160 2480.0
1373170 2479.2
1373180 2479.2
1373190 2477.7
1373200 2476.5
1373210 2476.5
1373220 2476.2
1373230 2476.3
1373240 2476.3
1373250 2475.5
1373260 2475.7
1373270 2475.6
1373280 2475.6
1373290 2473.7
1373300 2472.6
1373310 2472.6
1373320 2473.5
1373330 2474.7
1373340 2474.7
1373350 2475.4
1373360 2476.6
1373370 2476.6
1373380 2477.9
1373390 2478.9
1373400 2478.9
1373410 2477.1
1373420 2472.6
1373430 2472.6
1373440 2465.1
1373450 2456.8
1373460 2452.2
1373470 2452.2
1373480 2449.5
1373490 2445.5
1373500 2445.5
1373510 2442.4
1373520 2439.4
1373530 2439.4
1373540 2435.7
1373550 2432.5
1373560 2432.5
1373570 2429.8
1373580 2430.1
1373590 2430.1
1373600 2428.6
1373610 2425.4
1373620 2427.7
1373630 2427.7
1373640 2429.4
1373650 2429.2
1373660 2429.2
1373670 2435.4
1373680 2436.4
1373690 2436.4
1373700 2439.0
1373710 2443.4
1373720 2443.4
1373730 2446.9
1373740 2446.8
1373750 2446.8
1373760 2443.9
1373770 2439.7
1373780 2439.7
1373790 2436.7
1373800 2437.6
1373810 2441.0
1373820 2441.0
1373830 2447.3
1373840 2451.0
1373850 2451.0
1373860 2451.5
1373870 2448.7
1373880 2448.7
1373890 2441.0
1373900 2433.2
1373910 2433.2
1373920 2425.4
1373930 2417.1
1373940 2417.1
1373950 2408.3
1373960 2399.8
1373970 2392.8
1373980 2392.8
1373990 2386.4
1374000 2381.1
1374010 2381.1
1374020 2375.9
1374030 2368.4
1374040 2368.4
1374050 2358.9
1374060 2349.8
1374070 2349.8
1374080 2343.1
1374090 2338.3
1374100 2338.3
1374110 2334.5
1374120 2330.6
1374130 2326.4
1374140 2326.4
1374150 2321.4
1374160 2315.0
1374170 2315.0
1374180 2307.6
1374190 2300.4
1374200 2300.4
1374210 2294.7
1374220 2290.8
1374230 2290.8
1374240 2288.5
1374250 2286.1
1374260 2286.1
1374270 2284.2
1374280 2283.7
1374290 2283.7
1374300 2283.7
1374310 2283.6
1374320 2284.4
1374330 2284.4
1374340 2286.6
1374350 2289.7
1374360 2289.7
1374370 2293.9
1374380 2299.3
1374390 2299.3
1374400 2305.8
1374410 2313.0
1374420 2313.0
1374430 2317.9
1374440 2322.3
1374450 2322.3
1374460 2326.8
1374470 2330.3
1374480 2331.4
1374490 2331.4
1374500 2329.0
1374510 2321.0
1374520 2321.0
1374530 2313.2
1374540 2307.4
1374550 2307.4
1374560 2302.0
1374570 2295.7
1374580 2295.7
1374590 2288.2
1374600 2280.8
1374610 2280.8
1374620 2274.2
1374630 2267.1
1374640 2267.1
1374650 2260.9
1374660 2256.2
1374670 2251.8
1374680 2251.8
1374690 2249.7
1374700 2249.1
1374710 2249.1
1374720 2249.2
1374730 2248.1
1374740 2248.1
1374750 2246.2
1374760 2244.2
1374770 2244.2
1374780 2242.6
1374790 2242.1
1374800 2242.1
1374810 2241.5
1374820 2247.1
1374830 2247.6
1374840 2247.6
1374850 2249.2
1374860 2250.4
1374870 2250.4
1374880 2251.1
1374890 2251.8
1374900 2251.8
1374910 2252.7
1374920 2254.7
1374930 2254.7
1374940 2257.3
1374950 2260.8
1374960 2260.8
1374970 2264.8
1374980 2265.5
1374990 2265.5
1375000 2263.0
1375010 2259.4
1375020 2258.2
1375030 2258.2
1375040 2258.2
1375050 2258.1
1375060 2258.1
1375070 2257.7
1375080 2258.3
1375090 2258.3
1375100 2259.5
1375110 2260.4
1375120 2260.4
1375130 2262.4
1375140 2264.7
1375150 2264.7
1375160 2266.8
1375170 2265.7
1375180 2261.6
1375190 2261.6
1375200 2255.7
1375210 2247.9
1375220 2247.9
1375230 2241.5
1375240 2236.4
1375250 2236.4
1375260 2233.4
1375270 2233.3
1375280 2233.3
1375290 2233.3
1375300 2233.3
1375310 2233.3
1375320 2234.5
1375330 2235.2
1375340 2235.2
1375350 2234.9
1375360 2233.7
1375370 2233.1
1375380 2233.1
1375390 2234.7
1375400 2236.8
1375410 2236.8
1375420 2239.4
1375430 2241.1
1375440 2241.1
1375450 2241.6
1375460 2241.6
1375470 2241.6
1375480 2242.1
1375490 2242.8
1375500 2242.8
1375510 2243.8
1375520 2246.0
1375530 2247.6
1375540 2247.6
1375550 2249.5
1375560 2251.0
1375570 2251.0
1375580 2252.7
1375590 2256.0
1375600 2256.0
1375610 2260.5
1375620 2264.9
1375630 2264.9
1375640 2269.4
1375650 2274.7
1375660 2274.7
1375670 2279.9
1375680 2284.7
1375690 2284.7
1375700 2289.4
1375710 2294.3
1375720 2300.1
1375730 2300.1
1375740 2307.6
1375750 2315.0
1375760 2315.0
1375770 2322.6
1375780 2329.4
1375790 2329.4
1375800 2336.0
1375810 2342.3
1375820 2342.3
1375830 2348.7
1375840 2354.3
1375850 2354.3
1375860 2359.4
1375870 2364.0
1375880 2367.7
1375890 2367.7
1375900 2369.6
1375910 2368.8
1375920 2368.8
1375930 2364.9
1375940 2359.3
1375950 2359.3
1375960 2355.5
1375970 2355.7
1375980 2355.7
1375990 2352.5
1376000 2349.8
1376010 2349.8
1376020 2347.8
1376030 2345.2
1376040 2345.2
1376050 2341.7
1376060 2338.2
1376070 2335.2
1376080 2335.2
1376090 2333.1
1376100 2331.3
1376110 2331.3
1376120 2329.8
1376130 2328.2
1376140 2328.2
1376150 2326.3
1376160 2325.4
1376170 2325.4
1376180 2325.0
1376190 2324.6
1376200 2324.6
1376210 2324.3
1376220 2324.9
1376230 2326.4
1376240 2326.4
1376250 2327.0
1376260 2326.3
1376270 2326.3
1376280 2325.3
1376290 2324.6
1376300 2324.6
1376310 2323.6
1376320 2322.4
1376330 2322.4
1376340 2321.0
1376350 2319.4
1376360 2319.4
1376370 2317.5
1376380 2315.6
1376390 2315.6
1376400 2313.6
1376410 2311.5
1376420 2310.4
1376430 2310.4
1376440 2310.0
1376450 2310.5
1376460 2310.5
1376470 2312.6
1376480 2315.6
1376490 2315.6
1376500 2317.3
1376510 2314.0
1376520 2314.0
1376530 2306.6
1376540 2298.1
1376550 2298.1
1376560 2291.4
1376570 2284.6
1376580 2279.1
1376590 2279.1
1376600 2274.9
1376610 2272.2
1376620 2272.2
1376630 2269.8
1376640 2266.0
1376650 2266.0
1376660 2262.1
1376670 2260.7
1376680 2260.7
1376690 2261.9
1376700 2259.7
1376710 2259.7
1376720 2251.9
1376730 2244.6
1376740 2244.6
1376750 2237.4
1376760 2230.4
1376770 2224.2
1376780 2224.2
1376790 2217.8
1376800 2212.1
1376810 2212.1
1376820 2206.7
1376830 2201.4
1376840 2201.4
1376850 2196.5
1376860 2191.7
1376870 2191.7
1376880 2186.6
1376890 2182.0
1376900 2182.0
1376910 2178.5
1376920 2175.3
1376930 2172.4
1376940 2172.4
1376950 2169.8
1376960 2167.4
1376970 2167.4
1376980 2165.4
1376990 2163.5
1377000 2163.5
1377010 2161.9
1377020 2160.6
1377030 2160.6
1377040 2159.7
1377050 2159.5
1377060 2159.5
1377070 2159.0
1377080 2158.0
1377090 2158.0
1377100 2156.7
1377110 2154.4
1377120 2153.3
1377130 2153.3
1377140 2156.4
1377150 2156.6
1377160 2156.6
1377170 2156.3
1377180 2155.8
1377190 2155.8
1377200 2155.1
1377210 2154.3
1377220 2154.3
1377230 2153.0
1377240 2151.3
1377250 2151.3
1377260 2150.8
1377270 2151.3
1377280 2151.7
1377290 2151.7
1377300 2151.8
1377310 2151.8
1377320 2151.8
1377330 2151.8
1377340 2151.1
1377350 2151.1
1377360 2149.5
1377370 2147.0
1377380 2147.0
1377390 2144.6
1377400 2142.1
1377410 2142.1
1377420 2139.5
1377430 2137.4
1377440 2135.8
1377450 2135.8
1377460 2134.1
1377470 2132.1
1377480 2132.1
1377490 2131.6
1377500 2132.8
1377510 2132.8
1377520 2132.9
1377530 2132.1
1377540 2132.1
1377550 2130.6
1377560 2129.0
1377570 2129.0
1377580 2127.9
1377590 2128.1
1377600 2128.1
1377610 2128.2
1377620 2128.6
1377630 2131.1
1377640 2131.1
1377650 2135.1
1377660 2137.4
1377670 2137.4
1377680 2138.4
1377690 2141.0
1377700 2141.0
1377710 2143.0
1377720 2145.1
1377730 2145.1
1377740 2147.5
1377750 2150.6
1377760 2150.6
1377770 2153.3
1377780 2155.3
1377790 2156.4
1377800 2156.4
1377810 2157.0
1377820 2157.9
1377830 2157.9
1377840 2159.0
1377850 2160.1
1377860 2160.1
1377870 2160.8
1377880 2161.8
1377890 2161.8
1377900 2163.7
1377910 2165.2
1377920 2165.2
1377930 2165.1
1377940 2165.3
1377950 2165.3
1377960 2165.5
1377970 2166.3
1377980 2167.2
1377990 2167.2
1378000 2168.5
1378010 2170.3
1378020 2170.3
1378030 2172.6
1378040 2175.9
1378050 2175.9
1378060 2178.8
1378070 2181.4
1378080 2181.4
1378090 2184.2
1378100 2187.0
1378110 2187.0
1378120 2189.9
1378130 2192.5
1378140 2195.1
1378150 2195.1
1378160 2197.8
1378170 2200.3
1378180 2200.3
1378190 2202.9
1378200 2205.1
1378210 2205.1
1378220 2207.6
1378230 2211.0
1378240 2211.0
1378250 2214.0
1378260 2216.1
1378270 2216.1
1378280 2219.7
1378290 2224.4
1378300 2224.4
1378310 2229.3
1378320 2233.0
1378330 2238.7
1378340 2238.7
1378350 2245.1
1378360 2251.4
1378370 2251.4
1378380 2257.9
1378390 2264.5
1378400 2264.5
1378410 2271.9
1378420 2282.6
1378430 2282.6
1378440 2293.7
1378450 2304.5
1378460 2304.5
1378470 2316.2
1378480 2329.4
1378490 2340.4
1378500 2340.4
1378510 2345.4
1378520 2348.9
1378530 2348.9
1378540 2351.6
1378550 2354.2
1378560 2354.2
1378570 2353.9
1378580 2353.8
1378590 2353.8
1378600 2353.0
1378610 2351.1
1378620 2351.1
1378630 2346.6
1378640 2343.1
1378650 2343.1
1378660 2341.4
1378670 2342.3
1378680 2338.7
1378690 2338.7
1378700 2333.3
1378710 2329.0
1378720 2329.0
1378730 2325.3
1378740 2322.2
1378750 2322.2
1378760 2317.0
1378770 2308.8
1378780 2308.8
1378790 2300.5
1378800 2292.0
1378810 2292.0
1378820 2283.4
1378830 2275.6
1378840 2265.9
1378850 2265.9
1378860 2257.1
1378870 2248.3
1378880 2248.3
1378890 2240.1
1378900 2233.0
1378910 2233.0
1378920 2226.4
1378930 2221.4
1378940 2221.4
1378950 2218.2
1378960 2213.3
1378970 2213.3
1378980 2205.6
1378990 2198.6
1379000 2198.6
1379010 2192.2
1379020 2187.1
1379030 2182.0
1379040 2182.0
1379050 2176.7
1379060 2172.7
1379070 2172.7
1379080 2170.6
1379090 2168.0
1379100 2168.0
1379110 2167.0
1379120 2166.1
1379130 2166.1
1379140 2164.6
1379150 2163.3
1379160 2163.3
1379170 2161.4
1379180 2159.1
1379190 2156.5
1379200 2156.5
1379210 2154.9
1379220 2154.1
1379230 2154.1
1379240 2152.4
1379250 2150.4
1379260 2150.4
1379270 2148.2
1379280 2145.7
1379290 2145.7
1379300 2145.0
1379310 2146.5
1379320 2146.5
1379330 2149.5
1379340 2153.5
1379350 2153.5
1379360 2158.4
1379370 2164.1
1379380 2170.6
1379390 2170.6
1379400 2176.2
1379410 2182.4
1379420 2182.4
1379430 2187.4
1379440 2194.0
1379450 2194.0
1379460 2199.6
1379470 2201.3
1379480 2201.3
1379490 2202.9
1379500 2206.2
1379510 2206.2
1379520 2217.0
1379530 2216.0
1379540 2214.0
1379550 2214.0
1379560 2210.1
1379570 2202.5
1379580 2202.5
1379590 2195.2
1379600 2193.8
1379610 2193.8
1379620 2192.2
1379630 2186.7
1379640 2186.7
1379650 2180.9
1379660 2172.3
1379670 2172.3
1379680 2170.0
1379690 2167.3
1379700 2167.3
1379710 2166.0
1379720 2165.5
1379730 2165.7
1379740 2165.7
1379750 2168.5
1379760 2170.2
1379770 2170.2
1379780 2172.0
1379790 2173.1
1379800 2173.1
1379810 2175.1
1379820 2178.9
1379830 2178.9
1379840 2180.2
1379850 2180.3
1379860 2180.3
1379870 2180.7
1379880 2179.4
1379890 2178.2
1379900 2178.2
1379910 2179.6
1379920 2178.9
1379930 2178.9
1379940 2178.2
1379950 2177.6
1379960 2177.6
1379970 2176.7
1379980 2175.2
1379990 2175.2
