1366340 2408.5
1366350 2408.5
1366360 2411.1
1366370 2414.9
1366380 2414.9
1366390 2418.1
1366400 2418.3
1366410 2418.3
1366420 2417.7
1366430 2417.3
1366440 2417.3
1366450 2418.0
1366460 2419.6
1366470 2419.6
1366480 2420.5
1366490 2421.2
1366500 2421.2
1366510 2422.2
1366520 2424.4
1366530 2428.1
1366540 2428.1
1366550 2432.3
1366560 2436.8
1366570 2436.8
1366580 2442.0
1366590 2447.3
1366600 2447.3
1366610 2452.3
1366620 2457.4
1366630 2457.4
1366640 2463.8
1366650 2471.7
1366660 2471.7
1366670 2480.1
1366680 2488.9
1366690 2497.7
1366700 2497.7
1366710 2505.6
1366720 2510.8
1366730 2510.8
1366740 2511.8
1366750 2513.0
1366760 2513.0
1366770 2516.1
1366780 2517.6
1366790 2517.6
1366800 2517.8
1366810 2517.2
1366820 2517.2
1366830 2515.9
1366840 2513.6
1366850 2513.6
1366860 2514.4
1366870 2514.8
1366880 2513.4
1366890 2513.4
1366900 2513.9
1366910 2519.0
1366920 2519.0
1366930 2520.4
1366940 2517.6
1366950 2517.6
1366960 2516.7
1366970 2519.3
1366980 2519.3
1366990 2522.2
1367000 2522.9
1367010 2522.9
1367020 2523.4
1367030 2523.6
1367040 2523.6
1367050 2524.8
1367060 2522.5
1367070 2518.1
1367080 2518.1
1367090 2513.7
1367100 2517.2
1367110 2517.2
1367120 2515.9
1367130 2517.5
1367140 2517.5
1367150 2519.8
1367160 2522.0
1367170 2522.0
1367180 2522.9
1367190 2523.7
1367200 2523.7
1367210 2525.3
1367220 2526.6
1367230 2526.3
1367240 2526.3
1367250 2524.3
1367260 2520.3
1367270 2520.3
1367280 2517.5
1367290 2515.8
1367300 2515.8
1367310 2514.4
1367320 2512.9
1367330 2512.9
1367340 2510.7
1367350 2507.1
1367360 2507.1
1367370 2503.0
1367380 2500.1
1367390 2500.1
1367400 2497.3
1367410 2494.5
1367420 2491.4
1367430 2491.4
1367440 2488.9
1367450 2487.6
1367460 2487.6
1367470 2486.9
1367480 2485.6
1367490 2485.6
1367500 2482.9
1367510 2481.4
1367520 2481.4
1367530 2481.8
1367540 2482.4
1367550 2482.4
1367560 2482.3
1367570 2482.4
1367580 2482.9
1367590 2482.9
1367600 2483.0
1367610 2482.4
1367620 2482.4
1367630 2481.4
1367640 2479.1
1367650 2479.1
1367660 2475.7
1367670 2472.0
1367680 2472.0
1367690 2469.8
1367700 2469.0
1367710 2469.0
1367720 2468.3
1367730 2467.5
1367740 2467.5
1367750 2466.5
1367760 2465.9
1367770 2465.3
1367780 2465.3
1367790 2462.7
1367800 2456.6
1367810 2456.6
1367820 2451.2
1367830 2445.3
1367840 2445.3
1367850 2438.5
1367860 2430.2
1367870 2430.2
1367880 2421.9
1367890 2416.1
1367900 2416.1
1367910 2410.4
1367920 2404.4
1367930 2399.6
1367940 2399.6
1367950 2395.0
1367960 2389.5
1367970 2389.5
1367980 2384.5
1367990 2380.3
1368000 2380.3
1368010 2375.8
1368020 2373.0
1368030 2373.0
1368040 2369.2
1368050 2364.2
1368060 2364.2
1368070 2359.5
1368080 2355.2
1368090 2355.2
1368100 2351.1
1368110 2347.5
1368120 2344.0
1368130 2344.0
1368140 2340.8
1368150 2337.1
1368160 2337.1
1368170 2333.3
1368180 2328.7
1368190 2328.7
1368200 2325.9
1368210 2322.4
1368220 2322.4
1368230 2317.4
1368240 2311.7
1368250 2311.7
1368260 2306.1
1368270 2301.0
1368280 2296.3
1368290 2296.3
1368300 2290.4
1368310 2283.4
1368320 2283.4
1368330 2277.0
1368340 2271.8
1368350 2271.8
1368360 2266.7
1368370 2260.8
1368380 2260.8
1368390 2255.1
1368400 2249.4
1368410 2249.4
1368420 2242.7
1368430 2235.6
1368440 2235.6
1368450 2231.9
1368460 2228.5
1368470 2222.7
1368480 2222.7
1368490 2216.6
1368500 2211.1
1368510 2211.1
1368520 2204.8
1368530 2197.4
1368540 2197.4
1368550 2192.3
1368560 2186.5
1368570 2186.5
1368580 2179.7
1368590 2172.6
1368600 2172.6
1368610 2167.2
1368620 2161.3
1368630 2156.2
1368640 2156.2
1368650 2153.6
1368660 2153.7
1368670 2153.7
1368680 2150.6
1368690 2146.2
1368700 2146.2
1368710 2141.3
1368720 2136.0
1368730 2136.0
1368740 2129.0
1368750 2121.1
1368760 2121.1
1368770 2116.6
1368780 2113.7
1368790 2113.7
1368800 2107.5
1368810 2099.8
1368820 2095.5
1368830 2095.5
1368840 2095.3
1368850 2094.7
1368860 2094.7
1368870 2091.7
1368880 2087.9
1368890 2087.9
1368900 2082.1
1368910 2080.9
1368920 2080.9
1368930 2081.9
1368940 2079.3
1368950 2079.3
1368960 2075.5
1368970 2071.1
1368980 2066.8
1368990 2066.8
1369000 2062.1
1369010 2057.7
1369020 2057.7
1369030 2053.1
1369040 2048.6
1369050 2048.6
1369060 2044.1
1369070 2038.8
1369080 2038.8
1369090 2032.9
1369100 2026.9
1369110 2026.9
1369120 2022.6
1369130 2017.2
1369140 2017.2
1369150 2011.9
1369160 2007.3
1369170 2004.1
1369180 2004.1
1369190 2001.1
1369200 1996.3
1369210 1996.3
1369220 1990.2
1369230 1984.1
1369240 1984.1
1369250 1977.9
1369260 1971.9
1369270 1971.5
1369280 1965.9
1369290 1960.3
1369300 1960.3
1369310 1956.1
1369320 1952.9
1369330 1952.9
1369340 1951.0
1369350 1949.7
1369360 1947.6
1369370 1947.6
1369380 1945.3
1369390 1943.0
1369400 1943.0
1369410 1940.3
1369420 1937.6
1369430 1937.6
1369440 1935.5
1369450 1932.9
1369460 1932.9
1369470 1930.0
1369480 1927.4
1369490 1927.4
1369500 1924.8
1369510 1921.9
1369520 1918.3
1369530 1918.3
1369540 1915.3
1369550 1912.8
1369560 1912.8
1369570 1910.3
1369580 1906.7
1369590 1906.7
1369600 1903.8
1369610 1904.7
1369620 1904.7
1369630 1907.5
1369640 1910.0
1369650 1910.0
1369660 1909.6
1369670 1909.1
1369680 1909.1
1369690 1909.2
1369700 1908.4
1369710 1907.1
1369720 1907.1
1369730 1906.0
1369740 1904.5
1369750 1904.5
1369760 1903.2
1369770 1902.6
1369780 1902.6
1369790 1903.6
1369800 1904.3
1369810 1904.3
1369820 1904.3
1369830 1904.5
1369840 1904.5
1369850 1905.6
1369860 1905.6
1369870 1904.5
1369880 1904.5
1369890 1903.7
1369900 1904.4
1369910 1904.4
1369920 1906.0
1369930 1907.2
1369940 1907.2
1369950 1907.7
1369960 1905.2
1369970 1905.2
1369980 1907.2
1369990 1911.0
1370000 1911.0
1370010 1910.2
1370020 1905.3
1370030 1905.3
1370040 1905.0
1370050 1910.1
1370060 1912.3
1370070 1912.3
1370080 1910.8
1370090 1906.0
1370100 1906.0
1370110 1903.7
1370120 1909.1
1370130 1909.1
1370140 1912.3
1370150 1910.7
1370160 1910.7
1370170 1907.1
1370180 1905.3
1370190 1905.3
1370200 1905.0
1370210 1900.4
1370220 1894.4
1370230 1894.4
1370240 1888.6
1370250 1885.0
1370260 1885.0
1370270 1881.8
1370280 1874.4
1370290 1874.4
1370300 1874.7
1370310 1883.3
1370320 1883.3
1370330 1890.1
1370340 1894.3
1370350 1894.3
1370360 1897.7
1370370 1908.7
1370380 1908.7
1370390 1910.8
1370400 1909.3
1370410 1910.7
1370420 1910.7
1370430 1914.3
1370440 1915.2
1370450 1915.2
1370460 1914.7
1370470 1913.0
1370480 1913.0
1370490 1910.0
1370500 1905.8
1370510 1905.8
1370520 1903.9
1370530 1906.7
1370540 1906.7
1370550 1910.5
1370560 1911.5
1370570 1911.1
1370580 1911.1
1370590 1910.2
1370600 1900.2
1370610 1900.2
1370620 1890.6
1370630 1884.5
1370640 1884.5
1370650 1878.5
1370660 1872.8
1370670 1872.8
1370680 1864.0
1370690 1855.0
1370700 1855.0
1370710 1848.2
1370720 1847.7
1370730 1847.7
1370740 1855.4
1370750 1863.7
1370760 1874.1
1370770 1874.1
1370780 1883.2
1370790 1889.7
1370800 1889.7
1370810 1895.7
1370820 1901.4
1370830 1901.4
1370840 1906.6
1370850 1909.3
1370860 1909.3
1370870 1908.8
1370880 1907.5
1370890 1907.5
1370900 1905.7
1370910 1903.6
1370920 1900.9
1370930 1900.9
1370940 1896.8
1370950 1892.0
1370960 1892.0
1370970 1889.2
1370980 1890.8
1370990 1890.8
1371000 1891.7
1371010 1890.1
1371020 1890.1
1371030 1887.2
1371040 1883.5
1371050 1883.5
1371060 1879.6
1371070 1876.0
1371080 1876.0
1371090 1871.7
1371100 1867.3
1371110 1863.6
1371120 1863.6
1371130 1860.4
1371140 1858.2
1371150 1858.2
1371160 1855.3
1371170 1853.0
1371180 1853.0
1371190 1851.9
1371200 1850.7
1371210 1850.7
1371220 1848.8
1371230 1846.3
1371240 1846.3
1371250 1844.7
1371260 1843.3
1371270 1842.2
1371280 1842.2
1371290 1841.2
1371300 1840.7
1371310 1840.7
1371320 1840.0
1371330 1839.1
1371340 1839.1
1371350 1837.8
1371360 1834.5
1371370 1834.5
1371380 1831.8
1371390 1831.5
1371400 1831.5
1371410 1829.8
1371420 1829.2
1371430 1829.2
1371440 1831.8
1371450 1835.0
1371460 1838.1
1371470 1838.1
1371480 1842.0
1371490 1847.8
1371500 1847.8
1371510 1852.9
1371520 1857.1
1371530 1857.1
1371540 1860.8
1371550 1864.4
1371560 1864.4
1371570 1868.8
1371580 1874.4
1371590 1874.4
1371600 1880.7
1371610 1885.7
1371620 1891.2
1371630 1891.2
1371640 1896.1
1371650 1898.8
1371660 1898.8
1371670 1901.3
1371680 1905.7
1371690 1905.7
1371700 1911.9
1371710 1918.4
1371720 1918.4
1371730 1923.7
1371740 1927.3
1371750 1927.3
1371760 1931.4
1371770 1936.7
1371780 1936.7
1371790 1942.6
1371800 1947.5
1371810 1951.7
1371820 1951.7
1371830 1956.0
1371840 1961.5
1371850 1961.5
1371860 1967.3
1371870 1972.6
1371880 1972.6
1371890 1977.9
1371900 1983.5
1371910 1983.5
1371920 1988.7
1371930 1994.9
1371940 1994.9
1371950 2001.2
1371960 2009.1
1371970 2009.1
1371980 2016.8
1371990 2024.1
1372000 2031.9
1372010 2031.9
1372020 2039.6
1372030 2046.9
1372040 2046.9
1372050 2054.0
1372060 2059.9
1372070 2059.9
1372080 2064.6
1372090 2069.2
1372100 2069.2
1372110 2075.0
1372120 2081.9
1372130 2081.9
1372140 2088.0
1372150 2094.1
1372160 2100.6
1372170 2100.6
1372180 2106.9
1372190 2113.4
1372200 2113.4
1372210 2121.5
1372220 2131.0
1372230 2131.0
1372240 2140.4
1372250 2149.8
1372260 2149.8
1372270 2157.9
1372280 2165.7
1372290 2165.7
1372300 2174.3
1372310 2181.7
1372320 2181.7
1372330 2187.1
1372340 2193.4
1372350 2200.0
1372360 2200.0
1372370 2206.2
1372380 2212.2
1372390 2212.2
1372400 2215.9
1372410 2216.9
1372420 2216.9
1372430 2219.5
1372440 2225.6
1372450 2225.6
1372460 2232.1
1372470 2238.4
1372480 2238.4
1372490 2244.3
1372500 2250.5
1372510 2257.7
1372520 2257.7
1372530 2265.7
1372540 2275.8
1372550 2275.8
1372560 2284.2
1372570 2290.4
1372580 2290.4
1372590 2293.0
1372600 2288.9
1372610 2288.9
1372620 2293.3
1372630 2298.2
1372640 2298.2
1372650 2302.9
1372660 2308.5
1372670 2308.5
1372680 2314.7
1372690 2320.5
1372700 2326.1
1372710 2326.1
1372720 2330.0
1372730 2329.4
1372740 2329.4
1372750 2329.0
1372760 2329.3
1372770 2329.3
1372780 2327.3
1372790 2324.1
1372800 2324.1
1372810 2321.6
1372820 2319.9
1372830 2319.9
1372840 2318.0
1372850 2316.2
1372860 2315.1
1372870 2315.1
1372880 2314.0
1372890 2312.1
1372900 2312.1
1372910 2309.8
1372920 2307.6
1372930 2307.6
1372940 2305.8
1372950 2304.7
1372960 2304.7
1372970 2303.5
1372980 2301.9
1372990 2301.9
1373000 2299.7
1373010 2297.0
1373020 2297.0
1373030 2294.7
1373040 2292.4
1373050 2290.4
1373060 2290.4
1373070 2288.9
1373080 2288.2
1373090 2288.2
1373100 2288.6
1373110 2288.8
1373120 2288.8
1373130 2288.0
1373140 2285.9
1373150 2285.9
1373160 2281.4
1373170 2275.4
1373180 2275.4
1373190 2269.5
1373200 2265.5
1373210 2261.6
1373220 2261.6
1373230 2257.5
1373240 2253.6
1373250 2253.6
1373260 2249.8
1373270 2246.3
1373280 2246.3
1373290 2243.6
1373300 2240.4
1373310 2240.4
1373320 2236.7
1373330 2232.9
1373340 2232.9
1373350 2229.5
1373360 2226.0
1373370 2226.0
1373380 2222.6
1373390 2219.3
1373400 2215.6
1373410 2215.6
1373420 2212.3
1373430 2209.0
1373440 2209.0
1373450 2205.8
1373460 2202.7
1373470 2202.7
1373480 2198.8
1373490 2195.1
1373500 2195.1
1373510 2191.8
1373520 2188.4
1373530 2188.4
1373540 2184.9
1373550 2181.8
1373560 2178.4
1373570 2178.4
1373580 2174.5
1373590 2169.9
1373600 2169.9
1373610 2166.7
1373620 2162.9
1373630 2162.9
1373640 2157.2
1373650 2151.2
1373660 2151.2
1373670 2146.0
1373680 2142.1
1373690 2142.1
1373700 2138.6
1373710 2135.3
1373720 2135.3
1373730 2137.9
1373740 2134.0
1373750 2128.5
1373760 2128.5
1373770 2122.4
1373780 2118.5
1373790 2118.5
1373800 2113.6
1373810 2107.1
1373820 2107.1
1373830 2101.8
1373840 2098.1
1373850 2098.1
1373860 2095.3
1373870 2092.5
1373880 2092.5
1373890 2089.6
1373900 2088.4
1373910 2087.9
1373920 2087.9
1373930 2087.3
1373940 2086.7
1373950 2086.7
1373960 2086.3
1373970 2084.9
1373980 2084.9
1373990 2082.8
1374000 2080.0
1374010 2080.0
1374020 2074.8
1374030 2068.4
1374040 2068.4
1374050 2064.5
1374060 2064.8
1374070 2064.8
1374080 2065.8
1374090 2064.9
1374100 2062.1
1374110 2062.1
1374120 2058.9
1374130 2056.2
1374140 2056.2
1374150 2054.0
1374160 2052.3
1374170 2052.3
1374180 2051.0
1374190 2050.9
1374200 2050.9
1374210 2051.2
1374220 2051.1
1374230 2051.1
1374240 2049.6
1374250 2047.2
1374260 2046.2
1374270 2046.2
1374280 2045.9
1374290 2046.3
1374300 2046.3
1374310 2046.2
1374320 2046.2
1374330 2046.2
1374340 2047.1
1374350 2050.4
1374360 2050.4
1374370 2055.6
1374380 2057.8
1374390 2057.8
1374400 2059.0
1374410 2060.6
1374420 2060.6
1374430 2061.6
1374440 2061.7
1374450 2062.7
1374460 2062.7
1374470 2065.4
1374480 2067.0
1374490 2067.0
1374500 2070.5
1374510 2072.8
1374520 2072.8
1374530 2074.3
1374540 2074.9
1374550 2074.9
1374560 2074.5
1374570 2074.6
1374580 2074.6
1374590 2076.4
1374600 2078.4
1374610 2080.6
1374620 2080.6
1374630 2084.2
1374640 2089.5
1374650 2089.5
1374660 2095.6
1374670 2102.1
1374680 2102.1
1374690 2108.4
1374700 2113.6
1374710 2113.6
1374720 2117.8
1374730 2121.3
1374740 2121.3
1374750 2124.3
1374760 2126.1
1374770 2126.1
1374780 2129.0
1374790 2131.6
1374800 2135.6
1374810 2135.6
1374820 2141.2
1374830 2146.9
1374840 2146.9
1374850 2151.9
1374860 2155.7
1374870 2155.7
1374880 2160.9
1374890 2163.4
1374900 2163.4
1374910 2163.9
1374920 2162.4
1374930 2162.4
1374940 2160.1
1374950 2157.8
1374960 2157.8
1374970 2154.4
1374980 2150.4
1374990 2146.3
1375000 2146.3
1375010 2142.1
1375020 2138.7
1375030 2138.7
1375040 2136.6
1375050 2135.1
1375060 2135.1
1375070 2133.9
1375080 2132.0
1375090 2132.0
1375100 2129.8
1375110 2128.5
1375120 2128.5
1375130 2127.0
1375140 2125.4
1375150 2122.8
1375160 2122.8
1375170 2120.4
1375180 2118.4
1375190 2118.4
1375200 2116.1
1375210 2114.9
1375220 2114.9
1375230 2113.7
1375240 2112.6
1375250 2112.6
1375260 2110.4
1375270 2106.9
1375280 2106.9
1375290 2102.2
1375300 2096.6
1375310 2096.6
1375320 2091.1
1375330 2085.9
1375340 2079.6
1375350 2079.6
1375360 2072.6
1375370 2065.2
1375380 2065.2
1375390 2058.0
1375400 2050.9
1375410 2050.9
1375420 2043.5
1375430 2036.1
1375440 2036.1
1375450 2028.7
1375460 2021.3
1375470 2021.3
1375480 2014.3
1375490 2007.3
1375500 2000.6
1375510 2000.6
1375520 1994.3
1375530 1989.0
1375540 1989.0
1375550 1983.7
1375560 1976.5
1375570 1976.5
1375580 1967.0
1375590 1957.4
1375600 1957.4
1375610 1948.1
1375620 1939.2
1375630 1939.2
1375640 1930.6
1375650 1923.3
1375660 1923.3
1375670 1916.9
1375680 1911.4
1375690 1906.4
1375700 1906.4
1375710 1901.8
1375720 1897.5
1375730 1897.5
1375740 1892.9
1375750 1888.2
1375760 1888.2
1375770 1883.3
1375780 1878.3
1375790 1878.3
1375800 1873.6
1375810 1868.9
1375820 1868.9
1375830 1864.5
1375840 1860.1
1375850 1854.9
1375860 1854.9
1375870 1849.7
1375880 1844.4
1375890 1844.4
1375900 1838.8
1375910 1833.3
1375920 1833.3
1375930 1828.5
1375940 1824.6
1375950 1824.6
1375960 1820.5
1375970 1815.9
1375980 1815.9
1375990 1811.3
1376000 1806.6
1376010 1806.6
1376020 1801.9
1376030 1792.2
1376040 1787.7
1376050 1787.7
1376060 1782.9
1376070 1778.3
1376080 1778.3
1376090 1774.6
1376100 1771.5
1376110 1771.5
1376120 1768.0
1376130 1764.7
1376140 1764.7
1376150 1760.9
1376160 1755.7
1376170 1755.7
1376180 1750.3
1376190 1746.1
1376200 1742.9
1376210 1742.9
1376220 1739.8
1376230 1736.1
1376240 1736.1
1376250 1732.4
1376260 1728.5
1376270 1728.5
1376280 1724.5
1376290 1720.7
1376300 1720.7
1376310 1716.8
1376320 1712.0
1376330 1712.0
1376340 1705.1
1376350 1698.9
1376360 1698.9
1376370 1692.9
1376380 1689.5
1376390 1687.7
1376400 1687.7
1376410 1685.7
1376420 1685.1
1376430 1685.1
1376440 1679.9
1376450 1675.4
1376460 1675.4
1376470 1671.2
1376480 1668.1
1376490 1668.1
1376500 1664.9
1376510 1661.5
1376520 1661.5
1376530 1658.8
1376540 1655.4
1376550 1651.7
1376560 1651.7
1376570 1646.8
1376580 1642.9
1376590 1642.9
1376600 1639.1
1376610 1635.8
1376620 1635.8
1376630 1632.5
1376640 1628.7
1376650 1628.7
1376660 1625.4
1376670 1622.5
1376680 1622.5
1376690 1619.7
1376700 1617.2
1376710 1617.2
1376720 1614.8
1376730 1612.3
1376740 1610.2
1376750 1610.2
1376760 1608.1
1376770 1606.2
1376780 1606.2
1376790 1604.1
1376800 1602.5
1376810 1602.5
1376820 1601.0
1376830 1599.9
1376840 1599.9
1376850 1599.4
1376860 1600.1
1376870 1600.1
1376880 1601.3
1376890 1602.4
1376900 1604.4
1376910 1604.4
1376920 1606.7
1376930 1609.7
1376940 1609.7
1376950 1612.6
1376960 1612.2
1376970 1612.2
1376980 1610.9
1376990 1609.7
1377000 1609.7
1377010 1608.3
1377020 1607.0
1377030 1607.0
1377040 1606.1
1377050 1606.2
1377060 1606.2
1377070 1606.1
1377080 1607.0
1377090 1607.4
1377100 1607.4
1377110 1607.3
1377120 1607.7
1377130 1607.7
1377140 1607.6
1377150 1605.9
1377160 1605.9
1377170 1602.7
1377180 1596.7
1377190 1596.7
1377200 1591.3
1377210 1587.4
1377220 1587.4
1377230 1585.7
1377240 1581.7
1377250 1583.7
1377260 1583.7
1377270 1586.1
1377280 1589.6
1377290 1589.6
1377300 1594.1
1377310 1599.3
1377320 1599.3
1377330 1603.8
1377340 1608.7
1377350 1608.7
1377360 1614.0
1377370 1618.7
1377380 1618.7
1377390 1624.8
1377400 1630.5
1377410 1630.5
1377420 1636.1
1377430 1641.8
1377440 1647.4
1377450 1647.4
1377460 1652.4
1377470 1656.7
1377480 1656.7
1377490 1660.7
1377500 1666.3
1377510 1666.3
1377520 1672.4
1377530 1677.6
1377540 1677.6
1377550 1682.3
1377560 1687.8
1377570 1687.8
1377580 1694.3
1377590 1699.6
1377600 1704.2
1377610 1704.2
1377620 1710.0
1377630 1715.7
1377640 1715.7
1377650 1720.4
1377660 1726.3
1377670 1726.3
1377680 1732.6
1377690 1738.7
1377700 1738.7
1377710 1744.1
1377720 1750.0
1377730 1750.0
1377740 1756.4
1377750 1763.6
1377760 1763.6
1377770 1769.3
1377780 1773.5
1377790 1776.4
1377800 1776.4
1377810 1776.8
1377820 1776.1
1377830 1776.1
1377840 1775.4
1377850 1775.4
1377860 1775.4
1377870 1775.8
1377880 1778.9
1377890 1778.9
1377900 1786.3
1377910 1794.7
1377920 1794.7
1377930 1802.4
1377940 1808.6
1377950 1808.6
1377960 1814.3
1377970 1820.4
1377980 1825.6
1377990 1825.6
1378000 1832.4
1378010 1839.3
1378020 1839.3
1378030 1845.6
1378040 1851.0
1378050 1851.0
1378060 1855.9
1378070 1860.4
1378080 1860.4
1378090 1864.4
1378100 1868.4
1378110 1868.4
1378120 1871.7
1378130 1874.0
1378140 1875.9
1378150 1875.9
1378160 1877.8
1378170 1879.9
1378180 1879.9
1378190 1881.5
1378200 1882.6
1378210 1882.6
1378220 1882.8
1378230 1882.8
1378240 1882.8
1378250 1879.5
1378260 1873.4
1378270 1873.4
1378280 1870.5
1378290 1866.4
1378300 1866.4
1378310 1862.0
1378320 1860.8
1378330 1860.6
1378340 1860.6
1378350 1860.1
1378360 1859.9
1378370 1859.9
1378380 1865.9
1378390 1865.0
1378400 1865.0
1378410 1863.6
1378420 1862.1
1378430 1862.1
1378440 1863.2
1378450 1862.6
1378460 1862.6
1378470 1859.5
1378480 1858.3
1378490 1855.5
1378500 1855.5
1378510 1851.2
1378520 1846.2
1378530 1846.2
1378540 1843.9
1378550 1843.4
1378560 1843.4
1378570 1843.8
1378580 1843.9
1378590 1843.9
1378600 1845.3
1378610 1846.0
1378620 1846.0
1378630 1846.4
1378640 1846.8
1378650 1846.8
1378660 1847.0
1378670 1846.5
1378680 1844.7
1378690 1844.7
1378700 1841.4
1378710 1838.9
1378720 1838.9
1378730 1837.4
1378740 1835.6
1378750 1835.6
1378760 1833.1
1378770 1830.7
1378780 1830.7
1378790 1827.1
1378800 1824.4
1378810 1824.4
1378820 1824.2
1378830 1823.9
1378840 1822.7
1378850 1822.7
1378860 1821.7
1378870 1821.2
1378880 1821.2
1378890 1820.5
1378900 1819.3
1378910 1819.3
1378920 1817.3
1378930 1814.8
1378940 1814.8
1378950 1812.5
1378960 1812.0
1378970 1812.0
1378980 1811.7
1378990 1810.0
1379000 1810.0
1379010 1808.0
1379020 1806.2
1379030 1805.1
1379040 1805.1
1379050 1804.1
1379060 1803.3
1379070 1803.3
1379080 1802.1
1379090 1800.4
1379100 1800.4
1379110 1797.9
1379120 1794.8
1379130 1794.8
1379140 1790.1
1379150 1786.4
1379160 1786.4
1379170 1784.0
1379180 1779.8
1379190 1775.5
1379200 1775.5
1379210 1773.3
1379220 1771.1
1379230 1771.1
1379240 1769.8
1379250 1769.6
1379260 1769.6
1379270 1767.8
1379280 1765.5
1379290 1765.5
1379300 1763.0
1379310 1759.5
1379320 1759.5
1379330 1754.8
1379340 1752.4
1379350 1752.4
1379360 1751.2
1379370 1749.7
1379380 1747.7
1379390 1747.7
1379400 1747.1
1379410 1749.0
1379420 1749.0
1379430 1750.1
1379440 1750.0
1379450 1750.0
1379460 1748.5
1379470 1746.5
1379480 1746.5
1379490 1744.2
1379500 1741.7
1379510 1741.7
1379520 1739.3
1379530 1737.5
1379540 1737.3
1379550 1737.3
1379560 1736.7
1379570 1735.1
1379580 1746.6
1379590 1742.4
1379600 1739.5
1379610 1739.5
1379620 1736.0
1379630 1731.6
1379640 1731.6
1379650 1729.8
1379660 1730.8
1379670 1730.8
1379680 1730.8
1379690 1729.6
1379700 1729.6
1379710 1727.1
1379720 1724.0
1379730 1721.0
1379740 1721.0
1379750 1718.4
1379760 1714.8
1379770 1714.8
1379780 1709.2
1379790 1707.2
1379800 1707.2
1379810 1706.1
1379820 1705.5
1379830 1705.5
1379840 1704.7
1379850 1705.0
1379860 1705.0
1379870 1705.9
1379880 1703.7
1379890 1700.1
1379900 1700.1
1379910 1694.4
1379920 1688.9
1379930 1688.9
1379940 1683.5
1379950 1677.7
1379960 1677.7
1379970 1672.1
1379980 1667.2
1379990 1667.2
