1367070 2331.8
1367080 2339.3
1367090 2339.3
1367100 2343.8
1367110 2344.6
1367120 2344.6
1367130 2342.2
1367140 2341.6
1367150 2341.6
1367160 2343.5
1367170 2346.5
1367180 2346.5
1367190 2350.2
1367200 2354.1
1367210 2357.5
1367220 2357.5
1367230 2360.7
1367240 2360.8
1367250 2360.8
1367260 2358.1
1367270 2356.2
1367280 2356.2
1367290 2356.0
1367300 2355.4
1367310 2355.4
1367320 2354.3
1367330 2354.7
1367340 2354.7
1367350 2355.8
1367360 2358.5
1367370 2358.5
1367380 2360.7
1367390 2360.4
1367400 2363.2
1367410 2363.2
1367420 2367.2
1367430 2371.8
1367440 2371.8
1367450 2375.2
1367460 2382.7
1367470 2382.7
1367480 2387.1
1367490 2388.8
1367500 2388.8
1367510 2388.6
1367520 2384.2
1367530 2384.2
1367540 2379.1
1367550 2375.7
1367560 2375.7
1367570 2374.0
1367580 2376.0
1367590 2377.3
1367600 2377.3
1367610 2376.5
1367620 2374.8
1367630 2374.8
1367640 2375.8
1367650 2377.5
1367660 2377.5
1367670 2380.0
1367680 2383.7
1367690 2383.7
1367700 2388.0
1367710 2392.7
1367720 2387.7
1367730 2392.1
1367740 2397.6
1367750 2402.9
1367760 2402.9
1367770 2408.2
1367780 2414.3
1367790 2414.3
1367800 2420.3
1367810 2426.2
1367820 2426.2
1367830 2434.1
1367840 2443.0
1367850 2443.0
1367860 2448.6
1367870 2456.0
1367880 2456.0
1367890 2466.2
1367900 2480.4
1367910 2480.4
1367920 2493.2
1367930 2496.7
1367940 2495.6
1367950 2495.6
1367960 2489.9
1367970 2482.9
1367980 2482.9
1367990 2471.3
1368000 2458.8
1368010 2458.8
1368020 2452.8
1368030 2442.5
1368040 2442.5
1368050 2431.3
1368060 2425.0
1368070 2425.0
1368080 2416.7
1368090 2405.6
1368100 2394.8
1368110 2394.8
1368120 2384.9
1368130 2377.9
1368140 2377.9
1368150 2373.5
1368160 2368.0
1368170 2368.0
1368180 2361.5
1368190 2355.8
1368200 2355.8
1368210 2350.3
1368220 2344.7
1368230 2344.7
1368240 2338.6
1368250 2332.5
1368260 2332.5
1368270 2326.8
1368280 2321.2
1368290 2315.8
1368300 2315.8
1368310 2311.0
1368320 2306.3
1368330 2306.3
1368340 2301.4
1368350 2296.5
1368360 2296.5
1368370 2292.1
1368380 2287.8
1368390 2287.8
1368400 2283.7
1368410 2278.2
1368420 2278.2
1368430 2271.0
1368440 2264.1
1368450 2264.1
1368460 2258.7
1368470 2254.5
1368480 2250.7
1368490 2250.7
1368500 2247.0
1368510 2243.8
1368520 2243.8
1368530 2240.1
1368540 2236.0
1368550 2236.0
1368560 2231.4
1368570 2226.2
1368580 2226.2
1368590 2221.0
1368600 2215.7
1368610 2215.7
1368620 2210.9
1368630 2205.8
1368640 2200.1
1368650 2200.1
1368660 2194.4
1368670 2188.4
1368680 2188.4
1368690 2182.7
1368700 2177.7
1368710 2177.7
1368720 2171.7
1368730 2164.7
1368740 2164.7
1368750 2157.7
1368760 2150.9
1368770 2150.9
1368780 2145.3
1368790 2140.6
1368800 2142.6
1368810 2138.4
1368820 2135.2
1368830 2131.9
1368840 2131.9
1368850 2128.5
1368860 2125.3
1368870 2125.3
1368880 2122.5
1368890 2119.8
1368900 2119.8
1368910 2116.1
1368920 2110.7
1368930 2110.7
1368940 2105.7
1368950 2101.3
1368960 2101.3
1368970 2095.8
1368980 2089.3
1368990 2083.3
1369000 2083.3
1369010 2078.3
1369020 2075.0
1369030 2075.0
1369040 2076.4
1369050 2075.8
1369060 2075.8
1369070 2074.0
1369080 2070.7
1369090 2070.7
1369100 2065.1
1369110 2056.8
1369120 2056.8
1369130 2047.2
1369140 2043.2
1369150 2043.2
1369160 2040.6
1369170 2033.6
1369180 2025.0
1369190 2025.0
1369200 2019.2
1369210 2014.4
1369220 2014.4
1369230 2009.8
1369240 2004.5
1369250 2004.5
1369260 1998.4
1369270 1987.8
1369280 1987.8
1369290 1977.5
1369300 1977.5
1369310 1977.5
1369320 1979.3
1369330 1976.6
1369340 1976.6
1369350 1971.1
1369360 1966.6
1369370 1960.6
1369380 1960.6
1369390 1955.6
1369400 1950.2
1369410 1950.2
1369420 1945.2
1369430 1940.2
1369440 1940.2
1369450 1933.3
1369460 1925.5
1369470 1925.5
1369480 1920.7
1369490 1917.1
1369500 1917.1
1369510 1913.7
1369520 1911.5
1369530 1909.7
1369540 1909.7
1369550 1909.1
1369560 1909.6
1369570 1909.6
1369580 1909.4
1369590 1907.0
1369600 1907.0
1369610 1904.6
1369620 1902.0
1369630 1902.0
1369640 1899.9
1369650 1897.6
1369660 1897.6
1369670 1895.0
1369680 1892.6
1369690 1892.6
1369700 1890.6
1369710 1888.7
1369720 1886.8
1369730 1886.8
1369740 1884.6
1369750 1882.1
1369760 1882.1
1369770 1880.4
1369780 1878.8
1369790 1878.8
1369800 1876.8
1369810 1873.5
1369820 1873.5
1369830 1870.6
1369840 1868.8
1369850 1868.8
1369860 1866.0
1369870 1862.7
1369880 1860.0
1369890 1860.0
1369900 1858.9
1369910 1856.7
1369920 1856.7
1369930 1854.0
1369940 1850.9
1369950 1850.9
1369960 1848.5
1369970 1846.4
1369980 1846.4
1369990 1844.0
1370000 1841.4
1370010 1841.4
1370020 1838.3
1370030 1835.4
1370040 1835.4
1370050 1833.3
1370060 1832.2
1370070 1831.7
1370080 1831.7
1370090 1831.1
1370100 1830.0
1370110 1830.0
1370120 1828.9
1370130 1828.1
1370140 1828.1
1370150 1827.0
1370160 1825.4
1370170 1825.4
1370180 1822.7
1370190 1819.7
1370200 1819.7
1370210 1816.6
1370220 1814.2
1370230 1814.2
1370240 1812.8
1370250 1810.9
1370260 1807.8
1370270 1807.8
1370280 1802.9
1370290 1795.4
1370300 1795.4
1370310 1788.0
1370320 1784.2
1370330 1784.2
1370340 1783.7
1370350 1784.4
1370360 1784.4
1370370 1783.4
1370380 1781.5
1370390 1781.5
1370400 1779.5
1370410 1778.8
1370420 1778.9
1370430 1778.9
1370440 1780.2
1370450 1780.4
1370460 1780.4
1370470 1777.8
1370480 1777.6
1370490 1777.6
1370500 1781.2
1370510 1786.3
1370520 1786.3
1370530 1791.3
1370540 1792.8
1370550 1792.8
1370560 1794.6
1370570 1796.7
1370580 1796.7
1370590 1794.4
1370600 1798.3
1370610 1801.8
1370620 1801.8
1370630 1802.6
1370640 1805.3
1370650 1805.3
1370660 1807.9
1370670 1810.4
1370680 1810.4
1370690 1813.2
1370700 1816.3
1370710 1816.3
1370720 1819.9
1370730 1822.7
1370740 1822.7
1370750 1826.8
1370760 1831.0
1370770 1834.7
1370780 1834.7
1370790 1838.5
1370800 1842.7
1370810 1842.7
1370820 1847.0
1370830 1851.0
1370840 1851.0
1370850 1855.3
1370860 1858.0
1370870 1858.0
1370880 1856.8
1370890 1858.1
1370900 1858.1
1370910 1862.4
1370920 1864.1
1370930 1864.1
1370940 1868.8
1370950 1873.6
1370960 1877.2
1370970 1877.2
1370980 1880.6
1370990 1884.0
1371000 1878.2
1371010 1880.2
1371020 1881.5
1371030 1881.5
1371040 1882.4
1371050 1883.3
1371060 1883.3
1371070 1883.9
1371080 1884.2
1371090 1884.2
1371100 1884.4
1371110 1884.0
1371120 1884.0
1371130 1880.9
1371140 1874.9
1371150 1868.0
1371160 1868.0
1371170 1861.6
1371180 1855.1
1371190 1855.1
1371200 1848.2
1371210 1841.0
1371220 1841.0
1371230 1832.0
1371240 1823.0
1371250 1823.0
1371260 1815.7
1371270 1808.9
1371280 1808.9
1371290 1802.0
1371300 1793.0
1371310 1784.4
1371320 1784.4
1371330 1774.7
1371340 1766.6
1371350 1766.6
1371360 1761.0
1371370 1756.3
1371380 1756.3
1371390 1751.9
1371400 1748.0
1371410 1748.0
1371420 1744.6
1371430 1740.9
1371440 1740.9
1371450 1737.7
1371460 1734.4
1371470 1734.4
1371480 1731.7
1371490 1730.1
1371500 1728.5
1371510 1728.5
1371520 1726.5
1371530 1727.7
1371540 1727.7
1371550 1733.3
1371560 1738.3
1371570 1738.3
1371580 1739.8
1371590 1738.0
1371600 1738.0
1371610 1735.4
1371620 1732.5
1371630 1732.5
1371640 1730.0
1371650 1729.1
1371660 1727.9
1371670 1727.9
1371680 1726.1
1371690 1722.9
1371700 1722.9
1371710 1721.3
1371720 1718.6
1371730 1718.6
1371740 1714.4
1371750 1711.0
1371760 1711.0
1371770 1706.9
1371780 1701.7
1371790 1701.7
1371800 1696.1
1371810 1688.3
1371820 1688.3
1371830 1676.0
1371840 1659.8
1371850 1651.7
1371860 1651.7
1371870 1655.3
1371880 1660.4
1371890 1660.4
1371900 1663.0
1371910 1660.0
1371920 1660.0
1371930 1656.7
1371940 1654.5
1371950 1654.5
1371960 1653.8
1371970 1653.0
1371980 1653.0
1371990 1651.1
1372000 1648.5
1372010 1648.5
1372020 1645.0
1372030 1640.7
1372040 1636.0
1372050 1636.0
1372060 1630.9
1372070 1626.9
1372080 1626.9
1372090 1623.1
1372100 1618.8
1372110 1618.8
1372120 1609.9
1372130 1606.5
1372140 1606.5
1372150 1602.7
1372160 1598.7
1372170 1598.7
1372180 1595.3
1372190 1592.9
1372200 1590.7
1372210 1590.7
1372220 1587.0
1372230 1582.0
1372240 1582.0
1372250 1577.7
1372260 1574.5
1372270 1574.5
1372280 1571.8
1372290 1569.5
1372300 1569.5
1372310 1567.3
1372320 1564.8
1372330 1564.8
1372340 1562.2
1372350 1559.2
1372360 1559.2
1372370 1555.8
1372380 1553.0
1372390 1550.8
1372400 1550.8
1372410 1548.5
1372420 1546.9
1372430 1546.9
1372440 1545.7
1372450 1543.3
1372460 1543.3
1372470 1540.6
1372480 1539.2
1372490 1539.2
1372500 1538.5
1372510 1538.1
1372520 1538.1
1372530 1538.1
1372540 1538.4
1372550 1539.6
1372560 1539.6
1372570 1541.6
1372580 1542.9
1372590 1542.9
1372600 1543.5
1372610 1543.2
1372620 1543.2
1372630 1538.0
1372640 1529.9
1372650 1529.9
1372660 1527.4
1372670 1527.6
1372680 1527.6
1372690 1526.6
1372700 1524.6
1372710 1524.6
1372720 1523.7
1372730 1528.2
1372740 1534.8
1372750 1534.8
1372760 1540.1
1372770 1547.5
1372780 1547.5
1372790 1555.6
1372800 1562.3
1372810 1562.3
1372820 1569.0
1372830 1573.1
1372840 1573.1
1372850 1575.4
1372860 1575.3
1372870 1575.3
1372880 1574.1
1372890 1576.3
1372900 1576.3
1372910 1580.2
1372920 1581.8
1372930 1580.0
1372940 1580.0
1372950 1584.5
1372960 1591.8
1372970 1591.8
1372980 1598.5
1372990 1605.9
1373000 1605.9
1373010 1613.7
1373020 1619.2
1373030 1619.2
1373040 1624.6
1373050 1630.1
1373060 1630.1
1373070 1636.0
1373080 1641.7
1373090 1647.0
1373100 1647.0
1373110 1652.4
1373120 1657.4
1373130 1657.4
1373140 1661.6
1373150 1665.7
1373160 1665.7
1373170 1669.8
1373180 1674.3
1373190 1674.3
1373200 1678.5
1373210 1683.3
1373220 1683.3
1373230 1688.4
1373240 1693.9
1373250 1698.7
1373260 1704.4
1373270 1710.2
1373280 1716.1
1373290 1716.1
1373300 1722.2
1373310 1728.3
1373320 1728.3
1373330 1734.3
1373340 1740.4
1373350 1740.4
1373360 1745.9
1373370 1750.9
1373380 1750.9
1373390 1755.3
1373400 1758.6
1373410 1758.6
1373420 1761.6
1373430 1764.2
1373440 1766.2
1373450 1766.2
1373460 1766.8
1373470 1766.8
1373480 1766.8
1373490 1767.0
1373500 1766.2
1373510 1766.2
1373520 1764.4
1373530 1762.1
1373540 1762.1
1373550 1760.1
1373560 1758.4
1373570 1758.4
1373580 1756.2
1373590 1754.6
1373600 1754.6
1373610 1752.9
1373620 1749.4
1373630 1744.9
1373640 1744.9
1373650 1740.6
1373660 1737.0
1373670 1737.0
1373680 1734.6
1373690 1732.0
1373700 1732.0
1373710 1727.8
1373720 1722.9
1373730 1722.9
1373740 1718.4
1373750 1713.8
1373760 1713.8
1373770 1709.6
1373780 1706.7
1373790 1703.0
1373800 1703.0
1373810 1699.0
1373820 1696.1
1373830 1696.1
1373840 1693.2
1373850 1692.0
1373860 1692.0
1373870 1688.0
1373880 1683.5
1373890 1683.5
1373900 1677.8
1373910 1673.7
1373920 1673.7
1373930 1668.7
1373940 1663.4
1373950 1663.4
1373960 1655.8
1373970 1646.3
1373980 1638.4
1373990 1638.4
1374000 1632.5
1374010 1628.0
1374020 1628.0
1374030 1627.5
1374040 1625.3
1374050 1625.3
1374060 1620.4
1374070 1614.8
1374080 1614.8
1374090 1610.3
1374100 1604.8
1374110 1604.8
1374120 1598.4
1374130 1590.5
1374140 1590.5
1374150 1582.2
1374160 1574.7
1374170 1568.8
1374180 1568.8
1374190 1563.8
1374200 1561.2
1374210 1561.2
1374220 1565.4
1374230 1568.8
1374240 1568.8
1374250 1566.9
1374260 1562.3
1374270 1562.3
1374280 1556.3
1374290 1548.6
1374300 1548.6
1374310 1540.1
1374320 1533.9
1374330 1537.1
1374340 1537.1
1374350 1542.1
1374360 1542.1
1374370 1542.1
1374380 1540.2
1374390 1540.4
1374400 1540.4
1374410 1533.1
1374420 1528.8
1374430 1528.8
1374440 1531.2
1374450 1533.0
1374460 1533.0
1374470 1531.2
1374480 1527.3
1374490 1527.3
1374500 1522.8
1374510 1518.7
1374520 1514.2
1374530 1514.2
1374540 1509.0
1374550 1501.7
1374560 1501.7
1374570 1497.1
1374580 1501.4
1374590 1501.4
1374600 1504.3
1374610 1503.2
1374620 1503.2
1374630 1500.6
1374640 1497.8
1374650 1497.8
1374660 1494.6
1374670 1489.7
1374680 1483.3
1374690 1483.3
1374700 1479.2
1374710 1476.9
1374720 1476.9
1374730 1476.2
1374740 1473.2
1374750 1473.2
1374760 1470.2
1374770 1468.9
1374780 1468.9
1374790 1467.7
1374800 1463.7
1374810 1463.7
1374820 1463.0
1374830 1460.3
1374840 1460.3
1374850 1463.7
1374860 1464.0
1374870 1461.8
1374880 1461.8
1374890 1459.2
1374900 1456.7
1374910 1456.7
1374920 1458.8
1374930 1460.7
1374940 1460.7
1374950 1461.5
1374960 1459.6
1374970 1459.6
1374980 1454.5
1374990 1449.5
1375000 1449.5
1375010 1446.2
1375020 1444.0
1375030 1444.0
1375040 1442.7
1375050 1441.5
1375060 1440.6
1375070 1440.6
1375080 1440.0
1375090 1439.6
1375100 1439.6
1375110 1439.4
1375120 1439.1
1375130 1439.1
1375140 1438.3
1375150 1437.3
1375160 1437.3
1375170 1435.2
1375180 1431.7
1375190 1431.7
1375200 1427.0
1375210 1422.6
1375220 1420.0
1375230 1420.0
1375240 1420.0
1375250 1421.0
1375260 1421.0
1375270 1420.1
1375280 1416.0
1375290 1416.0
1375300 1412.3
1375310 1410.1
1375320 1410.1
1375330 1408.5
1375340 1407.7
1375350 1407.7
1375360 1405.8
1375370 1402.3
1375380 1402.3
1375390 1399.6
1375400 1398.3
1375410 1397.8
1375420 1397.8
1375430 1397.6
1375440 1396.8
1375450 1396.8
1375460 1395.7
1375470 1395.2
1375480 1395.2
1375490 1395.3
1375500 1394.9
1375510 1394.9
1375520 1395.5
1375530 1396.9
1375540 1399.0
1375550 1399.4
1375560 1400.1
1375570 1400.8
1375580 1400.8
1375590 1400.5
1375600 1399.2
1375610 1399.2
1375620 1397.7
1375630 1396.1
1375640 1396.1
1375650 1394.5
1375660 1393.0
1375670 1393.0
1375680 1391.7
1375690 1390.6
1375700 1390.6
1375710 1389.4
1375720 1388.4
1375730 1388.4
1375740 1387.7
1375750 1387.0
1375760 1386.2
1375770 1386.2
1375780 1385.4
1375790 1384.8
1375800 1384.8
1375810 1384.6
1375820 1384.4
1375830 1384.4
1375840 1384.1
1375850 1384.1
1375860 1384.1
1375870 1384.1
1375880 1384.0
1375890 1384.0
1375900 1383.9
1375910 1383.8
1375920 1383.8
1375930 1383.3
1375940 1383.0
1375950 1382.7
1375960 1382.7
1375970 1382.3
1375980 1382.0
1375990 1382.0
1376000 1381.5
1376010 1380.8
1376020 1380.8
1376030 1380.6
1376040 1380.3
1376050 1380.3
1376060 1380.2
1376070 1380.1
1376080 1380.1
1376090 1379.9
1376100 1379.7
1376110 1380.2
1376120 1380.2
1376130 1380.0
1376140 1379.7
1376150 1379.7
1376160 1379.5
1376170 1379.4
1376180 1379.4
1376190 1379.2
1376200 1379.0
1376210 1379.0
1376220 1378.9
1376230 1378.6
1376240 1378.6
1376250 1378.0
1376260 1377.4
1376270 1377.4
1376280 1376.9
1376290 1376.7
1376300 1376.9
1376310 1376.9
1376320 1377.1
1376330 1377.3
1376340 1377.3
1376350 1377.3
1376360 1377.2
1376370 1377.2
1376380 1377.1
1376390 1376.9
1376400 1376.9
1376410 1376.7
1376420 1376.5
1376430 1376.5
1376440 1376.2
1376450 1376.1
1376460 1375.8
1376470 1375.8
1376480 1375.5
1376490 1375.3
1376500 1375.3
1376510 1375.2
1376520 1375.1
1376530 1375.1
1376540 1375.0
1376550 1374.9
1376560 1374.9
1376570 1374.9
1376580 1374.9
1376590 1374.9
1376600 1375.2
1376610 1375.8
1376620 1375.8
1376630 1376.7
1376640 1377.0
1376650 1377.4
1376660 1377.4
1376670 1378.3
1376680 1379.3
1376690 1379.3
1376700 1379.7
1376710 1380.4
1376720 1380.4
1376730 1380.8
1376740 1381.0
1376750 1381.0
1376760 1381.2
1376770 1381.6
1376780 1381.6
1376790 1381.9
1376800 1382.2
1376810 1382.2
1376820 1382.4
1376830 1382.5
1376840 1382.8
1376850 1382.8
1376860 1383.3
1376870 1383.7
1376880 1383.7
1376890 1384.2
1376900 1384.7
1376910 1384.7
1376920 1385.1
1376930 1385.7
1376940 1385.7
1376950 1386.7
1376960 1387.6
1376970 1387.6
1376980 1388.7
1376990 1389.7
1377000 1390.7
1377010 1390.7
1377020 1391.5
1377030 1392.5
1377040 1392.5
1377050 1393.4
1377060 1394.7
1377070 1394.7
1377080 1396.8
1377090 1398.1
1377100 1398.1
1377110 1399.1
1377120 1400.3
1377130 1400.3
1377140 1401.6
1377150 1402.8
1377160 1402.8
1377170 1403.9
1377180 1404.9
1377190 1405.4
1377200 1405.4
1377210 1405.8
1377220 1406.4
1377230 1406.4
1377240 1407.0
1377250 1404.5
1377260 1404.5
1377270 1405.6
1377280 1406.2
1377290 1406.2
1377300 1407.3
1377310 1408.2
1377320 1408.2
1377330 1409.2
1377340 1410.9
1377350 1413.8
1377360 1413.8
1377370 1417.1
1377380 1419.5
1377390 1419.5
1377400 1421.2
1377410 1423.2
1377420 1423.2
1377430 1425.8
1377440 1428.7
1377450 1428.7
1377460 1431.2
1377470 1432.9
1377480 1432.9
1377490 1434.7
1377500 1437.4
1377510 1437.4
1377520 1442.0
1377530 1447.8
1377540 1453.3
1377550 1453.3
1377560 1457.6
1377570 1460.0
1377580 1460.0
1377590 1461.7
1377600 1463.1
1377610 1463.1
1377620 1464.7
1377630 1466.6
1377640 1466.6
1377650 1469.2
1377660 1471.8
1377670 1471.8
1377680 1474.4
1377690 1476.8
1377700 1479.2
1377710 1479.2
1377720 1481.5
1377730 1483.7
1377740 1483.7
1377750 1485.8
1377760 1488.1
1377770 1488.1
1377780 1491.3
1377790 1495.1
1377800 1495.1
1377810 1498.1
1377820 1500.9
1377830 1500.9
1377840 1504.4
1377850 1507.6
1377860 1507.6
1377870 1510.8
1377880 1508.3
1377890 1511.2
1377900 1511.2
1377910 1515.8
1377920 1519.5
1377930 1519.5
1377940 1523.1
1377950 1527.2
1377960 1527.2
1377970 1531.2
1377980 1536.9
1377990 1536.9
1378000 1541.4
1378010 1544.8
1378020 1544.8
1378030 1548.9
1378040 1554.1
1378050 1554.1
1378060 1557.8
1378070 1560.9
1378080 1562.6
1378090 1562.6
1378100 1563.2
1378110 1563.8
1378120 1563.8
1378130 1564.9
1378140 1565.4
1378150 1565.4
1378160 1565.6
1378170 1566.9
1378180 1566.9
1378190 1569.8
1378200 1572.8
1378210 1572.8
1378220 1576.3
1378230 1581.9
1378240 1587.5
1378250 1587.5
1378260 1592.6
1378270 1597.7
1378280 1597.7
1378290 1603.0
1378300 1606.6
1378310 1606.6
1378320 1610.6
1378330 1614.7
1378340 1614.7
1378350 1618.0
1378360 1620.9
1378370 1620.9
1378380 1623.5
1378390 1626.7
1378400 1626.7
1378410 1630.8
1378420 1634.5
1378430 1638.1
1378440 1638.1
1378450 1642.0
1378460 1643.7
1378470 1643.7
1378480 1643.0
1378490 1642.8
1378500 1642.8
1378510 1644.4
1378520 1647.4
1378530 1647.4
1378540 1650.5
1378550 1654.2
1378560 1654.2
1378570 1660.0
1378580 1664.2
1378590 1668.2
1378600 1668.2
1378610 1673.3
1378620 1678.0
1378630 1678.0
1378640 1681.6
1378650 1683.9
1378660 1683.9
1378670 1686.3
1378680 1687.9
1378690 1687.9
1378700 1687.5
1378710 1686.1
1378720 1686.1
1378730 1684.1
1378740 1685.3
1378750 1685.3
1378760 1685.5
1378770 1688.0
1378780 1690.8
1378790 1690.8
1378800 1691.7
1378810 1691.8
1378820 1691.8
1378830 1691.5
1378840 1691.4
1378850 1691.4
1378860 1691.4
1378870 1691.9
1378880 1691.9
1378890 1692.3
1378900 1692.4
1378910 1692.4
1378920 1692.2
1378930 1692.0
1378940 1692.0
1378950 1692.5
1378960 1695.3
1378970 1697.2
1378980 1697.2
1378990 1697.0
1379000 1695.9
1379010 1695.9
1379020 1694.6
1379030 1694.1
1379040 1694.1
1379050 1694.8
1379060 1695.6
1379070 1687.8
1379080 1690.2
1379090 1691.5
1379100 1691.5
1379110 1692.3
1379120 1693.8
1379130 1694.6
1379140 1694.6
1379150 1695.7
1379160 1697.4
1379170 1697.4
1379180 1698.8
1379190 1699.5
1379200 1699.5
1379210 1699.7
1379220 1700.2
1379230 1700.2
1379240 1700.4
1379250 1702.7
1379260 1702.7
1379270 1704.9
1379280 1706.2
1379290 1706.2
1379300 1706.6
1379310 1707.0
1379320 1708.1
1379330 1708.1
1379340 1708.9
1379350 1709.2
1379360 1709.2
1379370 1708.0
1379380 1707.2
1379390 1707.2
1379400 1707.8
1379410 1709.3
1379420 1709.3
1379430 1711.0
1379440 1712.8
1379450 1712.8
1379460 1716.9
1379470 1723.6
1379480 1729.2
1379490 1729.2
1379500 1734.5
1379510 1739.9
1379520 1739.9
1379530 1743.2
1379540 1744.8
1379550 1744.8
1379560 1745.8
1379570 1745.8
1379580 1745.8
1379590 1745.3
1379600 1744.5
1379610 1744.5
1379620 1744.5
1379630 1744.3
1379640 1744.3
1379650 1744.1
1379660 1743.1
1379670 1742.2
1379680 1742.2
1379690 1741.2
1379700 1739.7
1379710 1739.7
1379720 1737.4
1379730 1732.3
1379740 1732.3
1379750 1725.3
1379760 1717.0
1379770 1717.0
1379780 1710.1
1379790 1704.5
1379800 1704.5
1379810 1699.2
1379820 1693.4
1379830 1693.4
1379840 1686.4
1379850 1679.7
1379860 1674.0
1379870 1674.0
1379880 1667.7
1379890 1660.6
1379900 1660.6
1379910 1655.7
1379920 1648.2
1379930 1648.2
1379940 1641.6
1379950 1635.2
1379960 1635.2
1379970 1634.6
1379980 1640.4
1379990 1640.4
