1366590 2483.9
1366600 2481.5
1366610 2481.5
1366620 2478.9
1366630 2478.3
1366640 2478.3
1366650 2478.8
1366660 2478.8
1366670 2478.8
1366680 2478.5
1366690 2478.4
1366700 2478.4
1366710 2481.2
1366720 2483.6
1366730 2483.6
1366740 2483.8
1366750 2485.0
1366760 2488.4
1366770 2488.4
1366780 2491.4
1366790 2494.5
1366800 2494.5
1366810 2496.3
1366820 2498.8
1366830 2498.8
1366840 2503.1
1366850 2507.6
1366860 2507.6
1366870 2512.5
1366880 2517.3
1366890 2517.3
1366900 2522.6
1366910 2529.2
1366920 2529.2
1366930 2535.0
1366940 2537.9
1366950 2538.9
1366960 2538.9
1366970 2540.9
1366980 2543.9
1366990 2543.9
1367000 2545.7
1367010 2549.4
1367020 2549.4
1367030 2550.3
1367040 2552.6
1367050 2552.6
1367060 2555.0
1367070 2555.5
1367080 2555.5
1367090 2552.4
1367100 2546.2
1367110 2548.1
1367120 2548.1
1367130 2554.6
1367140 2562.2
1367150 2562.2
1367160 2566.4
1367170 2567.3
1367180 2567.3
1367190 2564.9
1367200 2565.9
1367210 2565.9
1367220 2581.1
1367230 2592.1
1367240 2592.1
1367250 2596.7
1367260 2597.6
1367270 2597.6
1367280 2599.8
1367290 2602.8
1367300 2605.8
1367310 2605.8
1367320 2607.2
1367330 2607.3
1367340 2607.3
1367350 2603.5
1367360 2596.9
1367370 2596.9
1367380 2589.1
1367390 2581.8
1367400 2581.8
1367410 2573.1
1367420 2565.0
1367430 2565.0
1367440 2556.7
1367450 2548.2
1367460 2541.3
1367470 2541.3
1367480 2533.9
1367490 2526.7
1367500 2526.7
1367510 2520.1
1367520 2513.0
1367530 2513.0
1367540 2505.8
1367550 2499.7
1367560 2499.7
1367570 2494.2
1367580 2488.5
1367590 2488.5
1367600 2480.1
1367610 2473.9
1367620 2473.9
1367630 2468.4
1367640 2462.0
1367650 2454.0
1367660 2454.0
1367670 2446.3
1367680 2437.7
1367690 2437.7
1367700 2430.4
1367710 2422.5
1367720 2422.5
1367730 2413.9
1367740 2407.6
1367750 2407.6
1367760 2401.3
1367770 2395.6
1367780 2395.6
1367790 2388.1
1367800 2380.0
1367810 2380.0
1367820 2374.9
1367830 2368.0
1367840 2357.3
1367850 2357.3
1367860 2348.4
1367870 2342.9
1367880 2342.9
1367890 2337.5
1367900 2332.7
1367910 2332.7
1367920 2328.5
1367930 2324.6
1367940 2324.6
1367950 2321.0
1367960 2317.8
1367970 2317.8
1367980 2314.7
1367990 2312.1
1368000 2309.6
1368010 2309.6
1368020 2307.3
1368030 2304.9
1368040 2304.9
1368050 2302.9
1368060 2301.3
1368070 2301.3
1368080 2300.2
1368090 2298.2
1368100 2298.2
1368110 2294.8
1368120 2290.0
1368130 2290.0
1368140 2284.6
1368150 2279.8
1368160 2279.8
1368170 2274.4
1368180 2269.5
1368190 2265.1
1368200 2265.1
1368210 2259.8
1368220 2255.3
1368230 2255.3
1368240 2251.9
1368250 2248.6
1368260 2248.6
1368270 2245.6
1368280 2242.2
1368290 2242.2
1368300 2235.8
1368310 2231.8
1368320 2231.8
1368330 2228.3
1368340 2224.9
1368350 2224.9
1368360 2221.5
1368370 2217.4
1368380 2211.3
1368390 2211.3
1368400 2206.6
1368410 2202.8
1368420 2202.8
1368430 2199.0
1368440 2194.2
1368450 2194.2
1368460 2189.6
1368470 2186.2
1368480 2186.2
1368490 2182.8
1368500 2176.7
1368510 2176.7
1368520 2170.5
1368530 2165.8
1368540 2160.7
1368550 2160.7
1368560 2154.5
1368570 2149.3
1368580 2149.3
1368590 2145.3
1368600 2139.5
1368610 2139.5
1368620 2133.2
1368630 2127.1
1368640 2127.1
1368650 2120.6
1368660 2112.7
1368670 2112.7
1368680 2103.1
1368690 2094.3
1368700 2094.3
1368710 2084.8
1368720 2074.1
1368730 2067.4
1368740 2067.4
1368750 2061.3
1368760 2054.9
1368770 2054.9
1368780 2047.9
1368790 2041.0
1368800 2041.0
1368810 2034.5
1368820 2028.1
1368830 2028.1
1368840 2022.0
1368850 2015.6
1368860 2015.6
1368870 2009.5
1368880 2004.4
1368890 2000.7
1368900 2000.7
1368910 1997.4
1368920 1994.0
1368930 1994.0
1368940 1990.5
1368950 1986.2
1368960 1986.2
1368970 1982.6
1368980 1979.1
1368990 1979.1
1369000 1975.8
1369010 1972.7
1369020 1972.7
1369030 1969.4
1369040 1967.4
1369050 1967.4
1369060 1969.3
1369070 1973.6
1369080 1978.8
1369090 1978.8
1369100 1985.6
1369110 1993.1
1369120 1993.1
1369130 2000.7
1369140 2008.0
1369150 2008.0
1369160 2014.1
1369170 2021.1
1369180 2021.1
1369190 2027.8
1369200 2034.5
1369210 2034.5
1369220 2042.1
1369230 2049.1
1369240 2049.1
1369250 2054.0
1369260 2059.0
1369270 2063.3
1369280 2063.3
1369290 2063.9
1369300 2066.4
1369310 2066.4
1369320 2071.1
1369330 2075.0
1369340 2075.0
1369350 2077.5
1369360 2080.0
1369370 2080.0
1369380 2082.7
1369390 2081.1
1369400 2081.1
1369410 2082.7
1369420 2085.6
1369430 2088.8
1369440 2088.8
1369450 2092.4
1369460 2097.0
1369470 2097.0
1369480 2099.8
1369490 2102.2
1369500 2102.2
1369510 2104.5
1369520 2106.7
1369530 2106.7
1369540 2109.1
1369550 2112.6
1369560 2112.6
1369570 2115.5
1369580 2119.8
1369590 2119.8
1369600 2123.7
1369610 2126.3
1369620 2129.8
1369630 2129.8
1369640 2133.3
1369650 2135.7
1369660 2135.7
1369670 2137.2
1369680 2140.5
1369690 2140.5
1369700 2142.4
1369710 2142.0
1369720 2142.0
1369730 2137.8
1369740 2134.5
1369750 2134.5
1369760 2132.7
1369770 2131.8
1369780 2131.8
1369790 2131.4
1369800 2131.9
1369810 2128.0
1369820 2128.0
1369830 2126.2
1369840 2126.3
1369850 2126.3
1369860 2128.5
1369870 2133.9
1369880 2133.9
1369890 2140.2
1369900 2147.1
1369910 2147.1
1369920 2154.0
1369930 2160.2
1369940 2160.2
1369950 2165.3
1369960 2170.6
1369970 2175.5
1369980 2175.5
1369990 2178.2
1370000 2180.1
1370010 2180.1
1370020 2180.3
1370030 2178.9
1370040 2178.9
1370050 2178.9
1370060 2180.5
1370070 2180.5
1370080 2182.0
1370090 2182.4
1370100 2182.4
1370110 2182.3
1370120 2182.1
1370130 2182.1
1370140 2181.9
1370150 2180.9
1370160 2180.0
1370170 2180.0
1370180 2177.4
1370190 2173.9
1370200 2173.9
1370210 2170.9
1370220 2167.6
1370230 2167.6
1370240 2164.5
1370250 2160.9
1370260 2160.9
1370270 2156.3
1370280 2151.8
1370290 2151.8
1370300 2147.9
1370310 2144.2
1370320 2147.8
1370330 2147.8
1370340 2150.7
1370350 2154.1
1370360 2154.1
1370370 2158.6
1370380 2163.3
1370390 2163.3
1370400 2167.2
1370410 2171.0
1370420 2171.0
1370430 2174.7
1370440 2177.3
1370450 2177.3
1370460 2178.3
1370470 2178.2
1370480 2178.2
1370490 2170.9
1370500 2169.2
1370510 2167.4
1370520 2167.4
1370530 2165.5
1370540 2163.1
1370550 2163.1
1370560 2160.5
1370570 2157.4
1370580 2157.4
1370590 2154.1
1370600 2150.7
1370610 2150.7
1370620 2145.8
1370630 2140.5
1370640 2140.5
1370650 2135.2
1370660 2129.8
1370670 2129.8
1370680 2124.4
1370690 2117.9
1370700 2113.9
1370710 2113.9
1370720 2117.0
1370730 2120.8
1370740 2120.8
1370750 2124.1
1370760 2128.0
1370770 2128.0
1370780 2131.1
1370790 2134.1
1370800 2134.1
1370810 2137.1
1370820 2140.4
1370830 2140.4
1370840 2144.1
1370850 2148.2
1370860 2153.2
1370870 2153.2
1370880 2158.8
1370890 2164.1
1370900 2164.1
1370910 2168.6
1370920 2171.6
1370930 2171.6
1370940 2173.4
1370950 2174.7
1370960 2174.7
1370970 2175.1
1370980 2175.6
1370990 2175.6
1371000 2176.9
1371010 2176.8
1371020 2176.8
1371030 2175.4
1371040 2173.5
1371050 2171.0
1371060 2171.0
1371070 2168.0
1371080 2164.7
1371090 2164.7
1371100 2161.7
1371110 2159.9
1371120 2159.9
1371130 2158.0
1371140 2156.0
1371150 2156.0
1371160 2154.0
1371170 2151.6
1371180 2151.6
1371190 2148.9
1371200 2146.6
1371210 2146.6
1371220 2144.0
1371230 2140.9
1371240 2138.1
1371250 2138.1
1371260 2135.3
1371270 2131.6
1371280 2131.6
1371290 2125.7
1371300 2120.9
1371310 2120.9
1371320 2119.5
1371330 2119.9
1371340 2119.9
1371350 2119.6
1371360 2118.5
1371370 2118.5
1371380 2117.5
1371390 2115.9
1371400 2112.9
1371410 2112.9
1371420 2109.7
1371430 2110.2
1371440 2110.2
1371450 2111.6
1371460 2112.4
1371470 2112.4
1371480 2112.5
1371490 2112.2
1371500 2112.2
1371510 2111.5
1371520 2111.3
1371530 2111.3
1371540 2111.5
1371550 2112.3
1371560 2112.3
1371570 2113.5
1371580 2115.2
1371590 2116.5
1371600 2110.0
1371610 2110.6
1371620 2110.7
1371630 2110.7
1371640 2110.6
1371650 2109.9
1371660 2109.9
1371670 2108.3
1371680 2105.8
1371690 2105.8
1371700 2103.6
1371710 2102.3
1371720 2102.3
1371730 2098.4
1371740 2092.4
1371750 2085.6
1371760 2085.6
1371770 2079.4
1371780 2072.7
1371790 2072.7
1371800 2066.0
1371810 2059.2
1371820 2059.2
1371830 2052.3
1371840 2045.1
1371850 2045.1
1371860 2037.3
1371870 2029.8
1371880 2029.8
1371890 2022.0
1371900 2012.4
1371910 2012.4
1371920 2002.1
1371930 1993.0
1371940 1981.7
1371950 1981.7
1371960 1971.9
1371970 1962.5
1371980 1962.5
1371990 1958.3
1372000 1956.8
1372010 1956.8
1372020 1957.1
1372030 1955.7
1372040 1955.7
1372050 1952.2
1372060 1946.4
1372070 1946.4
1372080 1943.0
1372090 1944.7
1372100 1944.7
1372110 1946.8
1372120 1945.5
1372130 1942.3
1372140 1942.3
1372150 1937.2
1372160 1928.6
1372170 1928.6
1372180 1920.9
1372190 1917.0
1372200 1917.0
1372210 1916.1
1372220 1915.7
1372230 1915.7
1372240 1913.9
1372250 1910.5
1372260 1910.5
1372270 1906.8
1372280 1903.1
1372290 1900.3
1372300 1900.3
1372310 1899.5
1372320 1900.0
1372330 1900.0
1372340 1898.4
1372350 1893.9
1372360 1893.9
1372370 1888.2
1372380 1881.9
1372390 1881.9
1372400 1876.2
1372410 1871.1
1372420 1871.1
1372430 1865.9
1372440 1859.7
1372450 1859.7
1372460 1852.3
1372470 1845.3
1372480 1839.3
1372490 1839.3
1372500 1834.6
1372510 1829.9
1372520 1829.9
1372530 1824.4
1372540 1817.5
1372550 1817.5
1372560 1811.2
1372570 1804.8
1372580 1804.8
1372590 1798.3
1372600 1792.9
1372610 1792.9
1372620 1788.3
1372630 1782.9
1372640 1782.9
1372650 1776.5
1372660 1769.8
1372670 1763.5
1372680 1763.5
1372690 1757.1
1372700 1750.2
1372710 1750.2
1372720 1742.2
1372730 1732.3
1372740 1732.3
1372750 1726.4
1372760 1722.1
1372770 1722.1
1372780 1719.3
1372790 1717.4
1372800 1717.4
1372810 1715.1
1372820 1712.6
1372830 1709.6
1372840 1709.6
1372850 1704.4
1372860 1698.7
1372870 1698.7
1372880 1694.2
1372890 1691.0
1372900 1691.0
1372910 1687.5
1372920 1682.5
1372930 1682.5
1372940 1677.1
1372950 1672.9
1372960 1672.9
1372970 1669.6
1372980 1666.8
1372990 1666.8
1373000 1663.4
1373010 1659.1
1373020 1653.7
1373030 1653.7
1373040 1648.0
1373050 1643.2
1373060 1643.2
1373070 1638.5
1373080 1633.7
1373090 1633.7
1373100 1628.6
1373110 1623.3
1373120 1623.3
1373130 1617.4
1373140 1611.2
1373150 1611.2
1373160 1604.7
1373170 1598.7
1373180 1592.6
1373190 1592.6
1373200 1587.6
1373210 1583.3
1373220 1583.3
1373230 1577.4
1373240 1570.5
1373250 1570.5
1373260 1561.5
1373270 1553.7
1373280 1553.7
1373290 1548.5
1373300 1544.2
1373310 1544.2
1373320 1539.4
1373330 1534.6
1373340 1534.6
1373350 1530.2
1373360 1526.4
1373370 1522.9
1373380 1522.9
1373390 1519.3
1373400 1515.3
1373410 1515.3
1373420 1509.9
1373430 1503.2
1373440 1503.2
1373450 1495.8
1373460 1489.8
1373470 1489.8
1373480 1485.2
1373490 1480.2
1373500 1480.2
1373510 1475.3
1373520 1471.8
1373530 1471.8
1373540 1468.8
1373550 1465.2
1373560 1461.3
1373570 1461.3
1373580 1457.0
1373590 1452.3
1373600 1452.3
1373610 1447.4
1373620 1444.1
1373630 1444.1
1373640 1441.7
1373650 1440.9
1373660 1440.9
1373670 1440.3
1373680 1439.0
1373690 1439.0
1373700 1437.0
1373710 1437.9
1373720 1438.4
1373730 1438.4
1373740 1437.8
1373750 1437.2
1373760 1437.2
1373770 1436.5
1373780 1435.9
1373790 1435.9
1373800 1435.1
1373810 1434.4
1373820 1434.4
1373830 1433.8
1373840 1433.2
1373850 1433.2
1373860 1432.0
1373870 1431.5
1373880 1431.5
1373890 1430.7
1373900 1429.5
1373910 1428.4
1373920 1428.4
1373930 1427.7
1373940 1427.0
1373950 1427.0
1373960 1426.3
1373970 1425.8
1373980 1425.8
1373990 1425.1
1374000 1424.3
1374010 1424.3
1374020 1423.7
1374030 1423.4
1374040 1423.4
1374050 1422.8
1374060 1420.5
1374070 1419.1
1374080 1419.1
1374090 1420.4
1374100 1421.1
1374110 1421.1
1374120 1421.4
1374130 1421.5
1374140 1421.5
1374150 1421.2
1374160 1420.8
1374170 1420.8
1374180 1420.5
1374190 1420.4
1374200 1420.4
1374210 1420.7
1374220 1423.3
1374230 1423.3
1374240 1422.9
1374250 1422.4
1374260 1423.7
1374270 1423.7
1374280 1425.3
1374290 1426.8
1374300 1426.8
1374310 1428.3
1374320 1429.5
1374330 1429.5
1374340 1430.8
1374350 1432.0
1374360 1432.0
1374370 1433.6
1374380 1435.8
1374390 1435.8
1374400 1438.2
1374410 1440.4
1374420 1440.4
1374430 1442.7
1374440 1445.0
1374450 1447.5
1374460 1447.5
1374470 1450.7
1374480 1453.0
1374490 1453.0
1374500 1453.2
1374510 1454.7
1374520 1454.7
1374530 1458.2
1374540 1462.6
1374550 1462.6
1374560 1466.8
1374570 1470.7
1374580 1470.7
1374590 1474.5
1374600 1479.6
1374610 1484.0
1374620 1484.0
1374630 1487.2
1374640 1490.8
1374650 1490.8
1374660 1493.8
1374670 1497.1
1374680 1497.1
1374690 1499.8
1374700 1500.8
1374710 1500.8
1374720 1502.3
1374730 1505.1
1374740 1505.1
1374750 1508.2
1374760 1511.2
1374770 1511.2
1374780 1514.0
1374790 1516.9
1374800 1519.8
1374810 1519.8
1374820 1521.7
1374830 1523.4
1374840 1523.4
1374850 1525.4
1374860 1528.1
1374870 1528.1
1374880 1531.7
1374890 1535.4
1374900 1535.4
1374910 1539.0
1374920 1542.1
1374930 1542.1
1374940 1545.4
1374950 1548.9
1374960 1548.9
1374970 1551.0
1374980 1552.7
1374990 1554.8
1375000 1554.8
1375010 1552.9
1375020 1554.4
1375030 1554.4
1375040 1555.7
1375050 1557.4
1375060 1557.4
1375070 1558.6
1375080 1560.5
1375090 1560.5
1375100 1562.9
1375110 1565.7
1375120 1565.7
1375130 1568.9
1375140 1571.1
1375150 1573.0
1375160 1573.0
1375170 1576.9
1375180 1582.0
1375190 1582.0
1375200 1586.7
1375210 1590.7
1375220 1590.7
1375230 1593.7
1375240 1595.5
1375250 1595.5
1375260 1597.5
1375270 1599.5
1375280 1599.5
1375290 1602.0
1375300 1605.8
1375310 1605.8
1375320 1609.3
1375330 1609.7
1375340 1608.6
1375350 1608.6
1375360 1606.5
1375370 1603.0
1375380 1603.0
1375390 1601.6
1375400 1601.0
1375410 1601.0
1375420 1599.6
1375430 1599.1
1375440 1599.1
1375450 1600.0
1375460 1600.7
1375470 1600.7
1375480 1600.7
1375490 1601.5
1375500 1602.7
1375510 1602.7
1375520 1603.3
1375530 1603.8
1375540 1603.8
1375550 1604.3
1375560 1605.0
1375570 1605.0
1375580 1605.4
1375590 1606.3
1375600 1606.3
1375610 1606.6
1375620 1604.9
1375630 1604.9
1375640 1602.2
1375650 1599.3
1375660 1599.3
1375670 1595.4
1375680 1592.2
1375690 1589.9
1375700 1589.9
1375710 1596.6
1375720 1606.3
1375730 1606.3
1375740 1613.1
1375750 1618.6
1375760 1618.6
1375770 1623.8
1375780 1628.6
1375790 1628.6
1375800 1633.5
1375810 1639.1
1375820 1639.1
1375830 1644.2
1375840 1648.7
1375850 1648.7
1375860 1652.5
1375870 1655.5
1375880 1657.8
1375890 1657.8
1375900 1659.1
1375910 1659.7
1375920 1659.7
1375930 1661.1
1375940 1664.5
1375950 1664.5
1375960 1666.9
1375970 1668.0
1375980 1668.0
1375990 1669.0
1376000 1670.4
1376010 1670.4
1376020 1672.0
1376030 1674.2
1376040 1676.0
1376050 1676.0
1376060 1676.9
1376070 1677.0
1376080 1677.0
1376090 1677.5
1376100 1677.0
1376110 1677.0
1376120 1675.9
1376130 1674.6
1376140 1674.6
1376150 1673.0
1376160 1669.9
1376170 1669.9
1376180 1670.4
1376190 1671.3
1376200 1671.3
1376210 1671.7
1376220 1672.4
1376230 1673.8
1376240 1673.8
1376250 1676.2
1376260 1678.1
1376270 1678.1
1376280 1678.3
1376290 1677.5
1376300 1677.5
1376310 1677.1
1376320 1676.7
1376330 1676.7
1376340 1676.7
1376350 1678.0
1376360 1678.0
1376370 1681.3
1376380 1685.4
1376390 1688.8
1376400 1688.8
1376410 1691.9
1376420 1692.0
1376430 1692.0
1376440 1692.1
1376450 1693.1
1376460 1693.1
1376470 1694.3
1376480 1696.5
1376490 1696.5
1376500 1698.6
1376510 1701.1
1376520 1701.1
1376530 1704.1
1376540 1706.9
1376550 1706.9
1376560 1710.0
1376570 1714.1
1376580 1718.0
1376590 1718.0
1376600 1720.4
1376610 1721.6
1376620 1721.6
1376630 1721.0
1376640 1718.9
1376650 1718.9
1376660 1717.6
1376670 1717.7
1376680 1717.7
1376690 1720.5
1376700 1724.5
1376710 1724.5
1376720 1727.3
1376730 1730.4
1376740 1730.4
1376750 1734.2
1376760 1736.5
1376770 1741.0
1376780 1741.0
1376790 1745.2
1376800 1748.8
1376810 1748.8
1376820 1751.8
1376830 1755.0
1376840 1755.0
1376850 1757.4
1376860 1759.1
1376870 1759.1
1376880 1761.1
1376890 1763.2
1376900 1763.2
1376910 1764.1
1376920 1765.0
1376930 1766.2
1376940 1766.2
1376950 1768.0
1376960 1768.9
1376970 1768.9
1376980 1770.5
1376990 1773.5
1377000 1773.5
1377010 1775.1
1377020 1776.2
1377030 1776.2
1377040 1776.8
1377050 1776.4
1377060 1776.4
1377070 1775.1
1377080 1773.3
1377090 1773.3
1377100 1771.8
1377110 1769.6
1377120 1764.4
1377130 1764.4
1377140 1761.5
1377150 1759.8
1377160 1759.8
1377170 1754.6
1377180 1752.5
1377190 1752.5
1377200 1748.8
1377210 1744.0
1377220 1744.0
1377230 1738.8
1377240 1733.1
1377250 1733.1
1377260 1730.2
1377270 1727.4
1377280 1723.1
1377290 1723.1
1377300 1718.6
1377310 1714.8
1377320 1714.8
1377330 1711.5
1377340 1703.2
1377350 1703.2
1377360 1697.7
1377370 1691.6
1377380 1691.6
1377390 1685.5
1377400 1680.5
1377410 1680.5
1377420 1674.9
1377430 1671.4
1377440 1671.4
1377450 1670.6
1377460 1667.5
1377470 1665.1
1377480 1665.1
1377490 1662.9
1377500 1660.3
1377510 1660.3
1377520 1656.4
1377530 1650.8
1377540 1650.8
1377550 1643.3
1377560 1636.4
1377570 1636.4
1377580 1630.5
1377590 1624.9
1377600 1624.9
1377610 1618.9
1377620 1616.5
1377630 1616.5
1377640 1614.7
1377650 1611.3
1377660 1607.2
1377670 1607.2
1377680 1603.9
1377690 1605.5
1377700 1605.5
1377710 1605.9
1377720 1603.8
1377730 1603.8
1377740 1600.3
1377750 1596.7
1377760 1596.7
1377770 1594.1
1377780 1590.0
1377790 1590.0
1377800 1585.4
1377810 1581.4
1377820 1578.4
1377830 1578.4
1377840 1575.9
1377850 1574.6
1377860 1574.6
1377870 1574.2
1377880 1574.3
1377890 1574.3
1377900 1571.9
1377910 1569.6
1377920 1569.6
1377930 1568.9
1377940 1569.1
1377950 1569.1
1377960 1567.1
1377970 1565.2
1377980 1565.2
1377990 1566.7
1378000 1571.9
1378010 1578.7
1378020 1578.7
1378030 1585.5
1378040 1593.0
1378050 1593.0
1378060 1601.1
1378070 1608.2
1378080 1608.2
1378090 1613.5
1378100 1618.7
1378110 1618.7
1378120 1624.1
1378130 1629.9
1378140 1629.9
1378150 1636.0
1378160 1641.4
1378170 1641.4
1378180 1647.1
1378190 1653.2
1378200 1661.4
1378210 1661.4
1378220 1669.7
1378230 1678.0
1378240 1678.0
1378250 1686.0
1378260 1692.9
1378270 1692.9
1378280 1699.3
1378290 1705.9
1378300 1705.9
1378310 1711.4
1378320 1716.8
1378330 1716.8
1378340 1722.3
1378350 1728.2
1378360 1733.7
1378370 1733.7
1378380 1739.8
1378390 1745.8
1378400 1745.8
1378410 1751.9
1378420 1758.0
1378430 1758.0
1378440 1763.5
1378450 1768.9
1378460 1768.9
1378470 1774.4
1378480 1779.7
1378490 1779.7
1378500 1784.4
1378510 1788.5
1378520 1790.0
1378530 1793.8
1378540 1799.3
1378550 1805.9
1378560 1805.9
1378570 1811.7
1378580 1817.2
1378590 1817.2
1378600 1823.0
1378610 1829.1
1378620 1829.1
1378630 1835.2
1378640 1840.5
1378650 1840.5
1378660 1846.3
1378670 1851.4
1378680 1851.4
1378690 1856.5
1378700 1861.6
1378710 1866.4
1378720 1866.4
1378730 1871.4
1378740 1876.3
1378750 1876.3
1378760 1881.7
1378770 1887.6
1378780 1887.6
1378790 1893.9
1378800 1898.4
1378810 1898.4
1378820 1903.2
1378830 1908.6
1378840 1908.6
1378850 1913.7
1378860 1917.7
1378870 1917.7
1378880 1921.7
1378890 1925.5
1378900 1929.0
1378910 1929.0
1378920 1933.3
1378930 1938.6
1378940 1938.6
1378950 1941.8
1378960 1944.0
1378970 1944.0
1378980 1947.1
1378990 1951.0
1379000 1951.0
1379010 1955.3
1379020 1958.5
1379030 1958.5
1379040 1961.2
1379050 1965.3
1379060 1965.3
1379070 1970.5
1379080 1975.8
1379090 1982.0
1379100 1982.0
1379110 1988.7
1379120 1996.2
1379130 1996.2
1379140 2002.4
1379150 2006.8
1379160 2006.8
1379170 2011.6
1379180 2016.2
1379190 2016.2
1379200 2021.8
1379210 2026.6
1379220 2026.6
1379230 2030.5
1379240 2035.2
1379250 2039.4
1379260 2039.4
1379270 2045.2
1379280 2052.1
1379290 2052.1
1379300 2057.2
1379310 2061.1
1379320 2061.1
1379330 2063.6
1379340 2065.3
1379350 2065.3
1379360 2067.4
1379370 2070.3
1379380 2070.3
1379390 2073.6
1379400 2076.2
1379410 2076.2
1379420 2078.5
1379430 2080.1
1379440 2082.1
1379450 2082.1
1379460 2083.4
1379470 2083.9
1379480 2083.9
1379490 2084.0
1379500 2085.0
1379510 2085.0
1379520 2084.9
1379530 2084.3
1379540 2084.3
1379550 2082.6
1379560 2080.5
1379570 2080.5
1379580 2077.8
1379590 2074.5
1379600 2074.5
1379610 2070.6
1379620 2066.6
1379630 2062.5
1379640 2062.5
1379650 2058.2
1379660 2053.0
1379670 2053.0
1379680 2048.5
1379690 2045.3
1379700 2045.3
1379710 2035.2
1379720 2033.5
1379730 2033.5
1379740 2033.1
1379750 2032.8
1379760 2032.8
1379770 2030.3
1379780 2026.2
1379790 2021.2
1379800 2021.2
1379810 2015.1
1379820 2008.4
1379830 2008.4
1379840 2002.4
1379850 1998.2
1379860 1998.2
1379870 1997.7
1379880 1997.7
1379890 1997.7
1379900 1997.1
1379910 1996.1
1379920 1996.1
1379930 1995.1
1379940 1991.9
1379950 1991.9
1379960 1988.9
1379970 1987.8
1379980 1987.0
1379990 1987.0
