1367270 2211.8
1367280 2211.8
1367290 2213.1
1367300 2214.8
1367310 2216.4
1367320 2216.4
1367330 2217.8
1367340 2218.4
1367350 2218.4
1367360 2218.3
1367370 2218.5
1367380 2218.5
1367390 2219.5
1367400 2220.5
1367410 2220.5
1367420 2221.3
1367430 2221.8
1367440 2221.8
1367450 2223.7
1367460 2225.1
1367470 2225.1
1367480 2222.7
1367490 2219.0
1367500 2216.7
1367510 2216.7
1367520 2220.8
1367530 2226.7
1367540 2226.7
1367550 2226.9
1367560 2221.2
1367570 2221.2
1367580 2214.6
1367590 2209.1
1367600 2209.1
1367610 2206.0
1367620 2204.0
1367630 2204.0
1367640 2203.9
1367650 2203.7
1367660 2203.9
1367670 2203.9
1367680 2203.6
1367690 2203.9
1367700 2203.9
1367710 2205.3
1367720 2204.8
1367730 2204.8
1367740 2202.5
1367750 2202.0
1367760 2202.0
1367770 2199.7
1367780 2197.5
1367790 2197.5
1367800 2199.1
1367810 2197.7
1367820 2197.7
1367830 2196.9
1367840 2198.3
1367850 2202.1
1367860 2202.1
1367870 2207.4
1367880 2211.8
1367890 2211.8
1367900 2216.0
1367910 2217.5
1367920 2217.5
1367930 2218.9
1367940 2221.4
1367950 2221.4
1367960 2227.4
1367970 2232.6
1367980 2232.6
1367990 2234.9
1368000 2235.0
1368010 2235.0
1368020 2231.4
1368030 2234.7
1368040 2239.3
1368050 2239.3
1368060 2244.0
1368070 2246.2
1368080 2246.2
1368090 2249.3
1368100 2251.5
1368110 2251.5
1368120 2252.6
1368130 2255.8
1368140 2255.8
1368150 2261.4
1368160 2267.0
1368170 2267.0
1368180 2271.8
1368190 2276.9
1368200 2282.9
1368210 2282.9
1368220 2289.7
1368230 2298.1
1368240 2298.1
1368250 2306.7
1368260 2313.6
1368270 2313.6
1368280 2320.2
1368290 2326.8
1368300 2326.8
1368310 2334.4
1368320 2336.8
1368330 2336.8
1368340 2338.6
1368350 2339.8
1368360 2339.8
1368370 2339.5
1368380 2338.7
1368390 2339.8
1368400 2339.8
1368410 2340.9
1368420 2339.4
1368430 2339.4
1368440 2340.6
1368450 2341.9
1368460 2341.9
1368470 2341.3
1368480 2342.1
1368490 2342.1
1368500 2344.9
1368510 2347.5
1368520 2347.5
1368530 2347.0
1368540 2343.2
1368550 2341.0
1368560 2341.0
1368570 2339.8
1368580 2340.0
1368590 2340.0
1368600 2341.7
1368610 2346.3
1368620 2346.3
1368630 2348.7
1368640 2351.4
1368650 2351.4
1368660 2354.4
1368670 2358.7
1368680 2358.7
1368690 2362.2
1368700 2361.3
1368710 2361.3
1368720 2354.8
1368730 2341.9
1368740 2329.1
1368750 2329.1
1368760 2325.7
1368770 2320.4
1368780 2320.4
1368790 2311.7
1368800 2302.6
1368810 2302.6
1368820 2295.7
1368830 2291.6
1368840 2291.6
1368850 2282.2
1368860 2273.9
1368870 2273.9
1368880 2270.3
1368890 2267.3
1368900 2267.3
1368910 2254.2
1368920 2246.1
1368930 2241.4
1368940 2241.4
1368950 2231.0
1368960 2226.0
1368970 2226.0
1368980 2223.7
1368990 2221.4
1369000 2221.4
1369010 2218.4
1369020 2215.2
1369030 2215.2
1369040 2212.0
1369050 2209.1
1369060 2209.1
1369070 2206.6
1369080 2204.3
1369090 2201.7
1369100 2201.7
1369110 2199.3
1369120 2197.1
1369130 2197.1
1369140 2194.8
1369150 2192.4
1369160 2192.4
1369170 2190.0
1369180 2188.2
1369190 2188.2
1369200 2187.5
1369210 2186.8
1369220 2186.8
1369230 2185.9
1369240 2184.9
1369250 2184.9
1369260 2183.7
1369270 2183.0
1369280 2183.3
1369290 2183.3
1369300 2183.9
1369310 2184.9
1369320 2184.9
1369330 2187.1
1369340 2191.7
1369350 2191.7
1369360 2195.8
1369370 2198.7
1369380 2198.7
1369390 2202.1
1369400 2205.4
1369410 2205.4
1369420 2204.6
1369430 2205.1
1369440 2205.1
1369450 2207.7
1369460 2209.8
1369470 2212.3
1369480 2212.3
1369490 2216.4
1369500 2221.8
1369510 2221.8
1369520 2227.2
1369530 2233.1
1369540 2233.1
1369550 2238.2
1369560 2242.4
1369570 2242.4
1369580 2245.9
1369590 2249.1
1369600 2249.1
1369610 2253.2
1369620 2258.2
1369630 2263.9
1369640 2263.9
1369650 2269.2
1369660 2273.9
1369670 2273.9
1369680 2278.8
1369690 2283.9
1369700 2283.9
1369710 2288.9
1369720 2293.9
1369730 2293.9
1369740 2298.9
1369750 2302.8
1369760 2302.8
1369770 2305.0
1369780 2305.7
1369790 2305.7
1369800 2306.2
1369810 2306.4
1369820 2306.9
1369830 2306.9
1369840 2308.5
1369850 2311.1
1369860 2311.1
1369870 2313.5
1369880 2314.8
1369890 2314.8
1369900 2316.8
1369910 2321.7
1369920 2321.7
1369930 2324.6
1369940 2325.3
1369950 2325.3
1369960 2327.7
1369970 2333.1
1369980 2333.1
1369990 2336.8
1370000 2338.5
1370010 2338.9
1370020 2338.9
1370030 2338.3
1370040 2339.2
1370050 2339.2
1370060 2340.6
1370070 2343.6
1370080 2343.6
1370090 2347.6
1370100 2351.8
1370110 2351.8
1370120 2355.9
1370130 2359.8
1370140 2359.8
1370150 2364.1
1370160 2369.7
1370170 2375.6
1370180 2375.6
1370190 2381.4
1370200 2387.4
1370210 2387.4
1370220 2393.8
1370230 2400.7
1370240 2400.7
1370250 2408.6
1370260 2417.6
1370270 2417.6
1370280 2425.5
1370290 2432.9
1370300 2432.9
1370310 2440.6
1370320 2448.8
1370330 2448.8
1370340 2456.2
1370350 2463.7
1370360 2470.5
1370370 2470.5
1370380 2477.2
1370390 2484.6
1370400 2484.6
1370410 2492.7
1370420 2501.5
1370430 2501.5
1370440 2509.9
1370450 2517.8
1370460 2517.8
1370470 2525.8
1370480 2533.2
1370490 2533.2
1370500 2537.1
1370510 2541.8
1370520 2541.8
1370530 2545.1
1370540 2541.7
1370550 2537.0
1370560 2537.0
1370570 2531.6
1370580 2523.3
1370590 2523.3
1370600 2512.6
1370610 2501.5
1370620 2501.5
1370630 2490.8
1370640 2478.7
1370650 2478.7
1370660 2468.4
1370670 2460.7
1370680 2460.7
1370690 2450.9
1370700 2439.8
1370710 2428.5
1370720 2428.5
1370730 2420.3
1370740 2411.2
1370750 2411.2
1370760 2401.5
1370770 2394.1
1370780 2394.1
1370790 2388.3
1370800 2383.7
1370810 2383.7
1370820 2377.1
1370830 2369.1
1370840 2369.1
1370850 2362.5
1370860 2357.6
1370870 2357.6
1370880 2353.7
1370890 2350.6
1370900 2347.1
1370910 2347.1
1370920 2342.8
1370930 2337.7
1370940 2337.7
1370950 2332.1
1370960 2326.3
1370970 2326.3
1370980 2320.4
1370990 2314.4
1371000 2314.4
1371010 2308.4
1371020 2302.3
1371030 2302.3
1371040 2295.9
1371050 2289.5
1371060 2289.5
1371070 2283.8
1371080 2278.8
1371090 2273.9
1371100 2273.9
1371110 2268.6
1371120 2262.1
1371130 2262.1
1371140 2254.7
1371150 2247.6
1371160 2247.6
1371170 2240.6
1371180 2233.1
1371190 2233.1
1371200 2226.2
1371210 2219.6
1371220 2219.6
1371230 2212.8
1371240 2205.9
1371250 2199.1
1371260 2199.1
1371270 2192.2
1371280 2185.5
1371290 2185.5
1371300 2179.0
1371310 2172.9
1371320 2172.9
1371330 2167.2
1371340 2161.8
1371350 2161.8
1371360 2156.3
1371370 2150.4
1371380 2150.4
1371390 2144.3
1371400 2138.7
1371410 2138.7
1371420 2133.1
1371430 2127.3
1371440 2121.6
1371450 2121.6
1371460 2116.6
1371470 2111.6
1371480 2111.6
1371490 2106.1
1371500 2101.3
1371510 2101.3
1371520 2096.5
1371530 2091.3
1371540 2091.3
1371550 2086.4
1371560 2080.9
1371570 2080.9
1371580 2074.7
1371590 2069.7
1371600 2069.7
1371610 2066.4
1371620 2059.4
1371630 2052.3
1371640 2052.3
1371650 2046.0
1371660 2040.1
1371670 2040.1
1371680 2033.7
1371690 2027.1
1371700 2027.1
1371710 2020.0
1371720 2013.1
1371730 2013.1
1371740 2006.8
1371750 2000.5
1371760 2000.5
1371770 1994.3
1371780 1988.0
1371790 1980.5
1371800 1980.5
1371810 1974.2
1371820 1969.7
1371830 1969.7
1371840 1965.5
1371850 1960.3
1371860 1960.3
1371870 1955.8
1371880 1952.2
1371890 1952.2
1371900 1946.3
1371910 1940.6
1371920 1940.6
1371930 1938.2
1371940 1936.5
1371950 1936.5
1371960 1931.5
1371970 1926.3
1371980 1922.1
1371990 1922.1
1372000 1917.6
1372010 1914.5
1372020 1914.5
1372030 1912.1
1372040 1907.5
1372050 1907.5
1372060 1901.9
1372070 1896.1
1372080 1896.1
1372090 1890.9
1372100 1887.6
1372110 1887.6
1372120 1884.5
1372130 1881.6
1372140 1881.6
1372150 1878.4
1372160 1874.5
1372170 1870.4
1372180 1870.4
1372190 1865.6
1372200 1862.4
1372210 1862.4
1372220 1860.6
1372230 1859.4
1372240 1859.4
1372250 1858.7
1372260 1857.8
1372270 1857.8
1372280 1855.8
1372290 1850.9
1372300 1850.9
1372310 1844.7
1372320 1839.9
1372330 1836.6
1372340 1836.6
1372350 1834.3
1372360 1832.3
1372370 1832.3
1372380 1828.6
1372390 1822.6
1372400 1822.6
1372410 1816.7
1372420 1810.6
1372430 1810.6
1372440 1805.0
1372450 1800.8
1372460 1800.8
1372470 1796.8
1372480 1791.1
1372490 1791.1
1372500 1784.4
1372510 1779.2
1372520 1774.7
1372530 1774.7
1372540 1771.2
1372550 1768.5
1372560 1768.5
1372570 1764.6
1372580 1761.2
1372590 1761.2
1372600 1758.7
1372610 1756.1
1372620 1756.1
1372630 1752.7
1372640 1748.4
1372650 1748.4
1372660 1743.3
1372670 1738.1
1372680 1738.1
1372690 1732.3
1372700 1726.2
1372710 1719.8
1372720 1719.8
1372730 1711.0
1372740 1705.3
1372750 1705.3
1372760 1701.8
1372770 1698.3
1372780 1698.3
1372790 1696.5
1372800 1696.3
1372810 1696.3
1372820 1695.4
1372830 1691.6
1372840 1691.6
1372850 1685.7
1372860 1679.2
1372870 1672.9
1372880 1672.9
1372890 1666.7
1372900 1660.8
1372910 1660.8
1372920 1655.1
1372930 1649.2
1372940 1649.2
1372950 1643.3
1372960 1638.2
1372970 1638.2
1372980 1633.5
1372990 1628.6
1373000 1628.6
1373010 1623.4
1373020 1617.9
1373030 1617.9
1373040 1611.9
1373050 1605.7
1373060 1599.8
1373070 1599.8
1373080 1594.1
1373090 1587.2
1373100 1587.2
1373110 1579.5
1373120 1575.1
1373130 1575.1
1373140 1571.3
1373150 1565.0
1373160 1565.0
1373170 1557.1
1373180 1548.9
1373190 1548.9
1373200 1540.8
1373210 1532.3
1373220 1532.3
1373230 1524.8
1373240 1519.9
1373250 1516.1
1373260 1516.1
1373270 1514.1
1373280 1513.2
1373290 1513.2
1373300 1511.9
1373310 1510.0
1373320 1510.0
1373330 1508.0
1373340 1505.8
1373350 1505.8
1373360 1503.6
1373370 1501.7
1373380 1501.7
1373390 1500.1
1373400 1498.7
1373410 1498.2
1373420 1498.2
1373430 1499.4
1373440 1502.1
1373450 1502.1
1373460 1506.7
1373470 1512.5
1373480 1512.5
1373490 1519.0
1373500 1526.1
1373510 1526.1
1373520 1533.7
1373530 1541.6
1373540 1541.6
1373550 1550.0
1373560 1557.8
1373570 1557.8
1373580 1563.8
1373590 1568.9
1373600 1571.6
1373610 1571.6
1373620 1575.2
1373630 1579.2
1373640 1579.2
1373650 1583.8
1373660 1588.1
1373670 1588.1
1373680 1591.0
1373690 1594.9
1373700 1594.9
1373710 1599.8
1373720 1604.4
1373730 1604.4
1373740 1609.8
1373750 1615.2
1373760 1615.2
1373770 1620.3
1373780 1625.1
1373790 1629.0
1373800 1629.0
1373810 1632.5
1373820 1635.6
1373830 1635.6
1373840 1638.9
1373850 1642.2
1373860 1642.2
1373870 1644.8
1373880 1649.6
1373890 1649.6
1373900 1654.9
1373910 1660.5
1373920 1660.5
1373930 1666.4
1373940 1672.2
1373950 1678.2
1373960 1678.2
1373970 1683.5
1373980 1689.6
1373990 1689.6
1374000 1696.4
1374010 1701.1
1374020 1701.1
1374030 1703.9
1374040 1707.2
1374050 1707.2
1374060 1710.5
1374070 1713.3
1374080 1713.3
1374090 1715.7
1374100 1718.3
1374110 1718.3
1374120 1721.2
1374130 1724.9
1374140 1728.2
1374150 1728.2
1374160 1731.2
1374170 1734.9
1374180 1734.9
1374190 1737.7
1374200 1739.8
1374210 1739.8
1374220 1741.8
1374230 1744.5
1374240 1744.5
1374250 1747.7
1374260 1751.3
1374270 1751.3
1374280 1755.3
1374290 1759.7
1374300 1764.8
1374310 1764.8
1374320 1770.1
1374330 1775.7
1374340 1775.7
1374350 1781.2
1374360 1787.5
1374370 1787.5
1374380 1794.6
1374390 1801.7
1374400 1801.7
1374410 1808.3
1374420 1814.4
1374430 1814.4
1374440 1820.3
1374450 1826.7
1374460 1826.7
1374470 1833.2
1374480 1840.2
1374490 1847.1
1374500 1847.1
1374510 1853.3
1374520 1858.8
1374530 1858.8
1374540 1864.5
1374550 1871.5
1374560 1871.5
1374570 1878.4
1374580 1883.6
1374590 1883.6
1374600 1887.9
1374610 1893.1
1374620 1893.1
1374630 1899.5
1374640 1905.5
1374650 1905.5
1374660 1911.4
1374670 1917.2
1374680 1922.0
1374690 1922.0
1374700 1926.5
1374710 1931.8
1374720 1931.8
1374730 1937.0
1374740 1941.7
1374750 1941.7
1374760 1944.3
1374770 1946.7
1374780 1946.7
1374790 1949.3
1374800 1951.7
1374810 1951.7
1374820 1954.2
1374830 1957.4
1374840 1961.0
1374850 1961.0
1374860 1964.7
1374870 1968.8
1374880 1968.8
1374890 1974.2
1374900 1981.3
1374910 1981.3
1374920 1988.2
1374930 1993.4
1374940 1993.4
1374950 1999.0
1374960 2004.3
1374970 2004.3
1374980 2009.1
1374990 2014.2
1375000 2014.2
1375010 2019.5
1375020 2024.5
1375030 2029.1
1375040 2029.1
1375050 2032.8
1375060 2036.6
1375070 2036.6
1375080 2040.1
1375090 2043.2
1375100 2043.2
1375110 2046.5
1375120 2049.8
1375130 2049.8
1375140 2054.8
1375150 2060.3
1375160 2060.3
1375170 2065.0
1375180 2069.0
1375190 2069.0
1375200 2073.4
1375210 2078.5
1375220 2083.7
1375230 2083.7
1375240 2088.2
1375250 2092.3
1375260 2092.3
1375270 2095.9
1375280 2099.3
1375290 2099.3
1375300 2102.5
1375310 2104.4
1375320 2104.4
1375330 2105.7
1375340 2107.4
1375350 2107.4
1375360 2109.2
1375370 2110.9
1375380 2111.8
1375390 2111.8
1375400 2113.4
1375410 2115.4
1375420 2115.4
1375430 2118.7
1375440 2122.1
1375450 2122.1
1375460 2125.3
1375470 2127.6
1375480 2127.6
1375490 2129.4
1375500 2130.3
1375510 2130.3
1375520 2130.6
1375530 2130.6
1375540 2130.6
1375550 2130.6
1375560 2131.1
1375570 2130.7
1375580 2130.7
1375590 2128.0
1375600 2126.0
1375610 2126.0
1375620 2124.1
1375630 2122.6
1375640 2122.6
1375650 2122.3
1375660 2122.0
1375670 2122.0
1375680 2122.1
1375690 2123.1
1375700 2123.1
1375710 2125.8
1375720 2128.2
1375730 2128.2
1375740 2126.8
1375750 2123.9
1375760 2119.7
1375770 2119.7
1375780 2116.2
1375790 2113.7
1375800 2113.7
1375810 2111.3
1375820 2109.2
1375830 2109.2
1375840 2107.4
1375850 2105.3
1375860 2105.3
1375870 2102.7
1375880 2099.1
1375890 2099.1
1375900 2095.6
1375910 2094.0
1375920 2093.3
1375930 2093.3
1375940 2091.3
1375950 2090.7
1375960 2090.7
1375970 2093.9
1375980 2100.2
1375990 2100.2
1376000 2105.5
1376010 2108.7
1376020 2108.7
1376030 2111.0
1376040 2114.2
1376050 2114.2
1376060 2119.0
1376070 2124.3
1376080 2124.3
1376090 2128.6
1376100 2132.1
1376110 2135.2
1376120 2135.2
1376130 2137.9
1376140 2138.5
1376150 2138.5
1376160 2133.0
1376170 2118.7
1376180 2118.7
1376190 2122.8
1376200 2131.1
1376210 2131.1
1376220 2139.9
1376230 2147.7
1376240 2147.7
1376250 2154.3
1376260 2159.9
1376270 2159.9
1376280 2165.4
1376290 2170.8
1376300 2175.8
1376310 2175.8
1376320 2179.9
1376330 2182.8
1376340 2182.8
1376350 2185.7
1376360 2188.5
1376370 2188.5
1376380 2190.4
1376390 2191.6
1376400 2191.6
1376410 2192.4
1376420 2193.9
1376430 2193.9
1376440 2196.4
1376450 2199.2
1376460 2202.4
1376470 2202.4
1376480 2206.7
1376490 2210.7
1376500 2210.7
1376510 2212.4
1376520 2213.4
1376530 2213.4
1376540 2215.7
1376550 2219.0
1376560 2219.0
1376570 2222.1
1376580 2225.4
1376590 2225.4
1376600 2229.4
1376610 2232.0
1376620 2232.0
1376630 2234.4
1376640 2236.9
1376650 2238.8
1376660 2238.8
1376670 2240.0
1376680 2240.9
1376690 2240.9
1376700 2241.3
1376710 2242.6
1376720 2242.6
1376730 2245.3
1376740 2248.6
1376750 2248.6
1376760 2251.8
1376770 2254.5
1376780 2254.5
1376790 2257.0
1376800 2259.8
1376810 2259.8
1376820 2262.9
1376830 2266.2
1376840 2269.0
1376850 2269.0
1376860 2272.3
1376870 2275.3
1376880 2275.3
1376890 2277.1
1376900 2278.5
1376910 2278.5
1376920 2279.9
1376930 2280.9
1376940 2280.9
1376950 2278.3
1376960 2272.7
1376970 2272.7
1376980 2267.8
1376990 2266.6
1377000 2265.2
1377010 2265.2
1377020 2258.3
1377030 2251.9
1377040 2251.9
1377050 2251.1
1377060 2252.2
1377070 2252.2
1377080 2246.9
1377090 2240.0
1377100 2240.0
1377110 2235.9
1377120 2236.1
1377130 2236.1
1377140 2237.3
1377150 2239.2
1377160 2239.2
1377170 2240.0
1377180 2241.9
1377190 2243.9
1377200 2243.9
1377210 2241.8
1377220 2236.5
1377230 2236.5
1377240 2234.2
1377250 2233.5
1377260 2233.5
1377270 2228.8
1377280 2223.2
1377290 2223.2
1377300 2218.4
1377310 2213.9
1377320 2213.9
1377330 2211.6
1377340 2206.1
1377350 2206.1
1377360 2200.5
1377370 2195.1
1377380 2189.1
1377390 2189.1
1377400 2183.6
1377410 2178.2
1377420 2178.2
1377430 2173.5
1377440 2169.5
1377450 2169.5
1377460 2165.6
1377470 2156.9
1377480 2156.9
1377490 2145.3
1377500 2134.5
1377510 2134.5
1377520 2124.7
1377530 2114.6
1377540 2099.0
1377550 2099.0
1377560 2085.4
1377570 2076.4
1377580 2076.4
1377590 2069.0
1377600 2062.1
1377610 2062.1
1377620 2055.0
1377630 2047.7
1377640 2047.7
1377650 2040.4
1377660 2034.0
1377670 2034.0
1377680 2029.3
1377690 2026.1
1377700 2026.1
1377710 2019.0
1377720 2011.3
1377730 2004.9
1377740 2004.9
1377750 1997.7
1377760 1989.1
1377770 1989.1
1377780 1981.6
1377790 1976.0
1377800 1976.0
1377810 1970.8
1377820 1965.8
1377830 1965.8
1377840 1960.6
1377850 1955.5
1377860 1955.5
1377870 1949.1
1377880 1940.8
1377890 1932.4
1377900 1932.4
1377910 1925.2
1377920 1918.8
1377930 1918.8
1377940 1912.8
1377950 1908.0
1377960 1908.0
1377970 1903.1
1377980 1897.1
1377990 1897.1
1378000 1893.3
1378010 1890.3
1378020 1890.3
1378030 1886.7
1378040 1882.3
1378050 1882.3
1378060 1878.0
1378070 1874.3
1378080 1870.7
1378090 1870.7
1378100 1867.0
1378110 1863.2
1378120 1863.2
1378130 1859.6
1378140 1856.3
1378150 1856.3
1378160 1853.6
1378170 1851.4
1378180 1851.4
1378190 1848.6
1378200 1845.5
1378210 1845.5
1378220 1841.8
1378230 1838.5
1378240 1838.5
1378250 1835.5
1378260 1832.2
1378270 1828.6
1378280 1828.6
1378290 1825.3
1378300 1822.1
1378310 1822.1
1378320 1819.6
1378330 1817.3
1378340 1817.3
1378350 1815.0
1378360 1812.2
1378370 1812.2
1378380 1809.9
1378390 1807.4
1378400 1807.4
1378410 1805.4
1378420 1803.3
1378430 1801.3
1378440 1801.3
1378450 1799.6
1378460 1798.0
1378470 1798.0
1378480 1796.4
1378490 1794.9
1378500 1794.9
1378510 1799.3
1378520 1806.2
1378530 1806.2
1378540 1811.5
1378550 1813.1
1378560 1813.1
1378570 1817.5
1378580 1823.7
1378590 1823.7
1378600 1828.3
1378610 1832.1
1378620 1836.3
1378630 1836.3
1378640 1841.0
1378650 1845.7
1378660 1845.7
1378670 1851.7
1378680 1858.4
1378690 1858.4
1378700 1866.6
1378710 1877.0
1378720 1877.0
1378730 1887.9
1378740 1897.7
1378750 1897.7
1378760 1905.7
1378770 1912.8
1378780 1912.8
1378790 1921.7
1378800 1930.9
1378810 1935.7
1378820 1935.7
1378830 1934.9
1378840 1940.8
1378850 1940.8
1378860 1947.5
1378870 1954.4
1378880 1954.4
1378890 1961.7
1378900 1969.2
1378910 1969.2
1378920 1975.6
1378930 1981.0
1378940 1981.0
1378950 1987.3
1378960 1994.2
1378970 2001.1
1378980 2001.1
1378990 2007.6
1379000 2012.2
1379010 2012.2
1379020 2016.6
1379030 2021.0
1379040 2021.0
1379050 2026.0
1379060 2031.3
1379070 2031.3
1379080 2036.6
1379090 2042.7
1379100 2042.7
1379110 2049.2
1379120 2054.8
1379130 2054.8
1379140 2059.1
1379150 2062.9
1379160 2067.8
1379170 2067.8
1379180 2070.3
1379190 2072.2
1379200 2072.2
1379210 2077.1
1379220 2082.9
1379230 2082.9
1379240 2089.2
1379250 2095.3
1379260 2095.3
1379270 2100.4
1379280 2103.8
1379290 2103.8
1379300 2107.6
1379310 2113.4
1379320 2113.4
1379330 2120.6
1379340 2129.3
1379350 2138.3
1379360 2138.3
1379370 2145.9
1379380 2154.3
1379390 2154.3
1379400 2161.2
1379410 2166.2
1379420 2166.2
1379430 2171.2
1379440 2178.2
1379450 2178.2
1379460 2186.3
1379470 2194.4
1379480 2194.4
1379490 2202.7
1379500 2208.6
1379510 2211.6
1379520 2211.6
1379530 2213.8
1379540 2219.5
1379550 2219.5
1379560 2226.4
1379570 2230.8
1379580 2230.8
1379590 2232.3
1379600 2234.4
1379610 2234.4
1379620 2237.8
1379630 2241.8
1379640 2241.8
1379650 2246.4
1379660 2250.5
1379670 2250.5
1379680 2255.3
1379690 2259.4
1379700 2264.8
1379710 2264.8
1379720 2273.5
1379730 2280.2
1379740 2280.2
1379750 2287.9
1379760 2296.3
1379770 2296.3
1379780 2303.2
1379790 2310.6
1379800 2310.6
1379810 2318.0
1379820 2325.6
1379830 2325.6
1379840 2331.5
1379850 2337.3
1379860 2337.3
1379870 2343.6
1379880 2349.7
1379890 2356.1
1379900 2356.1
1379910 2362.6
1379920 2369.1
1379930 2369.1
1379940 2374.7
1379950 2379.4
1379960 2379.4
1379970 2383.1
1379980 2386.8
1379990 2386.8
