1368680 2306.7
1368690 2306.7
1368700 2308.4
1368710 2309.7
1368720 2309.7
1368730 2311.2
1368740 2312.6
1368750 2312.6
1368760 2314.6
1368770 2316.8
1368780 2318.4
1368790 2318.4
1368800 2320.4
1368810 2322.5
1368820 2322.5
1368830 2324.7
1368840 2327.9
1368850 2327.9
1368860 2331.5
1368870 2335.6
1368880 2335.6
1368890 2340.2
1368900 2345.4
1368910 2345.4
1368920 2350.8
1368930 2356.7
1368940 2356.7
1368950 2363.6
1368960 2371.6
1368970 2380.5
1368980 2380.5
1368990 2388.5
1369000 2395.2
1369010 2395.2
1369020 2402.6
1369030 2408.8
1369040 2408.8
1369050 2410.0
1369060 2411.2
1369070 2411.2
1369080 2415.9
1369090 2422.0
1369100 2422.0
1369110 2428.6
1369120 2434.7
1369130 2439.9
1369140 2439.9
1369150 2442.7
1369160 2443.9
1369170 2443.9
1369180 2444.6
1369190 2445.3
1369200 2445.3
1369210 2446.4
1369220 2446.1
1369230 2446.1
1369240 2445.9
1369250 2448.2
1369260 2448.2
1369270 2451.0
1369280 2452.1
1369290 2452.1
1369300 2452.6
1369310 2453.4
1369320 2455.3
1369330 2455.3
1369340 2457.5
1369350 2459.0
1369360 2459.0
1369370 2461.2
1369380 2463.6
1369390 2463.6
1369400 2466.6
1369410 2470.9
1369420 2470.9
1369430 2475.9
1369440 2481.0
1369450 2481.0
1369460 2486.4
1369470 2492.6
1369480 2492.6
1369490 2503.0
1369500 2512.3
1369510 2517.8
1369520 2517.8
1369530 2523.6
1369540 2531.5
1369550 2531.5
1369560 2539.9
1369570 2546.9
1369580 2546.9
1369590 2554.0
1369600 2562.2
1369610 2562.2
1369620 2569.0
1369630 2577.2
1369640 2577.2
1369650 2590.1
1369660 2599.2
1369670 2599.2
1369680 2593.8
1369690 2591.7
1369700 2591.2
1369710 2591.2
1369720 2584.5
1369730 2582.3
1369740 2582.3
1369750 2575.1
1369760 2568.7
1369770 2568.7
1369780 2564.8
1369790 2561.6
1369800 2561.6
1369810 2559.1
1369820 2558.6
1369830 2558.6
1369840 2557.6
1369850 2556.7
1369860 2556.0
1369870 2556.0
1369880 2555.4
1369890 2555.4
1369900 2555.4
1369910 2555.3
1369920 2555.4
1369930 2555.4
1369940 2555.2
1369950 2554.9
1369960 2554.9
1369970 2554.9
1369980 2555.2
1369990 2555.2
1370000 2555.6
1370010 2556.6
1370020 2556.6
1370030 2558.0
1370040 2559.5
1370050 2561.0
1370060 2561.0
1370070 2563.6
1370080 2566.7
1370090 2566.7
1370100 2570.1
1370110 2574.4
1370120 2574.4
1370130 2578.2
1370140 2580.7
1370150 2580.7
1370160 2583.4
1370170 2585.9
1370180 2585.9
1370190 2587.3
1370200 2588.3
1370210 2588.3
1370220 2590.1
1370230 2587.5
1370240 2580.0
1370250 2580.0
1370260 2573.7
1370270 2568.9
1370280 2568.9
1370290 2563.8
1370300 2557.9
1370310 2557.9
1370320 2552.7
1370330 2548.9
1370340 2548.9
1370350 2543.3
1370360 2537.1
1370370 2537.1
1370380 2532.6
1370390 2530.4
1370400 2526.6
1370410 2526.6
1370420 2517.5
1370430 2509.4
1370440 2509.4
1370450 2501.8
1370460 2495.3
1370470 2495.3
1370480 2489.8
1370490 2483.7
1370500 2483.7
1370510 2478.6
1370520 2474.3
1370530 2474.3
1370540 2471.7
1370550 2470.2
1370560 2470.2
1370570 2469.5
1370580 2468.8
1370590 2468.4
1370600 2468.4
1370610 2467.7
1370620 2468.5
1370630 2468.5
1370640 2468.3
1370650 2467.3
1370660 2467.3
1370670 2467.2
1370680 2468.9
1370690 2468.9
1370700 2467.0
1370710 2463.1
1370720 2463.1
1370730 2464.9
1370740 2468.2
1370750 2468.2
1370760 2468.5
1370770 2466.7
1370780 2460.3
1370790 2467.3
1370800 2456.5
1370810 2449.0
1370820 2449.0
1370830 2442.2
1370840 2436.3
1370850 2436.3
1370860 2432.4
1370870 2431.5
1370880 2431.5
1370890 2429.0
1370900 2424.3
1370910 2424.3
1370920 2423.1
1370930 2423.3
1370940 2426.9
1370950 2426.9
1370960 2431.2
1370970 2434.2
1370980 2434.2
1370990 2438.2
1371000 2438.0
1371010 2438.0
1371020 2438.2
1371030 2435.7
1371040 2435.7
1371050 2431.3
1371060 2428.0
1371070 2428.0
1371080 2425.6
1371090 2424.0
1371100 2424.0
1371110 2422.9
1371120 2421.3
1371130 2418.1
1371140 2418.1
1371150 2413.4
1371160 2406.6
1371170 2406.6
1371180 2397.8
1371190 2387.5
1371200 2387.5
1371210 2381.6
1371220 2374.6
1371230 2374.6
1371240 2368.6
1371250 2363.8
1371260 2363.8
1371270 2361.1
1371280 2357.9
1371290 2357.9
1371300 2354.1
1371310 2350.3
1371320 2344.1
1371330 2344.1
1371340 2337.4
1371350 2332.0
1371360 2332.0
1371370 2327.4
1371380 2321.6
1371390 2321.6
1371400 2314.7
1371410 2303.1
1371420 2303.1
1371430 2290.3
1371440 2279.9
1371450 2279.9
1371460 2270.8
1371470 2263.3
1371480 2255.8
1371490 2255.8
1371500 2247.5
1371510 2242.2
1371520 2242.2
1371530 2237.6
1371540 2233.4
1371550 2233.4
1371560 2229.4
1371570 2224.6
1371580 2224.6
1371590 2219.6
1371600 2214.9
1371610 2214.9
1371620 2210.3
1371630 2207.6
1371640 2207.6
1371650 2206.8
1371660 2204.0
1371670 2198.5
1371680 2198.5
1371690 2191.0
1371700 2180.1
1371710 2180.1
1371720 2171.9
1371730 2165.7
1371740 2165.7
1371750 2158.9
1371760 2152.0
1371770 2152.0
1371780 2144.2
1371790 2135.7
1371800 2135.7
1371810 2129.2
1371820 2123.4
1371830 2123.4
1371840 2118.5
1371850 2114.3
1371860 2109.8
1371870 2109.8
1371880 2103.8
1371890 2096.2
1371900 2095.0
1371910 2086.9
1371920 2080.1
1371930 2080.1
1371940 2073.9
1371950 2067.1
1371960 2067.1
1371970 2061.3
1371980 2055.1
1371990 2055.1
1372000 2049.2
1372010 2042.7
1372020 2042.7
1372030 2037.5
1372040 2034.3
1372050 2035.6
1372060 2035.6
1372070 2027.0
1372080 2021.3
1372090 2021.3
1372100 2015.9
1372110 2008.1
1372120 2008.1
1372130 1997.9
1372140 1990.4
1372150 1990.4
1372160 1983.2
1372170 1975.9
1372180 1975.9
1372190 1974.6
1372200 1977.5
1372210 1980.8
1372220 1980.8
1372230 1982.6
1372240 1985.1
1372250 1985.1
1372260 1982.0
1372270 1972.5
1372280 1972.5
1372290 1960.6
1372300 1946.4
1372310 1946.4
1372320 1938.7
1372330 1930.9
1372340 1930.9
1372350 1922.0
1372360 1913.6
1372370 1913.6
1372380 1906.0
1372390 1897.7
1372400 1889.2
1372410 1889.2
1372420 1880.1
1372430 1869.6
1372440 1869.6
1372450 1861.1
1372460 1855.1
1372470 1855.1
1372480 1851.3
1372490 1846.7
1372500 1846.7
1372510 1840.7
1372520 1834.8
1372530 1834.8
1372540 1829.6
1372550 1823.5
1372560 1823.5
1372570 1816.4
1372580 1810.2
1372590 1805.6
1372600 1805.6
1372610 1801.4
1372620 1796.6
1372630 1796.6
1372640 1788.9
1372650 1778.7
1372660 1778.7
1372670 1770.4
1372680 1764.7
1372690 1764.7
1372700 1759.8
1372710 1754.0
1372720 1754.0
1372730 1748.6
1372740 1742.2
1372750 1735.2
1372760 1735.2
1372770 1727.4
1372780 1720.0
1372790 1720.0
1372800 1713.3
1372810 1707.0
1372820 1707.0
1372830 1701.5
1372840 1696.0
1372850 1696.0
1372860 1691.2
1372870 1687.1
1372880 1687.1
1372890 1682.2
1372900 1674.7
1372910 1674.7
1372920 1667.0
1372930 1663.5
1372940 1659.3
1372950 1659.3
1372960 1653.8
1372970 1649.9
1372980 1649.9
1372990 1646.2
1373000 1641.8
1373010 1641.8
1373020 1637.4
1373030 1631.5
1373040 1631.5
1373050 1626.6
1373060 1621.7
1373070 1621.7
1373080 1618.0
1373090 1615.6
1373100 1615.6
1373110 1611.5
1373120 1607.2
1373130 1603.9
1373140 1603.9
1373150 1598.3
1373160 1587.5
1373170 1587.5
1373180 1579.9
1373190 1573.2
1373200 1573.2
1373210 1570.2
1373220 1570.0
1373230 1570.0
1373240 1569.8
1373250 1569.5
1373260 1569.5
1373270 1569.1
1373280 1570.7
1373290 1572.3
1373300 1572.3
1373310 1573.5
1373320 1575.6
1373330 1575.6
1373340 1579.5
1373350 1583.7
1373360 1583.7
1373370 1587.8
1373380 1591.8
1373390 1591.8
1373400 1595.1
1373410 1598.4
1373420 1598.4
1373430 1603.5
1373440 1610.0
1373450 1610.0
1373460 1616.6
1373470 1622.2
1373480 1627.3
1373490 1627.3
1373500 1631.0
1373510 1636.3
1373520 1636.3
1373530 1642.9
1373540 1649.6
1373550 1649.6
1373560 1653.6
1373570 1658.6
1373580 1658.6
1373590 1664.5
1373600 1671.0
1373610 1671.0
1373620 1677.2
1373630 1682.0
1373640 1682.0
1373650 1685.8
1373660 1689.9
1373670 1694.1
1373680 1694.1
1373690 1697.2
1373700 1703.2
1373710 1703.2
1373720 1710.2
1373730 1718.2
1373740 1718.2
1373750 1725.8
1373760 1730.4
1373770 1730.4
1373780 1735.7
1373790 1739.4
1373800 1739.4
1373810 1743.5
1373820 1748.0
1373830 1753.9
1373840 1753.9
1373850 1760.7
1373860 1768.6
1373870 1768.6
1373880 1777.6
1373890 1786.8
1373900 1786.8
1373910 1794.5
1373920 1801.1
1373930 1801.1
1373940 1806.9
1373950 1812.1
1373960 1812.1
1373970 1817.4
1373980 1822.5
1373990 1822.5
1374000 1826.8
1374010 1829.8
1374020 1832.8
1374030 1832.8
1374040 1836.5
1374050 1840.9
1374060 1840.9
1374070 1844.6
1374080 1847.6
1374090 1847.6
1374100 1850.5
1374110 1853.4
1374120 1853.4
1374130 1857.3
1374140 1860.8
1374150 1860.8
1374160 1863.3
1374170 1866.0
1374180 1866.0
1374190 1868.4
1374200 1871.1
1374210 1874.2
1374220 1874.2
1374230 1878.2
1374240 1882.1
1374250 1882.1
1374260 1886.4
1374270 1891.8
1374280 1891.8
1374290 1897.6
1374300 1902.5
1374310 1902.5
1374320 1906.9
1374330 1913.3
1374340 1913.3
1374350 1917.6
1374360 1918.3
1374370 1918.3
1374380 1920.3
1374390 1922.4
1374400 1924.9
1374410 1924.9
1374420 1929.3
1374430 1933.3
1374440 1933.3
1374450 1936.9
1374460 1940.2
1374470 1940.2
1374480 1943.4
1374490 1947.7
1374500 1947.7
1374510 1951.9
1374520 1955.6
1374530 1955.6
1374540 1958.2
1374550 1960.7
1374560 1963.8
1374570 1963.8
1374580 1967.0
1374590 1969.5
1374600 1969.5
1374610 1973.5
1374620 1977.9
1374630 1977.9
1374640 1981.9
1374650 1985.9
1374660 1985.9
1374670 1988.6
1374680 1989.8
1374690 1989.8
1374700 1995.1
1374710 2000.7
1374720 2000.7
1374730 2004.8
1374740 2008.4
1374750 2012.7
1374760 2012.7
1374770 2018.5
1374780 2024.7
1374790 2024.7
1374800 2029.9
1374810 2033.2
1374820 2033.2
1374830 2036.5
1374840 2041.5
1374850 2041.5
1374860 2046.5
1374870 2050.7
1374880 2050.7
1374890 2054.7
1374900 2059.2
1374910 2059.2
1374920 2064.3
1374930 2069.9
1374940 2075.5
1374950 2075.5
1374960 2081.3
1374970 2086.4
1374980 2086.4
1374990 2090.9
1375000 2096.2
1375010 2096.2
1375020 2101.6
1375030 2107.2
1375040 2107.2
1375050 2112.3
1375060 2117.3
1375070 2117.3
1375080 2122.0
1375090 2127.2
1375100 2131.7
1375110 2131.7
1375120 2136.3
1375130 2140.7
1375140 2140.7
1375150 2146.5
1375160 2151.7
1375170 2151.7
1375180 2156.4
1375190 2161.6
1375200 2161.6
1375210 2166.3
1375220 2170.3
1375230 2170.3
1375240 2175.0
1375250 2180.3
1375260 2180.3
1375270 2186.5
1375280 2192.1
1375290 2196.7
1375300 2196.7
1375310 2198.1
1375320 2202.3
1375330 2202.3
1375340 2207.9
1375350 2210.3
1375360 2210.3
1375370 2211.8
1375380 2214.7
1375390 2214.7
1375400 2216.6
1375410 2217.9
1375420 2217.9
1375430 2220.1
1375440 2222.0
1375450 2222.0
1375460 2224.3
1375470 2227.7
1375480 2231.5
1375490 2231.5
1375500 2233.5
1375510 2235.1
1375520 2235.1
1375530 2238.0
1375540 2241.6
1375550 2241.6
1375560 2245.6
1375570 2249.7
1375580 2249.7
1375590 2254.3
1375600 2258.9
1375610 2258.9
1375620 2263.2
1375630 2267.7
1375640 2272.4
1375650 2272.4
1375660 2277.0
1375670 2282.0
1375680 2282.0
1375690 2287.4
1375700 2291.5
1375710 2291.5
1375720 2292.6
1375730 2292.8
1375740 2292.8
1375750 2293.5
1375760 2295.1
1375770 2295.1
1375780 2296.7
1375790 2298.6
1375800 2298.6
1375810 2301.2
1375820 2304.7
1375830 2309.4
1375840 2309.4
1375850 2315.3
1375860 2321.7
1375870 2321.7
1375880 2328.6
1375890 2335.8
1375900 2335.8
1375910 2342.2
1375920 2347.2
1375930 2347.2
1375940 2350.7
1375950 2354.4
1375960 2354.4
1375970 2360.2
1375980 2365.8
1375990 2365.8
1376000 2369.0
1376010 2369.3
1376020 2369.1
1376030 2369.1
1376040 2369.7
1376050 2371.2
1376060 2371.2
1376070 2372.3
1376080 2373.0
1376090 2373.0
1376100 2374.7
1376110 2376.2
1376120 2376.2
1376130 2376.4
1376140 2377.1
1376150 2377.1
1376160 2381.4
1376170 2387.1
1376180 2393.0
1376190 2393.0
1376200 2398.8
1376210 2405.1
1376220 2405.1
1376230 2411.3
1376240 2418.1
1376250 2418.1
1376260 2425.0
1376270 2432.2
1376280 2432.2
1376290 2438.5
1376300 2445.1
1376310 2445.1
1376320 2450.4
1376330 2454.7
1376340 2454.7
1376350 2458.2
1376360 2463.4
1376370 2467.1
1376380 2467.1
1376390 2469.5
1376400 2472.6
1376410 2472.6
1376420 2477.5
1376430 2483.0
1376440 2483.0
1376450 2488.3
1376460 2494.3
1376470 2497.7
1376480 2505.3
1376490 2513.1
1376500 2513.1
1376510 2520.3
1376520 2525.8
1376530 2525.8
1376540 2532.8
1376550 2541.7
1376560 2549.3
1376570 2549.3
1376580 2556.0
1376590 2561.7
1376600 2561.7
1376610 2565.6
1376620 2570.3
1376630 2570.3
1376640 2576.9
1376650 2584.5
1376660 2584.5
1376670 2590.8
1376680 2595.8
1376690 2595.8
1376700 2602.0
1376710 2609.1
1376720 2615.4
1376730 2615.4
1376740 2623.2
1376750 2629.5
1376760 2629.5
1376770 2634.3
1376780 2639.6
1376790 2639.6
1376800 2643.0
1376810 2644.9
1376820 2644.9
1376830 2646.4
1376840 2648.5
1376850 2648.5
1376860 2650.9
1376870 2654.2
1376880 2654.2
1376890 2657.9
1376900 2661.5
1376910 2663.2
1376920 2663.2
1376930 2664.0
1376940 2665.6
1376950 2665.6
1376960 2668.3
1376970 2668.9
1376980 2668.9
1376990 2667.3
1377000 2664.4
1377010 2664.4
1377020 2661.0
1377030 2657.7
1377040 2657.7
1377050 2655.7
1377060 2650.6
1377070 2650.6
1377080 2645.5
1377090 2641.5
1377100 2638.1
1377110 2638.1
1377120 2634.6
1377130 2629.9
1377140 2629.9
1377150 2624.9
1377160 2620.0
1377170 2620.0
1377180 2614.9
1377190 2605.8
1377200 2605.8
1377210 2595.7
1377220 2588.2
1377230 2588.2
1377240 2581.3
1377250 2577.2
1377260 2577.2
1377270 2573.1
1377280 2570.5
1377290 2569.3
1377300 2569.3
1377310 2568.1
1377320 2567.2
1377330 2567.2
1377340 2564.1
1377350 2560.9
1377360 2560.9
1377370 2557.4
1377380 2551.6
1377390 2551.6
1377400 2545.7
1377410 2541.6
1377420 2541.6
1377430 2535.9
1377440 2529.4
1377450 2522.7
1377460 2522.7
1377470 2516.9
1377480 2510.7
1377490 2510.7
1377500 2504.3
1377510 2497.0
1377520 2497.0
1377530 2489.3
1377540 2482.1
1377550 2482.1
1377560 2474.8
1377570 2466.8
1377580 2466.8
1377590 2453.6
1377600 2444.2
1377610 2444.2
1377620 2438.1
1377630 2431.9
1377640 2423.4
1377650 2423.4
1377660 2417.7
1377670 2413.0
1377680 2413.0
1377690 2405.7
1377700 2399.1
1377710 2399.1
1377720 2391.3
1377730 2384.0
1377740 2384.0
1377750 2379.1
1377760 2372.6
1377770 2372.6
1377780 2364.7
1377790 2357.4
1377800 2357.4
1377810 2349.1
1377820 2339.6
1377830 2330.7
1377840 2330.7
1377850 2318.9
1377860 2311.2
1377870 2311.2
1377880 2306.0
1377890 2305.1
1377900 2305.1
1377910 2307.9
1377920 2304.1
1377930 2304.1
1377940 2295.2
1377950 2288.2
1377960 2288.2
1377970 2284.0
1377980 2281.3
1377990 2281.1
1378000 2281.1
1378010 2283.6
1378020 2286.3
1378030 2286.3
1378040 2284.1
1378050 2277.2
1378060 2277.2
1378070 2269.5
1378080 2261.7
1378090 2261.7
1378100 2255.0
1378110 2248.8
1378120 2248.8
1378130 2242.6
1378140 2236.3
1378150 2236.3
1378160 2229.5
1378170 2223.1
1378180 2217.1
1378190 2217.1
1378200 2211.8
1378210 2208.4
1378220 2208.4
1378230 2204.7
1378240 2199.6
1378250 2199.6
1378260 2194.3
1378270 2188.8
1378280 2188.8
1378290 2182.4
1378300 2176.0
1378310 2176.0
1378320 2170.5
1378330 2165.6
1378340 2165.6
1378350 2160.9
1378360 2155.4
1378370 2149.6
1378380 2149.6
1378390 2143.7
1378400 2138.2
1378410 2138.2
1378420 2133.2
1378430 2129.1
1378440 2129.1
1378450 2125.0
1378460 2119.2
1378470 2119.2
1378480 2110.9
1378490 2103.6
1378500 2103.6
1378510 2098.7
1378520 2093.6
1378530 2086.5
1378540 2086.5
1378550 2077.4
1378560 2070.1
1378570 2070.1
1378580 2067.8
1378590 2066.6
1378600 2066.6
1378610 2064.1
1378620 2059.2
1378630 2059.2
1378640 2053.3
1378650 2045.6
1378660 2045.6
1378670 2040.4
1378680 2036.7
1378690 2036.7
1378700 2031.5
1378710 2025.1
1378720 2018.8
1378730 2018.8
1378740 2012.1
1378750 2005.2
1378760 2005.2
1378770 1997.7
1378780 1991.0
1378790 1991.0
1378800 1984.4
1378810 1977.2
1378820 1977.2
1378830 1970.2
1378840 1963.1
1378850 1963.1
1378860 1955.4
1378870 1947.0
1378880 1947.0
1378890 1938.5
1378900 1929.9
1378910 1923.5
1378920 1923.5
1378930 1922.4
1378940 1921.8
1378950 1921.8
1378960 1921.3
1378970 1920.7
1378980 1920.7
1378990 1920.4
1379000 1920.7
1379010 1920.7
1379020 1920.2
1379030 1922.7
1379040 1922.7
1379050 1927.1
1379060 1932.5
1379070 1939.6
1379080 1939.6
1379090 1948.0
1379100 1956.2
1379110 1956.2
1379120 1963.4
1379130 1969.5
1379140 1969.5
1379150 1975.9
1379160 1983.3
1379170 1983.3
1379180 1990.4
1379190 1996.1
1379200 1996.1
1379210 2002.8
1379220 2010.7
1379230 2010.7
1379240 2017.8
1379250 2024.6
1379260 2031.0
1379270 2031.0
1379280 2037.0
1379290 2041.8
1379300 2041.8
1379310 2047.3
1379320 2052.9
1379330 2052.9
1379340 2057.7
1379350 2062.4
1379360 2062.4
1379370 2067.7
1379380 2074.5
1379390 2074.5
1379400 2081.5
1379410 2086.5
1379420 2086.5
1379430 2090.8
1379440 2094.6
1379450 2099.2
1379460 2099.2
1379470 2105.2
1379480 2110.8
1379490 2110.8
1379500 2114.6
1379510 2117.0
1379520 2117.0
1379530 2119.3
1379540 2121.5
1379550 2121.5
1379560 2124.4
1379570 2128.2
1379580 2128.2
1379590 2132.8
1379600 2138.8
1379610 2144.2
1379620 2144.2
1379630 2147.9
1379640 2151.6
1379650 2151.6
1379660 2154.9
1379670 2157.4
1379680 2157.4
1379690 2159.3
1379700 2161.6
1379710 2161.6
1379720 2163.8
1379730 2166.9
1379740 2166.9
1379750 2172.9
1379760 2180.2
1379770 2180.2
1379780 2187.4
1379790 2193.1
1379800 2198.5
1379810 2198.5
1379820 2202.4
1379830 2205.0
1379840 2205.0
1379850 2207.2
1379860 2209.3
1379870 2209.3
1379880 2210.0
1379890 2211.8
1379900 2211.8
1379910 2213.8
1379920 2215.8
1379930 2215.8
1379940 2217.6
1379950 2218.5
1379960 2218.5
1379970 2218.5
1379980 2217.1
1379990 2215.3
