1369030 2456.1
1369040 2456.1
1369050 2456.4
1369060 2456.6
1369070 2456.6
1369080 2458.9
1369090 2464.5
1369100 2464.5
1369110 2471.3
1369120 2477.2
1369130 2477.2
1369140 2481.3
1369150 2483.9
1369160 2483.9
1369170 2486.8
1369180 2490.5
1369190 2493.6
1369200 2493.6
1369210 2496.0
1369220 2497.2
1369230 2497.2
1369240 2497.2
1369250 2496.8
1369260 2496.8
1369270 2494.2
1369280 2493.1
1369290 2493.1
1369300 2492.9
1369310 2493.8
1369320 2493.8
1369330 2494.7
1369340 2494.2
1369350 2494.2
1369360 2494.6
1369370 2495.3
1369380 2496.8
1369390 2496.8
1369400 2497.3
1369410 2499.3
1369420 2499.3
1369430 2503.7
1369440 2508.7
1369450 2508.7
1369460 2513.9
1369470 2519.5
1369480 2519.5
1369490 2525.5
1369500 2531.7
1369510 2531.7
1369520 2538.2
1369530 2544.6
1369540 2544.6
1369550 2551.2
1369560 2561.1
1369570 2573.9
1369580 2573.9
1369590 2583.7
1369600 2602.1
1369610 2602.1
1369620 2608.4
1369630 2614.6
1369640 2614.6
1369650 2624.4
1369660 2633.1
1369670 2633.1
1369680 2640.6
1369690 2649.3
1369700 2649.3
1369710 2657.0
1369720 2664.9
1369730 2664.9
1369740 2673.1
1369750 2681.2
1369760 2678.6
1369770 2678.6
1369780 2668.0
1369790 2657.7
1369800 2657.7
1369810 2649.8
1369820 2641.4
1369830 2641.4
1369840 2635.2
1369850 2630.5
1369860 2630.5
1369870 2626.7
1369880 2623.4
1369890 2623.4
1369900 2621.0
1369910 2620.3
1369920 2618.1
1369930 2618.1
1369940 2618.2
1369950 2621.0
1369960 2621.0
1369970 2624.5
1369980 2630.6
1369990 2630.6
1370000 2640.5
1370010 2640.9
1370020 2640.9
1370030 2636.8
1370040 2633.3
1370050 2633.3
1370060 2622.7
1370070 2612.8
1370080 2612.8
1370090 2607.6
1370100 2601.0
1370110 2591.0
1370120 2591.0
1370130 2583.4
1370140 2576.4
1370150 2576.4
1370160 2566.8
1370170 2551.1
1370180 2551.1
1370190 2533.7
1370200 2526.0
1370210 2526.0
1370220 2520.4
1370230 2515.6
1370240 2515.6
1370250 2511.1
1370260 2506.5
1370270 2506.5
1370280 2502.2
1370290 2498.6
1370300 2497.9
1370310 2497.9
1370320 2497.1
1370330 2496.0
1370340 2496.0
1370350 2495.4
1370360 2494.3
1370370 2494.3
1370380 2490.0
1370390 2483.1
1370400 2483.1
1370410 2475.6
1370420 2465.2
1370430 2465.2
1370440 2455.6
1370450 2447.9
1370460 2440.8
1370470 2440.8
1370480 2434.8
1370490 2427.9
1370500 2427.9
1370510 2417.8
1370520 2413.3
1370530 2413.3
1370540 2410.8
1370550 2406.3
1370560 2406.3
1370570 2405.8
1370580 2407.5
1370590 2407.5
1370600 2407.0
1370610 2404.7
1370620 2404.7
1370630 2401.1
1370640 2396.9
1370650 2391.7
1370660 2391.7
1370670 2386.2
1370680 2382.7
1370690 2382.7
1370700 2376.0
1370710 2373.9
1370720 2373.9
1370730 2364.8
1370740 2355.6
1370750 2355.6
1370760 2349.8
1370770 2345.4
1370780 2345.4
1370790 2341.1
1370800 2336.3
1370810 2336.3
1370820 2331.7
1370830 2328.3
1370840 2325.2
1370850 2325.2
1370860 2321.2
1370870 2317.1
1370880 2317.1
1370890 2312.6
1370900 2308.8
1370910 2308.8
1370920 2304.6
1370930 2301.2
1370940 2301.2
1370950 2298.6
1370960 2295.9
1370970 2295.9
1370980 2293.8
1370990 2292.7
1371000 2292.7
1371010 2291.6
1371020 2289.7
1371030 2287.3
1371040 2287.3
1371050 2284.7
1371060 2282.2
1371070 2282.2
1371080 2279.8
1371090 2277.6
1371100 2277.6
1371110 2275.9
1371120 2273.9
1371130 2273.9
1371140 2272.0
1371150 2270.0
1371160 2270.0
1371170 2268.0
1371180 2266.0
1371190 2264.0
1371200 2264.0
1371210 2262.9
1371220 2261.9
1371230 2261.9
1371240 2261.2
1371250 2260.6
1371260 2260.6
1371270 2260.0
1371280 2260.2
1371290 2260.2
1371300 2260.6
1371310 2260.4
1371320 2260.4
1371330 2260.1
1371340 2260.0
1371350 2260.0
1371360 2259.7
1371370 2258.1
1371380 2256.8
1371390 2256.8
1371400 2254.6
1371410 2252.1
1371420 2252.1
1371430 2248.2
1371440 2243.3
1371450 2243.3
1371460 2239.4
1371470 2236.7
1371480 2236.7
1371490 2234.8
1371500 2233.8
1371510 2233.8
1371520 2233.1
1371530 2231.6
1371540 2231.6
1371550 2228.6
1371560 2222.6
1371570 2215.1
1371580 2215.1
1371590 2207.6
1371600 2200.6
1371610 2200.6
1371620 2193.8
1371630 2187.0
1371640 2187.0
1371650 2180.7
1371660 2174.4
1371670 2174.4
1371680 2168.5
1371690 2160.4
1371700 2160.4
1371710 2153.1
1371720 2147.4
1371730 2141.7
1371740 2141.7
1371750 2136.2
1371760 2130.7
1371770 2130.7
1371780 2125.1
1371790 2119.4
1371800 2119.4
1371810 2112.7
1371820 2105.4
1371830 2105.4
1371840 2101.2
1371850 2097.8
1371860 2097.8
1371870 2093.4
1371880 2089.0
1371890 2089.0
1371900 2084.1
1371910 2078.6
1371920 2073.1
1371930 2073.1
1371940 2067.6
1371950 2061.6
1371960 2061.6
1371970 2054.7
1371980 2046.4
1371990 2046.4
1372000 2039.4
1372010 2032.9
1372020 2032.9
1372030 2026.7
1372040 2021.4
1372050 2021.4
1372060 2015.9
1372070 2009.3
1372080 2009.3
1372090 2003.2
1372100 1997.5
1372110 1991.7
1372120 1991.7
1372130 1985.5
1372140 1979.6
1372150 1979.6
1372160 1973.2
1372170 1967.5
1372180 1967.5
1372190 1963.3
1372200 1959.1
1372210 1959.1
1372220 1954.2
1372230 1948.9
1372240 1948.9
1372250 1943.3
1372260 1936.5
1372270 1936.5
1372280 1930.4
1372290 1924.0
1372300 1915.0
1372310 1915.0
1372320 1906.2
1372330 1896.0
1372340 1896.0
1372350 1887.7
1372360 1881.1
1372370 1881.1
1372380 1874.9
1372390 1866.1
1372400 1866.1
1372410 1853.3
1372420 1839.9
1372430 1839.9
1372440 1829.8
1372450 1821.0
1372460 1811.7
1372470 1811.7
1372480 1801.2
1372490 1792.1
1372500 1792.1
1372510 1783.5
1372520 1779.2
1372530 1779.2
1372540 1768.8
1372550 1758.3
1372560 1758.3
1372570 1749.0
1372580 1739.4
1372590 1739.4
1372600 1729.9
1372610 1719.7
1372620 1719.7
1372630 1711.0
1372640 1703.1
1372650 1696.0
1372660 1696.0
1372670 1688.9
1372680 1681.3
1372690 1681.3
1372700 1673.9
1372710 1665.9
1372720 1665.9
1372730 1658.0
1372740 1651.0
1372750 1651.0
1372760 1643.4
1372770 1637.0
1372780 1637.0
1372790 1630.8
1372800 1624.9
1372810 1624.9
1372820 1619.1
1372830 1613.6
1372840 1608.6
1372850 1608.6
1372860 1604.0
1372870 1599.8
1372880 1599.8
1372890 1596.3
1372900 1593.3
1372910 1593.3
1372920 1590.7
1372930 1588.3
1372940 1588.5
1372950 1586.5
1372960 1584.8
1372970 1584.8
1372980 1583.7
1372990 1582.4
1373000 1581.5
1373010 1581.5
1373020 1581.4
1373030 1582.5
1373040 1582.5
1373050 1581.2
1373060 1581.6
1373070 1581.6
1373080 1583.8
1373090 1588.9
1373100 1588.9
1373110 1593.2
1373120 1598.6
1373130 1598.6
1373140 1604.3
1373150 1609.6
1373160 1609.6
1373170 1614.7
1373180 1620.8
1373190 1626.4
1373200 1626.4
1373210 1631.4
1373220 1636.7
1373230 1636.7
1373240 1642.6
1373250 1649.4
1373260 1649.4
1373270 1657.4
1373280 1664.2
1373290 1664.2
1373300 1669.5
1373310 1674.6
1373320 1674.6
1373330 1679.3
1373340 1684.5
1373350 1684.5
1373360 1689.4
1373370 1694.0
1373380 1698.2
1373390 1698.2
1373400 1702.8
1373410 1707.8
1373420 1707.8
1373430 1713.3
1373440 1719.5
1373450 1719.5
1373460 1726.5
1373470 1734.3
1373480 1734.3
1373490 1742.2
1373500 1749.3
1373510 1749.3
1373520 1755.3
1373530 1760.5
1373540 1760.5
1373550 1764.9
1373560 1769.7
1373570 1775.6
1373580 1775.6
1373590 1781.5
1373600 1786.5
1373610 1786.5
1373620 1791.2
1373630 1795.8
1373640 1795.8
1373650 1800.3
1373660 1804.6
1373670 1804.6
1373680 1807.8
1373690 1810.3
1373700 1810.3
1373710 1812.2
1373720 1814.5
1373730 1817.4
1373740 1817.4
1373750 1820.3
1373760 1824.0
1373770 1824.0
1373780 1828.8
1373790 1834.2
1373800 1834.2
1373810 1839.3
1373820 1843.1
1373830 1843.1
1373840 1846.8
1373850 1851.1
1373860 1851.1
1373870 1855.2
1373880 1859.1
1373890 1859.1
1373900 1863.3
1373910 1866.9
1373920 1870.5
1373930 1870.5
1373940 1874.2
1373950 1877.6
1373960 1877.6
1373970 1880.9
1373980 1884.6
1373990 1884.6
1374000 1888.8
1374010 1893.9
1374020 1893.9
1374030 1899.4
1374040 1905.0
1374050 1905.0
1374060 1909.7
1374070 1914.2
1374080 1914.6
1374090 1918.7
1374100 1922.8
1374110 1926.7
1374120 1926.7
1374130 1930.2
1374140 1934.0
1374150 1934.0
1374160 1938.6
1374170 1944.2
1374180 1944.2
1374190 1950.7
1374200 1957.6
1374210 1957.6
1374220 1963.7
1374230 1968.8
1374240 1968.8
1374250 1975.0
1374260 1981.7
1374270 1987.7
1374280 1987.7
1374290 1994.1
1374300 2000.4
1374310 2000.4
1374320 2006.3
1374330 2011.1
1374340 2011.1
1374350 2015.6
1374360 2018.8
1374370 2018.8
1374380 2020.6
1374390 2024.2
1374400 2024.2
1374410 2030.2
1374420 2036.3
1374430 2036.3
1374440 2040.9
1374450 2044.1
1374460 2047.2
1374470 2047.2
1374480 2050.8
1374490 2055.0
1374500 2055.0
1374510 2059.9
1374520 2065.2
1374530 2065.2
1374540 2070.4
1374550 2075.4
1374560 2075.4
1374570 2080.0
1374580 2084.9
1374590 2084.9
1374600 2091.1
1374610 2097.3
1374620 2097.3
1374630 2103.5
1374640 2109.5
1374650 2114.2
1374660 2114.2
1374670 2119.4
1374680 2124.0
1374690 2124.0
1374700 2128.2
1374710 2133.1
1374720 2133.1
1374730 2138.6
1374740 2144.7
1374750 2144.7
1374760 2151.1
1374770 2158.7
1374780 2158.7
1374790 2164.8
1374800 2170.5
1374810 2170.5
1374820 2177.5
1374830 2182.4
1374840 2187.0
1374850 2187.0
1374860 2192.0
1374870 2198.2
1374880 2198.2
1374890 2202.5
1374900 2207.3
1374910 2207.3
1374920 2212.6
1374930 2218.2
1374940 2218.2
1374950 2224.1
1374960 2229.8
1374970 2229.8
1374980 2235.7
1374990 2242.0
1375000 2249.3
1375010 2249.3
1375020 2255.6
1375030 2260.8
1375040 2260.8
1375050 2266.8
1375060 2273.1
1375070 2273.1
1375080 2278.3
1375090 2282.3
1375100 2282.3
1375110 2285.6
1375120 2284.5
1375130 2284.5
1375140 2277.7
1375150 2277.1
1375160 2277.1
1375170 2273.2
1375180 2265.3
1375190 2262.7
1375200 2262.7
1375210 2264.1
1375220 2272.8
1375230 2272.8
1375240 2276.4
1375250 2283.5
1375260 2283.5
1375270 2290.9
1375280 2281.7
1375290 2281.7
1375300 2266.7
1375310 2264.4
1375320 2264.4
1375330 2263.7
1375340 2262.4
1375350 2262.4
1375360 2257.5
1375370 2255.8
1375380 2251.4
1375390 2251.4
1375400 2249.8
1375410 2250.9
1375420 2250.9
1375430 2251.8
1375440 2251.2
1375450 2251.2
1375460 2251.1
1375470 2250.2
1375480 2250.2
1375490 2249.4
1375500 2248.4
1375510 2248.4
1375520 2246.8
1375530 2245.7
1375540 2248.2
1375550 2248.2
1375560 2253.0
1375570 2257.4
1375580 2257.4
1375590 2261.6
1375600 2264.2
1375610 2264.2
1375620 2265.1
1375630 2266.0
1375640 2266.0
1375650 2267.7
1375660 2268.3
1375670 2268.3
1375680 2268.0
1375690 2267.9
1375700 2267.9
1375710 2271.5
1375720 2278.9
1375730 2286.6
1375740 2286.6
1375750 2292.7
1375760 2296.3
1375770 2296.3
1375780 2297.6
1375790 2300.4
1375800 2300.4
1375810 2303.6
1375820 2309.0
1375830 2309.0
1375840 2312.4
1375850 2312.4
1375860 2312.4
1375870 2312.0
1375880 2313.7
1375890 2313.7
1375900 2315.3
1375910 2316.7
1375920 2317.8
1375930 2317.8
1375940 2318.2
1375950 2321.4
1375960 2321.4
1375970 2324.5
1375980 2327.3
1375990 2327.3
1376000 2330.0
1376010 2331.0
1376020 2331.0
1376030 2331.9
1376040 2334.0
1376050 2334.0
1376060 2334.7
1376070 2334.3
1376080 2334.3
1376090 2337.0
1376100 2339.7
1376110 2340.6
1376120 2340.6
1376130 2340.8
1376140 2342.5
1376150 2342.5
1376160 2342.7
1376170 2343.0
1376180 2343.0
1376190 2344.6
1376200 2345.4
1376210 2345.4
1376220 2345.0
1376230 2344.8
1376240 2344.8
1376250 2346.1
1376260 2346.4
1376270 2343.6
1376280 2343.6
1376290 2338.8
1376300 2337.3
1376310 2337.3
1376320 2341.7
1376330 2347.0
1376340 2347.0
1376350 2352.8
1376360 2359.4
1376370 2359.4
1376380 2367.2
1376390 2373.9
1376400 2373.9
1376410 2379.1
1376420 2382.4
1376430 2382.4
1376440 2384.8
1376450 2387.4
1376460 2390.5
1376470 2390.5
1376480 2393.7
1376490 2397.1
1376500 2397.1
1376510 2399.7
1376520 2401.7
1376530 2401.7
1376540 2405.3
1376550 2409.7
1376560 2409.7
1376570 2414.5
1376580 2419.4
1376590 2419.4
1376600 2424.5
1376610 2428.9
1376620 2428.9
1376630 2432.8
1376640 2437.4
1376650 2441.0
1376660 2441.0
1376670 2443.3
1376680 2444.6
1376690 2444.6
1376700 2445.3
1376710 2446.2
1376720 2446.2
1376730 2447.2
1376740 2448.2
1376750 2448.2
1376760 2449.9
1376770 2451.8
1376780 2451.8
1376790 2453.9
1376800 2456.4
1376810 2458.5
1376820 2458.5
1376830 2459.9
1376840 2461.3
1376850 2461.3
1376860 2462.9
1376870 2464.7
1376880 2464.7
1376890 2467.7
1376900 2471.7
1376910 2471.7
1376920 2475.6
1376930 2478.8
1376940 2478.8
1376950 2481.8
1376960 2485.1
1376970 2485.1
1376980 2489.2
1376990 2494.0
1377000 2499.3
1377010 2499.3
1377020 2505.1
1377030 2511.6
1377040 2511.6
1377050 2517.7
1377060 2523.8
1377070 2523.8
1377080 2530.0
1377090 2536.3
1377100 2536.3
1377110 2542.7
1377120 2548.9
1377130 2548.9
1377140 2554.3
1377150 2556.6
1377160 2556.6
1377170 2552.0
1377180 2545.9
1377190 2541.8
1377200 2541.8
1377210 2539.5
1377220 2536.3
1377230 2536.3
1377240 2531.9
1377250 2527.8
1377260 2527.8
1377270 2522.9
1377280 2516.4
1377290 2516.4
1377300 2508.0
1377310 2502.8
1377320 2502.8
1377330 2499.7
1377340 2497.6
1377350 2497.6
1377360 2497.4
1377370 2495.2
1377380 2488.8
1377390 2488.8
1377400 2478.8
1377410 2469.7
1377420 2469.7
1377430 2463.4
1377440 2460.3
1377450 2460.3
1377460 2456.4
1377470 2451.2
1377480 2451.2
1377490 2449.5
1377500 2448.8
1377510 2448.8
1377520 2445.8
1377530 2443.4
1377540 2443.8
1377550 2443.8
1377560 2438.3
1377570 2437.2
1377580 2437.2
1377590 2434.7
1377600 2431.7
1377610 2431.7
1377620 2428.7
1377630 2425.1
1377640 2425.1
1377650 2421.5
1377660 2417.6
1377670 2417.6
1377680 2413.8
1377690 2410.4
1377700 2410.4
1377710 2406.9
1377720 2403.3
1377730 2399.6
1377740 2399.6
1377750 2395.8
1377760 2392.3
1377770 2392.3
1377780 2388.9
1377790 2385.7
1377800 2385.7
1377810 2382.7
1377820 2379.3
1377830 2379.3
1377840 2376.2
1377850 2372.9
1377860 2372.9
1377870 2369.4
1377880 2366.0
1377890 2366.0
1377900 2363.1
1377910 2360.4
1377920 2358.3
1377930 2358.3
1377940 2356.9
1377950 2355.6
1377960 2355.6
1377970 2353.4
1377980 2350.0
1377990 2350.0
1378000 2345.6
1378010 2340.5
1378020 2340.5
1378030 2335.7
1378040 2330.9
1378050 2330.9
1378060 2326.3
1378070 2321.5
1378080 2317.3
1378090 2317.3
1378100 2312.7
1378110 2307.7
1378120 2307.7
1378130 2302.9
1378140 2298.2
1378150 2298.2
1378160 2293.8
1378170 2289.4
1378180 2289.4
1378190 2285.1
1378200 2280.6
1378210 2280.6
1378220 2275.2
1378230 2268.6
1378240 2268.6
1378250 2262.2
1378260 2257.5
1378270 2253.1
1378280 2253.1
1378290 2251.1
1378300 2250.9
1378310 2250.9
1378320 2252.1
1378330 2248.7
1378340 2248.7
1378350 2245.9
1378360 2250.6
1378370 2250.6
1378380 2254.1
1378390 2255.6
1378400 2255.6
1378410 2255.4
1378420 2252.8
1378430 2252.8
1378440 2250.9
1378450 2249.3
1378460 2248.4
1378470 2248.4
1378480 2248.6
1378490 2249.3
1378500 2249.3
1378510 2249.9
1378520 2251.0
1378530 2251.0
1378540 2252.6
1378550 2255.1
1378560 2255.1
1378570 2257.4
1378580 2260.5
1378590 2260.5
1378600 2264.3
1378610 2267.8
1378620 2267.8
1378630 2270.9
1378640 2272.7
1378650 2269.2
1378660 2269.2
1378670 2259.9
1378680 2250.4
1378690 2250.4
1378700 2239.7
1378710 2231.6
1378720 2231.6
1378730 2227.2
1378740 2220.4
1378750 2213.9
1378760 2205.3
1378770 2200.1
1378780 2200.1
1378790 2197.6
1378800 2197.7
1378810 2198.8
1378820 2198.8
1378830 2199.1
1378840 2197.8
1378850 2197.8
1378860 2196.1
1378870 2195.3
1378880 2195.3
1378890 2194.3
1378900 2192.5
1378910 2192.5
1378920 2190.3
1378930 2186.7
1378940 2186.7
1378950 2182.1
1378960 2176.5
1378970 2176.5
1378980 2168.9
1378990 2162.3
1379000 2157.0
1379010 2157.0
1379020 2153.9
1379030 2151.7
1379040 2151.7
1379050 2151.3
1379060 2152.3
1379070 2152.3
1379080 2151.8
1379090 2147.7
1379100 2147.7
1379110 2141.3
1379120 2134.4
1379130 2134.4
1379140 2127.2
1379150 2120.8
1379160 2120.8
1379170 2115.0
1379180 2107.7
1379190 2099.4
1379200 2099.4
1379210 2093.0
1379220 2090.5
1379230 2090.5
1379240 2090.1
1379250 2090.8
1379260 2090.8
1379270 2090.3
1379280 2087.3
1379290 2087.3
1379300 2082.7
1379310 2083.0
1379320 2083.0
1379330 2080.9
1379340 2076.7
1379350 2072.6
1379360 2072.6
1379370 2069.1
1379380 2069.2
1379390 2069.2
1379400 2069.5
1379410 2064.7
1379420 2064.7
1379430 2056.3
1379440 2053.7
1379450 2053.7
1379460 2051.0
1379470 2045.0
1379480 2045.0
1379490 2042.1
1379500 2038.8
1379510 2038.8
1379520 2037.3
1379530 2036.5
1379540 2034.5
1379550 2034.5
1379560 2030.9
1379570 2027.1
1379580 2027.1
1379590 2024.2
1379600 2021.8
1379610 2021.8
1379620 2020.2
1379630 2019.5
1379640 2019.5
1379650 2019.7
1379660 2020.1
1379670 2020.1
1379680 2020.3
1379690 2020.4
1379700 2020.4
1379710 2019.4
1379720 2018.5
1379730 2017.5
1379740 2017.5
1379750 2015.9
1379760 2014.4
1379770 2014.4
1379780 2014.1
1379790 2013.9
1379800 2013.9
1379810 2013.1
1379820 2011.6
1379830 2011.6
1379840 2010.8
1379850 2010.9
1379860 2010.9
1379870 2010.1
1379880 2011.0
1379890 2011.0
1379900 2011.9
1379910 2012.6
1379920 2013.5
1379930 2013.5
1379940 2014.4
1379950 2012.0
1379960 2012.0
1379970 2012.1
1379980 2012.3
1379990 2012.3
