1369050 2467.5
1369060 2469.3
1369070 2469.3
1369080 2470.5
1369090 2471.4
1369100 2471.4
1369110 2472.0
1369120 2472.9
1369130 2472.9
1369140 2474.3
1369150 2476.9
1369160 2482.1
1369170 2482.1
1369180 2488.5
1369190 2494.9
1369200 2494.9
1369210 2498.4
1369220 2500.5
1369230 2500.5
1369240 2502.1
1369250 2502.8
1369260 2502.8
1369270 2503.7
1369280 2505.0
1369290 2505.0
1369300 2503.0
1369310 2501.9
1369320 2502.3
1369330 2502.3
1369340 2503.4
1369350 2505.4
1369360 2505.4
1369370 2506.5
1369380 2508.6
1369390 2508.6
1369400 2510.9
1369410 2511.6
1369420 2511.6
1369430 2512.6
1369440 2513.0
1369450 2513.0
1369460 2515.7
1369470 2518.8
1369480 2518.8
1369490 2522.7
1369500 2527.5
1369510 2532.9
1369520 2532.9
1369530 2538.7
1369540 2544.9
1369550 2544.9
1369560 2551.7
1369570 2558.8
1369580 2558.8
1369590 2565.7
1369600 2573.3
1369610 2573.3
1369620 2581.8
1369630 2588.9
1369640 2588.9
1369650 2597.3
1369660 2606.0
1369670 2606.0
1369680 2613.1
1369690 2619.8
1369700 2627.6
1369710 2627.6
1369720 2636.9
1369730 2645.4
1369740 2645.4
1369750 2653.5
1369760 2660.9
1369770 2660.9
1369780 2670.4
1369790 2681.9
1369800 2681.9
1369810 2692.6
1369820 2702.4
1369830 2702.4
1369840 2699.2
1369850 2685.8
1369860 2685.8
1369870 2680.1
1369880 2675.4
1369890 2672.1
1369900 2672.1
1369910 2669.5
1369920 2666.9
1369930 2666.9
1369940 2666.0
1369950 2667.3
1369960 2667.3
1369970 2669.3
1369980 2671.3
1369990 2671.3
1370000 2674.1
1370010 2677.4
1370020 2677.4
1370030 2681.3
1370040 2684.2
1370050 2676.4
1370060 2676.4
1370070 2664.9
1370080 2655.4
1370090 2655.4
1370100 2643.8
1370110 2631.6
1370120 2631.6
1370130 2615.0
1370140 2594.8
1370150 2594.8
1370160 2577.2
1370170 2570.5
1370180 2570.5
1370190 2564.1
1370200 2557.7
1370210 2557.7
1370220 2552.0
1370230 2546.5
1370240 2540.5
1370250 2540.5
1370260 2533.8
1370270 2527.1
1370280 2527.1
1370290 2521.3
1370300 2516.3
1370310 2516.3
1370320 2511.6
1370330 2506.2
1370340 2506.2
1370350 2500.6
1370360 2495.2
1370370 2495.2
1370380 2489.0
1370390 2482.1
1370400 2482.1
1370410 2476.4
1370420 2471.3
1370430 2466.9
1370440 2466.9
1370450 2462.2
1370460 2457.5
1370470 2457.5
1370480 2451.6
1370490 2444.4
1370500 2444.4
1370510 2436.1
1370520 2431.0
1370530 2431.0
1370540 2429.8
1370550 2430.8
1370560 2430.8
1370570 2433.7
1370580 2435.2
1370590 2435.2
1370600 2436.4
1370610 2438.0
1370620 2436.4
1370630 2436.4
1370640 2430.7
1370650 2423.7
1370660 2423.7
1370670 2417.4
1370680 2411.9
1370690 2411.9
1370700 2406.5
1370710 2404.2
1370720 2404.2
1370730 2403.7
1370740 2398.8
1370750 2398.8
1370760 2392.6
1370770 2388.3
1370780 2383.3
1370790 2383.3
1370800 2378.6
1370810 2378.8
1370820 2378.8
1370830 2379.0
1370840 2372.2
1370850 2372.2
1370860 2366.4
1370870 2363.1
1370880 2363.1
1370890 2363.4
1370900 2360.1
1370910 2360.1
1370920 2355.7
1370930 2354.8
1370940 2354.8
1370950 2353.8
1370960 2350.0
1370970 2345.9
1370980 2345.9
1370990 2338.3
1371000 2328.1
1371010 2328.1
1371020 2321.1
1371030 2316.0
1371040 2316.0
1371050 2311.7
1371060 2307.9
1371070 2307.9
1371080 2304.9
1371090 2302.6
1371100 2302.6
1371110 2300.6
1371120 2300.2
1371130 2300.2
1371140 2302.1
1371150 2302.1
1371160 2301.2
1371170 2301.2
1371180 2300.5
1371190 2298.1
1371200 2298.1
1371210 2297.1
1371220 2296.6
1371230 2296.6
1371240 2296.2
1371250 2296.4
1371260 2296.4
1371270 2297.3
1371280 2298.1
1371290 2298.1
1371300 2299.5
1371310 2300.4
1371320 2302.0
1371330 2302.0
1371340 2303.8
1371350 2306.6
1371360 2306.6
1371370 2310.4
1371380 2315.8
1371390 2315.8
1371400 2317.7
1371410 2317.6
1371420 2317.6
1371430 2316.0
1371440 2312.8
1371450 2312.8
1371460 2308.9
1371470 2303.2
1371480 2303.2
1371490 2290.5
1371500 2280.8
1371510 2275.5
1371520 2275.5
1371530 2269.0
1371540 2262.2
1371550 2262.2
1371560 2255.4
1371570 2247.5
1371580 2247.5
1371590 2240.1
1371600 2232.5
1371610 2232.5
1371620 2223.5
1371630 2210.9
1371640 2210.9
1371650 2203.0
1371660 2196.1
1371670 2196.1
1371680 2189.5
1371690 2183.6
1371700 2177.1
1371710 2177.1
1371720 2169.3
1371730 2161.9
1371740 2161.9
1371750 2154.1
1371760 2146.9
1371770 2146.9
1371780 2139.6
1371790 2129.8
1371800 2129.8
1371810 2121.0
1371820 2114.5
1371830 2114.5
1371840 2108.6
1371850 2102.4
1371860 2102.4
1371870 2095.5
1371880 2089.2
1371890 2083.6
1371900 2083.6
1371910 2077.3
1371920 2071.4
1371930 2071.4
1371940 2064.6
1371950 2056.9
1371960 2056.9
1371970 2049.7
1371980 2043.4
1371990 2043.4
1372000 2037.7
1372010 2032.0
1372020 2032.0
1372030 2026.4
1372040 2019.1
1372050 2012.5
1372060 2012.5
1372070 2006.6
1372080 2000.1
1372090 2000.1
1372100 1994.8
1372110 1990.3
1372120 1990.3
1372130 1986.4
1372140 1982.4
1372150 1982.4
1372160 1978.1
1372170 1973.1
1372180 1973.1
1372190 1968.3
1372200 1962.5
1372210 1962.5
1372220 1955.7
1372230 1949.0
1372240 1943.1
1372250 1943.1
1372260 1938.4
1372270 1931.5
1372280 1931.5
1372290 1923.8
1372300 1917.6
1372310 1917.6
1372320 1908.6
1372330 1899.2
1372340 1899.2
1372350 1896.2
1372360 1890.3
1372370 1890.3
1372380 1881.2
1372390 1874.5
1372400 1874.5
1372410 1869.6
1372420 1863.5
1372430 1853.1
1372440 1853.1
1372450 1841.2
1372460 1830.0
1372470 1830.0
1372480 1817.6
1372490 1805.6
1372500 1805.6
1372510 1794.3
1372520 1784.8
1372530 1784.8
1372540 1776.4
1372550 1768.0
1372560 1768.0
1372570 1759.5
1372580 1750.7
1372590 1742.3
1372600 1742.3
1372610 1732.6
1372620 1722.1
1372630 1722.1
1372640 1713.7
1372650 1705.9
1372660 1705.9
1372670 1697.8
1372680 1690.4
1372690 1690.4
1372700 1683.0
1372710 1675.5
1372720 1675.5
1372730 1668.1
1372740 1660.6
1372750 1659.5
1372760 1652.1
1372770 1644.9
1372780 1637.8
1372790 1637.8
1372800 1630.6
1372810 1623.6
1372820 1623.6
1372830 1616.6
1372840 1609.9
1372850 1609.9
1372860 1603.3
1372870 1596.7
1372880 1596.7
1372890 1590.5
1372900 1585.9
1372910 1585.9
1372920 1584.4
1372930 1583.1
1372940 1583.1
1372950 1582.6
1372960 1582.5
1372970 1582.5
1372980 1582.5
1372990 1582.5
1373000 1582.7
1373010 1582.7
1373020 1582.9
1373030 1583.2
1373040 1583.2
1373050 1583.4
1373060 1582.9
1373070 1582.9
1373080 1587.4
1373090 1592.4
1373100 1592.4
1373110 1595.4
1373120 1599.2
1373130 1599.2
1373140 1604.4
1373150 1609.6
1373160 1614.2
1373170 1614.2
1373180 1619.4
1373190 1625.0
1373200 1625.0
1373210 1630.4
1373220 1634.9
1373230 1634.9
1373240 1639.3
1373250 1645.0
1373260 1645.0
1373270 1652.0
1373280 1660.0
1373290 1660.0
1373300 1668.3
1373310 1676.2
1373320 1683.9
1373330 1683.9
1373340 1689.2
1373350 1693.9
1373360 1693.9
1373370 1697.8
1373380 1701.3
1373390 1701.3
1373400 1705.1
1373410 1710.4
1373420 1710.4
1373430 1716.2
1373440 1722.1
1373450 1722.1
1373460 1729.4
1373470 1737.4
1373480 1737.4
1373490 1744.9
1373500 1751.2
1373510 1756.7
1373520 1756.7
1373530 1761.6
1373540 1766.5
1373550 1766.5
1373560 1772.1
1373570 1778.2
1373580 1778.2
1373590 1783.7
1373600 1787.3
1373610 1787.3
1373620 1792.4
1373630 1797.9
1373640 1797.9
1373650 1802.5
1373660 1806.5
1373670 1806.5
1373680 1811.0
1373690 1814.6
1373700 1817.6
1373710 1817.6
1373720 1820.1
1373730 1821.6
1373740 1821.6
1373750 1824.1
1373760 1827.5
1373770 1827.5
1373780 1832.0
1373790 1836.4
1373800 1836.4
1373810 1839.7
1373820 1842.2
1373830 1842.2
1373840 1844.6
1373850 1847.0
1373860 1850.3
1373870 1850.3
1373880 1854.0
1373890 1858.7
1373900 1858.7
1373910 1863.6
1373920 1868.3
1373930 1868.3
1373940 1873.2
1373950 1877.6
1373960 1877.6
1373970 1882.2
1373980 1887.6
1373990 1887.6
1374000 1892.8
1374010 1898.8
1374020 1898.8
1374030 1904.7
1374040 1911.4
1374050 1917.1
1374060 1917.1
1374070 1922.2
1374080 1927.5
1374090 1927.5
1374100 1933.0
1374110 1938.7
1374120 1938.7
1374130 1944.6
1374140 1950.6
1374150 1950.6
1374160 1956.5
1374170 1961.3
1374180 1961.3
1374190 1965.2
1374200 1969.1
1374210 1969.1
1374220 1974.2
1374230 1979.5
1374240 1985.3
1374250 1985.3
1374260 1989.9
1374270 1993.8
1374280 1993.8
1374290 1999.4
1374300 2005.2
1374310 2005.2
1374320 2010.3
1374330 2014.2
1374340 2014.2
1374350 2017.9
1374360 2021.2
1374370 2021.2
1374380 2024.7
1374390 2029.3
1374400 2029.3
1374410 2034.9
1374420 2040.3
1374430 2045.3
1374440 2045.3
1374450 2050.3
1374460 2056.1
1374470 2056.1
1374480 2062.1
1374490 2068.2
1374500 2068.2
1374510 2074.3
1374520 2078.7
1374530 2078.7
1374540 2082.9
1374550 2087.5
1374560 2087.5
1374570 2092.6
1374580 2098.1
1374590 2102.8
1374600 2102.8
1374610 2106.9
1374620 2113.1
1374630 2113.1
1374640 2118.7
1374650 2124.3
1374660 2124.3
1374670 2130.0
1374680 2137.4
1374690 2137.4
1374700 2144.8
1374710 2151.7
1374720 2151.7
1374730 2158.3
1374740 2163.1
1374750 2163.1
1374760 2167.1
1374770 2171.2
1374780 2175.1
1374790 2175.1
1374800 2180.1
1374810 2184.6
1374820 2184.6
1374830 2189.4
1374840 2193.6
1374850 2193.6
1374860 2197.1
1374870 2201.9
1374880 2201.9
1374890 2206.6
1374900 2211.6
1374910 2211.6
1374920 2216.5
1374930 2220.4
1374940 2220.4
1374950 2223.8
1374960 2225.9
1374970 2228.9
1374980 2228.9
1374990 2232.4
1375000 2239.2
1375010 2239.2
1375020 2246.7
1375030 2255.2
1375040 2255.2
1375050 2255.8
1375060 2247.5
1375070 2247.5
1375080 2235.3
1375090 2227.7
1375100 2227.7
1375110 2225.8
1375120 2222.1
1375130 2218.6
1375140 2218.6
1375150 2219.2
1375160 2220.7
1375170 2220.7
1375180 2221.0
1375190 2222.8
1375200 2222.8
1375210 2223.2
1375220 2222.1
1375230 2222.1
1375240 2220.0
1375250 2216.3
1375260 2216.3
1375270 2213.2
1375280 2211.5
1375290 2211.5
1375300 2210.9
1375310 2209.7
1375320 2209.3
1375330 2209.3
1375340 2209.8
1375350 2211.3
1375360 2211.3
1375370 2215.0
1375380 2218.3
1375390 2218.3
1375400 2220.7
1375410 2222.9
1375420 2222.9
1375430 2225.4
1375440 2227.5
1375450 2227.5
1375460 2229.4
1375470 2230.7
1375480 2230.7
1375490 2231.8
1375500 2232.6
1375510 2233.4
1375520 2233.4
1375530 2235.9
1375540 2239.9
1375550 2239.9
1375560 2243.0
1375570 2245.4
1375580 2245.4
1375590 2248.2
1375600 2251.1
1375610 2251.1
1375620 2254.0
1375630 2256.4
1375640 2256.4
1375650 2258.6
1375660 2260.9
1375670 2260.9
1375680 2263.2
1375690 2265.6
1375700 2268.2
1375710 2268.2
1375720 2270.8
1375730 2273.1
1375740 2273.1
1375750 2275.8
1375760 2279.0
1375770 2279.0
1375780 2282.6
1375790 2286.9
1375800 2286.9
1375810 2290.7
1375820 2294.1
1375830 2294.1
1375840 2296.9
1375850 2299.2
1375860 2301.5
1375870 2301.5
1375880 2303.9
1375890 2305.7
1375900 2305.7
1375910 2307.2
1375920 2309.4
1375930 2309.4
1375940 2311.9
1375950 2314.7
1375960 2314.7
1375970 2318.0
1375980 2321.5
1375990 2321.5
1376000 2323.3
1376010 2324.2
1376020 2324.2
1376030 2325.5
1376040 2327.3
1376050 2329.7
1376060 2329.7
1376070 2330.7
1376080 2331.3
1376090 2331.3
1376100 2332.0
1376110 2331.5
1376120 2331.5
1376130 2330.0
1376140 2328.3
1376150 2328.3
1376160 2328.3
1376170 2330.7
1376180 2330.7
1376190 2331.2
1376200 2332.6
1376210 2332.6
1376220 2333.3
1376230 2333.4
1376240 2333.8
1376250 2333.8
1376260 2335.4
1376270 2338.3
1376280 2338.3
1376290 2341.9
1376300 2345.8
1376310 2345.8
1376320 2349.8
1376330 2354.4
1376340 2354.4
1376350 2360.0
1376360 2368.1
1376370 2368.1
1376380 2375.0
1376390 2379.6
1376400 2379.6
1376410 2384.2
1376420 2388.8
1376430 2394.2
1376440 2394.2
1376450 2400.4
1376460 2407.0
1376470 2407.0
1376480 2411.9
1376490 2415.3
1376500 2415.3
1376510 2417.1
1376520 2418.6
1376530 2418.6
1376540 2420.2
1376550 2422.2
1376560 2422.2
1376570 2424.7
1376580 2427.1
1376590 2430.2
1376600 2430.2
1376610 2434.9
1376620 2438.9
1376630 2438.9
1376640 2442.2
1376650 2445.9
1376660 2445.9
1376670 2449.2
1376680 2452.8
1376690 2452.8
1376700 2458.2
1376710 2463.3
1376720 2463.3
1376730 2466.4
1376740 2468.0
1376750 2468.0
1376760 2468.4
1376770 2468.0
1376780 2467.8
1376790 2467.8
1376800 2467.9
1376810 2468.4
1376820 2468.4
1376830 2469.0
1376840 2469.9
1376850 2469.9
1376860 2471.8
1376870 2475.6
1376880 2475.6
1376890 2480.5
1376900 2485.5
1376910 2485.5
1376920 2488.8
1376930 2491.4
1376940 2491.4
1376950 2494.4
1376960 2497.3
1376970 2499.9
1376980 2499.9
1376990 2503.9
1377000 2508.7
1377010 2508.7
1377020 2513.2
1377030 2517.8
1377040 2517.8
1377050 2522.7
1377060 2528.4
1377070 2528.4
1377080 2534.9
1377090 2541.1
1377100 2541.1
1377110 2548.2
1377120 2558.8
1377130 2570.1
1377140 2570.1
1377150 2577.4
1377160 2574.4
1377170 2574.4
1377180 2563.7
1377190 2555.2
1377200 2555.2
1377210 2550.7
1377220 2548.0
1377230 2548.0
1377240 2545.9
1377250 2542.9
1377260 2542.9
1377270 2536.6
1377280 2528.1
1377290 2528.1
1377300 2520.1
1377310 2513.1
1377320 2507.3
1377330 2507.3
1377340 2503.4
1377350 2499.1
1377360 2494.6
1377370 2490.0
1377380 2485.0
1377390 2485.0
1377400 2481.1
1377410 2477.5
1377420 2477.5
1377430 2473.8
1377440 2470.8
1377450 2470.8
1377460 2466.9
1377470 2462.8
1377480 2462.8
1377490 2460.6
1377500 2466.5
1377510 2473.6
1377520 2473.6
1377530 2476.7
1377540 2479.0
1377550 2479.0
1377560 2481.4
1377570 2483.3
1377580 2483.3
1377590 2483.9
1377600 2484.0
1377610 2484.0
1377620 2481.8
1377630 2475.4
1377640 2475.4
1377650 2470.2
1377660 2468.8
1377670 2462.5
1377680 2462.5
1377690 2455.8
1377700 2451.0
1377710 2451.0
1377720 2446.8
1377730 2442.3
1377740 2442.3
1377750 2437.0
1377760 2432.5
1377770 2432.5
1377780 2428.0
1377790 2425.2
1377800 2425.2
1377810 2423.4
1377820 2421.0
1377830 2421.0
1377840 2418.7
1377850 2416.4
1377860 2412.2
1377870 2412.2
1377880 2408.1
1377890 2404.3
1377900 2404.3
1377910 2400.3
1377920 2396.2
1377930 2396.2
1377940 2392.1
1377950 2388.1
1377960 2388.1
1377970 2384.0
1377980 2379.6
1377990 2379.6
1378000 2372.6
1378010 2366.9
1378020 2366.9
1378030 2361.5
1378040 2356.4
1378050 2352.6
1378060 2352.6
1378070 2349.3
1378080 2345.3
1378090 2345.3
1378100 2341.1
1378110 2335.8
1378120 2335.8
1378130 2333.2
1378140 2330.7
1378150 2330.7
1378160 2326.2
1378170 2321.2
1378180 2321.2
1378190 2317.4
1378200 2314.7
1378210 2314.7
1378220 2312.7
1378230 2306.8
1378240 2298.5
1378250 2298.5
1378260 2291.4
1378270 2290.0
1378280 2290.0
1378290 2289.6
1378300 2288.2
1378310 2288.2
1378320 2289.9
1378330 2292.0
1378340 2292.0
1378350 2293.7
1378360 2294.5
1378370 2294.5
1378380 2294.0
1378390 2292.7
1378400 2291.8
1378410 2291.8
1378420 2291.8
1378430 2291.7
1378440 2291.7
1378450 2292.2
1378460 2293.0
1378470 2293.0
1378480 2294.0
1378490 2295.0
1378500 2295.0
1378510 2296.4
1378520 2298.8
1378530 2298.8
1378540 2295.5
1378550 2299.4
1378560 2299.4
1378570 2303.2
1378580 2306.8
1378590 2309.4
1378600 2309.4
1378610 2307.1
1378620 2301.0
1378630 2301.0
1378640 2294.5
1378650 2288.8
1378660 2288.8
1378670 2282.5
1378680 2278.5
1378690 2278.5
1378700 2273.6
1378710 2267.2
1378720 2267.2
1378730 2261.0
1378740 2254.5
1378750 2254.5
1378760 2247.7
1378770 2241.7
1378780 2237.8
1378790 2237.8
1378800 2236.1
1378810 2235.3
1378820 2235.3
1378830 2234.2
1378840 2232.6
1378850 2232.6
1378860 2230.5
1378870 2227.7
1378880 2227.7
1378890 2224.3
1378900 2220.5
1378910 2220.5
1378920 2216.1
1378930 2211.1
1378940 2204.9
1378950 2204.9
1378960 2199.8
1378970 2196.0
1378980 2196.0
1378990 2193.9
1379000 2191.4
1379010 2191.4
1379020 2187.5
1379030 2183.7
1379040 2183.7
1379050 2180.7
1379060 2178.2
1379070 2178.2
1379080 2174.9
1379090 2171.5
1379100 2171.5
1379110 2168.0
1379120 2164.5
1379130 2161.5
1379140 2161.5
1379150 2159.0
1379160 2162.4
1379170 2162.4
1379180 2166.2
1379190 2170.2
1379200 2170.2
1379210 2166.0
1379220 2157.2
1379230 2157.2
1379240 2148.5
1379250 2142.8
1379260 2142.8
1379270 2137.2
1379280 2138.6
1379290 2138.6
1379300 2140.7
1379310 2134.9
1379320 2127.8
1379330 2127.8
1379340 2124.9
1379350 2123.7
1379360 2123.7
1379370 2122.1
1379380 2122.9
1379390 2122.9
1379400 2123.2
1379410 2121.5
1379420 2121.5
1379430 2116.0
1379440 2117.5
1379450 2117.5
1379460 2118.3
1379470 2111.8
1379480 2111.8
1379490 2102.4
1379500 2097.2
1379510 2090.6
1379520 2090.6
1379530 2084.7
1379540 2080.3
1379550 2080.3
1379560 2076.7
1379570 2073.6
1379580 2073.6
1379590 2069.6
1379600 2066.0
1379610 2066.0
1379620 2062.1
1379630 2057.6
1379640 2057.6
1379650 2054.6
1379660 2053.4
1379670 2051.2
1379680 2051.2
1379690 2049.3
1379700 2048.2
1379710 2048.2
1379720 2045.9
1379730 2043.8
1379740 2039.9
1379750 2039.1
1379760 2038.9
1379770 2038.9
1379780 2039.6
1379790 2039.7
1379800 2039.7
1379810 2040.6
1379820 2040.8
1379830 2040.8
1379840 2040.4
1379850 2040.1
1379860 2040.6
1379870 2040.6
1379880 2040.0
1379890 2039.1
1379900 2039.1
1379910 2038.3
1379920 2038.2
1379930 2038.2
1379940 2037.6
1379950 2036.9
1379960 2036.9
1379970 2036.8
1379980 2036.8
1379990 2036.8
