1368120 2502.3
1368130 2502.3
1368140 2508.0
1368150 2516.2
1368160 2516.2
1368170 2524.7
1368180 2533.7
1368190 2544.1
1368200 2544.1
1368210 2553.6
1368220 2562.0
1368230 2562.0
1368240 2569.1
1368250 2576.3
1368260 2576.3
1368270 2582.3
1368280 2584.9
1368290 2584.9
1368300 2590.9
1368310 2597.3
1368320 2597.3
1368330 2604.0
1368340 2611.4
1368350 2619.9
1368360 2619.9
1368370 2624.6
1368380 2625.4
1368390 2625.4
1368400 2626.1
1368410 2622.5
1368420 2622.5
1368430 2623.8
1368440 2625.6
1368450 2625.6
1368460 2621.1
1368470 2610.1
1368480 2610.1
1368490 2600.4
1368500 2594.9
1368510 2594.9
1368520 2593.2
1368530 2590.7
1368540 2581.9
1368550 2581.9
1368560 2576.8
1368570 2576.8
1368580 2576.8
1368590 2577.4
1368600 2578.0
1368610 2578.0
1368620 2578.4
1368630 2576.1
1368640 2576.1
1368650 2571.0
1368660 2565.3
1368670 2565.3
1368680 2562.9
1368690 2563.1
1368700 2563.1
1368710 2556.4
1368720 2553.5
1368730 2553.8
1368740 2553.8
1368750 2550.7
1368760 2546.6
1368770 2546.6
1368780 2545.5
1368790 2545.0
1368800 2545.0
1368810 2545.1
1368820 2539.8
1368830 2539.8
1368840 2542.7
1368850 2544.9
1368860 2544.9
1368870 2545.9
1368880 2545.6
1368890 2545.6
1368900 2543.8
1368910 2541.6
1368920 2540.3
1368930 2540.3
1368940 2539.8
1368950 2539.4
1368960 2539.4
1368970 2539.7
1368980 2540.2
1368990 2540.2
1369000 2541.1
1369010 2542.5
1369020 2542.5
1369030 2545.1
1369040 2548.1
1369050 2548.1
1369060 2551.6
1369070 2555.2
1369080 2557.3
1369090 2557.3
1369100 2555.5
1369110 2551.1
1369120 2551.1
1369130 2549.0
1369140 2547.4
1369150 2547.4
1369160 2548.5
1369170 2551.3
1369180 2551.3
1369190 2554.9
1369200 2558.3
1369210 2558.3
1369220 2562.3
1369230 2564.5
1369240 2564.5
1369250 2567.5
1369260 2570.0
1369270 2575.1
1369280 2575.1
1369290 2578.1
1369300 2578.7
1369310 2578.7
1369320 2581.7
1369330 2582.6
1369340 2582.6
1369350 2584.4
1369360 2586.1
1369370 2586.1
1369380 2585.9
1369390 2583.1
1369400 2583.1
1369410 2581.3
1369420 2580.1
1369430 2580.1
1369440 2579.1
1369450 2578.8
1369460 2579.5
1369470 2579.5
1369480 2581.0
1369490 2582.7
1369500 2582.7
1369510 2585.3
1369520 2587.3
1369530 2587.3
1369540 2588.7
1369550 2590.6
1369560 2590.6
1369570 2593.2
1369580 2596.0
1369590 2596.0
1369600 2599.3
1369610 2603.1
1369620 2603.1
1369630 2606.6
1369640 2609.9
1369650 2614.2
1369660 2614.2
1369670 2618.8
1369680 2623.2
1369690 2623.2
1369700 2627.8
1369710 2633.1
1369720 2633.1
1369730 2639.2
1369740 2646.1
1369750 2646.1
1369760 2653.9
1369770 2662.5
1369780 2662.5
1369790 2669.9
1369800 2675.8
1369810 2682.9
1369820 2682.9
1369830 2690.5
1369840 2699.0
1369850 2699.0
1369860 2707.5
1369870 2714.0
1369880 2714.0
1369890 2719.7
1369900 2724.9
1369910 2724.9
1369920 2727.0
1369930 2730.3
1369940 2730.3
1369950 2733.2
1369960 2734.7
1369970 2734.7
1369980 2732.4
1369990 2726.6
1370000 2719.3
1370010 2719.3
1370020 2712.9
1370030 2706.1
1370040 2706.1
1370050 2698.8
1370060 2691.3
1370070 2691.3
1370080 2684.2
1370090 2676.2
1370100 2676.2
1370110 2664.8
1370120 2654.0
1370130 2654.0
1370140 2646.3
1370150 2641.6
1370160 2641.6
1370170 2636.0
1370180 2628.8
1370190 2623.3
1370200 2623.3
1370210 2614.3
1370220 2607.5
1370230 2607.5
1370240 2596.1
1370250 2590.3
1370260 2590.3
1370270 2580.7
1370280 2567.8
1370290 2567.8
1370300 2558.0
1370310 2552.0
1370320 2552.0
1370330 2546.1
1370340 2540.4
1370350 2540.4
1370360 2535.6
1370370 2531.6
1370380 2528.1
1370390 2528.1
1370400 2526.0
1370410 2525.3
1370420 2525.3
1370430 2525.8
1370440 2528.9
1370450 2528.9
1370460 2529.8
1370470 2528.7
1370480 2528.7
1370490 2528.1
1370500 2531.6
1370510 2531.6
1370520 2534.5
1370530 2536.8
1370540 2543.2
1370550 2543.2
1370560 2551.3
1370570 2558.5
1370580 2558.5
1370590 2560.3
1370600 2560.1
1370610 2560.1
1370620 2554.5
1370630 2545.4
1370640 2545.4
1370650 2533.5
1370660 2526.8
1370670 2526.8
1370680 2522.7
1370690 2519.8
1370700 2519.8
1370710 2517.2
1370720 2514.3
1370730 2510.8
1370740 2510.8
1370750 2511.1
1370760 2511.5
1370770 2511.5
1370780 2509.8
1370790 2507.8
1370800 2507.8
1370810 2509.3
1370820 2507.6
1370830 2507.6
1370840 2502.8
1370850 2502.1
1370860 2502.1
1370870 2505.7
1370880 2508.8
1370890 2508.8
1370900 2506.8
1370910 2504.1
1370920 2501.9
1370930 2501.9
1370940 2499.6
1370950 2495.0
1370960 2495.0
1370970 2487.2
1370980 2477.4
1370990 2477.4
1371000 2468.2
1371010 2459.8
1371020 2464.1
1371030 2456.3
1371040 2449.7
1371050 2449.7
1371060 2443.9
1371070 2436.3
1371080 2428.4
1371090 2428.4
1371100 2421.9
1371110 2412.6
1371120 2412.6
1371130 2403.1
1371140 2394.3
1371150 2394.3
1371160 2385.8
1371170 2377.8
1371180 2377.8
1371190 2370.7
1371200 2363.2
1371210 2363.2
1371220 2356.1
1371230 2349.5
1371240 2349.5
1371250 2342.0
1371260 2334.7
1371270 2327.6
1371280 2327.6
1371290 2320.0
1371300 2312.5
1371310 2312.5
1371320 2305.0
1371330 2296.9
1371340 2296.9
1371350 2288.9
1371360 2281.3
1371370 2281.3
1371380 2272.9
1371390 2263.2
1371400 2263.2
1371410 2257.0
1371420 2251.9
1371430 2251.9
1371440 2248.2
1371450 2245.7
1371460 2241.6
1371470 2241.6
1371480 2234.3
1371490 2226.2
1371500 2226.2
1371510 2217.0
1371520 2208.8
1371530 2208.8
1371540 2201.2
1371550 2194.0
1371560 2194.0
1371570 2186.1
1371580 2177.8
1371590 2177.8
1371600 2169.0
1371610 2160.9
1371620 2160.9
1371630 2153.8
1371640 2146.3
1371650 2136.6
1371660 2136.6
1371670 2127.4
1371680 2120.2
1371690 2120.2
1371700 2113.4
1371710 2105.0
1371720 2105.0
1371730 2096.8
1371740 2089.5
1371750 2089.5
1371760 2082.8
1371770 2075.4
1371780 2075.4
1371790 2068.8
1371800 2061.0
1371810 2051.7
1371820 2051.7
1371830 2042.7
1371840 2036.5
1371850 2036.5
1371860 2031.2
1371870 2025.5
1371880 2025.5
1371890 2020.4
1371900 2015.0
1371910 2015.0
1371920 2008.1
1371930 2001.6
1371940 2001.6
1371950 1996.2
1371960 1990.7
1371970 1990.7
1371980 1985.0
1371990 1978.5
1372000 1973.3
1372010 1973.3
1372020 1969.5
1372030 1967.2
1372040 1967.2
1372050 1966.6
1372060 1963.6
1372070 1963.6
1372080 1959.1
1372090 1955.2
1372100 1955.2
1372110 1951.1
1372120 1946.9
1372130 1946.9
1372140 1938.0
1372150 1934.4
1372160 1934.4
1372170 1929.7
1372180 1924.3
1372190 1919.8
1372200 1919.8
1372210 1915.2
1372220 1909.9
1372230 1909.9
1372240 1904.1
1372250 1898.6
1372260 1898.6
1372270 1893.5
1372280 1885.9
1372290 1885.9
1372300 1878.5
1372310 1869.3
1372320 1869.3
1372330 1860.0
1372340 1852.9
1372350 1852.9
1372360 1844.6
1372370 1836.7
1372380 1830.1
1372390 1830.1
1372400 1825.2
1372410 1821.0
1372420 1821.0
1372430 1815.9
1372440 1809.5
1372450 1809.5
1372460 1802.7
1372470 1796.1
1372480 1796.1
1372490 1789.0
1372500 1780.4
1372510 1780.4
1372520 1772.4
1372530 1763.4
1372540 1751.7
1372550 1751.7
1372560 1740.8
1372570 1731.4
1372580 1731.4
1372590 1721.6
1372600 1711.3
1372610 1711.3
1372620 1698.4
1372630 1683.7
1372640 1683.7
1372650 1673.2
1372660 1665.0
1372670 1665.0
1372680 1658.3
1372690 1652.2
1372700 1652.2
1372710 1646.2
1372720 1640.2
1372730 1634.8
1372740 1634.8
1372750 1629.5
1372760 1624.7
1372770 1624.7
1372780 1620.3
1372790 1616.3
1372800 1616.3
1372810 1612.4
1372820 1608.9
1372830 1608.9
1372840 1605.8
1372850 1603.0
1372860 1603.0
1372870 1600.5
1372880 1598.9
1372890 1598.9
1372900 1597.0
1372910 1594.5
1372920 1592.3
1372930 1592.3
1372940 1591.6
1372950 1591.6
1372960 1591.6
1372970 1591.6
1372980 1591.7
1372990 1591.7
1373000 1591.3
1373010 1592.4
1373020 1592.4
1373030 1596.7
1373040 1601.3
1373050 1601.3
1373060 1605.6
1373070 1609.4
1373080 1609.4
1373090 1612.7
1373100 1615.6
1373110 1619.6
1373120 1619.6
1373130 1624.5
1373140 1628.9
1373150 1628.9
1373160 1631.4
1373170 1634.3
1373180 1634.3
1373190 1638.4
1373200 1644.3
1373210 1644.3
1373220 1651.2
1373230 1659.1
1373240 1659.1
1373250 1665.6
1373260 1673.2
1373270 1679.2
1373280 1679.2
1373290 1685.9
1373300 1692.7
1373310 1692.7
1373320 1699.4
1373330 1706.3
1373340 1706.3
1373350 1713.0
1373360 1718.9
1373370 1718.9
1373380 1723.9
1373390 1729.1
1373400 1729.1
1373410 1734.0
1373420 1739.0
1373430 1739.0
1373440 1743.6
1373450 1748.6
1373460 1754.4
1373470 1754.4
1373480 1760.5
1373490 1765.8
1373500 1765.8
1373510 1768.9
1373520 1770.1
1373530 1770.1
1373540 1774.4
1373550 1779.4
1373560 1779.4
1373570 1783.5
1373580 1787.4
1373590 1787.4
1373600 1791.5
1373610 1795.9
1373620 1795.9
1373630 1799.9
1373640 1804.3
1373650 1808.7
1373660 1808.7
1373670 1813.2
1373680 1817.5
1373690 1817.5
1373700 1821.0
1373710 1825.0
1373720 1825.0
1373730 1829.4
1373740 1834.1
1373750 1834.1
1373760 1839.2
1373770 1844.3
1373780 1844.3
1373790 1848.8
1373800 1853.6
1373810 1858.0
1373820 1858.0
1373830 1862.4
1373840 1867.3
1373850 1867.3
1373860 1871.0
1373870 1874.4
1373880 1874.4
1373890 1877.8
1373900 1882.5
1373910 1882.5
1373920 1888.2
1373930 1894.2
1373940 1894.2
1373950 1900.1
1373960 1906.8
1373970 1906.8
1373980 1913.3
1373990 1918.8
1374000 1925.2
1374010 1925.2
1374020 1931.8
1374030 1937.2
1374040 1937.2
1374050 1942.7
1374060 1947.0
1374070 1947.0
1374080 1950.6
1374090 1953.7
1374100 1953.7
1374110 1956.8
1374120 1959.9
1374130 1959.9
1374140 1962.1
1374150 1962.7
1374160 1962.7
1374170 1965.0
1374180 1968.6
1374190 1971.4
1374200 1971.4
1374210 1973.0
1374220 1973.9
1374230 1973.9
1374240 1975.3
1374250 1976.5
1374260 1976.5
1374270 1977.3
1374280 1978.3
1374290 1978.3
1374300 1979.2
1374310 1980.0
1374320 1980.0
1374330 1981.0
1374340 1981.8
1374350 1981.8
1374360 1983.5
1374370 1989.3
1374380 1996.1
1374390 1996.1
1374400 2002.3
1374410 2010.9
1374420 2010.9
1374430 2013.3
1374440 2013.6
1374450 2013.6
1374460 2014.2
1374470 2015.3
1374480 2015.3
1374490 2016.0
1374500 2015.9
1374510 2015.9
1374520 2014.7
1374530 2013.2
1374540 2012.6
1374550 2012.6
1374560 2012.4
1374570 2012.6
1374580 2012.6
1374590 2013.4
1374600 2014.4
1374610 2014.4
1374620 2014.9
1374630 2015.1
1374640 2015.1
1374650 2015.5
1374660 2015.8
1374670 2015.8
1374680 2016.1
1374690 2017.1
1374700 2017.1
1374710 2018.1
1374720 2019.1
1374730 2019.8
1374740 2019.8
1374750 2020.7
1374760 2021.9
1374770 2021.9
1374780 2023.8
1374790 2025.4
1374800 2025.4
1374810 2027.2
1374820 2030.7
1374830 2030.7
1374840 2034.0
1374850 2037.4
1374860 2037.4
1374870 2040.8
1374880 2043.8
1374890 2043.8
1374900 2046.4
1374910 2049.7
1374920 2052.7
1374930 2052.7
1374940 2055.7
1374950 2058.6
1374960 2058.6
1374970 2061.4
1374980 2064.1
1374990 2064.1
1375000 2066.4
1375010 2069.0
1375020 2069.0
1375030 2071.8
1375040 2074.6
1375050 2074.6
1375060 2077.6
1375070 2081.0
1375080 2081.0
1375090 2084.4
1375100 2088.3
1375110 2092.2
1375120 2092.2
1375130 2095.9
1375140 2099.4
1375150 2099.4
1375160 2103.1
1375170 2106.7
1375180 2106.7
1375190 2110.4
1375200 2114.2
1375210 2114.2
1375220 2117.8
1375230 2121.1
1375240 2121.1
1375250 2124.4
1375260 2128.1
1375270 2132.4
1375280 2132.4
1375290 2137.1
1375300 2141.9
1375310 2141.9
1375320 2146.1
1375330 2150.1
1375340 2150.1
1375350 2154.3
1375360 2158.5
1375370 2158.5
1375380 2162.5
1375390 2166.4
1375400 2166.4
1375410 2170.1
1375420 2173.9
1375430 2173.9
1375440 2177.9
1375450 2182.1
1375460 2185.4
1375470 2185.4
1375480 2189.0
1375490 2193.4
1375500 2193.4
1375510 2197.7
1375520 2202.0
1375530 2202.0
1375540 2206.5
1375550 2210.9
1375560 2206.0
1375570 2210.6
1375580 2215.3
1375590 2215.3
1375600 2219.5
1375610 2223.4
1375620 2223.4
1375630 2227.6
1375640 2232.0
1375650 2236.4
1375660 2236.4
1375670 2240.4
1375680 2244.2
1375690 2244.2
1375700 2247.6
1375710 2250.5
1375720 2250.5
1375730 2253.3
1375740 2256.9
1375750 2256.9
1375760 2260.7
1375770 2264.7
1375780 2264.7
1375790 2268.4
1375800 2272.4
1375810 2276.6
1375820 2276.6
1375830 2280.3
1375840 2284.7
1375850 2284.7
1375860 2289.7
1375870 2294.8
1375880 2294.8
1375890 2299.9
1375900 2304.8
1375910 2304.8
1375920 2310.2
1375930 2315.7
1375940 2315.7
1375950 2321.2
1375960 2327.2
1375970 2327.2
1375980 2333.6
1375990 2340.9
1376000 2348.0
1376010 2348.0
1376020 2354.6
1376030 2361.4
1376040 2361.4
1376050 2368.4
1376060 2375.5
1376070 2375.5
1376080 2381.7
1376090 2387.8
1376100 2387.8
1376110 2394.4
1376120 2404.0
1376130 2404.0
1376140 2415.6
1376150 2424.6
1376160 2424.6
1376170 2431.6
1376180 2438.5
1376190 2444.7
1376200 2444.7
1376210 2450.6
1376220 2455.9
1376230 2455.9
1376240 2460.6
1376250 2465.1
1376260 2465.1
1376270 2469.8
1376280 2474.8
1376290 2474.8
1376300 2480.0
1376310 2486.1
1376320 2486.1
1376330 2491.8
1376340 2498.0
1376350 2498.0
1376360 2504.1
1376370 2509.7
1376380 2515.7
1376390 2515.7
1376400 2522.4
1376410 2529.0
1376420 2529.0
1376430 2535.4
1376440 2542.0
1376450 2542.0
1376460 2548.6
1376470 2554.9
1376480 2554.9
1376490 2560.8
1376500 2564.6
1376510 2564.6
1376520 2566.6
1376530 2571.7
1376540 2577.1
1376550 2577.1
1376560 2582.6
1376570 2588.5
1376580 2588.5
1376590 2592.6
1376600 2592.7
1376610 2592.7
1376620 2589.4
1376630 2595.5
1376640 2595.5
1376650 2605.1
1376660 2611.5
1376670 2611.5
1376680 2614.1
1376690 2613.0
1376700 2613.0
1376710 2613.3
1376720 2601.4
1376730 2597.3
1376740 2597.3
1376750 2596.9
1376760 2599.9
1376770 2599.9
1376780 2604.7
1376790 2610.9
1376800 2610.9
1376810 2618.2
1376820 2625.0
1376830 2625.0
1376840 2630.3
1376850 2635.9
1376860 2635.9
1376870 2640.3
1376880 2647.2
1376890 2647.2
1376900 2655.7
1376910 2663.0
1376920 2668.2
1376930 2668.2
1376940 2672.5
1376950 2678.0
1376960 2678.0
1376970 2682.7
1376980 2687.8
1376990 2687.8
1377000 2693.9
1377010 2699.0
1377020 2699.0
1377030 2704.1
1377040 2710.1
1377050 2710.1
1377060 2716.0
1377070 2721.5
1377080 2721.5
1377090 2726.6
1377100 2733.8
1377110 2741.0
1377120 2741.0
1377130 2733.0
1377140 2718.6
1377150 2718.6
1377160 2706.9
1377170 2695.6
1377180 2695.6
1377190 2683.7
1377200 2672.4
1377210 2672.4
1377220 2664.6
1377230 2659.3
1377240 2659.3
1377250 2653.9
1377260 2643.6
1377270 2634.2
1377280 2634.2
1377290 2624.0
1377300 2613.6
1377310 2613.6
1377320 2599.8
1377330 2586.6
1377340 2586.6
1377350 2579.1
1377360 2573.9
1377370 2573.9
1377380 2569.7
1377390 2565.0
1377400 2565.0
1377410 2560.2
1377420 2555.8
1377430 2555.8
1377440 2553.0
1377450 2551.6
1377460 2550.7
1377470 2550.7
1377480 2550.0
1377490 2545.9
1377500 2545.9
1377510 2539.5
1377520 2536.5
1377530 2536.5
1377540 2536.3
1377550 2536.3
1377560 2536.3
1377570 2536.4
1377580 2536.6
1377590 2536.6
1377600 2537.4
1377610 2539.5
1377620 2539.5
1377630 2541.5
1377640 2540.3
1377650 2539.3
1377660 2539.3
1377670 2542.9
1377680 2545.6
1377690 2545.6
1377700 2548.5
1377710 2551.8
1377720 2551.8
1377730 2556.3
1377740 2561.2
1377750 2561.2
1377760 2566.3
1377770 2569.2
1377780 2569.2
1377790 2572.8
1377800 2578.6
1377810 2584.5
1377820 2584.5
1377830 2591.0
1377840 2597.7
1377850 2597.7
1377860 2604.5
1377870 2610.9
1377880 2610.9
1377890 2617.1
1377900 2626.2
1377910 2626.2
1377920 2631.1
1377930 2634.5
1377940 2634.5
1377950 2632.4
1377960 2628.6
1377970 2628.6
1377980 2622.0
1377990 2613.3
1378000 2606.3
1378010 2606.3
1378020 2602.1
1378030 2597.9
1378040 2597.9
1378050 2594.0
1378060 2594.4
1378070 2594.4
1378080 2595.1
1378090 2590.6
1378100 2590.6
1378110 2586.7
1378120 2573.9
1378130 2573.9
1378140 2569.1
1378150 2572.1
1378160 2572.1
1378170 2565.7
1378180 2556.9
1378190 2552.7
1378200 2552.7
1378210 2552.1
1378220 2542.0
1378230 2542.0
1378240 2537.0
1378250 2534.9
1378260 2534.9
1378270 2533.8
1378280 2535.8
1378290 2535.8
1378300 2540.3
1378310 2545.8
1378320 2545.8
1378330 2552.0
1378340 2558.4
1378350 2558.4
1378360 2565.5
1378370 2570.5
1378380 2569.2
1378390 2569.2
1378400 2566.6
1378410 2563.7
1378420 2563.7
1378430 2560.2
1378440 2555.3
1378450 2555.3
1378460 2550.9
1378470 2548.5
1378480 2548.5
1378490 2546.2
1378500 2543.1
1378510 2543.1
1378520 2539.8
1378530 2537.5
1378540 2535.8
1378550 2535.8
1378560 2533.1
1378570 2529.7
1378580 2529.7
1378590 2525.7
1378600 2521.4
1378610 2521.4
1378620 2518.6
1378630 2514.7
1378640 2514.7
1378650 2512.1
1378660 2510.6
1378670 2510.6
1378680 2510.0
1378690 2509.2
1378700 2509.2
1378710 2507.8
1378720 2506.5
1378730 2505.0
1378740 2505.0
1378750 2503.4
1378760 2501.8
1378770 2501.8
1378780 2500.5
1378790 2498.1
1378800 2498.1
1378810 2496.4
1378820 2494.6
1378830 2494.6
1378840 2493.0
1378850 2492.3
1378860 2492.3
1378870 2492.0
1378880 2490.8
1378890 2490.8
1378900 2489.3
1378910 2488.1
1378920 2486.8
1378930 2486.8
1378940 2484.9
1378950 2482.2
1378960 2482.2
1378970 2479.1
1378980 2470.5
1378990 2470.5
1379000 2459.3
1379010 2450.6
1379020 2450.6
1379030 2439.5
1379040 2430.3
1379050 2430.3
1379060 2427.5
1379070 2426.3
1379080 2426.3
1379090 2419.8
1379100 2423.2
1379110 2426.2
1379120 2426.2
1379130 2430.4
1379140 2432.8
1379150 2432.8
1379160 2426.7
1379170 2418.1
1379180 2418.1
1379190 2408.7
1379200 2398.5
1379210 2398.5
1379220 2388.3
1379230 2378.9
1379240 2378.9
1379250 2370.0
1379260 2360.9
1379270 2353.8
1379280 2353.8
1379290 2347.4
1379300 2341.6
1379310 2341.6
1379320 2335.9
1379330 2329.9
1379340 2329.9
1379350 2324.0
1379360 2319.9
1379370 2319.9
1379380 2316.9
1379390 2313.6
1379400 2313.6
1379410 2308.9
1379420 2306.1
1379430 2306.1
1379440 2302.6
1379450 2302.1
1379460 2304.3
1379470 2304.3
1379480 2306.2
1379490 2306.0
1379500 2306.0
1379510 2306.9
1379520 2308.0
1379530 2308.0
1379540 2309.6
1379550 2307.5
1379560 2307.5
1379570 2306.6
1379580 2313.6
1379590 2313.6
1379600 2319.1
1379610 2326.4
1379620 2326.4
1379630 2332.5
1379640 2334.7
1379650 2333.2
1379660 2333.2
1379670 2325.3
1379680 2311.3
1379690 2311.3
1379700 2309.3
1379710 2320.4
1379720 2320.4
1379730 2330.8
1379740 2336.3
1379750 2336.3
1379760 2338.9
1379770 2335.0
1379780 2335.0
1379790 2328.4
1379800 2327.6
1379810 2328.8
1379820 2328.8
1379830 2321.0
1379840 2312.0
1379850 2312.0
1379860 2302.6
1379870 2298.1
1379880 2298.1
1379890 2305.8
1379900 2312.6
1379910 2312.6
1379920 2317.6
1379930 2315.4
1379940 2315.4
1379950 2304.6
1379960 2301.7
1379970 2301.7
1379980 2306.2
1379990 2305.3
