1367710 2435.4
1367720 2435.4
1367730 2442.8
1367740 2452.4
1367750 2452.4
1367760 2458.8
1367770 2467.6
1367780 2467.6
1367790 2478.8
1367800 2490.7
1367810 2490.7
1367820 2499.9
1367830 2509.2
1367840 2509.2
1367850 2516.5
1367860 2518.8
1367870 2518.8
1367880 2522.2
1367890 2521.9
1367900 2522.4
1367910 2522.4
1367920 2524.4
1367930 2525.6
1367940 2525.6
1367950 2528.8
1367960 2532.1
1367970 2532.1
1367980 2534.1
1367990 2532.3
1368000 2532.3
1368010 2523.1
1368020 2512.5
1368030 2512.5
1368040 2508.2
1368050 2505.9
1368060 2502.0
1368070 2502.0
1368080 2499.0
1368090 2496.3
1368100 2496.3
1368110 2495.1
1368120 2494.3
1368130 2494.3
1368140 2493.4
1368150 2492.9
1368160 2492.9
1368170 2493.2
1368180 2493.9
1368190 2493.9
1368200 2494.2
1368210 2495.1
1368220 2495.1
1368230 2496.0
1368240 2497.0
1368250 2500.0
1368260 2500.0
1368270 2502.5
1368280 2504.5
1368290 2504.5
1368300 2507.5
1368310 2511.3
1368320 2511.3
1368330 2514.8
1368340 2516.7
1368350 2516.7
1368360 2519.2
1368370 2522.2
1368380 2522.2
1368390 2526.1
1368400 2530.2
1368410 2530.2
1368420 2533.0
1368430 2535.0
1368440 2537.4
1368450 2537.4
1368460 2540.5
1368470 2544.0
1368480 2544.0
1368490 2549.3
1368500 2556.5
1368510 2556.5
1368520 2563.1
1368530 2568.0
1368540 2568.0
1368550 2572.9
1368560 2578.3
1368570 2578.3
1368580 2583.6
1368590 2588.8
1368600 2588.8
1368610 2593.9
1368620 2599.0
1368630 2608.3
1368640 2608.3
1368650 2622.5
1368660 2631.9
1368670 2631.9
1368680 2638.0
1368690 2654.9
1368700 2654.9
1368710 2667.3
1368720 2674.0
1368730 2674.0
1368740 2682.0
1368750 2691.4
1368760 2691.4
1368770 2701.7
1368780 2714.0
1368790 2724.7
1368800 2724.7
1368810 2739.7
1368820 2750.1
1368830 2750.1
1368840 2757.1
1368850 2762.1
1368860 2762.1
1368870 2767.4
1368880 2763.6
1368890 2763.6
1368900 2755.6
1368910 2744.9
1368920 2744.9
1368930 2733.3
1368940 2722.1
1368950 2722.1
1368960 2713.1
1368970 2706.2
1368980 2700.0
1368990 2700.0
1369000 2692.2
1369010 2682.9
1369020 2682.9
1369030 2673.8
1369040 2665.4
1369050 2665.4
1369060 2658.5
1369070 2650.4
1369080 2650.4
1369090 2638.9
1369100 2626.7
1369110 2626.7
1369120 2612.3
1369130 2603.2
1369140 2603.2
1369150 2597.1
1369160 2593.8
1369170 2591.8
1369180 2591.8
1369190 2591.6
1369200 2589.3
1369210 2589.3
1369220 2579.3
1369230 2569.3
1369240 2569.3
1369250 2555.0
1369260 2542.7
1369270 2542.7
1369280 2531.2
1369290 2518.4
1369300 2518.4
1369310 2507.3
1369320 2496.0
1369330 2496.0
1369340 2483.8
1369350 2468.5
1369360 2459.6
1369370 2459.6
1369380 2451.8
1369390 2444.0
1369400 2444.0
1369410 2435.9
1369420 2426.9
1369430 2426.9
1369440 2418.7
1369450 2411.3
1369460 2411.3
1369470 2404.3
1369480 2394.3
1369490 2394.3
1369500 2384.0
1369510 2377.6
1369520 2371.8
1369530 2371.8
1369540 2360.7
1369550 2349.6
1369560 2349.6
1369570 2342.6
1369580 2336.2
1369590 2336.2
1369600 2329.6
1369610 2323.2
1369620 2323.2
1369630 2316.8
1369640 2310.5
1369650 2310.5
1369660 2304.5
1369670 2298.5
1369680 2298.5
1369690 2292.9
1369700 2287.5
1369710 2283.2
1369720 2283.2
1369730 2280.0
1369740 2277.1
1369750 2277.1
1369760 2274.3
1369770 2273.1
1369780 2273.1
1369790 2270.1
1369800 2266.8
1369810 2266.8
1369820 2264.1
1369830 2261.4
1369840 2261.4
1369850 2259.3
1369860 2257.4
1369870 2257.4
1369880 2255.5
1369890 2253.7
1369900 2252.2
1369910 2252.2
1369920 2251.2
1369930 2249.4
1369940 2249.4
1369950 2247.7
1369960 2247.0
1369970 2247.0
1369980 2246.2
1369990 2245.0
1370000 2245.0
1370010 2244.5
1370020 2242.0
1370030 2242.0
1370040 2240.0
1370050 2238.2
1370060 2238.2
1370070 2235.4
1370080 2231.5
1370090 2228.4
1370100 2228.4
1370110 2226.3
1370120 2224.5
1370130 2224.5
1370140 2223.7
1370150 2222.4
1370160 2222.4
1370170 2220.8
1370180 2219.6
1370190 2219.6
1370200 2219.3
1370210 2220.1
1370220 2220.1
1370230 2223.5
1370240 2227.5
1370250 2231.7
1370260 2231.7
1370270 2236.0
1370280 2241.3
1370290 2241.3
1370300 2246.7
1370310 2251.5
1370320 2251.5
1370330 2255.2
1370340 2259.1
1370350 2259.1
1370360 2263.8
1370370 2269.2
1370380 2269.2
1370390 2275.1
1370400 2280.6
1370410 2280.6
1370420 2281.8
1370430 2282.9
1370440 2287.5
1370450 2287.5
1370460 2294.7
1370470 2301.2
1370480 2301.2
1370490 2302.7
1370500 2295.8
1370510 2295.8
1370520 2287.1
1370530 2281.8
1370540 2281.8
1370550 2274.3
1370560 2266.9
1370570 2266.9
1370580 2261.1
1370590 2256.2
1370600 2256.2
1370610 2252.8
1370620 2249.6
1370630 2242.8
1370640 2242.8
1370650 2231.3
1370660 2221.6
1370670 2221.6
1370680 2213.1
1370690 2205.2
1370700 2205.2
1370710 2199.2
1370720 2194.7
1370730 2194.7
1370740 2190.2
1370750 2186.3
1370760 2186.3
1370770 2182.8
1370780 2179.3
1370790 2179.3
1370800 2176.6
1370810 2174.9
1370820 2173.9
1370830 2173.9
1370840 2170.9
1370850 2167.0
1370860 2167.0
1370870 2163.4
1370880 2166.5
1370890 2166.5
1370900 2161.5
1370910 2155.7
1370920 2155.7
1370930 2149.6
1370940 2143.7
1370950 2143.7
1370960 2138.4
1370970 2133.6
1370980 2129.1
1370990 2129.1
1371000 2122.8
1371010 2114.9
1371020 2114.9
1371030 2106.4
1371040 2100.7
1371050 2100.7
1371060 2096.1
1371070 2093.4
1371080 2093.4
1371090 2093.7
1371100 2095.9
1371110 2095.9
1371120 2093.3
1371130 2090.4
1371140 2090.4
1371150 2086.4
1371160 2081.8
1371170 2076.5
1371180 2076.5
1371190 2071.6
1371200 2066.5
1371210 2066.5
1371220 2062.6
1371230 2058.9
1371240 2058.9
1371250 2054.9
1371260 2051.1
1371270 2051.1
1371280 2047.4
1371290 2044.0
1371300 2044.0
1371310 2040.6
1371320 2036.4
1371330 2036.4
1371340 2033.0
1371350 2030.1
1371360 2026.7
1371370 2026.7
1371380 2023.2
1371390 2019.5
1371400 2019.5
1371410 2015.7
1371420 2011.8
1371430 2011.8
1371440 2008.2
1371450 2004.7
1371460 2004.7
1371470 2001.6
1371480 1998.4
1371490 1998.4
1371500 1995.4
1371510 1992.4
1371520 1992.4
1371530 1989.5
1371540 1987.3
1371550 1984.7
1371560 1984.7
1371570 1980.8
1371580 1977.6
1371590 1977.6
1371600 1972.9
1371610 1968.1
1371620 1968.1
1371630 1964.8
1371640 1961.9
1371650 1961.9
1371660 1958.7
1371670 1954.5
1371680 1954.5
1371690 1949.7
1371700 1946.5
1371710 1944.0
1371720 1944.0
1371730 1941.1
1371740 1937.1
1371750 1937.1
1371760 1933.2
1371770 1929.8
1371780 1929.8
1371790 1927.5
1371800 1925.6
1371810 1925.6
1371820 1924.0
1371830 1922.2
1371840 1922.2
1371850 1919.8
1371860 1917.1
1371870 1917.1
1371880 1914.4
1371890 1911.1
1371900 1907.6
1371910 1907.6
1371920 1904.0
1371930 1899.8
1371940 1899.8
1371950 1896.5
1371960 1893.3
1371970 1893.3
1371980 1890.8
1371990 1890.3
1372000 1890.3
1372010 1885.3
1372020 1880.3
1372030 1880.3
1372040 1876.0
1372050 1873.6
1372060 1873.6
1372070 1871.0
1372080 1867.6
1372090 1864.4
1372100 1864.4
1372110 1861.6
1372120 1856.1
1372130 1856.1
1372140 1849.0
1372150 1842.2
1372160 1842.2
1372170 1833.9
1372180 1826.4
1372190 1826.4
1372200 1820.1
1372210 1814.8
1372220 1814.8
1372230 1810.2
1372240 1805.5
1372250 1805.5
1372260 1801.4
1372270 1796.9
1372280 1792.9
1372290 1792.9
1372300 1791.3
1372310 1789.0
1372320 1789.0
1372330 1785.7
1372340 1781.2
1372350 1781.2
1372360 1775.7
1372370 1768.9
1372380 1768.9
1372390 1761.5
1372400 1753.8
1372410 1753.8
1372420 1748.3
1372430 1743.1
1372440 1738.9
1372450 1738.9
1372460 1733.6
1372470 1726.6
1372480 1726.6
1372490 1719.7
1372500 1711.9
1372510 1711.9
1372520 1702.5
1372530 1694.2
1372540 1694.2
1372550 1687.0
1372560 1681.6
1372570 1681.6
1372580 1676.2
1372590 1671.2
1372600 1671.2
1372610 1666.4
1372620 1660.4
1372630 1654.9
1372640 1654.9
1372650 1648.3
1372660 1640.2
1372670 1640.2
1372680 1632.4
1372690 1625.9
1372700 1625.9
1372710 1624.4
1372720 1625.8
1372730 1625.8
1372740 1627.6
1372750 1629.4
1372760 1629.4
1372770 1631.8
1372780 1634.7
1372790 1634.7
1372800 1635.8
1372810 1636.7
1372820 1638.9
1372830 1638.9
1372840 1642.0
1372850 1645.6
1372860 1645.6
1372870 1648.7
1372880 1651.5
1372890 1651.5
1372900 1654.7
1372910 1659.1
1372920 1659.1
1372930 1664.0
1372940 1668.2
1372950 1668.2
1372960 1672.9
1372970 1678.1
1372980 1678.1
1372990 1680.6
1373000 1681.2
1373010 1681.8
1373020 1681.8
1373030 1682.1
1373040 1683.8
1373050 1683.8
1373060 1686.5
1373070 1690.4
1373080 1690.4
1373090 1694.5
1373100 1700.5
1373110 1700.5
1373120 1707.1
1373130 1714.3
1373140 1714.3
1373150 1719.4
1373160 1722.9
1373170 1725.5
1373180 1725.5
1373190 1727.8
1373200 1732.5
1373210 1732.5
1373220 1737.6
1373230 1742.5
1373240 1742.5
1373250 1745.6
1373260 1749.6
1373270 1749.6
1373280 1755.2
1373290 1761.3
1373300 1761.3
1373310 1769.4
1373320 1777.3
1373330 1777.3
1373340 1785.6
1373350 1796.7
1373360 1806.1
1373370 1806.1
1373380 1813.7
1373390 1820.4
1373400 1820.4
1373410 1825.1
1373420 1830.0
1373430 1830.0
1373440 1834.8
1373450 1839.0
1373460 1839.0
1373470 1842.1
1373480 1845.0
1373490 1845.0
1373500 1848.8
1373510 1853.4
1373520 1853.4
1373530 1859.3
1373540 1863.5
1373550 1866.7
1373560 1866.7
1373570 1869.7
1373580 1870.2
1373590 1870.2
1373600 1871.2
1373610 1873.1
1373620 1873.1
1373630 1875.4
1373640 1878.9
1373650 1878.9
1373660 1883.0
1373670 1886.6
1373680 1886.6
1373690 1888.5
1373700 1887.4
1373710 1887.4
1373720 1885.8
1373730 1886.5
1373740 1887.0
1373750 1887.0
1373760 1888.6
1373770 1893.4
1373780 1893.4
1373790 1903.7
1373800 1910.5
1373810 1910.5
1373820 1911.4
1373830 1910.6
1373840 1910.6
1373850 1909.6
1373860 1909.0
1373870 1909.0
1373880 1909.1
1373890 1912.6
1373900 1912.6
1373910 1919.1
1373920 1929.6
1373930 1943.0
1373940 1943.0
1373950 1952.9
1373960 1956.9
1373970 1956.9
1373980 1962.1
1373990 1969.7
1374000 1969.7
1374010 1976.9
1374020 1983.2
1374030 1983.2
1374040 1989.0
1374050 1994.4
1374060 1994.4
1374070 1999.9
1374080 2005.3
1374090 2010.3
1374100 2010.3
1374110 2016.4
1374120 2023.4
1374130 2023.4
1374140 2030.5
1374150 2038.3
1374160 2038.3
1374170 2046.1
1374180 2053.3
1374190 2053.3
1374200 2060.2
1374210 2068.5
1374220 2068.5
1374230 2078.0
1374240 2086.7
1374250 2086.7
1374260 2094.4
1374270 2100.7
1374280 2106.6
1374290 2106.6
1374300 2113.3
1374310 2119.8
1374320 2119.8
1374330 2124.1
1374340 2128.4
1374350 2128.4
1374360 2134.1
1374370 2140.2
1374380 2140.2
1374390 2146.9
1374400 2153.4
1374410 2153.4
1374420 2159.4
1374430 2165.2
1374440 2165.2
1374450 2170.9
1374460 2176.2
1374470 2180.5
1374480 2180.5
1374490 2183.9
1374500 2187.3
1374510 2187.3
1374520 2191.5
1374530 2195.7
1374540 2195.7
1374550 2200.2
1374560 2205.0
1374570 2205.0
1374580 2209.6
1374590 2214.1
1374600 2214.1
1374610 2218.8
1374620 2223.6
1374630 2223.6
1374640 2228.0
1374650 2231.5
1374660 2234.3
1374670 2234.3
1374680 2237.7
1374690 2241.5
1374700 2241.5
1374710 2246.0
1374720 2251.0
1374730 2251.0
1374740 2255.5
1374750 2258.8
1374760 2258.8
1374770 2262.1
1374780 2264.6
1374790 2264.6
1374800 2266.6
1374810 2268.4
1374820 2270.5
1374830 2270.5
1374840 2273.7
1374850 2278.3
1374860 2278.3
1374870 2283.7
1374880 2289.0
1374890 2289.0
1374900 2293.1
1374910 2297.5
1374920 2297.5
1374930 2303.4
1374940 2309.7
1374950 2309.7
1374960 2315.1
1374970 2319.0
1374980 2319.0
1374990 2322.8
1375000 2327.3
1375010 2333.1
1375020 2333.1
1375030 2338.1
1375040 2342.2
1375050 2342.2
1375060 2346.2
1375070 2350.2
1375080 2350.2
1375090 2353.7
1375100 2357.1
1375110 2357.1
1375120 2360.4
1375130 2364.4
1375140 2364.4
1375150 2368.5
1375160 2371.3
1375170 2371.3
1375180 2374.3
1375190 2378.2
1375200 2382.0
1375210 2382.0
1375220 2385.9
1375230 2389.8
1375240 2389.8
1375250 2393.6
1375260 2397.6
1375270 2397.6
1375280 2401.0
1375290 2404.3
1375300 2404.3
1375310 2408.2
1375320 2412.1
1375330 2412.1
1375340 2415.8
1375350 2419.3
1375360 2419.3
1375370 2423.4
1375380 2427.8
1375390 2432.5
1375400 2432.5
1375410 2432.3
1375420 2436.1
1375430 2436.1
1375440 2439.5
1375450 2441.8
1375460 2441.8
1375470 2442.1
1375480 2440.6
1375490 2440.6
1375500 2438.9
1375510 2436.4
1375520 2436.4
1375530 2433.2
1375540 2430.7
1375550 2432.6
1375560 2432.6
1375570 2437.2
1375580 2439.8
1375590 2439.8
1375600 2440.1
1375610 2442.0
1375620 2442.0
1375630 2446.7
1375640 2449.4
1375650 2449.4
1375660 2450.4
1375670 2454.4
1375680 2454.4
1375690 2458.3
1375700 2460.7
1375710 2460.7
1375720 2462.4
1375730 2464.5
1375740 2465.7
1375750 2465.7
1375760 2466.0
1375770 2466.4
1375780 2466.4
1375790 2466.7
1375800 2468.0
1375810 2468.0
1375820 2470.1
1375830 2473.5
1375840 2473.5
1375850 2477.5
1375860 2482.2
1375870 2482.2
1375880 2487.8
1375890 2493.4
1375900 2493.4
1375910 2492.4
1375920 2486.1
1375930 2481.7
1375940 2481.7
1375950 2479.3
1375960 2479.2
1375970 2479.2
1375980 2480.9
1375990 2483.4
1376000 2483.4
1376010 2485.9
1376020 2487.8
1376030 2487.8
1376040 2490.5
1376050 2493.1
1376060 2493.1
1376070 2494.7
1376080 2493.3
1376090 2493.3
1376100 2491.2
1376110 2489.8
1376120 2488.6
1376130 2488.6
1376140 2488.1
1376150 2488.5
1376160 2488.5
1376170 2489.0
1376180 2488.4
1376190 2488.4
1376200 2486.3
1376210 2482.9
1376220 2482.9
1376230 2478.8
1376240 2475.9
1376250 2475.9
1376260 2474.3
1376270 2472.8
1376280 2472.1
1376290 2472.1
1376300 2471.8
1376310 2471.8
1376320 2471.8
1376330 2472.4
1376340 2473.0
1376350 2473.0
1376360 2473.5
1376370 2474.2
1376380 2474.2
1376390 2475.0
1376400 2476.2
1376410 2476.2
1376420 2477.4
1376430 2479.2
1376440 2479.2
1376450 2482.4
1376460 2486.6
1376470 2491.3
1376480 2491.3
1376490 2496.7
1376500 2502.8
1376510 2502.8
1376520 2509.6
1376530 2517.4
1376540 2517.4
1376550 2527.1
1376560 2535.5
1376570 2531.1
1376580 2539.4
1376590 2548.2
1376600 2548.2
1376610 2554.5
1376620 2559.1
1376630 2559.1
1376640 2563.4
1376650 2567.5
1376660 2571.8
1376670 2571.8
1376680 2576.8
1376690 2582.2
1376700 2582.2
1376710 2587.9
1376720 2594.2
1376730 2594.2
1376740 2601.2
1376750 2607.9
1376760 2607.9
1376770 2612.4
1376780 2614.6
1376790 2614.6
1376800 2616.5
1376810 2618.0
1376820 2618.0
1376830 2618.9
1376840 2618.1
1376850 2616.3
1376860 2616.3
1376870 2614.9
1376880 2614.9
1376890 2614.9
1376900 2618.0
1376910 2619.3
1376920 2619.3
1376930 2620.5
1376940 2622.4
1376950 2622.4
1376960 2624.8
1376970 2628.1
1376980 2628.1
1376990 2631.8
1377000 2635.9
1377010 2640.8
1377020 2640.8
1377030 2646.6
1377040 2652.6
1377050 2652.6
1377060 2658.8
1377070 2667.6
1377080 2667.6
1377090 2677.7
1377100 2686.1
1377110 2686.1
1377120 2694.6
1377130 2703.8
1377140 2703.8
1377150 2711.0
1377160 2711.4
1377170 2711.4
1377180 2698.1
1377190 2683.8
1377200 2681.2
1377210 2681.2
1377220 2680.6
1377230 2680.3
1377240 2680.3
1377250 2681.8
1377260 2682.9
1377270 2682.9
1377280 2683.4
1377290 2683.6
1377300 2683.6
1377310 2683.3
1377320 2683.1
1377330 2683.1
1377340 2683.9
1377350 2684.5
1377360 2684.5
1377370 2686.1
1377380 2687.5
1377390 2684.9
1377400 2684.9
1377410 2684.1
1377420 2685.6
1377430 2685.6
1377440 2686.8
1377450 2689.0
1377460 2689.0
1377470 2691.1
1377480 2693.3
1377490 2693.3
1377500 2697.0
1377510 2700.9
1377520 2700.9
1377530 2703.8
1377540 2707.3
1377550 2707.3
1377560 2711.3
1377570 2715.3
1377580 2719.5
1377590 2719.5
1377600 2723.5
1377610 2727.3
1377620 2727.3
1377630 2731.3
1377640 2735.0
1377650 2735.0
1377660 2737.8
1377670 2739.9
1377680 2739.9
1377690 2744.1
1377700 2749.5
1377710 2749.5
1377720 2754.0
1377730 2756.2
1377740 2760.4
1377750 2760.4
1377760 2763.2
1377770 2765.7
1377780 2765.7
1377790 2766.8
1377800 2764.1
1377810 2764.1
1377820 2758.3
1377830 2753.8
1377840 2753.8
1377850 2749.6
1377860 2746.2
1377870 2746.2
1377880 2744.5
1377890 2744.9
1377900 2744.9
1377910 2744.7
1377920 2747.3
1377930 2750.3
1377940 2750.3
1377950 2753.4
1377960 2756.3
1377970 2756.3
1377980 2760.0
1377990 2763.5
1378000 2763.5
1378010 2766.1
1378020 2770.0
1378030 2770.0
1378040 2774.2
1378050 2777.2
1378060 2777.2
1378070 2779.2
1378080 2781.8
1378090 2781.8
1378100 2784.2
1378110 2786.1
1378120 2788.4
1378130 2788.4
1378140 2790.0
1378150 2791.1
1378160 2791.1
1378170 2791.2
1378180 2792.7
1378190 2792.7
1378200 2795.6
1378210 2798.3
1378220 2798.3
1378230 2800.8
1378240 2802.5
1378250 2802.5
1378260 2803.4
1378270 2802.3
1378280 2802.3
1378290 2800.6
1378300 2795.4
1378310 2787.3
1378320 2787.3
1378330 2786.6
1378340 2782.6
1378350 2782.6
1378360 2775.2
1378370 2765.4
1378380 2765.4
1378390 2756.9
1378400 2752.4
1378410 2752.4
1378420 2750.7
1378430 2750.2
1378440 2750.2
1378450 2750.3
1378460 2749.6
1378470 2749.5
1378480 2749.5
1378490 2750.4
1378500 2748.6
1378510 2748.6
1378520 2747.0
1378530 2746.0
1378540 2746.0
1378550 2744.2
1378560 2743.2
1378570 2743.2
1378580 2739.5
1378590 2735.0
1378600 2735.0
1378610 2733.9
1378620 2732.4
1378630 2732.4
1378640 2731.4
1378650 2731.7
1378660 2733.6
1378670 2733.6
1378680 2737.6
1378690 2742.6
1378700 2742.6
1378710 2746.5
1378720 2750.2
1378730 2750.2
1378740 2755.4
1378750 2761.7
1378760 2761.7
1378770 2768.1
1378780 2775.7
1378790 2775.7
1378800 2777.7
1378810 2777.7
1378820 2777.7
1378830 2780.8
1378840 2783.8
1378850 2788.5
1378860 2788.5
1378870 2792.3
1378880 2794.8
1378890 2794.8
1378900 2790.3
1378910 2782.5
1378920 2782.5
1378930 2766.5
1378940 2758.9
1378950 2758.9
1378960 2751.6
1378970 2735.4
1378980 2735.4
1378990 2716.5
1379000 2705.1
1379010 2705.1
1379020 2709.1
1379030 2712.8
1379040 2708.6
1379050 2708.6
1379060 2701.2
1379070 2705.5
1379080 2705.5
1379090 2712.2
1379100 2718.9
1379110 2718.9
1379120 2726.9
1379130 2728.5
1379140 2728.5
1379150 2722.4
1379160 2719.0
1379170 2719.0
1379180 2721.4
1379190 2725.4
1379200 2729.2
1379210 2729.2
1379220 2732.4
1379230 2734.8
1379240 2734.8
1379250 2737.9
1379260 2739.5
1379270 2739.5
1379280 2740.9
1379290 2741.8
1379300 2741.8
1379310 2740.4
1379320 2738.0
1379330 2738.0
1379340 2735.5
1379350 2732.6
1379360 2732.6
1379370 2728.9
1379380 2722.0
1379390 2713.5
1379400 2713.5
1379410 2706.9
1379420 2702.8
1379430 2702.8
1379440 2700.1
1379450 2696.0
1379460 2696.0
1379470 2692.6
1379480 2690.9
1379490 2690.9
1379500 2689.4
1379510 2688.0
1379520 2688.0
1379530 2684.9
1379540 2684.1
1379550 2684.1
1379560 2682.8
1379570 2681.1
1379580 2683.9
1379590 2683.9
1379600 2688.3
1379610 2693.4
1379620 2693.4
1379630 2698.9
1379640 2703.9
1379650 2703.9
1379660 2707.8
1379670 2709.4
1379680 2709.4
1379690 2706.5
1379700 2701.5
1379710 2701.5
1379720 2696.6
1379730 2691.5
1379740 2691.5
1379750 2685.9
1379760 2679.5
1379770 2672.7
1379780 2672.7
1379790 2665.9
1379800 2658.7
1379810 2658.7
1379820 2650.0
1379830 2633.7
1379840 2633.7
1379850 2619.1
1379860 2606.8
1379870 2606.8
1379880 2597.2
1379890 2588.8
1379900 2588.8
1379910 2581.9
1379920 2576.2
1379930 2570.4
1379940 2570.4
1379950 2565.8
1379960 2563.6
1379970 2563.6
1379980 2563.7
1379990 2564.3
