1367620 2406.7
1367630 2406.7
1367640 2408.3
1367650 2410.6
1367660 2410.6
1367670 2412.3
1367680 2413.5
1367690 2413.5
1367700 2415.1
1367710 2416.6
1367720 2416.6
1367730 2417.9
1367740 2420.8
1367750 2420.8
1367760 2425.7
1367770 2430.9
1367780 2435.9
1367790 2435.9
1367800 2440.8
1367810 2444.7
1367820 2444.7
1367830 2447.1
1367840 2450.8
1367850 2450.8
1367860 2455.9
1367870 2461.1
1367880 2461.1
1367890 2466.3
1367900 2471.8
1367910 2471.8
1367920 2476.7
1367930 2481.3
1367940 2481.3
1367950 2487.3
1367960 2495.5
1367970 2502.1
1367980 2502.1
1367990 2509.2
1368000 2521.6
1368010 2521.6
1368020 2533.0
1368030 2543.6
1368040 2543.6
1368050 2552.5
1368060 2564.3
1368070 2564.3
1368080 2575.6
1368090 2584.1
1368100 2584.1
1368110 2589.7
1368120 2593.9
1368130 2597.8
1368140 2597.8
1368150 2603.3
1368160 2609.3
1368170 2609.3
1368180 2615.5
1368190 2618.4
1368200 2618.4
1368210 2623.4
1368220 2626.9
1368230 2626.9
1368240 2629.9
1368250 2625.4
1368260 2625.4
1368270 2625.6
1368280 2629.8
1368290 2629.8
1368300 2633.5
1368310 2633.0
1368320 2631.1
1368330 2631.1
1368340 2626.0
1368350 2623.6
1368360 2623.6
1368370 2621.6
1368380 2620.7
1368390 2620.7
1368400 2621.8
1368410 2623.6
1368420 2623.6
1368430 2624.5
1368440 2625.2
1368450 2625.2
1368460 2626.3
1368470 2629.3
1368480 2629.3
1368490 2633.1
1368500 2638.7
1368510 2643.1
1368520 2643.1
1368530 2645.7
1368540 2649.4
1368550 2649.4
1368560 2654.6
1368570 2658.7
1368580 2658.7
1368590 2664.9
1368600 2673.9
1368610 2673.9
1368620 2683.3
1368630 2688.9
1368640 2688.9
1368650 2694.3
1368660 2694.7
1368670 2694.7
1368680 2691.6
1368690 2688.2
1368700 2688.1
1368710 2688.1
1368720 2685.5
1368730 2684.3
1368740 2684.3
1368750 2684.1
1368760 2685.0
1368770 2685.0
1368780 2686.0
1368790 2687.7
1368800 2687.7
1368810 2686.8
1368820 2684.4
1368830 2684.4
1368840 2683.0
1368850 2681.8
1368860 2681.1
1368870 2681.1
1368880 2680.7
1368890 2681.4
1368900 2681.4
1368910 2682.4
1368920 2684.1
1368930 2684.1
1368940 2685.4
1368950 2685.4
1368960 2685.4
1368970 2677.7
1368980 2666.2
1368990 2666.2
1369000 2658.1
1369010 2648.6
1369020 2648.6
1369030 2634.0
1369040 2622.2
1369050 2614.4
1369060 2614.4
1369070 2607.9
1369080 2598.4
1369090 2598.4
1369100 2586.7
1369110 2574.4
1369120 2574.4
1369130 2566.5
1369140 2559.2
1369150 2559.2
1369160 2553.0
1369170 2547.1
1369180 2547.1
1369190 2541.3
1369200 2535.8
1369210 2535.8
1369220 2530.5
1369230 2525.4
1369240 2520.6
1369250 2520.6
1369260 2516.2
1369270 2512.6
1369280 2512.6
1369290 2509.3
1369300 2505.7
1369310 2505.7
1369320 2502.2
1369330 2498.3
1369340 2498.3
1369350 2493.5
1369360 2488.3
1369370 2488.3
1369380 2482.4
1369390 2477.5
1369400 2477.5
1369410 2472.8
1369420 2467.0
1369430 2461.0
1369440 2461.0
1369450 2455.0
1369460 2449.0
1369470 2449.0
1369480 2440.2
1369490 2427.5
1369500 2427.5
1369510 2411.4
1369520 2396.7
1369530 2396.7
1369540 2385.9
1369550 2374.7
1369560 2374.7
1369570 2363.3
1369580 2352.5
1369590 2343.5
1369600 2343.5
1369610 2336.0
1369620 2330.3
1369630 2330.3
1369640 2323.0
1369650 2307.8
1369660 2307.8
1369670 2298.8
1369680 2295.1
1369690 2295.1
1369700 2289.3
1369710 2280.9
1369720 2280.9
1369730 2276.5
1369740 2273.7
1369750 2273.7
1369760 2271.2
1369770 2268.9
1369780 2266.9
1369790 2266.9
1369800 2263.1
1369810 2260.7
1369820 2260.7
1369830 2257.8
1369840 2254.5
1369850 2254.5
1369860 2251.0
1369870 2248.5
1369880 2248.5
1369890 2246.4
1369900 2243.9
1369910 2243.9
1369920 2240.4
1369930 2236.8
1369940 2236.8
1369950 2233.7
1369960 2231.0
1369970 2229.2
1369980 2229.2
1369990 2227.9
1370000 2226.8
1370010 2226.8
1370020 2225.8
1370030 2224.4
1370040 2224.4
1370050 2222.7
1370060 2220.9
1370070 2220.9
1370080 2217.9
1370090 2213.2
1370100 2213.2
1370110 2208.2
1370120 2204.4
1370130 2204.4
1370140 2200.9
1370150 2198.3
1370160 2196.7
1370170 2196.7
1370180 2195.0
1370190 2193.5
1370200 2193.5
1370210 2192.0
1370220 2190.6
1370230 2190.6
1370240 2189.2
1370250 2188.0
1370260 2188.0
1370270 2186.7
1370280 2184.7
1370290 2184.7
1370300 2181.9
1370310 2178.8
1370320 2178.8
1370330 2176.7
1370340 2176.3
1370350 2173.8
1370360 2173.8
1370370 2172.0
1370380 2170.9
1370390 2170.9
1370400 2169.5
1370410 2168.2
1370420 2168.2
1370430 2166.5
1370440 2164.2
1370450 2164.2
1370460 2163.5
1370470 2162.4
1370480 2162.4
1370490 2161.2
1370500 2159.8
1370510 2158.7
1370520 2158.7
1370530 2157.3
1370540 2153.5
1370550 2153.5
1370560 2150.9
1370570 2149.0
1370580 2149.0
1370590 2147.8
1370600 2147.2
1370610 2147.2
1370620 2148.7
1370630 2152.6
1370640 2152.6
1370650 2156.8
1370660 2161.2
1370670 2161.2
1370680 2166.8
1370690 2175.6
1370700 2183.8
1370710 2183.8
1370720 2190.9
1370730 2199.7
1370740 2199.7
1370750 2204.7
1370760 2201.6
1370770 2201.6
1370780 2193.7
1370790 2185.3
1370800 2185.3
1370810 2177.6
1370820 2171.0
1370830 2171.0
1370840 2164.2
1370850 2157.8
1370860 2157.8
1370870 2152.2
1370880 2147.1
1370890 2142.0
1370900 2142.0
1370910 2137.0
1370920 2131.3
1370930 2131.3
1370940 2125.2
1370950 2120.0
1370960 2120.0
1370970 2115.5
1370980 2111.4
1370990 2111.4
1371000 2107.4
1371010 2102.6
1371020 2102.6
1371030 2097.5
1371040 2092.2
1371050 2092.2
1371060 2087.2
1371070 2082.7
1371080 2078.3
1371090 2078.3
1371100 2073.2
1371110 2067.6
1371120 2067.6
1371130 2062.5
1371140 2058.1
1371150 2058.1
1371160 2054.4
1371170 2050.8
1371180 2050.8
1371190 2048.0
1371200 2045.3
1371210 2045.3
1371220 2042.5
1371230 2039.6
1371240 2036.3
1371250 2036.3
1371260 2032.9
1371270 2027.8
1371280 2027.8
1371290 2021.6
1371300 2014.6
1371310 2014.6
1371320 2007.3
1371330 2000.0
1371340 2000.0
1371350 1993.3
1371360 1987.7
1371370 1987.7
1371380 1982.9
1371390 1978.4
1371400 1978.4
1371410 1973.2
1371420 1963.4
1371430 1949.9
1371440 1949.9
1371450 1937.3
1371460 1926.3
1371470 1926.3
1371480 1915.2
1371490 1910.6
1371500 1910.6
1371510 1912.3
1371520 1913.3
1371530 1913.3
1371540 1916.5
1371550 1924.2
1371560 1924.2
1371570 1927.2
1371580 1922.7
1371590 1922.7
1371600 1919.0
1371610 1921.2
1371620 1919.4
1371630 1919.4
1371640 1917.1
1371650 1914.0
1371660 1914.0
1371670 1912.2
1371680 1909.2
1371690 1909.2
1371700 1906.3
1371710 1902.2
1371720 1902.2
1371730 1897.2
1371740 1892.7
1371750 1892.7
1371760 1888.4
1371770 1887.2
1371780 1887.2
1371790 1886.3
1371800 1880.6
1371810 1872.0
1371820 1872.0
1371830 1862.9
1371840 1855.9
1371850 1855.9
1371860 1852.3
1371870 1849.9
1371880 1849.9
1371890 1848.1
1371900 1847.2
1371910 1847.2
1371920 1846.3
1371930 1845.0
1371940 1845.0
1371950 1843.5
1371960 1842.3
1371970 1839.1
1371980 1839.1
1371990 1834.2
1372000 1829.6
1372010 1836.8
1372020 1832.1
1372030 1828.6
1372040 1828.6
1372050 1824.9
1372060 1819.9
1372070 1819.9
1372080 1814.3
1372090 1808.2
1372100 1808.2
1372110 1801.8
1372120 1796.2
1372130 1796.2
1372140 1791.7
1372150 1788.0
1372160 1784.1
1372170 1784.1
1372180 1780.0
1372190 1775.2
1372200 1775.2
1372210 1771.5
1372220 1769.0
1372230 1769.0
1372240 1765.4
1372250 1760.7
1372260 1760.7
1372270 1756.3
1372280 1751.7
1372290 1751.7
1372300 1746.9
1372310 1742.7
1372320 1742.7
1372330 1737.8
1372340 1734.3
1372350 1732.0
1372360 1732.0
1372370 1726.5
1372380 1718.9
1372390 1718.9
1372400 1711.2
1372410 1703.1
1372420 1703.1
1372430 1695.1
1372440 1687.8
1372450 1687.8
1372460 1680.6
1372470 1674.4
1372480 1674.4
1372490 1667.8
1372500 1662.8
1372510 1662.8
1372520 1656.8
1372530 1648.9
1372540 1646.1
1372550 1646.1
1372560 1649.3
1372570 1654.9
1372580 1654.9
1372590 1658.3
1372600 1660.3
1372610 1660.3
1372620 1662.3
1372630 1665.1
1372640 1665.1
1372650 1667.5
1372660 1669.5
1372670 1669.5
1372680 1671.4
1372690 1672.5
1372700 1673.6
1372710 1673.6
1372720 1674.9
1372730 1676.6
1372740 1676.6
1372750 1679.0
1372760 1681.6
1372770 1681.6
1372780 1684.2
1372790 1686.4
1372800 1686.4
1372810 1688.4
1372820 1691.3
1372830 1691.3
1372840 1695.3
1372850 1698.6
1372860 1698.6
1372870 1702.9
1372880 1707.4
1372890 1712.2
1372900 1712.2
1372910 1717.3
1372920 1722.3
1372930 1722.3
1372940 1727.6
1372950 1732.5
1372960 1732.5
1372970 1737.0
1372980 1741.7
1372990 1741.7
1373000 1746.9
1373010 1752.0
1373020 1752.0
1373030 1756.1
1373040 1760.6
1373050 1760.6
1373060 1765.1
1373070 1769.1
1373080 1772.8
1373090 1772.8
1373100 1776.8
1373110 1780.8
1373120 1780.8
1373130 1783.8
1373140 1784.7
1373150 1784.7
1373160 1787.6
1373170 1790.9
1373180 1790.9
1373190 1794.4
1373200 1798.5
1373210 1798.5
1373220 1802.3
1373230 1806.3
1373240 1806.3
1373250 1811.7
1373260 1817.9
1373270 1824.1
1373280 1824.1
1373290 1830.5
1373300 1837.9
1373310 1837.9
1373320 1845.2
1373330 1852.1
1373340 1852.1
1373350 1857.7
1373360 1861.8
1373370 1861.8
1373380 1865.0
1373390 1868.1
1373400 1868.1
1373410 1872.3
1373420 1877.0
1373430 1881.0
1373440 1881.0
1373450 1885.0
1373460 1889.8
1373470 1889.8
1373480 1895.2
1373490 1897.5
1373500 1897.5
1373510 1898.1
1373520 1899.3
1373530 1899.3
1373540 1899.9
1373550 1901.8
1373560 1901.8
1373570 1904.8
1373580 1909.3
1373590 1909.3
1373600 1915.8
1373610 1921.9
1373620 1927.7
1373630 1927.7
1373640 1931.7
1373650 1934.2
1373660 1934.2
1373670 1937.3
1373680 1941.6
1373690 1941.6
1373700 1946.0
1373710 1950.9
1373720 1950.9
1373730 1955.7
1373740 1960.2
1373750 1960.2
1373760 1964.7
1373770 1970.2
1373780 1970.2
1373790 1974.8
1373800 1978.5
1373810 1982.7
1373820 1982.7
1373830 1987.2
1373840 1990.9
1373850 1990.9
1373860 1993.7
1373870 1994.6
1373880 1994.6
1373890 1995.5
1373900 1997.6
1373910 1997.6
1373920 2000.4
1373930 2003.6
1373940 2003.6
1373950 2008.3
1373960 2014.1
1373970 2014.1
1373980 2019.8
1373990 2024.6
1374000 2026.8
1374010 2026.8
1374020 2026.0
1374030 2025.6
1374040 2025.6
1374050 2028.9
1374060 2034.3
1374070 2034.3
1374080 2039.4
1374090 2044.3
1374100 2044.3
1374110 2049.1
1374120 2053.9
1374130 2053.9
1374140 2058.6
1374150 2062.4
1374160 2062.4
1374170 2065.8
1374180 2068.1
1374190 2070.6
1374200 2070.6
1374210 2072.5
1374220 2075.1
1374230 2075.1
1374240 2078.4
1374250 2081.6
1374260 2081.6
1374270 2084.1
1374280 2079.2
1374290 2079.2
1374300 2085.5
1374310 2093.3
1374320 2093.3
1374330 2099.8
1374340 2105.6
1374350 2111.5
1374360 2111.5
1374370 2118.1
1374380 2125.0
1374390 2125.0
1374400 2131.0
1374410 2135.1
1374420 2135.1
1374430 2138.7
1374440 2143.1
1374450 2143.1
1374460 2148.0
1374470 2153.7
1374480 2153.7
1374490 2160.4
1374500 2167.5
1374510 2167.5
1374520 2173.4
1374530 2178.7
1374540 2185.4
1374550 2185.4
1374560 2191.3
1374570 2198.0
1374580 2198.0
1374590 2204.4
1374600 2210.8
1374610 2210.8
1374620 2217.2
1374630 2223.1
1374640 2223.1
1374650 2227.6
1374660 2233.3
1374670 2233.3
1374680 2240.0
1374690 2246.3
1374700 2246.3
1374710 2252.1
1374720 2256.6
1374730 2260.9
1374740 2260.9
1374750 2265.8
1374760 2270.6
1374770 2270.6
1374780 2275.0
1374790 2278.3
1374800 2278.3
1374810 2281.5
1374820 2284.0
1374830 2284.0
1374840 2286.1
1374850 2288.7
1374860 2288.7
1374870 2291.6
1374880 2294.2
1374890 2294.2
1374900 2297.2
1374910 2300.4
1374920 2303.7
1374930 2303.7
1374940 2307.7
1374950 2311.6
1374960 2311.6
1374970 2315.6
1374980 2320.0
1374990 2320.0
1375000 2324.7
1375010 2329.6
1375020 2329.6
1375030 2334.4
1375040 2339.8
1375050 2339.8
1375060 2345.0
1375070 2350.4
1375080 2355.4
1375090 2355.4
1375100 2360.4
1375110 2365.2
1375120 2365.2
1375130 2370.0
1375140 2375.0
1375150 2375.0
1375160 2379.7
1375170 2383.8
1375180 2383.8
1375190 2387.0
1375200 2392.1
1375210 2392.1
1375220 2398.3
1375230 2405.1
1375240 2405.1
1375250 2411.1
1375260 2417.2
1375270 2423.6
1375280 2423.6
1375290 2429.6
1375300 2435.5
1375310 2435.5
1375320 2441.0
1375330 2446.8
1375340 2446.8
1375350 2452.6
1375360 2458.0
1375370 2458.0
1375380 2463.8
1375390 2469.0
1375400 2469.0
1375410 2473.3
1375420 2477.4
1375430 2477.0
1375440 2480.8
1375450 2484.2
1375460 2488.1
1375470 2488.1
1375480 2492.1
1375490 2496.5
1375500 2496.5
1375510 2500.2
1375520 2499.2
1375530 2499.2
1375540 2494.3
1375550 2489.8
1375560 2489.8
1375570 2487.3
1375580 2483.9
1375590 2483.9
1375600 2484.9
1375610 2487.4
1375620 2487.4
1375630 2491.2
1375640 2493.5
1375650 2496.5
1375660 2496.5
1375670 2494.6
1375680 2492.4
1375690 2492.4
1375700 2490.7
1375710 2488.9
1375720 2488.9
1375730 2489.1
1375740 2489.1
1375750 2489.1
1375760 2488.6
1375770 2488.8
1375780 2488.8
1375790 2490.5
1375800 2491.3
1375810 2490.7
1375820 2490.7
1375830 2489.6
1375840 2488.6
1375850 2488.6
1375860 2488.5
1375870 2489.5
1375880 2489.5
1375890 2491.8
1375900 2493.6
1375910 2493.6
1375920 2492.5
1375930 2491.1
1375940 2491.1
1375950 2490.8
1375960 2492.0
1375970 2492.0
1375980 2493.4
1375990 2494.7
1376000 2495.4
1376010 2495.4
1376020 2495.6
1376030 2495.1
1376040 2495.1
1376050 2495.6
1376060 2498.3
1376070 2498.3
1376080 2501.6
1376090 2504.3
1376100 2504.3
1376110 2506.2
1376120 2508.4
1376130 2508.4
1376140 2510.5
1376150 2512.6
1376160 2512.6
1376170 2515.6
1376180 2518.7
1376190 2520.3
1376200 2520.3
1376210 2520.4
1376220 2519.5
1376230 2519.5
1376240 2519.0
1376250 2518.3
1376260 2518.3
1376270 2518.6
1376280 2519.4
1376290 2519.4
1376300 2518.7
1376310 2518.0
1376320 2518.0
1376330 2518.9
1376340 2520.8
1376350 2520.8
1376360 2522.9
1376370 2525.0
1376380 2527.4
1376390 2527.4
1376400 2530.4
1376410 2533.9
1376420 2533.9
1376430 2536.7
1376440 2538.5
1376450 2538.5
1376460 2539.0
1376470 2538.5
1376480 2538.5
1376490 2538.2
1376500 2538.5
1376510 2538.5
1376520 2539.2
1376530 2540.2
1376540 2541.0
1376550 2541.0
1376560 2541.9
1376570 2543.7
1376580 2543.7
1376590 2544.8
1376600 2546.8
1376610 2546.8
1376620 2548.7
1376630 2550.6
1376640 2550.6
1376650 2553.1
1376660 2555.9
1376670 2555.9
1376680 2560.2
1376690 2562.5
1376700 2562.5
1376710 2561.9
1376720 2563.8
1376730 2566.1
1376740 2566.1
1376750 2568.3
1376760 2572.2
1376770 2572.2
1376780 2575.4
1376790 2579.0
1376800 2579.0
1376810 2582.7
1376820 2586.7
1376830 2586.7
1376840 2591.7
1376850 2597.6
1376860 2597.6
1376870 2603.5
1376880 2609.7
1376890 2609.7
1376900 2616.0
1376910 2622.1
1376920 2630.3
1376930 2630.3
1376940 2639.8
1376950 2647.0
1376960 2647.0
1376970 2652.4
1376980 2653.2
1376990 2653.2
1377000 2650.6
1377010 2648.4
1377020 2648.4
1377030 2647.1
1377040 2638.3
1377050 2638.3
1377060 2635.9
1377070 2633.7
1377080 2633.7
1377090 2628.6
1377100 2624.0
1377110 2615.8
1377120 2615.8
1377130 2607.1
1377140 2601.1
1377150 2601.1
1377160 2596.7
1377170 2594.7
1377180 2594.7
1377190 2594.8
1377200 2594.2
1377210 2594.2
1377220 2593.8
1377230 2592.6
1377240 2592.6
1377250 2590.3
1377260 2588.6
1377270 2588.7
1377280 2588.7
1377290 2589.7
1377300 2591.3
1377310 2591.3
1377320 2594.1
1377330 2596.9
1377340 2596.9
1377350 2599.1
1377360 2602.0
1377370 2602.0
1377380 2605.2
1377390 2607.9
1377400 2607.9
1377410 2610.0
1377420 2611.8
1377430 2611.8
1377440 2615.5
1377450 2620.4
1377460 2625.9
1377470 2625.9
1377480 2632.4
1377490 2638.9
1377500 2638.9
1377510 2645.6
1377520 2651.0
1377530 2651.0
1377540 2655.5
1377550 2658.9
1377560 2658.9
1377570 2662.0
1377580 2666.0
1377590 2666.0
1377600 2671.3
1377610 2675.8
1377620 2675.8
1377630 2676.8
1377640 2671.8
1377650 2665.2
1377660 2665.2
1377670 2666.2
1377680 2661.3
1377690 2661.3
1377700 2653.9
1377710 2652.5
1377720 2652.5
1377730 2651.9
1377740 2651.4
1377750 2651.4
1377760 2651.2
1377770 2657.0
1377780 2657.0
1377790 2658.8
1377800 2660.9
1377810 2660.9
1377820 2662.9
1377830 2664.7
1377840 2665.0
1377850 2665.0
1377860 2665.2
1377870 2666.5
1377880 2666.5
1377890 2666.9
1377900 2669.4
1377910 2669.4
1377920 2672.3
1377930 2675.8
1377940 2675.8
1377950 2679.6
1377960 2684.5
1377970 2684.5
1377980 2689.6
1377990 2693.7
1378000 2697.9
1378010 2697.9
1378020 2702.5
1378030 2707.4
1378040 2707.4
1378050 2712.2
1378060 2716.5
1378070 2716.5
1378080 2721.2
1378090 2725.8
1378100 2725.8
1378110 2727.3
1378120 2725.0
1378130 2725.0
1378140 2724.7
1378150 2722.5
1378160 2722.5
1378170 2715.6
1378180 2706.3
1378190 2695.0
1378200 2695.0
1378210 2682.4
1378220 2677.2
1378230 2677.2
1378240 2675.3
1378250 2672.9
1378260 2672.9
1378270 2664.5
1378280 2661.4
1378290 2661.4
1378300 2661.7
1378310 2660.0
1378320 2660.0
1378330 2657.3
1378340 2654.1
1378350 2654.1
1378360 2650.7
1378370 2649.4
1378380 2646.6
1378390 2646.6
1378400 2643.8
1378410 2645.5
1378420 2645.5
1378430 2648.6
1378440 2651.6
1378450 2651.6
1378460 2653.6
1378470 2654.4
1378480 2654.4
1378490 2652.3
1378500 2654.8
1378510 2654.8
1378520 2657.3
1378530 2658.1
1378540 2658.1
1378550 2659.7
1378560 2656.0
1378570 2644.0
1378580 2644.0
1378590 2635.1
1378600 2632.3
1378610 2632.3
1378620 2634.4
1378630 2639.5
1378640 2639.5
1378650 2643.6
1378660 2646.9
1378670 2646.9
1378680 2649.1
1378690 2651.4
1378700 2651.4
1378710 2652.8
1378720 2653.9
1378730 2654.7
1378740 2654.7
1378750 2655.4
1378760 2656.6
1378770 2656.6
1378780 2658.1
1378790 2659.8
1378800 2659.8
1378810 2660.6
1378820 2660.3
1378830 2660.3
1378840 2659.2
1378850 2658.4
1378860 2658.4
1378870 2656.4
1378880 2654.1
1378890 2654.1
1378900 2655.3
1378910 2656.5
1378920 2657.1
1378930 2657.1
1378940 2656.9
1378950 2658.0
1378960 2665.3
1378970 2667.0
1378980 2669.9
1378990 2669.9
1379000 2673.7
1379010 2675.6
1379020 2675.6
1379030 2677.8
1379040 2679.3
1379050 2679.3
1379060 2679.6
1379070 2679.2
1379080 2679.2
1379090 2679.6
1379100 2680.7
1379110 2680.9
1379120 2680.9
1379130 2680.8
1379140 2680.8
1379150 2680.8
1379160 2681.2
1379170 2682.1
1379180 2682.1
1379190 2683.3
1379200 2684.7
1379210 2684.7
1379220 2686.2
1379230 2686.9
1379240 2686.9
1379250 2686.8
1379260 2687.2
1379270 2687.2
1379280 2687.5
1379290 2687.3
1379300 2687.1
1379310 2687.1
1379320 2686.7
1379330 2686.2
1379340 2686.2
1379350 2686.3
1379360 2687.5
1379370 2687.5
1379380 2687.8
1379390 2688.6
1379400 2688.6
1379410 2690.9
1379420 2693.4
1379430 2693.4
1379440 2696.7
1379450 2700.1
1379460 2700.1
1379470 2703.6
1379480 2706.2
1379490 2707.7
1379500 2707.7
1379510 2709.8
1379520 2712.4
1379530 2712.4
1379540 2714.3
1379550 2715.9
1379560 2715.9
1379570 2717.9
1379580 2719.1
1379590 2719.1
1379600 2720.0
1379610 2721.5
1379620 2721.5
1379630 2722.5
1379640 2721.9
1379650 2719.1
1379660 2719.1
1379670 2715.8
1379680 2712.2
1379690 2712.2
1379700 2709.3
1379710 2705.0
1379720 2705.0
1379730 2699.7
1379740 2695.8
1379750 2695.8
1379760 2693.0
1379770 2689.2
1379780 2689.2
1379790 2684.1
1379800 2680.0
1379810 2680.0
1379820 2676.3
1379830 2672.8
1379840 2669.0
1379850 2669.0
1379860 2666.9
1379870 2660.8
1379880 2660.8
1379890 2656.6
1379900 2647.3
1379910 2647.3
1379920 2638.7
1379930 2637.1
1379940 2637.1
1379950 2635.6
1379960 2636.4
1379970 2636.4
1379980 2636.5
1379990 2634.9
