1367360 2282.3
1367370 2282.3
1367380 2283.3
1367390 2285.8
1367400 2289.1
1367410 2289.1
1367420 2292.4
1367430 2295.6
1367440 2295.6
1367450 2298.9
1367460 2302.3
1367470 2302.3
1367480 2305.8
1367490 2310.3
1367500 2310.3
1367510 2315.1
1367520 2319.5
1367530 2319.5
1367540 2323.9
1367550 2329.1
1367560 2329.1
1367570 2334.7
1367580 2340.2
1367590 2345.6
1367600 2345.6
1367610 2351.2
1367620 2356.8
1367630 2356.8
1367640 2362.4
1367650 2368.3
1367660 2368.3
1367670 2374.4
1367680 2380.9
1367690 2380.9
1367700 2387.5
1367710 2394.4
1367720 2394.4
1367730 2401.4
1367740 2408.3
1367750 2408.3
1367760 2415.2
1367770 2422.4
1367780 2429.9
1367790 2429.9
1367800 2437.1
1367810 2444.0
1367820 2444.0
1367830 2451.8
1367840 2460.8
1367850 2460.8
1367860 2469.9
1367870 2480.9
1367880 2480.9
1367890 2492.0
1367900 2500.2
1367910 2500.2
1367920 2510.4
1367930 2519.6
1367940 2519.6
1367950 2525.4
1367960 2532.1
1367970 2540.2
1367980 2540.2
1367990 2551.0
1368000 2562.5
1368010 2562.5
1368020 2570.3
1368030 2579.0
1368040 2579.0
1368050 2591.0
1368060 2599.7
1368070 2599.7
1368080 2606.7
1368090 2615.2
1368100 2615.2
1368110 2620.7
1368120 2623.0
1368130 2623.0
1368140 2623.7
1368150 2623.5
1368160 2622.8
1368170 2622.8
1368180 2622.5
1368190 2621.9
1368200 2621.9
1368210 2621.2
1368220 2620.9
1368230 2620.9
1368240 2621.1
1368250 2621.8
1368260 2621.8
1368270 2622.3
1368280 2622.2
1368290 2622.2
1368300 2621.4
1368310 2621.2
1368320 2620.9
1368330 2620.9
1368340 2620.7
1368350 2620.1
1368360 2620.1
1368370 2619.7
1368380 2619.7
1368390 2619.7
1368400 2620.0
1368410 2620.1
1368420 2620.1
1368430 2616.7
1368440 2608.2
1368450 2608.2
1368460 2599.9
1368470 2593.8
1368480 2593.8
1368490 2588.2
1368500 2581.6
1368510 2575.7
1368520 2575.7
1368530 2572.3
1368540 2567.9
1368550 2567.9
1368560 2562.7
1368570 2556.7
1368580 2556.7
1368590 2549.0
1368600 2540.9
1368610 2540.9
1368620 2533.7
1368630 2526.7
1368640 2526.7
1368650 2520.6
1368660 2516.5
1368670 2516.5
1368680 2515.9
1368690 2516.3
1368700 2514.0
1368710 2514.0
1368720 2509.6
1368730 2507.0
1368740 2507.0
1368750 2506.7
1368760 2505.8
1368770 2505.8
1368780 2504.1
1368790 2502.9
1368800 2502.9
1368810 2504.2
1368820 2507.0
1368830 2507.0
1368840 2506.7
1368850 2505.6
1368860 2505.6
1368870 2506.5
1368880 2505.1
1368890 2503.8
1368900 2503.8
1368910 2503.1
1368920 2498.2
1368930 2498.2
1368940 2491.4
1368950 2488.2
1368960 2488.2
1368970 2488.2
1368980 2489.3
1368990 2489.3
1369000 2491.1
1369010 2492.7
1369020 2492.7
1369030 2493.9
1369040 2495.8
1369050 2495.8
1369060 2497.7
1369070 2500.0
1369080 2502.3
1369090 2502.3
1369100 2502.1
1369110 2498.3
1369120 2498.3
1369130 2493.7
1369140 2488.5
1369150 2488.5
1369160 2483.7
1369170 2478.8
1369180 2478.8
1369190 2475.8
1369200 2473.3
1369210 2473.3
1369220 2472.7
1369230 2473.2
1369240 2473.2
1369250 2474.1
1369260 2473.9
1369270 2471.1
1369280 2471.1
1369290 2468.6
1369300 2466.5
1369310 2466.5
1369320 2462.8
1369330 2458.0
1369340 2458.0
1369350 2452.9
1369360 2449.3
1369370 2449.3
1369380 2447.3
1369390 2444.7
1369400 2444.7
1369410 2441.4
1369420 2438.6
1369430 2435.6
1369440 2435.6
1369450 2433.3
1369460 2432.2
1369470 2432.2
1369480 2432.4
1369490 2429.4
1369500 2429.4
1369510 2426.7
1369520 2423.0
1369530 2423.0
1369540 2418.1
1369550 2414.0
1369560 2414.0
1369570 2409.8
1369580 2406.6
1369590 2406.6
1369600 2403.7
1369610 2400.0
1369620 2395.7
1369630 2395.7
1369640 2389.5
1369650 2383.2
1369660 2383.2
1369670 2374.6
1369680 2363.7
1369690 2363.7
1369700 2351.2
1369710 2341.8
1369720 2341.8
1369730 2334.8
1369740 2327.4
1369750 2327.4
1369760 2319.8
1369770 2312.6
1369780 2312.6
1369790 2305.0
1369800 2298.6
1369810 2292.7
1369820 2292.7
1369830 2286.7
1369840 2280.3
1369850 2280.3
1369860 2275.3
1369870 2269.6
1369880 2269.6
1369890 2262.2
1369900 2257.5
1369910 2257.5
1369920 2252.0
1369930 2242.1
1369940 2242.1
1369950 2232.5
1369960 2225.6
1369970 2225.6
1369980 2220.5
1369990 2216.2
1370000 2212.2
1370010 2212.2
1370020 2208.7
1370030 2204.8
1370040 2204.8
1370050 2199.1
1370060 2193.4
1370070 2193.4
1370080 2188.3
1370090 2183.1
1370100 2183.1
1370110 2178.0
1370120 2172.3
1370130 2172.3
1370140 2169.0
1370150 2170.8
1370160 2170.8
1370170 2173.4
1370180 2174.2
1370190 2173.9
1370200 2173.9
1370210 2173.0
1370220 2172.6
1370230 2172.6
1370240 2171.9
1370250 2173.6
1370260 2173.6
1370270 2169.7
1370280 2162.0
1370290 2162.0
1370300 2151.2
1370310 2150.2
1370320 2150.2
1370330 2148.5
1370340 2149.9
1370350 2149.3
1370360 2149.3
1370370 2149.6
1370380 2149.9
1370390 2149.9
1370400 2150.2
1370410 2150.8
1370420 2150.8
1370430 2152.8
1370440 2154.6
1370450 2154.6
1370460 2156.7
1370470 2159.0
1370480 2159.0
1370490 2161.3
1370500 2163.5
1370510 2163.5
1370520 2164.4
1370530 2165.3
1370540 2166.6
1370550 2166.6
1370560 2168.2
1370570 2168.6
1370580 2168.6
1370590 2166.7
1370600 2166.7
1370610 2166.7
1370620 2167.4
1370630 2166.9
1370640 2166.9
1370650 2165.9
1370660 2162.3
1370670 2162.3
1370680 2159.2
1370690 2156.0
1370700 2156.0
1370710 2144.6
1370720 2138.5
1370730 2132.5
1370740 2132.5
1370750 2127.1
1370760 2123.2
1370770 2123.2
1370780 2120.3
1370790 2117.1
1370800 2117.1
1370810 2113.7
1370820 2110.8
1370830 2110.8
1370840 2109.0
1370850 2108.6
1370860 2108.6
1370870 2108.3
1370880 2107.1
1370890 2107.1
1370900 2105.5
1370910 2103.7
1370920 2097.7
1370930 2097.7
1370940 2088.4
1370950 2079.8
1370960 2079.8
1370970 2072.0
1370980 2061.8
1370990 2061.8
1371000 2050.1
1371010 2035.7
1371020 2035.7
1371030 2021.7
1371040 2011.5
1371050 2011.5
1371060 2003.6
1371070 1996.7
1371080 1996.7
1371090 1990.7
1371100 1985.3
1371110 1980.8
1371120 1980.8
1371130 1976.8
1371140 1972.6
1371150 1972.6
1371160 1966.5
1371170 1965.7
1371180 1965.7
1371190 1970.7
1371200 1973.4
1371210 1973.4
1371220 1976.2
1371230 1979.2
1371240 1979.2
1371250 1980.1
1371260 1982.1
1371270 1982.1
1371280 1985.6
1371290 1988.1
1371300 1988.0
1371310 1988.0
1371320 1988.1
1371330 1989.7
1371340 1989.7
1371350 1990.5
1371360 1990.2
1371370 1990.2
1371380 1985.7
1371390 1981.3
1371400 1981.3
1371410 1975.0
1371420 1970.3
1371430 1970.3
1371440 1963.1
1371450 1955.8
1371460 1948.9
1371470 1948.9
1371480 1942.5
1371490 1935.8
1371500 1935.8
1371510 1928.8
1371520 1922.7
1371530 1922.7
1371540 1916.1
1371550 1909.1
1371560 1909.1
1371570 1902.9
1371580 1897.0
1371590 1897.0
1371600 1890.8
1371610 1884.3
1371620 1884.3
1371630 1878.1
1371640 1873.0
1371650 1868.3
1371660 1868.3
1371670 1864.0
1371680 1860.8
1371690 1860.8
1371700 1858.4
1371710 1855.3
1371720 1855.3
1371730 1849.8
1371740 1844.5
1371750 1844.5
1371760 1841.0
1371770 1839.2
1371780 1839.2
1371790 1837.9
1371800 1837.2
1371810 1837.2
1371820 1837.2
1371830 1837.1
1371840 1836.4
1371850 1836.4
1371860 1834.9
1371870 1832.7
1371880 1832.7
1371890 1830.0
1371900 1826.3
1371910 1826.3
1371920 1823.0
1371930 1820.8
1371940 1820.8
1371950 1819.6
1371960 1819.5
1371970 1819.5
1371980 1819.4
1371990 1817.0
1372000 1817.0
1372010 1812.6
1372020 1808.1
1372030 1805.7
1372040 1805.7
1372050 1803.6
1372060 1798.3
1372070 1798.3
1372080 1792.0
1372090 1789.2
1372100 1789.2
1372110 1790.1
1372120 1793.0
1372130 1793.0
1372140 1792.6
1372150 1790.9
1372160 1790.9
1372170 1788.9
1372180 1785.8
1372190 1785.8
1372200 1782.2
1372210 1779.7
1372220 1778.8
1372230 1778.8
1372240 1778.7
1372250 1778.9
1372260 1778.9
1372270 1778.7
1372280 1779.2
1372290 1779.2
1372300 1780.1
1372310 1780.9
1372320 1780.9
1372330 1782.3
1372340 1783.7
1372350 1783.7
1372360 1784.8
1372370 1785.4
1372380 1785.4
1372390 1786.2
1372400 1787.4
1372410 1789.2
1372420 1789.2
1372430 1791.6
1372440 1793.2
1372450 1793.2
1372460 1794.9
1372470 1797.1
1372480 1797.1
1372490 1799.1
1372500 1801.0
1372510 1801.0
1372520 1802.7
1372530 1802.8
1372540 1802.8
1372550 1804.5
1372560 1807.1
1372570 1810.0
1372580 1810.0
1372590 1812.3
1372600 1814.2
1372610 1814.2
1372620 1815.8
1372630 1818.4
1372640 1818.4
1372650 1821.5
1372660 1823.6
1372670 1823.6
1372680 1824.9
1372690 1827.4
1372700 1827.4
1372710 1829.9
1372720 1832.3
1372730 1832.3
1372740 1834.3
1372750 1836.5
1372760 1839.1
1372770 1839.1
1372780 1841.2
1372790 1843.0
1372800 1843.0
1372810 1845.1
1372820 1847.0
1372830 1847.0
1372840 1848.3
1372850 1848.8
1372860 1848.8
1372870 1849.1
1372880 1850.8
1372890 1850.8
1372900 1851.7
1372910 1852.4
1372920 1852.4
1372930 1852.7
1372940 1853.7
1372950 1854.2
1372960 1854.2
1372970 1855.8
1372980 1857.1
1372990 1857.1
1373000 1858.1
1373010 1858.3
1373020 1858.3
1373030 1860.4
1373040 1859.2
1373050 1859.2
1373060 1861.0
1373070 1861.5
1373080 1861.5
1373090 1862.2
1373100 1863.2
1373110 1863.2
1373120 1864.6
1373130 1865.3
1373140 1865.7
1373150 1865.7
1373160 1867.1
1373170 1867.8
1373180 1867.8
1373190 1868.9
1373200 1869.7
1373210 1869.7
1373220 1870.3
1373230 1870.8
1373240 1870.8
1373250 1871.4
1373260 1871.9
1373270 1871.9
1373280 1872.4
1373290 1872.9
1373300 1872.9
1373310 1873.5
1373320 1874.0
1373330 1874.4
1373340 1874.4
1373350 1874.7
1373360 1874.5
1373370 1874.5
1373380 1874.2
1373390 1873.8
1373400 1873.8
1373410 1873.7
1373420 1873.8
1373430 1873.8
1373440 1874.1
1373450 1874.0
1373460 1874.0
1373470 1873.8
1373480 1873.6
1373490 1873.5
1373500 1873.5
1373510 1873.7
1373520 1874.0
1373530 1874.0
1373540 1874.3
1373550 1874.5
1373560 1874.5
1373570 1874.8
1373580 1874.9
1373590 1874.9
1373600 1874.9
1373610 1875.1
1373620 1875.1
1373630 1875.5
1373640 1875.5
1373650 1875.5
1373660 1875.9
1373670 1875.1
1373680 1876.4
1373690 1876.4
1373700 1875.9
1373710 1875.3
1373720 1875.3
1373730 1875.2
1373740 1875.0
1373750 1875.0
1373760 1874.9
1373770 1874.8
1373780 1874.8
1373790 1875.0
1373800 1875.2
1373810 1875.2
1373820 1875.4
1373830 1875.5
1373840 1875.5
1373850 1875.6
1373860 1876.0
1373870 1876.3
1373880 1876.3
1373890 1876.5
1373900 1876.8
1373910 1876.8
1373920 1877.2
1373930 1877.6
1373940 1877.6
1373950 1878.0
1373960 1878.6
1373970 1878.6
1373980 1879.4
1373990 1879.9
1374000 1879.9
1374010 1880.5
1374020 1881.1
1374030 1881.1
1374040 1881.7
1374050 1882.5
1374060 1883.4
1374070 1883.4
1374080 1884.0
1374090 1884.8
1374100 1884.8
1374110 1885.9
1374120 1887.1
1374130 1887.1
1374140 1888.7
1374150 1890.5
1374160 1890.5
1374170 1892.6
1374180 1894.9
1374190 1894.9
1374200 1897.2
1374210 1899.2
1374220 1899.2
1374230 1901.5
1374240 1903.9
1374250 1906.8
1374260 1906.8
1374270 1909.8
1374280 1912.7
1374290 1912.7
1374300 1915.8
1374310 1918.7
1374320 1918.7
1374330 1921.0
1374340 1923.4
1374350 1923.4
1374360 1925.9
1374370 1927.7
1374380 1927.7
1374390 1929.2
1374400 1931.2
1374410 1931.2
1374420 1933.7
1374430 1935.6
1374440 1936.9
1374450 1936.9
1374460 1938.0
1374470 1939.7
1374480 1939.7
1374490 1940.9
1374500 1941.2
1374510 1941.2
1374520 1940.5
1374530 1939.3
1374540 1939.3
1374550 1937.6
1374560 1937.4
1374570 1937.4
1374580 1937.2
1374590 1938.0
1374600 1938.0
1374610 1938.0
1374620 1937.3
1374630 1937.5
1374640 1937.5
1374650 1936.9
1374660 1936.1
1374670 1936.1
1374680 1935.8
1374690 1936.1
1374700 1936.1
1374710 1936.9
1374720 1938.0
1374730 1938.0
1374740 1939.6
1374750 1941.4
1374760 1941.4
1374770 1943.5
1374780 1946.0
1374790 1949.2
1374800 1949.0
1374810 1951.6
1374820 1953.8
1374830 1953.8
1374840 1956.2
1374850 1959.0
1374860 1959.0
1374870 1961.3
1374880 1965.0
1374890 1965.0
1374900 1967.5
1374910 1969.3
1374920 1969.3
1374930 1971.2
1374940 1973.4
1374950 1973.4
1374960 1975.8
1374970 1978.4
1374980 1981.1
1374990 1981.1
1375000 1984.4
1375010 1987.9
1375020 1987.9
1375030 1991.3
1375040 1993.7
1375050 1993.7
1375060 1994.7
1375070 1995.7
1375080 1995.7
1375090 1996.4
1375100 1999.7
1375110 1999.7
1375120 2003.4
1375130 2005.7
1375140 2005.7
1375150 2007.4
1375160 2009.5
1375170 2012.6
1375180 2012.6
1375190 2015.9
1375200 2019.4
1375210 2019.4
1375220 2021.6
1375230 2022.9
1375240 2022.9
1375250 2025.6
1375260 2028.7
1375270 2028.7
1375280 2030.7
1375290 2029.7
1375300 2029.7
1375310 2027.7
1375320 2027.5
1375330 2027.5
1375340 2027.6
1375350 2027.4
1375360 2026.7
1375370 2026.7
1375380 2025.7
1375390 2023.8
1375400 2023.8
1375410 2021.9
1375420 2020.4
1375430 2020.4
1375440 2020.5
1375450 2021.4
1375460 2021.4
1375470 2022.3
1375480 2022.1
1375490 2022.1
1375500 2022.3
1375510 2022.7
1375520 2022.7
1375530 2022.7
1375540 2023.3
1375550 2022.6
1375560 2022.6
1375570 2021.3
1375580 2022.1
1375590 2022.1
1375600 2025.9
1375610 2030.9
1375620 2030.9
1375630 2035.9
1375640 2041.1
1375650 2041.1
1375660 2045.7
1375670 2049.7
1375680 2049.7
1375690 2053.5
1375700 2056.0
1375710 2058.3
1375720 2058.3
1375730 2059.8
1375740 2061.0
1375750 2061.0
1375760 2062.9
1375770 2066.2
1375780 2066.2
1375790 2070.1
1375800 2073.3
1375810 2073.3
1375820 2076.9
1375830 2080.7
1375840 2080.7
1375850 2084.5
1375860 2088.3
1375870 2088.3
1375880 2092.1
1375890 2095.4
1375900 2100.0
1375910 2100.0
1375920 2104.4
1375930 2106.4
1375940 2106.4
1375950 2107.7
1375960 2103.9
1375970 2103.9
1375980 2104.8
1375990 2105.0
1376000 2105.0
1376010 2105.1
1376020 2105.2
1376030 2105.2
1376040 2104.9
1376050 2104.3
1376060 2104.3
1376070 2103.4
1376080 2101.9
1376090 2100.0
1376100 2100.0
1376110 2097.7
1376120 2095.1
1376130 2095.1
1376140 2095.6
1376150 2099.0
1376160 2099.0
1376170 2102.8
1376180 2105.1
1376190 2105.1
1376200 2105.8
1376210 2105.2
1376220 2105.2
1376230 2105.6
1376240 2107.9
1376250 2107.9
1376260 2111.1
1376270 2115.0
1376280 2119.4
1376290 2119.4
1376300 2122.4
1376310 2124.2
1376320 2124.2
1376330 2127.3
1376340 2131.3
1376350 2131.3
1376360 2136.2
1376370 2141.2
1376380 2141.2
1376390 2145.5
1376400 2150.7
1376410 2150.7
1376420 2156.1
1376430 2161.0
1376440 2161.0
1376450 2165.9
1376460 2171.0
1376470 2175.8
1376480 2175.8
1376490 2180.1
1376500 2184.7
1376510 2184.7
1376520 2189.7
1376530 2194.3
1376540 2194.3
1376550 2198.3
1376560 2202.8
1376570 2202.8
1376580 2206.7
1376590 2209.6
1376600 2209.6
1376610 2212.1
1376620 2214.6
1376630 2217.2
1376640 2217.2
1376650 2218.2
1376660 2219.5
1376670 2219.5
1376680 2220.0
1376690 2223.3
1376700 2223.3
1376710 2227.7
1376720 2232.7
1376730 2232.7
1376740 2237.4
1376750 2241.4
1376760 2241.4
1376770 2247.0
1376780 2257.7
1376790 2257.7
1376800 2264.1
1376810 2267.5
1376820 2270.6
1376830 2270.6
1376840 2274.0
1376850 2278.2
1376860 2278.2
1376870 2282.1
1376880 2285.3
1376890 2285.3
1376900 2287.3
1376910 2289.8
1376920 2289.8
1376930 2290.1
1376940 2292.7
1376950 2292.7
1376960 2295.8
1376970 2297.6
1376980 2297.6
1376990 2298.0
1377000 2295.9
1377010 2289.0
1377020 2289.0
1377030 2284.7
1377040 2288.5
1377050 2288.5
1377060 2293.9
1377070 2293.2
1377080 2293.2
1377090 2289.3
1377100 2288.4
1377110 2288.4
1377120 2290.7
1377130 2288.6
1377140 2288.6
1377150 2291.2
1377160 2293.6
1377170 2293.6
1377180 2295.9
1377190 2298.0
1377200 2300.1
1377210 2300.1
1377220 2302.1
1377230 2304.2
1377240 2304.2
1377250 2306.5
1377260 2308.4
1377270 2308.4
1377280 2310.2
1377290 2312.6
1377300 2312.6
1377310 2315.3
1377320 2317.9
1377330 2317.9
1377340 2322.8
1377350 2328.0
1377360 2328.0
1377370 2330.5
1377380 2332.3
1377390 2334.6
1377400 2334.6
1377410 2337.2
1377420 2339.5
1377430 2339.5
1377440 2341.2
1377450 2343.3
1377460 2343.3
1377470 2345.4
1377480 2347.8
1377490 2347.8
1377500 2350.0
1377510 2351.3
1377520 2351.3
1377530 2352.3
1377540 2353.9
1377550 2355.4
1377560 2355.4
1377570 2356.0
1377580 2358.6
1377590 2358.6
1377600 2362.8
1377610 2367.6
1377620 2367.6
1377630 2371.1
1377640 2374.1
1377650 2374.1
1377660 2377.4
1377670 2381.4
1377680 2381.4
1377690 2385.1
1377700 2389.0
1377710 2389.0
1377720 2392.1
1377730 2395.0
1377740 2399.5
1377750 2399.5
1377760 2405.2
1377770 2411.2
1377780 2411.2
1377790 2416.8
1377800 2421.4
1377810 2421.4
1377820 2423.7
1377830 2424.4
1377840 2424.4
1377850 2424.1
1377860 2423.3
1377870 2423.3
1377880 2423.7
1377890 2425.6
1377900 2425.6
1377910 2428.2
1377920 2430.9
1377930 2433.6
1377940 2433.6
1377950 2437.6
1377960 2442.4
1377970 2442.4
1377980 2446.3
1377990 2446.5
1378000 2446.5
1378010 2446.7
1378020 2448.0
1378030 2448.0
1378040 2449.4
1378050 2451.1
1378060 2451.1
1378070 2453.6
1378080 2456.4
1378090 2456.4
1378100 2458.2
1378110 2459.0
1378120 2459.5
1378130 2459.5
1378140 2459.8
1378150 2460.0
1378160 2460.0
1378170 2459.7
1378180 2459.9
1378190 2459.9
1378200 2460.7
1378210 2463.1
1378220 2463.1
1378230 2465.7
1378240 2468.6
1378250 2468.6
1378260 2471.4
1378270 2473.3
1378280 2473.3
1378290 2472.9
1378300 2471.2
1378310 2467.9
1378320 2467.9
1378330 2467.6
1378340 2468.1
1378350 2468.1
1378360 2468.7
1378370 2469.4
1378380 2469.4
1378390 2469.9
1378400 2470.7
1378410 2470.7
1378420 2471.5
1378430 2472.9
1378440 2472.9
1378450 2474.6
1378460 2476.1
1378470 2477.9
1378480 2477.9
1378490 2479.9
1378500 2482.0
1378510 2482.0
1378520 2484.5
1378530 2487.1
1378540 2487.1
1378550 2489.5
1378560 2491.2
1378570 2491.2
1378580 2493.1
1378590 2495.8
1378600 2495.8
1378610 2498.8
1378620 2502.2
1378630 2502.2
1378640 2506.3
1378650 2510.0
1378660 2513.1
1378670 2513.1
1378680 2516.9
1378690 2521.0
1378700 2521.0
1378710 2525.1
1378720 2528.9
1378730 2528.9
1378740 2532.8
1378750 2537.7
1378760 2537.7
1378770 2542.9
1378780 2547.4
1378790 2547.4
1378800 2551.6
1378810 2554.5
1378820 2554.5
1378830 2546.6
1378840 2539.1
1378850 2534.5
1378860 2534.5
1378870 2530.4
1378880 2527.8
1378890 2527.8
1378900 2527.4
1378910 2528.3
1378920 2528.3
1378930 2530.4
1378940 2532.9
1378950 2532.9
1378960 2534.3
1378970 2532.5
1378980 2532.5
1378990 2530.6
1379000 2528.2
1379010 2528.2
1379020 2522.5
1379030 2517.4
1379040 2511.9
1379050 2511.9
1379060 2507.9
1379070 2507.5
1379080 2507.5
1379090 2507.8
1379100 2507.6
1379110 2507.6
1379120 2506.9
1379130 2506.1
1379140 2506.1
1379150 2505.5
1379160 2506.1
1379170 2506.1
1379180 2505.9
1379190 2505.8
1379200 2505.8
1379210 2505.0
1379220 2504.9
1379230 2505.2
1379240 2505.2
1379250 2505.7
1379260 2506.6
1379270 2506.6
1379280 2508.1
1379290 2509.9
1379300 2509.9
1379310 2511.9
1379320 2514.1
1379330 2514.1
1379340 2516.9
1379350 2519.9
1379360 2519.9
1379370 2522.8
1379380 2525.2
1379390 2525.2
1379400 2528.0
1379410 2531.7
1379420 2535.3
1379430 2535.3
1379440 2536.7
1379450 2532.5
1379460 2532.5
1379470 2527.8
1379480 2524.3
1379490 2524.3
1379500 2517.5
1379510 2515.8
1379520 2515.8
1379530 2515.5
1379540 2516.0
1379550 2516.0
1379560 2516.6
1379570 2517.7
1379580 2519.1
1379590 2519.1
1379600 2521.7
1379610 2524.2
1379620 2524.2
1379630 2526.6
1379640 2529.7
1379650 2529.7
1379660 2532.1
1379670 2534.3
1379680 2534.3
1379690 2536.2
1379700 2537.9
1379710 2537.9
1379720 2539.8
1379730 2541.4
1379740 2541.4
1379750 2542.9
1379760 2543.9
1379770 2544.9
1379780 2544.9
1379790 2546.3
1379800 2547.8
1379810 2547.8
1379820 2549.5
1379830 2551.7
1379840 2551.7
1379850 2554.0
1379860 2556.4
1379870 2556.4
1379880 2559.2
1379890 2562.6
1379900 2562.6
1379910 2565.7
1379920 2567.8
1379930 2567.8
1379940 2569.7
1379950 2571.7
1379960 2574.0
1379970 2574.0
1379980 2576.4
1379990 2578.8
