1367410 2271.1
1367420 2273.3
1367430 2273.3
1367440 2275.8
1367450 2278.3
1367460 2278.3
1367470 2281.2
1367480 2284.5
1367490 2287.9
1367500 2287.9
1367510 2291.4
1367520 2294.7
1367530 2294.7
1367540 2298.0
1367550 2302.4
1367560 2302.4
1367570 2307.1
1367580 2312.0
1367590 2312.0
1367600 2317.2
1367610 2322.3
1367620 2322.3
1367630 2327.3
1367640 2333.0
1367650 2333.0
1367660 2339.2
1367670 2345.4
1367680 2351.8
1367690 2351.8
1367700 2358.3
1367710 2365.0
1367720 2365.0
1367730 2371.8
1367740 2378.8
1367750 2378.8
1367760 2386.2
1367770 2393.6
1367780 2393.6
1367790 2401.0
1367800 2405.3
1367810 2405.3
1367820 2411.6
1367830 2417.8
1367840 2417.8
1367850 2426.8
1367860 2435.2
1367870 2447.1
1367880 2447.1
1367890 2452.0
1367900 2459.4
1367910 2459.4
1367920 2466.0
1367930 2474.2
1367940 2474.2
1367950 2482.5
1367960 2485.9
1367970 2485.9
1367980 2490.6
1367990 2495.7
1368000 2495.7
1368010 2503.4
1368020 2510.7
1368030 2510.7
1368040 2516.5
1368050 2523.4
1368060 2535.0
1368070 2535.0
1368080 2546.4
1368090 2558.3
1368100 2558.3
1368110 2569.2
1368120 2577.2
1368130 2577.2
1368140 2583.5
1368150 2590.4
1368160 2590.4
1368170 2600.8
1368180 2608.9
1368190 2608.9
1368200 2608.2
1368210 2607.8
1368220 2607.8
1368230 2608.3
1368240 2609.0
1368250 2610.0
1368260 2610.0
1368270 2612.2
1368280 2614.8
1368290 2614.8
1368300 2615.4
1368310 2615.5
1368320 2615.5
1368330 2613.7
1368340 2610.3
1368350 2610.3
1368360 2607.2
1368370 2603.5
1368380 2603.5
1368390 2599.5
1368400 2595.8
1368410 2591.1
1368420 2591.1
1368430 2586.9
1368440 2583.0
1368450 2583.0
1368460 2578.9
1368470 2574.7
1368480 2574.7
1368490 2572.0
1368500 2568.0
1368510 2568.0
1368520 2564.0
1368530 2559.9
1368540 2559.9
1368550 2554.6
1368560 2550.9
1368570 2550.9
1368580 2547.9
1368590 2545.1
1368600 2542.0
1368610 2542.0
1368620 2537.1
1368630 2529.6
1368640 2529.6
1368650 2519.6
1368660 2509.2
1368670 2509.2
1368680 2499.5
1368690 2488.9
1368700 2488.9
1368710 2478.9
1368720 2473.9
1368730 2473.9
1368740 2474.6
1368750 2478.9
1368760 2478.9
1368770 2480.9
1368780 2479.7
1368790 2478.3
1368800 2478.3
1368810 2478.2
1368820 2477.2
1368830 2477.2
1368840 2473.0
1368850 2468.8
1368860 2468.8
1368870 2467.5
1368880 2462.3
1368890 2462.3
1368900 2462.4
1368910 2467.6
1368920 2467.6
1368930 2472.1
1368940 2477.1
1368950 2477.1
1368960 2482.4
1368970 2486.4
1368980 2488.8
1368990 2488.8
1369000 2491.0
1369010 2490.2
1369020 2490.2
1369030 2489.2
1369040 2486.9
1369050 2486.9
1369060 2485.6
1369070 2484.8
1369080 2484.8
1369090 2482.2
1369100 2477.0
1369110 2477.0
1369120 2474.5
1369130 2473.6
1369140 2473.6
1369150 2471.9
1369160 2468.0
1369170 2462.2
1369180 2462.2
1369190 2456.6
1369200 2450.8
1369210 2450.8
1369220 2446.5
1369230 2444.8
1369240 2444.8
1369250 2443.7
1369260 2441.9
1369270 2441.9
1369280 2439.7
1369290 2435.5
1369300 2435.5
1369310 2430.6
1369320 2425.5
1369330 2425.5
1369340 2419.3
1369350 2414.1
1369360 2410.7
1369370 2410.7
1369380 2408.0
1369390 2404.4
1369400 2404.4
1369410 2400.1
1369420 2394.2
1369430 2394.2
1369440 2386.9
1369450 2384.4
1369460 2384.4
1369470 2382.7
1369480 2380.0
1369490 2380.0
1369500 2376.4
1369510 2372.6
1369520 2369.5
1369530 2369.5
1369540 2365.7
1369550 2360.8
1369560 2360.8
1369570 2355.1
1369580 2348.1
1369590 2348.1
1369600 2344.0
1369610 2339.3
1369620 2339.3
1369630 2333.0
1369640 2331.5
1369650 2331.5
1369660 2328.7
1369670 2325.3
1369680 2325.3
1369690 2322.0
1369700 2318.9
1369710 2313.4
1369720 2313.4
1369730 2306.9
1369740 2302.9
1369750 2302.9
1369760 2300.3
1369770 2298.3
1369780 2298.3
1369790 2296.4
1369800 2293.4
1369810 2293.4
1369820 2292.2
1369830 2292.1
1369840 2292.1
1369850 2291.4
1369860 2288.4
1369870 2288.4
1369880 2284.9
1369890 2283.4
1369900 2281.1
1369910 2281.1
1369920 2269.1
1369930 2246.2
1369940 2246.2
1369950 2234.0
1369960 2227.6
1369970 2227.6
1369980 2220.9
1369990 2217.6
1370000 2217.6
1370010 2215.2
1370020 2212.3
1370030 2212.3
1370040 2209.3
1370050 2204.9
1370060 2204.9
1370070 2199.5
1370080 2193.9
1370090 2188.1
1370100 2188.1
1370110 2182.4
1370120 2177.2
1370130 2177.2
1370140 2171.5
1370150 2164.9
1370160 2164.9
1370170 2158.3
1370180 2150.2
1370190 2150.2
1370200 2133.9
1370210 2111.6
1370220 2111.6
1370230 2094.9
1370240 2085.1
1370250 2085.1
1370260 2083.8
1370270 2085.2
1370280 2085.2
1370290 2085.2
1370300 2085.6
1370310 2083.6
1370320 2083.6
1370330 2078.9
1370340 2075.3
1370350 2075.3
1370360 2073.0
1370370 2072.3
1370380 2072.3
1370390 2072.8
1370400 2072.7
1370410 2072.7
1370420 2073.1
1370430 2072.8
1370440 2074.2
1370450 2074.2
1370460 2075.4
1370470 2074.3
1370480 2074.3
1370490 2073.4
1370500 2074.3
1370510 2074.3
1370520 2075.1
1370530 2075.9
1370540 2075.9
1370550 2076.8
1370560 2077.0
1370570 2077.0
1370580 2076.7
1370590 2076.5
1370600 2076.5
1370610 2075.7
1370620 2073.5
1370630 2069.7
1370640 2069.7
1370650 2065.7
1370660 2062.6
1370670 2062.6
1370680 2059.7
1370690 2055.9
1370700 2055.9
1370710 2052.3
1370720 2048.1
1370730 2048.1
1370740 2043.9
1370750 2040.1
1370760 2040.1
1370770 2037.2
1370780 2034.0
1370790 2034.0
1370800 2031.4
1370810 2030.4
1370820 2028.0
1370830 2028.0
1370840 2026.8
1370850 2026.0
1370860 2026.0
1370870 2023.7
1370880 2025.3
1370890 2025.3
1370900 2026.2
1370910 2025.5
1370920 2025.5
1370930 2024.8
1370940 2024.3
1370950 2024.3
1370960 2023.6
1370970 2021.8
1370980 2021.8
1370990 2018.1
1371000 2015.3
1371010 2013.7
1371020 2013.7
1371030 2012.3
1371040 2006.6
1371050 2006.6
1371060 1993.4
1371070 1982.8
1371080 1982.8
1371090 1970.8
1371100 1960.8
1371110 1960.8
1371120 1947.3
1371130 1933.4
1371140 1933.4
1371150 1919.5
1371160 1907.5
1371170 1907.5
1371180 1899.7
1371190 1903.5
1371200 1909.5
1371210 1909.5
1371220 1913.1
1371230 1915.6
1371240 1915.6
1371250 1918.2
1371260 1921.7
1371270 1921.7
1371280 1925.6
1371290 1931.2
1371300 1931.2
1371310 1935.7
1371320 1938.2
1371330 1938.2
1371340 1937.3
1371350 1935.8
1371360 1935.8
1371370 1932.4
1371380 1926.0
1371390 1917.4
1371400 1917.4
1371410 1908.7
1371420 1901.0
1371430 1901.0
1371440 1894.2
1371450 1888.6
1371460 1888.6
1371470 1884.4
1371480 1881.6
1371490 1881.6
1371500 1879.8
1371510 1876.3
1371520 1876.3
1371530 1871.6
1371540 1864.8
1371550 1858.0
1371560 1858.0
1371570 1852.7
1371580 1846.5
1371590 1846.5
1371600 1839.2
1371610 1831.7
1371620 1831.7
1371630 1824.0
1371640 1816.7
1371650 1816.7
1371660 1811.2
1371670 1807.6
1371680 1807.6
1371690 1804.4
1371700 1802.0
1371710 1802.0
1371720 1799.4
1371730 1797.9
1371740 1796.9
1371750 1796.9
1371760 1796.0
1371770 1794.9
1371780 1794.9
1371790 1793.2
1371800 1792.1
1371810 1792.1
1371820 1791.4
1371830 1790.4
1371840 1790.4
1371850 1788.7
1371860 1786.1
1371870 1786.1
1371880 1783.7
1371890 1782.2
1371900 1782.2
1371910 1780.6
1371920 1778.3
1371930 1775.2
1371940 1775.2
1371950 1772.3
1371960 1770.7
1371970 1770.7
1371980 1768.9
1371990 1766.8
1372000 1766.8
1372010 1764.1
1372020 1761.4
1372030 1761.4
1372040 1760.1
1372050 1758.7
1372060 1758.7
1372070 1755.7
1372080 1750.9
1372090 1750.9
1372100 1748.2
1372110 1748.2
1372120 1748.8
1372130 1748.8
1372140 1749.6
1372150 1750.0
1372160 1750.0
1372170 1751.3
1372180 1752.7
1372190 1752.7
1372200 1752.2
1372210 1752.6
1372220 1752.6
1372230 1753.4
1372240 1754.4
1372250 1754.4
1372260 1755.8
1372270 1757.2
1372280 1757.2
1372290 1758.3
1372300 1759.5
1372310 1760.7
1372320 1760.7
1372330 1762.2
1372340 1763.3
1372350 1763.3
1372360 1764.1
1372370 1764.9
1372380 1764.9
1372390 1766.4
1372400 1768.0
1372410 1768.0
1372420 1769.7
1372430 1771.3
1372440 1771.3
1372450 1772.3
1372460 1773.9
1372470 1775.0
1372480 1775.0
1372490 1775.7
1372500 1777.3
1372510 1777.3
1372520 1778.6
1372530 1778.3
1372540 1778.3
1372550 1779.3
1372560 1781.9
1372570 1781.9
1372580 1786.7
1372590 1789.3
1372600 1789.3
1372610 1791.2
1372620 1792.8
1372630 1792.8
1372640 1792.8
1372650 1793.9
1372660 1795.8
1372670 1795.8
1372680 1797.8
1372690 1800.5
1372700 1800.5
1372710 1802.6
1372720 1804.4
1372730 1804.4
1372740 1806.6
1372750 1809.5
1372760 1809.5
1372770 1812.7
1372780 1815.9
1372790 1815.9
1372800 1819.3
1372810 1822.1
1372820 1822.1
1372830 1825.2
1372840 1827.8
1372850 1829.2
1372860 1829.2
1372870 1831.6
1372880 1836.5
1372890 1836.5
1372900 1839.8
1372910 1842.2
1372920 1842.2
1372930 1845.0
1372940 1847.5
1372950 1847.5
1372960 1850.7
1372970 1853.0
1372980 1853.0
1372990 1856.0
1373000 1858.6
1373010 1858.6
1373020 1862.1
1373030 1865.6
1373040 1866.7
1373050 1866.7
1373060 1869.8
1373070 1874.6
1373080 1874.6
1373090 1879.0
1373100 1882.2
1373110 1882.2
1373120 1884.5
1373130 1885.6
1373140 1885.6
1373150 1887.9
1373160 1887.1
1373170 1887.1
1373180 1886.1
1373190 1889.0
1373200 1889.0
1373210 1893.1
1373220 1894.8
1373230 1895.4
1373240 1895.4
1373250 1896.9
1373260 1898.1
1373270 1898.1
1373280 1899.3
1373290 1899.9
1373300 1899.9
1373310 1899.1
1373320 1895.4
1373330 1900.7
1373340 1894.2
1373350 1890.1
1373360 1890.1
1373370 1890.1
1373380 1890.5
1373390 1890.5
1373400 1890.5
1373410 1889.5
1373420 1888.6
1373430 1888.6
1373440 1887.9
1373450 1886.8
1373460 1886.8
1373470 1885.6
1373480 1884.7
1373490 1884.7
1373500 1884.2
1373510 1883.4
1373520 1883.4
1373530 1881.7
1373540 1879.5
1373550 1879.5
1373560 1879.0
1373570 1879.9
1373580 1882.4
1373590 1882.4
1373600 1884.5
1373610 1885.9
1373620 1885.9
1373630 1888.4
1373640 1890.5
1373650 1890.5
1373660 1892.0
1373670 1893.3
1373680 1893.3
1373690 1895.0
1373700 1896.3
1373710 1896.3
1373720 1896.3
1373730 1895.1
1373740 1895.1
1373750 1892.6
1373760 1891.8
1373770 1892.8
1373780 1892.8
1373790 1894.1
1373800 1895.3
1373810 1895.3
1373820 1897.4
1373830 1900.7
1373840 1900.7
1373850 1904.3
1373860 1906.9
1373870 1906.9
1373880 1909.8
1373890 1913.9
1373900 1913.9
1373910 1918.5
1373920 1922.7
1373930 1922.7
1373940 1923.3
1373950 1925.0
1373960 1928.1
1373970 1928.1
1373980 1930.3
1373990 1931.0
1374000 1931.0
1374010 1931.3
1374020 1930.7
1374030 1930.7
1374040 1929.5
1374050 1928.7
1374060 1928.7
1374070 1927.8
1374080 1926.7
1374090 1926.7
1374100 1925.5
1374110 1925.3
1374120 1925.3
1374130 1926.9
1374140 1927.3
1374150 1927.7
1374160 1927.7
1374170 1927.1
1374180 1926.0
1374190 1926.0
1374200 1925.8
1374210 1925.0
1374220 1925.0
1374230 1922.0
1374240 1918.7
1374250 1918.7
1374260 1917.0
1374270 1917.0
1374280 1917.0
1374290 1918.4
1374300 1919.2
1374310 1919.2
1374320 1919.7
1374330 1920.3
1374340 1919.9
1374350 1919.9
1374360 1919.7
1374370 1919.3
1374380 1919.3
1374390 1919.6
1374400 1920.2
1374410 1920.2
1374420 1920.9
1374430 1922.7
1374440 1922.7
1374450 1924.2
1374460 1925.9
1374470 1929.4
1374480 1931.6
1374490 1934.2
1374500 1936.3
1374510 1936.3
1374520 1938.0
1374530 1939.8
1374540 1939.8
1374550 1941.4
1374560 1942.4
1374570 1942.4
1374580 1943.2
1374590 1943.8
1374600 1943.8
1374610 1944.2
1374620 1944.4
1374630 1944.4
1374640 1945.6
1374650 1946.5
1374660 1946.5
1374670 1946.3
1374680 1945.1
1374690 1944.3
1374700 1944.3
1374710 1943.1
1374720 1941.5
1374730 1941.5
1374740 1939.3
1374750 1938.1
1374760 1938.1
1374770 1938.8
1374780 1939.9
1374790 1939.9
1374800 1941.3
1374810 1942.8
1374820 1942.8
1374830 1943.8
1374840 1945.4
1374850 1945.4
1374860 1947.2
1374870 1949.1
1374880 1950.7
1374890 1950.7
1374900 1951.4
1374910 1952.3
1374920 1952.3
1374930 1953.5
1374940 1954.3
1374950 1954.3
1374960 1955.6
1374970 1957.1
1374980 1957.1
1374990 1959.4
1375000 1961.6
1375010 1961.6
1375020 1964.6
1375030 1966.8
1375040 1966.8
1375050 1968.3
1375060 1969.8
1375070 1971.5
1375080 1971.5
1375090 1973.2
1375100 1975.0
1375110 1975.0
1375120 1976.6
1375130 1978.6
1375140 1978.6
1375150 1980.1
1375160 1981.3
1375170 1981.3
1375180 1982.6
1375190 1983.2
1375200 1983.2
1375210 1984.2
1375220 1986.2
1375230 1986.2
1375240 1988.4
1375250 1987.8
1375260 1987.2
1375270 1987.2
1375280 1987.1
1375290 1987.8
1375300 1987.8
1375310 1989.2
1375320 1989.7
1375330 1989.7
1375340 1990.0
1375350 1989.8
1375360 1989.8
1375370 1989.4
1375380 1990.8
1375390 1990.8
1375400 1992.2
1375410 1993.1
1375420 1993.5
1375430 1993.5
1375440 1995.0
1375450 1997.2
1375460 1997.2
1375470 1999.1
1375480 2000.1
1375490 2000.1
1375500 2001.2
1375510 2002.4
1375520 2002.4
1375530 2004.1
1375540 2006.6
1375550 2006.6
1375560 2009.4
1375570 2011.5
1375580 2011.5
1375590 2014.1
1375600 2016.1
1375610 2018.1
1375620 2018.1
1375630 2017.9
1375640 2020.2
1375650 2020.2
1375660 2022.4
1375670 2024.7
1375680 2024.7
1375690 2027.0
1375700 2029.3
1375710 2029.3
1375720 2031.8
1375730 2034.4
1375740 2034.4
1375750 2037.2
1375760 2039.9
1375770 2039.9
1375780 2042.3
1375790 2043.7
1375800 2044.2
1375810 2044.2
1375820 2045.4
1375830 2047.2
1375840 2047.2
1375850 2049.1
1375860 2050.9
1375870 2050.9
1375880 2052.6
1375890 2053.7
1375900 2053.7
1375910 2054.2
1375920 2054.9
1375930 2054.9
1375940 2056.3
1375950 2057.6
1375960 2057.6
1375970 2057.9
1375980 2057.5
1375990 2057.7
1376000 2057.7
1376010 2058.6
1376020 2059.9
1376030 2059.9
1376040 2061.3
1376050 2063.0
1376060 2063.0
1376070 2064.6
1376080 2065.9
1376090 2065.9
1376100 2067.2
1376110 2068.4
1376120 2068.4
1376130 2069.9
1376140 2071.5
1376150 2071.5
1376160 2073.2
1376170 2074.8
1376180 2076.9
1376190 2076.9
1376200 2079.5
1376210 2081.9
1376220 2081.9
1376230 2084.3
1376240 2086.0
1376250 2086.0
1376260 2088.3
1376270 2090.7
1376280 2090.7
1376290 2094.0
1376300 2098.0
1376310 2098.0
1376320 2101.2
1376330 2104.2
1376340 2104.2
1376350 2107.2
1376360 2110.1
1376370 2113.4
1376380 2113.4
1376390 2115.7
1376400 2118.1
1376410 2118.1
1376420 2121.1
1376430 2124.5
1376440 2124.5
1376450 2127.5
1376460 2130.5
1376470 2130.5
1376480 2133.6
1376490 2136.7
1376500 2136.7
1376510 2139.7
1376520 2142.8
1376530 2145.3
1376540 2145.3
1376550 2148.2
1376560 2151.6
1376570 2151.6
1376580 2154.0
1376590 2155.8
1376600 2155.8
1376610 2157.9
1376620 2159.7
1376630 2159.7
1376640 2161.0
1376650 2162.0
1376660 2162.0
1376670 2162.0
1376680 2162.7
1376690 2162.7
1376700 2163.3
1376710 2165.0
1376720 2166.8
1376730 2166.8
1376740 2168.8
1376750 2171.5
1376760 2171.5
1376770 2173.1
1376780 2173.3
1376790 2170.5
1376800 2171.5
1376810 2173.8
1376820 2173.8
1376830 2176.6
1376840 2179.7
1376850 2179.7
1376860 2183.0
1376870 2186.2
1376880 2186.2
1376890 2189.9
1376900 2193.4
1376910 2196.7
1376920 2196.7
1376930 2200.1
1376940 2203.2
1376950 2203.2
1376960 2206.3
1376970 2209.2
1376980 2209.2
1376990 2211.4
1377000 2213.8
1377010 2213.8
1377020 2216.9
1377030 2220.6
1377040 2220.6
1377050 2223.9
1377060 2226.4
1377070 2226.4
1377080 2229.5
1377090 2232.6
1377100 2235.5
1377110 2235.5
1377120 2238.4
1377130 2241.2
1377140 2241.2
1377150 2244.8
1377160 2250.2
1377170 2250.2
1377180 2252.9
1377190 2255.4
1377200 2255.4
1377210 2259.2
1377220 2263.1
1377230 2263.1
1377240 2266.3
1377250 2269.5
1377260 2269.5
1377270 2273.3
1377280 2277.7
1377290 2281.2
1377300 2281.2
1377310 2282.1
1377320 2283.0
1377330 2283.0
1377340 2287.4
1377350 2292.8
1377360 2292.8
1377370 2296.1
1377380 2299.3
1377390 2299.3
1377400 2302.0
1377410 2303.6
1377420 2303.6
1377430 2303.9
1377440 2304.2
1377450 2305.6
1377460 2305.6
1377470 2307.9
1377480 2310.2
1377490 2310.2
1377500 2312.4
1377510 2314.5
1377520 2314.5
1377530 2316.0
1377540 2317.7
1377550 2317.7
1377560 2319.1
1377570 2320.4
1377580 2320.4
1377590 2321.0
1377600 2321.6
1377610 2321.6
1377620 2324.2
1377630 2326.8
1377640 2330.1
1377650 2330.1
1377660 2334.0
1377670 2338.3
1377680 2338.3
1377690 2341.3
1377700 2343.2
1377710 2343.2
1377720 2344.3
1377730 2345.9
1377740 2345.9
1377750 2347.9
1377760 2349.7
1377770 2349.7
1377780 2351.4
1377790 2353.6
1377800 2353.6
1377810 2355.7
1377820 2357.2
1377830 2358.3
1377840 2358.3
1377850 2362.2
1377860 2367.2
1377870 2367.2
1377880 2372.4
1377890 2377.7
1377900 2377.7
1377910 2383.0
1377920 2387.9
1377930 2387.9
1377940 2392.2
1377950 2394.8
1377960 2394.8
1377970 2388.5
1377980 2389.8
1377990 2389.8
1378000 2392.6
1378010 2396.5
1378020 2399.9
1378030 2399.9
1378040 2402.6
1378050 2406.8
1378060 2406.8
1378070 2413.5
1378080 2419.0
1378090 2419.0
1378100 2423.6
1378110 2426.7
1378120 2426.7
1378130 2428.4
1378140 2429.7
1378150 2429.7
1378160 2432.0
1378170 2435.0
1378180 2435.0
1378190 2437.6
1378200 2439.7
1378210 2441.2
1378220 2441.2
1378230 2440.1
1378240 2439.4
1378250 2439.4
1378260 2442.1
1378270 2448.0
1378280 2448.0
1378290 2454.6
1378300 2459.3
1378310 2459.3
1378320 2463.6
1378330 2465.9
1378340 2465.9
1378350 2465.5
1378360 2460.9
1378370 2456.0
1378380 2456.0
1378390 2455.6
1378400 2456.5
1378410 2456.5
1378420 2458.5
1378430 2462.3
1378440 2462.3
1378450 2466.8
1378460 2469.4
1378470 2469.4
1378480 2472.3
1378490 2477.9
1378500 2477.9
1378510 2481.9
1378520 2484.4
1378530 2484.4
1378540 2487.8
1378550 2490.3
1378560 2492.6
1378570 2492.6
1378580 2494.1
1378590 2494.4
1378600 2494.4
1378610 2494.8
1378620 2489.3
1378630 2489.3
1378640 2484.3
1378650 2480.4
1378660 2480.4
1378670 2473.7
1378680 2470.8
1378690 2470.8
1378700 2469.1
1378710 2467.0
1378720 2467.0
1378730 2466.0
1378740 2466.6
1378750 2467.0
1378760 2467.0
1378770 2466.0
1378780 2464.2
1378790 2464.2
1378800 2462.1
1378810 2460.5
1378820 2460.5
1378830 2460.3
1378840 2461.5
1378850 2461.5
1378860 2461.9
1378870 2462.2
1378880 2462.2
1378890 2462.4
1378900 2462.8
1378910 2462.8
1378920 2463.5
1378930 2464.7
1378940 2466.7
1378950 2466.7
1378960 2468.7
1378970 2470.4
1378980 2470.4
1378990 2471.3
1379000 2471.5
1379010 2471.5
1379020 2472.1
1379030 2473.8
1379040 2473.8
1379050 2475.7
1379060 2478.3
1379070 2478.3
1379080 2481.1
1379090 2483.4
1379100 2483.4
1379110 2484.9
1379120 2485.1
1379130 2485.3
1379140 2485.3
1379150 2485.5
1379160 2482.6
1379170 2482.6
1379180 2481.4
1379190 2479.5
1379200 2479.5
1379210 2477.0
1379220 2474.3
1379230 2474.3
1379240 2472.3
1379250 2470.7
1379260 2470.7
1379270 2470.8
1379280 2472.9
1379290 2475.2
1379300 2475.2
1379310 2477.1
1379320 2478.5
1379330 2478.5
1379340 2479.7
1379350 2481.5
1379360 2481.5
1379370 2483.1
1379380 2484.3
1379390 2484.3
1379400 2485.6
1379410 2486.6
1379420 2486.6
1379430 2487.0
1379440 2487.2
1379450 2487.2
1379460 2488.0
1379470 2489.1
1379480 2489.4
1379490 2489.4
1379500 2489.5
1379510 2490.0
1379520 2490.0
1379530 2490.4
1379540 2491.1
1379550 2491.1
1379560 2492.1
1379570 2493.2
1379580 2493.2
1379590 2494.7
1379600 2496.8
1379610 2496.8
1379620 2499.0
1379630 2501.5
1379640 2501.5
1379650 2504.6
1379660 2508.9
1379670 2513.0
1379680 2513.0
1379690 2516.7
1379700 2521.1
1379710 2521.1
1379720 2524.4
1379730 2526.6
1379740 2526.6
1379750 2528.6
1379760 2530.0
1379770 2530.0
1379780 2531.1
1379790 2532.0
1379800 2532.0
1379810 2533.3
1379820 2534.9
1379830 2534.9
1379840 2536.1
1379850 2535.9
1379860 2536.6
1379870 2536.6
1379880 2539.2
1379890 2542.4
1379900 2542.4
1379910 2545.4
1379920 2548.1
1379930 2548.1
1379940 2550.4
1379950 2553.2
1379960 2553.2
1379970 2557.0
1379980 2560.3
1379990 2560.3
