1366550 2427.2
1366560 2438.7
1366570 2438.7
1366580 2451.5
1366590 2462.7
1366600 2462.7
1366610 2471.7
1366620 2479.5
1366630 2479.5
1366640 2486.8
1366650 2490.6
1366660 2490.6
1366670 2487.9
1366680 2484.2
1366690 2479.2
1366700 2479.2
1366710 2473.0
1366720 2466.7
1366730 2466.7
1366740 2459.1
1366750 2453.9
1366760 2453.9
1366770 2448.9
1366780 2444.4
1366790 2444.4
1366800 2442.8
1366810 2445.2
1366820 2445.2
1366830 2449.5
1366840 2454.7
1366850 2454.7
1366860 2459.5
1366870 2464.6
1366880 2467.7
1366890 2467.7
1366900 2470.5
1366910 2473.9
1366920 2473.9
1366930 2476.0
1366940 2476.3
1366950 2476.3
1366960 2476.1
1366970 2475.6
1366980 2475.6
1366990 2475.4
1367000 2476.2
1367010 2476.2
1367020 2478.5
1367030 2480.4
1367040 2480.4
1367050 2481.3
1367060 2481.5
1367070 2480.7
1367080 2480.7
1367090 2481.2
1367100 2482.9
1367110 2482.9
1367120 2483.2
1367130 2483.0
1367140 2483.0
1367150 2483.0
1367160 2482.9
1367170 2482.9
1367180 2483.9
1367190 2485.3
1367200 2485.3
1367210 2485.5
1367220 2487.6
1367230 2487.6
1367240 2491.5
1367250 2494.2
1367260 2496.5
1367270 2496.5
1367280 2497.2
1367290 2497.2
1367300 2497.2
1367310 2499.4
1367320 2504.1
1367330 2504.1
1367340 2506.9
1367350 2507.5
1367360 2507.5
1367370 2510.3
1367380 2512.0
1367390 2512.0
1367400 2513.4
1367410 2514.6
1367420 2514.6
1367430 2515.2
1367440 2517.2
1367450 2521.0
1367460 2521.0
1367470 2521.3
1367480 2521.8
1367490 2521.8
1367500 2525.7
1367510 2531.4
1367520 2531.4
1367530 2537.3
1367540 2543.0
1367550 2543.0
1367560 2545.8
1367570 2545.5
1367580 2545.5
1367590 2543.3
1367600 2538.8
1367610 2534.6
1367620 2534.6
1367630 2532.6
1367640 2531.5
1367650 2531.5
1367660 2530.5
1367670 2531.1
1367680 2531.1
1367690 2531.8
1367700 2531.6
1367710 2531.6
1367720 2531.8
1367730 2531.7
1367740 2531.7
1367750 2532.1
1367760 2533.4
1367770 2533.4
1367780 2535.8
1367790 2539.6
1367800 2543.7
1367810 2543.7
1367820 2540.9
1367830 2544.6
1367840 2544.6
1367850 2548.5
1367860 2553.0
1367870 2553.0
1367880 2556.5
1367890 2560.0
1367900 2560.0
1367910 2564.2
1367920 2568.3
1367930 2568.3
1367940 2572.6
1367950 2578.6
1367960 2578.6
1367970 2586.2
1367980 2593.9
1367990 2601.0
1368000 2601.0
1368010 2608.2
1368020 2615.4
1368030 2615.4
1368040 2620.9
1368050 2623.8
1368060 2623.8
1368070 2627.9
1368080 2632.3
1368090 2632.3
1368100 2634.6
1368110 2633.3
1368120 2633.3
1368130 2632.8
1368140 2631.4
1368150 2631.4
1368160 2625.7
1368170 2622.3
1368180 2619.6
1368190 2619.6
1368200 2616.0
1368210 2611.7
1368220 2611.7
1368230 2609.2
1368240 2607.9
1368250 2607.9
1368260 2607.7
1368270 2607.0
1368280 2607.0
1368290 2606.0
1368300 2605.0
1368310 2605.0
1368320 2605.1
1368330 2605.8
1368340 2605.8
1368350 2606.7
1368360 2606.9
1368370 2607.9
1368380 2607.9
1368390 2609.3
1368400 2611.9
1368410 2611.9
1368420 2613.9
1368430 2615.6
1368440 2615.6
1368450 2618.5
1368460 2622.8
1368470 2622.8
1368480 2625.8
1368490 2630.0
1368500 2630.0
1368510 2637.7
1368520 2644.6
1368530 2644.6
1368540 2647.6
1368550 2651.7
1368560 2656.5
1368570 2656.5
1368580 2663.5
1368590 2670.8
1368600 2670.8
1368610 2672.1
1368620 2666.8
1368630 2666.8
1368640 2661.7
1368650 2654.9
1368660 2654.9
1368670 2647.8
1368680 2640.8
1368690 2640.8
1368700 2634.1
1368710 2627.4
1368720 2622.3
1368730 2622.3
1368740 2618.3
1368750 2613.8
1368760 2613.8
1368770 2608.5
1368780 2602.6
1368790 2602.6
1368800 2596.8
1368810 2592.3
1368820 2592.3
1368830 2588.8
1368840 2584.5
1368850 2584.5
1368860 2580.2
1368870 2577.6
1368880 2577.6
1368890 2575.5
1368900 2569.4
1368910 2568.9
1368920 2568.9
1368930 2571.0
1368940 2573.3
1368950 2573.3
1368960 2575.7
1368970 2578.5
1368980 2578.5
1368990 2573.5
1369000 2558.7
1369010 2558.7
1369020 2543.0
1369030 2532.8
1369040 2532.8
1369050 2525.3
1369060 2518.4
1369070 2518.4
1369080 2510.0
1369090 2502.6
1369100 2496.7
1369110 2496.7
1369120 2491.5
1369130 2487.2
1369140 2487.2
1369150 2483.3
1369160 2479.3
1369170 2479.3
1369180 2474.4
1369190 2469.2
1369200 2469.2
1369210 2464.7
1369220 2460.0
1369230 2460.0
1369240 2455.0
1369250 2450.4
1369260 2450.4
1369270 2446.5
1369280 2443.8
1369290 2442.6
1369300 2442.6
1369310 2442.3
1369320 2440.5
1369330 2440.5
1369340 2439.0
1369350 2438.3
1369360 2438.3
1369370 2437.7
1369380 2436.8
1369390 2436.8
1369400 2437.3
1369410 2435.7
1369420 2435.7
1369430 2433.7
1369440 2434.0
1369450 2434.0
1369460 2435.2
1369470 2437.3
1369480 2441.5
1369490 2441.5
1369500 2445.0
1369510 2448.2
1369520 2448.2
1369530 2447.0
1369540 2439.2
1369550 2439.2
1369560 2432.0
1369570 2427.5
1369580 2427.5
1369590 2424.9
1369600 2423.4
1369610 2423.4
1369620 2422.4
1369630 2421.7
1369640 2421.7
1369650 2421.4
1369660 2420.3
1369670 2418.1
1369680 2418.1
1369690 2415.9
1369700 2414.9
1369710 2414.9
1369720 2413.5
1369730 2411.7
1369740 2411.7
1369750 2407.6
1369760 2402.4
1369770 2402.4
1369780 2398.0
1369790 2393.8
1369800 2393.8
1369810 2389.2
1369820 2385.6
1369830 2381.2
1369840 2381.2
1369850 2377.7
1369860 2375.5
1369870 2375.5
1369880 2374.0
1369890 2373.1
1369900 2373.1
1369910 2372.2
1369920 2371.5
1369930 2371.5
1369940 2370.3
1369950 2369.3
1369960 2369.3
1369970 2368.9
1369980 2369.3
1369990 2369.3
1370000 2367.2
1370010 2369.2
1370020 2371.4
1370030 2371.4
1370040 2373.5
1370050 2376.7
1370060 2376.7
1370070 2382.5
1370080 2387.5
1370090 2387.5
1370100 2386.0
1370110 2382.3
1370120 2382.3
1370130 2383.5
1370140 2387.3
1370150 2387.3
1370160 2390.9
1370170 2394.4
1370180 2394.4
1370190 2397.9
1370200 2402.4
1370210 2408.8
1370220 2408.8
1370230 2415.8
1370240 2422.1
1370250 2422.1
1370260 2427.3
1370270 2433.6
1370280 2433.6
1370290 2437.0
1370300 2433.4
1370310 2433.4
1370320 2427.2
1370330 2420.2
1370340 2420.2
1370350 2411.9
1370360 2404.5
1370370 2404.5
1370380 2397.6
1370390 2389.6
1370400 2380.4
1370410 2380.4
1370420 2371.2
1370430 2362.5
1370440 2362.5
1370450 2354.7
1370460 2347.7
1370470 2347.7
1370480 2339.5
1370490 2331.3
1370500 2331.3
1370510 2319.5
1370520 2308.8
1370530 2308.8
1370540 2301.9
1370550 2295.7
1370560 2295.7
1370570 2289.5
1370580 2283.1
1370590 2276.6
1370600 2276.6
1370610 2270.3
1370620 2264.1
1370630 2264.1
1370640 2258.0
1370650 2252.6
1370660 2252.6
1370670 2246.9
1370680 2233.8
1370690 2233.8
1370700 2224.1
1370710 2217.0
1370720 2217.0
1370730 2211.4
1370740 2207.1
1370750 2207.1
1370760 2203.5
1370770 2200.8
1370780 2194.6
1370790 2194.6
1370800 2192.2
1370810 2193.8
1370820 2193.8
1370830 2192.8
1370840 2192.7
1370850 2192.7
1370860 2193.0
1370870 2193.3
1370880 2193.3
1370890 2194.1
1370900 2194.2
1370910 2194.2
1370920 2189.7
1370930 2188.0
1370940 2188.0
1370950 2191.4
1370960 2192.9
1370970 2194.1
1370980 2194.1
1370990 2196.8
1371000 2200.5
1371010 2200.5
1371020 2203.5
1371030 2206.7
1371040 2206.7
1371050 2209.6
1371060 2212.4
1371070 2212.4
1371080 2214.4
1371090 2216.3
1371100 2216.3
1371110 2211.7
1371120 2214.4
1371130 2216.5
1371140 2216.5
1371150 2218.2
1371160 2220.5
1371170 2220.5
1371180 2220.7
1371190 2219.6
1371200 2219.6
1371210 2219.0
1371220 2219.6
1371230 2219.6
1371240 2220.4
1371250 2222.5
1371260 2222.5
1371270 2224.5
1371280 2225.5
1371290 2225.5
1371300 2225.9
1371310 2226.0
1371320 2226.1
1371330 2226.1
1371340 2226.1
1371350 2224.5
1371360 2224.5
1371370 2223.0
1371380 2222.4
1371390 2222.4
1371400 2220.9
1371410 2219.2
1371420 2219.2
1371430 2216.6
1371440 2215.4
1371450 2215.4
1371460 2216.5
1371470 2213.9
1371480 2213.9
1371490 2209.0
1371500 2202.0
1371510 2195.5
1371520 2195.5
1371530 2190.8
1371540 2188.0
1371550 2188.0
1371560 2187.6
1371570 2186.4
1371580 2186.4
1371590 2184.0
1371600 2180.3
1371610 2180.3
1371620 2179.2
1371630 2177.8
1371640 2177.8
1371650 2172.9
1371660 2154.7
1371670 2154.7
1371680 2144.6
1371690 2140.2
1371700 2138.3
1371710 2138.3
1371720 2138.1
1371730 2137.5
1371740 2137.5
1371750 2131.7
1371760 2119.1
1371770 2119.1
1371780 2108.2
1371790 2103.2
1371800 2103.2
1371810 2096.4
1371820 2089.5
1371830 2089.5
1371840 2083.1
1371850 2078.0
1371860 2078.0
1371870 2074.9
1371880 2072.3
1371890 2069.7
1371900 2069.7
1371910 2066.7
1371920 2063.1
1371930 2063.1
1371940 2058.1
1371950 2052.4
1371960 2052.4
1371970 2047.9
1371980 2044.3
1371990 2044.3
1372000 2039.2
1372010 2035.4
1372020 2035.4
1372030 2033.3
1372040 2031.1
1372050 2031.1
1372060 2029.3
1372070 2029.4
1372080 2028.4
1372090 2028.4
1372100 2024.5
1372110 2023.4
1372120 2023.4
1372130 2025.7
1372140 2029.4
1372150 2029.4
1372160 2029.9
1372170 2029.1
1372180 2029.1
1372190 2028.2
1372200 2027.3
1372210 2027.3
1372220 2024.1
1372230 2026.4
1372240 2027.8
1372250 2027.8
1372260 2027.9
1372270 2028.4
1372280 2028.4
1372290 2030.6
1372300 2035.1
1372310 2035.1
1372320 2040.7
1372330 2046.2
1372340 2046.2
1372350 2051.2
1372360 2055.6
1372370 2055.6
1372380 2058.1
1372390 2059.2
1372400 2059.2
1372410 2059.4
1372420 2058.3
1372430 2057.6
1372440 2057.6
1372450 2058.0
1372460 2060.5
1372470 2060.5
1372480 2063.6
1372490 2064.7
1372500 2064.7
1372510 2067.6
1372520 2072.1
1372530 2072.1
1372540 2078.9
1372550 2085.7
1372560 2085.7
1372570 2090.1
1372580 2093.7
1372590 2093.7
1372600 2093.2
1372610 2088.4
1372620 2085.7
1372630 2085.7
1372640 2082.9
1372650 2079.2
1372660 2079.2
1372670 2074.6
1372680 2071.3
1372690 2071.3
1372700 2069.3
1372710 2066.9
1372720 2066.9
1372730 2067.0
1372740 2069.8
1372750 2069.8
1372760 2073.2
1372770 2075.2
1372780 2075.2
1372790 2072.8
1372800 2070.1
1372810 2067.3
1372820 2067.3
1372830 2063.4
1372840 2057.4
1372850 2057.4
1372860 2048.4
1372870 2038.9
1372880 2038.9
1372890 2031.9
1372900 2024.3
1372910 2024.3
1372920 2018.2
1372930 2018.5
1372940 2018.5
1372950 2019.8
1372960 2019.0
1372970 2019.0
1372980 2019.6
1372990 2025.7
1373000 2032.2
1373010 2032.2
1373020 2037.8
1373030 2042.6
1373040 2042.6
1373050 2047.2
1373060 2053.5
1373070 2053.5
1373080 2061.4
1373090 2067.4
1373100 2067.4
1373110 2069.8
1373120 2070.5
1373130 2070.5
1373140 2072.4
1373150 2076.6
1373160 2076.6
1373170 2081.6
1373180 2087.4
1373190 2093.9
1373200 2093.9
1373210 2100.7
1373220 2103.0
1373230 2103.0
1373240 2104.6
1373250 2106.9
1373260 2106.9
1373270 2104.9
1373280 2096.8
1373290 2096.8
1373300 2086.8
1373310 2079.7
1373320 2079.7
1373330 2075.2
1373340 2070.1
1373350 2054.8
1373360 2054.8
1373370 2049.8
1373380 2048.7
1373390 2048.7
1373400 2048.6
1373410 2043.0
1373420 2043.0
1373430 2045.7
1373440 2051.0
1373450 2051.0
1373460 2053.6
1373470 2057.1
1373480 2057.1
1373490 2061.5
1373500 2066.4
1373510 2066.4
1373520 2073.2
1373530 2080.2
1373540 2085.9
1373550 2085.9
1373560 2092.2
1373570 2102.2
1373580 2102.2
1373590 2112.2
1373600 2118.4
1373610 2118.4
1373620 2123.7
1373630 2126.8
1373640 2126.8
1373650 2122.4
1373660 2114.1
1373670 2114.1
1373680 2110.6
1373690 2112.9
1373700 2112.9
1373710 2116.5
1373720 2119.3
1373730 2122.9
1373740 2122.9
1373750 2127.3
1373760 2130.1
1373770 2130.1
1373780 2129.3
1373790 2129.4
1373800 2129.4
1373810 2130.3
1373820 2132.3
1373830 2132.3
1373840 2134.2
1373850 2136.0
1373860 2136.0
1373870 2136.9
1373880 2134.5
1373890 2134.5
1373900 2125.1
1373910 2118.3
1373920 2115.4
1373930 2115.4
1373940 2114.4
1373950 2113.1
1373960 2113.1
1373970 2111.7
1373980 2112.5
1373990 2112.5
1374000 2115.9
1374010 2113.9
1374020 2113.9
1374030 2107.8
1374040 2106.1
1374050 2106.1
1374060 2113.0
1374070 2122.3
1374080 2122.3
1374090 2129.5
1374100 2138.6
1374110 2147.8
1374120 2147.8
1374130 2155.8
1374140 2163.0
1374150 2163.0
1374160 2169.6
1374170 2176.0
1374180 2176.0
1374190 2182.2
1374200 2188.0
1374210 2188.0
1374220 2193.8
1374230 2202.5
1374240 2202.5
1374250 2208.2
1374260 2211.8
1374270 2211.8
1374280 2217.1
1374290 2223.1
1374300 2228.9
1374310 2228.9
1374320 2234.7
1374330 2241.5
1374340 2241.5
1374350 2247.4
1374360 2251.4
1374370 2251.4
1374380 2255.3
1374390 2261.3
1374400 2261.3
1374410 2265.4
1374420 2269.7
1374430 2269.7
1374440 2281.8
1374450 2290.3
1374460 2285.8
1374470 2285.8
1374480 2277.9
1374490 2262.6
1374500 2262.6
1374510 2256.5
1374520 2247.6
1374530 2247.6
1374540 2241.1
1374550 2232.9
1374560 2232.9
1374570 2218.0
1374580 2207.9
1374590 2207.9
1374600 2205.1
1374610 2206.2
1374620 2206.2
1374630 2210.8
1374640 2222.1
1374650 2235.0
1374660 2235.0
1374670 2248.4
1374680 2256.6
1374690 2256.6
1374700 2266.1
1374710 2279.8
1374720 2279.8
1374730 2290.8
1374740 2298.0
1374750 2298.0
1374760 2305.3
1374770 2313.2
1374780 2313.2
1374790 2320.7
1374800 2327.5
1374810 2327.5
1374820 2333.6
1374830 2340.0
1374840 2346.7
1374850 2346.7
1374860 2352.9
1374870 2358.2
1374880 2358.2
1374890 2362.3
1374900 2364.0
1374910 2364.0
1374920 2365.1
1374930 2367.2
1374940 2367.2
1374950 2369.1
1374960 2365.9
1374970 2365.9
1374980 2355.0
1374990 2347.3
1375000 2347.3
1375010 2343.8
1375020 2346.8
1375030 2346.8
1375040 2346.8
1375050 2341.0
1375060 2343.1
1375070 2343.1
1375080 2358.9
1375090 2373.4
1375100 2373.4
1375110 2380.6
1375120 2379.2
1375130 2379.2
1375140 2374.7
1375150 2366.7
1375160 2366.7
1375170 2351.2
1375180 2340.3
1375190 2340.3
1375200 2322.9
1375210 2308.6
1375220 2305.6
1375230 2305.6
1375240 2309.0
1375250 2313.0
1375260 2313.0
1375270 2316.5
1375280 2318.8
1375290 2318.8
1375300 2329.6
1375310 2334.4
1375320 2334.4
1375330 2341.9
1375340 2356.7
1375350 2356.7
1375360 2356.4
1375370 2356.3
1375380 2356.3
1375390 2367.6
1375400 2383.0
1375410 2393.4
1375420 2393.4
1375430 2401.8
1375440 2410.2
1375450 2410.2
1375460 2408.1
1375470 2389.6
1375480 2389.6
1375490 2375.3
1375500 2387.1
1375510 2387.1
1375520 2402.3
1375530 2412.2
1375540 2412.2
1375550 2420.1
1375560 2426.3
1375570 2433.9
1375580 2433.9
1375590 2438.4
1375600 2434.8
1375610 2434.8
1375620 2432.1
1375630 2430.9
1375640 2430.9
1375650 2419.2
1375660 2422.0
1375670 2422.0
1375680 2425.4
1375690 2427.8
1375700 2427.8
1375710 2427.7
1375720 2430.9
1375730 2430.9
1375740 2436.2
1375750 2444.5
1375760 2452.5
1375770 2452.5
1375780 2460.8
1375790 2470.2
1375800 2470.2
1375810 2480.4
1375820 2488.0
1375830 2488.0
1375840 2493.3
1375850 2495.8
1375860 2495.8
1375870 2485.6
1375880 2467.7
1375890 2467.7
1375900 2446.1
1375910 2431.2
1375920 2431.2
1375930 2416.4
1375940 2407.3
1375950 2404.5
1375960 2404.5
1375970 2412.7
1375980 2425.9
1375990 2425.9
1376000 2436.8
1376010 2446.8
1376020 2446.8
1376030 2457.3
1376040 2466.8
1376050 2466.8
1376060 2477.4
1376070 2486.1
1376080 2486.1
1376090 2485.6
1376100 2480.6
1376110 2480.6
1376120 2485.5
1376130 2485.3
1376140 2483.1
1376150 2483.1
1376160 2494.4
1376170 2503.5
1376180 2503.5
1376190 2512.6
1376200 2521.9
1376210 2521.9
1376220 2529.3
1376230 2537.4
1376240 2537.4
1376250 2546.6
1376260 2555.5
1376270 2555.5
1376280 2563.0
1376290 2571.0
1376300 2571.0
1376310 2577.3
1376320 2577.0
1376330 2581.5
1376340 2581.5
1376350 2589.4
1376360 2597.3
1376370 2597.3
1376380 2595.7
1376390 2591.1
1376400 2591.1
1376410 2591.2
1376420 2592.1
1376430 2592.1
1376440 2589.8
1376450 2590.9
1376460 2590.9
1376470 2590.2
1376480 2587.2
1376490 2587.2
1376500 2580.5
1376510 2575.3
1376520 2583.7
1376530 2583.7
1376540 2581.6
1376550 2571.9
1376560 2571.9
1376570 2571.4
1376580 2579.6
1376590 2579.6
1376600 2588.9
1376610 2597.0
1376620 2597.0
1376630 2598.4
1376640 2600.8
1376650 2600.8
1376660 2605.1
1376670 2612.5
1376680 2621.2
1376690 2621.2
1376700 2627.9
1376710 2635.1
1376720 2635.1
1376730 2643.7
1376740 2650.1
1376750 2650.1
1376760 2656.7
1376770 2661.6
1376780 2661.6
1376790 2655.7
1376800 2643.4
1376810 2630.9
1376820 2621.4
1376830 2612.7
1376840 2612.7
1376850 2612.1
1376860 2612.1
1376870 2600.3
1376880 2600.3
1376890 2590.1
1376900 2582.0
1376910 2582.0
1376920 2581.6
1376930 2588.1
1376940 2588.1
1376950 2597.1
1376960 2611.5
1376970 2611.5
1376980 2622.9
1376990 2632.8
1377000 2632.8
1377010 2644.5
1377020 2655.6
1377030 2655.6
1377040 2663.2
1377050 2665.3
1377060 2667.9
1377070 2667.9
1377080 2671.1
1377090 2661.4
1377100 2661.4
1377110 2649.7
1377120 2636.9
1377130 2636.9
1377140 2624.6
1377150 2615.8
1377160 2615.8
1377170 2611.7
1377180 2612.3
1377190 2612.3
1377200 2618.2
1377210 2622.0
1377220 2622.0
1377230 2626.7
1377240 2630.0
1377250 2626.1
1377260 2626.1
1377270 2627.2
1377280 2635.8
1377290 2635.8
1377300 2645.9
1377310 2654.0
1377320 2654.0
1377330 2662.2
1377340 2670.4
1377350 2670.4
1377360 2678.2
1377370 2682.6
1377380 2682.6
1377390 2682.5
1377400 2680.5
1377410 2680.5
1377420 2680.7
1377430 2677.0
1377440 2672.6
1377450 2672.6
1377460 2665.4
1377470 2655.8
1377480 2655.8
1377490 2652.0
1377500 2659.1
1377510 2659.1
1377520 2661.7
1377530 2662.2
1377540 2662.2
1377550 2663.4
1377560 2661.4
1377570 2661.4
1377580 2655.4
1377590 2651.0
1377600 2651.0
1377610 2650.2
1377620 2645.3
1377630 2636.9
1377640 2636.9
1377650 2630.2
1377660 2633.5
1377670 2633.5
1377680 2642.5
1377690 2650.7
1377700 2650.7
1377710 2657.2
1377720 2660.5
1377730 2660.5
1377740 2661.7
1377750 2657.1
1377760 2657.1
1377770 2650.8
1377780 2648.0
1377790 2642.3
1377800 2642.3
1377810 2634.3
1377820 2623.6
1377830 2623.6
1377840 2615.6
1377850 2607.4
1377860 2607.4
1377870 2598.3
1377880 2592.5
1377890 2592.5
1377900 2587.1
1377910 2583.6
1377920 2583.6
1377930 2581.8
1377940 2580.7
1377950 2580.7
1377960 2583.1
1377970 2587.3
1377980 2587.1
1377990 2583.5
1378000 2584.5
1378010 2583.1
1378020 2583.1
1378030 2581.6
1378040 2581.6
1378050 2581.6
1378060 2582.1
1378070 2583.7
1378080 2583.7
1378090 2585.6
1378100 2587.1
1378110 2587.1
1378120 2590.4
1378130 2593.7
1378140 2593.7
1378150 2596.3
1378160 2598.8
1378170 2600.9
1378180 2600.9
1378190 2603.0
1378200 2605.7
1378210 2605.7
1378220 2608.8
1378230 2611.5
1378240 2611.5
1378250 2614.1
1378260 2617.0
1378270 2617.0
1378280 2619.4
1378290 2621.4
1378300 2621.4
1378310 2624.0
1378320 2626.8
1378330 2626.8
1378340 2630.3
1378350 2634.3
1378360 2639.4
1378370 2639.4
1378380 2644.9
1378390 2648.9
1378400 2648.9
1378410 2645.9
1378420 2645.1
1378430 2645.1
1378440 2643.3
1378450 2642.7
1378460 2642.7
1378470 2642.9
1378480 2642.8
1378490 2642.8
1378500 2643.4
1378510 2644.9
1378520 2644.9
1378530 2645.3
1378540 2647.3
1378550 2649.0
1378560 2649.0
1378570 2650.4
1378580 2650.4
1378590 2650.4
1378600 2649.6
1378610 2650.1
1378620 2650.1
1378630 2650.2
1378640 2650.3
1378650 2650.3
1378660 2651.0
1378670 2653.2
1378680 2653.2
1378690 2652.6
1378700 2648.0
1378710 2648.0
1378720 2643.6
1378730 2639.4
1378740 2636.3
1378750 2636.3
1378760 2634.5
1378770 2633.3
1378780 2633.3
1378790 2634.1
1378800 2636.0
1378810 2636.0
1378820 2638.4
1378830 2640.2
1378840 2640.2
1378850 2642.1
1378860 2645.0
1378870 2645.0
1378880 2648.3
1378890 2652.7
1378900 2657.3
1378910 2657.3
1378920 2662.1
1378930 2666.6
1378940 2666.6
1378950 2671.2
1378960 2676.3
1378970 2676.3
1378980 2680.9
1378990 2686.1
1379000 2686.1
1379010 2691.7
1379020 2698.1
1379030 2698.1
1379040 2705.3
1379050 2711.3
1379060 2711.3
1379070 2712.7
1379080 2713.8
1379090 2715.7
1379100 2715.7
1379110 2718.6
1379120 2722.9
1379130 2722.9
1379140 2727.7
1379150 2733.2
1379160 2733.2
1379170 2738.8
1379180 2741.3
1379190 2741.3
1379200 2742.7
1379210 2745.4
1379220 2745.4
1379230 2749.4
1379240 2754.6
1379250 2754.6
1379260 2758.3
1379270 2759.7
1379280 2761.4
1379290 2761.4
1379300 2764.5
1379310 2767.8
1379320 2767.8
1379330 2771.2
1379340 2776.0
1379350 2776.0
1379360 2781.6
1379370 2783.2
1379380 2783.2
1379390 2785.2
1379400 2788.0
1379410 2788.0
1379420 2790.8
1379430 2793.2
1379440 2793.2
1379450 2792.4
1379460 2789.9
1379470 2787.3
1379480 2787.3
1379490 2788.7
1379500 2787.0
1379510 2787.0
1379520 2788.9
1379530 2790.3
1379540 2790.3
1379550 2790.7
1379560 2791.7
1379570 2791.7
1379580 2794.3
1379590 2791.4
1379600 2791.4
1379610 2776.3
1379620 2764.1
1379630 2764.1
1379640 2753.1
1379650 2750.3
1379660 2752.9
1379670 2752.9
1379680 2753.4
1379690 2756.2
1379700 2756.2
1379710 2761.0
1379720 2766.7
1379730 2766.7
1379740 2773.7
1379750 2772.9
1379760 2772.9
1379770 2759.8
1379780 2747.1
1379790 2747.1
1379800 2748.0
1379810 2749.9
1379820 2749.9
1379830 2748.7
1379840 2750.6
1379850 2754.5
1379860 2754.5
1379870 2760.7
1379880 2755.6
1379890 2755.6
1379900 2745.2
1379910 2743.3
1379920 2743.3
1379930 2747.5
1379940 2752.6
1379950 2752.6
1379960 2756.1
1379970 2751.0
1379980 2751.0
1379990 2742.3
