1360000 2474.1
1360010 2474.1
1360020 2472.7
1360030 2471.8
1360040 2471.8
1360050 2470.8
1360060 2469.2
1360070 2469.2
1360080 2467.0
1360090 2464.8
1360100 2464.8
1360110 2462.2
1360120 2460.5
1360130 2460.5
1360140 2461.0
1360150 2462.8
1360160 2465.4
1360170 2465.4
1360180 2468.1
1360190 2472.2
1360200 2472.2
1360210 2472.8
1360220 2470.8
1360230 2470.8
1360240 2471.1
1360250 2469.3
1360260 2469.3
1360270 2466.9
1360280 2464.9
1360290 2464.9
1360300 2463.5
1360310 2462.6
1360320 2462.6
1360330 2461.3
1360340 2458.9
1360350 2456.3
1360360 2456.3
1360370 2454.5
1360380 2452.2
1360390 2452.2
1360400 2448.7
1360410 2446.8
1360420 2446.8
1360430 2445.7
1360440 2444.1
1360450 2444.1
1360460 2442.1
1360470 2438.8
1360480 2438.8
1360490 2434.6
1360500 2429.9
1360510 2429.9
1360520 2426.2
1360530 2423.0
1360540 2420.5
1360550 2420.5
1360560 2418.9
1360570 2416.7
1360580 2416.7
1360590 2413.4
1360600 2409.1
1360610 2409.1
1360620 2407.9
1360630 2409.4
1360640 2409.4
1360650 2409.8
1360660 2408.5
1360670 2408.5
1360680 2407.6
1360690 2405.5
1360700 2402.4
1360710 2402.4
1360720 2398.4
1360730 2394.7
1360740 2394.7
1360750 2391.8
1360760 2389.1
1360770 2389.1
1360780 2385.5
1360790 2382.1
1360800 2385.0
1360810 2381.6
1360820 2378.7
1360830 2378.7
1360840 2375.8
1360850 2372.7
1360860 2372.7
1360870 2369.6
1360880 2366.1
1360890 2362.9
1360900 2362.9
1360910 2358.9
1360920 2355.5
1360930 2355.5
1360940 2353.1
1360950 2352.2
1360960 2352.2
1360970 2351.4
1360980 2350.6
1360990 2350.6
1361000 2350.4
1361010 2351.3
1361020 2351.3
1361030 2353.1
1361040 2355.6
1361050 2355.6
1361060 2358.3
1361070 2361.3
1361080 2364.6
1361090 2364.6
1361100 2367.7
1361110 2371.6
1361120 2371.6
1361130 2376.3
1361140 2380.9
1361150 2380.9
1361160 2385.6
1361170 2390.9
1361180 2390.9
1361190 2396.6
1361200 2402.1
1361210 2402.1
1361220 2407.8
1361230 2413.3
1361240 2413.3
1361250 2418.0
1361260 2423.3
1361270 2428.6
1361280 2428.6
1361290 2430.8
1361300 2431.8
1361310 2431.8
1361320 2432.9
1361330 2434.2
1361340 2434.2
1361350 2436.2
1361360 2437.4
1361370 2437.4
1361380 2438.0
1361390 2438.5
1361400 2438.5
1361410 2439.4
1361420 2441.3
1361430 2441.3
1361440 2444.5
1361450 2447.4
1361460 2450.2
1361470 2450.2
1361480 2453.0
1361490 2454.5
1361500 2454.5
1361510 2456.5
1361520 2459.3
1361530 2459.3
1361540 2462.8
1361550 2466.6
1361560 2466.6
1361570 2470.7
1361580 2475.0
1361590 2475.0
1361600 2479.7
1361610 2484.5
1361620 2484.5
1361630 2489.3
1361640 2494.2
1361650 2498.9
1361660 2498.9
1361670 2503.7
1361680 2508.7
1361690 2508.7
1361700 2513.3
1361710 2517.6
1361720 2517.6
1361730 2521.0
1361740 2525.6
1361750 2525.6
1361760 2531.5
1361770 2539.8
1361780 2539.8
1361790 2554.9
1361800 2570.7
1361810 2570.7
1361820 2575.5
1361830 2581.9
1361840 2585.6
1361850 2585.6
1361860 2600.0
1361870 2613.4
1361880 2613.4
1361890 2622.8
1361900 2629.6
1361910 2629.6
1361920 2636.3
1361930 2644.5
1361940 2644.5
1361950 2650.0
1361960 2653.0
1361970 2653.0
1361980 2655.3
1361990 2660.5
1362000 2660.5
1362010 2669.6
1362020 2681.2
1362030 2693.8
1362040 2693.8
1362050 2705.2
1362060 2718.7
1362070 2718.7
1362080 2727.0
1362090 2730.6
1362100 2730.6
1362110 2733.1
1362120 2736.2
1362130 2736.2
1362140 2743.3
1362150 2749.3
1362160 2749.3
1362170 2751.8
1362180 2745.6
1362190 2745.6
1362200 2734.9
1362210 2721.2
1362220 2706.3
1362230 2706.3
1362240 2693.6
1362250 2684.3
1362260 2684.3
1362270 2674.0
1362280 2664.2
1362290 2664.2
1362300 2655.8
1362310 2646.0
1362320 2646.0
1362330 2635.9
1362340 2623.7
1362350 2623.7
1362360 2614.3
1362370 2605.9
1362380 2605.9
1362390 2597.7
1362400 2589.8
1362410 2581.5
1362420 2581.5
1362430 2573.3
1362440 2565.4
1362450 2565.4
1362460 2557.9
1362470 2550.1
1362480 2550.1
1362490 2542.6
1362500 2535.6
1362510 2535.6
1362520 2529.1
1362530 2523.1
1362540 2523.1
1362550 2517.1
1362560 2511.1
1362570 2511.1
1362580 2505.4
1362590 2499.7
1362600 2493.9
1362610 2493.9
1362620 2488.4
1362630 2483.0
1362640 2483.0
1362650 2477.9
1362660 2473.0
1362670 2473.0
1362680 2468.4
1362690 2464.1
1362700 2464.1
1362710 2460.7
1362720 2458.3
1362730 2458.3
1362740 2457.0
1362750 2455.3
1362760 2455.3
1362770 2453.4
1362780 2452.7
1362790 2451.1
1362800 2451.1
1362810 2449.1
1362820 2446.6
1362830 2446.6
1362840 2445.5
1362850 2441.1
1362860 2441.1
1362870 2439.8
1362880 2438.0
1362890 2438.0
1362900 2436.0
1362910 2435.5
1362920 2435.5
1362930 2434.9
1362940 2433.6
1362950 2433.6
1362960 2431.0
1362970 2428.2
1362980 2426.1
1362990 2426.1
1363000 2424.4
1363010 2423.2
1363020 2423.2
1363030 2421.4
1363040 2419.2
1363050 2419.2
1363060 2416.7
1363070 2414.3
1363080 2414.3
1363090 2411.3
1363100 2408.4
1363110 2408.4
1363120 2407.8
1363130 2405.0
1363140 2405.0
1363150 2402.7
1363160 2402.6
1363170 2400.8
1363180 2400.8
1363190 2399.4
1363200 2397.7
1363210 2397.7
1363220 2395.6
1363230 2392.8
1363240 2392.8
1363250 2389.7
1363260 2388.1
1363270 2388.1
1363280 2387.2
1363290 2385.8
1363300 2385.8
1363310 2384.7
1363320 2383.0
1363330 2381.1
1363340 2381.1
1363350 2378.5
1363360 2375.7
1363370 2375.7
1363380 2372.8
1363390 2369.8
1363400 2369.8
1363410 2366.7
1363420 2362.6
1363430 2362.6
1363440 2357.3
1363450 2351.1
1363460 2351.1
1363470 2346.6
1363480 2343.9
1363490 2343.9
1363500 2339.9
1363510 2334.6
1363520 2331.1
1363530 2331.1
1363540 2328.5
1363550 2326.1
1363560 2326.1
1363570 2324.0
1363580 2321.0
1363590 2321.0
1363600 2317.6
1363610 2314.1
1363620 2314.1
1363630 2312.1
1363640 2309.7
1363650 2309.7
1363660 2305.5
1363670 2300.8
1363680 2300.8
1363690 2296.4
1363700 2292.1
1363710 2287.7
1363720 2287.7
1363730 2284.0
1363740 2280.5
1363750 2280.5
1363760 2277.4
1363770 2274.5
1363780 2274.5
1363790 2272.0
1363800 2268.8
1363810 2268.8
1363820 2265.6
1363830 2262.6
1363840 2262.6
1363850 2260.1
1363860 2257.6
1363870 2257.6
1363880 2255.2
1363890 2254.1
1363900 2252.5
1363910 2252.5
1363920 2252.4
1363930 2252.4
1363940 2252.4
1363950 2252.5
1363960 2252.5
1363970 2252.5
1363980 2252.6
1363990 2253.2
1364000 2253.2
1364010 2254.1
1364020 2255.3
1364030 2255.3
1364040 2257.7
1364050 2260.2
1364060 2260.2
1364070 2262.1
1364080 2263.4
1364090 2263.3
1364100 2263.3
1364110 2259.7
1364120 2255.5
1364130 2255.5
1364140 2251.6
1364150 2247.8
1364160 2247.8
1364170 2247.1
1364180 2249.5
1364190 2249.5
1364200 2250.2
1364210 2246.8
1364220 2246.8
1364230 2243.0
1364240 2240.6
1364250 2240.6
1364260 2238.4
1364270 2235.6
1364280 2231.3
1364290 2231.3
1364300 2222.7
1364310 2214.8
1364320 2214.8
1364330 2208.7
1364340 2202.8
1364350 2202.8
1364360 2197.1
1364370 2191.8
1364380 2191.8
1364390 2186.1
1364400 2180.1
1364410 2180.1
1364420 2174.9
1364430 2172.0
1364440 2172.0
1364450 2170.3
1364460 2168.8
1364470 2166.8
1364480 2166.8
1364490 2164.5
1364500 2162.7
1364510 2162.7
1364520 2161.1
1364530 2159.6
1364540 2159.6
1364550 2160.0
1364560 2161.7
1364570 2161.7
1364580 2162.6
1364590 2163.4
1364600 2163.4
1364610 2164.8
1364620 2166.2
1364630 2166.2
1364640 2167.5
1364650 2168.6
1364660 2170.1
1364670 2170.1
1364680 2172.4
1364690 2173.7
1364700 2173.7
1364710 2176.1
1364720 2178.2
1364730 2178.2
1364740 2179.6
1364750 2180.8
1364760 2180.8
1364770 2181.0
1364780 2183.1
1364790 2183.1
1364800 2186.3
1364810 2188.1
1364820 2188.1
1364830 2188.4
1364840 2187.4
1364850 2185.3
1364860 2185.3
1364870 2185.6
1364880 2187.6
1364890 2187.6
1364900 2189.4
1364910 2191.7
1364920 2191.7
1364930 2193.7
1364940 2195.9
1364950 2196.1
1364960 2198.3
1364970 2200.4
1364980 2200.4
1364990 2202.3
1365000 2203.9
1365010 2203.9
1365020 2205.5
1365030 2207.0
1365040 2208.7
1365050 2208.7
1365060 2210.8
1365070 2213.4
1365080 2213.4
1365090 2216.4
1365100 2219.8
1365110 2219.8
1365120 2224.3
1365130 2228.5
1365140 2228.5
1365150 2232.0
1365160 2237.6
1365170 2237.6
1365180 2241.7
1365190 2244.1
1365200 2244.1
1365210 2246.0
1365220 2248.1
1365230 2250.5
1365240 2250.5
1365250 2252.9
1365260 2255.5
1365270 2255.5
1365280 2259.2
1365290 2264.5
1365300 2264.5
1365310 2269.3
1365320 2274.1
1365330 2274.1
1365340 2279.7
1365350 2285.8
1365360 2285.8
1365370 2290.8
1365380 2295.1
1365390 2295.1
1365400 2299.5
1365410 2304.4
1365420 2309.0
1365430 2309.0
1365440 2313.2
1365450 2317.0
1365460 2317.0
1365470 2321.1
1365480 2325.7
1365490 2325.7
1365500 2330.7
1365510 2336.4
1365520 2336.4
1365530 2342.6
1365540 2349.0
1365550 2349.0
1365560 2355.7
1365570 2362.3
1365580 2362.3
1365590 2368.9
1365600 2375.3
1365610 2382.8
1365620 2382.8
1365630 2392.3
1365640 2403.3
1365650 2403.3
1365660 2414.4
1365670 2424.5
1365680 2424.5
1365690 2435.2
1365700 2444.4
1365710 2444.4
1365720 2449.8
1365730 2454.1
1365740 2454.1
1365750 2459.2
1365760 2466.8
1365770 2466.8
1365780 2475.7
1365790 2482.4
1365800 2484.4
1365810 2484.4
1365820 2485.5
1365830 2484.0
1365840 2484.0
1365850 2480.7
1365860 2478.1
1365870 2478.1
1365880 2476.3
1365890 2475.4
1365900 2475.4
1365910 2474.8
1365920 2474.6
1365930 2474.6
1365940 2475.5
1365950 2477.2
1365960 2479.7
1365970 2479.7
1365980 2482.9
1365990 2486.0
1366000 2486.0
1366010 2494.6
1366020 2498.0
1366030 2498.0
1366040 2503.0
1366050 2507.9
1366060 2507.9
1366070 2511.4
1366080 2514.5
1366090 2514.5
1366100 2519.1
1366110 2524.3
1366120 2524.3
1366130 2528.4
1366140 2532.3
1366150 2535.6
1366160 2535.6
1366170 2536.8
1366180 2537.1
1366190 2537.1
1366200 2538.3
1366210 2539.5
1366220 2539.5
1366230 2540.1
1366240 2540.6
1366250 2540.6
1366260 2541.6
1366270 2542.8
1366280 2542.8
1366290 2544.4
1366300 2546.6
1366310 2546.6
1366320 2549.6
1366330 2552.0
1366340 2552.5
1366350 2552.5
1366360 2552.3
1366370 2553.8
1366380 2553.8
1366390 2555.5
1366400 2555.2
1366410 2555.2
1366420 2554.4
1366430 2558.0
1366440 2558.0
1366450 2563.1
1366460 2569.1
1366470 2569.1
1366480 2575.1
1366490 2581.3
1366500 2581.3
1366510 2587.3
1366520 2593.6
1366530 2600.1
1366540 2600.1
1366550 2602.9
1366560 2602.3
1366570 2602.3
1366580 2601.5
1366590 2598.1
1366600 2598.1
1366610 2594.2
1366620 2591.3
1366630 2591.3
1366640 2588.1
1366650 2584.2
1366660 2584.2
1366670 2581.0
1366680 2580.2
1366690 2580.2
1366700 2580.8
1366710 2581.6
1366720 2583.8
1366730 2583.8
1366740 2586.5
1366750 2589.6
1366760 2589.6
1366770 2591.2
1366780 2592.3
1366790 2592.3
1366800 2596.1
1366810 2596.4
1366820 2596.4
1366830 2599.2
1366840 2603.7
1366850 2603.7
1366860 2604.9
1366870 2606.2
1366880 2606.2
1366890 2605.0
1366900 2599.5
1366910 2594.7
1366920 2594.7
1366930 2591.8
1366940 2585.3
1366950 2585.3
1366960 2577.9
1366970 2571.3
1366980 2571.3
1366990 2565.7
1367000 2561.3
1367010 2561.3
1367020 2558.5
1367030 2556.8
1367040 2556.8
1367050 2555.3
1367060 2551.8
1367070 2551.8
1367080 2549.0
1367090 2545.0
1367100 2543.1
1367110 2543.1
1367120 2541.4
1367130 2538.4
1367140 2538.4
1367150 2532.1
1367160 2525.2
1367170 2525.2
1367180 2520.0
1367190 2516.0
1367200 2516.0
1367210 2514.2
1367220 2513.1
1367230 2513.1
1367240 2510.2
1367250 2506.8
1367260 2506.8
1367270 2502.5
1367280 2497.1
1367290 2492.3
1367300 2492.3
1367310 2486.9
1367320 2480.2
1367330 2480.2
1367340 2473.0
1367350 2467.0
1367360 2467.0
1367370 2463.7
1367380 2462.2
1367390 2462.2
1367400 2459.4
1367410 2456.2
1367420 2456.2
1367430 2453.8
1367440 2452.1
1367450 2452.1
1367460 2450.6
1367470 2448.4
1367480 2444.6
1367490 2444.6
1367500 2438.6
1367510 2432.9
1367520 2432.9
1367530 2428.5
1367540 2425.7
1367550 2425.7
1367560 2423.8
1367570 2422.4
1367580 2422.4
1367590 2421.2
1367600 2419.8
1367610 2419.8
1367620 2418.2
1367630 2416.7
1367640 2416.7
1367650 2414.9
1367660 2413.1
1367670 2409.1
1367680 2409.1
1367690 2404.0
1367700 2398.4
1367710 2398.4
1367720 2392.8
1367730 2387.9
1367740 2387.9
1367750 2383.2
1367760 2379.0
1367770 2379.0
1367780 2375.1
1367790 2371.9
1367800 2371.9
1367810 2368.9
1367820 2365.4
1367830 2365.4
1367840 2361.3
1367850 2356.1
1367860 2350.6
1367870 2350.6
1367880 2344.8
1367890 2339.0
1367900 2339.0
1367910 2333.3
1367920 2327.8
1367930 2327.8
1367940 2322.3
1367950 2317.3
1367960 2317.3
1367970 2312.5
1367980 2307.4
1367990 2307.4
1368000 2302.4
1368010 2296.9
1368020 2296.9
1368030 2291.0
1368040 2284.7
1368050 2278.6
1368060 2278.6
1368070 2272.0
1368080 2265.3
1368090 2265.3
1368100 2258.4
1368110 2251.8
1368120 2251.8
1368130 2245.6
1368140 2240.2
1368150 2240.2
1368160 2236.2
1368170 2231.1
1368180 2231.1
1368190 2225.7
1368200 2220.3
1368210 2220.3
1368220 2214.9
1368230 2208.7
1368240 2201.7
1368250 2201.7
1368260 2194.8
1368270 2187.6
1368280 2187.6
1368290 2180.3
1368300 2175.3
1368310 2175.3
1368320 2174.7
1368330 2172.9
1368340 2172.9
1368350 2167.8
1368360 2159.6
1368370 2159.6
1368380 2150.0
1368390 2141.7
1368400 2141.7
1368410 2133.9
1368420 2130.3
1368430 2124.3
1368440 2124.3
1368450 2119.5
1368460 2115.3
1368470 2115.3
1368480 2108.5
1368490 2099.8
1368500 2099.8
1368510 2090.5
1368520 2081.2
1368530 2081.2
1368540 2072.9
1368550 2065.4
1368560 2065.4
1368570 2058.6
1368580 2052.2
1368590 2045.8
1368600 2045.8
1368610 2040.0
1368620 2034.3
1368630 2034.3
1368640 2028.3
1368650 2022.4
1368660 2022.4
1368670 2016.4
1368680 2010.6
1368690 2010.6
1368700 2005.2
1368710 2000.7
1368720 2000.7
1368730 1997.2
1368740 1993.8
1368750 1993.8
1368760 1990.1
1368770 1986.2
1368780 1982.5
1368790 1982.5
1368800 1979.1
1368810 1975.8
1368820 1975.8
1368830 1971.2
1368840 1970.6
1368850 1970.6
1368860 1975.9
1368870 1983.0
1368880 1983.0
1368890 1990.6
1368900 1997.7
1368910 1997.7
1368920 2004.1
1368930 2011.2
1368940 2011.2
1368950 2019.3
1368960 2025.4
1368970 2029.7
1368980 2029.7
1368990 2034.5
1369000 2041.3
1369010 2041.3
1369020 2048.7
1369030 2055.4
1369040 2055.4
1369050 2060.9
1369060 2066.2
1369070 2066.2
1369080 2073.3
1369090 2079.5
1369100 2079.5
1369110 2085.9
1369120 2093.0
1369130 2093.0
1369140 2099.8
1369150 2106.6
1369160 2113.3
1369170 2113.3
1369180 2119.4
1369190 2124.3
1369200 2124.3
1369210 2129.5
1369220 2133.0
1369230 2133.0
1369240 2133.2
1369250 2136.3
1369260 2136.3
1369270 2134.0
1369280 2132.8
1369290 2132.8
1369300 2133.2
1369310 2133.3
1369320 2133.3
1369330 2130.9
1369340 2128.0
1369350 2127.3
1369360 2127.3
1369370 2125.6
1369380 2120.8
1369390 2120.8
1369400 2116.9
1369410 2114.0
1369420 2114.0
1369430 2110.4
1369440 2105.0
1369450 2105.0
1369460 2102.6
1369470 2099.1
1369480 2099.1
1369490 2097.0
1369500 2097.5
1369510 2097.5
1369520 2096.1
1369530 2094.0
1369540 2091.9
1369550 2091.9
1369560 2089.9
1369570 2088.0
1369580 2088.0
1369590 2086.0
1369600 2084.2
1369610 2084.2
1369620 2082.0
1369630 2079.2
1369640 2079.2
1369650 2077.5
1369660 2075.8
1369670 2075.8
1369680 2074.1
1369690 2072.5
1369700 2072.5
1369710 2070.4
1369720 2068.2
1369730 2065.6
1369740 2065.6
1369750 2062.0
1369760 2057.5
1369770 2057.5
1369780 2052.3
1369790 2050.7
1369800 2050.7
1369810 2052.3
1369820 2056.9
1369830 2056.9
1369840 2063.3
1369850 2067.9
1369860 2067.9
1369870 2071.3
1369880 2074.1
1369890 2074.1
1369900 2077.0
1369910 2081.6
1369920 2087.7
1369930 2087.7
1369940 2093.9
1369950 2100.0
1369960 2100.0
1369970 2105.2
1369980 2109.3
1369990 2109.3
1370000 2113.5
1370010 2118.0
1370020 2118.0
1370030 2122.4
1370040 2125.8
1370050 2125.8
1370060 2126.8
1370070 2128.8
1370080 2128.8
1370090 2132.1
1370100 2135.5
1370110 2138.3
1370120 2138.3
1370130 2141.4
1370140 2144.9
1370150 2144.9
1370160 2148.3
1370170 2152.2
1370180 2152.2
1370190 2155.4
1370200 2153.6
1370210 2153.6
1370220 2154.1
1370230 2160.9
1370240 2160.9
1370250 2168.0
1370260 2175.3
1370270 2175.3
1370280 2181.3
1370290 2186.4
1370300 2191.7
1370310 2191.7
1370320 2197.4
1370330 2203.1
1370340 2203.1
1370350 2198.8
1370360 2203.1
1370370 2203.1
1370380 2204.9
1370390 2210.1
1370400 2210.1
1370410 2216.5
1370420 2219.5
1370430 2219.5
1370440 2224.0
1370450 2227.3
1370460 2227.3
1370470 2230.6
1370480 2232.6
1370490 2235.3
1370500 2235.3
1370510 2238.2
1370520 2242.1
1370530 2242.1
1370540 2246.5
1370550 2251.4
1370560 2251.4
1370570 2256.3
1370580 2260.9
1370590 2260.9
1370600 2264.9
1370610 2267.3
1370620 2267.3
1370630 2270.4
1370640 2271.7
1370650 2271.7
1370660 2273.3
1370670 2277.5
1370680 2283.0
1370690 2283.0
1370700 2288.5
1370710 2292.6
1370720 2292.6
1370730 2296.2
1370740 2297.3
1370750 2297.3
1370760 2302.9
1370770 2311.2
1370780 2311.2
1370790 2319.4
1370800 2327.0
1370810 2327.0
1370820 2334.0
1370830 2338.1
1370840 2338.1
1370850 2342.2
1370860 2346.2
1370870 2349.8
1370880 2349.8
1370890 2352.9
1370900 2355.0
1370910 2355.0
1370920 2358.7
1370930 2363.1
1370940 2363.1
1370950 2365.8
1370960 2369.3
1370970 2369.3
1370980 2372.5
1370990 2374.9
1371000 2374.9
1371010 2377.4
1371020 2379.8
1371030 2379.8
1371040 2382.7
1371050 2386.4
1371060 2391.2
1371070 2391.2
1371080 2396.5
1371090 2400.3
1371100 2400.3
1371110 2402.3
1371120 2404.8
1371130 2404.8
1371140 2407.6
1371150 2410.0
1371160 2410.0
1371170 2412.3
1371180 2414.7
1371190 2414.7
1371200 2417.3
1371210 2420.7
1371220 2424.2
1371230 2424.2
1371240 2427.0
1371250 2430.4
1371260 2430.4
1371270 2433.9
1371280 2435.5
1371290 2435.5
1371300 2436.8
1371310 2438.3
1371320 2438.3
1371330 2440.9
1371340 2444.9
1371350 2444.9
1371360 2448.3
1371370 2452.6
1371380 2452.6
1371390 2461.9
1371400 2470.5
1371410 2478.1
1371420 2478.1
1371430 2483.8
1371440 2487.0
1371450 2487.0
1371460 2492.7
1371470 2497.4
1371480 2497.4
1371490 2501.7
1371500 2505.3
1371510 2505.3
1371520 2509.4
1371530 2515.7
1371540 2515.7
1371550 2521.9
1371560 2525.6
1371570 2525.6
1371580 2522.3
1371590 2517.5
1371600 2514.2
1371610 2514.2
1371620 2511.2
1371630 2504.0
1371640 2504.0
1371650 2498.3
1371660 2493.9
1371670 2493.9
1371680 2489.1
1371690 2483.5
1371700 2483.5
1371710 2477.4
1371720 2471.4
1371730 2471.4
1371740 2465.7
1371750 2459.8
1371760 2459.8
1371770 2455.8
1371780 2454.0
1371790 2452.0
1371800 2452.0
1371810 2449.0
1371820 2445.6
1371830 2445.6
1371840 2441.9
1371850 2436.4
1371860 2436.4
1371870 2430.5
1371880 2426.4
1371890 2426.4
1371900 2422.6
1371910 2417.9
1371920 2417.9
1371930 2412.1
1371940 2406.6
1371950 2406.6
1371960 2402.2
1371970 2398.1
1371980 2394.3
1371990 2394.3
1372000 2390.7
1372010 2388.2
1372020 2388.2
1372030 2387.5
1372040 2386.5
1372050 2386.5
1372060 2384.8
1372070 2383.8
1372080 2383.8
1372090 2382.0
1372100 2378.6
1372110 2378.6
1372120 2375.1
1372130 2371.9
1372140 2371.9
1372150 2368.7
1372160 2366.1
1372170 2363.5
1372180 2363.5
1372190 2360.5
1372200 2357.8
1372210 2357.8
1372220 2355.5
1372230 2353.9
1372240 2353.9
1372250 2352.3
1372260 2350.2
1372270 2350.2
1372280 2348.1
1372290 2346.4
1372300 2346.4
1372310 2344.7
1372320 2341.1
1372330 2341.1
1372340 2335.6
1372350 2330.3
1372360 2325.0
1372370 2325.0
1372380 2319.8
1372390 2314.6
1372400 2314.6
1372410 2309.1
1372420 2304.7
1372430 2304.7
1372440 2300.9
1372450 2297.1
1372460 2297.1
1372470 2293.9
1372480 2291.1
1372490 2291.1
1372500 2288.2
1372510 2284.9
1372520 2284.9
1372530 2280.3
1372540 2274.7
1372550 2269.2
1372560 2269.2
1372570 2263.9
1372580 2260.9
1372590 2260.9
1372600 2256.8
1372610 2253.5
1372620 2253.5
1372630 2250.2
1372640 2247.1
1372650 2247.1
1372660 2244.1
1372670 2240.3
1372680 2240.3
1372690 2235.9
1372700 2230.8
1372710 2230.8
1372720 2226.0
1372730 2221.7
1372740 2218.8
1372750 2218.8
1372760 2217.3
1372770 2217.2
1372780 2217.2
1372790 2217.5
1372800 2217.8
1372810 2217.8
1372820 2217.9
1372830 2217.4
1372840 2217.4
1372850 2215.6
1372860 2212.5
1372870 2212.5
1372880 2209.8
1372890 2207.8
1372900 2207.8
1372910 2206.8
1372920 2206.5
1372930 2207.2
1372940 2207.2
1372950 2211.9
1372960 2221.1
1372970 2221.1
1372980 2221.1
1372990 2218.9
1373000 2218.9
1373010 2216.7
1373020 2216.2
1373030 2216.2
1373040 2217.7
1373050 2219.1
1373060 2219.1
1373070 2217.6
1373080 2216.5
1373090 2216.5
1373100 2212.5
1373110 2210.9
1373120 2211.8
1373130 2211.8
1373140 2212.8
1373150 2216.1
1373160 2216.1
1373170 2219.8
1373180 2222.9
1373190 2222.9
1373200 2227.4
1373210 2231.3
1373220 2231.3
1373230 2234.7
1373240 2239.2
1373250 2239.2
1373260 2243.2
1373270 2243.0
1373280 2243.0
1373290 2239.9
1373300 2234.9
1373310 2232.8
1373320 2232.8
1373330 2235.0
1373340 2238.5
1373350 2238.5
1373360 2236.5
1373370 2233.1
1373380 2233.1
1373390 2231.3
1373400 2233.7
1373410 2233.7
1373420 2235.2
1373430 2233.8
1373440 2233.8
1373450 2233.7
1373460 2230.8
1373470 2230.8
1373480 2229.6
1373490 2226.2
1373500 2221.1
1373510 2221.1
1373520 2220.1
1373530 2221.8
1373540 2221.8
1373550 2222.4
1373560 2221.9
1373570 2221.9
1373580 2219.7
1373590 2217.0
1373600 2217.0
1373610 2212.8
1373620 2208.7
1373630 2208.7
1373640 2205.8
1373650 2202.4
1373660 2201.1
1373670 2201.1
1373680 2206.6
1373690 2204.8
1373700 2204.8
1373710 2195.2
1373720 2216.2
1373730 2216.2
1373740 2228.9
1373750 2234.8
1373760 2234.8
1373770 2230.1
1373780 2226.8
1373790 2226.8
1373800 2231.9
1373810 2234.7
1373820 2234.7
1373830 2235.0
1373840 2239.8
1373850 2244.4
1373860 2244.4
1373870 2242.2
1373880 2239.6
1373890 2239.6
1373900 2240.1
1373910 2244.5
1373920 2244.5
1373930 2245.7
1373940 2249.9
1373950 2249.9
1373960 2256.8
1373970 2265.0
1373980 2265.0
1373990 2272.8
1374000 2280.7
1374010 2280.7
1374020 2290.0
1374030 2297.1
1374040 2302.8
1374050 2302.8
1374060 2313.8
1374070 2317.1
1374080 2317.1
1374090 2309.3
1374100 2297.1
1374110 2297.1
1374120 2285.7
1374130 2275.4
1374140 2275.4
1374150 2266.1
1374160 2258.6
1374170 2258.6
1374180 2255.0
1374190 2249.7
1374200 2249.7
1374210 2243.3
1374220 2242.0
1374230 2237.3
1374240 2237.3
1374250 2230.8
1374260 2224.3
1374270 2224.3
1374280 2223.9
1374290 2217.2
1374300 2217.2
1374310 2210.2
1374320 2204.1
1374330 2204.1
1374340 2192.5
1374350 2183.8
1374360 2183.8
1374370 2177.9
1374380 2170.7
1374390 2170.7
1374400 2164.9
1374410 2156.9
1374420 2150.5
1374430 2150.5
1374440 2141.1
1374450 2135.3
1374460 2135.3
1374470 2120.3
1374480 2111.2
1374490 2111.2
1374500 2107.5
1374510 2103.9
1374520 2103.9
1374530 2099.6
1374540 2088.3
1374550 2088.3
1374560 2076.9
1374570 2066.6
1374580 2066.6
1374590 2053.9
1374600 2046.0
1374610 2045.1
1374620 2045.1
1374630 2044.4
1374640 2042.2
1374650 2042.2
1374660 2037.9
1374670 2032.7
1374680 2032.7
1374690 2029.0
1374700 2026.5
1374710 2026.5
1374720 2023.6
1374730 2023.3
1374740 2023.3
1374750 2021.4
1374760 2017.5
1374770 2017.5
1374780 2013.5
1374790 2009.0
1374800 2003.8
1374810 2003.8
1374820 1998.8
1374830 1994.2
1374840 1994.2
1374850 1990.0
1374860 1990.6
1374870 1990.6
1374880 1988.2
1374890 1986.2
1374900 1986.2
1374910 1984.4
1374920 1983.3
1374930 1983.3
1374940 1981.9
1374950 1980.9
1374960 1980.9
1374970 1978.3
1374980 1978.6
1374990 1978.6
1375000 1978.6
1375010 1976.8
1375020 1974.2
1375030 1974.2
1375040 1971.3
1375050 1968.8
1375060 1968.8
1375070 1966.0
1375080 1963.6
1375090 1963.6
1375100 1961.3
1375110 1958.2
1375120 1958.2
1375130 1955.0
1375140 1952.9
1375150 1952.9
1375160 1950.8
1375170 1948.6
1375180 1944.2
1375190 1944.2
1375200 1942.3
1375210 1940.3
1375220 1940.3
1375230 1938.0
1375240 1935.5
1375250 1935.5
1375260 1932.6
1375270 1929.3
1375280 1929.3
1375290 1926.2
1375300 1925.2
1375310 1925.2
1375320 1925.9
1375330 1927.4
1375340 1927.4
1375350 1929.3
1375360 1930.7
1375370 1931.8
1375380 1931.8
1375390 1933.1
1375400 1934.5
1375410 1934.5
1375420 1935.9
1375430 1937.4
1375440 1937.4
1375450 1939.4
1375460 1941.2
1375470 1941.2
1375480 1943.2
1375490 1945.2
1375500 1945.2
1375510 1947.3
1375520 1949.1
1375530 1949.1
1375540 1950.9
1375550 1952.7
1375560 1954.6
1375570 1954.6
1375580 1956.6
1375590 1958.8
1375600 1958.8
1375610 1960.4
1375620 1962.1
1375630 1962.1
1375640 1963.9
1375650 1966.0
1375660 1966.0
1375670 1968.0
1375680 1970.5
1375690 1970.5
1375700 1973.5
1375710 1976.6
1375720 1976.6
1375730 1979.8
1375740 1982.9
1375750 1985.6
1375760 1985.6
1375770 1988.4
1375780 1991.2
1375790 1991.2
1375800 1994.7
1375810 1998.1
1375820 1998.1
1375830 2001.9
1375840 2006.3
1375850 2006.3
1375860 2010.5
1375870 2015.1
1375880 2015.1
1375890 2021.6
1375900 2028.9
1375910 2036.0
1375920 2036.0
1375930 2041.1
1375940 2044.1
1375950 2044.1
1375960 2049.5
1375970 2057.4
1375980 2057.4
1375990 2063.8
1376000 2070.2
1376010 2070.2
1376020 2080.0
1376030 2086.5
1376040 2086.5
1376050 2092.1
1376060 2097.5
1376070 2097.5
1376080 2102.9
1376090 2107.6
1376100 2112.3
1376110 2112.3
1376120 2117.3
1376130 2124.2
1376140 2124.2
1376150 2130.7
1376160 2135.3
1376170 2135.3
1376180 2139.0
1376190 2142.5
1376200 2142.5
1376210 2145.6
1376220 2149.3
1376230 2149.3
1376240 2154.1
1376250 2159.8
1376260 2159.8
1376270 2166.2
1376280 2172.0
1376290 2176.5
1376300 2176.5
1376310 2181.6
1376320 2186.0
1376330 2186.0
1376340 2191.7
1376350 2198.5
1376360 2198.5
1376370 2205.0
1376380 2211.8
1376390 2211.8
1376400 2218.1
1376410 2223.0
1376420 2223.0
1376430 2227.4
1376440 2232.1
1376450 2232.1
1376460 2237.5
1376470 2243.6
1376480 2249.2
1376490 2249.2
1376500 2254.5
1376510 2259.1
1376520 2259.1
1376530 2263.6
1376540 2267.8
1376550 2267.8
1376560 2271.6
1376570 2275.5
1376580 2275.5
1376590 2280.1
1376600 2285.0
1376610 2285.0
1376620 2288.8
1376630 2292.4
1376640 2292.4
1376650 2296.0
1376660 2299.5
1376670 2303.3
1376680 2303.3
1376690 2307.3
1376700 2311.2
1376710 2311.2
1376720 2314.2
1376730 2317.3
1376740 2317.3
1376750 2320.9
1376760 2324.8
1376770 2324.8
1376780 2329.4
1376790 2332.9
1376800 2332.9
1376810 2335.3
1376820 2336.6
1376830 2336.6
1376840 2338.7
1376850 2342.2
1376860 2347.2
1376870 2347.2
1376880 2353.8
1376890 2362.0
1376900 2362.0
1376910 2371.1
1376920 2378.0
1376930 2378.0
1376940 2383.3
1376950 2387.4
1376960 2387.4
1376970 2389.1
1376980 2390.2
1376990 2390.2
1377000 2390.5
1377010 2390.6
1377020 2390.6
1377030 2391.2
1377040 2393.4
1377050 2395.6
1377060 2395.6
1377070 2397.5
1377080 2399.2
1377090 2399.2
1377100 2401.5
1377110 2404.6
1377120 2404.6
1377130 2408.0
1377140 2410.2
1377150 2410.2
1377160 2412.3
1377170 2414.1
1377180 2414.1
1377190 2415.4
1377200 2418.6
1377210 2418.6
1377220 2423.5
1377230 2428.8
1377240 2432.7
1377250 2432.7
1377260 2437.3
1377270 2441.5
1377280 2441.5
1377290 2444.3
1377300 2446.4
1377310 2446.4
1377320 2447.2
1377330 2448.8
1377340 2448.8
1377350 2451.8
1377360 2456.6
1377370 2456.6
1377380 2462.1
1377390 2466.6
1377400 2466.6
1377410 2470.4
1377420 2475.2
1377430 2480.5
1377440 2480.5
1377450 2484.5
1377460 2487.3
1377470 2487.3
1377480 2491.4
1377490 2495.8
1377500 2495.8
1377510 2500.0
1377520 2505.1
1377530 2505.1
1377540 2510.0
1377550 2514.6
1377560 2514.6
1377570 2518.1
1377580 2519.7
1377590 2519.7
1377600 2522.8
1377610 2525.9
1377620 2528.8
1377630 2528.8
1377640 2532.7
1377650 2538.3
1377660 2538.3
1377670 2545.5
1377680 2553.9
1377690 2553.9
1377700 2562.7
1377710 2571.0
1377720 2571.0
1377730 2580.6
1377740 2591.7
1377750 2591.7
1377760 2604.6
1377770 2615.0
1377780 2615.0
1377790 2622.5
1377800 2625.4
1377810 2624.9
1377820 2624.9
1377830 2623.0
1377840 2622.5
1377850 2622.5
1377860 2623.8
1377870 2621.3
1377880 2621.3
1377890 2617.3
1377900 2616.5
1377910 2616.5
1377920 2617.9
1377930 2620.0
1377940 2620.0
1377950 2620.4
1377960 2620.1
1377970 2620.1
1377980 2622.7
1377990 2627.5
1378000 2632.6
1378010 2632.6
1378020 2637.0
1378030 2640.0
1378040 2640.0
1378050 2643.0
1378060 2646.2
1378070 2646.2
1378080 2649.0
1378090 2650.6
1378100 2650.6
1378110 2652.3
1378120 2653.3
1378130 2653.3
1378140 2655.3
1378150 2659.4
1378160 2659.4
1378170 2664.0
1378180 2669.1
1378190 2673.5
1378200 2673.5
1378210 2674.9
1378220 2675.4
1378230 2675.4
1378240 2675.7
1378250 2677.5
1378260 2677.5
1378270 2680.3
1378280 2681.7
1378290 2681.7
1378300 2684.7
1378310 2686.6
1378320 2686.6
1378330 2687.8
1378340 2689.4
1378350 2691.3
1378360 2691.3
1378370 2698.4
1378380 2700.7
1378390 2700.7
1378400 2702.4
1378410 2703.6
1378420 2703.6
1378430 2704.1
1378440 2703.5
1378450 2703.5
1378460 2701.9
1378470 2701.4
1378480 2701.4
1378490 2699.9
1378500 2698.0
1378510 2698.0
1378520 2697.4
1378530 2696.8
1378540 2696.3
1378550 2696.3
1378560 2695.5
1378570 2694.2
1378580 2694.2
1378590 2692.8
1378600 2690.7
1378610 2690.7
1378620 2689.4
1378630 2690.0
1378640 2690.0
1378650 2692.2
1378660 2690.2
1378670 2690.2
1378680 2691.9
1378690 2692.8
1378700 2692.8
1378710 2692.5
1378720 2692.2
1378730 2691.1
1378740 2691.1
1378750 2690.6
1378760 2691.1
1378770 2691.1
1378780 2692.3
1378790 2685.8
1378800 2685.8
1378810 2680.6
1378820 2677.5
1378830 2677.5
1378840 2676.5
1378850 2678.0
1378860 2678.0
1378870 2679.1
1378880 2671.8
1378890 2671.8
1378900 2665.1
1378910 2658.2
1378920 2655.6
1378930 2655.6
1378940 2656.3
1378950 2658.1
1378960 2658.1
1378970 2660.7
1378980 2664.3
1378990 2664.3
1379000 2658.6
1379010 2652.3
1379020 2652.3
1379030 2649.6
1379040 2647.2
1379050 2647.2
1379060 2644.7
1379070 2643.7
1379080 2643.7
1379090 2642.5
1379100 2639.9
1379110 2634.3
1379120 2634.3
1379130 2631.3
1379140 2629.5
1379150 2629.5
1379160 2628.4
1379170 2629.8
1379180 2629.8
1379190 2633.6
1379200 2635.9
1379210 2635.9
1379220 2637.0
1379230 2638.4
1379240 2638.4
1379250 2639.6
1379260 2639.5
1379270 2639.5
1379280 2640.2
1379290 2642.4
1379300 2644.0
1379310 2644.0
1379320 2643.5
1379330 2641.4
1379340 2641.4
1379350 2640.3
1379360 2639.7
1379370 2639.7
1379380 2637.6
1379390 2634.2
1379400 2634.2
1379410 2632.4
1379420 2628.3
1379430 2628.3
1379440 2623.1
1379450 2619.9
1379460 2619.9
1379470 2614.1
1379480 2608.0
1379490 2602.6
1379500 2602.6
1379510 2597.3
1379520 2592.8
1379530 2592.8
1379540 2587.7
1379550 2582.0
1379560 2582.0
1379570 2579.9
1379580 2574.3
1379590 2574.3
1379600 2567.3
1379610 2561.3
1379620 2561.3
1379630 2554.3
1379640 2547.3
1379650 2547.3
1379660 2540.0
1379670 2532.6
1379680 2523.5
1379690 2523.5
1379700 2516.6
1379710 2511.0
1379720 2511.0
1379730 2507.0
1379740 2502.8
1379750 2502.8
1379760 2501.9
1379770 2501.1
1379780 2501.1
1379790 2497.0
1379800 2491.4
1379810 2491.4
1379820 2482.4
1379830 2469.4
1379840 2469.4
1379850 2457.0
1379860 2447.2
1379870 2440.4
1379880 2440.4
1379890 2435.5
1379900 2430.3
1379910 2430.3
1379920 2425.2
1379930 2419.9
1379940 2419.9
1379950 2415.0
1379960 2410.6
1379970 2410.6
1379980 2405.9
1379990 2399.4
