1360000 2520.0
1360010 2517.6
1360020 2515.4
1360030 2513.0
1360040 2513.0
1360050 2510.2
1360060 2507.0
1360070 2507.0
1360080 2504.3
1360090 2502.7
1360100 2502.7
1360110 2500.2
1360120 2497.8
1360130 2497.8
1360140 2497.1
1360150 2496.8
1360160 2496.8
1360170 2499.3
1360180 2503.7
1360190 2503.7
1360200 2509.9
1360210 2515.1
1360220 2516.2
1360230 2516.2
1360240 2520.3
1360250 2524.7
1360260 2524.7
1360270 2527.6
1360280 2531.7
1360290 2531.7
1360300 2535.0
1360310 2537.0
1360320 2537.0
1360330 2536.8
1360340 2535.5
1360350 2535.5
1360360 2533.6
1360370 2534.7
1360380 2534.7
1360390 2534.0
1360400 2530.4
1360410 2524.3
1360420 2524.3
1360430 2521.6
1360440 2522.5
1360450 2522.5
1360460 2523.0
1360470 2517.9
1360480 2517.9
1360490 2512.5
1360500 2504.1
1360510 2504.1
1360520 2492.7
1360530 2483.6
1360540 2483.6
1360550 2475.5
1360560 2466.5
1360570 2466.5
1360580 2456.4
1360590 2449.7
1360600 2443.7
1360610 2443.7
1360620 2439.2
1360630 2435.5
1360640 2435.5
1360650 2432.3
1360660 2430.0
1360670 2430.0
1360680 2428.7
1360690 2428.0
1360700 2428.0
1360710 2426.6
1360720 2424.5
1360730 2424.5
1360740 2423.1
1360750 2421.7
1360760 2421.7
1360770 2420.0
1360780 2414.8
1360790 2407.4
1360800 2407.4
1360810 2399.9
1360820 2394.1
1360830 2394.1
1360840 2389.5
1360850 2385.9
1360860 2385.9
1360870 2382.8
1360880 2380.8
1360890 2380.8
1360900 2379.6
1360910 2378.4
1360920 2378.4
1360930 2381.3
1360940 2381.4
1360950 2381.4
1360960 2381.5
1360970 2381.6
1360980 2381.1
1360990 2381.1
1361000 2381.0
1361010 2382.0
1361020 2382.0
1361030 2383.2
1361040 2386.3
1361050 2386.3
1361060 2391.1
1361070 2395.3
1361080 2395.3
1361090 2398.8
1361100 2401.7
1361110 2401.7
1361120 2405.9
1361130 2410.2
1361140 2410.2
1361150 2415.5
1361160 2423.2
1361170 2430.8
1361180 2430.8
1361190 2436.6
1361200 2441.1
1361210 2441.1
1361220 2444.0
1361230 2447.3
1361240 2447.3
1361250 2451.7
1361260 2455.1
1361270 2455.1
1361280 2456.3
1361290 2457.0
1361300 2457.0
1361310 2455.8
1361320 2452.6
1361330 2452.6
1361340 2450.1
1361350 2448.1
1361360 2447.6
1361370 2447.6
1361380 2447.9
1361390 2450.7
1361400 2450.7
1361410 2454.4
1361420 2459.7
1361430 2459.7
1361440 2465.1
1361450 2469.6
1361460 2469.6
1361470 2474.1
1361480 2478.8
1361490 2478.8
1361500 2483.8
1361510 2487.4
1361520 2487.4
1361530 2488.8
1361540 2488.0
1361550 2484.8
1361560 2484.8
1361570 2483.4
1361580 2484.4
1361590 2484.4
1361600 2486.9
1361610 2489.0
1361620 2489.0
1361630 2490.2
1361640 2490.3
1361650 2490.3
1361660 2491.8
1361670 2496.9
1361680 2496.9
1361690 2502.7
1361700 2507.3
1361710 2511.7
1361720 2511.7
1361730 2516.0
1361740 2520.4
1361750 2520.4
1361760 2524.8
1361770 2529.5
1361780 2529.5
1361790 2534.6
1361800 2539.4
1361810 2539.4
1361820 2544.4
1361830 2549.2
1361840 2549.2
1361850 2553.7
1361860 2557.5
1361870 2557.5
1361880 2560.7
1361890 2565.8
1361900 2572.3
1361910 2572.3
1361920 2579.4
1361930 2588.0
1361940 2588.0
1361950 2597.9
1361960 2607.5
1361970 2607.5
1361980 2622.2
1361990 2635.7
1362000 2635.7
1362010 2642.9
1362020 2649.3
1362030 2649.3
1362040 2656.7
1362050 2663.8
1362060 2663.8
1362070 2672.5
1362080 2682.7
1362090 2697.6
1362100 2697.6
1362110 2712.5
1362120 2724.2
1362130 2724.2
1362140 2726.0
1362150 2717.9
1362160 2717.9
1362170 2708.9
1362180 2699.5
1362190 2699.5
1362200 2691.6
1362210 2684.6
1362220 2684.6
1362230 2676.8
1362240 2669.1
1362250 2669.1
1362260 2662.0
1362270 2654.9
1362280 2646.9
1362290 2646.9
1362300 2640.0
1362310 2633.5
1362320 2633.5
1362330 2628.0
1362340 2622.4
1362350 2622.4
1362360 2614.8
1362370 2608.5
1362380 2608.5
1362390 2602.9
1362400 2592.2
1362410 2592.2
1362420 2582.0
1362430 2574.9
1362440 2574.9
1362450 2565.8
1362460 2557.6
1362470 2547.8
1362480 2547.8
1362490 2539.0
1362500 2535.3
1362510 2535.3
1362520 2526.7
1362530 2516.8
1362540 2516.8
1362550 2510.2
1362560 2502.0
1362570 2502.0
1362580 2494.9
1362590 2488.1
1362600 2488.1
1362610 2481.3
1362620 2475.0
1362630 2475.0
1362640 2469.5
1362650 2464.1
1362660 2459.0
1362670 2459.0
1362680 2455.3
1362690 2451.3
1362700 2451.3
1362710 2447.6
1362720 2444.3
1362730 2444.3
1362740 2441.4
1362750 2439.2
1362760 2439.2
1362770 2437.2
1362780 2434.5
1362790 2434.5
1362800 2430.3
1362810 2425.0
1362820 2425.0
1362830 2419.6
1362840 2415.1
1362850 2410.3
1362860 2410.3
1362870 2405.6
1362880 2401.0
1362890 2401.0
1362900 2398.1
1362910 2396.6
1362920 2396.6
1362930 2395.9
1362940 2395.3
1362950 2395.3
1362960 2394.2
1362970 2392.8
1362980 2392.8
1362990 2385.8
1363000 2385.7
1363010 2385.7
1363020 2385.1
1363030 2384.2
1363040 2383.5
1363050 2383.5
1363060 2382.3
1363070 2381.2
1363080 2381.2
1363090 2379.9
1363100 2377.9
1363110 2377.9
1363120 2375.4
1363130 2371.9
1363140 2371.9
1363150 2367.9
1363160 2364.7
1363170 2364.7
1363180 2362.3
1363190 2360.8
1363200 2360.8
1363210 2358.9
1363220 2356.6
1363230 2354.6
1363240 2354.6
1363250 2353.5
1363260 2351.7
1363270 2351.7
1363280 2349.6
1363290 2348.2
1363300 2348.2
1363310 2347.2
1363320 2346.4
1363330 2346.4
1363340 2345.1
1363350 2343.6
1363360 2343.6
1363370 2341.6
1363380 2339.4
1363390 2339.4
1363400 2337.1
1363410 2334.3
1363420 2330.9
1363430 2330.9
1363440 2327.1
1363450 2323.0
1363460 2323.0
1363470 2318.8
1363480 2314.4
1363490 2314.4
1363500 2309.9
1363510 2305.3
1363520 2305.3
1363530 2300.4
1363540 2295.6
1363550 2295.6
1363560 2291.2
1363570 2288.3
1363580 2288.3
1363590 2285.8
1363600 2282.8
1363610 2280.2
1363620 2280.2
1363630 2277.9
1363640 2275.6
1363650 2275.6
1363660 2272.9
1363670 2270.9
1363680 2270.9
1363690 2268.6
1363700 2266.2
1363710 2266.2
1363720 2264.1
1363730 2263.4
1363740 2263.4
1363750 2263.1
1363760 2261.1
1363770 2261.1
1363780 2260.8
1363790 2261.7
1363800 2262.8
1363810 2262.8
1363820 2264.2
1363830 2265.7
1363840 2265.7
1363850 2264.5
1363860 2262.7
1363870 2262.7
1363880 2261.0
1363890 2257.5
1363900 2257.5
1363910 2253.7
1363920 2251.2
1363930 2251.2
1363940 2249.6
1363950 2248.8
1363960 2248.8
1363970 2248.6
1363980 2247.2
1363990 2244.7
1364000 2244.7
1364010 2242.6
1364020 2241.2
1364030 2235.9
1364040 2234.5
1364050 2232.8
1364060 2232.8
1364070 2230.9
1364080 2229.2
1364090 2229.2
1364100 2227.4
1364110 2223.0
1364120 2223.0
1364130 2218.7
1364140 2214.9
1364150 2214.9
1364160 2210.6
1364170 2205.6
1364180 2202.4
1364190 2202.4
1364200 2201.2
1364210 2201.5
1364220 2201.5
1364230 2200.7
1364240 2199.2
1364250 2199.2
1364260 2194.5
1364270 2190.4
1364280 2190.4
1364290 2187.2
1364300 2182.8
1364310 2182.8
1364320 2177.8
1364330 2173.4
1364340 2170.5
1364350 2170.5
1364360 2168.4
1364370 2163.3
1364380 2163.3
1364390 2154.5
1364400 2148.5
1364410 2148.5
1364420 2143.5
1364430 2139.0
1364440 2139.0
1364450 2136.7
1364460 2139.4
1364470 2139.4
1364480 2144.7
1364490 2150.6
1364500 2150.6
1364510 2155.6
1364520 2161.1
1364530 2166.2
1364540 2166.2
1364550 2170.6
1364560 2175.0
1364570 2175.0
1364580 2179.6
1364590 2183.6
1364600 2183.6
1364610 2187.2
1364620 2191.0
1364630 2191.0
1364640 2195.1
1364650 2198.5
1364660 2198.5
1364670 2200.8
1364680 2203.2
1364690 2203.2
1364700 2206.2
1364710 2209.7
1364720 2212.3
1364730 2212.3
1364740 2213.6
1364750 2213.8
1364760 2213.8
1364770 2213.8
1364780 2213.3
1364790 2213.3
1364800 2212.9
1364810 2212.9
1364820 2212.9
1364830 2213.4
1364840 2215.0
1364850 2215.0
1364860 2216.7
1364870 2217.9
1364880 2217.9
1364890 2216.6
1364900 2211.3
1364910 2215.9
1364920 2215.9
1364930 2218.7
1364940 2220.1
1364950 2220.1
1364960 2221.1
1364970 2221.9
1364980 2221.9
1364990 2222.5
1365000 2223.3
1365010 2223.3
1365020 2224.4
1365030 2226.0
1365040 2226.0
1365050 2228.6
1365060 2230.8
1365070 2230.8
1365080 2231.9
1365090 2235.4
1365100 2236.8
1365110 2236.8
1365120 2238.4
1365130 2240.5
1365140 2240.5
1365150 2243.8
1365160 2247.7
1365170 2247.7
1365180 2253.9
1365190 2261.3
1365200 2261.3
1365210 2267.9
1365220 2273.2
1365230 2273.2
1365240 2273.9
1365250 2273.7
1365260 2273.7
1365270 2273.5
1365280 2273.3
1365290 2275.6
1365300 2275.6
1365310 2278.3
1365320 2282.3
1365330 2282.3
1365340 2286.3
1365350 2289.9
1365360 2289.9
1365370 2293.4
1365380 2296.1
1365390 2296.1
1365400 2298.1
1365410 2301.4
1365420 2301.4
1365430 2306.6
1365440 2312.0
1365450 2312.0
1365460 2316.7
1365470 2320.9
1365480 2324.7
1365490 2324.7
1365500 2327.9
1365510 2331.8
1365520 2331.8
1365530 2335.9
1365540 2339.7
1365550 2339.7
1365560 2343.0
1365570 2346.4
1365580 2346.4
1365590 2349.8
1365600 2353.3
1365610 2353.3
1365620 2357.3
1365630 2361.5
1365640 2361.5
1365650 2365.7
1365660 2370.7
1365670 2376.3
1365680 2376.3
1365690 2381.6
1365700 2386.9
1365710 2386.9
1365720 2392.4
1365730 2398.2
1365740 2398.2
1365750 2404.6
1365760 2411.5
1365770 2411.5
1365780 2419.6
1365790 2427.1
1365800 2427.1
1365810 2433.7
1365820 2441.6
1365830 2441.6
1365840 2450.5
1365850 2459.4
1365860 2468.2
1365870 2468.2
1365880 2476.7
1365890 2482.8
1365900 2482.8
1365910 2487.0
1365920 2491.7
1365930 2491.7
1365940 2497.7
1365950 2504.9
1365960 2504.9
1365970 2511.8
1365980 2518.8
1365990 2518.8
1366000 2525.8
1366010 2534.4
1366020 2534.4
1366030 2545.7
1366040 2557.5
1366050 2567.3
1366060 2567.3
1366070 2571.8
1366080 2577.2
1366090 2577.2
1366100 2581.7
1366110 2585.2
1366120 2585.2
1366130 2589.0
1366140 2595.2
1366150 2601.2
1366160 2605.4
1366170 2607.1
1366180 2607.1
1366190 2607.3
1366200 2605.9
1366210 2605.9
1366220 2604.3
1366230 2604.4
1366240 2608.1
1366250 2608.1
1366260 2610.4
1366270 2613.8
1366280 2613.8
1366290 2616.2
1366300 2614.2
1366310 2614.2
1366320 2609.9
1366330 2606.3
1366340 2606.3
1366350 2604.3
1366360 2597.1
1366370 2597.1
1366380 2594.2
1366390 2590.7
1366400 2590.7
1366410 2581.6
1366420 2575.7
1366430 2571.7
1366440 2571.7
1366450 2566.4
1366460 2562.7
1366470 2562.7
1366480 2560.9
1366490 2558.1
1366500 2558.1
1366510 2557.5
1366520 2558.0
1366530 2558.0
1366540 2558.6
1366550 2557.5
1366560 2557.5
1366570 2555.6
1366580 2554.2
1366590 2554.2
1366600 2553.9
1366610 2555.1
1366620 2555.9
1366630 2555.9
1366640 2555.3
1366650 2554.6
1366660 2554.6
1366670 2554.5
1366680 2554.3
1366690 2554.3
1366700 2553.5
1366710 2553.4
1366720 2553.4
1366730 2553.7
1366740 2553.5
1366750 2553.5
1366760 2552.7
1366770 2551.2
1366780 2549.6
1366790 2549.6
1366800 2548.1
1366810 2545.4
1366820 2545.4
1366830 2543.7
1366840 2541.6
1366850 2541.6
1366860 2539.2
1366870 2536.0
1366880 2536.0
1366890 2532.7
1366900 2529.7
1366910 2529.7
1366920 2527.4
1366930 2526.0
1366940 2526.0
1366950 2525.1
1366960 2523.4
1366970 2522.0
1366980 2522.0
1366990 2519.5
1367000 2516.4
1367010 2516.4
1367020 2513.5
1367030 2512.1
1367040 2512.1
1367050 2511.5
1367060 2511.3
1367070 2511.3
1367080 2511.9
1367090 2512.2
1367100 2512.2
1367110 2512.1
1367120 2512.4
1367130 2512.4
1367140 2513.7
1367150 2516.3
1367160 2517.4
1367170 2517.4
1367180 2517.0
1367190 2514.7
1367200 2514.7
1367210 2514.0
1367220 2496.7
1367230 2496.7
1367240 2492.0
1367250 2488.6
1367260 2488.6
1367270 2486.1
1367280 2484.4
1367290 2484.4
1367300 2483.8
1367310 2482.9
1367320 2482.9
1367330 2481.2
1367340 2475.5
1367350 2465.6
1367360 2465.6
1367370 2456.8
1367380 2450.1
1367390 2450.1
1367400 2444.7
1367410 2440.1
1367420 2440.1
1367430 2436.3
1367440 2433.8
1367450 2433.8
1367460 2431.2
1367470 2429.0
1367480 2429.0
1367490 2426.7
1367500 2424.3
1367510 2424.3
1367520 2422.0
1367530 2420.3
1367540 2419.2
1367550 2419.2
1367560 2417.8
1367570 2416.1
1367580 2416.1
1367590 2413.3
1367600 2411.1
1367610 2411.1
1367620 2408.5
1367630 2405.5
1367640 2405.5
1367650 2401.9
1367660 2398.3
1367670 2398.3
1367680 2394.5
1367690 2391.1
1367700 2391.1
1367710 2388.1
1367720 2384.7
1367730 2381.4
1367740 2381.4
1367750 2377.4
1367760 2374.4
1367770 2374.4
1367780 2372.2
1367790 2370.1
1367800 2370.1
1367810 2367.4
1367820 2363.7
1367830 2363.7
1367840 2359.4
1367850 2353.8
1367860 2353.8
1367870 2345.4
1367880 2338.0
1367890 2338.0
1367900 2332.3
1367910 2326.9
1367920 2320.5
1367930 2320.5
1367940 2313.7
1367950 2306.4
1367960 2306.4
1367970 2299.3
1367980 2293.1
1367990 2293.1
1368000 2286.7
1368010 2280.7
1368020 2280.7
1368030 2274.6
1368040 2268.3
1368050 2268.3
1368060 2262.0
1368070 2255.8
1368080 2255.8
1368090 2250.2
1368100 2245.1
1368110 2240.2
1368120 2240.2
1368130 2235.5
1368140 2231.1
1368150 2231.1
1368160 2226.5
1368170 2221.4
1368180 2221.4
1368190 2216.9
1368200 2212.7
1368210 2212.7
1368220 2208.0
1368230 2203.4
1368240 2203.4
1368250 2199.3
1368260 2195.4
1368270 2195.4
1368280 2190.9
1368290 2185.2
1368300 2177.2
1368310 2177.2
1368320 2169.4
1368330 2162.0
1368340 2162.0
1368350 2154.5
1368360 2147.1
1368370 2147.1
1368380 2139.9
1368390 2132.3
1368400 2132.3
1368410 2124.2
1368420 2116.1
1368430 2116.1
1368440 2106.9
1368450 2096.7
1368460 2096.7
1368470 2089.9
1368480 2082.8
1368490 2076.3
1368500 2076.3
1368510 2069.8
1368520 2063.0
1368530 2063.0
1368540 2056.7
1368550 2051.0
1368560 2051.0
1368570 2046.1
1368580 2041.3
1368590 2041.3
1368600 2036.2
1368610 2031.7
1368620 2031.7
1368630 2027.8
1368640 2023.9
1368650 2023.9
1368660 2019.2
1368670 2012.9
1368680 2006.7
1368690 2006.7
1368700 2000.1
1368710 1993.4
1368720 1993.4
1368730 1987.1
1368740 1986.3
1368750 1986.3
1368760 1988.5
1368770 1990.8
1368780 1990.8
1368790 1992.8
1368800 1995.7
1368810 1995.7
1368820 2000.2
1368830 2004.9
1368840 2004.9
1368850 2009.3
1368860 2013.9
1368870 2017.6
1368880 2017.6
1368890 2019.7
1368900 2022.4
1368910 2022.4
1368920 2026.3
1368930 2030.2
1368940 2030.2
1368950 2034.8
1368960 2040.3
1368970 2040.3
1368980 2046.1
1368990 2052.7
1369000 2052.7
1369010 2060.2
1369020 2068.6
1369030 2068.6
1369040 2077.1
1369050 2084.4
1369060 2090.4
1369070 2090.4
1369080 2095.3
1369090 2101.1
1369100 2101.1
1369110 2107.8
1369120 2113.9
1369130 2113.9
1369140 2118.9
1369150 2123.5
1369160 2123.5
1369170 2127.4
1369180 2130.8
1369190 2130.8
1369200 2134.8
1369210 2139.5
1369220 2145.3
1369230 2145.3
1369240 2151.5
1369250 2157.7
1369260 2157.7
1369270 2165.3
1369280 2172.2
1369290 2172.2
1369300 2178.1
1369310 2183.2
1369320 2183.2
1369330 2185.8
1369340 2184.6
1369350 2184.6
1369360 2182.0
1369370 2179.0
1369380 2179.0
1369390 2176.1
1369400 2177.8
1369410 2173.0
1369420 2173.0
1369430 2168.0
1369440 2165.2
1369450 2165.2
1369460 2160.8
1369470 2160.1
1369480 2160.1
1369490 2162.8
1369500 2162.8
1369510 2162.8
1369520 2160.8
1369530 2157.2
1369540 2157.2
1369550 2153.2
1369560 2150.0
1369570 2150.0
1369580 2147.7
1369590 2145.2
1369600 2141.5
1369610 2141.5
1369620 2137.1
1369630 2132.7
1369640 2132.7
1369650 2130.3
1369660 2127.9
1369670 2127.9
1369680 2124.8
1369690 2121.0
1369700 2121.0
1369710 2118.1
1369720 2114.6
1369730 2114.6
1369740 2110.9
1369750 2108.0
1369760 2108.0
1369770 2105.3
1369780 2102.4
1369790 2099.7
1369800 2099.7
1369810 2096.3
1369820 2092.3
1369830 2092.3
1369840 2089.4
1369850 2087.2
1369860 2087.2
1369870 2082.2
1369880 2076.9
1369890 2076.9
1369900 2070.8
1369910 2069.5
1369920 2069.5
1369930 2071.4
1369940 2074.6
1369950 2074.6
1369960 2078.2
1369970 2081.7
1369980 2084.3
1369990 2084.3
1370000 2086.5
1370010 2088.9
1370020 2088.9
1370030 2091.4
1370040 2094.1
1370050 2094.1
1370060 2096.6
1370070 2099.4
1370080 2099.4
1370090 2102.6
1370100 2105.5
1370110 2105.5
1370120 2108.2
1370130 2111.0
1370140 2111.0
1370150 2113.2
1370160 2116.2
1370170 2119.5
1370180 2119.5
1370190 2122.5
1370200 2125.6
1370210 2125.6
1370220 2128.3
1370230 2130.3
1370240 2130.3
1370250 2133.0
1370260 2137.2
1370270 2137.2
1370280 2141.6
1370290 2147.4
1370300 2147.4
1370310 2155.0
1370320 2163.4
1370330 2163.4
1370340 2173.2
1370350 2181.8
1370360 2189.0
1370370 2189.0
1370380 2195.7
1370390 2201.6
1370400 2201.6
1370410 2207.5
1370420 2213.9
1370430 2213.9
1370440 2217.8
1370450 2221.8
1370460 2221.8
1370470 2224.6
1370480 2225.8
1370490 2225.8
1370500 2220.0
1370510 2224.0
1370520 2224.0
1370530 2229.9
1370540 2238.1
1370550 2246.3
1370560 2246.3
1370570 2254.5
1370580 2263.3
1370590 2263.3
1370600 2271.2
1370610 2277.5
1370620 2277.5
1370630 2282.4
1370640 2286.1
1370650 2286.1
1370660 2289.7
1370670 2294.1
1370680 2294.1
1370690 2297.8
1370700 2300.4
1370710 2300.4
1370720 2303.8
1370730 2307.8
1370740 2312.6
1370750 2312.6
1370760 2317.3
1370770 2322.0
1370780 2322.0
1370790 2326.5
1370800 2330.4
1370810 2330.4
1370820 2334.3
1370830 2338.3
1370840 2338.3
1370850 2341.8
1370860 2344.5
1370870 2344.5
1370880 2346.9
1370890 2349.1
1370900 2349.1
1370910 2351.1
1370920 2353.4
1370930 2356.1
1370940 2356.1
1370950 2358.7
1370960 2361.4
1370970 2361.4
1370980 2363.9
1370990 2366.3
1371000 2366.3
1371010 2368.8
1371020 2372.3
1371030 2372.3
1371040 2376.2
1371050 2379.5
1371060 2379.5
1371070 2382.3
1371080 2384.6
1371090 2384.6
1371100 2386.9
1371110 2390.7
1371120 2394.7
1371130 2394.7
1371140 2396.6
1371150 2398.5
1371160 2398.5
1371170 2402.0
1371180 2408.6
1371190 2408.6
1371200 2413.9
1371210 2421.2
1371220 2421.2
1371230 2425.2
1371240 2425.4
1371250 2425.4
1371260 2428.1
1371270 2429.3
1371280 2429.3
1371290 2430.4
1371300 2433.8
1371310 2435.3
1371320 2435.3
1371330 2438.5
1371340 2444.3
1371350 2444.3
1371360 2450.7
1371370 2457.7
1371380 2457.7
1371390 2465.4
1371400 2473.9
1371410 2473.9
1371420 2484.4
1371430 2492.4
1371440 2492.4
1371450 2493.9
1371460 2493.3
1371470 2493.3
1371480 2494.2
1371490 2495.9
1371500 2498.4
1371510 2498.4
1371520 2502.4
1371530 2507.6
1371540 2507.6
1371550 2513.3
1371560 2518.3
1371570 2518.3
1371580 2524.0
1371590 2530.3
1371600 2530.3
1371610 2535.7
1371620 2541.9
1371630 2541.9
1371640 2547.9
1371650 2550.9
1371660 2547.4
1371670 2547.4
1371680 2541.3
1371690 2537.1
1371700 2537.1
1371710 2532.0
1371720 2526.4
1371730 2526.4
1371740 2523.5
1371750 2524.9
1371760 2524.9
1371770 2522.6
1371780 2516.8
1371790 2516.8
1371800 2511.5
1371810 2507.2
1371820 2507.2
1371830 2502.3
1371840 2496.0
1371850 2492.7
1371860 2492.7
1371870 2489.8
1371880 2480.8
1371890 2480.8
1371900 2472.2
1371910 2464.6
1371920 2464.6
1371930 2458.0
1371940 2451.5
1371950 2451.5
1371960 2446.2
1371970 2442.2
1371980 2442.2
1371990 2439.1
1372000 2435.9
1372010 2435.9
1372020 2432.5
1372030 2428.1
1372040 2423.2
1372050 2423.2
1372060 2418.6
1372070 2414.8
1372080 2414.8
1372090 2411.5
1372100 2407.9
1372110 2407.9
1372120 2403.9
1372130 2400.2
1372140 2400.2
1372150 2397.1
1372160 2394.1
1372170 2394.1
1372180 2390.6
1372190 2386.1
1372200 2386.1
1372210 2381.5
1372220 2378.4
1372230 2377.8
1372240 2377.8
1372250 2377.0
1372260 2376.2
1372270 2376.2
1372280 2376.5
1372290 2378.5
1372300 2378.5
1372310 2380.9
1372320 2383.8
1372330 2383.8
1372340 2383.6
1372350 2379.8
1372360 2379.8
1372370 2380.0
1372380 2380.3
1372390 2380.3
1372400 2370.9
1372410 2363.6
1372420 2361.4
1372430 2361.4
1372440 2361.9
1372450 2368.7
1372460 2368.7
1372470 2368.3
1372480 2360.5
1372490 2360.5
1372500 2343.7
1372510 2333.2
1372520 2333.2
1372530 2331.8
1372540 2329.1
1372550 2329.1
1372560 2320.7
1372570 2313.7
1372580 2313.7
1372590 2308.6
1372600 2303.9
1372610 2301.4
1372620 2301.4
1372630 2300.4
1372640 2298.6
1372650 2298.6
1372660 2297.4
1372670 2296.1
1372680 2296.1
1372690 2291.5
1372700 2284.9
1372710 2284.9
1372720 2289.6
1372730 2305.7
1372740 2305.7
1372750 2299.9
1372760 2288.3
1372770 2288.3
1372780 2280.0
1372790 2271.1
1372800 2266.4
1372810 2266.4
1372820 2266.5
1372830 2272.1
1372840 2272.1
1372850 2282.4
1372860 2283.8
1372870 2283.8
1372880 2281.2
1372890 2285.2
1372900 2285.2
1372910 2282.6
1372920 2277.4
1372930 2277.4
1372940 2273.8
1372950 2272.3
1372960 2272.3
1372970 2268.9
1372980 2271.4
1372990 2271.3
1373000 2271.3
1373010 2268.0
1373020 2263.7
1373030 2263.7
1373040 2262.8
1373050 2264.0
1373060 2264.0
1373070 2264.1
1373080 2264.2
1373090 2264.2
1373100 2266.0
1373110 2269.9
1373120 2269.9
1373130 2274.6
1373140 2278.3
1373150 2278.3
1373160 2278.3
1373170 2273.7
1373180 2272.4
1373190 2272.4
1373200 2274.9
1373210 2279.0
1373220 2279.0
1373230 2280.9
1373240 2285.2
1373250 2285.2
1373260 2291.0
1373270 2298.3
1373280 2298.3
1373290 2302.2
1373300 2301.3
1373310 2301.3
1373320 2297.5
1373330 2292.8
1373340 2292.8
1373350 2284.9
1373360 2279.7
1373370 2277.0
1373380 2277.0
1373390 2275.8
1373400 2274.7
1373410 2274.7
1373420 2275.4
1373430 2273.8
1373440 2273.8
1373450 2271.6
1373460 2268.7
1373470 2268.7
1373480 2265.5
1373490 2261.9
1373500 2261.9
1373510 2257.7
1373520 2254.2
1373530 2254.2
1373540 2250.5
1373550 2250.6
1373560 2252.0
1373570 2252.0
1373580 2252.9
1373590 2252.8
1373600 2252.8
1373610 2253.1
1373620 2252.7
1373630 2252.7
1373640 2251.9
1373650 2251.3
1373660 2251.3
1373670 2256.7
1373680 2265.6
1373690 2265.6
1373700 2271.5
1373710 2277.6
1373720 2277.6
1373730 2281.8
1373740 2281.5
1373750 2278.3
1373760 2278.3
1373770 2275.2
1373780 2276.4
1373790 2276.4
1373800 2274.4
1373810 2267.4
1373820 2267.4
1373830 2270.0
1373840 2274.3
1373850 2274.3
1373860 2274.4
1373870 2277.5
1373880 2277.5
1373890 2278.3
1373900 2279.4
1373910 2281.8
1373920 2281.8
1373930 2284.5
1373940 2287.4
1373950 2287.4
1373960 2291.5
1373970 2296.2
1373980 2296.2
1373990 2301.8
1374000 2311.5
1374010 2311.5
1374020 2321.9
1374030 2331.4
1374040 2331.4
1374050 2343.9
1374060 2357.6
1374070 2357.6
1374080 2364.7
1374090 2362.8
1374100 2362.1
1374110 2362.1
1374120 2353.0
1374130 2346.3
1374140 2346.3
1374150 2340.1
1374160 2333.0
1374170 2333.0
1374180 2327.2
1374190 2323.7
1374200 2323.7
1374210 2321.4
1374220 2318.1
1374230 2318.1
1374240 2312.7
1374250 2310.5
1374260 2310.5
1374270 2310.0
1374280 2310.8
1374290 2309.3
1374300 2309.3
1374310 2303.1
1374320 2296.0
1374330 2296.0
1374340 2290.2
1374350 2284.3
1374360 2284.3
1374370 2277.0
1374380 2263.5
1374390 2263.5
1374400 2251.9
1374410 2243.9
1374420 2243.9
1374430 2238.2
1374440 2233.9
1374450 2233.9
1374460 2226.0
1374470 2220.2
1374480 2209.9
1374490 2209.9
1374500 2200.6
1374510 2186.8
1374520 2186.8
1374530 2174.6
1374540 2165.0
1374550 2165.0
1374560 2162.5
1374570 2170.2
1374580 2170.2
1374590 2170.7
1374600 2151.8
1374610 2151.8
1374620 2139.0
1374630 2127.0
1374640 2127.0
1374650 2116.2
1374660 2120.0
1374670 2115.4
1374680 2115.4
1374690 2112.8
1374700 2109.4
1374710 2109.4
1374720 2104.1
1374730 2105.5
1374740 2105.5
1374750 2101.4
1374760 2093.0
1374770 2093.0
1374780 2085.7
1374790 2082.9
1374800 2082.9
1374810 2075.7
1374820 2065.2
1374830 2065.2
1374840 2057.6
1374850 2051.7
1374860 2045.0
1374870 2045.0
1374880 2042.3
1374890 2041.1
1374900 2041.1
1374910 2039.1
1374920 2036.7
1374930 2036.7
1374940 2031.1
1374950 2025.3
1374960 2025.3
1374970 2024.8
1374980 2021.5
1374990 2021.5
1375000 2017.7
1375010 2016.1
1375020 2016.1
1375030 2010.5
1375040 2007.5
1375050 2006.6
1375060 2006.6
1375070 2005.2
1375080 2000.1
1375090 2000.1
1375100 1997.3
1375110 1997.0
1375120 1997.0
1375130 1993.6
1375140 1989.4
1375150 1989.4
1375160 1985.7
1375170 1981.7
1375180 1981.7
1375190 1977.4
1375200 1973.2
1375210 1973.2
1375220 1968.5
1375230 1964.0
1375240 1959.0
1375250 1959.0
1375260 1954.2
1375270 1950.7
1375280 1950.7
1375290 1948.6
1375300 1949.0
1375310 1949.0
1375320 1950.0
1375330 1950.6
1375340 1950.6
1375350 1951.6
1375360 1952.5
1375370 1952.5
1375380 1953.4
1375390 1953.5
1375400 1953.5
1375410 1953.9
1375420 1953.2
1375430 1952.6
1375440 1952.6
1375450 1952.9
1375460 1952.7
1375470 1952.7
1375480 1952.7
1375490 1953.9
1375500 1953.9
1375510 1955.4
1375520 1956.9
1375530 1956.9
1375540 1958.0
1375550 1959.5
1375560 1959.5
1375570 1961.2
1375580 1962.0
1375590 1962.0
1375600 1963.2
1375610 1965.4
1375620 1966.9
1375630 1966.9
1375640 1967.4
1375650 1967.8
1375660 1967.8
1375670 1968.6
1375680 1970.3
1375690 1970.3
1375700 1971.9
1375710 1973.5
1375720 1973.5
1375730 1975.4
1375740 1976.8
1375750 1976.8
1375760 1978.5
1375770 1979.9
1375780 1979.9
1375790 1981.0
1375800 1981.3
1375810 1986.0
1375820 1986.0
1375830 1992.4
1375840 1999.3
1375850 1999.3
1375860 2005.2
1375870 2012.2
1375880 2012.2
1375890 2019.2
1375900 2025.0
1375910 2025.0
1375920 2030.3
1375930 2035.9
1375940 2035.9
1375950 2042.9
1375960 2049.7
1375970 2049.7
1375980 2053.0
1375990 2055.3
1376000 2059.2
1376010 2059.2
1376020 2060.6
1376030 2061.5
1376040 2061.5
1376050 2063.4
1376060 2066.0
1376070 2066.0
1376080 2070.0
1376090 2076.1
1376100 2076.1
1376110 2081.9
1376120 2088.8
1376130 2088.8
1376140 2095.6
1376150 2102.1
1376160 2107.4
1376170 2106.7
1376180 2112.5
1376190 2117.7
1376200 2117.7
1376210 2124.3
1376220 2130.2
1376230 2130.2
1376240 2135.6
1376250 2140.2
1376260 2140.2
1376270 2144.1
1376280 2148.2
1376290 2148.2
1376300 2152.4
1376310 2156.4
1376320 2156.4
1376330 2161.7
1376340 2167.2
1376350 2172.2
1376360 2172.2
1376370 2176.8
1376380 2182.5
1376390 2182.5
1376400 2189.3
1376410 2196.5
1376420 2196.5
1376430 2203.5
1376440 2210.0
1376450 2210.0
1376460 2216.5
1376470 2222.5
1376480 2222.5
1376490 2228.3
1376500 2232.9
1376510 2232.9
1376520 2238.0
1376530 2244.0
1376540 2250.0
1376550 2250.0
1376560 2255.2
1376570 2259.7
1376580 2259.7
1376590 2264.2
1376600 2269.4
1376610 2269.4
1376620 2275.8
1376630 2281.6
1376640 2281.6
1376650 2286.3
1376660 2291.6
1376670 2291.6
1376680 2296.6
1376690 2300.2
1376700 2300.2
1376710 2303.5
1376720 2307.0
1376730 2310.3
1376740 2310.3
1376750 2314.1
1376760 2318.6
1376770 2318.6
1376780 2322.8
1376790 2326.8
1376800 2326.8
1376810 2328.3
1376820 2329.3
1376830 2329.3
1376840 2331.8
1376850 2335.7
1376860 2335.7
1376870 2340.9
1376880 2346.9
1376890 2346.9
1376900 2353.0
1376910 2359.9
1376920 2367.1
1376930 2367.1
1376940 2373.3
1376950 2378.6
1376960 2378.6
1376970 2381.6
1376980 2384.2
1376990 2384.2
1377000 2385.3
1377010 2385.8
1377020 2385.8
1377030 2387.1
1377040 2387.5
1377050 2387.5
1377060 2388.8
1377070 2391.3
1377080 2391.3
1377090 2394.4
1377100 2397.3
1377110 2400.2
1377120 2400.2
1377130 2402.5
1377140 2405.3
1377150 2405.3
1377160 2407.9
1377170 2411.1
1377180 2411.1
1377190 2413.7
1377200 2415.8
1377210 2415.8
1377220 2422.6
1377230 2428.5
1377240 2428.5
1377250 2432.8
1377260 2437.0
1377270 2437.0
1377280 2440.3
1377290 2442.5
1377300 2446.3
1377310 2446.3
1377320 2450.7
1377330 2456.0
1377340 2455.7
1377350 2461.8
1377360 2467.9
1377370 2467.9
1377380 2475.0
1377390 2482.1
1377400 2482.1
1377410 2489.3
1377420 2496.0
1377430 2496.0
1377440 2501.8
1377450 2506.1
1377460 2506.1
1377470 2511.0
1377480 2515.9
1377490 2520.4
1377500 2520.4
1377510 2523.6
1377520 2525.4
1377530 2525.4
1377540 2527.3
1377550 2530.5
1377560 2530.5
1377570 2533.1
1377580 2534.7
1377590 2534.7
1377600 2539.3
1377610 2546.1
1377620 2546.1
1377630 2552.1
1377640 2557.9
1377650 2557.9
1377660 2563.5
1377670 2568.3
1377680 2572.4
1377690 2572.4
1377700 2578.0
1377710 2584.5
1377720 2584.5
1377730 2590.3
1377740 2594.2
1377750 2594.2
1377760 2598.3
1377770 2601.9
1377780 2601.9
1377790 2606.6
1377800 2612.0
1377810 2612.0
1377820 2617.6
1377830 2623.1
1377840 2623.1
1377850 2628.1
1377860 2632.1
1377870 2636.1
1377880 2636.1
1377890 2640.6
1377900 2646.9
1377910 2646.9
1377920 2653.6
1377930 2660.6
1377940 2660.6
1377950 2667.2
1377960 2673.6
1377970 2673.6
1377980 2682.1
1377990 2688.0
1378000 2688.0
1378010 2692.7
1378020 2699.2
1378030 2699.2
1378040 2704.0
1378050 2708.2
1378060 2709.5
1378070 2709.5
1378080 2708.5
1378090 2708.3
1378100 2708.3
1378110 2708.8
1378120 2709.7
1378130 2709.7
1378140 2712.9
1378150 2716.5
1378160 2716.5
1378170 2715.9
1378180 2714.2
1378190 2714.2
1378200 2718.8
1378210 2724.7
1378220 2724.7
1378230 2724.3
1378240 2728.1
1378250 2730.3
1378260 2730.3
1378270 2731.6
1378280 2736.5
1378290 2736.5
1378300 2738.7
1378310 2740.8
1378320 2740.8
1378330 2746.6
1378340 2748.6
1378350 2748.6
1378360 2747.7
1378370 2748.5
1378380 2748.5
1378390 2751.1
1378400 2752.9
1378410 2754.6
1378420 2754.6
1378430 2754.9
1378440 2752.0
1378450 2752.0
1378460 2747.6
1378470 2742.9
1378480 2742.9
1378490 2740.2
1378500 2737.2
1378510 2737.2
1378520 2734.5
1378530 2736.8
1378540 2736.8
1378550 2737.5
1378560 2740.1
1378570 2740.1
1378580 2740.4
1378590 2740.6
1378600 2740.0
1378610 2740.0
1378620 2741.1
1378630 2742.4
1378640 2742.4
1378650 2743.4
1378660 2744.1
1378670 2744.1
1378680 2744.5
1378690 2744.2
1378700 2744.2
1378710 2744.1
1378720 2744.5
1378730 2744.5
1378740 2744.8
1378750 2745.2
1378760 2745.2
1378770 2746.6
1378780 2747.2
1378790 2748.8
1378800 2748.8
1378810 2749.5
1378820 2750.4
1378830 2750.4
1378840 2747.7
1378850 2738.2
1378860 2738.2
1378870 2733.6
1378880 2732.3
1378890 2732.3
1378900 2730.4
1378910 2727.6
1378920 2727.6
1378930 2723.1
1378940 2712.9
1378950 2712.9
1378960 2711.4
1378970 2710.7
1378980 2708.5
1378990 2708.5
1379000 2704.9
1379010 2702.4
1379020 2702.4
1379030 2699.7
1379040 2697.3
1379050 2697.3
1379060 2695.7
1379070 2696.6
1379080 2696.6
1379090 2696.9
1379100 2697.7
1379110 2697.7
1379120 2696.6
1379130 2694.2
1379140 2694.2
1379150 2690.4
1379160 2686.4
1379170 2683.3
1379180 2683.3
1379190 2682.0
1379200 2684.6
1379210 2684.6
1379220 2688.8
1379230 2689.5
1379240 2689.5
1379250 2686.0
1379260 2683.3
1379270 2683.3
1379280 2680.3
1379290 2676.4
1379300 2676.4
1379310 2672.7
1379320 2670.3
1379330 2670.3
1379340 2670.0
1379350 2668.7
1379360 2671.9
1379370 2671.9
1379380 2675.1
1379390 2679.3
1379400 2679.3
1379410 2683.3
1379420 2686.1
1379430 2686.1
1379440 2685.9
1379450 2679.4
1379460 2679.4
1379470 2670.7
1379480 2662.9
1379490 2662.9
1379500 2652.1
1379510 2643.0
1379520 2643.0
1379530 2635.7
1379540 2629.0
1379550 2622.8
1379560 2622.8
1379570 2616.1
1379580 2610.4
1379590 2610.4
1379600 2601.7
1379610 2589.0
1379620 2589.0
1379630 2575.7
1379640 2563.4
1379650 2563.4
1379660 2549.7
1379670 2536.8
1379680 2536.8
1379690 2523.9
1379700 2516.1
1379710 2516.1
1379720 2509.4
1379730 2504.2
1379740 2498.9
1379750 2498.9
1379760 2494.0
1379770 2490.8
1379780 2490.8
1379790 2489.5
1379800 2489.2
1379810 2489.2
1379820 2487.7
1379830 2483.1
1379840 2483.1
1379850 2476.0
1379860 2468.5
1379870 2468.5
1379880 2462.4
1379890 2456.8
1379900 2456.8
1379910 2452.2
1379920 2447.4
1379930 2443.1
1379940 2443.1
1379950 2439.0
1379960 2431.9
1379970 2431.9
1379980 2423.9
1379990 2417.7
