1360000 2410.2
1360010 2410.2
1360020 2410.2
1360030 2409.0
1360040 2406.9
1360050 2406.9
1360060 2404.1
1360070 2401.5
1360080 2401.5
1360090 2400.4
1360100 2399.5
1360110 2399.5
1360120 2398.1
1360130 2396.7
1360140 2396.7
1360150 2395.2
1360160 2393.1
1360170 2393.1
1360180 2390.8
1360190 2388.6
1360200 2385.8
1360210 2385.8
1360220 2383.5
1360230 2380.0
1360240 2380.0
1360250 2377.4
1360260 2376.0
1360270 2376.0
1360280 2375.0
1360290 2371.9
1360300 2371.9
1360310 2367.7
1360320 2364.4
1360330 2364.4
1360340 2361.9
1360350 2361.4
1360360 2361.4
1360370 2362.0
1360380 2360.3
1360390 2357.1
1360400 2357.1
1360410 2354.0
1360420 2351.9
1360430 2351.9
1360440 2349.7
1360450 2347.1
1360460 2347.1
1360470 2344.7
1360480 2343.5
1360490 2343.5
1360500 2342.9
1360510 2342.6
1360520 2342.6
1360530 2344.6
1360540 2343.9
1360550 2343.9
1360560 2341.5
1360570 2337.9
1360580 2335.3
1360590 2335.3
1360600 2335.8
1360610 2336.7
1360620 2336.7
1360630 2336.3
1360640 2336.0
1360650 2336.0
1360660 2337.5
1360670 2338.3
1360680 2338.3
1360690 2337.6
1360700 2335.5
1360710 2335.5
1360720 2332.3
1360730 2328.2
1360740 2328.2
1360750 2323.6
1360760 2318.9
1360770 2314.7
1360780 2314.7
1360790 2311.7
1360800 2310.0
1360810 2310.0
1360820 2309.3
1360830 2312.4
1360840 2312.4
1360850 2317.4
1360860 2322.2
1360870 2322.2
1360880 2323.2
1360890 2321.9
1360900 2321.9
1360910 2322.2
1360920 2323.4
1360930 2323.4
1360940 2325.4
1360950 2326.8
1360960 2331.0
1360970 2331.0
1360980 2336.6
1360990 2340.7
1361000 2340.7
1361010 2342.3
1361020 2343.3
1361030 2343.3
1361040 2344.6
1361050 2346.2
1361060 2346.2
1361070 2348.4
1361080 2351.0
1361090 2351.0
1361100 2354.1
1361110 2357.0
1361120 2357.0
1361130 2360.4
1361140 2364.4
1361150 2368.7
1361160 2368.7
1361170 2373.1
1361180 2377.1
1361190 2377.1
1361200 2381.4
1361210 2386.2
1361220 2386.2
1361230 2390.9
1361240 2394.8
1361250 2394.8
1361260 2398.4
1361270 2402.9
1361280 2402.9
1361290 2408.2
1361300 2413.9
1361310 2420.1
1361320 2420.1
1361330 2426.4
1361340 2432.7
1361350 2432.7
1361360 2438.7
1361370 2444.2
1361380 2444.2
1361390 2448.7
1361400 2452.6
1361410 2452.6
1361420 2456.6
1361430 2460.8
1361440 2460.8
1361450 2466.4
1361460 2472.3
1361470 2472.3
1361480 2478.1
1361490 2484.1
1361500 2490.1
1361510 2490.1
1361520 2496.0
1361530 2501.3
1361540 2501.3
1361550 2503.2
1361560 2509.5
1361570 2509.5
1361580 2516.1
1361590 2522.9
1361600 2522.9
1361610 2530.2
1361620 2539.4
1361630 2539.4
1361640 2547.8
1361650 2553.2
1361660 2553.2
1361670 2560.3
1361680 2569.8
1361690 2580.5
1361700 2580.5
1361710 2594.4
1361720 2608.0
1361730 2608.0
1361740 2618.9
1361750 2624.9
1361760 2624.9
1361770 2626.6
1361780 2631.0
1361790 2631.0
1361800 2638.6
1361810 2645.8
1361820 2645.8
1361830 2654.2
1361840 2664.1
1361850 2664.1
1361860 2673.0
1361870 2683.0
1361880 2692.8
1361890 2692.8
1361900 2702.4
1361910 2711.0
1361920 2711.0
1361930 2719.0
1361940 2724.6
1361950 2724.6
1361960 2730.1
1361970 2735.4
1361980 2735.4
1361990 2742.5
1362000 2751.3
1362010 2751.3
1362020 2760.5
1362030 2768.6
1362040 2768.6
1362050 2771.7
1362060 2775.0
1362070 2782.8
1362080 2782.8
1362090 2793.1
1362100 2800.0
1362110 2800.0
1362120 2799.0
1362130 2791.9
1362140 2791.9
1362150 2781.3
1362160 2770.4
1362170 2770.4
1362180 2760.5
1362190 2751.5
1362200 2751.5
1362210 2743.4
1362220 2736.9
1362230 2736.9
1362240 2729.0
1362250 2719.0
1362260 2712.0
1362270 2712.0
1362280 2710.4
1362290 2703.2
1362300 2703.2
1362310 2693.7
1362320 2682.3
1362330 2682.3
1362340 2676.4
1362350 2683.5
1362360 2683.5
1362370 2683.7
1362380 2674.1
1362390 2674.1
1362400 2668.2
1362410 2659.5
1362420 2659.5
1362430 2645.8
1362440 2629.6
1362450 2613.1
1362460 2613.1
1362470 2600.5
1362480 2590.5
1362490 2590.5
1362500 2584.3
1362510 2580.0
1362520 2580.0
1362530 2574.9
1362540 2570.9
1362550 2570.9
1362560 2566.3
1362570 2562.8
1362580 2553.9
1362590 2550.1
1362600 2549.2
1362610 2549.2
1362620 2550.2
1362630 2547.8
1362640 2544.5
1362650 2544.5
1362660 2542.6
1362670 2539.2
1362680 2539.2
1362690 2536.9
1362700 2536.5
1362710 2536.5
1362720 2536.0
1362730 2538.4
1362740 2538.4
1362750 2538.2
1362760 2541.8
1362770 2541.8
1362780 2546.4
1362790 2546.5
1362800 2546.5
1362810 2548.9
1362820 2552.3
1362830 2561.9
1362840 2561.9
1362850 2560.0
1362860 2566.9
1362870 2566.9
1362880 2563.4
1362890 2553.4
1362900 2553.4
1362910 2548.1
1362920 2548.2
1362930 2548.2
1362940 2544.3
1362950 2542.6
1362960 2542.6
1362970 2550.8
1362980 2555.3
1362990 2555.3
1363000 2555.9
1363010 2557.0
1363020 2549.4
1363030 2549.4
1363040 2535.4
1363050 2533.2
1363060 2533.2
1363070 2536.9
1363080 2540.1
1363090 2540.1
1363100 2537.6
1363110 2541.5
1363120 2541.5
1363130 2549.7
1363140 2553.8
1363150 2553.8
1363160 2554.4
1363170 2561.0
1363180 2561.0
1363190 2566.0
1363200 2564.6
1363210 2563.7
1363220 2563.7
1363230 2562.5
1363240 2565.4
1363250 2565.4
1363260 2563.0
1363270 2553.2
1363280 2553.2
1363290 2545.7
1363300 2543.1
1363310 2543.1
1363320 2531.6
1363330 2520.9
1363340 2520.9
1363350 2520.4
1363360 2514.0
1363370 2514.0
1363380 2514.3
1363390 2516.0
1363400 2514.8
1363410 2514.8
1363420 2511.9
1363430 2510.8
1363440 2510.8
1363450 2512.2
1363460 2511.1
1363470 2511.1
1363480 2506.2
1363490 2501.9
1363500 2501.9
1363510 2491.8
1363520 2481.1
1363530 2481.1
1363540 2475.9
1363550 2472.5
1363560 2472.5
1363570 2462.7
1363580 2454.2
1363590 2449.1
1363600 2449.1
1363610 2444.2
1363620 2434.8
1363630 2434.8
1363640 2431.4
1363650 2428.8
1363660 2428.8
1363670 2426.3
1363680 2425.1
1363690 2425.1
1363700 2425.0
1363710 2421.3
1363720 2421.3
1363730 2413.3
1363740 2404.6
1363750 2404.6
1363760 2393.4
1363770 2379.6
1363780 2368.5
1363790 2368.5
1363800 2361.9
1363810 2355.8
1363820 2355.8
1363830 2350.2
1363840 2348.5
1363850 2348.5
1363860 2348.0
1363870 2346.4
1363880 2346.4
1363890 2343.6
1363900 2340.4
1363910 2340.4
1363920 2337.3
1363930 2334.4
1363940 2334.4
1363950 2331.2
1363960 2328.9
1363970 2326.4
1363980 2326.4
1363990 2324.1
1364000 2323.7
1364010 2323.7
1364020 2325.1
1364030 2326.9
1364040 2326.9
1364050 2327.6
1364060 2327.4
1364070 2327.4
1364080 2326.4
1364090 2325.3
1364100 2325.3
1364110 2323.9
1364120 2321.3
1364130 2321.3
1364140 2319.3
1364150 2319.3
1364160 2318.0
1364170 2318.0
1364180 2314.3
1364190 2310.5
1364200 2310.5
1364210 2306.8
1364220 2302.2
1364230 2302.2
1364240 2299.7
1364250 2297.0
1364260 2297.0
1364270 2297.3
1364280 2299.7
1364290 2299.7
1364300 2299.9
1364310 2298.2
1364320 2296.4
1364330 2296.4
1364340 2293.4
1364350 2289.0
1364360 2289.0
1364370 2285.4
1364380 2282.4
1364390 2282.4
1364400 2279.2
1364410 2277.7
1364420 2277.7
1364430 2278.6
1364440 2278.0
1364450 2278.0
1364460 2274.4
1364470 2269.8
1364480 2269.8
1364490 2265.1
1364500 2261.3
1364510 2259.5
1364520 2259.5
1364530 2258.3
1364540 2254.7
1364550 2254.7
1364560 2250.7
1364570 2245.9
1364580 2245.9
1364590 2242.6
1364600 2239.9
1364610 2239.9
1364620 2235.6
1364630 2230.4
1364640 2230.4
1364650 2226.8
1364660 2222.9
1364670 2223.0
1364680 2219.3
1364690 2215.1
1364700 2212.2
1364710 2212.2
1364720 2208.0
1364730 2204.6
1364740 2204.6
1364750 2202.7
1364760 2200.8
1364770 2200.8
1364780 2201.2
1364790 2203.4
1364800 2203.4
1364810 2202.9
1364820 2204.2
1364830 2204.2
1364840 2205.8
1364850 2206.8
1364860 2206.8
1364870 2207.5
1364880 2208.3
1364890 2210.2
1364900 2210.2
1364910 2212.4
1364920 2216.1
1364930 2216.1
1364940 2220.5
1364950 2223.5
1364960 2223.5
1364970 2225.6
1364980 2228.3
1364990 2228.3
1365000 2231.6
1365010 2232.7
1365020 2232.7
1365030 2233.1
1365040 2235.5
1365050 2235.5
1365060 2239.6
1365070 2244.2
1365080 2249.1
1365090 2249.1
1365100 2252.8
1365110 2256.8
1365120 2256.8
1365130 2264.5
1365140 2272.4
1365150 2272.4
1365160 2276.2
1365170 2282.0
1365180 2282.0
1365190 2290.7
1365200 2297.5
1365210 2297.5
1365220 2304.5
1365230 2313.0
1365240 2313.0
1365250 2320.2
1365260 2326.7
1365270 2330.2
1365280 2330.2
1365290 2335.4
1365300 2341.5
1365310 2341.5
1365320 2347.9
1365330 2353.9
1365340 2353.9
1365350 2358.3
1365360 2361.8
1365370 2361.8
1365380 2365.9
1365390 2371.8
1365400 2371.8
1365410 2376.8
1365420 2379.7
1365430 2379.7
1365440 2381.9
1365450 2384.5
1365460 2386.2
1365470 2386.2
1365480 2385.0
1365490 2382.1
1365500 2382.1
1365510 2378.8
1365520 2375.9
1365530 2375.9
1365540 2375.2
1365550 2375.4
1365560 2375.4
1365570 2376.1
1365580 2377.1
1365590 2377.1
1365600 2376.7
1365610 2376.9
1365620 2376.9
1365630 2376.5
1365640 2374.9
1365650 2375.3
1365660 2375.3
1365670 2377.5
1365680 2379.6
1365690 2379.6
1365700 2380.7
1365710 2382.0
1365720 2382.0
1365730 2385.1
1365740 2385.9
1365750 2385.9
1365760 2387.0
1365770 2388.7
1365780 2388.7
1365790 2390.9
1365800 2396.4
1365810 2396.4
1365820 2402.9
1365830 2406.3
1365840 2409.1
1365850 2409.1
1365860 2412.1
1365870 2415.0
1365880 2415.0
1365890 2417.9
1365900 2421.0
1365910 2421.0
1365920 2423.0
1365930 2424.9
1365940 2424.9
1365950 2427.7
1365960 2430.6
1365970 2430.6
1365980 2432.8
1365990 2435.7
1366000 2435.7
1366010 2439.2
1366020 2442.3
1366030 2445.1
1366040 2445.1
1366050 2447.8
1366060 2450.0
1366070 2450.0
1366080 2452.6
1366090 2454.6
1366100 2454.6
1366110 2457.2
1366120 2460.9
1366130 2460.9
1366140 2465.1
1366150 2470.2
1366160 2470.2
1366170 2475.6
1366180 2481.0
1366190 2481.0
1366200 2486.8
1366210 2493.3
1366220 2498.6
1366230 2498.6
1366240 2499.6
1366250 2500.0
1366260 2500.0
1366270 2501.6
1366280 2503.8
1366290 2503.8
1366300 2506.5
1366310 2509.2
1366320 2509.2
1366330 2511.9
1366340 2516.0
1366350 2516.0
1366360 2520.9
1366370 2526.5
1366380 2526.5
1366390 2532.3
1366400 2538.1
1366410 2542.7
1366420 2542.7
1366430 2547.2
1366440 2552.0
1366450 2552.0
1366460 2558.0
1366470 2564.0
1366480 2564.0
1366490 2570.7
1366500 2577.9
1366510 2577.9
1366520 2585.2
1366530 2592.5
1366540 2592.5
1366550 2599.2
1366560 2606.1
1366570 2606.1
1366580 2613.8
1366590 2621.4
1366600 2629.1
1366610 2629.1
1366620 2635.1
1366630 2638.5
1366640 2638.5
1366650 2642.9
1366660 2648.6
1366670 2648.6
1366680 2653.1
1366690 2657.7
1366700 2657.7
1366710 2662.9
1366720 2667.2
1366730 2667.2
1366740 2669.7
1366750 2666.2
1366760 2666.2
1366770 2662.7
1366780 2657.9
1366790 2652.8
1366800 2653.2
1366810 2646.7
1366820 2639.4
1366830 2639.4
1366840 2631.5
1366850 2623.2
1366860 2623.2
1366870 2613.7
1366880 2604.9
1366890 2604.9
1366900 2597.0
1366910 2590.1
1366920 2590.1
1366930 2583.7
1366940 2577.7
1366950 2577.7
1366960 2571.9
1366970 2566.1
1366980 2560.7
1366990 2560.7
1367000 2555.6
1367010 2550.5
1367020 2550.5
1367030 2545.6
1367040 2541.1
1367050 2541.1
1367060 2537.5
1367070 2535.0
1367080 2535.0
1367090 2533.3
1367100 2533.7
1367110 2533.7
1367120 2534.4
1367130 2530.4
1367140 2525.4
1367150 2525.4
1367160 2521.2
1367170 2516.1
1367180 2516.1
1367190 2508.3
1367200 2500.9
1367210 2500.9
1367220 2494.2
1367230 2488.8
1367240 2488.8
1367250 2484.3
1367260 2480.6
1367270 2480.6
1367280 2477.6
1367290 2474.1
1367300 2474.1
1367310 2470.7
1367320 2467.4
1367330 2464.3
1367340 2464.3
1367350 2461.3
1367360 2458.5
1367370 2458.5
1367380 2457.7
1367390 2457.2
1367400 2457.2
1367410 2455.4
1367420 2452.3
1367430 2452.3
1367440 2448.6
1367450 2445.9
1367460 2445.9
1367470 2444.3
1367480 2443.4
1367490 2443.4
1367500 2443.8
1367510 2442.4
1367520 2438.4
1367530 2438.4
1367540 2433.3
1367550 2429.1
1367560 2429.1
1367570 2425.5
1367580 2422.3
1367590 2422.3
1367600 2419.9
1367610 2418.0
1367620 2418.0
1367630 2415.9
1367640 2413.1
1367650 2413.1
1367660 2409.3
1367670 2405.1
1367680 2405.1
1367690 2401.6
1367700 2397.3
1367710 2391.6
1367720 2391.6
1367730 2385.4
1367740 2379.8
1367750 2379.8
1367760 2375.1
1367770 2370.9
1367780 2370.9
1367790 2367.0
1367800 2362.3
1367810 2362.3
1367820 2355.6
1367830 2349.2
1367840 2349.2
1367850 2343.7
1367860 2339.6
1367870 2339.6
1367880 2335.8
1367890 2334.3
1367900 2331.1
1367910 2331.1
1367920 2326.9
1367930 2322.1
1367940 2322.1
1367950 2316.9
1367960 2311.8
1367970 2311.8
1367980 2307.4
1367990 2303.5
1368000 2303.5
1368010 2300.1
1368020 2296.3
1368030 2296.3
1368040 2292.1
1368050 2288.1
1368060 2288.1
1368070 2284.3
1368080 2280.5
1368090 2276.0
1368100 2276.0
1368110 2271.6
1368120 2267.7
1368130 2267.7
1368140 2263.6
1368150 2259.1
1368160 2259.1
1368170 2254.1
1368180 2248.0
1368190 2248.0
1368200 2242.0
1368210 2236.3
1368220 2236.3
1368230 2230.8
1368240 2226.0
1368250 2226.0
1368260 2220.5
1368270 2215.5
1368280 2211.2
1368290 2211.2
1368300 2205.5
1368310 2198.8
1368320 2198.8
1368330 2192.8
1368340 2187.5
1368350 2187.5
1368360 2182.7
1368370 2178.2
1368380 2178.2
1368390 2173.6
1368400 2167.7
1368410 2167.7
1368420 2161.1
1368430 2155.5
1368440 2155.5
1368450 2149.8
1368460 2143.1
1368470 2135.8
1368480 2135.8
1368490 2128.7
1368500 2122.2
1368510 2122.2
1368520 2115.5
1368530 2109.2
1368540 2109.2
1368550 2102.5
1368560 2095.1
1368570 2095.1
1368580 2088.3
1368590 2081.8
1368600 2081.8
1368610 2074.4
1368620 2065.8
1368630 2065.8
1368640 2057.8
1368650 2049.5
1368660 2040.7
1368670 2040.7
1368680 2030.7
1368690 2021.5
1368700 2021.5
1368710 2013.3
1368720 2006.5
1368730 2006.5
1368740 2000.2
1368750 1993.4
1368760 1993.4
1368770 1986.3
1368780 1979.3
1368790 1979.3
1368800 1971.2
1368810 1960.8
1368820 1960.8
1368830 1949.8
1368840 1944.0
1368850 1945.4
1368860 1945.4
1368870 1948.4
1368880 1951.0
1368890 1951.0
1368900 1952.3
1368910 1953.8
1368920 1953.8
1368930 1956.8
1368940 1961.3
1368950 1961.3
1368960 1966.9
1368970 1975.6
1368980 1975.6
1368990 1984.5
1369000 1993.5
1369010 1993.5
1369020 2001.4
1369030 2007.9
1369040 2015.9
1369050 2015.9
1369060 2021.0
1369070 2023.8
1369080 2023.8
1369090 2025.5
1369100 2023.9
1369110 2023.9
1369120 2022.5
1369130 2021.2
1369140 2021.2
1369150 2019.1
1369160 2017.3
1369170 2017.3
1369180 2016.8
1369190 2017.3
1369200 2017.3
1369210 2016.4
1369220 2015.4
1369230 2014.6
1369240 2014.6
1369250 2013.1
1369260 2010.7
1369270 2010.7
1369280 2009.3
1369290 2007.7
1369300 2007.7
1369310 2000.8
1369320 1994.5
1369330 1994.5
1369340 1991.8
1369350 1993.2
1369360 1993.2
1369370 1998.0
1369380 1999.1
1369390 1999.1
1369400 2002.3
1369410 2006.4
1369420 2010.7
1369430 2010.7
1369440 2015.2
1369450 2019.7
1369460 2019.7
1369470 2025.0
1369480 2029.9
1369490 2029.9
1369500 2034.4
1369510 2038.1
1369520 2038.1
1369530 2041.1
1369540 2043.7
1369550 2043.7
1369560 2048.4
1369570 2054.6
1369580 2054.6
1369590 2061.1
1369600 2066.9
1369610 2069.9
1369620 2069.9
1369630 2073.1
1369640 2073.7
1369650 2073.7
1369660 2074.2
1369670 2076.8
1369680 2076.8
1369690 2082.2
1369700 2088.3
1369710 2088.3
1369720 2093.1
1369730 2097.4
1369740 2097.4
1369750 2101.9
1369760 2105.2
1369770 2105.2
1369780 2108.6
1369790 2112.3
1369800 2116.5
1369810 2116.5
1369820 2120.4
1369830 2124.7
1369840 2124.7
1369850 2129.3
1369860 2134.5
1369870 2134.5
1369880 2140.1
1369890 2145.1
1369900 2145.1
1369910 2148.8
1369920 2150.0
1369930 2150.0
1369940 2148.4
1369950 2148.2
1369960 2150.9
1369970 2150.9
1369980 2158.1
1369990 2166.5
1370000 2166.5
1370010 2175.4
1370020 2184.1
1370030 2184.1
1370040 2192.2
1370050 2198.8
1370060 2194.9
1370070 2199.5
1370080 2203.1
1370090 2203.1
1370100 2206.8
1370110 2210.3
1370120 2210.3
1370130 2213.7
1370140 2217.2
1370150 2220.6
1370160 2220.6
1370170 2223.9
1370180 2227.7
1370190 2227.7
1370200 2231.7
1370210 2235.5
1370220 2235.5
1370230 2239.3
1370240 2244.0
1370250 2244.0
1370260 2250.0
1370270 2255.7
1370280 2255.7
1370290 2260.0
1370300 2263.5
1370310 2263.5
1370320 2267.0
1370330 2270.8
1370340 2274.9
1370350 2274.9
1370360 2279.1
1370370 2282.0
1370380 2282.0
1370390 2284.8
1370400 2288.7
1370410 2288.7
1370420 2291.8
1370430 2292.9
1370440 2292.9
1370450 2293.4
1370460 2294.4
1370470 2294.4
1370480 2299.5
1370490 2306.7
1370500 2306.7
1370510 2312.0
1370520 2316.9
1370530 2322.4
1370540 2322.4
1370550 2328.5
1370560 2333.2
1370570 2333.2
1370580 2336.5
1370590 2341.5
1370600 2341.5
1370610 2345.1
1370620 2348.3
1370630 2348.3
1370640 2350.9
1370650 2353.9
1370660 2353.9
1370670 2358.5
1370680 2362.4
1370690 2362.4
1370700 2366.2
1370710 2369.2
1370720 2371.5
1370730 2371.5
1370740 2374.2
1370750 2378.0
1370760 2378.0
1370770 2381.9
1370780 2384.3
1370790 2384.3
1370800 2386.1
1370810 2388.3
1370820 2388.3
1370830 2391.0
1370840 2393.9
1370850 2393.9
1370860 2396.7
1370870 2399.6
1370880 2399.6
1370890 2402.9
1370900 2406.4
1370910 2409.3
1370920 2409.3
1370930 2412.0
1370940 2413.9
1370950 2413.9
1370960 2415.7
1370970 2417.8
1370980 2417.8
1370990 2420.2
1371000 2422.0
1371010 2422.0
1371020 2424.6
1371030 2427.4
1371040 2427.4
1371050 2429.8
1371060 2432.2
1371070 2432.2
1371080 2434.2
1371090 2436.2
1371100 2437.7
1371110 2437.7
1371120 2438.6
1371130 2439.0
1371140 2439.0
1371150 2439.6
1371160 2440.3
1371170 2440.0
1371180 2441.1
1371190 2442.6
1371200 2442.6
1371210 2443.9
1371220 2445.1
1371230 2445.1
1371240 2446.2
1371250 2447.2
1371260 2447.2
1371270 2448.4
1371280 2449.7
1371290 2451.0
1371300 2451.0
1371310 2452.5
1371320 2454.1
1371330 2454.1
1371340 2456.4
1371350 2459.1
1371360 2459.1
1371370 2461.9
1371380 2463.8
1371390 2463.8
1371400 2465.6
1371410 2467.9
1371420 2467.9
1371430 2470.5
1371440 2472.8
1371450 2472.8
1371460 2475.5
1371470 2479.5
1371480 2483.4
1371490 2483.4
1371500 2487.0
1371510 2489.8
1371520 2489.8
1371530 2490.8
1371540 2492.5
1371550 2492.5
1371560 2494.5
1371570 2497.6
1371580 2497.6
1371590 2502.5
1371600 2506.5
1371610 2506.5
1371620 2501.7
1371630 2493.9
1371640 2493.9
1371650 2487.9
1371660 2481.7
1371670 2477.3
1371680 2477.3
1371690 2473.3
1371700 2469.5
1371710 2469.5
1371720 2466.1
1371730 2461.8
1371740 2461.8
1371750 2457.4
1371760 2453.9
1371770 2453.9
1371780 2451.1
1371790 2447.3
1371800 2447.3
1371810 2442.8
1371820 2438.3
1371830 2438.3
1371840 2433.2
1371850 2428.2
1371860 2424.6
1371870 2424.6
1371880 2420.5
1371890 2415.5
1371900 2415.5
1371910 2411.7
1371920 2408.2
1371930 2408.2
1371940 2404.7
1371950 2401.5
1371960 2401.5
1371970 2397.6
1371980 2393.1
1371990 2393.1
1372000 2389.0
1372010 2385.2
1372020 2385.2
1372030 2380.9
1372040 2376.5
1372050 2372.3
1372060 2372.3
1372070 2368.1
1372080 2364.3
1372090 2364.3
1372100 2361.0
1372110 2358.3
1372120 2358.3
1372130 2354.8
1372140 2351.2
1372150 2351.2
1372160 2348.1
1372170 2346.4
1372180 2346.4
1372190 2345.6
1372200 2344.9
1372210 2344.9
1372220 2344.0
1372230 2342.4
1372240 2339.9
1372250 2339.9
1372260 2337.7
1372270 2335.6
1372280 2335.6
1372290 2332.9
1372300 2329.7
1372310 2329.7
1372320 2327.7
1372330 2326.4
1372340 2326.4
1372350 2325.2
1372360 2323.0
1372370 2323.0
1372380 2318.7
1372390 2313.4
1372400 2313.4
1372410 2309.6
1372420 2305.2
1372430 2300.6
1372440 2300.6
1372450 2296.6
1372460 2292.9
1372470 2292.9
1372480 2290.3
1372490 2288.0
1372500 2288.0
1372510 2284.4
1372520 2278.1
1372530 2278.1
1372540 2271.0
1372550 2264.7
1372560 2264.7
1372570 2259.6
1372580 2254.6
1372590 2254.6
1372600 2249.8
1372610 2244.8
1372620 2239.8
1372630 2239.8
1372640 2234.9
1372650 2230.4
1372660 2230.4
1372670 2226.1
1372680 2221.9
1372690 2221.9
1372700 2217.8
1372710 2213.9
1372720 2213.9
1372730 2210.0
1372740 2206.4
1372750 2206.4
1372760 2202.9
1372770 2199.3
1372780 2195.8
1372790 2195.8
1372800 2192.2
1372810 2188.9
1372820 2188.9
1372830 2185.7
1372840 2182.7
1372850 2182.7
1372860 2180.4
1372870 2177.8
1372880 2177.8
1372890 2173.5
1372900 2169.3
1372910 2169.3
1372920 2166.5
1372930 2164.6
1372940 2164.6
1372950 2163.1
1372960 2160.9
1372970 2161.3
1372980 2161.3
1372990 2159.8
1373000 2157.4
1373010 2157.4
1373020 2155.0
1373030 2153.2
1373040 2153.2
1373050 2153.4
1373060 2154.9
1373070 2154.9
1373080 2155.6
1373090 2156.0
1373100 2156.0
1373110 2157.1
1373120 2158.3
1373130 2158.3
1373140 2159.4
1373150 2160.2
1373160 2160.5
1373170 2160.5
1373180 2159.6
1373190 2159.6
1373200 2159.6
1373210 2160.4
1373220 2160.8
1373230 2160.8
1373240 2160.6
1373250 2163.1
1373260 2163.1
1373270 2166.2
1373280 2170.2
1373290 2170.2
1373300 2170.2
1373310 2167.4
1373320 2167.4
1373330 2164.2
1373340 2164.3
1373350 2163.3
1373360 2163.3
1373370 2160.2
1373380 2159.4
1373390 2159.4
1373400 2160.7
1373410 2161.1
1373420 2164.9
1373430 2161.8
1373440 2157.4
1373450 2157.4
1373460 2153.0
1373470 2147.2
1373480 2147.2
1373490 2139.8
1373500 2132.4
1373510 2132.4
1373520 2126.0
1373530 2122.8
1373540 2121.0
1373550 2121.0
1373560 2119.7
1373570 2119.3
1373580 2119.3
1373590 2117.8
1373600 2114.0
1373610 2114.0
1373620 2113.1
1373630 2116.7
1373640 2116.7
1373650 2120.2
1373660 2119.7
1373670 2119.7
1373680 2120.0
1373690 2117.0
1373700 2117.0
1373710 2107.6
1373720 2092.4
1373730 2082.2
1373740 2082.2
1373750 2086.6
1373760 2094.5
1373770 2094.5
1373780 2097.6
1373790 2095.3
1373800 2095.3
1373810 2094.2
1373820 2093.2
1373830 2093.2
1373840 2093.9
1373850 2096.2
1373860 2096.2
1373870 2100.7
1373880 2112.3
1373890 2112.3
1373900 2124.3
1373910 2121.3
1373920 2130.8
1373930 2130.8
1373940 2137.9
1373950 2138.6
1373960 2138.6
1373970 2139.2
1373980 2148.2
1373990 2148.2
1374000 2147.2
1374010 2141.5
1374020 2141.5
1374030 2140.6
1374040 2140.5
1374050 2140.5
1374060 2144.6
1374070 2142.5
1374080 2142.5
1374090 2135.3
1374100 2126.5
1374110 2124.1
1374120 2124.1
1374130 2119.2
1374140 2112.3
1374150 2112.3
1374160 2103.7
1374170 2092.8
1374180 2092.8
1374190 2084.0
1374200 2078.1
1374210 2078.1
1374220 2072.3
1374230 2069.2
1374240 2069.2
1374250 2067.5
1374260 2062.0
1374270 2062.0
1374280 2055.5
1374290 2047.6
1374300 2038.7
1374310 2038.7
1374320 2033.2
1374330 2031.6
1374340 2031.6
1374350 2021.5
1374360 2009.3
1374370 2009.3
1374380 2000.0
1374390 1992.6
1374400 1992.6
1374410 1987.7
1374420 1981.0
1374430 1981.0
1374440 1970.0
1374450 1962.8
1374460 1962.8
1374470 1955.4
1374480 1951.5
1374490 1948.2
1374500 1948.2
1374510 1943.7
1374520 1941.0
1374530 1941.0
1374540 1939.2
1374550 1938.0
1374560 1944.4
1374570 1943.4
1374580 1942.3
1374590 1942.3
1374600 1940.5
1374610 1937.8
1374620 1937.8
1374630 1937.7
1374640 1938.6
1374650 1938.6
1374660 1937.7
1374670 1937.4
1374680 1936.4
1374690 1936.4
1374700 1934.5
1374710 1932.6
1374720 1932.6
1374730 1930.6
1374740 1928.8
1374750 1928.8
1374760 1927.3
1374770 1926.5
1374780 1926.5
1374790 1926.2
1374800 1925.3
1374810 1925.3
1374820 1923.3
1374830 1921.5
1374840 1921.5
1374850 1918.7
1374860 1915.4
1374870 1912.3
1374880 1912.3
1374890 1909.6
1374900 1906.8
1374910 1906.8
1374920 1904.3
1374930 1903.0
1374940 1903.0
1374950 1902.8
1374960 1901.7
1374970 1901.7
1374980 1901.5
1374990 1901.9
1375000 1901.9
1375010 1900.6
1375020 1898.5
1375030 1898.5
1375040 1896.9
1375050 1894.6
1375060 1893.4
1375070 1893.4
1375080 1892.2
1375090 1890.9
1375100 1890.9
1375110 1892.8
1375120 1893.4
1375130 1893.4
1375140 1895.4
1375150 1899.5
1375160 1899.5
1375170 1904.0
1375180 1907.0
1375190 1907.0
1375200 1910.1
1375210 1913.2
1375220 1916.1
1375230 1916.1
1375240 1919.4
1375250 1923.0
1375260 1923.0
1375270 1926.4
1375280 1929.8
1375290 1929.8
1375300 1933.8
1375310 1937.9
1375320 1937.9
1375330 1941.8
1375340 1945.5
1375350 1945.5
1375360 1948.8
1375370 1952.6
1375380 1952.6
1375390 1955.5
1375400 1958.0
1375410 1961.6
1375420 1961.6
1375430 1965.1
1375440 1971.1
1375450 1971.1
1375460 1979.1
1375470 1985.9
1375480 1985.9
1375490 1991.8
1375500 1996.9
1375510 1996.9
1375520 2000.7
1375530 2002.3
1375540 2002.3
1375550 2002.9
1375560 2007.0
1375570 2007.0
1375580 2013.0
1375590 2019.0
1375600 2023.1
1375610 2023.1
1375620 2025.6
1375630 2029.3
1375640 2029.3
1375650 2033.4
1375660 2037.0
1375670 2037.0
1375680 2039.5
1375690 2040.4
1375700 2040.4
1375710 2040.6
1375720 2045.1
1375730 2045.1
1375740 2048.1
1375750 2048.8
1375760 2048.8
1375770 2049.1
1375780 2050.0
1375790 2049.0
1375800 2049.0
1375810 2048.3
1375820 2051.2
1375830 2051.2
1375840 2057.2
1375850 2063.9
1375860 2063.9
1375870 2070.6
1375880 2077.8
1375890 2077.8
1375900 2085.5
1375910 2093.4
1375920 2093.4
1375930 2101.2
1375940 2108.8
1375950 2108.8
1375960 2116.3
1375970 2124.6
1375980 2130.3
1375990 2130.3
1376000 2132.1
1376010 2132.5
1376020 2132.5
1376030 2134.1
1376040 2134.4
1376050 2134.4
1376060 2132.8
1376070 2133.5
1376080 2133.5
1376090 2137.6
1376100 2143.0
1376110 2143.0
1376120 2148.8
1376130 2155.7
1376140 2155.7
1376150 2163.1
1376160 2169.9
1376170 2175.6
1376180 2175.6
1376190 2181.1
1376200 2186.5
1376210 2186.5
1376220 2192.0
1376230 2197.7
1376240 2197.7
1376250 2201.3
1376260 2205.1
1376270 2205.1
1376280 2210.6
1376290 2216.4
1376300 2216.4
1376310 2221.6
1376320 2226.2
1376330 2226.2
1376340 2231.3
1376350 2236.8
1376360 2242.7
1376370 2242.7
1376380 2248.1
1376390 2252.9
1376400 2252.9
1376410 2257.3
1376420 2261.5
1376430 2261.5
1376440 2265.8
1376450 2270.1
1376460 2270.1
1376470 2274.3
1376480 2278.6
1376490 2278.6
1376500 2283.2
1376510 2287.6
1376520 2287.6
1376530 2291.7
1376540 2295.7
1376550 2299.3
1376560 2299.3
1376570 2302.5
1376580 2305.6
1376590 2305.6
1376600 2309.0
1376610 2312.5
1376620 2312.5
1376630 2315.9
1376640 2319.2
1376650 2319.2
1376660 2322.3
1376670 2325.1
1376680 2325.1
1376690 2327.8
1376700 2330.6
1376710 2330.6
1376720 2333.3
1376730 2335.9
1376740 2338.7
1376750 2338.7
1376760 2340.8
1376770 2342.8
1376780 2342.8
1376790 2346.4
1376800 2351.1
1376810 2351.1
1376820 2354.9
1376830 2358.3
1376840 2358.3
1376850 2361.6
1376860 2364.1
1376870 2364.1
1376880 2368.4
1376890 2371.5
1376900 2371.5
1376910 2375.0
1376920 2378.8
1376930 2382.5
1376940 2382.5
1376950 2386.9
1376960 2392.1
1376970 2392.1
1376980 2396.1
1376990 2398.9
1377000 2398.9
1377010 2400.7
1377020 2402.1
1377030 2402.1
1377040 2403.6
1377050 2407.7
1377060 2407.7
1377070 2411.9
1377080 2415.5
1377090 2415.5
1377100 2420.1
1377110 2424.4
1377120 2427.4
1377130 2427.4
1377140 2429.2
1377150 2431.4
1377160 2431.4
1377170 2434.3
1377180 2436.2
1377190 2436.2
1377200 2436.7
1377210 2437.0
1377220 2437.0
1377230 2438.0
1377240 2440.4
1377250 2440.4
1377260 2443.8
1377270 2447.2
1377280 2447.2
1377290 2450.0
1377300 2451.7
1377310 2453.0
1377320 2453.0
1377330 2454.0
1377340 2455.0
1377350 2455.0
1377360 2455.7
1377370 2457.0
1377380 2457.0
1377390 2461.5
1377400 2466.1
1377410 2466.1
1377420 2472.3
1377430 2479.1
1377440 2479.1
1377450 2484.7
1377460 2488.5
1377470 2488.5
1377480 2491.3
1377490 2493.2
1377500 2495.1
1377510 2495.1
1377520 2496.3
1377530 2497.1
1377540 2497.1
1377550 2498.6
1377560 2501.2
1377570 2501.2
1377580 2502.2
1377590 2502.1
1377600 2502.1
1377610 2502.1
1377620 2502.8
1377630 2502.8
1377640 2504.5
1377650 2506.0
1377660 2506.0
1377670 2506.9
1377680 2508.1
1377690 2509.7
1377700 2509.7
1377710 2510.2
1377720 2510.0
1377730 2510.0
1377740 2510.1
1377750 2510.0
1377760 2510.0
1377770 2509.6
1377780 2510.3
1377790 2510.3
1377800 2510.2
1377810 2508.9
1377820 2508.9
1377830 2511.4
1377840 2513.8
1377850 2515.5
1377860 2515.5
1377870 2517.9
1377880 2519.3
1377890 2519.3
1377900 2519.8
1377910 2520.4
1377920 2520.4
1377930 2521.4
1377940 2522.6
1377950 2522.6
1377960 2524.0
1377970 2525.1
1377980 2525.1
1377990 2526.3
1378000 2527.9
1378010 2527.9
1378020 2529.2
1378030 2529.8
1378040 2531.9
1378050 2531.9
1378060 2539.4
1378070 2542.7
1378080 2542.7
1378090 2546.3
1378100 2550.2
1378110 2550.2
1378120 2553.5
1378130 2555.9
1378140 2555.9
1378150 2558.2
1378160 2560.4
1378170 2560.4
1378180 2561.8
1378190 2561.2
1378200 2561.2
1378210 2561.8
1378220 2562.7
1378230 2561.9
1378240 2561.9
1378250 2564.4
1378260 2566.4
1378270 2566.4
1378280 2567.9
1378290 2568.0
1378300 2568.0
1378310 2567.6
1378320 2566.8
1378330 2566.8
1378340 2564.0
1378350 2562.2
1378360 2562.2
1378370 2559.9
1378380 2559.6
1378390 2559.6
1378400 2556.0
1378410 2554.6
1378420 2557.9
1378430 2557.9
1378440 2558.4
1378450 2557.6
1378460 2557.6
1378470 2554.6
1378480 2549.7
1378490 2549.7
1378500 2546.8
1378510 2548.3
1378520 2548.3
1378530 2549.4
1378540 2555.8
1378550 2555.8
1378560 2561.1
1378570 2565.8
1378580 2565.8
1378590 2567.3
1378600 2565.4
1378610 2560.8
1378620 2560.8
1378630 2562.8
1378640 2564.4
1378650 2564.4
1378660 2562.4
1378670 2562.3
1378680 2562.3
1378690 2563.2
1378700 2561.1
1378710 2561.1
1378720 2560.8
1378730 2563.3
1378740 2563.3
1378750 2566.1
1378760 2568.1
1378770 2568.1
1378780 2570.8
1378790 2574.3
1378800 2569.5
1378810 2569.5
1378820 2559.8
1378830 2556.2
1378840 2556.2
1378850 2555.2
1378860 2550.5
1378870 2550.5
1378880 2544.8
1378890 2538.6
1378900 2538.6
1378910 2537.4
1378920 2538.2
1378930 2538.2
1378940 2535.6
1378950 2534.0
1378960 2534.0
1378970 2530.2
1378980 2529.2
1378990 2530.3
1379000 2530.3
1379010 2528.1
1379020 2524.2
1379030 2524.2
1379040 2525.2
1379050 2528.6
1379060 2528.6
1379070 2533.2
1379080 2534.0
1379090 2534.0
1379100 2533.9
1379110 2536.6
1379120 2536.6
1379130 2540.5
1379140 2540.8
1379150 2540.8
1379160 2538.6
1379170 2537.1
1379180 2535.3
1379190 2535.3
1379200 2534.9
1379210 2537.1
1379220 2537.1
1379230 2539.8
1379240 2536.6
1379250 2536.6
1379260 2537.2
1379270 2534.3
1379280 2534.3
1379290 2533.2
1379300 2533.1
1379310 2533.1
1379320 2533.3
1379330 2533.7
1379340 2533.7
1379350 2533.2
1379360 2529.2
1379370 2526.2
1379380 2526.2
1379390 2522.9
1379400 2515.3
1379410 2515.3
1379420 2504.9
1379430 2494.0
1379440 2494.0
1379450 2481.5
1379460 2470.9
1379470 2470.9
1379480 2465.5
1379490 2460.8
1379500 2460.8
1379510 2456.1
1379520 2451.5
1379530 2451.5
1379540 2447.2
1379550 2443.4
1379560 2440.3
1379570 2440.3
1379580 2437.6
1379590 2435.1
1379600 2435.1
1379610 2433.5
1379620 2431.8
1379630 2431.8
1379640 2430.1
1379650 2428.4
1379660 2428.4
1379670 2427.8
1379680 2428.2
1379690 2428.2
1379700 2427.2
1379710 2425.6
1379720 2425.6
1379730 2426.6
1379740 2426.6
1379750 2426.7
1379760 2426.7
1379770 2423.8
1379780 2418.9
1379790 2418.9
1379800 2413.6
1379810 2408.8
1379820 2408.8
1379830 2404.4
1379840 2400.0
1379850 2400.0
1379860 2396.9
1379870 2393.6
1379880 2393.6
1379890 2390.8
1379900 2389.0
1379910 2389.0
1379920 2385.2
1379930 2378.7
1379940 2369.7
1379950 2369.7
1379960 2359.4
1379970 2349.9
1379980 2349.9
1379990 2343.4
