1360000 2057.9
1360010 2057.9
1360020 2059.7
1360030 2062.6
1360040 2062.6
1360050 2065.9
1360060 2068.6
1360070 2071.4
1360080 2071.4
1360090 2074.8
1360100 2077.5
1360110 2077.5
1360120 2079.1
1360130 2080.5
1360140 2080.5
1360150 2080.7
1360160 2082.3
1360170 2082.3
1360180 2087.7
1360190 2093.2
1360200 2093.2
1360210 2092.2
1360220 2091.6
1360230 2091.6
1360240 2094.9
1360250 2100.3
1360260 2105.5
1360270 2105.5
1360280 2110.8
1360290 2113.7
1360300 2113.7
1360310 2116.5
1360320 2120.1
1360330 2120.1
1360340 2125.0
1360350 2130.1
1360360 2130.1
1360370 2135.5
1360380 2141.6
1360390 2141.6
1360400 2147.7
1360410 2153.5
1360420 2153.5
1360430 2159.6
1360440 2165.8
1360450 2174.2
1360460 2174.2
1360470 2182.4
1360480 2186.9
1360490 2186.9
1360500 2191.0
1360510 2195.7
1360520 2195.7
1360530 2201.0
1360540 2205.4
1360550 2205.4
1360560 2208.9
1360570 2213.1
1360580 2213.1
1360590 2216.4
1360600 2219.7
1360610 2219.7
1360620 2223.5
1360630 2227.5
1360640 2232.2
1360650 2232.2
1360660 2238.6
1360670 2245.1
1360680 2245.1
1360690 2249.9
1360700 2253.4
1360710 2253.4
1360720 2258.9
1360730 2266.7
1360740 2266.7
1360750 2274.1
1360760 2280.8
1360770 2280.8
1360780 2286.4
1360790 2291.3
1360800 2291.3
1360810 2296.6
1360820 2302.7
1360830 2311.3
1360840 2311.3
1360850 2317.8
1360860 2323.2
1360870 2323.2
1360880 2328.9
1360890 2335.8
1360900 2335.8
1360910 2344.1
1360920 2352.4
1360930 2352.4
1360940 2360.4
1360950 2368.1
1360960 2368.1
1360970 2377.6
1360980 2389.6
1360990 2389.6
1361000 2400.0
1361010 2409.0
1361020 2417.8
1361030 2417.8
1361040 2428.1
1361050 2437.9
1361060 2437.9
1361070 2449.5
1361080 2461.2
1361090 2461.2
1361100 2469.9
1361110 2477.5
1361120 2477.5
1361130 2483.8
1361140 2487.3
1361150 2487.3
1361160 2490.5
1361170 2494.8
1361180 2494.8
1361190 2500.6
1361200 2504.8
1361210 2508.5
1361220 2508.5
1361230 2510.9
1361240 2512.1
1361250 2512.1
1361260 2513.1
1361270 2513.2
1361280 2513.2
1361290 2511.0
1361300 2505.8
1361310 2505.8
1361320 2501.1
1361330 2495.4
1361340 2495.4
1361350 2487.3
1361360 2479.4
1361370 2479.4
1361380 2472.3
1361390 2466.7
1361400 2465.0
1361410 2465.0
1361420 2464.6
1361430 2462.9
1361440 2462.9
1361450 2461.2
1361460 2461.9
1361470 2461.9
1361480 2463.8
1361490 2464.9
1361500 2464.9
1361510 2466.7
1361520 2469.8
1361530 2469.8
1361540 2470.5
1361550 2470.5
1361560 2470.5
1361570 2470.4
1361580 2469.6
1361590 2472.9
1361600 2472.9
1361610 2473.0
1361620 2475.7
1361630 2475.7
1361640 2477.6
1361650 2480.1
1361660 2480.1
1361670 2483.4
1361680 2485.8
1361690 2485.8
1361700 2488.8
1361710 2492.7
1361720 2492.7
1361730 2495.7
1361740 2498.6
1361750 2498.6
1361760 2500.9
1361770 2503.2
1361780 2504.7
1361790 2504.7
1361800 2504.7
1361810 2505.4
1361820 2505.4
1361830 2507.6
1361840 2510.3
1361850 2510.3
1361860 2512.8
1361870 2515.3
1361880 2515.3
1361890 2517.5
1361900 2519.5
1361910 2519.5
1361920 2521.6
1361930 2524.1
1361940 2524.1
1361950 2525.4
1361960 2526.5
1361970 2527.8
1361980 2527.8
1361990 2528.9
1362000 2529.5
1362010 2529.5
1362020 2529.9
1362030 2530.5
1362040 2530.5
1362050 2530.9
1362060 2531.2
1362070 2531.2
1362080 2531.0
1362090 2531.2
1362100 2531.2
1362110 2532.1
1362120 2532.6
1362130 2532.6
1362140 2533.0
1362150 2533.2
1362160 2533.0
1362170 2533.0
1362180 2534.2
1362190 2536.3
1362200 2536.3
1362210 2538.6
1362220 2540.6
1362230 2540.6
1362240 2544.0
1362250 2550.2
1362260 2550.2
1362270 2555.7
1362280 2560.0
1362290 2560.0
1362300 2566.0
1362310 2573.3
1362320 2573.3
1362330 2578.4
1362340 2581.4
1362350 2584.2
1362360 2584.2
1362370 2587.5
1362380 2591.0
1362390 2591.0
1362400 2594.2
1362410 2596.6
1362420 2596.6
1362430 2598.5
1362440 2599.8
1362450 2599.8
1362460 2600.6
1362470 2603.1
1362480 2603.1
1362490 2608.3
1362500 2614.1
1362510 2614.1
1362520 2620.2
1362530 2626.0
1362540 2631.7
1362550 2631.7
1362560 2637.5
1362570 2643.6
1362580 2643.6
1362590 2650.3
1362600 2660.3
1362610 2660.3
1362620 2674.5
1362630 2685.0
1362640 2685.0
1362650 2697.4
1362660 2705.0
1362670 2705.0
1362680 2703.7
1362690 2703.9
1362700 2703.9
1362710 2711.4
1362720 2718.0
1362730 2721.0
1362740 2721.0
1362750 2725.4
1362760 2727.9
1362770 2727.9
1362780 2731.2
1362790 2737.0
1362800 2737.0
1362810 2742.2
1362820 2747.9
1362830 2747.9
1362840 2745.2
1362850 2735.1
1362860 2735.1
1362870 2724.6
1362880 2713.8
1362890 2713.8
1362900 2704.5
1362910 2697.7
1362920 2691.7
1362930 2691.7
1362940 2686.7
1362950 2682.8
1362960 2682.8
1362970 2680.8
1362980 2677.0
1362990 2677.0
1363000 2670.7
1363010 2664.3
1363020 2664.3
1363030 2659.1
1363040 2653.1
1363050 2653.1
1363060 2647.7
1363070 2642.9
1363080 2642.9
1363090 2637.7
1363100 2632.4
1363110 2627.9
1363120 2627.9
1363130 2625.5
1363140 2622.9
1363150 2622.9
1363160 2621.2
1363170 2620.3
1363180 2620.3
1363190 2620.1
1363200 2620.2
1363210 2620.2
1363220 2620.0
1363230 2621.1
1363240 2621.1
1363250 2623.7
1363260 2626.1
1363270 2626.1
1363280 2625.2
1363290 2622.1
1363300 2617.3
1363310 2617.3
1363320 2609.6
1363330 2601.8
1363340 2601.8
1363350 2596.2
1363360 2591.5
1363370 2591.5
1363380 2585.8
1363390 2579.0
1363400 2579.0
1363410 2574.1
1363420 2569.0
1363430 2569.0
1363440 2566.4
1363450 2565.2
1363460 2565.2
1363470 2563.3
1363480 2559.4
1363490 2552.7
1363500 2552.7
1363510 2539.6
1363520 2529.7
1363530 2529.7
1363540 2523.6
1363550 2518.8
1363560 2518.8
1363570 2514.1
1363580 2511.1
1363590 2511.1
1363600 2509.1
1363610 2506.4
1363620 2506.4
1363630 2500.9
1363640 2489.7
1363650 2489.7
1363660 2484.4
1363670 2472.9
1363680 2464.6
1363690 2464.6
1363700 2453.7
1363710 2444.6
1363720 2444.6
1363730 2438.4
1363740 2433.7
1363750 2433.7
1363760 2429.1
1363770 2424.5
1363780 2424.5
1363790 2417.2
1363800 2409.0
1363810 2409.0
1363820 2401.4
1363830 2396.2
1363840 2396.2
1363850 2391.7
1363860 2388.0
1363870 2384.6
1363880 2384.6
1363890 2380.8
1363900 2375.5
1363910 2375.5
1363920 2369.7
1363930 2362.1
1363940 2362.1
1363950 2351.9
1363960 2338.8
1363970 2338.8
1363980 2332.4
1363990 2326.3
1364000 2326.3
1364010 2321.9
1364020 2318.5
1364030 2318.5
1364040 2315.3
1364050 2310.4
1364060 2306.3
1364070 2306.3
1364080 2302.8
1364090 2299.5
1364100 2299.5
1364110 2296.9
1364120 2295.0
1364130 2295.0
1364140 2292.9
1364150 2290.5
1364160 2290.5
1364170 2288.5
1364180 2285.8
1364190 2285.8
1364200 2282.4
1364210 2279.2
1364220 2279.2
1364230 2276.1
1364240 2273.1
1364250 2270.1
1364260 2270.1
1364270 2266.8
1364280 2263.0
1364290 2263.0
1364300 2259.1
1364310 2255.5
1364320 2255.5
1364330 2251.9
1364340 2247.8
1364350 2247.8
1364360 2242.8
1364370 2237.3
1364380 2237.3
1364390 2231.8
1364400 2226.5
1364410 2226.5
1364420 2222.0
1364430 2217.2
1364440 2212.9
1364450 2212.9
1364460 2208.0
1364470 2202.6
1364480 2202.6
1364490 2194.3
1364500 2185.5
1364510 2185.5
1364520 2180.0
1364530 2179.4
1364540 2179.4
1364550 2177.2
1364560 2173.4
1364570 2173.4
1364580 2168.6
1364590 2163.1
1364600 2163.1
1364610 2157.5
1364620 2152.5
1364630 2147.6
1364640 2147.6
1364650 2142.9
1364660 2138.9
1364670 2138.9
1364680 2135.6
1364690 2132.7
1364700 2132.7
1364710 2130.1
1364720 2127.6
1364730 2127.6
1364740 2124.6
1364750 2121.7
1364760 2121.7
1364770 2119.0
1364780 2116.6
1364790 2115.2
1364800 2115.2
1364810 2113.9
1364820 2112.0
1364830 2112.0
1364840 2109.8
1364850 2111.4
1364860 2111.4
1364870 2111.7
1364880 2110.6
1364890 2110.6
1364900 2110.0
1364910 2110.0
1364920 2110.0
1364930 2111.0
1364940 2112.0
1364950 2112.0
1364960 2113.4
1364970 2114.7
1364980 2115.8
1364990 2115.8
1365000 2117.0
1365010 2119.1
1365020 2119.1
1365030 2122.4
1365040 2126.2
1365050 2126.2
1365060 2131.0
1365070 2134.9
1365080 2134.9
1365090 2137.9
1365100 2142.3
1365110 2142.3
1365120 2146.7
1365130 2151.8
1365140 2151.8
1365150 2156.5
1365160 2160.3
1365170 2163.8
1365180 2163.8
1365190 2168.2
1365200 2173.0
1365210 2173.0
1365220 2177.0
1365230 2181.1
1365240 2181.1
1365250 2186.2
1365260 2191.5
1365270 2191.5
1365280 2195.4
1365290 2198.7
1365300 2198.7
1365310 2202.6
1365320 2207.4
1365330 2207.4
1365340 2212.8
1365350 2221.4
1365360 2227.8
1365370 2227.8
1365380 2232.1
1365390 2236.1
1365400 2236.1
1365410 2239.9
1365420 2244.1
1365430 2244.1
1365440 2249.9
1365450 2258.4
1365460 2258.4
1365470 2266.2
1365480 2274.3
1365490 2274.3
1365500 2280.1
1365510 2284.6
1365520 2284.6
1365530 2290.5
1365540 2297.9
1365550 2303.7
1365560 2303.7
1365570 2308.9
1365580 2314.3
1365590 2314.3
1365600 2319.0
1365610 2323.8
1365620 2323.8
1365630 2329.2
1365640 2335.6
1365650 2335.6
1365660 2341.1
1365670 2345.5
1365680 2345.5
1365690 2348.8
1365700 2351.4
1365710 2351.4
1365720 2355.6
1365730 2360.4
1365740 2366.9
1365750 2366.9
1365760 2372.9
1365770 2379.2
1365780 2379.2
1365790 2382.2
1365800 2383.3
1365810 2383.3
1365820 2383.6
1365830 2379.1
1365840 2379.1
1365850 2375.7
1365860 2375.0
1365870 2375.0
1365880 2375.0
1365890 2373.7
1365900 2373.7
1365910 2371.6
1365920 2369.7
1365930 2368.1
1365940 2368.1
1365950 2368.3
1365960 2369.2
1365970 2369.2
1365980 2367.5
1365990 2367.6
1366000 2367.6
1366010 2368.2
1366020 2366.7
1366030 2366.7
1366040 2363.4
1366050 2359.2
1366060 2359.2
1366070 2357.5
1366080 2355.4
1366090 2355.4
1366100 2349.4
1366110 2339.4
1366120 2330.6
1366130 2330.6
1366140 2323.3
1366150 2316.2
1366160 2316.2
1366170 2311.9
1366180 2306.2
1366190 2306.2
1366200 2299.8
1366210 2297.3
1366220 2297.3
1366230 2296.6
1366240 2296.2
1366250 2296.2
1366260 2294.2
1366270 2290.3
1366280 2290.3
1366290 2284.2
1366300 2277.9
1366310 2271.7
1366320 2271.7
1366330 2266.2
1366340 2261.2
1366350 2261.2
1366360 2257.4
1366370 2254.9
1366380 2254.9
1366390 2252.2
1366400 2249.9
1366410 2249.9
1366420 2246.8
1366430 2243.8
1366440 2243.8
1366450 2241.7
1366460 2240.1
1366470 2240.1
1366480 2239.0
1366490 2237.5
1366500 2235.5
1366510 2235.5
1366520 2233.3
1366530 2231.8
1366540 2231.8
1366550 2229.5
1366560 2225.8
1366570 2225.8
1366580 2221.7
1366590 2218.9
1366600 2218.9
1366610 2217.7
1366620 2217.0
1366630 2217.0
1366640 2218.2
1366650 2221.0
1366660 2221.0
1366670 2221.7
1366680 2224.2
1366690 2227.0
1366700 2227.0
1366710 2227.4
1366720 2228.3
1366730 2228.3
1366740 2227.3
1366750 2228.6
1366760 2228.6
1366770 2228.7
1366780 2229.1
1366790 2229.1
1366800 2229.0
1366810 2230.9
1366820 2230.9
1366830 2231.8
1366840 2240.2
1366850 2240.2
1366860 2243.3
1366870 2248.8
1366880 2253.6
1366890 2253.6
1366900 2262.7
1366910 2266.8
1366920 2266.8
1366930 2274.3
1366940 2277.2
1366950 2277.2
1366960 2280.1
1366970 2283.0
1366980 2283.0
1366990 2286.3
1367000 2290.4
1367010 2290.4
1367020 2291.6
1367030 2292.4
1367040 2292.4
1367050 2295.1
1367060 2299.0
1367070 2303.3
1367080 2303.3
1367090 2305.8
1367100 2308.3
1367110 2308.3
1367120 2313.1
1367130 2318.1
1367140 2318.1
1367150 2323.6
1367160 2329.5
1367170 2329.5
1367180 2336.0
1367190 2343.3
1367200 2343.3
1367210 2349.1
1367220 2353.0
1367230 2353.0
1367240 2355.9
1367250 2358.3
1367260 2360.9
1367270 2360.9
1367280 2363.1
1367290 2363.9
1367300 2363.9
1367310 2363.9
1367320 2362.8
1367330 2362.8
1367340 2361.3
1367350 2360.4
1367360 2360.4
1367370 2359.6
1367380 2358.1
1367390 2358.1
1367400 2356.8
1367410 2355.6
1367420 2355.6
1367430 2354.6
1367440 2352.8
1367450 2349.6
1367460 2349.6
1367470 2346.4
1367480 2343.6
1367490 2343.6
1367500 2340.1
1367510 2335.7
1367520 2335.7
1367530 2330.5
1367540 2323.8
1367550 2323.8
1367560 2317.7
1367570 2311.9
1367580 2311.9
1367590 2308.3
1367600 2305.5
1367610 2305.5
1367620 2302.8
1367630 2300.5
1367640 2298.6
1367650 2298.6
1367660 2295.0
1367670 2289.3
1367680 2289.3
1367690 2283.0
1367700 2276.2
1367710 2276.2
1367720 2270.0
1367730 2265.5
1367740 2265.5
1367750 2262.6
1367760 2259.7
1367770 2259.7
1367780 2257.1
1367790 2254.2
1367800 2254.2
1367810 2251.2
1367820 2247.8
1367830 2243.4
1367840 2243.4
1367850 2237.9
1367860 2234.2
1367870 2234.2
1367880 2231.4
1367890 2228.2
1367900 2228.2
1367910 2225.4
1367920 2224.5
1367930 2224.5
1367940 2222.7
1367950 2219.4
1367960 2219.4
1367970 2214.0
1367980 2207.2
1367990 2207.2
1368000 2201.4
1368010 2197.3
1368020 2192.1
1368030 2192.1
1368040 2187.1
1368050 2181.6
1368060 2181.6
1368070 2175.9
1368080 2169.6
1368090 2169.6
1368100 2163.5
1368110 2157.6
1368120 2157.6
1368130 2152.0
1368140 2147.4
1368150 2147.4
1368160 2142.8
1368170 2136.7
1368180 2136.7
1368190 2130.2
1368200 2123.7
1368210 2117.4
1368220 2117.4
1368230 2111.8
1368240 2106.5
1368250 2106.5
1368260 2101.5
1368270 2097.2
1368280 2097.2
1368290 2092.0
1368300 2085.5
1368310 2085.5
1368320 2078.4
1368330 2070.7
1368340 2070.7
1368350 2063.1
1368360 2056.7
1368370 2056.7
1368380 2051.2
1368390 2045.4
1368400 2039.4
1368410 2039.4
1368420 2034.0
1368430 2028.3
1368440 2028.3
1368450 2019.5
1368460 2008.6
1368470 2008.6
1368480 1998.4
1368490 1987.9
1368500 1987.9
1368510 1980.8
1368520 1974.9
1368530 1974.9
1368540 1968.5
1368550 1961.4
1368560 1961.4
1368570 1952.1
1368580 1941.1
1368590 1930.0
1368600 1930.0
1368610 1920.8
1368620 1914.3
1368630 1914.3
1368640 1908.8
1368650 1902.7
1368660 1902.7
1368670 1897.3
1368680 1894.3
1368690 1894.3
1368700 1892.3
1368710 1890.1
1368720 1890.1
1368730 1886.6
1368740 1882.7
1368750 1882.7
1368760 1878.3
1368770 1873.4
1368780 1867.8
1368790 1867.8
1368800 1860.8
1368810 1854.6
1368820 1854.6
1368830 1849.3
1368840 1843.1
1368850 1843.1
1368860 1834.1
1368870 1829.6
1368880 1829.6
1368890 1827.8
1368900 1818.3
1368910 1818.3
1368920 1817.8
1368930 1826.7
1368940 1826.7
1368950 1839.4
1368960 1855.5
1368970 1866.1
1368980 1866.1
1368990 1873.8
1369000 1880.9
1369010 1880.8
1369020 1887.5
1369030 1894.1
1369040 1894.1
1369050 1901.9
1369060 1911.4
1369070 1911.4
1369080 1922.1
1369090 1930.7
1369100 1930.7
1369110 1939.7
1369120 1947.8
1369130 1947.8
1369140 1956.9
1369150 1965.9
1369160 1974.0
1369170 1974.0
1369180 1981.1
1369190 1987.5
1369200 1987.5
1369210 1993.2
1369220 1998.0
1369230 1998.0
1369240 2003.0
1369250 2008.8
1369260 2008.8
1369270 2014.4
1369280 2018.8
1369290 2018.8
1369300 2022.9
1369310 2027.0
1369320 2027.0
1369330 2032.1
1369340 2037.4
1369350 2043.7
1369360 2043.7
1369370 2049.6
1369380 2053.9
1369390 2053.9
1369400 2058.9
1369410 2065.5
1369420 2065.5
1369430 2071.0
1369440 2076.7
1369450 2076.7
1369460 2082.4
1369470 2087.3
1369480 2087.3
1369490 2092.5
1369500 2097.0
1369510 2101.8
1369520 2101.8
1369530 2106.9
1369540 2111.5
1369550 2111.5
1369560 2115.6
1369570 2120.1
1369580 2120.1
1369590 2124.8
1369600 2129.6
1369610 2129.6
1369620 2134.0
1369630 2138.4
1369640 2138.4
1369650 2144.2
1369660 2150.1
1369670 2150.1
1369680 2155.5
1369690 2161.1
1369700 2166.4
1369710 2166.4
1369720 2172.0
1369730 2177.3
1369740 2177.3
1369750 2182.5
1369760 2188.5
1369770 2188.5
1369780 2194.3
1369790 2201.1
1369800 2201.1
1369810 2208.0
1369820 2214.4
1369830 2214.4
1369840 2222.9
1369850 2230.7
1369860 2230.7
1369870 2237.5
1369880 2243.2
1369890 2247.9
1369900 2247.9
1369910 2251.9
1369920 2257.4
1369930 2257.4
1369940 2265.6
1369950 2270.6
1369960 2270.6
1369970 2272.4
1369980 2278.5
1369990 2278.5
1370000 2286.2
1370010 2291.0
1370020 2291.0
1370030 2295.4
1370040 2301.3
1370050 2301.3
1370060 2308.0
1370070 2314.5
1370080 2322.4
1370090 2322.4
1370100 2331.1
1370110 2336.1
1370120 2336.1
1370130 2338.0
1370140 2340.0
1370150 2340.0
1370160 2343.3
1370170 2346.3
1370180 2346.3
1370190 2349.0
1370200 2352.6
1370210 2352.6
1370220 2356.1
1370230 2359.9
1370240 2359.9
1370250 2363.9
1370260 2368.6
1370270 2374.7
1370280 2374.7
1370290 2380.3
1370300 2384.8
1370310 2384.8
1370320 2388.1
1370330 2390.0
1370340 2390.0
1370350 2392.2
1370360 2395.6
1370370 2395.6
1370380 2398.5
1370390 2402.4
1370400 2402.4
1370410 2407.1
1370420 2411.3
1370430 2411.3
1370440 2415.9
1370450 2417.8
1370460 2419.7
1370470 2419.7
1370480 2422.9
1370490 2427.1
1370500 2427.1
1370510 2432.1
1370520 2438.5
1370530 2438.5
1370540 2443.4
1370550 2446.7
1370560 2446.7
1370570 2449.9
1370580 2452.8
1370590 2452.8
1370600 2455.2
1370610 2457.0
1370620 2457.0
1370630 2457.3
1370640 2456.5
1370650 2455.2
1370660 2455.2
1370670 2454.7
1370680 2454.3
1370690 2454.3
1370700 2453.8
1370710 2454.0
1370720 2454.0
1370730 2454.1
1370740 2454.8
1370750 2454.8
1370760 2457.2
1370770 2461.2
1370780 2461.2
1370790 2464.9
1370800 2467.7
1370810 2467.7
1370820 2470.2
1370830 2473.3
1370840 2476.4
1370850 2476.4
1370860 2480.5
1370870 2486.9
1370880 2486.9
1370890 2491.9
1370900 2494.3
1370910 2494.3
1370920 2495.0
1370930 2494.5
1370940 2494.5
1370950 2493.9
1370960 2493.9
1370970 2493.9
1370980 2495.3
1370990 2497.0
1371000 2497.0
1371010 2499.6
1371020 2502.2
1371030 2503.5
1371040 2503.5
1371050 2503.8
1371060 2504.8
1371070 2504.8
1371080 2506.8
1371090 2509.9
1371100 2509.9
1371110 2513.5
1371120 2517.3
1371130 2517.3
1371140 2521.4
1371150 2526.0
1371160 2526.0
1371170 2530.0
1371180 2533.9
1371190 2533.9
1371200 2538.6
1371210 2541.4
1371220 2545.1
1371230 2545.1
1371240 2549.8
1371250 2555.2
1371260 2555.2
1371270 2560.8
1371280 2566.2
1371290 2566.2
1371300 2571.8
1371310 2577.5
1371320 2577.5
1371330 2583.6
1371340 2590.2
1371350 2590.2
1371360 2595.9
1371370 2600.5
1371380 2600.5
1371390 2604.6
1371400 2608.8
1371410 2612.9
1371420 2612.9
1371430 2616.1
1371440 2618.1
1371450 2618.1
1371460 2619.0
1371470 2619.7
1371480 2619.7
1371490 2619.9
1371500 2621.5
1371510 2621.5
1371520 2624.1
1371530 2627.0
1371540 2627.0
1371550 2630.0
1371560 2632.9
1371570 2632.9
1371580 2635.0
1371590 2636.4
1371600 2638.0
1371610 2638.0
1371620 2639.6
1371630 2641.0
1371640 2641.0
1371650 2640.0
1371660 2638.5
1371670 2638.5
1371680 2637.1
1371690 2636.0
1371700 2636.0
1371710 2636.3
1371720 2635.9
1371730 2635.9
1371740 2636.1
1371750 2636.4
1371760 2636.4
1371770 2637.4
1371780 2639.0
1371790 2641.3
1371800 2641.3
1371810 2643.6
1371820 2644.2
1371830 2644.2
1371840 2644.6
1371850 2646.0
1371860 2646.0
1371870 2647.6
1371880 2648.5
1371890 2648.5
1371900 2651.1
1371910 2653.6
1371920 2653.6
1371930 2656.4
1371940 2659.9
1371950 2659.9
1371960 2664.1
1371970 2668.5
1371980 2672.4
1371990 2672.4
1372000 2676.3
1372010 2679.6
1372020 2679.6
1372030 2681.9
1372040 2680.2
1372050 2680.2
1372060 2675.3
1372070 2670.6
1372080 2670.6
1372090 2665.5
1372100 2659.5
1372110 2659.5
1372120 2654.3
1372130 2647.1
1372140 2647.1
1372150 2640.5
1372160 2634.3
1372170 2627.7
1372180 2627.7
1372190 2620.4
1372200 2613.2
1372210 2613.2
1372220 2605.2
1372230 2598.5
1372240 2598.5
1372250 2593.8
1372260 2586.1
1372270 2586.1
1372280 2577.6
1372290 2570.3
1372300 2570.3
1372310 2560.4
1372320 2551.2
1372330 2546.7
1372340 2540.3
1372350 2535.5
1372360 2528.1
1372370 2528.1
1372380 2522.5
1372390 2517.3
1372400 2517.3
1372410 2507.4
1372420 2497.7
1372430 2497.7
1372440 2491.0
1372450 2484.5
1372460 2484.5
1372470 2477.5
1372480 2470.6
1372490 2470.6
1372500 2464.1
1372510 2457.1
1372520 2457.1
1372530 2448.9
1372540 2441.9
1372550 2434.8
1372560 2434.8
1372570 2428.3
1372580 2421.0
1372590 2421.0
1372600 2412.9
1372610 2404.0
1372620 2404.0
1372630 2396.0
1372640 2388.9
1372650 2388.9
1372660 2381.6
1372670 2372.8
1372680 2372.8
1372690 2363.3
1372700 2355.4
1372710 2355.4
1372720 2347.7
1372730 2340.0
1372740 2333.2
1372750 2333.2
1372760 2326.9
1372770 2321.5
1372780 2321.5
1372790 2316.6
1372800 2311.9
1372810 2311.9
1372820 2307.2
1372830 2302.4
1372840 2302.4
1372850 2296.0
1372860 2290.2
1372870 2290.2
1372880 2285.3
1372890 2281.6
1372900 2281.6
1372910 2276.8
1372920 2271.8
1372930 2265.9
1372940 2265.9
1372950 2259.4
1372960 2254.4
1372970 2254.4
1372980 2247.7
1372990 2239.9
1373000 2239.9
1373010 2232.4
1373020 2226.3
1373030 2226.3
1373040 2222.6
1373050 2217.0
1373060 2217.0
1373070 2211.9
1373080 2206.1
1373090 2206.1
1373100 2200.2
1373110 2194.8
1373120 2189.9
1373130 2189.9
1373140 2185.2
1373150 2180.5
1373160 2180.5
1373170 2175.1
1373180 2171.9
1373190 2171.9
1373200 2167.7
1373210 2161.7
1373220 2161.7
1373230 2155.2
1373240 2148.9
1373250 2148.9
1373260 2142.8
1373270 2137.6
1373280 2137.6
1373290 2132.7
1373300 2128.1
1373310 2124.1
1373320 2124.1
1373330 2119.8
1373340 2114.3
1373350 2114.3
1373360 2108.4
1373370 2101.9
1373380 2101.9
1373390 2095.2
1373400 2088.0
1373410 2088.0
1373420 2080.8
1373430 2073.7
1373440 2073.7
1373450 2066.8
1373460 2054.1
1373470 2054.1
1373480 2047.6
1373490 2039.7
1373500 2030.8
1373510 2030.8
1373520 2022.5
1373530 2015.1
1373540 2015.1
1373550 2008.1
1373560 2001.5
1373570 2001.5
1373580 1995.0
1373590 1990.3
1373600 1990.3
1373610 1986.6
1373620 1981.2
1373630 1981.2
1373640 1973.8
1373650 1963.3
1373660 1952.5
1373670 1952.5
1373680 1944.4
1373690 1936.8
1373700 1936.8
1373710 1928.9
1373720 1921.1
1373730 1921.1
1373740 1912.2
1373750 1901.5
1373760 1901.5
1373770 1892.3
1373780 1885.2
1373790 1885.2
1373800 1879.4
1373810 1874.5
1373820 1874.5
1373830 1870.3
1373840 1866.7
1373850 1862.9
1373860 1862.9
1373870 1859.2
1373880 1855.6
1373890 1855.6
1373900 1852.1
1373910 1848.7
1373920 1848.7
1373930 1845.3
1373940 1842.3
1373950 1842.3
1373960 1839.4
1373970 1836.6
1373980 1836.6
1373990 1834.0
1374000 1831.4
1374010 1831.4
1374020 1829.2
1374030 1826.8
1374040 1824.5
1374050 1824.5
1374060 1822.0
1374070 1818.6
1374080 1818.6
1374090 1815.7
1374100 1814.3
1374110 1814.3
1374120 1813.3
1374130 1811.7
1374140 1811.7
1374150 1809.9
1374160 1808.6
1374170 1808.6
1374180 1807.0
1374190 1805.8
1374200 1805.8
1374210 1804.1
1374220 1802.2
1374230 1800.9
1374240 1800.9
1374250 1799.9
1374260 1798.0
1374270 1798.0
1374280 1793.5
1374290 1788.0
1374300 1788.0
1374310 1784.6
1374320 1783.2
1374330 1783.2
1374340 1784.3
1374350 1788.5
1374360 1788.5
1374370 1794.0
1374380 1795.5
1374390 1795.5
1374400 1795.6
1374410 1796.3
1374420 1797.6
1374430 1797.6
1374440 1799.5
1374450 1802.1
1374460 1802.1
1374470 1806.2
1374480 1812.7
1374490 1812.7
1374500 1821.3
1374510 1830.3
1374520 1830.3
1374530 1839.7
1374540 1848.6
1374550 1848.6
1374560 1856.5
1374570 1864.1
1374580 1864.1
1374590 1872.1
1374600 1880.4
1374610 1888.3
1374620 1888.3
1374630 1895.8
1374640 1903.1
1374650 1903.1
1374660 1910.3
1374670 1917.3
1374680 1917.3
1374690 1924.0
1374700 1930.5
1374710 1930.5
1374720 1936.2
1374730 1942.0
1374740 1942.0
1374750 1946.7
1374760 1951.1
1374770 1951.1
1374780 1957.2
1374790 1964.0
1374800 1970.6
1374810 1970.6
1374820 1977.9
1374830 1986.2
1374840 1986.2
1374850 1995.3
1374860 2002.3
1374870 2002.3
1374880 2007.1
1374890 2010.6
1374900 2010.6
1374910 2013.8
1374920 2018.6
1374930 2018.6
1374940 2019.7
1374950 2019.4
1374960 2019.4
1374970 2019.8
1374980 2022.3
1374990 2026.3
1375000 2026.3
1375010 2030.4
1375020 2034.3
1375030 2034.3
1375040 2037.9
1375050 2041.4
1375060 2041.4
1375070 2045.1
1375080 2048.6
1375090 2048.6
1375100 2052.2
1375110 2055.9
1375120 2055.9
1375130 2059.7
1375140 2063.9
1375150 2063.9
1375160 2068.1
1375170 2072.0
1375180 2075.3
1375190 2075.3
1375200 2078.3
1375210 2081.9
1375220 2081.9
1375230 2085.7
1375240 2089.5
1375250 2089.5
1375260 2093.2
1375270 2096.8
1375280 2096.8
1375290 2100.3
1375300 2103.8
1375310 2103.8
1375320 2107.1
1375330 2109.9
1375340 2109.9
1375350 2113.3
1375360 2116.3
1375370 2118.9
1375380 2118.9
1375390 2121.3
1375400 2124.0
1375410 2124.0
1375420 2126.6
1375430 2128.5
1375440 2128.5
1375450 2130.0
1375460 2131.6
1375470 2131.6
1375480 2133.8
1375490 2136.6
1375500 2136.6
1375510 2139.3
1375520 2142.2
1375530 2142.2
1375540 2145.1
1375550 2148.2
1375560 2151.7
1375570 2151.7
1375580 2155.2
1375590 2159.3
1375600 2159.3
1375610 2163.3
1375620 2166.6
1375630 2166.6
1375640 2169.3
1375650 2172.0
1375660 2172.0
1375670 2174.5
1375680 2176.9
1375690 2176.9
1375700 2179.0
1375710 2181.4
1375720 2181.4
1375730 2184.1
1375740 2186.8
1375750 2190.3
1375760 2190.3
1375770 2193.1
1375780 2195.9
1375790 2195.9
1375800 2200.0
1375810 2205.0
1375820 2205.0
1375830 2208.9
1375840 2213.2
1375850 2213.2
1375860 2217.9
1375870 2221.9
1375880 2221.9
1375890 2226.2
1375900 2231.1
1375910 2231.1
1375920 2236.6
1375930 2242.0
1375940 2247.1
1375950 2247.1
1375960 2251.6
1375970 2253.4
1375980 2253.4
1375990 2256.6
1376000 2260.8
1376010 2260.8
1376020 2265.0
1376030 2268.7
1376040 2268.7
1376050 2272.4
1376060 2275.3
1376070 2275.3
1376080 2279.0
1376090 2283.1
1376100 2283.1
1376110 2286.9
1376120 2289.9
1376130 2292.8
1376140 2292.8
1376150 2296.8
1376160 2300.9
1376170 2300.9
1376180 2303.5
1376190 2305.3
1376200 2305.3
1376210 2308.7
1376220 2313.2
1376230 2313.2
1376240 2317.2
1376250 2319.5
1376260 2319.5
1376270 2321.2
1376280 2323.0
1376290 2323.0
1376300 2325.0
1376310 2327.4
1376320 2329.0
1376330 2329.0
1376340 2329.4
1376350 2330.1
1376360 2330.1
1376370 2331.7
1376380 2333.1
1376390 2333.1
1376400 2334.3
1376410 2334.7
1376420 2334.7
1376430 2335.0
1376440 2335.8
1376450 2335.8
1376460 2337.1
1376470 2338.6
1376480 2338.6
1376490 2340.2
1376500 2341.7
1376510 2342.5
1376520 2342.5
1376530 2343.8
1376540 2345.8
1376550 2345.8
1376560 2348.0
1376570 2349.8
1376580 2349.8
1376590 2350.7
1376600 2351.1
1376610 2351.1
1376620 2351.5
1376630 2352.4
1376640 2352.4
1376650 2354.9
1376660 2359.2
1376670 2359.2
1376680 2364.7
1376690 2368.1
1376700 2368.6
1376710 2368.6
1376720 2367.2
1376730 2368.9
1376740 2368.9
1376750 2373.5
1376760 2377.1
1376770 2377.1
1376780 2377.4
1376790 2377.9
1376800 2377.9
1376810 2378.0
1376820 2378.6
1376830 2378.6
1376840 2381.7
1376850 2381.9
1376860 2381.9
1376870 2384.0
1376880 2386.4
1376890 2386.3
1376900 2386.3
1376910 2382.6
1376920 2387.0
1376930 2387.0
1376940 2384.9
1376950 2385.1
1376960 2385.1
1376970 2382.0
1376980 2373.7
1376990 2373.7
1377000 2371.2
1377010 2367.6
1377020 2367.6
1377030 2370.2
1377040 2370.8
1377050 2370.8
1377060 2370.5
1377070 2373.1
1377080 2375.2
1377090 2375.2
1377100 2368.5
1377110 2365.5
1377120 2365.5
1377130 2362.2
1377140 2358.0
1377150 2358.0
1377160 2362.5
1377170 2371.3
1377180 2371.3
1377190 2378.4
1377200 2382.1
1377210 2382.1
1377220 2383.1
1377230 2383.5
1377240 2383.5
1377250 2387.1
1377260 2388.9
1377270 2391.5
1377280 2391.5
1377290 2396.0
1377300 2399.2
1377310 2399.2
1377320 2404.0
1377330 2406.1
1377340 2406.1
1377350 2407.0
1377360 2410.3
1377370 2410.3
1377380 2414.6
1377390 2416.1
1377400 2416.1
1377410 2417.3
1377420 2419.6
1377430 2422.8
1377440 2422.8
1377450 2426.3
1377460 2430.1
1377470 2430.1
1377480 2434.0
1377490 2438.5
1377500 2438.5
1377510 2444.1
1377520 2449.2
1377530 2449.2
1377540 2451.6
1377550 2453.3
1377560 2453.3
1377570 2455.6
1377580 2457.1
1377590 2457.1
1377600 2457.5
1377610 2456.3
1377620 2451.3
1377630 2451.3
1377640 2445.4
1377650 2438.3
1377660 2438.3
1377670 2428.9
1377680 2421.9
1377690 2421.9
1377700 2414.1
1377710 2407.6
1377720 2407.6
1377730 2402.1
1377740 2397.1
1377750 2397.1
1377760 2390.4
1377770 2383.4
1377780 2383.4
1377790 2377.2
1377800 2371.3
1377810 2366.6
1377820 2366.6
1377830 2362.9
1377840 2359.6
1377850 2359.6
1377860 2357.3
1377870 2353.9
1377880 2353.9
1377890 2350.6
1377900 2350.5
1377910 2350.5
1377920 2349.8
1377930 2348.7
1377940 2348.7
1377950 2346.6
1377960 2345.3
1377970 2345.3
1377980 2344.8
1377990 2344.1
1378000 2343.0
1378010 2343.0
1378020 2343.8
1378030 2345.3
1378040 2345.3
1378050 2346.7
1378060 2349.0
1378070 2349.0
1378080 2349.7
1378090 2353.0
1378100 2359.9
1378110 2362.9
1378120 2361.2
1378130 2361.2
1378140 2358.5
1378150 2356.5
1378160 2356.5
1378170 2354.1
1378180 2349.0
1378190 2336.2
1378200 2336.2
1378210 2324.9
1378220 2318.3
1378230 2318.3
1378240 2312.8
1378250 2304.3
1378260 2304.3
1378270 2293.2
1378280 2283.4
1378290 2283.4
1378300 2274.5
1378310 2267.0
1378320 2267.0
1378330 2261.5
1378340 2255.7
1378350 2255.7
1378360 2250.4
1378370 2245.8
1378380 2242.2
1378390 2242.2
1378400 2238.5
1378410 2234.3
1378420 2234.3
1378430 2230.4
1378440 2227.1
1378450 2227.1
1378460 2223.6
1378470 2219.5
1378480 2219.5
1378490 2216.3
1378500 2213.2
1378510 2213.2
1378520 2210.8
1378530 2209.1
1378540 2209.1
1378550 2209.7
1378560 2211.1
1378570 2211.6
1378580 2211.6
1378590 2212.0
1378600 2212.9
1378610 2212.9
1378620 2214.4
1378630 2215.4
1378640 2215.4
1378650 2215.8
1378660 2215.6
1378670 2215.6
1378680 2215.2
1378690 2214.5
1378700 2214.5
1378710 2214.2
1378720 2212.3
1378730 2212.3
1378740 2209.2
1378750 2207.5
1378760 2207.9
1378770 2207.9
1378780 2210.4
1378790 2211.1
1378800 2211.1
1378810 2209.8
1378820 2210.3
1378830 2210.3
1378840 2210.5
1378850 2210.4
1378860 2210.4
1378870 2209.7
1378880 2211.2
1378890 2211.2
1378900 2215.2
1378910 2221.2
1378920 2221.2
1378930 2227.4
1378940 2232.9
1378950 2239.2
1378960 2239.2
1378970 2246.4
1378980 2252.9
1378990 2252.9
1379000 2259.1
1379010 2264.7
1379020 2264.7
1379030 2269.5
1379040 2274.2
1379050 2274.2
1379060 2279.5
1379070 2286.7
1379080 2286.7
1379090 2293.8
1379100 2299.6
1379110 2299.6
1379120 2305.0
1379130 2309.5
1379140 2314.9
1379150 2314.9
1379160 2321.6
1379170 2328.2
1379180 2328.2
1379190 2333.5
1379200 2337.7
1379210 2337.7
1379220 2342.0
1379230 2346.4
1379240 2346.4
1379250 2350.6
1379260 2353.7
1379270 2353.7
1379280 2357.6
1379290 2362.6
1379300 2362.8
1379310 2368.8
1379320 2374.9
1379330 2380.7
1379340 2380.7
1379350 2386.7
1379360 2392.2
1379370 2392.2
1379380 2397.8
1379390 2403.7
1379400 2403.7
1379410 2410.8
1379420 2418.5
1379430 2418.5
1379440 2425.7
1379450 2432.5
1379460 2432.5
1379470 2439.6
1379480 2445.0
1379490 2445.0
1379500 2446.9
1379510 2448.4
1379520 2447.5
1379530 2447.5
1379540 2445.5
1379550 2440.9
1379560 2440.9
1379570 2435.7
1379580 2431.1
1379590 2431.1
1379600 2426.4
1379610 2422.7
1379620 2422.7
1379630 2417.1
1379640 2411.2
1379650 2411.2
1379660 2405.0
1379670 2398.9
1379680 2398.9
1379690 2393.9
1379700 2389.8
1379710 2386.2
1379720 2386.2
1379730 2383.3
1379740 2381.5
1379750 2381.5
1379760 2380.6
1379770 2378.9
1379780 2378.9
1379790 2375.4
1379800 2373.4
1379810 2373.4
1379820 2372.6
1379830 2371.9
1379840 2371.9
1379850 2370.0
1379860 2367.5
1379870 2367.5
1379880 2364.8
1379890 2362.5
1379900 2360.3
1379910 2360.3
1379920 2357.6
1379930 2355.5
1379940 2355.5
1379950 2353.9
1379960 2353.7
1379970 2353.7
1379980 2351.3
1379990 2348.0
