1360000 2147.3
1360010 2144.1
1360020 2141.3
1360030 2141.3
1360040 2138.3
1360050 2135.4
1360060 2135.4
1360070 2134.3
1360080 2134.8
1360090 2134.3
1360100 2134.3
1360110 2132.0
1360120 2128.5
1360130 2128.5
1360140 2125.2
1360150 2122.7
1360160 2122.7
1360170 2119.9
1360180 2116.1
1360190 2116.1
1360200 2107.5
1360210 2107.4
1360220 2107.4
1360230 2108.8
1360240 2109.3
1360250 2109.3
1360260 2107.9
1360270 2107.0
1360280 2104.8
1360290 2104.8
1360300 2101.3
1360310 2093.4
1360320 2093.4
1360330 2086.3
1360340 2081.3
1360350 2081.3
1360360 2078.1
1360370 2074.9
1360380 2074.9
1360390 2070.5
1360400 2066.4
1360410 2066.4
1360420 2061.2
1360430 2060.0
1360440 2060.0
1360450 2055.4
1360460 2045.9
1360470 2042.1
1360480 2042.1
1360490 2039.7
1360500 2035.7
1360510 2035.7
1360520 2031.2
1360530 2026.5
1360540 2026.5
1360550 2023.1
1360560 2019.9
1360570 2019.9
1360580 2017.1
1360590 2014.5
1360600 2014.5
1360610 2011.2
1360620 2008.5
1360630 2008.5
1360640 2007.6
1360650 2004.8
1360660 1999.9
1360670 1999.9
1360680 1993.8
1360690 1987.5
1360700 1987.5
1360710 1983.3
1360720 1980.0
1360730 1980.0
1360740 1976.9
1360750 1972.1
1360760 1972.1
1360770 1967.8
1360780 1966.5
1360790 1966.5
1360800 1964.5
1360810 1962.7
1360820 1962.7
1360830 1961.5
1360840 1960.8
1360850 1959.6
1360860 1959.6
1360870 1957.7
1360880 1955.4
1360890 1955.4
1360900 1953.0
1360910 1950.5
1360920 1950.5
1360930 1947.5
1360940 1944.7
1360950 1944.7
1360960 1941.9
1360970 1939.6
1360980 1939.6
1360990 1937.7
1361000 1935.4
1361010 1935.4
1361020 1933.3
1361030 1931.6
1361040 1930.1
1361050 1930.1
1361060 1928.8
1361070 1927.5
1361080 1927.5
1361090 1925.4
1361100 1924.0
1361110 1924.0
1361120 1924.1
1361130 1925.7
1361140 1925.7
1361150 1926.2
1361160 1924.3
1361170 1924.3
1361180 1922.0
1361190 1921.0
1361200 1921.0
1361210 1919.8
1361220 1919.8
1361230 1920.0
1361240 1920.0
1361250 1915.1
1361260 1907.6
1361270 1907.6
1361280 1906.4
1361290 1908.7
1361300 1908.7
1361310 1912.4
1361320 1914.5
1361330 1914.5
1361340 1916.4
1361350 1917.8
1361360 1917.8
1361370 1916.4
1361380 1917.8
1361390 1917.8
1361400 1918.8
1361410 1918.9
1361420 1919.3
1361430 1919.3
1361440 1919.1
1361450 1918.6
1361460 1918.6
1361470 1918.2
1361480 1918.2
1361490 1918.2
1361500 1918.2
1361510 1918.6
1361520 1918.6
1361530 1919.0
1361540 1920.4
1361550 1920.4
1361560 1921.0
1361570 1920.3
1361580 1920.3
1361590 1920.1
1361600 1919.4
1361610 1919.5
1361620 1919.5
1361630 1919.4
1361640 1919.2
1361650 1919.2
1361660 1918.8
1361670 1918.3
1361680 1918.3
1361690 1918.4
1361700 1917.8
1361710 1917.8
1361720 1917.9
1361730 1918.4
1361740 1918.4
1361750 1918.7
1361760 1919.0
1361770 1919.0
1361780 1919.5
1361790 1921.2
1361800 1922.9
1361810 1922.9
1361820 1924.9
1361830 1926.7
1361840 1926.7
1361850 1927.7
1361860 1929.3
1361870 1929.3
1361880 1930.2
1361890 1930.1
1361900 1930.1
1361910 1929.6
1361920 1929.8
1361930 1929.8
1361940 1931.4
1361950 1933.9
1361960 1933.9
1361970 1936.1
1361980 1938.2
1361990 1941.0
1362000 1941.0
1362010 1943.7
1362020 1945.9
1362030 1945.9
1362040 1947.8
1362050 1949.4
1362060 1949.4
1362070 1949.6
1362080 1949.1
1362090 1949.1
1362100 1949.7
1362110 1951.3
1362120 1951.3
1362130 1954.0
1362140 1956.6
1362150 1956.6
1362160 1957.5
1362170 1959.6
1362180 1961.1
1362190 1961.1
1362200 1962.0
1362210 1963.2
1362220 1963.2
1362230 1964.5
1362240 1966.0
1362250 1970.0
1362260 1971.5
1362270 1972.5
1362280 1972.5
1362290 1973.7
1362300 1975.0
1362310 1975.0
1362320 1976.8
1362330 1979.2
1362340 1979.2
1362350 1983.2
1362360 1986.5
1362370 1987.6
1362380 1987.6
1362390 1989.0
1362400 1990.7
1362410 1990.7
1362420 1992.8
1362430 1995.5
1362440 1995.5
1362450 1998.4
1362460 2001.8
1362470 2001.8
1362480 2005.5
1362490 2009.0
1362500 2009.0
1362510 2012.6
1362520 2017.8
1362530 2017.8
1362540 2022.6
1362550 2028.0
1362560 2032.4
1362570 2032.4
1362580 2036.6
1362590 2041.3
1362600 2041.3
1362610 2044.5
1362620 2045.3
1362630 2045.3
1362640 2044.6
1362650 2043.5
1362660 2043.5
1362670 2043.4
1362680 2044.6
1362690 2044.6
1362700 2047.8
1362710 2053.8
1362720 2053.8
1362730 2061.7
1362740 2069.8
1362750 2074.6
1362760 2074.6
1362770 2078.1
1362780 2082.4
1362790 2082.4
1362800 2086.7
1362810 2091.3
1362820 2091.3
1362830 2095.6
1362840 2100.1
1362850 2100.1
1362860 2104.9
1362870 2109.6
1362880 2109.6
1362890 2114.5
1362900 2119.2
1362910 2119.2
1362920 2124.1
1362930 2129.3
1362940 2133.7
1362950 2133.7
1362960 2137.4
1362970 2141.6
1362980 2141.6
1362990 2146.1
1363000 2149.9
1363010 2149.9
1363020 2153.5
1363030 2157.5
1363040 2157.5
1363050 2162.4
1363060 2168.0
1363070 2168.0
1363080 2173.7
1363090 2180.1
1363100 2180.1
1363110 2186.5
1363120 2192.8
1363130 2198.7
1363140 2198.7
1363150 2204.1
1363160 2208.8
1363170 2208.8
1363180 2212.8
1363190 2216.6
1363200 2216.6
1363210 2221.1
1363220 2225.3
1363230 2225.3
1363240 2229.4
1363250 2232.9
1363260 2232.9
1363270 2236.5
1363280 2243.1
1363290 2243.1
1363300 2246.7
1363310 2250.4
1363320 2254.2
1363330 2254.2
1363340 2257.4
1363350 2260.5
1363360 2260.5
1363370 2262.6
1363380 2264.7
1363390 2264.7
1363400 2266.6
1363410 2269.0
1363420 2269.0
1363430 2271.7
1363440 2273.9
1363450 2273.9
1363460 2275.3
1363470 2275.8
1363480 2275.8
1363490 2276.2
1363500 2276.3
1363510 2275.8
1363520 2275.8
1363530 2275.0
1363540 2273.6
1363550 2273.6
1363560 2272.3
1363570 2270.7
1363580 2270.7
1363590 2268.6
1363600 2266.8
1363610 2266.8
1363620 2264.8
1363630 2262.5
1363640 2262.5
1363650 2259.8
1363660 2257.8
1363670 2257.8
1363680 2255.9
1363690 2254.0
1363700 2253.1
1363710 2253.1
1363720 2251.0
1363730 2248.3
1363740 2248.3
1363750 2246.4
1363760 2244.5
1363770 2244.5
1363780 2243.2
1363790 2241.6
1363800 2241.6
1363810 2239.1
1363820 2236.3
1363830 2236.3
1363840 2233.7
1363850 2231.2
1363860 2231.2
1363870 2229.6
1363880 2228.2
1363890 2225.8
1363900 2225.8
1363910 2223.5
1363920 2221.1
1363930 2221.1
1363940 2218.8
1363950 2217.0
1363960 2217.0
1363970 2214.9
1363980 2213.1
1363990 2213.1
1364000 2211.4
1364010 2208.3
1364020 2208.3
1364030 2205.0
1364040 2201.9
1364050 2201.9
1364060 2199.0
1364070 2196.2
1364080 2193.2
1364090 2193.2
1364100 2190.6
1364110 2188.3
1364120 2188.3
1364130 2186.2
1364140 2184.3
1364150 2184.3
1364160 2181.1
1364170 2178.9
1364180 2178.9
1364190 2177.0
1364200 2174.7
1364210 2174.7
1364220 2172.5
1364230 2170.6
1364240 2170.6
1364250 2167.6
1364260 2164.7
1364270 2161.8
1364280 2161.8
1364290 2159.3
1364300 2156.5
1364310 2156.5
1364320 2153.0
1364330 2151.3
1364340 2151.3
1364350 2147.6
1364360 2145.4
1364370 2145.4
1364380 2143.6
1364390 2141.2
1364400 2141.2
1364410 2138.5
1364420 2136.4
1364430 2136.4
1364440 2134.1
1364450 2131.3
1364460 2128.8
1364470 2128.8
1364480 2126.5
1364490 2124.7
1364500 2124.7
1364510 2123.2
1364520 2120.5
1364530 2120.5
1364540 2117.8
1364550 2116.0
1364560 2116.0
1364570 2113.6
1364580 2109.2
1364590 2109.2
1364600 2105.3
1364610 2103.7
1364620 2103.7
1364630 2103.3
1364640 2102.6
1364650 2102.9
1364660 2102.9
1364670 2104.5
1364680 2105.9
1364690 2105.9
1364700 2107.4
1364710 2108.7
1364720 2108.7
1364730 2109.9
1364740 2110.9
1364750 2110.9
1364760 2111.7
1364770 2111.7
1364780 2111.7
1364790 2110.8
1364800 2107.7
1364810 2107.7
1364820 2101.7
1364830 2095.4
1364840 2089.2
1364850 2089.2
1364860 2084.6
1364870 2081.0
1364880 2081.0
1364890 2076.7
1364900 2075.2
1364910 2075.2
1364920 2073.8
1364930 2071.8
1364940 2071.8
1364950 2069.7
1364960 2065.7
1364970 2065.7
1364980 2061.9
1364990 2059.0
1365000 2059.0
1365010 2056.7
1365020 2053.7
1365030 2048.6
1365040 2048.6
1365050 2042.0
1365060 2037.3
1365070 2037.3
1365080 2032.9
1365090 2027.8
1365100 2027.8
1365110 2022.0
1365120 2016.8
1365130 2016.8
1365140 2011.3
1365150 2007.7
1365160 2007.7
1365170 2005.9
1365180 2004.2
1365190 2004.2
1365200 2001.9
1365210 1998.2
1365220 1993.5
1365230 1993.5
1365240 1991.1
1365250 1989.1
1365260 1989.1
1365270 1986.1
1365280 1982.6
1365290 1982.6
1365300 1979.1
1365310 1975.8
1365320 1975.8
1365330 1972.4
1365340 1969.3
1365350 1969.3
1365360 1966.0
1365370 1962.9
1365380 1962.9
1365390 1955.5
1365400 1953.2
1365410 1950.7
1365420 1950.7
1365430 1948.4
1365440 1945.5
1365450 1945.5
1365460 1942.7
1365470 1940.0
1365480 1940.0
1365490 1937.3
1365500 1935.8
1365510 1935.8
1365520 1934.2
1365530 1932.3
1365540 1932.3
1365550 1930.8
1365560 1927.0
1365570 1927.0
1365580 1924.6
1365590 1925.7
1365600 1924.6
1365610 1924.6
1365620 1922.6
1365630 1919.8
1365640 1919.8
1365650 1917.4
1365660 1916.5
1365670 1916.5
1365680 1915.6
1365690 1914.2
1365700 1914.2
1365710 1912.3
1365720 1910.0
1365730 1910.0
1365740 1907.8
1365750 1905.1
1365760 1905.1
1365770 1901.9
1365780 1899.4
1365790 1896.8
1365800 1896.8
1365810 1894.3
1365820 1892.4
1365830 1892.4
1365840 1891.6
1365850 1891.1
1365860 1891.1
1365870 1889.4
1365880 1886.7
1365890 1886.7
1365900 1884.6
1365910 1882.4
1365920 1882.4
1365930 1880.8
1365940 1879.1
1365950 1879.1
1365960 1876.8
1365970 1873.9
1365980 1871.5
1365990 1871.5
1366000 1869.3
1366010 1867.5
1366020 1867.5
1366030 1865.9
1366040 1864.0
1366050 1864.0
1366060 1861.4
1366070 1858.3
1366080 1858.3
1366090 1853.8
1366100 1846.5
1366110 1846.5
1366120 1839.5
1366130 1836.3
1366140 1836.3
1366150 1833.9
1366160 1827.8
1366170 1819.5
1366180 1819.5
1366190 1812.7
1366200 1810.8
1366210 1810.8
1366220 1814.7
1366230 1820.0
1366240 1820.0
1366250 1825.2
1366260 1826.5
1366270 1826.5
1366280 1829.6
1366290 1828.4
1366300 1828.4
1366310 1822.7
1366320 1819.6
1366330 1819.6
1366340 1812.3
1366350 1806.9
1366360 1807.1
1366370 1807.1
1366380 1807.5
1366390 1805.5
1366400 1805.5
1366410 1803.6
1366420 1799.2
1366430 1799.2
1366440 1794.3
1366450 1791.0
1366460 1801.4
1366470 1801.4
1366480 1798.8
1366490 1798.8
1366500 1797.8
1366510 1794.6
1366520 1794.6
1366530 1789.6
1366540 1789.0
1366550 1792.9
1366560 1792.9
1366570 1797.5
1366580 1797.6
1366590 1797.6
1366600 1800.7
1366610 1801.0
1366620 1801.0
1366630 1797.1
1366640 1792.3
1366650 1792.3
1366660 1789.5
1366670 1786.7
1366680 1786.7
1366690 1784.0
1366700 1782.8
1366710 1782.8
1366720 1781.2
1366730 1779.0
1366740 1775.5
1366750 1775.5
1366760 1773.4
1366770 1771.3
1366780 1771.3
1366790 1768.9
1366800 1769.4
1366810 1769.4
1366820 1768.7
1366830 1765.5
1366840 1765.5
1366850 1763.0
1366860 1759.3
1366870 1759.3
1366880 1758.5
1366890 1759.3
1366900 1759.3
1366910 1761.1
1366920 1763.0
1366930 1762.6
1366940 1762.6
1366950 1762.2
1366960 1763.4
1366970 1763.4
1366980 1762.5
1366990 1763.8
1367000 1763.8
1367010 1761.1
1367020 1756.1
1367030 1756.1
1367040 1747.8
1367050 1739.3
1367060 1739.3
1367070 1730.4
1367080 1722.8
1367090 1722.8
1367100 1716.9
1367110 1712.1
1367120 1706.5
1367130 1706.5
1367140 1697.8
1367150 1690.2
1367160 1690.2
1367170 1689.8
1367180 1700.8
1367190 1700.8
1367200 1709.1
1367210 1719.6
1367220 1719.6
1367230 1731.2
1367240 1737.2
1367250 1737.2
1367260 1743.8
1367270 1750.9
1367280 1750.9
1367290 1757.8
1367300 1764.4
1367310 1770.8
1367320 1770.8
1367330 1775.7
1367340 1780.0
1367350 1780.0
1367360 1783.4
1367370 1784.4
1367380 1784.4
1367390 1785.7
1367400 1787.8
1367410 1787.8
1367420 1787.6
1367430 1787.3
1367440 1787.3
1367450 1784.3
1367460 1780.7
1367470 1780.7
1367480 1778.8
1367490 1778.0
1367500 1779.1
1367510 1779.1
1367520 1784.0
1367530 1792.6
1367540 1792.6
1367550 1795.9
1367560 1799.9
1367570 1799.9
1367580 1803.3
1367590 1805.4
1367600 1805.4
1367610 1808.6
1367620 1811.6
1367630 1811.6
1367640 1813.7
1367650 1815.4
1367660 1815.4
1367670 1817.3
1367680 1819.2
1367690 1822.1
1367700 1822.1
1367710 1825.4
1367720 1827.6
1367730 1827.6
1367740 1826.2
1367750 1824.3
1367760 1824.3
1367770 1822.6
1367780 1821.0
1367790 1821.0
1367800 1820.3
1367810 1819.6
1367820 1819.6
1367830 1819.4
1367840 1819.1
1367850 1819.1
1367860 1819.8
1367870 1823.1
1367880 1830.2
1367890 1830.2
1367900 1837.5
1367910 1844.4
1367920 1844.4
1367930 1850.5
1367940 1855.8
1367950 1855.8
1367960 1860.8
1367970 1869.4
1367980 1869.4
1367990 1883.8
1368000 1887.1
1368010 1887.1
1368020 1887.9
1368030 1888.3
1368040 1888.3
1368050 1890.2
1368060 1891.2
1368070 1891.8
1368080 1891.8
1368090 1892.1
1368100 1892.0
1368110 1892.0
1368120 1891.0
1368130 1889.9
1368140 1889.9
1368150 1889.4
1368160 1888.5
1368170 1888.5
1368180 1886.9
1368190 1885.1
1368200 1885.1
1368210 1883.4
1368220 1881.5
1368230 1881.5
1368240 1879.3
1368250 1877.0
1368260 1873.6
1368270 1873.6
1368280 1870.3
1368290 1867.4
1368300 1867.4
1368310 1864.0
1368320 1860.3
1368330 1860.3
1368340 1856.2
1368350 1852.5
1368360 1852.5
1368370 1848.7
1368380 1843.8
1368390 1843.8
1368400 1838.9
1368410 1834.4
1368420 1834.4
1368430 1829.2
1368440 1824.3
1368450 1820.0
1368460 1820.0
1368470 1815.1
1368480 1810.5
1368490 1810.5
1368500 1805.7
1368510 1800.4
1368520 1800.4
1368530 1794.6
1368540 1789.0
1368550 1789.0
1368560 1783.7
1368570 1779.5
1368580 1779.5
1368590 1774.8
1368600 1769.4
1368610 1769.4
1368620 1765.9
1368630 1762.9
1368640 1758.8
1368650 1758.8
1368660 1754.0
1368670 1750.7
1368680 1750.7
1368690 1748.0
1368700 1743.8
1368710 1743.8
1368720 1739.5
1368730 1735.6
1368740 1735.6
1368750 1731.8
1368760 1728.1
1368770 1728.1
1368780 1723.9
1368790 1718.1
1368800 1718.1
1368810 1711.4
1368820 1704.1
1368830 1695.8
1368840 1695.8
1368850 1687.6
1368860 1678.5
1368870 1678.5
1368880 1668.6
1368890 1658.2
1368900 1658.2
1368910 1648.7
1368920 1638.6
1368930 1638.6
1368940 1634.4
1368950 1639.6
1368960 1639.6
1368970 1646.4
1368980 1654.8
1368990 1654.8
1369000 1663.6
1369010 1672.4
1369020 1681.1
1369030 1681.1
1369040 1689.9
1369050 1698.2
1369060 1698.2
1369070 1706.6
1369080 1715.3
1369090 1715.3
1369100 1723.1
1369110 1728.3
1369120 1728.3
1369130 1733.0
1369140 1738.7
1369150 1738.7
1369160 1746.0
1369170 1756.5
1369180 1756.5
1369190 1766.9
1369200 1774.0
1369210 1780.3
1369220 1780.3
1369230 1786.8
1369240 1792.8
1369250 1792.8
1369260 1798.6
1369270 1804.4
1369280 1804.4
1369290 1809.7
1369300 1815.5
1369310 1815.5
1369320 1821.9
1369330 1828.6
1369340 1828.6
1369350 1834.7
1369360 1838.9
1369370 1838.9
1369380 1842.2
1369390 1845.4
1369400 1847.8
1369410 1847.8
1369420 1850.1
1369430 1852.7
1369440 1852.7
1369450 1855.9
1369460 1858.5
1369470 1858.5
1369480 1860.8
1369490 1862.5
1369500 1862.5
1369510 1863.4
1369520 1864.8
1369530 1864.8
1369540 1866.4
1369550 1867.8
1369560 1867.8
1369570 1869.6
1369580 1871.7
1369590 1873.0
1369600 1873.0
1369610 1873.6
1369620 1873.4
1369630 1873.4
1369640 1872.6
1369650 1873.2
1369660 1873.2
1369670 1874.5
1369680 1875.6
1369690 1875.6
1369700 1877.1
1369710 1886.9
1369720 1886.9
1369730 1890.0
1369740 1891.8
1369750 1891.8
1369760 1892.4
1369770 1892.9
1369780 1893.2
1369790 1893.2
1369800 1893.5
1369810 1893.2
1369820 1893.2
1369830 1893.3
1369840 1894.0
1369850 1894.0
1369860 1894.5
1369870 1894.4
1369880 1894.4
1369890 1894.2
1369900 1894.3
1369910 1894.3
1369920 1893.9
1369930 1892.9
1369940 1892.9
1369950 1891.7
1369960 1889.5
1369970 1887.6
1369980 1887.6
1369990 1886.4
1370000 1884.5
1370010 1884.5
1370020 1882.2
1370030 1879.4
1370040 1879.4
1370050 1875.5
1370060 1872.5
1370070 1872.5
1370080 1871.6
1370090 1870.9
1370100 1870.9
1370110 1871.4
1370120 1873.1
1370130 1873.1
1370140 1871.9
1370150 1871.9
1370160 1873.8
1370170 1873.8
1370180 1876.5
1370190 1875.6
1370200 1875.6
1370210 1868.1
1370220 1862.5
1370230 1862.5
1370240 1867.7
1370250 1872.5
1370260 1872.5
1370270 1870.8
1370280 1868.0
1370290 1868.0
1370300 1865.4
1370310 1866.5
1370320 1866.5
1370330 1869.7
1370340 1871.7
1370350 1872.9
1370360 1872.9
1370370 1875.8
1370380 1878.2
1370390 1878.2
1370400 1880.3
1370410 1882.0
1370420 1882.0
1370430 1879.8
1370440 1876.3
1370450 1876.3
1370460 1871.9
1370470 1873.0
1370480 1873.0
1370490 1875.6
1370500 1879.6
1370510 1879.6
1370520 1885.3
1370530 1891.7
1370540 1894.9
1370550 1894.9
1370560 1889.9
1370570 1883.3
1370580 1883.3
1370590 1878.8
1370600 1873.7
1370610 1873.7
1370620 1871.5
1370630 1873.8
1370640 1873.8
1370650 1876.7
1370660 1881.6
1370670 1881.6
1370680 1886.5
1370690 1889.0
1370700 1889.0
1370710 1890.3
1370720 1892.7
1370730 1895.9
1370740 1895.9
1370750 1899.1
1370760 1901.5
1370770 1901.5
1370780 1903.9
1370790 1906.8
1370800 1906.8
1370810 1912.5
1370820 1914.0
1370830 1914.0
1370840 1913.7
1370850 1915.0
1370860 1915.0
1370870 1917.9
1370880 1920.8
1370890 1920.8
1370900 1922.9
1370910 1924.6
1370920 1926.2
1370930 1926.2
1370940 1928.0
1370950 1928.7
1370960 1928.7
1370970 1928.7
1370980 1929.3
1370990 1929.3
1371000 1929.3
1371010 1930.0
1371020 1930.0
1371030 1931.8
1371040 1933.6
1371050 1933.6
1371060 1933.9
1371070 1933.9
1371080 1933.9
1371090 1933.8
1371100 1934.5
1371110 1935.5
1371120 1935.5
1371130 1935.3
1371140 1936.2
1371150 1936.2
1371160 1937.4
1371170 1939.0
1371180 1939.0
1371190 1940.4
1371200 1941.4
1371210 1941.4
1371220 1942.4
1371230 1943.5
1371240 1943.5
1371250 1944.8
1371260 1946.7
1371270 1946.7
1371280 1948.6
1371290 1950.4
1371300 1952.6
1371310 1952.6
1371320 1955.4
1371330 1958.3
1371340 1958.3
1371350 1960.7
1371360 1963.1
1371370 1963.1
1371380 1965.7
1371390 1969.0
1371400 1969.0
1371410 1972.3
1371420 1974.9
1371430 1974.9
1371440 1977.1
1371450 1979.5
1371460 1979.5
1371470 1982.0
1371480 1982.9
1371490 1986.9
1371500 1986.9
1371510 1992.8
1371520 1997.8
1371530 1997.8
1371540 2002.5
1371550 2007.6
1371560 2007.6
1371570 2009.6
1371580 2010.1
1371590 2010.1
1371600 2011.6
1371610 2013.1
1371620 2013.1
1371630 2013.7
1371640 2015.7
1371650 2015.7
1371660 2016.8
1371670 2016.9
1371680 2017.5
1371690 2017.5
1371700 2017.9
1371710 2018.6
1371720 2018.6
1371730 2019.1
1371740 2019.0
1371750 2019.0
1371760 2019.7
1371770 2020.9
1371780 2020.9
1371790 2022.4
1371800 2024.5
1371810 2024.5
1371820 2027.7
1371830 2028.8
1371840 2028.8
1371850 2029.9
1371860 2031.5
1371870 2033.5
1371880 2033.5
1371890 2034.7
1371900 2034.6
1371910 2034.6
1371920 2033.9
1371930 2038.1
1371940 2038.1
1371950 2037.6
1371960 2037.6
1371970 2037.6
1371980 2037.2
1371990 2036.2
1372000 2036.2
1372010 2034.3
1372020 2032.7
1372030 2032.7
1372040 2033.4
1372050 2036.4
1372060 2039.8
1372070 2039.8
1372080 2042.3
1372090 2043.6
1372100 2043.6
1372110 2046.2
1372120 2047.2
1372130 2047.2
1372140 2048.5
1372150 2052.5
1372160 2052.5
1372170 2058.3
1372180 2062.3
1372190 2062.3
1372200 2065.4
1372210 2072.5
1372220 2072.5
1372230 2077.4
1372240 2083.2
1372250 2092.0
1372260 2092.0
1372270 2100.9
1372280 2108.1
1372290 2108.1
1372300 2110.3
1372310 2106.5
1372320 2106.5
1372330 2104.1
1372340 2104.1
1372350 2104.1
1372360 2105.8
1372370 2105.0
1372380 2105.0
1372390 2102.7
1372400 2101.5
1372410 2101.5
1372420 2100.7
1372430 2101.1
1372440 2102.4
1372450 2102.4
1372460 2103.7
1372470 2107.9
1372480 2107.9
1372490 2113.8
1372500 2118.6
1372510 2118.6
1372520 2122.1
1372530 2125.1
1372540 2125.1
1372550 2127.7
1372560 2130.5
1372570 2130.5
1372580 2134.7
1372590 2137.7
1372600 2137.7
1372610 2140.1
1372620 2143.8
1372630 2148.7
1372640 2148.7
1372650 2152.2
1372660 2155.1
1372670 2155.1
1372680 2156.9
1372690 2156.4
1372700 2156.4
1372710 2155.5
1372720 2154.3
1372730 2154.3
1372740 2152.9
1372750 2152.2
1372760 2152.2
1372770 2152.2
1372780 2151.6
1372790 2151.6
1372800 2150.4
1372810 2147.1
1372820 2144.9
1372830 2144.9
1372840 2142.5
1372850 2142.6
1372860 2142.6
1372870 2142.3
1372880 2143.1
1372890 2143.1
1372900 2143.6
1372910 2142.1
1372920 2142.1
1372930 2140.4
1372940 2137.8
1372950 2137.8
1372960 2134.6
1372970 2135.4
1372980 2135.4
1372990 2136.8
1373000 2137.1
1373010 2137.3
1373020 2137.3
1373030 2138.6
1373040 2140.2
1373050 2140.2
1373060 2148.0
1373070 2149.3
1373080 2149.3
1373090 2150.1
1373100 2150.5
1373110 2150.5
1373120 2149.8
1373130 2149.5
1373140 2149.5
1373150 2149.7
1373160 2149.9
1373170 2149.9
1373180 2149.8
1373190 2149.0
1373200 2146.6
1373210 2146.6
1373220 2143.3
1373230 2141.1
1373240 2141.1
1373250 2138.5
1373260 2135.8
1373270 2135.8
1373280 2132.6
1373290 2128.2
1373300 2128.2
1373310 2123.8
1373320 2119.7
1373330 2119.7
1373340 2113.4
1373350 2106.8
1373360 2106.8
1373370 2101.1
1373380 2095.1
1373390 2089.6
1373400 2089.6
1373410 2084.4
1373420 2078.9
1373430 2078.9
1373440 2072.5
1373450 2066.0
1373460 2066.0
1373470 2061.3
1373480 2057.4
1373490 2057.4
1373500 2053.3
1373510 2048.3
1373520 2048.3
1373530 2043.5
1373540 2038.9
1373550 2038.9
1373560 2034.1
1373570 2029.3
1373580 2024.7
1373590 2024.7
1373600 2019.6
1373610 2014.2
1373620 2014.2
1373630 2008.3
1373640 2002.7
1373650 2002.7
1373660 1996.7
1373670 1989.1
1373680 1989.1
1373690 1982.0
1373700 1976.3
1373710 1976.3
1373720 1971.3
1373730 1966.5
1373740 1966.5
1373750 1961.5
1373760 1956.5
1373770 1951.7
1373780 1951.7
1373790 1947.3
1373800 1942.2
1373810 1942.2
1373820 1936.1
1373830 1929.7
1373840 1929.7
1373850 1922.4
1373860 1914.8
1373870 1914.8
1373880 1907.0
1373890 1900.1
1373900 1900.1
1373910 1894.9
1373920 1889.6
1373930 1889.6
1373940 1884.4
1373950 1878.6
1373960 1872.7
1373970 1872.7
1373980 1865.4
1373990 1857.1
1374000 1857.1
1374010 1848.8
1374020 1841.2
1374030 1841.2
1374040 1834.0
1374050 1827.0
1374060 1827.0
1374070 1819.7
1374080 1810.3
1374090 1810.3
1374100 1799.3
1374110 1790.5
1374120 1790.5
1374130 1782.2
1374140 1774.2
1374150 1766.8
1374160 1766.8
1374170 1759.8
1374180 1752.8
1374190 1752.7
1374200 1746.2
1374210 1739.7
1374220 1739.7
1374230 1733.1
1374240 1726.7
1374250 1726.7
1374260 1720.1
1374270 1713.3
1374280 1713.3
1374290 1706.2
1374300 1698.7
1374310 1698.7
1374320 1692.0
1374330 1688.1
1374340 1684.8
1374350 1684.8
1374360 1681.9
1374370 1678.8
1374380 1678.8
1374390 1676.6
1374400 1675.7
1374410 1675.7
1374420 1674.9
1374430 1674.3
1374440 1674.3
1374450 1673.3
1374460 1672.6
1374470 1672.6
1374480 1672.2
1374490 1671.3
1374500 1671.3
1374510 1667.3
1374520 1661.7
1374530 1655.4
1374540 1655.4
1374550 1647.0
1374560 1638.1
1374570 1638.1
1374580 1632.9
1374590 1638.2
1374600 1638.2
1374610 1645.4
1374620 1654.3
1374630 1654.3
1374640 1663.6
1374650 1671.4
1374660 1671.4
1374670 1673.5
1374680 1674.3
1374690 1674.3
1374700 1674.6
1374710 1674.7
1374720 1677.4
1374730 1677.4
1374740 1682.9
1374750 1688.5
1374760 1688.5
1374770 1695.2
1374780 1702.5
1374790 1702.5
1374800 1709.6
1374810 1716.9
1374820 1716.9
1374830 1724.2
1374840 1731.4
1374850 1731.4
1374860 1737.8
1374870 1744.5
1374880 1744.5
1374890 1751.5
1374900 1758.0
1374910 1764.9
1374920 1764.9
1374930 1771.3
1374940 1776.0
1374950 1776.0
1374960 1780.9
1374970 1785.2
1374980 1785.2
1374990 1788.2
1375000 1790.4
1375010 1790.4
1375020 1792.6
1375030 1795.3
1375040 1795.3
1375050 1798.1
1375060 1800.4
1375070 1800.4
1375080 1802.8
1375090 1805.6
1375100 1807.7
1375110 1807.7
1375120 1809.7
1375130 1811.6
1375140 1811.6
1375150 1814.2
1375160 1817.3
1375170 1817.3
1375180 1820.4
1375190 1823.8
1375200 1823.8
1375210 1826.9
1375220 1829.4
1375230 1829.4
1375240 1831.0
1375250 1831.8
1375260 1831.8
1375270 1830.9
1375280 1830.0
1375290 1829.4
1375300 1829.4
1375310 1829.1
1375320 1828.9
1375330 1828.9
1375340 1831.9
1375350 1832.1
1375360 1832.1
1375370 1832.6
1375380 1833.2
1375390 1833.2
1375400 1834.3
1375410 1835.5
1375420 1835.5
1375430 1837.0
1375440 1838.5
1375450 1838.5
1375460 1840.2
1375470 1841.8
1375480 1843.8
1375490 1843.8
1375500 1845.9
1375510 1848.0
1375520 1848.0
1375530 1850.6
1375540 1853.1
1375550 1853.1
1375560 1855.9
1375570 1858.5
1375580 1858.5
1375590 1860.7
1375600 1862.1
1375610 1862.1
1375620 1863.3
1375630 1864.4
1375640 1864.4
1375650 1865.4
1375660 1866.2
1375670 1863.1
1375680 1863.1
1375690 1855.0
1375700 1846.0
1375710 1846.0
1375720 1838.9
1375730 1832.1
1375740 1832.1
1375750 1824.5
1375760 1816.2
1375770 1816.2
1375780 1806.5
1375790 1795.7
1375800 1795.7
1375810 1786.3
1375820 1777.8
1375830 1777.8
1375840 1770.9
1375850 1764.6
1375860 1758.8
1375870 1758.8
1375880 1754.4
1375890 1750.8
1375900 1750.8
1375910 1746.3
1375920 1743.0
1375930 1743.0
1375940 1739.3
1375950 1734.8
1375960 1734.8
1375970 1731.3
1375980 1727.4
1375990 1727.4
1376000 1724.0
1376010 1719.9
1376020 1719.9
1376030 1715.3
1376040 1711.0
1376050 1706.4
1376060 1706.4
1376070 1702.8
1376080 1702.5
1376090 1702.5
1376100 1703.4
1376110 1702.1
1376120 1702.1
1376130 1702.5
1376140 1702.9
1376150 1702.9
1376160 1701.2
1376170 1701.4
1376180 1701.4
1376190 1702.3
1376200 1701.5
1376210 1701.5
1376220 1701.2
1376230 1698.3
1376240 1693.3
1376250 1693.3
1376260 1687.2
1376270 1679.9
1376280 1679.9
1376290 1676.7
1376300 1676.2
1376310 1676.2
1376320 1676.5
1376330 1677.2
1376340 1677.2
1376350 1677.5
1376360 1678.3
1376370 1678.3
1376380 1678.5
1376390 1675.8
1376400 1675.8
1376410 1667.7
1376420 1666.8
1376430 1668.8
1376440 1668.8
1376450 1664.8
1376460 1665.6
1376470 1665.6
1376480 1668.7
1376490 1674.5
1376500 1686.4
1376510 1695.7
1376520 1701.9
1376530 1701.9
1376540 1699.9
1376550 1698.6
1376560 1698.6
1376570 1701.6
1376580 1707.3
1376590 1707.3
1376600 1709.0
1376610 1709.5
1376620 1714.4
1376630 1714.4
1376640 1721.9
1376650 1730.1
1376660 1730.1
1376670 1738.1
1376680 1745.2
1376690 1745.2
1376700 1751.1
1376710 1756.1
1376720 1756.1
1376730 1760.9
1376740 1766.2
1376750 1766.2
1376760 1772.6
1376770 1780.1
1376780 1780.1
1376790 1788.1
1376800 1796.4
1376810 1805.4
1376820 1805.4
1376830 1815.0
1376840 1819.8
1376850 1819.8
1376860 1815.4
1376870 1811.4
1376880 1811.4
1376890 1811.5
1376900 1814.0
1376910 1814.0
1376920 1819.0
1376930 1826.1
1376940 1826.1
1376950 1834.9
1376960 1844.6
1376970 1844.6
1376980 1848.5
1376990 1845.5
1377000 1844.7
1377010 1844.7
1377020 1842.1
1377030 1836.5
1377040 1836.5
1377050 1830.9
1377060 1823.1
1377070 1823.1
1377080 1816.5
1377090 1810.3
1377100 1810.3
1377110 1804.9
1377120 1802.9
1377130 1802.9
1377140 1800.6
1377150 1797.5
1377160 1797.5
1377170 1793.9
1377180 1791.5
1377190 1790.7
1377200 1790.7
1377210 1790.3
1377220 1785.7
1377230 1785.7
1377240 1782.8
1377250 1788.5
1377260 1788.5
1377270 1793.9
1377280 1795.0
1377290 1795.0
1377300 1796.8
1377310 1798.5
1377320 1798.5
1377330 1799.9
1377340 1801.5
1377350 1801.5
1377360 1803.6
1377370 1806.4
1377380 1809.8
1377390 1809.8
1377400 1811.3
1377410 1811.9
1377420 1811.9
1377430 1812.6
1377440 1813.6
1377450 1813.6
1377460 1814.5
1377470 1815.8
1377480 1815.8
1377490 1818.4
1377500 1820.3
1377510 1820.3
1377520 1823.9
1377530 1828.8
1377540 1828.8
1377550 1834.2
1377560 1839.8
1377570 1844.9
1377580 1844.9
1377590 1849.8
1377600 1854.3
1377610 1854.3
1377620 1854.8
1377630 1854.9
1377640 1854.9
1377650 1857.7
1377660 1862.7
1377670 1862.7
1377680 1873.1
1377690 1876.8
1377700 1876.8
1377710 1880.3
1377720 1885.1
1377730 1885.1
1377740 1890.3
1377750 1894.6
1377760 1892.6
1377770 1892.6
1377780 1888.3
1377790 1885.4
1377800 1885.4
1377810 1884.9
1377820 1887.1
1377830 1887.1
1377840 1891.7
1377850 1896.7
1377860 1896.7
1377870 1902.1
1377880 1907.4
1377890 1907.4
1377900 1908.1
1377910 1904.3
1377920 1904.3
1377930 1899.7
1377940 1895.9
1377950 1892.4
1377960 1892.4
1377970 1888.7
1377980 1884.6
1377990 1884.6
1378000 1880.1
1378010 1875.8
1378020 1875.8
1378030 1872.3
1378040 1869.0
1378050 1869.0
1378060 1865.2
1378070 1861.5
1378080 1861.5
1378090 1857.3
1378100 1851.2
1378110 1851.2
1378120 1843.2
1378130 1835.2
1378140 1827.6
1378150 1827.6
1378160 1819.4
1378170 1809.7
1378180 1809.7
1378190 1800.2
1378200 1791.2
1378210 1791.2
1378220 1783.3
1378230 1776.7
1378240 1776.7
1378250 1771.2
1378260 1766.3
1378270 1766.3
1378280 1761.6
1378290 1756.3
1378300 1756.3
1378310 1749.6
1378320 1741.4
1378330 1734.1
1378340 1734.1
1378350 1728.4
1378360 1722.8
1378370 1722.8
1378380 1724.6
1378390 1729.0
1378400 1729.0
1378410 1731.5
1378420 1737.1
1378430 1737.1
1378440 1745.0
1378450 1754.1
1378460 1754.1
1378470 1761.2
1378480 1768.3
1378490 1768.3
1378500 1776.6
1378510 1784.7
1378520 1787.1
1378530 1787.1
1378540 1787.3
1378550 1787.0
1378560 1787.0
1378570 1786.8
1378580 1787.1
1378590 1787.1
1378600 1789.5
1378610 1794.5
1378620 1794.5
1378630 1800.1
1378640 1806.2
1378650 1806.2
1378660 1812.8
1378670 1818.6
1378680 1818.6
1378690 1822.7
1378700 1827.4
1378710 1832.7
1378720 1832.7
1378730 1837.2
1378740 1840.9
1378750 1840.9
1378760 1843.4
1378770 1845.5
1378780 1845.5
1378790 1848.4
1378800 1851.5
1378810 1851.5
1378820 1855.1
1378830 1858.4
1378840 1858.4
1378850 1860.8
1378860 1863.8
1378870 1867.9
1378880 1871.2
1378890 1874.9
1378900 1877.8
1378910 1877.8
1378920 1880.3
1378930 1883.5
1378940 1883.5
1378950 1887.1
1378960 1890.1
1378970 1890.1
1378980 1893.5
1378990 1896.5
1379000 1896.5
1379010 1900.9
1379020 1905.9
1379030 1905.9
1379040 1909.6
1379050 1913.7
1379060 1913.7
1379070 1917.8
1379080 1921.4
1379090 1924.7
1379100 1924.7
1379110 1927.6
1379120 1929.5
1379130 1929.5
1379140 1930.0
1379150 1929.3
1379160 1929.3
1379170 1929.4
1379180 1930.3
1379190 1930.3
1379200 1931.5
1379210 1933.1
1379220 1933.1
1379230 1935.2
1379240 1937.9
1379250 1937.9
1379260 1941.7
1379270 1945.0
1379280 1947.3
1379290 1947.3
1379300 1949.1
1379310 1950.4
1379320 1950.4
1379330 1951.2
1379340 1952.0
1379350 1952.0
1379360 1953.6
1379370 1955.0
1379380 1955.0
1379390 1956.5
1379400 1958.0
1379410 1958.0
1379420 1959.5
1379430 1960.8
1379440 1960.8
1379450 1961.5
1379460 1962.0
1379470 1962.4
1379480 1962.4
1379490 1963.4
1379500 1964.6
1379510 1964.6
1379520 1966.7
1379530 1968.8
1379540 1968.8
1379550 1970.7
1379560 1971.8
1379570 1971.8
1379580 1971.5
1379590 1970.6
1379600 1970.6
1379610 1970.2
1379620 1970.0
1379630 1970.0
1379640 1971.2
1379650 1972.1
1379660 1972.5
1379670 1972.5
1379680 1971.8
1379690 1969.9
1379700 1969.9
1379710 1968.1
1379720 1966.6
1379730 1966.6
1379740 1966.6
1379750 1966.9
1379760 1966.9
1379770 1966.5
1379780 1965.9
1379790 1965.9
1379800 1965.8
1379810 1966.4
1379820 1966.4
1379830 1966.8
1379840 1967.4
1379850 1969.1
1379860 1969.1
1379870 1973.5
1379880 1979.2
1379890 1979.2
1379900 1985.0
1379910 1990.3
1379920 1990.3
1379930 1995.9
1379940 2001.0
1379950 2001.0
1379960 2005.2
1379970 2010.5
1379980 2010.5
1379990 2015.3
