1360000 2420.6
1360010 2425.8
1360020 2425.8
1360030 2430.2
1360040 2433.4
1360050 2433.4
1360060 2436.4
1360070 2438.7
1360080 2438.7
1360090 2441.5
1360100 2444.2
1360110 2444.2
1360120 2445.7
1360130 2444.0
1360140 2444.0
1360150 2439.7
1360160 2436.6
1360170 2433.8
1360180 2433.8
1360190 2431.0
1360200 2428.3
1360210 2428.3
1360220 2426.1
1360230 2425.1
1360240 2425.1
1360250 2424.6
1360260 2424.2
1360270 2424.2
1360280 2427.3
1360290 2429.0
1360300 2429.0
1360310 2430.2
1360320 2433.8
1360330 2433.8
1360340 2435.9
1360350 2438.0
1360360 2440.2
1360370 2440.2
1360380 2442.9
1360390 2444.8
1360400 2444.8
1360410 2445.6
1360420 2446.4
1360430 2446.4
1360440 2445.1
1360450 2445.0
1360460 2445.0
1360470 2446.0
1360480 2447.8
1360490 2447.8
1360500 2448.1
1360510 2448.9
1360520 2448.9
1360530 2448.2
1360540 2450.1
1360550 2450.0
1360560 2450.0
1360570 2447.9
1360580 2443.6
1360590 2443.6
1360600 2440.8
1360610 2436.6
1360620 2436.6
1360630 2432.4
1360640 2428.0
1360650 2428.0
1360660 2422.2
1360670 2416.0
1360680 2416.0
1360690 2409.9
1360700 2403.7
1360710 2403.7
1360720 2397.0
1360730 2389.1
1360740 2375.3
1360750 2375.3
1360760 2365.2
1360770 2359.4
1360780 2359.4
1360790 2354.0
1360800 2348.3
1360810 2348.3
1360820 2343.7
1360830 2339.5
1360840 2339.5
1360850 2332.6
1360860 2319.2
1360870 2319.2
1360880 2302.8
1360890 2292.2
1360900 2292.2
1360910 2281.4
1360920 2271.9
1360930 2264.3
1360940 2264.3
1360950 2257.2
1360960 2253.1
1360970 2253.1
1360980 2251.2
1360990 2249.1
1361000 2249.1
1361010 2247.3
1361020 2244.9
1361030 2244.9
1361040 2243.0
1361050 2239.9
1361060 2239.9
1361070 2235.9
1361080 2230.6
1361090 2230.6
1361100 2224.5
1361110 2222.9
1361120 2221.7
1361130 2221.7
1361140 2221.0
1361150 2218.9
1361160 2218.9
1361170 2217.3
1361180 2216.8
1361190 2216.8
1361200 2216.1
1361210 2213.6
1361220 2213.6
1361230 2211.2
1361240 2209.8
1361250 2209.8
1361260 2209.6
1361270 2211.5
1361280 2211.5
1361290 2212.9
1361300 2211.9
1361310 2210.0
1361320 2210.0
1361330 2207.5
1361340 2204.8
1361350 2204.8
1361360 2202.2
1361370 2199.4
1361380 2199.4
1361390 2196.0
1361400 2191.7
1361410 2191.7
1361420 2186.3
1361430 2181.2
1361440 2181.2
1361450 2176.0
1361460 2171.2
1361470 2171.2
1361480 2167.4
1361490 2165.8
1361500 2165.0
1361510 2165.0
1361520 2163.9
1361530 2161.9
1361540 2161.9
1361550 2158.6
1361560 2155.2
1361570 2155.2
1361580 2151.4
1361590 2146.7
1361600 2146.7
1361610 2141.7
1361620 2137.4
1361630 2137.4
1361640 2134.2
1361650 2131.7
1361660 2131.7
1361670 2129.2
1361680 2126.2
1361690 2122.8
1361700 2122.8
1361710 2120.7
1361720 2118.5
1361730 2118.5
1361740 2115.8
1361750 2112.4
1361760 2112.4
1361770 2110.0
1361780 2107.7
1361790 2107.7
1361800 2103.4
1361810 2098.7
1361820 2098.7
1361830 2092.8
1361840 2085.9
1361850 2085.9
1361860 2079.3
1361870 2072.2
1361880 2066.1
1361890 2066.1
1361900 2060.8
1361910 2056.3
1361920 2056.3
1361930 2052.3
1361940 2048.5
1361950 2048.5
1361960 2044.6
1361970 2039.6
1361980 2039.6
1361990 2033.6
1362000 2026.7
1362010 2026.7
1362020 2021.9
1362030 2019.0
1362040 2019.0
1362050 2017.9
1362060 2015.8
1362070 2009.4
1362080 2009.4
1362090 2005.0
1362100 2002.8
1362110 2002.8
1362120 1996.3
1362130 1989.8
1362140 1989.8
1362150 1980.5
1362160 1968.2
1362170 1968.2
1362180 1955.6
1362190 1947.2
1362200 1947.2
1362210 1939.1
1362220 1931.6
1362230 1931.6
1362240 1924.4
1362250 1917.8
1362260 1911.8
1362270 1911.8
1362280 1905.7
1362290 1899.6
1362300 1899.6
1362310 1893.8
1362320 1888.2
1362330 1888.2
1362340 1883.1
1362350 1877.5
1362360 1877.5
1362370 1872.2
1362380 1867.3
1362390 1867.3
1362400 1862.4
1362410 1856.6
1362420 1856.6
1362430 1850.6
1362440 1845.7
1362450 1840.6
1362460 1840.6
1362470 1835.7
1362480 1831.1
1362490 1831.1
1362500 1827.5
1362510 1824.5
1362520 1824.5
1362530 1822.1
1362540 1819.4
1362550 1819.4
1362560 1816.4
1362570 1813.5
1362580 1813.5
1362590 1810.8
1362600 1808.1
1362610 1808.1
1362620 1805.6
1362630 1803.0
1362640 1799.5
1362650 1799.5
1362660 1796.2
1362670 1793.6
1362680 1793.6
1362690 1789.1
1362700 1785.4
1362710 1785.4
1362720 1782.5
1362730 1779.3
1362740 1779.3
1362750 1776.3
1362760 1773.2
1362770 1773.2
1362780 1769.6
1362790 1766.3
1362800 1766.3
1362810 1763.4
1362820 1760.2
1362830 1756.7
1362840 1756.7
1362850 1752.8
1362860 1748.1
1362870 1748.1
1362880 1742.9
1362890 1737.9
1362900 1737.9
1362910 1731.8
1362920 1731.8
1362930 1731.8
1362940 1737.9
1362950 1738.0
1362960 1738.0
1362970 1737.6
1362980 1745.2
1362990 1745.2
1363000 1748.5
1363010 1752.9
1363020 1758.0
1363030 1758.0
1363040 1763.3
1363050 1767.2
1363060 1767.2
1363070 1770.6
1363080 1772.9
1363090 1772.9
1363100 1774.2
1363110 1775.5
1363120 1775.5
1363130 1777.0
1363140 1778.4
1363150 1778.4
1363160 1778.4
1363170 1778.1
1363180 1778.1
1363190 1777.1
1363200 1775.8
1363210 1775.8
1363220 1774.9
1363230 1774.3
1363240 1773.9
1363250 1773.9
1363260 1773.1
1363270 1770.6
1363280 1770.6
1363290 1768.5
1363300 1766.6
1363310 1766.6
1363320 1764.7
1363330 1763.2
1363340 1763.2
1363350 1760.8
1363360 1757.9
1363370 1757.9
1363380 1754.5
1363390 1750.8
1363400 1750.8
1363410 1748.5
1363420 1746.7
1363430 1744.3
1363440 1744.3
1363450 1740.9
1363460 1737.3
1363470 1737.3
1363480 1734.6
1363490 1730.7
1363500 1730.7
1363510 1726.4
1363520 1724.6
1363530 1724.6
1363540 1723.9
1363550 1723.7
1363560 1723.7
1363570 1723.1
1363580 1722.7
1363590 1722.7
1363600 1722.4
1363610 1722.9
1363620 1722.3
1363630 1722.3
1363640 1722.2
1363650 1722.8
1363660 1722.8
1363670 1721.6
1363680 1718.3
1363690 1718.3
1363700 1713.4
1363710 1708.8
1363720 1708.8
1363730 1705.7
1363740 1705.3
1363750 1705.3
1363760 1704.9
1363770 1703.1
1363780 1703.1
1363790 1701.4
1363800 1700.9
1363810 1701.3
1363820 1701.3
1363830 1700.9
1363840 1701.0
1363850 1701.0
1363860 1701.8
1363870 1702.6
1363880 1702.6
1363890 1703.8
1363900 1704.7
1363910 1704.7
1363920 1705.6
1363930 1706.7
1363940 1706.7
1363950 1706.3
1363960 1704.2
1363970 1704.2
1363980 1702.6
1363990 1700.7
1364000 1699.1
1364010 1699.1
1364020 1698.0
1364030 1701.6
1364040 1701.6
1364050 1700.4
1364060 1700.1
1364070 1700.1
1364080 1700.1
1364090 1702.1
1364100 1702.1
1364110 1702.6
1364120 1701.9
1364130 1701.9
1364140 1701.7
1364150 1702.4
1364160 1702.4
1364170 1702.2
1364180 1703.7
1364190 1703.3
1364200 1703.3
1364210 1701.1
1364220 1694.5
1364230 1694.5
1364240 1687.4
1364250 1681.8
1364260 1681.8
1364270 1682.7
1364280 1685.4
1364290 1685.4
1364300 1683.8
1364310 1676.6
1364320 1676.6
1364330 1665.7
1364340 1657.7
1364350 1657.7
1364360 1653.9
1364370 1651.2
1364380 1649.8
1364390 1649.8
1364400 1649.3
1364410 1648.1
1364420 1648.1
1364430 1646.5
1364440 1646.2
1364450 1646.2
1364460 1646.2
1364470 1648.3
1364480 1648.3
1364490 1649.6
1364500 1649.3
1364510 1649.3
1364520 1647.9
1364530 1645.5
1364540 1645.5
1364550 1642.4
1364560 1639.5
1364570 1637.0
1364580 1637.0
1364590 1635.2
1364600 1633.4
1364610 1633.4
1364620 1631.6
1364630 1629.0
1364640 1629.0
1364650 1629.6
1364660 1630.6
1364670 1630.6
1364680 1629.7
1364690 1627.1
1364700 1627.1
1364710 1625.6
1364720 1624.4
1364730 1624.4
1364740 1622.1
1364750 1619.3
1364760 1618.2
1364770 1618.2
1364780 1617.0
1364790 1616.3
1364800 1616.3
1364810 1616.5
1364820 1617.4
1364830 1617.4
1364840 1614.8
1364850 1617.0
1364860 1617.0
1364870 1618.2
1364880 1617.1
1364890 1617.1
1364900 1617.2
1364910 1618.9
1364920 1618.9
1364930 1619.2
1364940 1621.3
1364950 1622.9
1364960 1622.9
1364970 1624.2
1364980 1627.3
1364990 1627.3
1365000 1629.7
1365010 1635.4
1365020 1635.4
1365030 1642.6
1365040 1645.9
1365050 1645.9
1365060 1651.3
1365070 1655.6
1365080 1662.2
1365090 1663.5
1365100 1664.7
1365110 1664.7
1365120 1667.0
1365130 1669.3
1365140 1672.1
1365150 1672.1
1365160 1673.6
1365170 1674.0
1365180 1674.0
1365190 1673.9
1365200 1673.7
1365210 1673.7
1365220 1673.7
1365230 1674.0
1365240 1674.0
1365250 1673.7
1365260 1673.8
1365270 1673.8
1365280 1674.8
1365290 1675.5
1365300 1675.5
1365310 1676.7
1365320 1678.6
1365330 1681.1
1365340 1681.1
1365350 1682.5
1365360 1681.6
1365370 1681.6
1365380 1680.0
1365390 1678.9
1365400 1678.9
1365410 1678.0
1365420 1677.7
1365430 1677.7
1365440 1678.3
1365450 1679.0
1365460 1679.0
1365470 1680.6
1365480 1681.6
1365490 1681.6
1365500 1681.6
1365510 1681.9
1365520 1683.3
1365530 1683.3
1365540 1683.6
1365550 1688.2
1365560 1688.2
1365570 1695.8
1365580 1698.8
1365590 1698.8
1365600 1701.7
1365610 1702.1
1365620 1702.1
1365630 1702.0
1365640 1701.0
1365650 1701.0
1365660 1699.5
1365670 1701.0
1365680 1701.0
1365690 1700.8
1365700 1700.6
1365710 1700.2
1365720 1700.2
1365730 1699.5
1365740 1696.8
1365750 1696.8
1365760 1693.8
1365770 1692.8
1365780 1692.8
1365790 1691.8
1365800 1691.4
1365810 1691.4
1365820 1689.9
1365830 1688.5
1365840 1688.5
1365850 1687.5
1365860 1687.2
1365870 1687.2
1365880 1686.1
1365890 1685.7
1365900 1686.9
1365910 1686.9
1365920 1687.8
1365930 1689.4
1365940 1689.4
1365950 1690.3
1365960 1689.5
1365970 1689.5
1365980 1688.0
1365990 1687.7
1366000 1687.7
1366010 1686.8
1366020 1686.4
1366030 1686.4
1366040 1687.2
1366050 1688.3
1366060 1688.3
1366070 1689.0
1366080 1689.3
1366090 1690.0
1366100 1690.0
1366110 1689.0
1366120 1688.9
1366130 1688.9
1366140 1705.9
1366150 1707.6
1366160 1707.6
1366170 1706.1
1366180 1706.5
1366190 1706.5
1366200 1710.2
1366210 1710.4
1366220 1710.4
1366230 1711.4
1366240 1712.1
1366250 1712.1
1366260 1711.2
1366270 1710.4
1366280 1708.0
1366290 1708.0
1366300 1706.0
1366310 1705.5
1366320 1705.5
1366330 1705.6
1366340 1705.9
1366350 1705.9
1366360 1706.4
1366370 1707.1
1366380 1707.1
1366390 1707.5
1366400 1706.9
1366410 1706.9
1366420 1706.1
1366430 1704.0
1366440 1704.0
1366450 1702.6
1366460 1702.0
1366470 1700.4
1366480 1700.4
1366490 1698.5
1366500 1696.6
1366510 1696.6
1366520 1695.3
1366530 1693.9
1366540 1693.9
1366550 1692.7
1366560 1692.3
1366570 1692.3
1366580 1691.8
1366590 1690.6
1366600 1690.6
1366610 1688.3
1366620 1685.4
1366630 1685.4
1366640 1682.2
1366650 1679.5
1366660 1679.5
1366670 1676.9
1366680 1674.4
1366690 1671.8
1366700 1671.8
1366710 1669.4
1366720 1668.1
1366730 1668.1
1366740 1664.4
1366750 1659.1
1366760 1659.1
1366770 1653.8
1366780 1648.7
1366790 1648.7
1366800 1641.7
1366810 1629.3
1366820 1629.3
1366830 1621.6
1366840 1613.0
1366850 1613.0
1366860 1606.4
1366870 1599.3
1366880 1591.8
1366890 1591.8
1366900 1586.5
1366910 1582.7
1366920 1582.7
1366930 1578.5
1366940 1573.1
1366950 1573.1
1366960 1567.4
1366970 1559.2
1366980 1559.2
1366990 1551.0
1367000 1545.4
1367010 1545.4
1367020 1540.5
1367030 1537.3
1367040 1537.3
1367050 1535.3
1367060 1534.2
1367070 1532.5
1367080 1532.5
1367090 1529.7
1367100 1526.0
1367110 1526.0
1367120 1519.2
1367130 1509.9
1367140 1509.9
1367150 1503.6
1367160 1498.7
1367170 1498.7
1367180 1494.2
1367190 1489.6
1367200 1489.6
1367210 1485.1
1367220 1488.4
1367230 1488.4
1367240 1485.1
1367250 1482.9
1367260 1480.1
1367270 1480.1
1367280 1478.7
1367290 1477.7
1367300 1477.7
1367310 1475.9
1367320 1473.7
1367330 1473.7
1367340 1471.9
1367350 1470.0
1367360 1470.0
1367370 1468.1
1367380 1466.0
1367390 1466.0
1367400 1464.2
1367410 1461.5
1367420 1461.5
1367430 1457.3
1367440 1455.6
1367450 1455.6
1367460 1455.6
1367470 1454.8
1367480 1454.6
1367490 1454.6
1367500 1455.2
1367510 1455.8
1367520 1455.8
1367530 1455.8
1367540 1455.6
1367550 1455.6
1367560 1455.5
1367570 1455.4
1367580 1455.4
1367590 1455.1
1367600 1454.7
1367610 1454.7
1367620 1455.2
1367630 1456.0
1367640 1458.6
1367650 1458.6
1367660 1462.8
1367670 1467.5
1367680 1467.5
1367690 1469.5
1367700 1469.3
1367710 1469.3
1367720 1469.1
1367730 1469.2
1367740 1469.2
1367750 1469.3
1367760 1468.7
1367770 1468.7
1367780 1468.2
1367790 1468.0
1367800 1468.0
1367810 1468.0
1367820 1467.6
1367830 1467.2
1367840 1467.2
1367850 1466.7
1367860 1466.4
1367870 1466.4
1367880 1466.7
1367890 1467.8
1367900 1467.8
1367910 1469.5
1367920 1471.1
1367930 1471.1
1367940 1473.0
1367950 1476.3
1367960 1476.3
1367970 1479.8
1367980 1482.0
1367990 1482.0
1368000 1482.8
1368010 1483.9
1368020 1484.8
1368030 1484.8
1368040 1487.6
1368050 1489.3
1368060 1489.3
1368070 1490.1
1368080 1490.5
1368090 1490.5
1368100 1490.5
1368110 1490.4
1368120 1490.4
1368130 1490.3
1368140 1489.9
1368150 1489.9
1368160 1489.4
1368170 1488.6
1368180 1488.6
1368190 1488.0
1368200 1487.5
1368210 1487.0
1368220 1487.0
1368230 1486.4
1368240 1485.9
1368250 1485.9
1368260 1485.4
1368270 1484.9
1368280 1484.9
1368290 1484.1
1368300 1481.9
1368310 1481.9
1368320 1481.0
1368330 1480.3
1368340 1480.3
1368350 1479.8
1368360 1479.5
1368370 1479.5
1368380 1479.7
1368390 1478.6
1368400 1475.6
1368410 1475.6
1368420 1472.1
1368430 1469.1
1368440 1469.1
1368450 1467.0
1368460 1465.0
1368470 1465.0
1368480 1463.2
1368490 1461.5
1368500 1461.5
1368510 1459.8
1368520 1458.9
1368530 1458.9
1368540 1458.3
1368550 1457.9
1368560 1457.9
1368570 1456.9
1368580 1456.7
1368590 1457.0
1368600 1457.0
1368610 1456.7
1368620 1456.3
1368630 1456.3
1368640 1455.7
1368650 1454.5
1368660 1454.5
1368670 1452.7
1368680 1448.5
1368690 1448.5
1368700 1444.4
1368710 1440.3
1368720 1440.3
1368730 1436.1
1368740 1434.6
1368750 1434.6
1368760 1435.1
1368770 1434.5
1368780 1432.7
1368790 1432.7
1368800 1430.6
1368810 1428.4
1368820 1428.4
1368830 1426.7
1368840 1425.4
1368850 1425.4
1368860 1424.2
1368870 1423.0
1368880 1423.0
1368890 1422.1
1368900 1421.6
1368910 1421.6
1368920 1421.1
1368930 1420.6
1368940 1420.6
1368950 1420.4
1368960 1420.5
1368970 1420.6
1368980 1420.6
1368990 1420.4
1369000 1420.2
1369010 1420.2
1369020 1420.1
1369030 1420.3
1369040 1420.3
1369050 1420.3
1369060 1420.2
1369070 1420.2
1369080 1419.8
1369090 1419.5
1369100 1419.5
1369110 1419.2
1369120 1419.1
1369130 1419.1
1369140 1419.0
1369150 1418.8
1369160 1418.5
1369170 1418.5
1369180 1418.4
1369190 1418.2
1369200 1418.2
1369210 1418.1
1369220 1417.8
1369230 1417.8
1369240 1417.5
1369250 1417.3
1369260 1417.3
1369270 1417.1
1369280 1416.9
1369290 1416.9
1369300 1416.8
1369310 1416.7
1369320 1416.7
1369330 1416.6
1369340 1416.6
1369350 1416.7
1369360 1416.7
1369370 1416.7
1369380 1416.4
1369390 1415.7
1369400 1415.7
1369410 1415.7
1369420 1415.7
1369430 1415.8
1369440 1415.9
1369450 1415.9
1369460 1416.0
1369470 1416.2
1369480 1416.2
1369490 1416.5
1369500 1416.9
1369510 1416.9
1369520 1417.2
1369530 1417.1
1369540 1417.2
1369550 1417.2
1369560 1417.2
1369570 1416.9
1369580 1416.9
1369590 1416.4
1369600 1415.7
1369610 1415.7
1369620 1414.8
1369630 1414.4
1369640 1414.4
1369650 1414.2
1369660 1414.4
1369670 1414.4
1369680 1415.4
1369690 1417.4
1369700 1417.4
1369710 1419.9
1369720 1421.2
1369730 1422.0
1369740 1422.0
1369750 1422.7
1369760 1423.2
1369770 1423.2
1369780 1423.3
1369790 1423.6
1369800 1423.6
1369810 1424.0
1369820 1423.8
1369830 1423.8
1369840 1422.9
1369850 1421.9
1369860 1421.9
1369870 1420.9
1369880 1420.6
1369890 1420.6
1369900 1422.6
1369910 1426.4
1369920 1427.9
1369930 1427.9
1369940 1427.8
1369950 1426.5
1369960 1426.5
1369970 1424.1
1369980 1418.6
1369990 1418.6
1370000 1413.0
1370010 1410.1
1370020 1410.1
1370030 1409.7
1370040 1409.4
1370050 1409.4
1370060 1409.0
1370070 1408.6
1370080 1408.6
1370090 1407.7
1370100 1406.4
1370110 1406.4
1370120 1406.4
1370130 1407.6
1370140 1408.2
1370150 1408.2
1370160 1408.0
1370170 1407.4
1370180 1407.4
1370190 1406.9
1370200 1406.4
1370210 1406.4
1370220 1406.0
1370230 1405.8
1370240 1405.8
1370250 1405.3
1370260 1405.0
1370270 1405.0
1370280 1404.8
1370290 1404.3
1370300 1403.9
1370310 1403.9
1370320 1403.7
1370330 1403.8
1370340 1403.8
1370350 1404.6
1370360 1405.2
1370370 1405.2
1370380 1405.1
1370390 1404.9
1370400 1404.9
1370410 1404.7
1370420 1404.6
1370430 1404.6
1370440 1405.3
1370450 1405.8
1370460 1405.8
1370470 1405.7
1370480 1405.6
1370490 1405.7
1370500 1405.1
1370510 1404.6
1370520 1404.5
1370530 1404.5
1370540 1404.3
1370550 1403.8
1370560 1403.8
1370570 1403.5
1370580 1402.6
1370590 1402.6
1370600 1402.1
1370610 1401.5
1370620 1401.5
1370630 1400.4
1370640 1400.2
1370650 1400.2
1370660 1400.6
1370670 1401.5
1370680 1401.5
1370690 1403.0
1370700 1404.9
1370710 1406.7
1370720 1406.7
1370730 1408.5
1370740 1410.6
1370750 1410.6
1370760 1412.8
1370770 1414.7
1370780 1414.7
1370790 1416.6
1370800 1419.5
1370810 1419.5
1370820 1422.5
1370830 1424.1
1370840 1424.1
1370850 1424.9
1370860 1425.9
1370870 1425.9
1370880 1426.1
1370890 1424.1
1370900 1420.3
1370910 1420.3
1370920 1417.0
1370930 1415.1
1370940 1415.1
1370950 1412.1
1370960 1409.1
1370970 1409.1
1370980 1408.0
1370990 1407.7
1371000 1407.7
1371010 1407.4
1371020 1407.3
1371030 1407.3
1371040 1408.1
1371050 1409.1
1371060 1409.1
1371070 1410.1
1371080 1412.3
1371090 1414.5
1371100 1414.5
1371110 1414.6
1371120 1417.3
1371130 1417.3
1371140 1420.8
1371150 1423.6
1371160 1423.6
1371170 1427.1
1371180 1428.5
1371190 1428.5
1371200 1430.6
1371210 1434.1
1371220 1434.1
1371230 1437.7
1371240 1440.4
1371250 1440.4
1371260 1441.4
1371270 1441.6
1371280 1442.3
1371290 1442.3
1371300 1443.4
1371310 1443.4
1371320 1443.4
1371330 1442.0
1371340 1441.2
1371350 1441.2
1371360 1440.4
1371370 1440.1
1371380 1440.1
1371390 1441.0
1371400 1442.1
1371410 1442.1
1371420 1443.1
1371430 1442.5
1371440 1442.5
1371450 1441.1
1371460 1439.4
1371470 1437.6
1371480 1437.6
1371490 1435.9
1371500 1434.0
1371510 1434.0
1371520 1431.8
1371530 1429.7
1371540 1429.7
1371550 1427.9
1371560 1425.9
1371570 1425.9
1371580 1423.7
1371590 1421.3
1371600 1421.3
1371610 1424.7
1371620 1422.7
1371630 1422.7
1371640 1420.2
1371650 1418.1
1371660 1416.7
1371670 1416.7
1371680 1416.1
1371690 1416.2
1371700 1416.2
1371710 1416.0
1371720 1414.7
1371730 1414.7
1371740 1413.3
1371750 1412.1
1371760 1412.1
1371770 1411.3
1371780 1410.3
1371790 1410.3
1371800 1409.4
1371810 1409.0
1371820 1409.0
1371830 1408.8
1371840 1408.1
1371850 1407.1
1371860 1407.1
1371870 1407.0
1371880 1407.4
1371890 1407.4
1371900 1408.7
1371910 1410.2
1371920 1410.2
1371930 1410.7
1371940 1410.3
1371950 1410.3
1371960 1409.3
1371970 1409.1
1371980 1409.1
1371990 1411.4
1372000 1405.0
1372010 1405.0
1372020 1401.6
1372030 1400.5
1372040 1399.3
1372050 1399.3
1372060 1398.1
1372070 1397.0
1372080 1397.0
1372090 1395.1
1372100 1393.1
1372110 1393.1
1372120 1393.1
1372130 1395.2
1372140 1395.2
1372150 1396.5
1372160 1397.1
1372170 1397.1
1372180 1396.3
1372190 1395.9
1372200 1395.9
1372210 1397.1
1372220 1397.9
1372230 1398.1
1372240 1398.1
1372250 1399.2
1372260 1402.7
1372270 1402.7
1372280 1406.7
1372290 1409.2
1372300 1409.2
1372310 1410.3
1372320 1410.3
1372330 1410.3
1372340 1410.4
1372350 1411.5
1372360 1411.5
1372370 1413.0
1372380 1414.3
1372390 1414.3
1372400 1416.3
1372410 1419.4
1372420 1420.9
1372430 1420.9
1372440 1419.8
1372450 1417.4
1372460 1417.4
1372470 1417.1
1372480 1417.8
1372490 1417.8
1372500 1417.7
1372510 1415.6
1372520 1415.6
1372530 1413.1
1372540 1412.6
1372550 1412.6
1372560 1413.6
1372570 1411.4
1372580 1411.4
1372590 1408.3
1372600 1406.8
1372610 1408.6
1372620 1408.6
1372630 1413.3
1372640 1413.8
1372650 1413.8
1372660 1414.2
1372670 1415.9
1372680 1415.9
1372690 1416.4
1372700 1414.8
1372710 1414.8
1372720 1414.1
1372730 1420.8
1372740 1420.8
1372750 1419.1
1372760 1417.6
1372770 1417.6
1372780 1416.6
1372790 1414.3
1372800 1412.0
1372810 1412.0
1372820 1410.1
1372830 1407.3
1372840 1407.3
1372850 1402.6
1372860 1398.6
1372870 1398.6
1372880 1394.8
1372890 1393.2
1372900 1393.2
1372910 1391.6
1372920 1391.3
1372930 1391.3
1372940 1391.5
1372950 1392.6
1372960 1392.6
1372970 1393.7
1372980 1394.4
1372990 1394.6
1373000 1394.6
1373010 1394.0
1373020 1392.9
1373030 1392.9
1373040 1391.4
1373050 1389.8
1373060 1389.8
1373070 1388.2
1373080 1386.5
1373090 1386.5
1373100 1385.0
1373110 1384.5
1373120 1384.5
1373130 1384.4
1373140 1383.7
1373150 1383.7
1373160 1383.3
1373170 1383.2
1373180 1383.1
1373190 1383.1
1373200 1383.0
1373210 1383.3
1373220 1383.3
1373230 1383.7
1373240 1383.6
1373250 1383.6
1373260 1383.0
1373270 1382.9
1373280 1382.9
1373290 1383.2
1373300 1383.3
1373310 1383.3
1373320 1382.9
1373330 1381.5
1373340 1381.5
1373350 1379.9
1373360 1379.4
1373370 1379.4
1373380 1379.4
1373390 1379.4
1373400 1379.4
1373410 1379.4
1373420 1379.3
1373430 1379.8
1373440 1379.8
1373450 1380.5
1373460 1381.6
1373470 1381.6
1373480 1382.9
1373490 1384.2
1373500 1384.2
1373510 1385.9
1373520 1386.6
1373530 1386.6
1373540 1387.1
1373550 1386.6
1373560 1384.2
1373570 1384.2
1373580 1381.6
1373590 1380.2
1373600 1380.2
1373610 1379.1
1373620 1378.1
1373630 1378.1
1373640 1377.6
1373650 1377.4
1373660 1377.4
1373670 1377.3
1373680 1377.3
1373690 1377.3
1373700 1377.3
1373710 1377.2
1373720 1377.2
1373730 1377.0
1373740 1377.0
1373750 1376.9
1373760 1376.9
1373770 1376.9
1373780 1376.8
1373790 1376.8
1373800 1376.7
1373810 1376.8
1373820 1376.8
1373830 1377.1
1373840 1377.5
1373850 1377.5
1373860 1379.4
1373870 1378.4
1373880 1378.4
1373890 1377.0
1373900 1376.4
1373910 1376.4
1373920 1376.2
1373930 1376.1
1373940 1376.0
1373950 1376.0
1373960 1376.0
1373970 1375.9
1373980 1375.9
1373990 1375.8
1374000 1375.7
1374010 1375.7
1374020 1375.7
1374030 1375.7
1374040 1375.7
1374050 1375.8
1374060 1376.9
1374070 1376.9
1374080 1377.4
1374090 1375.7
1374100 1375.7
1374110 1375.3
1374120 1375.1
1374130 1375.1
1374140 1375.1
1374150 1375.1
1374160 1375.0
1374170 1375.0
1374180 1375.0
1374190 1375.0
1374200 1375.0
1374210 1375.0
1374220 1375.0
1374230 1375.0
1374240 1375.0
1374250 1374.9
1374260 1374.9
1374270 1374.9
1374280 1374.9
1374290 1374.9
1374300 1374.7
1374310 1374.6
1374320 1374.6
1374330 1374.6
1374340 1375.8
1374350 1377.8
1374360 1377.8
1374370 1380.3
1374380 1381.3
1374390 1381.3
1374400 1381.5
1374410 1381.7
1374420 1381.7
1374430 1381.9
1374440 1382.5
1374450 1382.5
1374460 1382.5
1374470 1382.3
1374480 1382.3
1374490 1382.7
1374500 1382.8
1374510 1384.3
1374520 1384.3
1374530 1384.3
1374540 1383.3
1374550 1383.3
1374560 1383.4
1374570 1382.8
1374580 1382.8
1374590 1383.3
1374600 1383.9
1374610 1383.9
1374620 1383.8
1374630 1384.1
1374640 1384.1
1374650 1384.6
1374660 1385.3
1374670 1385.3
1374680 1385.9
1374690 1386.2
1374700 1386.4
1374710 1386.4
1374720 1386.2
1374730 1385.8
1374740 1385.8
1374750 1385.5
1374760 1385.2
1374770 1385.2
1374780 1385.3
1374790 1385.5
1374800 1385.5
1374810 1385.8
1374820 1386.1
1374830 1386.1
1374840 1386.2
1374850 1386.2
1374860 1386.2
1374870 1386.5
1374880 1386.9
1374890 1386.9
1374900 1387.4
1374910 1387.7
1374920 1388.3
1374930 1388.3
1374940 1389.1
1374950 1389.8
1374960 1389.8
1374970 1390.4
1374980 1391.4
1374990 1391.4
1375000 1392.4
1375010 1393.6
1375020 1393.6
1375030 1395.6
1375040 1397.7
1375050 1397.7
1375060 1398.1
1375070 1397.0
1375080 1397.0
1375090 1396.8
1375100 1397.5
1375110 1398.5
1375120 1398.5
1375130 1399.0
1375140 1399.3
1375150 1399.3
1375160 1399.7
1375170 1400.1
1375180 1400.1
1375190 1400.5
1375200 1401.1
1375210 1401.1
1375220 1401.8
1375230 1402.9
1375240 1402.9
1375250 1403.7
1375260 1404.5
1375270 1404.5
1375280 1405.4
1375290 1406.5
1375300 1407.7
1375310 1407.7
1375320 1408.8
1375330 1409.7
1375340 1409.7
1375350 1410.6
1375360 1411.6
1375370 1411.6
1375380 1412.6
1375390 1413.6
1375400 1413.6
1375410 1414.8
1375420 1415.8
1375430 1415.8
1375440 1417.6
1375450 1419.8
1375460 1419.8
1375470 1419.7
1375480 1420.5
1375490 1421.8
1375500 1421.8
1375510 1421.7
1375520 1421.6
1375530 1421.6
1375540 1422.1
1375550 1422.6
1375560 1422.6
1375570 1422.6
1375580 1422.9
1375590 1422.9
1375600 1424.5
1375610 1425.6
1375620 1425.6
1375630 1425.9
1375640 1426.6
1375650 1426.6
1375660 1426.9
1375670 1427.8
1375680 1429.0
1375690 1429.0
1375700 1429.7
1375710 1430.1
1375720 1430.1
1375730 1430.7
1375740 1431.7
1375750 1431.7
1375760 1432.5
1375770 1433.3
1375780 1433.3
1375790 1434.5
1375800 1435.1
1375810 1435.1
1375820 1435.5
1375830 1435.8
1375840 1435.8
1375850 1435.8
1375860 1435.5
1375870 1435.0
1375880 1435.0
1375890 1434.7
1375900 1434.6
1375910 1434.6
1375920 1434.5
1375930 1434.2
1375940 1434.2
1375950 1433.6
1375960 1432.8
1375970 1432.8
1375980 1432.2
1375990 1431.6
1376000 1431.6
1376010 1430.9
1376020 1430.2
1376030 1430.2
1376040 1430.0
1376050 1430.2
1376060 1430.8
1376070 1430.8
1376080 1431.2
1376090 1431.2
1376100 1431.2
1376110 1430.8
1376120 1429.8
1376130 1429.8
1376140 1428.7
1376150 1428.3
1376160 1428.3
1376170 1430.6
1376180 1431.4
1376190 1431.4
1376200 1431.1
1376210 1429.9
1376220 1429.9
1376230 1429.4
1376240 1429.6
1376250 1429.9
1376260 1429.9
1376270 1430.3
1376280 1430.0
1376290 1430.0
1376300 1429.0
1376310 1427.4
1376320 1427.4
1376330 1425.7
1376340 1424.6
1376350 1424.6
1376360 1423.7
1376370 1423.3
1376380 1423.3
1376390 1422.9
1376400 1422.2
1376410 1422.2
1376420 1421.4
1376430 1420.7
1376440 1420.2
1376450 1420.2
1376460 1418.7
1376470 1416.4
1376480 1416.4
1376490 1415.0
1376500 1414.4
1376510 1414.4
1376520 1413.7
1376530 1412.4
1376540 1412.4
1376550 1410.6
1376560 1410.2
1376570 1410.2
1376580 1409.4
1376590 1408.3
1376600 1408.3
1376610 1407.0
1376620 1405.8
1376630 1404.4
1376640 1404.4
1376650 1402.8
1376660 1401.3
1376670 1401.3
1376680 1399.8
1376690 1398.7
1376700 1398.7
1376710 1397.7
1376720 1395.5
1376730 1395.5
1376740 1394.0
1376750 1393.3
1376760 1393.3
1376770 1392.9
1376780 1392.0
1376790 1392.0
1376800 1390.6
1376810 1389.6
1376820 1388.7
1376830 1388.7
1376840 1388.0
1376850 1386.3
1376860 1386.3
1376870 1384.6
1376880 1383.2
1376890 1383.2
1376900 1382.0
1376910 1380.8
1376920 1380.8
1376930 1379.6
1376940 1378.8
1376950 1378.8
1376960 1378.7
1376970 1377.9
1376980 1377.9
1376990 1376.4
1377000 1374.8
1377010 1374.3
1377020 1374.3
1377030 1373.8
1377040 1372.1
1377050 1372.1
1377060 1370.8
1377070 1370.3
1377080 1370.3
1377090 1369.0
1377100 1367.4
1377110 1367.4
1377120 1366.4
1377130 1365.7
1377140 1365.7
1377150 1365.3
1377160 1364.8
1377170 1364.8
1377180 1363.3
1377190 1361.5
1377200 1360.5
1377210 1360.5
1377220 1358.2
1377230 1357.0
1377240 1357.0
1377250 1354.8
1377260 1353.9
1377270 1353.9
1377280 1353.2
1377290 1351.5
1377300 1351.5
1377310 1350.3
1377320 1349.1
1377330 1349.1
1377340 1348.0
1377350 1346.9
1377360 1346.9
1377370 1345.9
1377380 1344.9
1377390 1344.0
1377400 1344.0
1377410 1342.9
1377420 1342.0
1377430 1342.0
1377440 1341.2
1377450 1340.1
1377460 1340.1
1377470 1339.1
1377480 1338.0
1377490 1338.0
1377500 1337.3
1377510 1336.1
1377520 1336.1
1377530 1334.6
1377540 1333.5
1377550 1333.5
1377560 1332.7
1377570 1332.0
1377580 1331.1
1377590 1331.1
1377600 1330.1
1377610 1329.2
1377620 1329.2
1377630 1328.3
1377640 1327.5
1377650 1327.5
1377660 1326.8
1377670 1326.1
1377680 1326.1
1377690 1325.1
1377700 1324.4
1377710 1324.4
1377720 1323.3
1377730 1322.1
1377740 1322.1
1377750 1321.4
1377760 1320.1
1377770 1319.7
1377780 1319.7
1377790 1320.2
1377800 1320.5
1377810 1320.5
1377820 1320.9
1377830 1321.0
1377840 1321.0
1377850 1321.2
1377860 1322.0
1377870 1322.0
1377880 1323.4
1377890 1323.9
1377900 1323.9
1377910 1324.9
1377920 1328.4
1377930 1328.4
1377940 1326.6
1377950 1325.5
1377960 1324.2
1377970 1324.2
1377980 1325.3
1377990 1326.1
1378000 1326.1
1378010 1325.8
1378020 1325.8
1378030 1325.8
1378040 1325.4
1378050 1325.0
1378060 1325.0
1378070 1324.6
1378080 1324.1
1378090 1324.1
1378100 1324.7
1378110 1327.2
1378120 1327.2
1378130 1323.3
1378140 1322.3
1378150 1321.8
1378160 1321.8
1378170 1321.2
1378180 1320.7
1378190 1320.7
1378200 1319.8
1378210 1318.6
1378220 1318.6
1378230 1317.7
1378240 1316.9
1378250 1316.9
1378260 1316.9
1378270 1317.8
1378280 1317.8
1378290 1319.1
1378300 1320.6
1378310 1320.6
1378320 1321.5
1378330 1323.7
1378340 1326.4
1378350 1326.4
1378360 1329.5
1378370 1332.6
1378380 1332.6
1378390 1334.2
1378400 1335.0
1378410 1335.0
1378420 1338.5
1378430 1344.8
1378440 1344.8
1378450 1350.9
1378460 1352.3
1378470 1352.3
1378480 1352.1
1378490 1350.8
1378500 1350.8
1378510 1350.8
1378520 1352.1
1378530 1355.5
1378540 1355.5
1378550 1356.9
1378560 1358.7
1378570 1358.7
1378580 1360.0
1378590 1361.2
1378600 1361.2
1378610 1362.8
1378620 1364.9
1378630 1364.9
1378640 1367.3
1378650 1369.1
1378660 1369.1
1378670 1371.3
1378680 1373.8
1378690 1373.8
1378700 1377.5
1378710 1380.8
1378720 1383.0
1378730 1383.0
1378740 1384.0
1378750 1385.4
1378760 1385.4
1378770 1386.4
1378780 1387.7
1378790 1387.7
1378800 1388.8
1378810 1390.5
1378820 1390.5
1378830 1391.9
1378840 1391.7
1378850 1391.7
1378860 1390.0
1378870 1390.3
1378880 1390.3
1378890 1389.8
1378900 1389.1
1378910 1388.7
1378920 1388.7
1378930 1388.5
1378940 1388.1
1378950 1388.1
1378960 1388.1
1378970 1386.5
1378980 1386.5
1378990 1383.6
1379000 1383.4
1379010 1383.4
1379020 1385.6
1379030 1388.3
1379040 1388.3
1379050 1390.9
1379060 1393.2
1379070 1393.2
1379080 1394.4
1379090 1393.2
1379100 1392.6
1379110 1392.6
1379120 1393.4
1379130 1397.3
1379140 1397.3
1379150 1400.2
1379160 1400.2
1379170 1400.2
1379180 1400.6
1379190 1400.9
1379200 1400.9
1379210 1400.7
1379220 1402.0
1379230 1402.0
1379240 1401.1
1379250 1398.0
1379260 1398.0
1379270 1399.7
1379280 1407.2
1379290 1407.2
1379300 1410.0
1379310 1410.0
1379320 1411.2
1379330 1411.2
1379340 1413.1
1379350 1415.7
1379360 1415.7
1379370 1417.9
1379380 1418.7
1379390 1418.7
1379400 1419.7
1379410 1420.5
1379420 1420.5
1379430 1421.3
1379440 1422.0
1379450 1422.0
1379460 1423.2
1379470 1425.1
1379480 1425.1
1379490 1427.6
1379500 1429.8
1379510 1431.6
1379520 1431.6
1379530 1432.5
1379540 1432.2
1379550 1432.2
1379560 1431.9
1379570 1431.5
1379580 1431.5
1379590 1431.6
1379600 1431.4
1379610 1431.4
1379620 1428.8
1379630 1426.8
1379640 1426.8
1379650 1428.4
1379660 1430.3
1379670 1430.3
1379680 1430.5
1379690 1431.2
1379700 1431.7
1379710 1431.7
1379720 1431.2
1379730 1434.9
1379740 1434.9
1379750 1433.7
1379760 1433.9
1379770 1433.9
1379780 1434.2
1379790 1435.1
1379800 1435.1
1379810 1436.6
1379820 1437.7
1379830 1437.7
1379840 1438.1
1379850 1439.0
1379860 1439.0
1379870 1440.6
1379880 1441.1
1379890 1440.0
1379900 1440.0
1379910 1437.9
1379920 1436.5
1379930 1436.5
1379940 1435.6
1379950 1436.8
1379960 1436.8
1379970 1439.1
1379980 1440.2
1379990 1440.2
