1360000 2426.6
1360010 2422.2
1360020 2416.3
1360030 2416.3
1360040 2412.3
1360050 2410.4
1360060 2410.4
1360070 2409.6
1360080 2409.5
1360090 2409.5
1360100 2409.5
1360110 2409.5
1360120 2409.8
1360130 2409.8
1360140 2411.6
1360150 2413.0
1360160 2413.0
1360170 2412.4
1360180 2410.8
1360190 2410.8
1360200 2408.5
1360210 2406.1
1360220 2406.1
1360230 2403.6
1360240 2401.6
1360250 2401.6
1360260 2399.8
1360270 2397.7
1360280 2397.7
1360290 2395.6
1360300 2393.9
1360310 2391.5
1360320 2391.5
1360330 2388.3
1360340 2385.1
1360350 2385.1
1360360 2382.1
1360370 2379.0
1360380 2379.0
1360390 2375.5
1360400 2371.5
1360410 2371.5
1360420 2366.4
1360430 2362.0
1360440 2362.0
1360450 2358.5
1360460 2354.7
1360470 2354.7
1360480 2351.4
1360490 2349.3
1360500 2348.0
1360510 2348.0
1360520 2345.0
1360530 2340.4
1360540 2340.4
1360550 2334.9
1360560 2329.4
1360570 2329.4
1360580 2324.5
1360590 2320.0
1360600 2320.0
1360610 2315.3
1360620 2308.4
1360630 2308.4
1360640 2303.1
1360650 2298.0
1360660 2298.0
1360670 2291.6
1360680 2285.6
1360690 2285.6
1360700 2280.4
1360710 2275.5
1360720 2270.6
1360730 2270.6
1360740 2266.9
1360750 2264.1
1360760 2264.1
1360770 2260.4
1360780 2256.5
1360790 2256.5
1360800 2253.6
1360810 2250.5
1360820 2250.5
1360830 2247.9
1360840 2244.9
1360850 2244.9
1360860 2242.0
1360870 2238.8
1360880 2238.8
1360890 2233.8
1360900 2229.9
1360910 2230.0
1360920 2230.0
1360930 2231.2
1360940 2229.4
1360950 2222.2
1360960 2218.7
1360970 2215.6
1360980 2215.6
1360990 2213.3
1361000 2211.7
1361010 2211.7
1361020 2209.8
1361030 2206.2
1361040 2206.2
1361050 2201.6
1361060 2196.8
1361070 2196.8
1361080 2192.0
1361090 2187.0
1361100 2181.6
1361110 2181.6
1361120 2176.3
1361130 2171.5
1361140 2171.5
1361150 2167.0
1361160 2163.6
1361170 2163.6
1361180 2163.3
1361190 2164.1
1361200 2164.1
1361210 2164.2
1361220 2162.5
1361230 2162.5
1361240 2158.9
1361250 2155.4
1361260 2155.4
1361270 2153.3
1361280 2153.0
1361290 2152.9
1361300 2152.9
1361310 2149.5
1361320 2145.1
1361330 2145.1
1361340 2144.0
1361350 2144.7
1361360 2144.7
1361370 2143.2
1361380 2139.1
1361390 2139.1
1361400 2133.7
1361410 2126.5
1361420 2126.5
1361430 2118.9
1361440 2109.3
1361450 2109.3
1361460 2100.3
1361470 2093.4
1361480 2086.4
1361490 2086.4
1361500 2079.0
1361510 2072.1
1361520 2072.1
1361530 2065.0
1361540 2059.0
1361550 2059.0
1361560 2053.7
1361570 2048.0
1361580 2048.0
1361590 2040.8
1361600 2034.9
1361610 2034.9
1361620 2029.4
1361630 2024.0
1361640 2024.0
1361650 2017.8
1361660 2011.3
1361670 2004.9
1361680 2004.9
1361690 1999.1
1361700 1993.2
1361710 1993.2
1361720 1986.6
1361730 1980.8
1361740 1980.8
1361750 1974.9
1361760 1969.8
1361770 1969.8
1361780 1964.7
1361790 1959.4
1361800 1959.4
1361810 1954.2
1361820 1949.8
1361830 1949.8
1361840 1946.1
1361850 1942.6
1361860 1939.3
1361870 1939.3
1361880 1935.7
1361890 1931.9
1361900 1931.9
1361910 1928.6
1361920 1925.2
1361930 1925.2
1361940 1922.0
1361950 1919.8
1361960 1919.8
1361970 1917.2
1361980 1914.3
1361990 1914.3
1362000 1910.6
1362010 1906.9
1362020 1906.9
1362030 1904.2
1362040 1901.6
1362050 1898.8
1362060 1898.8
1362070 1895.9
1362080 1892.7
1362090 1892.7
1362100 1888.9
1362110 1885.6
1362120 1885.6
1362130 1882.8
1362140 1880.0
1362150 1880.0
1362160 1876.6
1362170 1873.9
1362180 1873.9
1362190 1869.2
1362200 1864.1
1362210 1864.1
1362220 1857.9
1362230 1851.1
1362240 1846.7
1362250 1846.7
1362260 1844.6
1362270 1846.6
1362280 1846.6
1362290 1850.5
1362300 1855.7
1362310 1855.7
1362320 1861.7
1362330 1866.2
1362340 1866.2
1362350 1871.0
1362360 1876.5
1362370 1876.5
1362380 1880.6
1362390 1884.3
1362400 1884.3
1362410 1886.9
1362420 1888.7
1362430 1890.8
1362440 1890.8
1362450 1892.9
1362460 1894.3
1362470 1894.3
1362480 1895.8
1362490 1897.7
1362500 1897.7
1362510 1900.0
1362520 1902.6
1362530 1902.6
1362540 1905.4
1362550 1908.4
1362560 1908.4
1362570 1910.0
1362580 1911.1
1362590 1911.1
1362600 1913.7
1362610 1916.3
1362620 1918.6
1362630 1918.6
1362640 1920.6
1362650 1921.4
1362660 1921.4
1362670 1921.6
1362680 1921.5
1362690 1921.5
1362700 1922.3
1362710 1924.0
1362720 1924.0
1362730 1925.1
1362740 1926.9
1362750 1926.9
1362760 1929.3
1362770 1931.7
1362780 1931.7
1362790 1933.0
1362800 1934.3
1362810 1936.6
1362820 1936.6
1362830 1938.7
1362840 1939.7
1362850 1939.7
1362860 1940.3
1362870 1941.6
1362880 1941.6
1362890 1942.8
1362900 1944.0
1362910 1944.0
1362920 1945.3
1362930 1946.7
1362940 1946.7
1362950 1948.8
1362960 1950.7
1362970 1950.7
1362980 1952.3
1362990 1952.7
1363000 1954.1
1363010 1954.1
1363020 1966.1
1363030 1966.6
1363040 1966.6
1363050 1966.2
1363060 1968.2
1363070 1968.2
1363080 1969.8
1363090 1971.7
1363100 1971.7
1363110 1973.9
1363120 1976.0
1363130 1976.0
1363140 1978.2
1363150 1979.1
1363160 1979.1
1363170 1979.7
1363180 1980.2
1363190 1983.1
1363200 1983.1
1363210 1982.3
1363220 1979.4
1363230 1979.4
1363240 1976.8
1363250 1976.1
1363260 1976.1
1363270 1975.0
1363280 1975.4
1363290 1975.4
1363300 1976.1
1363310 1976.0
1363320 1976.0
1363330 1974.6
1363340 1973.3
1363350 1973.3
1363360 1969.4
1363370 1966.0
1363380 1964.6
1363390 1964.6
1363400 1964.5
1363410 1966.1
1363420 1966.1
1363430 1965.9
1363440 1964.4
1363450 1964.4
1363460 1962.9
1363470 1958.6
1363480 1958.6
1363490 1953.6
1363500 1949.5
1363510 1949.5
1363520 1947.2
1363530 1945.5
1363540 1945.5
1363550 1944.0
1363560 1942.7
1363570 1939.5
1363580 1939.5
1363590 1936.8
1363600 1935.4
1363610 1935.4
1363620 1934.5
1363630 1934.1
1363640 1934.1
1363650 1935.0
1363660 1935.6
1363670 1935.6
1363680 1935.0
1363690 1933.3
1363700 1933.3
1363710 1932.0
1363720 1931.2
1363730 1931.2
1363740 1930.5
1363750 1930.3
1363760 1932.4
1363770 1932.4
1363780 1933.9
1363790 1935.2
1363800 1935.2
1363810 1937.7
1363820 1939.1
1363830 1939.1
1363840 1939.1
1363850 1939.5
1363860 1939.5
1363870 1939.5
1363880 1939.1
1363890 1939.1
1363900 1938.2
1363910 1934.9
1363920 1934.9
1363930 1932.0
1363940 1930.0
1363950 1929.0
1363960 1929.0
1363970 1928.0
1363980 1926.3
1363990 1926.3
1364000 1924.2
1364010 1923.6
1364020 1923.6
1364030 1923.1
1364040 1922.6
1364050 1922.6
1364060 1923.5
1364070 1921.4
1364080 1921.4
1364090 1919.0
1364100 1915.5
1364110 1915.5
1364120 1911.9
1364130 1908.9
1364140 1906.8
1364150 1906.8
1364160 1905.0
1364170 1903.5
1364180 1903.5
1364190 1901.7
1364200 1900.5
1364210 1900.5
1364220 1900.4
1364230 1901.5
1364240 1901.5
1364250 1902.6
1364260 1901.6
1364270 1901.6
1364280 1898.9
1364290 1896.2
1364300 1896.2
1364310 1892.9
1364320 1889.9
1364330 1888.1
1364340 1888.1
1364350 1886.3
1364360 1884.6
1364370 1884.6
1364380 1883.8
1364390 1883.4
1364400 1883.4
1364410 1882.1
1364420 1880.6
1364430 1880.6
1364440 1879.7
1364450 1878.6
1364460 1878.6
1364470 1877.9
1364480 1878.2
1364490 1878.2
1364500 1879.4
1364510 1880.3
1364520 1881.0
1364530 1881.0
1364540 1880.7
1364550 1881.4
1364560 1881.4
1364570 1881.9
1364580 1881.5
1364590 1881.5
1364600 1881.2
1364610 1881.3
1364620 1881.3
1364630 1881.1
1364640 1880.2
1364650 1880.2
1364660 1880.7
1364670 1881.9
1364680 1881.9
1364690 1883.3
1364700 1884.9
1364710 1886.6
1364720 1886.6
1364730 1887.4
1364740 1888.5
1364750 1888.5
1364760 1889.5
1364770 1890.7
1364780 1890.7
1364790 1890.4
1364800 1888.8
1364810 1888.8
1364820 1888.9
1364830 1890.9
1364840 1890.9
1364850 1893.8
1364860 1894.8
1364870 1894.8
1364880 1895.2
1364890 1896.5
1364900 1898.0
1364910 1898.0
1364920 1898.9
1364930 1900.2
1364940 1900.2
1364950 1901.9
1364960 1903.2
1364970 1903.2
1364980 1903.9
1364990 1905.0
1365000 1905.0
1365010 1907.0
1365020 1909.7
1365030 1909.7
1365040 1911.4
1365050 1909.8
1365060 1909.8
1365070 1907.1
1365080 1905.0
1365090 1900.8
1365100 1900.8
1365110 1896.9
1365120 1900.1
1365130 1900.1
1365140 1897.6
1365150 1899.5
1365160 1899.5
1365170 1903.9
1365180 1907.8
1365190 1907.8
1365200 1911.2
1365210 1911.3
1365220 1911.3
1365230 1910.7
1365240 1910.2
1365250 1910.2
1365260 1905.3
1365270 1905.0
1365280 1905.1
1365290 1905.1
1365300 1904.3
1365310 1903.7
1365320 1903.7
1365330 1903.9
1365340 1903.1
1365350 1903.1
1365360 1902.8
1365370 1902.0
1365380 1902.0
1365390 1899.1
1365400 1896.8
1365410 1896.8
1365420 1895.5
1365430 1895.4
1365440 1895.4
1365450 1895.4
1365460 1894.5
1365470 1894.0
1365480 1894.0
1365490 1893.4
1365500 1894.1
1365510 1894.1
1365520 1895.0
1365530 1896.6
1365540 1896.6
1365550 1899.2
1365560 1901.7
1365570 1901.7
1365580 1904.1
1365590 1906.0
1365600 1906.0
1365610 1906.6
1365620 1907.5
1365630 1907.5
1365640 1909.9
1365650 1913.4
1365660 1916.3
1365670 1916.3
1365680 1921.3
1365690 1925.5
1365700 1925.5
1365710 1929.3
1365720 1934.2
1365730 1934.2
1365740 1939.0
1365750 1945.7
1365760 1945.7
1365770 1950.9
1365780 1954.3
1365790 1954.3
1365800 1957.0
1365810 1958.7
1365820 1958.7
1365830 1960.1
1365840 1960.9
1365850 1960.9
1365860 1962.1
1365870 1964.3
1365880 1965.7
1365890 1965.7
1365900 1966.5
1365910 1966.3
1365920 1966.3
1365930 1965.0
1365940 1963.3
1365950 1963.3
1365960 1962.9
1365970 1962.2
1365980 1962.2
1365990 1962.5
1366000 1964.7
1366010 1964.7
1366020 1967.3
1366030 1968.9
1366040 1968.9
1366050 1970.5
1366060 1971.4
1366070 1971.8
1366080 1971.8
1366090 1971.0
1366100 1970.1
1366110 1970.1
1366120 1969.8
1366130 1969.5
1366140 1969.5
1366150 1968.4
1366160 1964.6
1366170 1964.6
1366180 1960.6
1366190 1955.3
1366200 1955.3
1366210 1950.7
1366220 1946.2
1366230 1946.2
1366240 1941.4
1366250 1935.1
1366260 1930.1
1366270 1930.1
1366280 1926.8
1366290 1923.8
1366300 1923.8
1366310 1920.7
1366320 1913.7
1366330 1913.7
1366340 1907.8
1366350 1904.7
1366360 1904.7
1366370 1903.7
1366380 1902.3
1366390 1902.3
1366400 1899.9
1366410 1896.7
1366420 1896.7
1366430 1891.6
1366440 1887.6
1366450 1884.2
1366460 1884.2
1366470 1879.6
1366480 1880.3
1366490 1880.3
1366500 1883.1
1366510 1884.0
1366520 1884.0
1366530 1884.7
1366540 1886.1
1366550 1886.1
1366560 1888.2
1366570 1890.3
1366580 1890.3
1366590 1880.8
1366600 1860.0
1366610 1860.0
1366620 1838.5
1366630 1826.0
1366640 1820.7
1366650 1820.7
1366660 1825.2
1366670 1836.1
1366680 1836.1
1366690 1842.9
1366700 1829.3
1366710 1829.3
1366720 1805.8
1366730 1796.3
1366740 1796.3
1366750 1783.4
1366760 1767.7
1366770 1767.7
1366780 1761.2
1366790 1755.7
1366800 1755.7
1366810 1751.2
1366820 1746.8
1366830 1737.3
1366840 1737.3
1366850 1729.5
1366860 1722.0
1366870 1722.0
1366880 1714.2
1366890 1708.0
1366900 1708.0
1366910 1702.6
1366920 1697.5
1366930 1697.5
1366940 1691.7
1366950 1685.5
1366960 1685.5
1366970 1680.2
1366980 1674.9
1366990 1674.9
1367000 1669.5
1367010 1664.6
1367020 1659.4
1367030 1659.4
1367040 1653.8
1367050 1649.3
1367060 1649.3
1367070 1646.3
1367080 1643.6
1367090 1643.6
1367100 1641.5
1367110 1638.4
1367120 1638.4
1367130 1636.0
1367140 1634.0
1367150 1634.0
1367160 1631.1
1367170 1628.3
1367180 1628.3
1367190 1624.4
1367200 1617.1
1367210 1610.8
1367220 1610.8
1367230 1612.4
1367240 1611.5
1367250 1611.5
1367260 1610.8
1367270 1606.8
1367280 1606.8
1367290 1602.8
1367300 1600.9
1367310 1600.9
1367320 1599.8
1367330 1597.5
1367340 1597.5
1367350 1595.0
1367360 1593.3
1367370 1593.3
1367380 1591.1
1367390 1588.8
1367400 1585.5
1367410 1585.5
1367420 1581.7
1367430 1579.0
1367440 1579.0
1367450 1578.2
1367460 1577.2
1367470 1577.2
1367480 1578.1
1367490 1579.9
1367500 1579.9
1367510 1578.3
1367520 1573.8
1367530 1573.8
1367540 1571.7
1367550 1573.2
1367560 1573.2
1367570 1578.1
1367580 1583.5
1367590 1583.8
1367600 1583.8
1367610 1579.7
1367620 1575.8
1367630 1575.8
1367640 1571.0
1367650 1567.3
1367660 1567.3
1367670 1563.5
1367680 1559.9
1367690 1559.9
1367700 1559.1
1367710 1556.1
1367720 1556.1
1367730 1550.9
1367740 1547.0
1367750 1547.0
1367760 1543.5
1367770 1539.6
1367780 1536.1
1367790 1536.1
1367800 1532.8
1367810 1530.0
1367820 1530.0
1367830 1527.1
1367840 1525.0
1367850 1525.0
1367860 1522.8
1367870 1520.3
1367880 1520.3
1367890 1517.0
1367900 1514.4
1367910 1514.4
1367920 1513.5
1367930 1512.0
1367940 1512.0
1367950 1508.9
1367960 1504.8
1367970 1500.9
1367980 1500.9
1367990 1497.7
1368000 1495.9
1368010 1495.9
1368020 1494.4
1368030 1492.7
1368040 1492.7
1368050 1490.6
1368060 1489.2
1368070 1489.2
1368080 1488.8
1368090 1489.8
1368100 1489.8
1368110 1490.6
1368120 1491.5
1368130 1491.5
1368140 1492.2
1368150 1492.2
1368160 1491.4
1368170 1491.4
1368180 1490.8
1368190 1490.4
1368200 1490.4
1368210 1491.3
1368220 1492.6
1368230 1492.6
1368240 1493.6
1368250 1493.9
1368260 1493.9
1368270 1493.0
1368280 1492.5
1368290 1492.5
1368300 1493.5
1368310 1493.3
1368320 1493.3
1368330 1492.7
1368340 1497.0
1368350 1496.9
1368360 1496.9
1368370 1498.4
1368380 1500.4
1368390 1500.4
1368400 1500.1
1368410 1498.2
1368420 1498.2
1368430 1498.3
1368440 1498.8
1368450 1498.8
1368460 1499.1
1368470 1499.4
1368480 1499.4
1368490 1499.3
1368500 1499.2
1368510 1499.2
1368520 1498.7
1368530 1498.4
1368540 1496.7
1368550 1496.7
1368560 1495.2
1368570 1495.3
1368580 1495.3
1368590 1495.2
1368600 1494.6
1368610 1494.6
1368620 1493.8
1368630 1493.2
1368640 1493.2
1368650 1492.2
1368660 1490.6
1368670 1490.6
1368680 1489.4
1368690 1488.5
1368700 1488.5
1368710 1487.7
1368720 1486.7
1368730 1485.7
1368740 1485.7
1368750 1485.0
1368760 1484.1
1368770 1484.1
1368780 1483.1
1368790 1482.4
1368800 1482.4
1368810 1482.0
1368820 1480.9
1368830 1480.9
1368840 1480.4
1368850 1479.3
1368860 1479.3
1368870 1478.4
1368880 1478.7
1368890 1478.7
1368900 1478.2
1368910 1477.2
1368920 1475.9
1368930 1475.9
1368940 1476.0
1368950 1475.5
1368960 1475.5
1368970 1475.7
1368980 1475.7
1368990 1475.7
1369000 1475.3
1369010 1473.5
1369020 1473.5
1369030 1466.7
1369040 1454.9
1369050 1454.9
1369060 1445.1
1369070 1441.8
1369080 1441.8
1369090 1441.3
1369100 1439.9
1369110 1444.0
1369120 1444.0
1369130 1452.3
1369140 1463.3
1369150 1463.3
1369160 1470.7
1369170 1471.3
1369180 1471.3
1369190 1471.2
1369200 1471.2
1369210 1471.2
1369220 1471.5
1369230 1472.7
1369240 1472.7
1369250 1473.0
1369260 1471.4
1369270 1471.4
1369280 1469.7
1369290 1470.2
1369300 1470.7
1369310 1470.7
1369320 1469.6
1369330 1468.8
1369340 1468.8
1369350 1469.1
1369360 1469.6
1369370 1469.6
1369380 1468.5
1369390 1466.9
1369400 1466.9
1369410 1463.7
1369420 1465.5
1369430 1470.1
1369440 1475.2
1369450 1475.6
1369460 1475.6
1369470 1473.1
1369480 1470.8
1369490 1466.0
1369500 1466.0
1369510 1467.6
1369520 1470.4
1369530 1470.4
1369540 1469.8
1369550 1468.0
1369560 1468.0
1369570 1462.8
1369580 1463.0
1369590 1463.0
1369600 1467.8
1369610 1470.5
1369620 1470.5
1369630 1473.5
1369640 1476.9
1369650 1476.9
1369660 1480.1
1369670 1485.0
1369680 1491.2
1369690 1491.2
1369700 1498.1
1369710 1503.9
1369720 1503.9
1369730 1507.6
1369740 1510.7
1369750 1510.7
1369760 1513.8
1369770 1518.8
1369780 1518.8
1369790 1523.1
1369800 1526.6
1369810 1526.6
1369820 1530.5
1369830 1534.6
1369840 1534.6
1369850 1537.9
1369860 1540.3
1369870 1542.3
1369880 1542.3
1369890 1544.1
1369900 1545.7
1369910 1545.7
1369920 1547.4
1369930 1548.0
1369940 1548.0
1369950 1548.7
1369960 1550.5
1369970 1550.5
1369980 1552.5
1369990 1553.2
1370000 1553.2
1370010 1554.8
1370020 1556.3
1370030 1556.3
1370040 1556.5
1370050 1557.7
1370060 1559.7
1370070 1559.7
1370080 1560.6
1370090 1558.0
1370100 1558.0
1370110 1555.1
1370120 1561.3
1370130 1561.3
1370140 1564.1
1370150 1563.8
1370160 1563.8
1370170 1564.1
1370180 1565.5
1370190 1565.5
1370200 1567.4
1370210 1569.6
1370220 1569.6
1370230 1572.0
1370240 1574.6
1370250 1576.9
1370260 1576.9
1370270 1579.4
1370280 1581.9
1370290 1581.9
1370300 1583.4
1370310 1584.4
1370320 1584.4
1370330 1583.0
1370340 1575.5
1370350 1575.5
1370360 1568.3
1370370 1564.6
1370380 1564.6
1370390 1573.3
1370400 1582.9
1370410 1582.9
1370420 1590.0
1370430 1593.0
1370440 1594.0
1370450 1594.0
1370460 1596.2
1370470 1600.7
1370480 1600.7
1370490 1605.3
1370500 1609.8
1370510 1609.8
1370520 1614.0
1370530 1620.8
1370540 1620.8
1370550 1623.1
1370560 1625.5
1370570 1625.5
1370580 1627.5
1370590 1628.7
1370600 1628.7
1370610 1629.3
1370620 1630.9
1370630 1633.5
1370640 1633.5
1370650 1636.3
1370660 1638.8
1370670 1638.8
1370680 1641.2
1370690 1643.3
1370700 1643.3
1370710 1644.5
1370720 1644.7
1370730 1644.7
1370740 1645.3
1370750 1647.8
1370760 1647.8
1370770 1650.4
1370780 1652.5
1370790 1652.5
1370800 1653.7
1370810 1655.4
1370820 1658.7
1370830 1658.7
1370840 1661.9
1370850 1664.7
1370860 1664.7
1370870 1668.6
1370880 1672.5
1370890 1672.5
1370900 1674.2
1370910 1674.1
1370920 1674.1
1370930 1674.0
1370940 1674.1
1370950 1674.1
1370960 1673.5
1370970 1671.9
1370980 1671.9
1370990 1670.3
1371000 1668.8
1371010 1666.8
1371020 1666.8
1371030 1664.3
1371040 1661.4
1371050 1661.4
1371060 1659.7
1371070 1658.0
1371080 1658.0
1371090 1655.6
1371100 1653.6
1371110 1653.6
1371120 1652.1
1371130 1649.9
1371140 1649.9
1371150 1647.1
1371160 1644.4
1371170 1644.4
1371180 1643.8
1371190 1644.9
1371200 1644.7
1371210 1644.7
1371220 1644.3
1371230 1644.8
1371240 1644.8
1371250 1645.4
1371260 1645.7
1371270 1645.7
1371280 1645.6
1371290 1645.0
1371300 1645.0
1371310 1644.3
1371320 1643.2
1371330 1643.2
1371340 1643.9
1371350 1646.3
1371360 1646.3
1371370 1648.0
1371380 1648.5
1371390 1648.4
1371400 1648.4
1371410 1648.5
1371420 1648.9
1371430 1648.9
1371440 1648.9
1371450 1649.1
1371460 1649.1
1371470 1649.4
1371480 1649.8
1371490 1649.8
1371500 1650.6
1371510 1651.5
1371520 1651.5
1371530 1652.9
1371540 1654.0
1371550 1654.0
1371560 1655.7
1371570 1658.4
1371580 1660.6
1371590 1660.6
1371600 1662.3
1371610 1664.0
1371620 1664.0
1371630 1665.6
1371640 1666.2
1371650 1670.9
1371660 1672.1
1371670 1672.5
1371680 1672.5
1371690 1672.2
1371700 1672.3
1371710 1672.3
1371720 1673.3
1371730 1674.9
1371740 1674.9
1371750 1675.7
1371760 1674.6
1371770 1671.3
1371780 1671.3
1371790 1667.9
1371800 1666.9
1371810 1666.9
1371820 1666.3
1371830 1665.9
1371840 1665.9
1371850 1664.6
1371860 1664.2
1371870 1664.2
1371880 1663.8
1371890 1663.6
1371900 1663.6
1371910 1660.4
1371920 1660.1
1371930 1660.1
1371940 1664.6
1371950 1671.1
1371960 1679.9
1371970 1679.9
1371980 1686.3
1371990 1688.3
1372000 1688.3
1372010 1689.2
1372020 1689.7
1372030 1689.7
1372040 1689.6
1372050 1688.9
1372060 1688.9
1372070 1686.8
1372080 1682.2
1372090 1682.2
1372100 1678.8
1372110 1677.3
1372120 1677.3
1372130 1676.0
1372140 1675.0
1372150 1675.0
1372160 1675.3
1372170 1674.9
1372180 1674.1
1372190 1674.1
1372200 1673.3
1372210 1673.5
1372220 1673.5
1372230 1676.3
1372240 1676.4
1372250 1676.4
1372260 1673.3
1372270 1672.0
1372280 1672.0
1372290 1670.8
1372300 1671.2
1372310 1671.2
1372320 1673.1
1372330 1673.4
1372340 1673.4
1372350 1675.0
1372360 1676.6
1372370 1676.1
1372380 1676.1
1372390 1674.2
1372400 1672.6
1372410 1672.6
1372420 1668.6
1372430 1660.0
1372440 1660.0
1372450 1655.6
1372460 1655.7
1372470 1655.7
1372480 1656.2
1372490 1655.7
1372500 1655.7
1372510 1655.0
1372520 1653.3
1372530 1653.3
1372540 1652.0
1372550 1650.7
1372560 1648.8
1372570 1648.8
1372580 1647.9
1372590 1648.8
1372600 1648.8
1372610 1650.2
1372620 1650.3
1372630 1650.3
1372640 1650.3
1372650 1650.4
1372660 1650.4
1372670 1651.3
1372680 1653.1
1372690 1653.1
1372700 1655.0
1372710 1656.7
1372720 1656.7
1372730 1657.9
1372740 1658.8
1372750 1659.7
1372760 1659.7
1372770 1664.5
1372780 1664.9
1372790 1664.9
1372800 1666.1
1372810 1667.3
1372820 1667.3
1372830 1668.1
1372840 1668.4
1372850 1668.4
1372860 1668.7
1372870 1671.7
1372880 1671.7
1372890 1675.1
1372900 1679.4
1372910 1679.4
1372920 1685.8
1372930 1690.4
1372940 1692.4
1372950 1692.4
1372960 1695.7
1372970 1702.0
1372980 1702.0
1372990 1708.3
1373000 1712.7
1373010 1712.7
1373020 1714.0
1373030 1714.5
1373040 1714.5
1373050 1714.9
1373060 1715.4
1373070 1715.4
1373080 1715.6
1373090 1715.4
1373100 1715.4
1373110 1714.8
1373120 1714.9
1373130 1715.0
1373140 1715.0
1373150 1716.1
1373160 1717.0
1373170 1717.0
1373180 1718.5
1373190 1719.7
1373200 1719.7
1373210 1720.4
1373220 1720.9
1373230 1720.9
1373240 1721.3
1373250 1721.2
1373260 1721.2
1373270 1720.3
1373280 1718.9
1373290 1718.9
1373300 1718.0
1373310 1717.6
1373320 1717.1
1373330 1717.1
1373340 1717.0
1373350 1716.6
1373360 1716.6
1373370 1714.5
1373380 1713.7
1373390 1713.7
1373400 1712.8
1373410 1711.6
1373420 1711.6
1373430 1711.0
1373440 1711.4
1373450 1711.4
1373460 1711.4
1373470 1709.8
1373480 1709.8
1373490 1709.1
1373500 1711.1
1373510 1713.4
1373520 1713.4
1373530 1716.0
1373540 1719.2
1373550 1719.2
1373560 1723.1
1373570 1727.0
1373580 1727.0
1373590 1729.4
1373600 1731.5
1373610 1731.5
1373620 1734.2
1373630 1734.6
1373640 1734.6
1373650 1734.2
1373660 1734.2
1373670 1734.2
1373680 1734.1
1373690 1733.1
1373700 1729.1
1373710 1729.1
1373720 1724.9
1373730 1724.4
1373740 1724.4
1373750 1722.6
1373760 1718.4
1373770 1718.4
1373780 1713.6
1373790 1709.6
1373800 1709.6
1373810 1706.2
1373820 1703.0
1373830 1703.0
1373840 1700.8
1373850 1699.0
1373860 1699.0
1373870 1696.6
1373880 1693.6
1373890 1689.5
1373900 1696.1
1373910 1691.5
1373920 1686.9
1373930 1686.9
1373940 1681.9
1373950 1676.3
1373960 1676.3
1373970 1670.5
1373980 1664.4
1373990 1664.4
1374000 1658.6
1374010 1652.7
1374020 1652.7
1374030 1647.1
1374040 1642.2
1374050 1642.2
1374060 1637.7
1374070 1632.5
1374080 1628.1
1374090 1628.1
1374100 1624.9
1374110 1622.6
1374120 1622.6
1374130 1618.4
1374140 1613.5
1374150 1613.5
1374160 1609.4
1374170 1605.8
1374180 1605.8
1374190 1601.6
1374200 1598.7
1374210 1598.7
1374220 1595.6
1374230 1591.3
1374240 1591.3
1374250 1588.3
1374260 1585.6
1374270 1582.3
1374280 1582.3
1374290 1578.7
1374300 1577.1
1374310 1577.1
1374320 1574.5
1374330 1570.0
1374340 1570.0
1374350 1567.5
1374360 1564.5
1374370 1564.5
1374380 1561.3
1374390 1558.9
1374400 1558.9
1374410 1556.3
1374420 1553.5
1374430 1553.5
1374440 1550.6
1374450 1548.2
1374460 1545.9
1374470 1545.9
1374480 1544.9
1374490 1542.6
1374500 1542.6
1374510 1539.5
1374520 1538.1
1374530 1538.1
1374540 1535.8
1374550 1535.2
1374560 1535.2
1374570 1537.5
1374580 1541.2
1374590 1541.2
1374600 1544.9
1374610 1545.8
1374620 1545.8
1374630 1542.6
1374640 1536.1
1374650 1527.3
1374660 1527.3
1374670 1514.6
1374680 1505.3
1374690 1505.3
1374700 1495.0
1374710 1480.4
1374720 1480.4
1374730 1467.8
1374740 1455.3
1374750 1455.3
1374760 1446.9
1374770 1454.2
1374780 1454.2
1374790 1465.1
1374800 1474.0
1374810 1474.0
1374820 1482.1
1374830 1486.9
1374840 1490.0
1374850 1490.0
1374860 1494.2
1374870 1501.3
1374880 1501.3
1374890 1509.2
1374900 1515.4
1374910 1515.4
1374920 1521.9
1374930 1526.0
1374940 1526.0
1374950 1528.8
1374960 1529.9
1374970 1529.9
1374980 1530.8
1374990 1531.2
1375000 1531.2
1375010 1530.7
1375020 1530.0
1375030 1531.0
1375040 1531.0
1375050 1538.1
1375060 1539.0
1375070 1539.0
1375080 1539.6
1375090 1540.6
1375100 1540.6
1375110 1541.5
1375120 1542.9
1375130 1542.9
1375140 1544.3
1375150 1544.6
1375160 1544.6
1375170 1545.2
1375180 1545.4
1375190 1545.4
1375200 1546.4
1375210 1550.5
1375220 1553.2
1375230 1553.2
1375240 1552.7
1375250 1551.8
1375260 1551.8
1375270 1550.3
1375280 1548.7
1375290 1548.7
1375300 1547.1
1375310 1546.0
1375320 1546.0
1375330 1546.3
1375340 1547.0
1375350 1547.0
1375360 1547.6
1375370 1548.1
1375380 1548.1
1375390 1548.1
1375400 1547.6
1375410 1547.5
1375420 1547.5
1375430 1547.8
1375440 1547.7
1375450 1547.7
1375460 1547.4
1375470 1544.5
1375480 1544.5
1375490 1539.1
1375500 1533.2
1375510 1533.2
1375520 1526.8
1375530 1522.0
1375540 1522.0
1375550 1518.0
1375560 1514.9
1375570 1514.9
1375580 1513.7
1375590 1512.6
1375600 1510.7
1375610 1510.7
1375620 1509.1
1375630 1507.3
1375640 1507.3
1375650 1507.2
1375660 1507.0
1375670 1507.0
1375680 1506.4
1375690 1506.5
1375700 1506.5
1375710 1507.0
1375720 1508.3
1375730 1508.3
1375740 1508.6
1375750 1508.0
1375760 1508.0
1375770 1507.9
1375780 1508.3
1375790 1508.0
1375800 1508.0
1375810 1507.0
1375820 1504.1
1375830 1504.1
1375840 1501.9
1375850 1504.0
1375860 1504.0
1375870 1505.5
1375880 1506.6
1375890 1506.6
1375900 1507.0
1375910 1507.5
1375920 1507.5
1375930 1508.4
1375940 1509.8
1375950 1509.8
1375960 1510.6
1375970 1510.3
1375980 1509.4
1375990 1509.4
1376000 1508.5
1376010 1508.1
1376020 1508.1
1376030 1507.8
1376040 1507.9
1376050 1507.9
1376060 1507.2
1376070 1506.6
1376080 1506.6
1376090 1506.5
1376100 1506.0
1376110 1506.0
1376120 1504.8
1376130 1506.4
1376140 1506.4
1376150 1511.3
1376160 1514.9
1376170 1515.4
1376180 1515.4
1376190 1515.8
1376200 1516.0
1376210 1519.2
1376220 1519.8
1376230 1521.0
1376240 1521.0
1376250 1522.7
1376260 1523.8
1376270 1523.8
1376280 1524.2
1376290 1524.3
1376300 1524.3
1376310 1524.3
1376320 1523.9
1376330 1523.9
1376340 1523.5
1376350 1523.1
1376360 1522.6
1376370 1522.6
1376380 1521.4
1376390 1520.3
1376400 1520.3
1376410 1519.4
1376420 1519.0
1376430 1519.0
1376440 1518.2
1376450 1517.2
1376460 1517.2
1376470 1516.2
1376480 1515.0
1376490 1515.0
1376500 1513.9
1376510 1513.0
1376520 1513.0
1376530 1512.1
1376540 1510.7
1376550 1509.4
1376560 1509.4
1376570 1508.7
1376580 1507.4
1376590 1507.4
1376600 1506.3
1376610 1505.9
1376620 1505.9
1376630 1505.9
1376640 1505.3
1376650 1505.3
1376660 1504.8
1376670 1504.5
1376680 1504.5
1376690 1503.8
1376700 1502.5
1376710 1502.5
1376720 1501.9
1376730 1501.7
1376740 1501.6
1376750 1501.6
1376760 1501.1
1376770 1500.2
1376780 1500.2
1376790 1499.1
1376800 1497.9
1376810 1497.9
1376820 1497.3
1376830 1497.2
1376840 1497.2
1376850 1497.5
1376860 1497.9
1376870 1497.9
1376880 1498.1
1376890 1498.3
1376900 1498.3
1376910 1498.0
1376920 1498.1
1376930 1498.1
1376940 1498.1
1376950 1497.9
1376960 1497.2
1376970 1497.2
1376980 1496.8
1376990 1496.9
1377000 1496.9
1377010 1497.3
1377020 1497.5
1377030 1497.5
1377040 1497.1
1377050 1496.9
1377060 1496.9
1377070 1496.8
1377080 1495.9
1377090 1495.9
1377100 1491.0
1377110 1483.2
1377120 1473.9
1377130 1473.9
1377140 1464.9
1377150 1456.5
1377160 1456.5
1377170 1450.9
1377180 1448.7
1377190 1448.7
1377200 1447.4
1377210 1447.6
1377220 1447.6
1377230 1447.4
1377240 1448.4
1377250 1448.4
1377260 1451.1
1377270 1454.3
1377280 1454.3
1377290 1459.2
1377300 1464.9
1377310 1470.2
1377320 1470.2
1377330 1475.1
1377340 1481.0
1377350 1481.0
1377360 1488.4
1377370 1494.8
1377380 1500.7
1377390 1506.5
1377400 1509.6
1377410 1509.6
1377420 1511.5
1377430 1514.5
1377440 1514.5
1377450 1517.6
1377460 1519.7
1377470 1519.7
1377480 1521.7
1377490 1523.5
1377500 1525.0
1377510 1525.0
1377520 1526.1
1377530 1526.4
1377540 1526.4
1377550 1526.0
1377560 1526.3
1377570 1526.3
1377580 1528.5
1377590 1530.5
1377600 1530.5
1377610 1531.3
1377620 1530.1
1377630 1530.1
1377640 1527.4
1377650 1524.8
1377660 1524.8
1377670 1521.2
1377680 1517.2
1377690 1511.6
1377700 1511.6
1377710 1506.0
1377720 1503.4
1377730 1503.4
1377740 1504.8
1377750 1507.6
1377760 1507.6
1377770 1511.1
1377780 1512.9
1377790 1512.9
1377800 1515.9
1377810 1521.1
1377820 1521.1
1377830 1528.0
1377840 1533.1
1377850 1533.1
1377860 1537.5
1377870 1539.7
1377880 1539.4
1377890 1539.4
1377900 1537.0
1377910 1532.9
1377920 1532.9
1377930 1529.6
1377940 1529.3
1377950 1529.3
1377960 1532.3
1377970 1533.1
1377980 1533.1
1377990 1532.6
1378000 1531.2
1378010 1531.2
1378020 1527.4
1378030 1524.9
1378040 1524.9
1378050 1518.1
1378060 1512.3
1378070 1508.5
1378080 1508.5
1378090 1504.3
1378100 1504.3
1378110 1504.3
1378120 1504.5
1378130 1503.6
1378140 1503.6
1378150 1501.7
1378160 1494.0
1378170 1494.0
1378180 1481.5
1378190 1467.7
1378200 1467.7
1378210 1461.4
1378220 1467.2
1378230 1467.2
1378240 1475.2
1378250 1482.9
1378260 1491.6
1378270 1491.6
1378280 1500.1
1378290 1508.6
1378300 1508.6
1378310 1515.1
1378320 1519.7
1378330 1519.7
1378340 1525.1
1378350 1531.6
1378360 1531.6
1378370 1538.6
1378380 1545.0
1378390 1545.0
1378400 1549.1
1378410 1548.9
1378420 1548.9
1378430 1550.5
1378440 1554.5
1378450 1557.5
1378460 1557.5
1378470 1556.7
1378480 1557.9
1378490 1557.9
1378500 1562.8
1378510 1567.1
1378520 1567.1
1378530 1571.9
1378540 1576.9
1378550 1576.9
1378560 1579.9
1378570 1583.6
1378580 1583.6
1378590 1581.5
1378600 1583.7
1378610 1583.7
1378620 1587.7
1378630 1590.3
1378640 1587.5
1378650 1587.5
1378660 1581.7
1378670 1578.1
1378680 1578.1
1378690 1579.8
1378700 1584.1
1378710 1584.1
1378720 1589.2
1378730 1595.2
1378740 1595.2
1378750 1601.4
1378760 1603.4
1378770 1603.4
1378780 1601.0
1378790 1596.7
1378800 1596.7
1378810 1591.9
1378820 1587.1
1378830 1588.9
1378840 1588.9
1378850 1595.1
1378860 1601.4
1378870 1601.4
1378880 1606.9
1378890 1611.4
1378900 1611.4
1378910 1616.0
1378920 1620.0
1378930 1620.0
1378940 1623.1
1378950 1623.6
1378960 1623.6
1378970 1622.9
1378980 1622.7
1378990 1622.7
1379000 1623.5
1379010 1625.5
1379020 1627.5
1379030 1627.5
1379040 1631.1
1379050 1636.0
1379060 1636.0
1379070 1638.7
1379080 1638.3
1379090 1638.3
1379100 1638.8
1379110 1641.8
1379120 1641.8
1379130 1644.5
1379140 1646.7
1379150 1646.7
1379160 1649.1
1379170 1650.2
1379180 1650.2
1379190 1651.3
1379200 1652.0
1379210 1652.6
1379220 1652.6
1379230 1654.2
1379240 1654.9
1379250 1654.9
1379260 1656.2
1379270 1657.6
1379280 1657.6
1379290 1658.9
1379300 1659.6
1379310 1659.6
1379320 1659.8
1379330 1659.6
1379340 1659.6
1379350 1657.0
1379360 1652.9
1379370 1652.9
1379380 1649.8
1379390 1648.6
1379400 1648.6
1379410 1652.5
1379420 1655.5
1379430 1657.8
1379440 1657.8
1379450 1659.2
1379460 1658.6
1379470 1658.6
1379480 1658.3
1379490 1658.2
1379500 1658.2
1379510 1657.7
1379520 1657.4
1379530 1657.4
1379540 1659.0
1379550 1661.2
1379560 1661.2
1379570 1662.6
1379580 1663.7
1379590 1663.7
1379600 1665.3
1379610 1666.5
1379620 1668.2
1379630 1668.2
1379640 1670.4
1379650 1672.9
1379660 1672.9
1379670 1676.8
1379680 1680.2
1379690 1680.2
1379700 1682.1
1379710 1683.4
1379720 1683.4
1379730 1683.2
1379740 1681.2
1379750 1681.2
1379760 1679.1
1379770 1676.7
1379780 1676.7
1379790 1670.4
1379800 1668.3
1379810 1673.4
1379820 1673.4
1379830 1678.3
1379840 1681.8
1379850 1681.8
1379860 1685.7
1379870 1686.9
1379880 1686.9
1379890 1687.1
1379900 1689.9
1379910 1689.9
1379920 1690.7
1379930 1691.0
1379940 1691.0
1379950 1692.8
1379960 1694.4
1379970 1694.4
1379980 1695.2
1379990 1695.6
