1360000 2491.6
1360010 2487.5
1360020 2482.9
1360030 2478.9
1360040 2478.9
1360050 2475.2
1360060 2472.1
1360070 2472.1
1360080 2468.8
1360090 2465.8
1360100 2465.8
1360110 2462.8
1360120 2460.0
1360130 2460.0
1360140 2457.0
1360150 2454.0
1360160 2454.0
1360170 2450.8
1360180 2448.4
1360190 2448.4
1360200 2445.6
1360210 2443.1
1360220 2440.3
1360230 2440.3
1360240 2438.3
1360250 2436.5
1360260 2436.5
1360270 2434.6
1360280 2432.4
1360290 2432.4
1360300 2429.2
1360310 2426.4
1360320 2426.4
1360330 2423.5
1360340 2421.5
1360350 2421.5
1360360 2419.8
1360370 2417.8
1360380 2417.8
1360390 2416.1
1360400 2415.3
1360410 2415.6
1360420 2415.6
1360430 2415.9
1360440 2415.6
1360450 2415.6
1360460 2413.9
1360470 2412.7
1360480 2412.7
1360490 2412.0
1360500 2410.9
1360510 2410.9
1360520 2409.3
1360530 2404.8
1360540 2397.2
1360550 2394.0
1360560 2391.3
1360570 2391.3
1360580 2387.9
1360590 2384.5
1360600 2380.4
1360610 2380.4
1360620 2376.2
1360630 2370.6
1360640 2370.6
1360650 2363.2
1360660 2355.6
1360670 2355.6
1360680 2350.7
1360690 2346.4
1360700 2346.4
1360710 2342.0
1360720 2336.9
1360730 2336.9
1360740 2332.3
1360750 2327.5
1360760 2327.5
1360770 2323.0
1360780 2318.9
1360790 2313.3
1360800 2313.3
1360810 2308.7
1360820 2303.9
1360830 2303.9
1360840 2298.4
1360850 2291.8
1360860 2291.8
1360870 2285.8
1360880 2280.4
1360890 2280.4
1360900 2275.3
1360910 2270.1
1360920 2270.1
1360930 2266.0
1360940 2262.2
1360950 2262.2
1360960 2258.7
1360970 2255.1
1360980 2251.7
1360990 2251.7
1361000 2249.5
1361010 2248.3
1361020 2248.3
1361030 2247.6
1361040 2247.2
1361050 2247.2
1361060 2246.0
1361070 2243.1
1361080 2243.1
1361090 2238.6
1361100 2235.5
1361110 2235.5
1361120 2232.7
1361130 2226.9
1361140 2226.9
1361150 2222.5
1361160 2215.7
1361170 2209.1
1361180 2209.1
1361190 2202.7
1361200 2198.3
1361210 2198.3
1361220 2196.9
1361230 2195.8
1361240 2195.8
1361250 2193.0
1361260 2187.8
1361270 2187.8
1361280 2183.3
1361290 2180.4
1361300 2180.4
1361310 2180.8
1361320 2182.9
1361330 2182.9
1361340 2182.6
1361350 2181.1
1361360 2181.1
1361370 2180.5
1361380 2178.8
1361390 2174.9
1361400 2174.9
1361410 2169.7
1361420 2164.6
1361430 2164.6
1361440 2159.0
1361450 2151.5
1361460 2151.5
1361470 2144.5
1361480 2138.6
1361490 2138.6
1361500 2131.0
1361510 2123.1
1361520 2123.1
1361530 2116.8
1361540 2110.1
1361550 2110.1
1361560 2097.8
1361570 2090.9
1361580 2084.3
1361590 2084.3
1361600 2078.7
1361610 2073.1
1361620 2073.1
1361630 2067.0
1361640 2060.2
1361650 2060.2
1361660 2052.3
1361670 2045.7
1361680 2045.7
1361690 2039.4
1361700 2032.7
1361710 2032.7
1361720 2025.5
1361730 2018.4
1361740 2018.4
1361750 2011.0
1361760 2003.0
1361770 1995.3
1361780 1995.3
1361790 1986.8
1361800 1978.8
1361810 1978.8
1361820 1972.5
1361830 1967.8
1361840 1967.8
1361850 1964.0
1361860 1960.8
1361870 1960.8
1361880 1957.0
1361890 1952.4
1361900 1952.4
1361910 1948.0
1361920 1942.9
1361930 1942.9
1361940 1937.3
1361950 1931.7
1361960 1926.4
1361970 1926.4
1361980 1921.1
1361990 1916.0
1362000 1916.0
1362010 1911.2
1362020 1906.6
1362030 1906.6
1362040 1902.0
1362050 1897.9
1362060 1897.9
1362070 1893.5
1362080 1889.6
1362090 1889.6
1362100 1886.1
1362110 1882.4
1362120 1882.4
1362130 1879.0
1362140 1875.7
1362150 1872.5
1362160 1872.5
1362170 1868.0
1362180 1864.4
1362190 1864.4
1362200 1860.4
1362210 1857.6
1362220 1857.6
1362230 1855.2
1362240 1852.4
1362250 1852.4
1362260 1849.1
1362270 1844.7
1362280 1844.7
1362290 1839.1
1362300 1838.6
1362310 1838.6
1362320 1837.4
1362330 1833.4
1362340 1828.6
1362350 1828.6
1362360 1825.8
1362370 1824.5
1362380 1824.5
1362390 1825.4
1362400 1826.8
1362410 1826.8
1362420 1829.6
1362430 1832.1
1362440 1832.1
1362450 1834.8
1362460 1838.9
1362470 1838.9
1362480 1843.1
1362490 1845.5
1362500 1845.5
1362510 1846.5
1362520 1845.6
1362530 1844.8
1362540 1844.8
1362550 1847.5
1362560 1853.5
1362570 1853.5
1362580 1856.8
1362590 1858.2
1362600 1863.4
1362610 1864.4
1362620 1863.8
1362630 1863.8
1362640 1864.9
1362650 1867.1
1362660 1867.1
1362670 1868.5
1362680 1869.8
1362690 1869.8
1362700 1870.7
1362710 1871.6
1362720 1873.1
1362730 1873.1
1362740 1874.8
1362750 1876.9
1362760 1876.9
1362770 1879.7
1362780 1882.6
1362790 1882.6
1362800 1884.6
1362810 1885.9
1362820 1885.9
1362830 1887.3
1362840 1888.5
1362850 1888.5
1362860 1890.3
1362870 1892.1
1362880 1892.1
1362890 1892.9
1362900 1892.6
1362910 1892.5
1362920 1892.5
1362930 1892.0
1362940 1893.0
1362950 1893.0
1362960 1894.5
1362970 1895.6
1362980 1895.6
1362990 1895.2
1363000 1894.3
1363010 1894.3
1363020 1892.6
1363030 1889.6
1363040 1889.6
1363050 1887.8
1363060 1886.6
1363070 1886.6
1363080 1885.8
1363090 1886.4
1363100 1887.1
1363110 1887.1
1363120 1887.5
1363130 1887.8
1363140 1887.8
1363150 1887.7
1363160 1887.1
1363170 1887.1
1363180 1886.2
1363190 1886.1
1363200 1886.1
1363210 1886.4
1363220 1886.5
1363230 1886.5
1363240 1886.1
1363250 1884.3
1363260 1884.3
1363270 1883.2
1363280 1884.1
1363290 1884.6
1363300 1884.6
1363310 1884.8
1363320 1885.1
1363330 1885.1
1363340 1884.8
1363350 1887.3
1363360 1887.3
1363370 1888.7
1363380 1886.0
1363390 1886.0
1363400 1883.0
1363410 1882.7
1363420 1882.7
1363430 1879.6
1363440 1880.2
1363450 1880.2
1363460 1887.7
1363470 1887.3
1363480 1883.0
1363490 1883.0
1363500 1877.9
1363510 1870.7
1363520 1870.7
1363530 1869.8
1363540 1875.2
1363550 1875.2
1363560 1876.9
1363570 1876.9
1363580 1876.9
1363590 1877.4
1363600 1875.9
1363610 1875.9
1363620 1875.7
1363630 1877.7
1363640 1885.7
1363650 1884.0
1363660 1878.1
1363670 1871.6
1363680 1871.6
1363690 1868.4
1363700 1867.2
1363710 1867.2
1363720 1867.1
1363730 1866.5
1363740 1866.5
1363750 1864.9
1363760 1865.9
1363770 1865.9
1363780 1865.8
1363790 1863.2
1363800 1863.2
1363810 1858.8
1363820 1860.4
1363830 1860.4
1363840 1862.3
1363850 1864.7
1363860 1869.0
1363870 1869.0
1363880 1873.3
1363890 1874.3
1363900 1874.3
1363910 1873.3
1363920 1871.9
1363930 1871.9
1363940 1870.9
1363950 1867.9
1363960 1867.9
1363970 1865.7
1363980 1865.6
1363990 1865.6
1364000 1865.5
1364010 1865.1
1364020 1865.1
1364030 1864.1
1364040 1864.0
1364050 1864.0
1364060 1864.0
1364070 1862.7
1364080 1861.8
1364090 1861.8
1364100 1860.2
1364110 1858.8
1364120 1858.8
1364130 1857.7
1364140 1856.3
1364150 1856.3
1364160 1855.5
1364170 1854.8
1364180 1854.8
1364190 1854.5
1364200 1853.4
1364210 1853.4
1364220 1852.0
1364230 1850.6
1364240 1849.1
1364250 1849.1
1364260 1846.9
1364270 1845.3
1364280 1845.3
1364290 1843.8
1364300 1841.3
1364310 1841.3
1364320 1838.6
1364330 1835.6
1364340 1835.6
1364350 1832.3
1364360 1829.0
1364370 1829.0
1364380 1824.7
1364390 1819.8
1364400 1819.8
1364410 1816.9
1364420 1815.7
1364430 1815.0
1364440 1815.0
1364450 1813.7
1364460 1812.7
1364470 1812.7
1364480 1811.1
1364490 1809.9
1364500 1809.9
1364510 1809.6
1364520 1810.6
1364530 1810.6
1364540 1809.4
1364550 1807.6
1364560 1807.6
1364570 1807.4
1364580 1805.8
1364590 1805.8
1364600 1804.1
1364610 1801.8
1364620 1802.9
1364630 1802.9
1364640 1804.5
1364650 1806.4
1364660 1806.4
1364670 1807.4
1364680 1810.0
1364690 1819.6
1364700 1821.5
1364710 1822.5
1364720 1822.5
1364730 1829.7
1364740 1834.0
1364750 1834.0
1364760 1836.1
1364770 1837.7
1364780 1837.7
1364790 1838.8
1364800 1838.5
1364810 1837.9
1364820 1837.9
1364830 1838.6
1364840 1839.3
1364850 1839.3
1364860 1841.4
1364870 1843.8
1364880 1843.8
1364890 1845.9
1364900 1846.4
1364910 1846.4
1364920 1844.5
1364930 1843.7
1364940 1843.7
1364950 1843.5
1364960 1844.4
1364970 1844.4
1364980 1846.3
1364990 1847.1
1365000 1848.7
1365010 1848.7
1365020 1849.8
1365030 1850.4
1365040 1850.4
1365050 1850.4
1365060 1849.0
1365070 1849.0
1365080 1845.0
1365090 1839.9
1365100 1839.9
1365110 1835.4
1365120 1832.9
1365130 1832.9
1365140 1832.6
1365150 1832.1
1365160 1832.1
1365170 1830.7
1365180 1829.6
1365190 1828.7
1365200 1828.7
1365210 1830.2
1365220 1831.5
1365230 1831.5
1365240 1832.7
1365250 1834.5
1365260 1834.5
1365270 1836.0
1365280 1839.3
1365290 1839.3
1365300 1840.9
1365310 1841.4
1365320 1841.4
1365330 1842.5
1365340 1845.3
1365350 1845.3
1365360 1847.4
1365370 1848.1
1365380 1848.0
1365390 1848.0
1365400 1848.5
1365410 1849.8
1365420 1849.8
1365430 1852.8
1365440 1856.3
1365450 1856.3
1365460 1857.8
1365470 1859.6
1365480 1859.6
1365490 1862.0
1365500 1864.8
1365510 1864.8
1365520 1866.3
1365530 1866.3
1365540 1866.3
1365550 1864.5
1365560 1861.3
1365570 1858.2
1365580 1858.2
1365590 1858.8
1365600 1861.5
1365610 1861.5
1365620 1864.8
1365630 1867.6
1365640 1867.6
1365650 1867.7
1365660 1866.8
1365670 1866.8
1365680 1866.6
1365690 1865.6
1365700 1865.6
1365710 1864.8
1365720 1865.5
1365730 1865.5
1365740 1867.3
1365750 1875.3
1365760 1878.1
1365770 1878.1
1365780 1880.0
1365790 1880.4
1365800 1880.4
1365810 1877.9
1365820 1876.3
1365830 1876.3
1365840 1876.8
1365850 1877.6
1365860 1877.6
1365870 1879.4
1365880 1881.5
1365890 1881.5
1365900 1882.3
1365910 1883.5
1365920 1883.5
1365930 1883.9
1365940 1883.8
1365950 1883.8
1365960 1884.2
1365970 1884.4
1365980 1884.5
1365990 1884.5
1366000 1884.4
1366010 1885.5
1366020 1885.5
1366030 1884.4
1366040 1884.1
1366050 1884.1
1366060 1885.5
1366070 1886.7
1366080 1886.7
1366090 1889.0
1366100 1891.7
1366110 1891.7
1366120 1894.5
1366130 1897.7
1366140 1897.7
1366150 1900.3
1366160 1901.6
1366170 1901.8
1366180 1901.8
1366190 1902.4
1366200 1903.1
1366210 1903.1
1366220 1903.3
1366230 1903.5
1366240 1903.5
1366250 1902.3
1366260 1899.7
1366270 1899.7
1366280 1895.4
1366290 1889.8
1366300 1889.8
1366310 1882.8
1366320 1874.5
1366330 1874.5
1366340 1862.9
1366350 1851.8
1366360 1844.6
1366370 1844.6
1366380 1840.1
1366390 1835.9
1366400 1835.9
1366410 1832.0
1366420 1826.3
1366430 1826.3
1366440 1820.8
1366450 1817.9
1366460 1817.9
1366470 1810.9
1366480 1805.2
1366490 1805.2
1366500 1801.0
1366510 1794.7
1366520 1794.7
1366530 1787.9
1366540 1781.5
1366550 1775.0
1366560 1775.0
1366570 1768.8
1366580 1764.2
1366590 1764.2
1366600 1759.5
1366610 1753.9
1366620 1753.9
1366630 1749.7
1366640 1745.1
1366650 1745.1
1366660 1739.9
1366670 1734.3
1366680 1734.3
1366690 1728.0
1366700 1722.2
1366710 1722.2
1366720 1716.9
1366730 1712.8
1366740 1708.6
1366750 1708.6
1366760 1704.3
1366770 1699.0
1366780 1699.0
1366790 1694.0
1366800 1688.7
1366810 1688.7
1366820 1687.2
1366830 1680.9
1366840 1680.9
1366850 1674.4
1366860 1668.0
1366870 1668.0
1366880 1662.6
1366890 1657.4
1366900 1657.4
1366910 1652.3
1366920 1647.0
1366930 1641.8
1366940 1641.8
1366950 1636.6
1366960 1631.2
1366970 1631.2
1366980 1626.5
1366990 1623.0
1367000 1623.0
1367010 1619.6
1367020 1616.3
1367030 1616.3
1367040 1613.1
1367050 1610.5
1367060 1610.5
1367070 1608.4
1367080 1604.9
1367090 1604.9
1367100 1600.8
1367110 1597.4
1367120 1594.3
1367130 1594.3
1367140 1590.9
1367150 1586.5
1367160 1586.5
1367170 1583.2
1367180 1580.7
1367190 1580.7
1367200 1578.1
1367210 1576.2
1367220 1576.2
1367230 1573.7
1367240 1572.4
1367250 1572.4
1367260 1572.1
1367270 1571.6
1367280 1571.6
1367290 1570.5
1367300 1568.4
1367310 1569.6
1367320 1569.6
1367330 1568.7
1367340 1567.4
1367350 1567.4
1367360 1565.6
1367370 1565.0
1367380 1565.0
1367390 1565.5
1367400 1565.8
1367410 1565.8
1367420 1565.6
1367430 1565.0
1367440 1565.0
1367450 1563.7
1367460 1562.8
1367470 1562.8
1367480 1560.7
1367490 1558.6
1367500 1556.0
1367510 1556.0
1367520 1551.6
1367530 1546.4
1367540 1546.4
1367550 1542.2
1367560 1539.8
1367570 1539.8
1367580 1537.8
1367590 1537.5
1367600 1537.5
1367610 1537.9
1367620 1537.6
1367630 1537.6
1367640 1537.2
1367650 1534.9
1367660 1534.9
1367670 1533.6
1367680 1533.0
1367690 1531.2
1367700 1531.2
1367710 1529.2
1367720 1527.2
1367730 1527.2
1367740 1524.9
1367750 1524.2
1367760 1524.2
1367770 1523.9
1367780 1522.1
1367790 1522.1
1367800 1520.2
1367810 1518.1
1367820 1518.1
1367830 1517.6
1367840 1516.6
1367850 1516.6
1367860 1514.8
1367870 1513.7
1367880 1513.2
1367890 1513.2
1367900 1514.2
1367910 1512.0
1367920 1512.0
1367930 1509.7
1367940 1507.1
1367950 1507.1
1367960 1504.4
1367970 1501.8
1367980 1501.8
1367990 1498.7
1368000 1495.3
1368010 1495.3
1368020 1491.8
1368030 1489.1
1368040 1489.1
1368050 1487.9
1368060 1488.0
1368070 1488.0
1368080 1488.0
1368090 1487.0
1368100 1486.5
1368110 1486.5
1368120 1485.3
1368130 1483.7
1368140 1483.7
1368150 1482.2
1368160 1480.1
1368170 1480.1
1368180 1477.2
1368190 1474.0
1368200 1474.0
1368210 1471.8
1368220 1470.0
1368230 1470.0
1368240 1468.3
1368250 1466.8
1368260 1465.7
1368270 1465.7
1368280 1465.1
1368290 1463.7
1368300 1463.7
1368310 1461.9
1368320 1460.5
1368330 1460.5
1368340 1458.5
1368350 1456.7
1368360 1456.7
1368370 1456.1
1368380 1456.1
1368390 1456.1
1368400 1455.6
1368410 1454.7
1368420 1454.7
1368430 1454.3
1368440 1454.9
1368450 1455.1
1368460 1455.1
1368470 1454.4
1368480 1453.3
1368490 1453.3
1368500 1451.8
1368510 1449.9
1368520 1449.9
1368530 1448.1
1368540 1446.9
1368550 1446.9
1368560 1445.9
1368570 1444.9
1368580 1444.9
1368590 1443.6
1368600 1442.7
1368610 1442.7
1368620 1441.9
1368630 1440.8
1368640 1439.1
1368650 1439.1
1368660 1437.9
1368670 1437.2
1368680 1437.2
1368690 1437.0
1368700 1435.8
1368710 1435.8
1368720 1434.3
1368730 1433.6
1368740 1433.6
1368750 1433.6
1368760 1433.5
1368770 1433.5
1368780 1431.8
1368790 1428.0
1368800 1428.0
1368810 1425.5
1368820 1424.6
1368830 1424.2
1368840 1424.2
1368850 1424.2
1368860 1424.0
1368870 1424.0
1368880 1424.0
1368890 1424.2
1368900 1424.2
1368910 1424.8
1368920 1425.5
1368930 1425.5
1368940 1425.6
1368950 1426.1
1368960 1426.1
1368970 1426.8
1368980 1427.3
1368990 1428.1
1369000 1428.2
1369010 1428.9
1369020 1429.8
1369030 1429.8
1369040 1430.0
1369050 1430.0
1369060 1430.0
1369070 1428.3
1369080 1426.9
1369090 1426.9
1369100 1427.6
1369110 1427.9
1369120 1427.9
1369130 1428.4
1369140 1428.3
1369150 1428.3
1369160 1427.9
1369170 1427.5
1369180 1427.5
1369190 1427.0
1369200 1426.3
1369210 1425.1
1369220 1425.1
1369230 1424.3
1369240 1423.9
1369250 1423.9
1369260 1422.8
1369270 1421.8
1369280 1421.8
1369290 1422.5
1369300 1422.4
1369310 1422.4
1369320 1421.9
1369330 1421.5
1369340 1421.5
1369350 1421.0
1369360 1420.5
1369370 1420.5
1369380 1420.1
1369390 1419.8
1369400 1419.2
1369410 1419.2
1369420 1418.9
1369430 1418.5
1369440 1418.5
1369450 1418.1
1369460 1417.8
1369470 1417.8
1369480 1417.5
1369490 1417.0
1369500 1417.0
1369510 1416.7
1369520 1416.4
1369530 1416.4
1369540 1416.2
1369550 1415.9
1369560 1415.9
1369570 1415.6
1369580 1415.3
1369590 1415.0
1369600 1415.0
1369610 1414.8
1369620 1414.7
1369630 1414.7
1369640 1414.7
1369650 1415.6
1369660 1415.6
1369670 1416.9
1369680 1418.6
1369690 1418.6
1369700 1422.3
1369710 1426.1
1369720 1426.1
1369730 1430.5
1369740 1435.0
1369750 1435.0
1369760 1438.9
1369770 1443.5
1369780 1448.5
1369790 1448.5
1369800 1454.7
1369810 1461.7
1369820 1461.7
1369830 1465.4
1369840 1467.8
1369850 1467.8
1369860 1470.3
1369870 1473.4
1369880 1473.4
1369890 1477.5
1369900 1481.1
1369910 1481.1
1369920 1486.0
1369930 1489.7
1369940 1489.7
1369950 1491.5
1369960 1492.4
1369970 1491.7
1369980 1491.7
1369990 1492.2
1370000 1493.8
1370010 1493.8
1370020 1495.2
1370030 1496.5
1370040 1496.5
1370050 1496.5
1370060 1494.0
1370070 1494.0
1370080 1494.5
1370090 1504.0
1370100 1504.0
1370110 1507.8
1370120 1509.3
1370130 1509.3
1370140 1510.8
1370150 1512.6
1370160 1513.2
1370170 1513.2
1370180 1514.4
1370190 1516.1
1370200 1516.1
1370210 1517.3
1370220 1517.6
1370230 1517.6
1370240 1510.5
1370250 1498.2
1370260 1498.2
1370270 1491.8
1370280 1493.7
1370290 1493.7
1370300 1502.6
1370310 1515.0
1370320 1515.0
1370330 1528.7
1370340 1541.3
1370350 1548.7
1370360 1548.7
1370370 1552.3
1370380 1554.5
1370390 1554.5
1370400 1556.4
1370410 1557.1
1370420 1557.1
1370430 1558.0
1370440 1559.4
1370450 1559.4
1370460 1560.4
1370470 1561.8
1370480 1561.8
1370490 1564.2
1370500 1567.7
1370510 1567.7
1370520 1572.0
1370530 1574.9
1370540 1577.7
1370550 1577.7
1370560 1580.1
1370570 1581.6
1370580 1581.6
1370590 1583.9
1370600 1587.0
1370610 1587.0
1370620 1592.9
1370630 1593.0
1370640 1593.0
1370650 1593.0
1370660 1593.2
1370670 1593.2
1370680 1591.5
1370690 1590.4
1370700 1590.4
1370710 1590.4
1370720 1592.1
1370730 1593.1
1370740 1593.1
1370750 1592.2
1370760 1591.4
1370770 1591.4
1370780 1591.2
1370790 1591.1
1370800 1591.1
1370810 1591.4
1370820 1591.8
1370830 1591.8
1370840 1592.7
1370850 1593.5
1370860 1593.5
1370870 1594.3
1370880 1595.7
1370890 1595.7
1370900 1596.6
1370910 1596.8
1370920 1596.1
1370930 1596.1
1370940 1596.1
1370950 1597.0
1370960 1597.0
1370970 1597.6
1370980 1598.7
1370990 1598.7
1371000 1600.4
1371010 1601.0
1371020 1601.0
1371030 1601.2
1371040 1600.2
1371050 1600.2
1371060 1598.3
1371070 1596.1
1371080 1596.1
1371090 1595.4
1371100 1595.3
1371110 1595.3
1371120 1594.4
1371130 1593.7
1371140 1593.1
1371150 1593.1
1371160 1592.7
1371170 1592.2
1371180 1592.2
1371190 1595.6
1371200 1594.2
1371210 1594.2
1371220 1592.1
1371230 1589.5
1371240 1589.5
1371250 1588.0
1371260 1587.2
1371270 1587.2
1371280 1587.1
1371290 1587.2
1371300 1587.2
1371310 1586.4
1371320 1586.3
1371330 1587.3
1371340 1587.3
1371350 1588.0
1371360 1589.3
1371370 1589.3
1371380 1589.9
1371390 1589.4
1371400 1589.4
1371410 1587.7
1371420 1585.5
1371430 1585.5
1371440 1583.7
1371450 1581.7
1371460 1581.7
1371470 1580.9
1371480 1581.6
1371490 1581.6
1371500 1582.5
1371510 1582.8
1371520 1583.1
1371530 1583.1
1371540 1584.0
1371550 1586.2
1371560 1586.2
1371570 1588.8
1371580 1591.3
1371590 1591.3
1371600 1593.9
1371610 1596.0
1371620 1596.0
1371630 1597.6
1371640 1599.3
1371650 1599.3
1371660 1601.0
1371670 1603.1
1371680 1603.1
1371690 1605.1
1371700 1605.7
1371710 1605.6
1371720 1605.6
1371730 1606.2
1371740 1609.5
1371750 1609.5
1371760 1612.7
1371770 1613.2
1371780 1613.2
1371790 1613.5
1371800 1613.9
1371810 1613.9
1371820 1614.3
1371830 1614.5
1371840 1614.5
1371850 1615.2
1371860 1615.5
1371870 1615.5
1371880 1615.2
1371890 1609.6
1371900 1602.0
1371910 1602.0
1371920 1596.2
1371930 1589.5
1371940 1589.5
1371950 1585.2
1371960 1587.1
1371970 1587.1
1371980 1593.2
1371990 1597.5
1372000 1597.5
1372010 1599.0
1372020 1600.1
1372030 1600.1
1372040 1600.8
1372050 1600.7
1372060 1600.7
1372070 1600.4
1372080 1599.8
1372090 1599.3
1372100 1599.3
1372110 1598.0
1372120 1596.8
1372130 1596.8
1372140 1595.4
1372150 1593.1
1372160 1593.1
1372170 1591.3
1372180 1590.2
1372190 1590.2
1372200 1590.2
1372210 1588.9
1372220 1588.9
1372230 1587.4
1372240 1588.3
1372250 1588.3
1372260 1587.6
1372270 1586.5
1372280 1586.3
1372290 1586.3
1372300 1588.0
1372310 1591.3
1372320 1591.3
1372330 1590.9
1372340 1590.9
1372350 1590.9
1372360 1591.4
1372370 1591.2
1372380 1591.2
1372390 1591.7
1372400 1593.5
1372410 1593.5
1372420 1595.4
1372430 1597.7
1372440 1597.7
1372450 1598.9
1372460 1599.8
1372470 1601.1
1372480 1601.1
1372490 1602.7
1372500 1604.1
1372510 1604.1
1372520 1605.2
1372530 1606.3
1372540 1606.3
1372550 1607.8
1372560 1609.5
1372570 1609.5
1372580 1608.3
1372590 1603.9
1372600 1603.9
1372610 1604.1
1372620 1609.3
1372630 1609.3
1372640 1611.8
1372650 1611.9
1372660 1611.6
1372670 1611.6
1372680 1611.0
1372690 1610.7
1372700 1610.7
1372710 1611.7
1372720 1612.7
1372730 1612.7
1372740 1613.1
1372750 1612.5
1372760 1612.5
1372770 1612.1
1372780 1613.6
1372790 1613.6
1372800 1614.4
1372810 1614.2
1372820 1614.2
1372830 1615.0
1372840 1616.3
1372850 1617.0
1372860 1617.0
1372870 1617.5
1372880 1617.3
1372890 1617.3
1372900 1616.8
1372910 1616.9
1372920 1616.9
1372930 1618.2
1372940 1620.0
1372950 1620.0
1372960 1621.6
1372970 1623.1
1372980 1623.1
1372990 1623.7
1373000 1624.9
1373010 1624.9
1373020 1627.2
1373030 1630.2
1373040 1631.6
1373050 1631.6
1373060 1632.4
1373070 1632.7
1373080 1632.7
1373090 1633.4
1373100 1634.1
1373110 1634.1
1373120 1634.6
1373130 1634.7
1373140 1634.7
1373150 1635.0
1373160 1635.3
1373170 1635.3
1373180 1635.5
1373190 1635.2
1373200 1635.2
1373210 1635.5
1373220 1635.0
1373230 1631.9
1373240 1631.9
1373250 1629.5
1373260 1628.4
1373270 1628.4
1373280 1627.6
1373290 1626.7
1373300 1626.7
1373310 1625.3
1373320 1624.3
1373330 1624.3
1373340 1623.3
1373350 1620.6
1373360 1620.6
1373370 1619.1
1373380 1620.4
1373390 1620.4
1373400 1622.2
1373410 1621.2
1373420 1621.4
1373430 1621.4
1373440 1630.0
1373450 1632.7
1373460 1632.7
1373470 1634.3
1373480 1633.7
1373490 1633.7
1373500 1630.3
1373510 1626.3
1373520 1626.3
1373530 1626.8
1373540 1628.9
1373550 1628.9
1373560 1630.8
1373570 1633.6
1373580 1633.6
1373590 1635.1
1373600 1636.3
1373610 1638.3
1373620 1638.3
1373630 1640.1
1373640 1641.4
1373650 1641.4
1373660 1643.2
1373670 1644.5
1373680 1644.5
1373690 1644.8
1373700 1644.1
1373710 1644.1
1373720 1642.9
1373730 1641.5
1373740 1641.5
1373750 1639.9
1373760 1636.0
1373770 1636.0
1373780 1632.8
1373790 1630.1
1373800 1627.1
1373810 1627.1
1373820 1623.6
1373830 1619.3
1373840 1619.3
1373850 1614.2
1373860 1610.5
1373870 1610.5
1373880 1607.5
1373890 1603.8
1373900 1603.8
1373910 1600.1
1373920 1596.8
1373930 1596.8
1373940 1593.5
1373950 1590.3
1373960 1590.3
1373970 1587.2
1373980 1583.2
1373990 1578.5
1374000 1578.5
1374010 1574.0
1374020 1570.6
1374030 1570.6
1374040 1568.5
1374050 1566.8
1374060 1566.8
1374070 1564.6
1374080 1560.8
1374090 1560.8
1374100 1555.3
1374110 1549.4
1374120 1549.4
1374130 1544.8
1374140 1541.3
1374150 1541.3
1374160 1538.1
1374170 1535.6
1374180 1533.0
1374190 1533.0
1374200 1529.7
1374210 1525.8
1374220 1525.8
1374230 1521.9
1374240 1518.1
1374250 1518.1
1374260 1515.0
1374270 1513.4
1374280 1513.4
1374290 1511.0
1374300 1507.4
1374310 1507.4
1374320 1504.2
1374330 1502.7
1374340 1502.7
1374350 1499.8
1374360 1495.9
1374370 1492.2
1374380 1492.2
1374390 1489.3
1374400 1487.5
1374410 1487.5
1374420 1485.8
1374430 1483.5
1374440 1483.5
1374450 1481.5
1374460 1480.3
1374470 1480.3
1374480 1478.1
1374490 1475.0
1374500 1475.0
1374510 1472.7
1374520 1471.5
1374530 1471.5
1374540 1470.5
1374550 1469.2
1374560 1465.9
1374570 1465.9
1374580 1471.4
1374590 1473.2
1374600 1473.2
1374610 1476.0
1374620 1476.8
1374630 1476.8
1374640 1476.0
1374650 1475.2
1374660 1475.2
1374670 1472.1
1374680 1466.3
1374690 1466.3
1374700 1460.0
1374710 1453.6
1374720 1453.6
1374730 1447.8
1374740 1442.0
1374750 1433.9
1374760 1433.9
1374770 1422.6
1374780 1418.4
1374790 1418.4
1374800 1419.6
1374810 1422.7
1374820 1422.7
1374830 1424.1
1374840 1430.5
1374850 1430.5
1374860 1444.0
1374870 1459.3
1374880 1459.3
1374890 1467.0
1374900 1467.4
1374910 1467.4
1374920 1467.7
1374930 1467.8
1374940 1466.9
1374950 1466.9
1374960 1465.8
1374970 1465.7
1374980 1465.7
1374990 1466.1
1375000 1465.5
1375010 1465.5
1375020 1464.2
1375030 1462.7
1375040 1462.7
1375050 1459.5
1375060 1460.5
1375070 1460.5
1375080 1461.3
1375090 1462.7
1375100 1462.7
1375110 1464.6
1375120 1467.7
1375130 1468.7
1375140 1468.7
1375150 1468.3
1375160 1469.1
1375170 1469.1
1375180 1468.0
1375190 1466.3
1375200 1466.3
1375210 1464.5
1375220 1463.0
1375230 1463.0
1375240 1462.3
1375250 1463.3
1375260 1463.3
1375270 1464.5
1375280 1465.9
1375290 1465.9
1375300 1466.5
1375310 1466.3
1375320 1462.6
1375330 1462.6
1375340 1457.8
1375350 1454.4
1375360 1454.4
1375370 1451.9
1375380 1450.3
1375390 1450.3
1375400 1449.9
1375410 1450.6
1375420 1450.6
1375430 1451.9
1375440 1453.3
1375450 1453.3
1375460 1454.5
1375470 1454.9
1375480 1454.9
1375490 1455.5
1375500 1456.3
1375510 1457.5
1375520 1457.5
1375530 1458.9
1375540 1460.2
1375550 1460.2
1375560 1461.6
1375570 1462.7
1375580 1462.7
1375590 1463.2
1375600 1464.7
1375610 1464.7
1375620 1466.5
1375630 1467.9
1375640 1467.9
1375650 1469.0
1375660 1470.2
1375670 1470.2
1375680 1471.6
1375690 1472.8
1375700 1474.5
1375710 1474.5
1375720 1476.1
1375730 1476.6
1375740 1478.9
1375750 1478.1
1375760 1481.2
1375770 1481.2
1375780 1482.9
1375790 1483.2
1375800 1483.2
1375810 1483.5
1375820 1484.2
1375830 1484.2
1375840 1485.0
1375850 1485.7
1375860 1485.7
1375870 1485.9
1375880 1486.3
1375890 1486.9
1375900 1486.9
1375910 1487.7
1375920 1488.3
1375930 1488.3
1375940 1488.6
1375950 1488.5
1375960 1488.5
1375970 1488.7
1375980 1489.3
1375990 1489.3
1376000 1489.8
1376010 1489.7
1376020 1489.7
1376030 1489.2
1376040 1489.6
1376050 1489.6
1376060 1489.3
1376070 1488.8
1376080 1487.9
1376090 1487.9
1376100 1487.2
1376110 1486.9
1376120 1486.9
1376130 1486.2
1376140 1485.0
1376150 1485.0
1376160 1483.8
1376170 1482.9
1376180 1482.9
1376190 1481.9
1376200 1480.6
1376210 1480.6
1376220 1479.4
1376230 1477.6
1376240 1477.6
1376250 1476.2
1376260 1474.7
1376270 1473.3
1376280 1473.3
1376290 1473.0
1376300 1473.2
1376310 1473.2
1376320 1473.6
1376330 1473.7
1376340 1473.7
1376350 1473.9
1376360 1474.0
1376370 1474.0
1376380 1474.4
1376390 1474.7
1376400 1474.7
1376410 1474.6
1376420 1474.2
1376430 1474.2
1376440 1474.3
1376450 1474.4
1376460 1474.5
1376470 1474.5
1376480 1474.5
1376490 1474.5
1376500 1474.5
1376510 1474.7
1376520 1474.4
1376530 1474.4
1376540 1474.0
1376550 1473.6
1376560 1473.6
1376570 1473.3
1376580 1472.1
1376590 1472.1
1376600 1471.2
1376610 1470.5
1376620 1470.5
1376630 1470.1
1376640 1469.8
1376650 1469.0
1376660 1469.0
1376670 1468.2
1376680 1467.7
1376690 1467.7
1376700 1466.8
1376710 1465.6
1376720 1465.6
1376730 1464.0
1376740 1463.2
1376750 1463.2
1376760 1463.7
1376770 1464.0
1376780 1464.0
1376790 1463.9
1376800 1464.2
1376810 1464.2
1376820 1464.7
1376830 1465.3
1376840 1466.1
1376850 1466.1
1376860 1466.0
1376870 1466.2
1376880 1466.2
1376890 1466.4
1376900 1466.9
1376910 1468.4
1376920 1468.1
1376930 1467.5
1376940 1467.5
1376950 1466.4
1376960 1466.0
1376970 1466.0
1376980 1466.2
1376990 1465.8
1377000 1465.8
1377010 1465.8
1377020 1466.6
1377030 1467.2
1377040 1467.2
1377050 1468.1
1377060 1467.9
1377070 1467.9
1377080 1467.9
1377090 1465.8
1377100 1465.8
1377110 1458.4
1377120 1450.7
1377130 1450.7
1377140 1442.2
1377150 1432.1
1377160 1432.1
1377170 1422.2
1377180 1414.8
1377190 1414.8
1377200 1411.6
1377210 1411.8
1377220 1412.9
1377230 1412.9
1377240 1412.8
1377250 1411.3
1377260 1411.3
1377270 1410.5
1377280 1410.9
1377290 1410.9
1377300 1415.8
1377310 1423.0
1377320 1423.0
1377330 1429.4
1377340 1433.6
1377350 1433.6
1377360 1436.5
1377370 1439.2
1377380 1439.2
1377390 1444.0
1377400 1450.5
1377410 1457.2
1377420 1457.2
1377430 1463.4
1377440 1467.5
1377450 1467.5
1377460 1469.0
1377470 1470.0
1377480 1470.0
1377490 1470.7
1377500 1471.5
1377510 1471.5
1377520 1472.0
1377530 1471.6
1377540 1471.6
1377550 1470.5
1377560 1470.3
1377570 1470.3
1377580 1470.6
1377590 1469.8
1377600 1469.8
1377610 1468.2
1377620 1466.5
1377630 1465.5
1377640 1465.5
1377650 1464.5
1377660 1458.9
1377670 1458.9
1377680 1451.7
1377690 1445.0
1377700 1445.0
1377710 1440.5
1377720 1434.8
1377730 1434.8
1377740 1427.5
1377750 1425.3
1377760 1425.3
1377770 1429.0
1377780 1436.0
1377790 1436.0
1377800 1443.8
1377810 1450.6
1377820 1454.0
1377830 1454.0
1377840 1456.6
1377850 1459.1
1377860 1459.1
1377870 1459.3
1377880 1459.4
1377890 1459.4
1377900 1460.4
1377910 1463.9
1377920 1463.9
1377930 1461.5
1377940 1454.4
1377950 1454.4
1377960 1447.3
1377970 1439.9
1377980 1439.9
1377990 1433.8
1378000 1429.2
1378010 1425.6
1378020 1425.6
1378030 1420.4
1378040 1415.8
1378050 1415.8
1378060 1412.6
1378070 1412.8
1378080 1412.8
1378090 1420.4
1378100 1417.9
1378110 1417.9
1378120 1412.4
1378130 1409.6
1378140 1409.6
1378150 1408.7
1378160 1410.1
1378170 1410.1
1378180 1413.9
1378190 1420.4
1378200 1429.5
1378210 1429.5
1378220 1438.4
1378230 1450.4
1378240 1450.4
1378250 1466.5
1378260 1478.7
1378270 1478.7
1378280 1489.8
1378290 1497.0
1378300 1497.0
1378310 1502.7
1378320 1508.6
1378330 1508.6
1378340 1514.6
1378350 1519.9
1378360 1519.9
1378370 1523.8
1378380 1526.0
1378390 1526.1
1378400 1526.1
1378410 1524.3
1378420 1521.1
1378430 1521.1
1378440 1516.7
1378450 1512.4
1378460 1512.4
1378470 1510.8
1378480 1511.8
1378490 1511.8
1378500 1514.7
1378510 1517.5
1378520 1517.5
1378530 1519.5
1378540 1520.9
1378550 1520.9
1378560 1521.4
1378570 1521.7
1378580 1523.2
1378590 1523.2
1378600 1526.3
1378610 1527.9
1378620 1527.9
1378630 1528.7
1378640 1531.6
1378650 1531.6
1378660 1535.7
1378670 1538.5
1378680 1538.5
1378690 1538.0
1378700 1538.7
1378710 1538.7
1378720 1541.4
1378730 1543.3
1378740 1543.3
1378750 1542.4
1378760 1540.4
1378770 1542.3
1378780 1542.3
1378790 1544.6
1378800 1548.6
1378810 1548.6
1378820 1552.6
1378830 1555.2
1378840 1555.2
1378850 1557.5
1378860 1558.1
1378870 1558.1
1378880 1557.9
1378890 1559.1
1378900 1559.1
1378910 1560.4
1378920 1562.9
1378930 1562.9
1378940 1563.0
1378950 1558.7
1378960 1556.7
1378970 1556.7
1378980 1560.0
1378990 1564.7
1379000 1564.7
1379010 1569.2
1379020 1573.4
1379030 1573.4
1379040 1577.3
1379050 1579.3
1379060 1579.3
1379070 1580.3
1379080 1578.7
1379090 1578.7
1379100 1575.2
1379110 1574.4
1379120 1574.4
1379130 1575.0
1379140 1576.8
1379150 1580.1
1379160 1580.1
1379170 1581.8
1379180 1580.2
1379190 1580.2
1379200 1578.6
1379210 1578.2
1379220 1578.2
1379230 1578.5
1379240 1579.3
1379250 1579.3
1379260 1579.8
1379270 1580.4
1379280 1587.2
1379290 1587.6
1379300 1587.2
1379310 1587.2
1379320 1584.3
1379330 1583.6
1379340 1584.0
1379350 1584.0
1379360 1582.8
1379370 1581.8
1379380 1581.8
1379390 1584.9
1379400 1588.0
1379410 1588.0
1379420 1592.4
1379430 1594.7
1379440 1594.7
1379450 1593.2
1379460 1590.8
1379470 1590.8
1379480 1590.3
1379490 1593.0
1379500 1593.0
1379510 1593.4
1379520 1590.5
1379530 1591.4
1379540 1591.4
1379550 1595.8
1379560 1600.0
1379570 1600.0
1379580 1603.4
1379590 1606.3
1379600 1606.3
1379610 1609.1
1379620 1610.7
1379630 1610.7
1379640 1611.6
1379650 1613.1
1379660 1613.1
1379670 1614.4
1379680 1614.8
1379690 1614.8
1379700 1615.8
1379710 1618.0
1379720 1620.4
1379730 1620.4
1379740 1621.4
1379750 1621.5
1379760 1621.5
1379770 1619.6
1379780 1615.6
1379790 1615.6
1379800 1612.4
1379810 1617.1
1379820 1617.1
1379830 1622.1
1379840 1625.2
1379850 1625.2
1379860 1626.3
1379870 1626.8
1379880 1626.8
1379890 1627.4
1379900 1628.2
1379910 1629.3
1379920 1629.3
1379930 1632.2
1379940 1635.2
1379950 1635.2
1379960 1636.5
1379970 1637.2
1379980 1637.2
1379990 1638.4
