1360000 2326.7
1360010 2326.5
1360020 2328.0
1360030 2328.0
1360040 2327.4
1360050 2327.8
1360060 2327.8
1360070 2328.8
1360080 2328.2
1360090 2328.2
1360100 2331.2
1360110 2332.3
1360120 2332.3
1360130 2334.1
1360140 2337.8
1360150 2337.8
1360160 2335.4
1360170 2333.8
1360180 2333.8
1360190 2333.5
1360200 2327.4
1360210 2321.3
1360220 2321.3
1360230 2319.0
1360240 2317.1
1360250 2317.1
1360260 2315.1
1360270 2311.0
1360280 2311.0
1360290 2305.5
1360300 2312.5
1360310 2312.5
1360320 2321.4
1360330 2325.7
1360340 2325.7
1360350 2327.1
1360360 2327.5
1360370 2327.5
1360380 2326.2
1360390 2325.5
1360400 2327.8
1360410 2327.8
1360420 2326.7
1360430 2324.0
1360440 2324.0
1360450 2320.9
1360460 2316.3
1360470 2316.3
1360480 2312.1
1360490 2311.1
1360500 2311.1
1360510 2310.4
1360520 2308.9
1360530 2308.9
1360540 2308.1
1360550 2309.0
1360560 2309.0
1360570 2310.7
1360580 2312.3
1360590 2315.2
1360600 2315.2
1360610 2319.1
1360620 2322.6
1360630 2322.6
1360640 2324.9
1360650 2329.3
1360660 2329.3
1360670 2330.7
1360680 2328.9
1360690 2328.9
1360700 2328.1
1360710 2324.7
1360720 2324.7
1360730 2319.0
1360740 2309.3
1360750 2309.3
1360760 2295.3
1360770 2283.7
1360780 2274.5
1360790 2274.5
1360800 2263.2
1360810 2248.4
1360820 2248.4
1360830 2238.6
1360840 2237.3
1360850 2237.3
1360860 2233.4
1360870 2217.8
1360880 2217.8
1360890 2204.5
1360900 2209.6
1360910 2209.6
1360920 2209.6
1360930 2203.5
1360940 2203.5
1360950 2197.1
1360960 2186.9
1360970 2182.9
1360980 2182.9
1360990 2186.6
1361000 2184.4
1361010 2184.4
1361020 2187.0
1361030 2185.8
1361040 2185.8
1361050 2184.4
1361060 2183.8
1361070 2183.8
1361080 2181.1
1361090 2177.5
1361100 2177.5
1361110 2171.9
1361120 2162.5
1361130 2162.5
1361140 2151.0
1361150 2144.6
1361160 2139.3
1361170 2139.3
1361180 2126.7
1361190 2114.6
1361200 2114.6
1361210 2105.9
1361220 2097.1
1361230 2097.1
1361240 2089.8
1361250 2085.0
1361260 2085.0
1361270 2081.8
1361280 2078.6
1361290 2078.6
1361300 2075.2
1361310 2073.1
1361320 2073.1
1361330 2072.6
1361340 2072.4
1361350 2074.2
1361360 2074.2
1361370 2065.9
1361380 2062.9
1361390 2062.9
1361400 2060.9
1361410 2064.9
1361420 2064.9
1361430 2074.4
1361440 2087.8
1361450 2087.8
1361460 2091.0
1361470 2090.6
1361480 2090.6
1361490 2090.9
1361500 2089.2
1361510 2089.2
1361520 2079.6
1361530 2064.5
1361540 2078.0
1361550 2078.0
1361560 2084.1
1361570 2083.9
1361580 2083.9
1361590 2083.4
1361600 2081.5
1361610 2081.5
1361620 2081.4
1361630 2081.9
1361640 2081.9
1361650 2078.9
1361660 2077.5
1361670 2077.5
1361680 2078.2
1361690 2078.8
1361700 2078.8
1361710 2078.5
1361720 2080.2
1361730 2080.2
1361740 2084.3
1361750 2087.7
1361760 2091.3
1361770 2091.3
1361780 2096.0
1361790 2099.0
1361800 2099.0
1361810 2099.6
1361820 2098.9
1361830 2098.9
1361840 2096.5
1361850 2094.1
1361860 2094.1
1361870 2090.3
1361880 2084.8
1361890 2084.8
1361900 2080.0
1361910 2075.9
1361920 2075.9
1361930 2071.4
1361940 2067.3
1361950 2062.3
1361960 2062.3
1361970 2054.9
1361980 2047.7
1361990 2051.2
1362000 2042.9
1362010 2034.9
1362020 2034.9
1362030 2027.6
1362040 2020.6
1362050 2020.6
1362060 2013.9
1362070 2007.0
1362080 2007.0
1362090 1999.3
1362100 1991.9
1362110 1991.9
1362120 1985.7
1362130 1978.6
1362140 1970.1
1362150 1970.1
1362160 1960.6
1362170 1951.7
1362180 1951.7
1362190 1943.3
1362200 1932.4
1362210 1932.4
1362220 1921.1
1362230 1911.5
1362240 1911.5
1362250 1905.2
1362260 1900.5
1362270 1900.5
1362280 1897.3
1362290 1893.3
1362300 1893.3
1362310 1888.2
1362320 1884.8
1362330 1882.9
1362340 1882.9
1362350 1881.8
1362360 1877.9
1362370 1877.9
1362380 1870.4
1362390 1860.3
1362400 1860.3
1362410 1852.5
1362420 1846.6
1362430 1846.6
1362440 1841.1
1362450 1835.8
1362460 1835.8
1362470 1833.0
1362480 1832.7
1362490 1832.7
1362500 1832.2
1362510 1827.8
1362520 1820.6
1362530 1820.6
1362540 1815.6
1362550 1812.4
1362560 1812.4
1362570 1810.2
1362580 1808.0
1362590 1808.0
1362600 1807.3
1362610 1808.1
1362620 1808.1
1362630 1809.0
1362640 1809.2
1362650 1809.2
1362660 1808.1
1362670 1805.8
1362680 1805.8
1362690 1802.1
1362700 1797.6
1362710 1794.3
1362720 1794.3
1362730 1793.0
1362740 1792.7
1362750 1792.7
1362760 1791.1
1362770 1787.8
1362780 1787.8
1362790 1783.2
1362800 1778.3
1362810 1778.3
1362820 1773.3
1362830 1769.0
1362840 1769.0
1362850 1765.3
1362860 1760.8
1362870 1760.8
1362880 1752.4
1362890 1747.4
1362900 1744.1
1362910 1744.1
1362920 1740.6
1362930 1735.7
1362940 1735.7
1362950 1731.0
1362960 1727.2
1362970 1727.2
1362980 1724.5
1362990 1723.0
1363000 1723.0
1363010 1722.7
1363020 1721.4
1363030 1718.2
1363040 1712.2
1363050 1704.3
1363060 1704.3
1363070 1699.2
1363080 1693.5
1363090 1687.2
1363100 1687.2
1363110 1680.1
1363120 1676.3
1363130 1676.3
1363140 1676.8
1363150 1677.1
1363160 1677.1
1363170 1677.2
1363180 1678.9
1363190 1678.9
1363200 1680.1
1363210 1680.0
1363220 1680.0
1363230 1679.6
1363240 1680.3
1363250 1680.3
1363260 1681.1
1363270 1681.8
1363280 1682.4
1363290 1682.4
1363300 1683.3
1363310 1684.0
1363320 1684.0
1363330 1683.9
1363340 1683.5
1363350 1683.5
1363360 1682.7
1363370 1682.1
1363380 1682.1
1363390 1681.6
1363400 1680.6
1363410 1680.6
1363420 1679.9
1363430 1679.7
1363440 1679.7
1363450 1680.2
1363460 1680.9
1363470 1681.7
1363480 1681.7
1363490 1682.3
1363500 1681.7
1363510 1681.7
1363520 1680.1
1363530 1678.2
1363540 1678.2
1363550 1676.1
1363560 1672.8
1363570 1672.8
1363580 1669.4
1363590 1665.6
1363600 1665.6
1363610 1661.7
1363620 1657.8
1363630 1657.8
1363640 1653.9
1363650 1650.1
1363660 1646.9
1363670 1646.9
1363680 1644.5
1363690 1643.1
1363700 1643.1
1363710 1642.7
1363720 1642.4
1363730 1642.4
1363740 1641.4
1363750 1639.4
1363760 1639.4
1363770 1636.1
1363780 1635.0
1363790 1635.0
1363800 1635.1
1363810 1633.7
1363820 1633.7
1363830 1631.5
1363840 1630.7
1363850 1629.9
1363860 1629.9
1363870 1628.8
1363880 1628.2
1363890 1628.2
1363900 1627.8
1363910 1626.2
1363920 1626.2
1363930 1623.2
1363940 1619.8
1363950 1619.8
1363960 1617.5
1363970 1613.5
1363980 1613.5
1363990 1609.4
1364000 1606.2
1364010 1606.2
1364020 1603.3
1364030 1601.0
1364040 1598.6
1364050 1598.6
1364060 1596.2
1364070 1594.1
1364080 1597.7
1364090 1594.4
1364100 1590.9
1364110 1590.9
1364120 1588.3
1364130 1588.1
1364140 1588.1
1364150 1588.0
1364160 1586.9
1364170 1586.9
1364180 1585.7
1364190 1584.7
1364200 1584.7
1364210 1583.0
1364220 1579.5
1364230 1577.5
1364240 1577.5
1364250 1576.1
1364260 1574.5
1364270 1574.5
1364280 1573.2
1364290 1572.6
1364300 1572.6
1364310 1571.2
1364320 1569.4
1364330 1569.4
1364340 1567.1
1364350 1565.5
1364360 1565.5
1364370 1564.7
1364380 1564.3
1364390 1564.3
1364400 1564.1
1364410 1563.6
1364420 1563.0
1364430 1563.0
1364440 1562.9
1364450 1562.9
1364460 1562.9
1364470 1562.8
1364480 1561.3
1364490 1561.3
1364500 1560.8
1364510 1559.9
1364520 1559.9
1364530 1559.2
1364540 1558.2
1364550 1558.2
1364560 1557.3
1364570 1557.4
1364580 1557.4
1364590 1557.9
1364600 1557.9
1364610 1557.4
1364620 1557.4
1364630 1556.7
1364640 1555.6
1364650 1555.6
1364660 1554.4
1364670 1553.5
1364680 1553.5
1364690 1552.5
1364700 1551.9
1364710 1551.9
1364720 1550.5
1364730 1548.5
1364740 1548.5
1364750 1547.6
1364760 1546.5
1364770 1546.5
1364780 1544.6
1364790 1541.8
1364800 1541.8
1364810 1542.1
1364820 1543.3
1364830 1543.1
1364840 1543.1
1364850 1542.1
1364860 1540.9
1364870 1540.9
1364880 1540.5
1364890 1539.6
1364900 1539.6
1364910 1538.2
1364920 1537.0
1364930 1537.0
1364940 1537.4
1364950 1536.8
1364960 1536.8
1364970 1536.0
1364980 1535.4
1364990 1535.4
1365000 1534.7
1365010 1534.5
1365020 1533.8
1365030 1533.8
1365040 1532.9
1365050 1532.8
1365060 1532.8
1365070 1533.7
1365080 1535.6
1365090 1535.6
1365100 1539.4
1365110 1541.9
1365120 1541.9
1365130 1548.2
1365140 1548.4
1365150 1548.4
1365160 1550.9
1365170 1551.7
1365180 1551.7
1365190 1551.0
1365200 1549.1
1365210 1547.9
1365220 1547.9
1365230 1547.4
1365240 1549.5
1365250 1549.5
1365260 1550.0
1365270 1551.3
1365280 1551.3
1365290 1554.3
1365300 1555.9
1365310 1555.9
1365320 1557.5
1365330 1562.2
1365340 1562.2
1365350 1566.1
1365360 1567.6
1365370 1567.6
1365380 1570.8
1365390 1572.2
1365400 1572.7
1365410 1572.7
1365420 1573.0
1365430 1572.5
1365440 1572.5
1365450 1573.8
1365460 1575.0
1365470 1575.0
1365480 1574.8
1365490 1575.7
1365500 1575.7
1365510 1575.9
1365520 1575.7
1365530 1575.7
1365540 1575.2
1365550 1573.9
1365560 1573.9
1365570 1571.4
1365580 1570.6
1365590 1571.3
1365600 1571.3
1365610 1570.8
1365620 1572.0
1365630 1572.0
1365640 1573.1
1365650 1574.1
1365660 1574.1
1365670 1575.1
1365680 1576.8
1365690 1576.8
1365700 1578.3
1365710 1578.9
1365720 1578.9
1365730 1580.4
1365740 1582.6
1365750 1582.6
1365760 1586.1
1365770 1588.3
1365780 1589.7
1365790 1589.7
1365800 1590.6
1365810 1590.6
1365820 1590.6
1365830 1591.4
1365840 1591.7
1365850 1591.7
1365860 1592.4
1365870 1592.1
1365880 1592.1
1365890 1590.6
1365900 1589.5
1365910 1589.5
1365920 1587.9
1365930 1585.4
1365940 1585.4
1365950 1583.7
1365960 1582.2
1365970 1580.5
1365980 1580.5
1365990 1579.6
1366000 1581.2
1366010 1581.2
1366020 1582.3
1366030 1581.7
1366040 1581.7
1366050 1582.4
1366060 1582.4
1366070 1582.4
1366080 1581.9
1366090 1582.1
1366100 1582.1
1366110 1582.8
1366120 1582.3
1366130 1582.3
1366140 1582.3
1366150 1582.2
1366160 1580.4
1366170 1580.4
1366180 1578.6
1366190 1577.9
1366200 1582.9
1366210 1583.9
1366220 1584.5
1366230 1584.5
1366240 1584.6
1366250 1584.7
1366260 1584.7
1366270 1583.6
1366280 1579.7
1366290 1579.7
1366300 1574.7
1366310 1570.6
1366320 1570.6
1366330 1567.4
1366340 1566.4
1366350 1565.3
1366360 1565.3
1366370 1563.6
1366380 1560.8
1366390 1560.8
1366400 1559.0
1366410 1556.9
1366420 1556.9
1366430 1554.4
1366440 1550.9
1366450 1550.9
1366460 1548.0
1366470 1546.7
1366480 1546.7
1366490 1546.6
1366500 1546.3
1366510 1546.3
1366520 1545.4
1366530 1544.3
1366540 1544.5
1366550 1544.5
1366560 1543.3
1366570 1541.3
1366580 1541.3
1366590 1539.1
1366600 1535.5
1366610 1535.5
1366620 1532.9
1366630 1532.5
1366640 1532.5
1366650 1531.8
1366660 1530.5
1366670 1530.5
1366680 1529.0
1366690 1527.4
1366700 1527.4
1366710 1526.3
1366720 1524.9
1366730 1523.7
1366740 1523.7
1366750 1520.3
1366760 1515.7
1366770 1515.7
1366780 1511.8
1366790 1508.8
1366800 1508.8
1366810 1506.7
1366820 1504.8
1366830 1504.8
1366840 1501.9
1366850 1496.9
1366860 1496.9
1366870 1492.1
1366880 1489.7
1366890 1489.7
1366900 1487.4
1366910 1485.0
1366920 1481.3
1366930 1481.3
1366940 1477.2
1366950 1473.4
1366960 1473.4
1366970 1469.7
1366980 1468.4
1366990 1468.4
1367000 1467.5
1367010 1467.4
1367020 1467.4
1367030 1467.5
1367040 1467.0
1367050 1467.0
1367060 1465.8
1367070 1465.3
1367080 1465.3
1367090 1465.4
1367100 1465.7
1367110 1465.4
1367120 1465.4
1367130 1465.1
1367140 1464.6
1367150 1464.6
1367160 1464.4
1367170 1464.4
1367180 1464.4
1367190 1464.8
1367200 1465.7
1367210 1465.7
1367220 1466.4
1367230 1466.5
1367240 1466.5
1367250 1466.8
1367260 1467.2
1367270 1465.9
1367280 1465.7
1367290 1466.2
1367300 1467.5
1367310 1467.5
1367320 1469.6
1367330 1472.1
1367340 1472.1
1367350 1474.9
1367360 1478.2
1367370 1478.2
1367380 1482.0
1367390 1485.1
1367400 1485.1
1367410 1488.2
1367420 1490.9
1367430 1490.9
1367440 1492.6
1367450 1496.1
1367460 1496.1
1367470 1502.4
1367480 1506.1
1367490 1506.9
1367500 1506.9
1367510 1507.0
1367520 1507.9
1367530 1507.9
1367540 1509.2
1367550 1509.7
1367560 1509.7
1367570 1509.9
1367580 1511.4
1367590 1511.4
1367600 1511.4
1367610 1510.7
1367620 1510.7
1367630 1510.2
1367640 1509.8
1367650 1509.8
1367660 1509.8
1367670 1509.5
1367680 1509.5
1367690 1509.5
1367700 1510.7
1367710 1511.4
1367720 1511.4
1367730 1511.1
1367740 1512.1
1367750 1512.1
1367760 1513.3
1367770 1513.8
1367780 1513.8
1367790 1513.4
1367800 1512.7
1367810 1512.7
1367820 1512.0
1367830 1511.0
1367840 1511.0
1367850 1511.3
1367860 1513.2
1367870 1513.2
1367880 1515.2
1367890 1516.6
1367900 1518.0
1367910 1518.0
1367920 1518.9
1367930 1519.3
1367940 1519.3
1367950 1518.8
1367960 1518.6
1367970 1518.6
1367980 1519.1
1367990 1519.4
1368000 1519.4
1368010 1520.1
1368020 1519.8
1368030 1519.8
1368040 1519.7
1368050 1520.1
1368060 1520.1
1368070 1521.9
1368080 1523.9
1368090 1525.8
1368100 1525.8
1368110 1527.7
1368120 1529.8
1368130 1529.8
1368140 1530.1
1368150 1529.1
1368160 1529.1
1368170 1528.3
1368180 1526.6
1368190 1526.6
1368200 1526.2
1368210 1526.0
1368220 1526.0
1368230 1526.9
1368240 1527.8
1368250 1527.8
1368260 1527.0
1368270 1525.4
1368280 1524.4
1368290 1524.4
1368300 1524.3
1368310 1523.9
1368320 1523.9
1368330 1524.3
1368340 1526.1
1368350 1519.7
1368360 1521.6
1368370 1522.7
1368380 1522.7
1368390 1523.6
1368400 1525.2
1368410 1525.2
1368420 1526.8
1368430 1527.9
1368440 1527.9
1368450 1528.0
1368460 1527.7
1368470 1528.1
1368480 1528.1
1368490 1527.6
1368500 1526.6
1368510 1526.6
1368520 1525.9
1368530 1525.6
1368540 1525.6
1368550 1525.6
1368560 1524.5
1368570 1524.5
1368580 1523.4
1368590 1521.6
1368600 1521.6
1368610 1520.0
1368620 1519.5
1368630 1519.5
1368640 1519.2
1368650 1518.6
1368660 1516.8
1368670 1516.8
1368680 1514.5
1368690 1510.8
1368700 1510.8
1368710 1511.4
1368720 1513.1
1368730 1513.1
1368740 1513.5
1368750 1513.7
1368760 1513.7
1368770 1515.9
1368780 1517.2
1368790 1517.2
1368800 1517.6
1368810 1516.4
1368820 1516.4
1368830 1515.5
1368840 1515.3
1368850 1515.6
1368860 1515.6
1368870 1516.0
1368880 1516.3
1368890 1516.3
1368900 1515.8
1368910 1514.8
1368920 1514.8
1368930 1513.0
1368940 1510.4
1368950 1510.4
1368960 1506.0
1368970 1503.3
1368980 1503.3
1368990 1502.8
1369000 1500.9
1369010 1500.9
1369020 1501.0
1369030 1497.5
1369040 1494.4
1369050 1494.4
1369060 1491.2
1369070 1488.9
1369080 1488.9
1369090 1486.0
1369100 1482.0
1369110 1482.0
1369120 1477.5
1369130 1472.5
1369140 1472.5
1369150 1469.8
1369160 1473.2
1369170 1473.2
1369180 1472.0
1369190 1467.6
1369200 1467.6
1369210 1469.0
1369220 1473.7
1369230 1477.1
1369240 1477.1
1369250 1475.9
1369260 1470.6
1369270 1470.6
1369280 1467.3
1369290 1466.1
1369300 1466.1
1369310 1467.6
1369320 1467.3
1369330 1467.3
1369340 1466.0
1369350 1465.1
1369360 1465.1
1369370 1464.6
1369380 1463.7
1369390 1463.7
1369400 1462.5
1369410 1461.4
1369420 1459.0
1369430 1459.0
1369440 1454.2
1369450 1455.0
1369460 1455.0
1369470 1456.5
1369480 1457.6
1369490 1457.6
1369500 1458.8
1369510 1459.7
1369520 1459.7
1369530 1459.0
1369540 1456.9
1369550 1456.9
1369560 1455.2
1369570 1453.6
1369580 1453.6
1369590 1452.4
1369600 1451.6
1369610 1452.0
1369620 1452.0
1369630 1452.7
1369640 1453.5
1369650 1453.5
1369660 1454.8
1369670 1455.8
1369680 1455.8
1369690 1456.9
1369700 1458.4
1369710 1458.4
1369720 1459.5
1369730 1460.1
1369740 1460.1
1369750 1460.1
1369760 1459.9
1369770 1459.9
1369780 1458.6
1369790 1458.7
1369800 1459.1
1369810 1459.1
1369820 1458.3
1369830 1457.2
1369840 1457.2
1369850 1457.3
1369860 1458.7
1369870 1458.7
1369880 1460.8
1369890 1463.7
1369900 1463.7
1369910 1466.9
1369920 1470.7
1369930 1470.7
1369940 1474.6
1369950 1477.9
1369960 1477.9
1369970 1477.8
1369980 1471.6
1369990 1464.1
1370000 1464.1
1370010 1458.2
1370020 1451.4
1370030 1451.4
1370040 1446.6
1370050 1450.8
1370060 1450.8
1370070 1454.3
1370080 1455.2
1370090 1455.2
1370100 1456.2
1370110 1455.7
1370120 1455.7
1370130 1454.6
1370140 1454.0
1370150 1454.0
1370160 1454.5
1370170 1455.1
1370180 1455.4
1370190 1455.4
1370200 1456.1
1370210 1456.8
1370220 1456.8
1370230 1457.5
1370240 1458.4
1370250 1458.4
1370260 1459.4
1370270 1460.8
1370280 1460.8
1370290 1462.3
1370300 1463.5
1370310 1463.5
1370320 1464.4
1370330 1465.6
1370340 1465.6
1370350 1467.8
1370360 1469.3
1370370 1468.4
1370380 1468.4
1370390 1467.3
1370400 1466.1
1370410 1466.1
1370420 1460.9
1370430 1453.1
1370440 1453.1
1370450 1445.7
1370460 1439.5
1370470 1439.5
1370480 1434.5
1370490 1435.9
1370500 1435.9
1370510 1443.7
1370520 1452.5
1370530 1452.5
1370540 1460.0
1370550 1454.0
1370560 1451.9
1370570 1451.9
1370580 1450.7
1370590 1452.3
1370600 1452.3
1370610 1453.5
1370620 1453.9
1370630 1453.9
1370640 1454.8
1370650 1455.0
1370660 1455.0
1370670 1453.8
1370680 1451.3
1370690 1451.3
1370700 1448.5
1370710 1445.9
1370720 1445.9
1370730 1442.8
1370740 1438.9
1370750 1434.9
1370760 1434.9
1370770 1430.9
1370780 1427.8
1370790 1427.8
1370800 1426.8
1370810 1426.7
1370820 1426.7
1370830 1424.8
1370840 1422.4
1370850 1422.4
1370860 1420.7
1370870 1420.0
1370880 1420.0
1370890 1418.7
1370900 1416.9
1370910 1416.9
1370920 1415.6
1370930 1414.4
1370940 1414.4
1370950 1414.4
1370960 1415.2
1370970 1417.2
1370980 1417.2
1370990 1419.6
1371000 1422.7
1371010 1422.7
1371020 1425.1
1371030 1423.9
1371040 1423.9
1371050 1421.4
1371060 1415.9
1371070 1415.9
1371080 1410.9
1371090 1408.9
1371100 1408.9
1371110 1408.5
1371120 1409.5
1371130 1412.5
1371140 1412.5
1371150 1413.4
1371160 1412.5
1371170 1412.5
1371180 1411.1
1371190 1409.4
1371200 1409.4
1371210 1407.7
1371220 1406.0
1371230 1406.0
1371240 1405.2
1371250 1405.2
1371260 1405.2
1371270 1404.4
1371280 1402.7
1371290 1402.7
1371300 1401.1
1371310 1400.4
1371320 1399.2
1371330 1399.2
1371340 1398.1
1371350 1397.0
1371360 1397.0
1371370 1396.2
1371380 1395.9
1371390 1395.9
1371400 1395.8
1371410 1395.7
1371420 1395.7
1371430 1395.8
1371440 1395.6
1371450 1395.6
1371460 1395.3
1371470 1395.0
1371480 1395.0
1371490 1395.0
1371500 1394.8
1371510 1394.8
1371520 1394.5
1371530 1394.3
1371540 1393.7
1371550 1393.7
1371560 1393.3
1371570 1393.5
1371580 1393.5
1371590 1394.4
1371600 1394.5
1371610 1394.5
1371620 1394.4
1371630 1393.2
1371640 1393.2
1371650 1392.2
1371660 1391.8
1371670 1391.8
1371680 1391.5
1371690 1390.9
1371700 1390.9
1371710 1390.7
1371720 1390.5
1371730 1390.4
1371740 1390.4
1371750 1390.4
1371760 1390.4
1371770 1390.4
1371780 1390.3
1371790 1390.2
1371800 1390.2
1371810 1390.1
1371820 1389.8
1371830 1389.8
1371840 1389.6
1371850 1389.6
1371860 1389.6
1371870 1389.7
1371880 1389.7
1371890 1389.7
1371900 1389.5
1371910 1389.2
1371920 1389.0
1371930 1389.0
1371940 1388.7
1371950 1388.6
1371960 1388.6
1371970 1388.5
1371980 1388.4
1371990 1388.4
1372000 1388.3
1372010 1388.2
1372020 1388.2
1372030 1388.2
1372040 1388.1
1372050 1388.1
1372060 1388.0
1372070 1387.9
1372080 1387.9
1372090 1387.8
1372100 1387.8
1372110 1387.7
1372120 1387.7
1372130 1387.6
1372140 1387.5
1372150 1387.5
1372160 1387.4
1372170 1387.4
1372180 1387.4
1372190 1387.1
1372200 1386.9
1372210 1386.9
1372220 1386.8
1372230 1386.7
1372240 1386.7
1372250 1386.6
1372260 1386.5
1372270 1386.5
1372280 1386.4
1372290 1386.2
1372300 1386.0
1372310 1386.0
1372320 1386.0
1372330 1386.0
1372340 1386.0
1372350 1385.9
1372360 1385.7
1372370 1385.7
1372380 1385.6
1372390 1385.5
1372400 1385.5
1372410 1385.4
1372420 1385.3
1372430 1385.3
1372440 1385.2
1372450 1385.2
1372460 1385.2
1372470 1385.2
1372480 1385.1
1372490 1385.0
1372500 1385.0
1372510 1384.9
1372520 1384.7
1372530 1384.7
1372540 1384.6
1372550 1384.5
1372560 1384.5
1372570 1384.3
1372580 1384.0
1372590 1384.0
1372600 1383.9
1372610 1383.9
1372620 1383.9
1372630 1383.9
1372640 1383.9
1372650 1383.9
1372660 1383.7
1372670 1383.6
1372680 1383.5
1372690 1383.5
1372700 1383.4
1372710 1383.4
1372720 1383.4
1372730 1383.2
1372740 1383.1
1372750 1383.1
1372760 1383.0
1372770 1382.8
1372780 1383.1
1372790 1382.9
1372800 1382.8
1372810 1382.8
1372820 1382.7
1372830 1382.6
1372840 1382.6
1372850 1382.4
1372860 1382.2
1372870 1381.8
1372880 1381.8
1372890 1381.3
1372900 1381.2
1372910 1381.2
1372920 1381.1
1372930 1381.1
1372940 1381.1
1372950 1381.0
1372960 1381.0
1372970 1381.0
1372980 1381.4
1372990 1382.3
1373000 1382.3
1373010 1382.2
1373020 1381.7
1373030 1381.7
1373040 1381.4
1373050 1381.2
1373060 1381.0
1373070 1381.0
1373080 1380.8
1373090 1380.7
1373100 1380.7
1373110 1380.6
1373120 1380.5
1373130 1380.5
1373140 1380.4
1373150 1380.4
1373160 1380.4
1373170 1380.3
1373180 1380.3
1373190 1380.3
1373200 1380.2
1373210 1380.2
1373220 1380.2
1373230 1380.1
1373240 1380.0
1373250 1379.9
1373260 1379.9
1373270 1379.9
1373280 1379.9
1373290 1379.9
1373300 1379.9
1373310 1379.8
1373320 1379.8
1373330 1379.6
1373340 1379.4
1373350 1379.4
1373360 1379.4
1373370 1379.4
1373380 1379.4
1373390 1379.1
1373400 1379.0
1373410 1379.0
1373420 1379.1
1373430 1379.0
1373440 1378.9
1373450 1378.9
1373460 1378.8
1373470 1378.6
1373480 1378.6
1373490 1378.5
1373500 1378.1
1373510 1378.1
1373520 1377.6
1373530 1377.0
1373540 1377.0
1373550 1376.6
1373560 1376.3
1373570 1376.3
1373580 1376.0
1373590 1375.9
1373600 1375.9
1373610 1375.9
1373620 1375.9
1373630 1375.9
1373640 1375.9
1373650 1375.9
1373660 1375.9
1373670 1375.9
1373680 1375.9
1373690 1375.9
1373700 1375.9
1373710 1376.1
1373720 1376.4
1373730 1376.4
1373740 1376.6
1373750 1376.8
1373760 1376.8
1373770 1377.0
1373780 1377.0
1373790 1377.0
1373800 1376.8
1373810 1376.7
1373820 1376.6
1373830 1376.6
1373840 1376.3
1373850 1376.2
1373860 1376.2
1373870 1376.4
1373880 1376.1
1373890 1376.1
1373900 1375.9
1373910 1375.8
1373920 1375.8
1373930 1375.9
1373940 1375.9
1373950 1375.9
1373960 1375.9
1373970 1375.8
1373980 1375.8
1373990 1375.5
1374000 1375.5
1374010 1375.5
1374020 1375.5
1374030 1375.3
1374040 1375.3
1374050 1375.3
1374060 1375.3
1374070 1375.2
1374080 1375.2
1374090 1375.1
1374100 1374.9
1374110 1374.9
1374120 1374.7
1374130 1374.4
1374140 1374.4
1374150 1374.3
1374160 1374.3
1374170 1374.3
1374180 1374.2
1374190 1374.1
1374200 1374.0
1374210 1374.0
1374220 1374.1
1374230 1374.1
1374240 1374.1
1374250 1374.0
1374260 1373.9
1374270 1373.9
1374280 1373.9
1374290 1373.9
1374300 1373.9
1374310 1373.9
1374320 1373.9
1374330 1373.9
1374340 1373.8
1374350 1373.8
1374360 1373.8
1374370 1373.8
1374380 1373.8
1374390 1373.9
1374400 1373.9
1374410 1374.3
1374420 1374.6
1374430 1374.6
1374440 1373.7
1374450 1374.6
1374460 1374.6
1374470 1374.9
1374480 1374.8
1374490 1374.8
1374500 1375.0
1374510 1375.1
1374520 1375.1
1374530 1375.5
1374540 1375.6
1374550 1375.6
1374560 1375.6
1374570 1375.4
1374580 1375.2
1374590 1375.2
1374600 1375.0
1374610 1375.1
1374620 1375.1
1374630 1375.4
1374640 1375.8
1374650 1375.8
1374660 1375.4
1374670 1375.0
1374680 1375.0
1374690 1374.9
1374700 1374.8
1374710 1374.8
1374720 1374.6
1374730 1374.5
1374740 1374.5
1374750 1375.0
1374760 1374.9
1374770 1374.0
1374780 1374.0
1374790 1373.6
1374800 1373.5
1374810 1373.5
1374820 1373.4
1374830 1373.3
1374840 1373.3
1374850 1373.4
1374860 1373.7
1374870 1373.7
1374880 1374.1
1374890 1374.3
1374900 1374.3
1374910 1374.3
1374920 1374.3
1374930 1374.3
1374940 1374.5
1374950 1374.8
1374960 1374.9
1374970 1374.9
1374980 1374.8
1374990 1374.4
1375000 1374.4
1375010 1374.2
1375020 1375.5
1375030 1375.5
1375040 1378.0
1375050 1381.0
1375060 1381.0
1375070 1382.7
1375080 1383.1
1375090 1383.1
1375100 1383.6
1375110 1384.1
1375120 1384.1
1375130 1384.6
1375140 1385.3
1375150 1386.1
1375160 1386.1
1375170 1387.0
1375180 1388.3
1375190 1388.3
1375200 1389.4
1375210 1389.9
1375220 1389.9
1375230 1390.3
1375240 1391.2
1375250 1391.2
1375260 1392.1
1375270 1392.8
1375280 1392.8
1375290 1394.4
1375300 1395.4
1375310 1395.4
1375320 1396.5
1375330 1396.7
1375340 1396.7
1375350 1397.1
1375360 1397.7
1375370 1398.2
1375380 1398.2
1375390 1398.6
1375400 1399.0
1375410 1399.0
1375420 1399.5
1375430 1399.7
1375440 1399.7
1375450 1400.0
1375460 1400.4
1375470 1400.4
1375480 1400.5
1375490 1400.7
1375500 1400.7
1375510 1401.0
1375520 1401.5
1375530 1401.5
1375540 1402.1
1375550 1402.7
1375560 1403.5
1375570 1403.5
1375580 1404.6
1375590 1406.0
1375600 1406.0
1375610 1407.2
1375620 1407.4
1375630 1407.4
1375640 1407.3
1375650 1407.6
1375660 1407.6
1375670 1409.0
1375680 1409.8
1375690 1409.8
1375700 1410.2
1375710 1410.5
1375720 1410.5
1375730 1410.5
1375740 1410.3
1375750 1409.8
1375760 1409.8
1375770 1409.4
1375780 1409.2
1375790 1409.2
1375800 1409.4
1375810 1409.9
1375820 1409.9
1375830 1410.2
1375840 1410.5
1375850 1410.5
1375860 1410.9
1375870 1411.4
1375880 1411.4
1375890 1411.1
1375900 1410.1
1375910 1410.1
1375920 1410.0
1375930 1409.9
1375940 1409.3
1375950 1409.3
1375960 1408.6
1375970 1407.6
1375980 1407.6
1375990 1405.9
1376000 1404.6
1376010 1404.6
1376020 1402.9
1376030 1402.2
1376040 1402.2
1376050 1402.7
1376060 1402.0
1376070 1402.0
1376080 1401.3
1376090 1401.2
1376100 1401.2
1376110 1401.3
1376120 1401.1
1376130 1400.5
1376140 1400.5
1376150 1400.0
1376160 1399.1
1376170 1399.1
1376180 1398.9
1376190 1399.5
1376200 1399.5
1376210 1400.0
1376220 1400.3
1376230 1401.8
1376240 1402.4
1376250 1402.5
1376260 1402.5
1376270 1401.5
1376280 1401.6
1376290 1401.6
1376300 1401.8
1376310 1402.3
1376320 1402.0
1376330 1402.0
1376340 1401.7
1376350 1401.7
1376360 1401.7
1376370 1401.2
1376380 1400.1
1376390 1400.1
1376400 1398.6
1376410 1398.0
1376420 1398.0
1376430 1397.4
1376440 1396.9
1376450 1396.9
1376460 1396.4
1376470 1395.5
1376480 1395.5
1376490 1394.3
1376500 1393.2
1376510 1392.2
1376520 1392.2
1376530 1391.8
1376540 1391.8
1376550 1391.8
1376560 1391.4
1376570 1390.6
1376580 1390.6
1376590 1389.8
1376600 1388.1
1376610 1388.1
1376620 1386.6
1376630 1385.2
1376640 1385.2
1376650 1383.7
1376660 1382.1
1376670 1382.1
1376680 1380.6
1376690 1379.6
1376700 1378.8
1376710 1378.8
1376720 1377.8
1376730 1376.9
1376740 1376.9
1376750 1375.8
1376760 1375.1
1376770 1375.1
1376780 1374.6
1376790 1373.5
1376800 1373.5
1376810 1372.9
1376820 1371.6
1376830 1371.6
1376840 1369.6
1376850 1368.0
1376860 1368.0
1376870 1366.9
1376880 1365.5
1376890 1360.3
1376900 1360.3
1376910 1353.7
1376920 1349.4
1376930 1349.4
1376940 1345.8
1376950 1343.5
1376960 1343.5
1376970 1341.7
1376980 1340.5
1376990 1340.5
1377000 1339.9
1377010 1339.3
1377020 1339.3
1377030 1338.7
1377040 1338.3
1377050 1338.3
1377060 1337.8
1377070 1337.4
1377080 1337.2
1377090 1337.2
1377100 1338.2
1377110 1340.6
1377120 1340.6
1377130 1341.7
1377140 1339.9
1377150 1339.9
1377160 1337.2
1377170 1334.2
1377180 1334.2
1377190 1332.3
1377200 1331.3
1377210 1331.3
1377220 1330.8
1377230 1330.2
1377240 1330.2
1377250 1329.7
1377260 1329.3
1377270 1329.0
1377280 1329.0
1377290 1328.7
1377300 1328.1
1377310 1328.1
1377320 1327.6
1377330 1327.2
1377340 1327.2
1377350 1326.7
1377360 1326.4
1377370 1326.4
1377380 1326.1
1377390 1325.7
1377400 1325.5
1377410 1325.1
1377420 1324.7
1377430 1324.7
1377440 1324.4
1377450 1324.3
1377460 1323.4
1377470 1323.4
1377480 1322.4
1377490 1321.8
1377500 1321.8
1377510 1321.4
1377520 1320.3
1377530 1320.3
1377540 1319.2
1377550 1319.2
1377560 1319.2
1377570 1319.6
1377580 1318.8
1377590 1318.8
1377600 1318.6
1377610 1318.4
1377620 1318.4
1377630 1318.3
1377640 1318.3
1377650 1318.3
1377660 1318.3
1377670 1318.0
1377680 1317.1
1377690 1317.1
1377700 1315.0
1377710 1313.5
1377720 1313.5
1377730 1313.3
1377740 1313.6
1377750 1313.6
1377760 1313.6
1377770 1313.4
1377780 1313.4
1377790 1313.5
1377800 1313.7
1377810 1313.7
1377820 1313.6
1377830 1313.0
1377840 1310.4
1377850 1310.4
1377860 1307.8
1377870 1307.5
1377880 1307.5
1377890 1308.2
1377900 1310.1
1377910 1310.1
1377920 1310.5
1377930 1310.1
1377940 1310.1
1377950 1309.8
1377960 1309.6
1377970 1309.6
1377980 1309.3
1377990 1308.6
1378000 1308.6
1378010 1307.9
1378020 1307.5
1378030 1307.1
1378040 1307.1
1378050 1306.8
1378060 1306.5
1378070 1306.5
1378080 1306.2
1378090 1305.8
1378100 1305.8
1378110 1305.5
1378120 1305.1
1378130 1305.1
1378140 1304.5
1378150 1303.6
1378160 1303.6
1378170 1302.0
1378180 1300.7
1378190 1300.7
1378200 1300.0
1378210 1299.8
1378220 1300.0
1378230 1300.0
1378240 1301.3
1378250 1302.2
1378260 1302.2
1378270 1302.0
1378280 1301.9
1378290 1301.9
1378300 1301.8
1378310 1301.8
1378320 1301.8
1378330 1301.9
1378340 1302.3
1378350 1302.3
1378360 1303.1
1378370 1302.6
1378380 1302.6
1378390 1301.9
1378400 1301.5
1378410 1301.2
1378420 1301.2
1378430 1300.9
1378440 1300.7
1378450 1300.7
1378460 1300.4
1378470 1299.8
1378480 1299.8
1378490 1299.2
1378500 1298.9
1378510 1298.9
1378520 1298.6
1378530 1298.2
1378540 1298.2
1378550 1297.7
1378560 1297.3
1378570 1297.3
1378580 1296.9
1378590 1298.5
1378600 1298.4
1378610 1298.4
1378620 1298.2
1378630 1298.4
1378640 1298.4
1378650 1299.0
1378660 1299.5
1378670 1299.5
1378680 1299.7
1378690 1299.7
1378700 1299.7
1378710 1299.7
1378720 1299.7
1378730 1299.7
1378740 1299.9
1378750 1300.2
1378760 1300.2
1378770 1300.9
1378780 1301.7
1378790 1302.3
1378800 1302.3
1378810 1302.5
1378820 1302.3
1378830 1302.3
1378840 1302.2
1378850 1302.1
1378860 1302.1
1378870 1302.0
1378880 1301.8
1378890 1301.8
1378900 1301.5
1378910 1301.3
1378920 1301.3
1378930 1301.1
1378940 1300.2
1378950 1300.2
1378960 1299.9
1378970 1299.6
1378980 1299.6
1378990 1299.6
1379000 1299.7
1379010 1300.0
1379020 1300.0
1379030 1300.6
1379040 1300.6
1379050 1300.6
1379060 1301.0
1379070 1302.6
1379080 1302.6
1379090 1304.0
1379100 1304.8
1379110 1304.8
1379120 1304.9
1379130 1305.3
1379140 1305.3
1379150 1306.4
1379160 1307.8
1379170 1307.8
1379180 1308.7
1379190 1309.2
1379200 1308.9
1379210 1308.9
1379220 1309.3
1379230 1310.3
1379240 1310.3
1379250 1311.8
1379260 1312.6
1379270 1312.6
1379280 1312.3
1379290 1312.1
1379300 1312.1
1379310 1312.8
1379320 1314.0
1379330 1314.0
1379340 1315.5
1379350 1316.3
1379360 1316.3
1379370 1317.4
1379380 1319.9
1379390 1322.4
1379400 1322.4
1379410 1324.7
1379420 1327.3
1379430 1327.3
1379440 1329.8
1379450 1331.8
1379460 1331.8
1379470 1332.7
1379480 1330.1
1379490 1330.1
1379500 1325.4
1379510 1322.8
1379520 1322.8
1379530 1323.8
1379540 1326.5
1379550 1326.5
1379560 1329.4
1379570 1332.8
1379580 1337.5
1379590 1337.5
1379600 1341.3
1379610 1342.6
1379620 1342.6
1379630 1343.4
1379640 1344.2
1379650 1344.2
1379660 1344.7
1379670 1344.5
1379680 1344.5
1379690 1345.0
1379700 1345.9
1379710 1345.9
1379720 1345.4
1379730 1344.5
1379740 1344.5
1379750 1342.2
1379760 1338.7
1379770 1338.1
1379780 1338.1
1379790 1344.3
1379800 1347.8
1379810 1347.8
1379820 1348.9
1379830 1348.6
1379840 1348.6
1379850 1348.9
1379860 1348.2
1379870 1348.2
1379880 1346.1
1379890 1343.2
1379900 1343.2
1379910 1341.5
1379920 1341.6
1379930 1341.6
1379940 1342.1
1379950 1343.0
1379960 1343.3
1379970 1343.3
1379980 1344.0
1379990 1344.8
