1360000 2188.2
1360010 2181.0
1360020 2173.3
1360030 2173.3
1360040 2166.0
1360050 2159.7
1360060 2159.7
1360070 2153.5
1360080 2147.6
1360090 2147.6
1360100 2141.1
1360110 2134.4
1360120 2134.4
1360130 2128.0
1360140 2122.3
1360150 2122.3
1360160 2116.7
1360170 2107.9
1360180 2099.9
1360190 2099.9
1360200 2091.8
1360210 2083.1
1360220 2083.1
1360230 2072.6
1360240 2060.2
1360250 2060.2
1360260 2050.6
1360270 2042.7
1360280 2042.7
1360290 2035.5
1360300 2028.6
1360310 2028.6
1360320 2021.0
1360330 2017.4
1360340 2017.4
1360350 2019.8
1360360 2029.1
1360370 2038.2
1360380 2038.2
1360390 2035.9
1360400 2028.8
1360410 2028.8
1360420 2026.8
1360430 2021.8
1360440 2021.8
1360450 2013.9
1360460 2003.6
1360470 2003.6
1360480 1992.6
1360490 1980.9
1360500 1980.9
1360510 1972.8
1360520 1965.1
1360530 1965.1
1360540 1957.5
1360550 1951.3
1360560 1944.9
1360570 1944.9
1360580 1937.5
1360590 1930.5
1360600 1930.5
1360610 1923.3
1360620 1916.3
1360630 1916.3
1360640 1909.8
1360650 1903.9
1360660 1903.9
1360670 1897.5
1360680 1890.8
1360690 1890.8
1360700 1884.6
1360710 1876.1
1360720 1876.1
1360730 1856.6
1360740 1836.7
1360750 1836.7
1360760 1827.5
1360770 1820.0
1360780 1813.8
1360790 1813.8
1360800 1806.1
1360810 1799.1
1360820 1799.1
1360830 1791.1
1360840 1787.7
1360850 1787.7
1360860 1785.2
1360870 1779.8
1360880 1779.8
1360890 1777.3
1360900 1778.3
1360910 1778.3
1360920 1776.4
1360930 1775.7
1360940 1775.7
1360950 1776.0
1360960 1776.5
1360970 1779.5
1360980 1779.5
1360990 1784.0
1361000 1785.6
1361010 1785.6
1361020 1782.6
1361030 1776.6
1361040 1776.6
1361050 1772.3
1361060 1768.0
1361070 1768.0
1361080 1763.1
1361090 1758.3
1361100 1758.3
1361110 1753.3
1361120 1749.0
1361130 1749.0
1361140 1746.8
1361150 1746.0
1361160 1742.8
1361170 1742.8
1361180 1738.4
1361190 1734.2
1361200 1734.2
1361210 1729.6
1361220 1725.0
1361230 1725.0
1361240 1719.9
1361250 1717.8
1361260 1717.8
1361270 1712.3
1361280 1706.5
1361290 1706.5
1361300 1700.8
1361310 1695.5
1361320 1695.5
1361330 1690.5
1361340 1686.0
1361350 1681.8
1361360 1681.8
1361370 1678.7
1361380 1676.0
1361390 1676.0
1361400 1674.1
1361410 1674.6
1361420 1674.6
1361430 1675.7
1361440 1675.6
1361450 1675.6
1361460 1675.4
1361470 1675.4
1361480 1675.4
1361490 1674.2
1361500 1672.6
1361510 1672.6
1361520 1669.8
1361530 1666.0
1361540 1663.9
1361550 1663.9
1361560 1662.5
1361570 1659.0
1361580 1659.0
1361590 1653.7
1361600 1651.0
1361610 1651.0
1361620 1649.7
1361630 1647.3
1361640 1647.3
1361650 1644.2
1361660 1641.1
1361670 1641.1
1361680 1638.8
1361690 1636.7
1361700 1636.7
1361710 1634.8
1361720 1633.4
1361730 1632.5
1361740 1632.5
1361750 1632.8
1361760 1633.6
1361770 1633.6
1361780 1633.6
1361790 1633.1
1361800 1633.1
1361810 1632.5
1361820 1631.4
1361830 1631.4
1361840 1630.5
1361850 1629.3
1361860 1629.3
1361870 1628.4
1361880 1627.7
1361890 1627.7
1361900 1627.4
1361910 1627.8
1361920 1628.5
1361930 1628.5
1361940 1628.7
1361950 1629.5
1361960 1629.5
1361970 1630.8
1361980 1634.9
1361990 1634.9
1362000 1635.0
1362010 1633.7
1362020 1633.7
1362030 1632.4
1362040 1632.7
1362050 1632.7
1362060 1633.0
1362070 1633.8
1362080 1633.8
1362090 1635.3
1362100 1636.3
1362110 1636.4
1362120 1636.4
1362130 1635.0
1362140 1635.5
1362150 1635.5
1362160 1636.6
1362170 1637.6
1362180 1637.6
1362190 1637.9
1362200 1637.0
1362210 1637.0
1362220 1636.0
1362230 1637.6
1362240 1637.6
1362250 1640.7
1362260 1642.3
1362270 1642.3
1362280 1638.6
1362290 1637.0
1362300 1638.2
1362310 1638.2
1362320 1642.2
1362330 1645.1
1362340 1645.1
1362350 1646.1
1362360 1647.7
1362370 1647.7
1362380 1648.0
1362390 1649.4
1362400 1649.4
1362410 1650.1
1362420 1650.2
1362430 1650.2
1362440 1649.7
1362450 1648.6
1362460 1648.6
1362470 1649.3
1362480 1650.6
1362490 1650.0
1362500 1650.0
1362510 1650.1
1362520 1651.6
1362530 1651.6
1362540 1654.4
1362550 1658.7
1362560 1658.7
1362570 1662.2
1362580 1663.4
1362590 1663.4
1362600 1663.3
1362610 1664.7
1362620 1664.7
1362630 1666.9
1362640 1668.5
1362650 1668.5
1362660 1670.7
1362670 1673.8
1362680 1675.3
1362690 1675.3
1362700 1675.3
1362710 1677.1
1362720 1677.1
1362730 1682.3
1362740 1681.2
1362750 1681.2
1362760 1679.5
1362770 1680.3
1362780 1680.3
1362790 1682.4
1362800 1684.4
1362810 1684.4
1362820 1685.7
1362830 1685.4
1362840 1685.4
1362850 1687.9
1362860 1693.8
1362870 1693.8
1362880 1694.4
1362890 1685.9
1362900 1682.3
1362910 1682.3
1362920 1683.5
1362930 1687.1
1362940 1687.1
1362950 1690.6
1362960 1692.1
1362970 1692.1
1362980 1691.2
1362990 1689.1
1363000 1689.1
1363010 1689.1
1363020 1691.0
1363030 1691.0
1363040 1695.6
1363050 1699.4
1363060 1699.4
1363070 1704.3
1363080 1714.0
1363090 1720.4
1363100 1720.4
1363110 1726.6
1363120 1727.8
1363130 1727.8
1363140 1723.3
1363150 1720.5
1363160 1720.5
1363170 1719.1
1363180 1720.5
1363190 1720.5
1363200 1719.1
1363210 1718.7
1363220 1718.7
1363230 1722.9
1363240 1725.1
1363250 1725.1
1363260 1728.0
1363270 1730.4
1363280 1731.9
1363290 1731.9
1363300 1732.8
1363310 1734.0
1363320 1728.0
1363330 1729.6
1363340 1731.6
1363350 1731.6
1363360 1732.7
1363370 1734.6
1363380 1734.6
1363390 1736.9
1363400 1739.1
1363410 1739.1
1363420 1740.5
1363430 1741.2
1363440 1741.2
1363450 1741.7
1363460 1741.4
1363470 1740.9
1363480 1740.9
1363490 1740.1
1363500 1738.9
1363510 1738.9
1363520 1737.6
1363530 1736.8
1363540 1736.8
1363550 1736.6
1363560 1736.1
1363570 1736.1
1363580 1735.2
1363590 1734.1
1363600 1734.1
1363610 1732.1
1363620 1730.5
1363630 1730.5
1363640 1728.9
1363650 1728.6
1363660 1729.1
1363670 1729.1
1363680 1731.1
1363690 1732.4
1363700 1732.4
1363710 1732.7
1363720 1733.4
1363730 1733.4
1363740 1737.1
1363750 1741.9
1363760 1741.9
1363770 1745.5
1363780 1748.7
1363790 1748.7
1363800 1753.9
1363810 1762.9
1363820 1762.9
1363830 1762.8
1363840 1764.2
1363850 1765.8
1363860 1765.8
1363870 1769.9
1363880 1782.6
1363890 1782.6
1363900 1796.7
1363910 1799.5
1363920 1799.5
1363930 1788.7
1363940 1786.8
1363950 1786.8
1363960 1789.2
1363970 1796.7
1363980 1796.7
1363990 1803.7
1364000 1795.7
1364010 1795.7
1364020 1796.5
1364030 1796.4
1364040 1796.9
1364050 1796.9
1364060 1798.1
1364070 1800.4
1364080 1800.4
1364090 1803.5
1364100 1806.8
1364110 1806.8
1364120 1807.5
1364130 1803.9
1364140 1803.9
1364150 1804.9
1364160 1817.5
1364170 1817.5
1364180 1826.6
1364190 1838.2
1364200 1838.2
1364210 1851.8
1364220 1862.1
1364230 1864.8
1364240 1864.8
1364250 1863.1
1364260 1867.2
1364270 1867.2
1364280 1872.7
1364290 1868.9
1364300 1868.9
1364310 1856.0
1364320 1854.4
1364330 1854.4
1364340 1850.2
1364350 1851.6
1364360 1851.6
1364370 1843.6
1364380 1841.1
1364390 1841.1
1364400 1835.5
1364410 1825.9
1364420 1819.4
1364430 1819.4
1364440 1812.3
1364450 1810.6
1364460 1810.6
1364470 1811.7
1364480 1812.2
1364490 1812.2
1364500 1812.1
1364510 1810.1
1364520 1810.1
1364530 1808.1
1364540 1806.4
1364550 1806.4
1364560 1804.8
1364570 1804.0
1364580 1804.0
1364590 1802.0
1364600 1799.1
1364610 1792.2
1364620 1792.2
1364630 1784.3
1364640 1772.7
1364650 1772.7
1364660 1764.4
1364670 1757.7
1364680 1757.7
1364690 1750.8
1364700 1749.6
1364710 1749.6
1364720 1758.2
1364730 1769.9
1364740 1769.9
1364750 1781.0
1364760 1790.6
1364770 1790.6
1364780 1799.6
1364790 1809.7
1364800 1809.7
1364810 1819.6
1364820 1826.9
1364830 1837.3
1364840 1837.3
1364850 1850.1
1364860 1860.0
1364870 1860.0
1364880 1864.8
1364890 1866.7
1364900 1866.7
1364910 1868.1
1364920 1869.5
1364930 1869.5
1364940 1870.3
1364950 1870.8
1364960 1870.8
1364970 1871.2
1364980 1871.9
1364990 1871.9
1365000 1872.1
1365010 1873.4
1365020 1872.9
1365030 1872.9
1365040 1874.4
1365050 1874.4
1365060 1874.4
1365070 1872.2
1365080 1872.7
1365090 1872.7
1365100 1872.2
1365110 1869.9
1365120 1869.9
1365130 1866.2
1365140 1865.3
1365150 1865.3
1365160 1864.2
1365170 1862.0
1365180 1862.0
1365190 1859.6
1365200 1856.0
1365210 1853.6
1365220 1853.6
1365230 1851.7
1365240 1848.2
1365250 1848.2
1365260 1846.2
1365270 1847.4
1365280 1847.4
1365290 1849.5
1365300 1847.5
1365310 1847.5
1365320 1842.6
1365330 1837.9
1365340 1837.9
1365350 1832.6
1365360 1829.9
1365370 1829.9
1365380 1827.4
1365390 1824.8
1365400 1823.6
1365410 1823.6
1365420 1822.4
1365430 1812.2
1365440 1812.2
1365450 1810.2
1365460 1808.7
1365470 1808.7
1365480 1807.5
1365490 1806.4
1365500 1806.4
1365510 1802.8
1365520 1798.9
1365530 1798.9
1365540 1797.3
1365550 1796.4
1365560 1796.4
1365570 1793.1
1365580 1793.0
1365590 1791.8
1365600 1791.8
1365610 1788.3
1365620 1789.5
1365630 1789.5
1365640 1789.3
1365650 1785.5
1365660 1785.5
1365670 1781.1
1365680 1778.9
1365690 1778.9
1365700 1776.1
1365710 1773.5
1365720 1773.5
1365730 1770.3
1365740 1766.8
1365750 1766.8
1365760 1764.2
1365770 1773.1
1365780 1769.8
1365790 1769.8
1365800 1766.0
1365810 1766.0
1365820 1766.0
1365830 1768.7
1365840 1771.4
1365850 1771.4
1365860 1771.9
1365870 1776.3
1365880 1776.3
1365890 1783.0
1365900 1781.4
1365910 1781.4
1365920 1780.0
1365930 1777.1
1365940 1777.1
1365950 1780.5
1365960 1793.0
1365970 1794.2
1365980 1794.2
1365990 1786.9
1366000 1784.3
1366010 1784.3
1366020 1787.3
1366030 1786.1
1366040 1786.1
1366050 1782.3
1366060 1782.4
1366070 1782.4
1366080 1780.6
1366090 1778.1
1366100 1778.1
1366110 1778.3
1366120 1780.3
1366130 1780.3
1366140 1780.0
1366150 1779.2
1366160 1777.0
1366170 1777.0
1366180 1774.1
1366190 1774.3
1366200 1774.3
1366210 1774.1
1366220 1774.1
1366230 1774.1
1366240 1776.0
1366250 1777.8
1366260 1777.8
1366270 1778.9
1366280 1779.8
1366290 1779.8
1366300 1780.1
1366310 1780.6
1366320 1780.6
1366330 1781.1
1366340 1781.2
1366350 1781.0
1366360 1781.0
1366370 1777.4
1366380 1773.9
1366390 1773.9
1366400 1767.0
1366410 1760.6
1366420 1760.6
1366430 1759.9
1366440 1774.9
1366450 1774.9
1366460 1782.7
1366470 1776.3
1366480 1776.3
1366490 1753.3
1366500 1745.1
1366510 1745.1
1366520 1740.5
1366530 1741.4
1366540 1746.0
1366550 1746.0
1366560 1754.6
1366570 1768.6
1366580 1768.6
1366590 1781.8
1366600 1788.2
1366610 1788.2
1366620 1795.9
1366630 1806.5
1366640 1806.5
1366650 1819.3
1366660 1831.3
1366670 1831.3
1366680 1842.8
1366690 1851.4
1366700 1851.4
1366710 1862.6
1366720 1875.4
1366730 1888.8
1366740 1888.8
1366750 1895.7
1366760 1900.8
1366770 1900.8
1366780 1905.3
1366790 1909.0
1366800 1909.0
1366810 1911.4
1366820 1913.5
1366830 1913.5
1366840 1916.5
1366850 1919.6
1366860 1919.6
1366870 1921.5
1366880 1923.0
1366890 1923.0
1366900 1924.4
1366910 1925.4
1366920 1925.4
1366930 1926.1
1366940 1926.5
1366950 1927.0
1366960 1927.0
1366970 1927.6
1366980 1928.2
1366990 1928.2
1367000 1929.5
1367010 1930.4
1367020 1930.4
1367030 1931.8
1367040 1934.3
1367050 1934.3
1367060 1937.3
1367070 1938.3
1367080 1938.3
1367090 1937.8
1367100 1937.4
1367110 1937.4
1367120 1937.0
1367130 1936.3
1367140 1935.5
1367150 1935.5
1367160 1936.0
1367170 1937.3
1367180 1937.3
1367190 1937.4
1367200 1937.2
1367210 1937.2
1367220 1935.6
1367230 1934.7
1367240 1934.7
1367250 1935.6
1367260 1936.7
1367270 1936.7
1367280 1937.6
1367290 1938.0
1367300 1938.0
1367310 1937.9
1367320 1938.8
1367330 1938.7
1367340 1938.7
1367350 1939.1
1367360 1938.4
1367370 1938.4
1367380 1937.5
1367390 1937.8
1367400 1937.8
1367410 1937.7
1367420 1938.0
1367430 1938.0
1367440 1938.2
1367450 1937.0
1367460 1937.0
1367470 1938.7
1367480 1940.0
1367490 1940.0
1367500 1940.0
1367510 1939.1
1367520 1938.5
1367530 1938.5
1367540 1937.0
1367550 1935.3
1367560 1935.3
1367570 1925.4
1367580 1926.8
1367590 1926.8
1367600 1929.0
1367610 1929.6
1367620 1929.6
1367630 1929.2
1367640 1929.0
1367650 1929.0
1367660 1929.4
1367670 1928.9
1367680 1928.9
1367690 1927.1
1367700 1925.8
1367710 1927.0
1367720 1927.0
1367730 1928.1
1367740 1929.8
1367750 1929.8
1367760 1932.4
1367770 1935.7
1367780 1935.7
1367790 1938.6
1367800 1940.4
1367810 1940.4
1367820 1941.6
1367830 1941.1
1367840 1941.1
1367850 1940.3
1367860 1942.9
1367870 1942.9
1367880 1947.2
1367890 1950.2
1367900 1951.6
1367910 1951.6
1367920 1953.3
1367930 1955.8
1367940 1955.8
1367950 1957.8
1367960 1956.5
1367970 1956.5
1367980 1955.0
1367990 1957.2
1368000 1957.2
1368010 1959.9
1368020 1963.0
1368030 1963.0
1368040 1966.3
1368050 1969.5
1368060 1969.5
1368070 1972.6
1368080 1975.7
1368090 1978.1
1368100 1978.1
1368110 1979.7
1368120 1980.8
1368130 1980.8
1368140 1981.4
1368150 1983.4
1368160 1983.4
1368170 1986.1
1368180 1988.8
1368190 1988.8
1368200 1990.7
1368210 1992.6
1368220 1992.6
1368230 1994.2
1368240 1996.4
1368250 1996.4
1368260 1998.8
1368270 2000.7
1368280 2002.3
1368290 2002.3
1368300 2003.1
1368310 2003.3
1368320 2003.3
1368330 2003.5
1368340 2004.1
1368350 2004.1
1368360 2004.4
1368370 2003.6
1368380 2003.6
1368390 2002.3
1368400 2001.6
1368410 2001.6
1368420 2001.6
1368430 2001.1
1368440 2001.1
1368450 2000.7
1368460 2000.0
1368470 1999.1
1368480 1999.1
1368490 1998.5
1368500 1997.7
1368510 1997.7
1368520 1996.9
1368530 1996.4
1368540 1996.4
1368550 1995.5
1368560 1994.3
1368570 1994.3
1368580 1993.3
1368590 1992.2
1368600 1992.2
1368610 1990.6
1368620 1988.9
1368630 1988.9
1368640 1987.0
1368650 1984.9
1368660 1978.4
1368670 1978.4
1368680 1976.0
1368690 1973.6
1368700 1973.6
1368710 1971.7
1368720 1969.3
1368730 1969.3
1368740 1966.3
1368750 1964.6
1368760 1964.6
1368770 1962.9
1368780 1961.8
1368790 1961.8
1368800 1959.5
1368810 1956.6
1368820 1956.6
1368830 1953.9
1368840 1951.3
1368850 1948.7
1368860 1948.7
1368870 1945.7
1368880 1942.6
1368890 1942.6
1368900 1939.7
1368910 1937.0
1368920 1937.0
1368930 1934.1
1368940 1931.4
1368950 1931.4
1368960 1928.6
1368970 1925.2
1368980 1925.2
1368990 1921.6
1369000 1919.4
1369010 1919.4
1369020 1917.9
1369030 1915.9
1369040 1915.9
1369050 1913.6
1369060 1909.4
1369070 1906.5
1369080 1906.5
1369090 1905.8
1369100 1905.7
1369110 1905.7
1369120 1905.0
1369130 1905.4
1369140 1905.4
1369150 1902.0
1369160 1898.4
1369170 1898.4
1369180 1897.3
1369190 1896.5
1369200 1896.5
1369210 1893.3
1369220 1891.9
1369230 1891.9
1369240 1892.3
1369250 1892.3
1369260 1892.8
1369270 1892.8
1369280 1893.2
1369290 1895.1
1369300 1895.1
1369310 1897.8
1369320 1899.3
1369330 1899.3
1369340 1899.0
1369350 1896.3
1369360 1896.3
1369370 1888.6
1369380 1880.2
1369390 1880.2
1369400 1872.1
1369410 1865.0
1369420 1865.0
1369430 1858.1
1369440 1852.1
1369450 1844.5
1369460 1844.5
1369470 1836.4
1369480 1828.4
1369490 1828.4
1369500 1820.2
1369510 1812.2
1369520 1812.2
1369530 1807.1
1369540 1808.5
1369550 1808.5
1369560 1811.5
1369570 1815.0
1369580 1815.0
1369590 1817.9
1369600 1821.7
1369610 1821.7
1369620 1826.1
1369630 1830.3
1369640 1834.8
1369650 1834.8
1369660 1838.5
1369670 1842.5
1369680 1842.5
1369690 1846.5
1369700 1847.8
1369710 1847.8
1369720 1844.8
1369730 1839.1
1369740 1839.1
1369750 1830.8
1369760 1824.3
1369770 1824.3
1369780 1817.8
1369790 1810.5
1369800 1810.5
1369810 1803.5
1369820 1797.2
1369830 1793.6
1369840 1793.6
1369850 1791.7
1369860 1792.7
1369870 1792.7
1369880 1795.9
1369890 1802.1
1369900 1802.1
1369910 1808.4
1369920 1811.8
1369930 1811.8
1369940 1812.9
1369950 1810.3
1369960 1810.3
1369970 1806.1
1369980 1802.3
1369990 1802.3
1370000 1800.9
1370010 1803.5
1370020 1807.5
1370030 1807.5
1370040 1813.8
1370050 1818.4
1370060 1818.4
1370070 1821.2
1370080 1824.4
1370090 1824.4
1370100 1829.0
1370110 1833.0
1370120 1833.0
1370130 1838.1
1370140 1843.3
1370150 1843.3
1370160 1845.4
1370170 1845.9
1370180 1845.9
1370190 1846.7
1370200 1846.9
1370210 1846.6
1370220 1846.6
1370230 1846.4
1370240 1846.8
1370250 1846.8
1370260 1844.5
1370270 1842.1
1370280 1842.1
1370290 1844.2
1370300 1848.6
1370310 1848.6
1370320 1852.0
1370330 1854.0
1370340 1854.0
1370350 1855.3
1370360 1856.4
1370370 1856.4
1370380 1857.9
1370390 1859.1
1370400 1861.3
1370410 1861.3
1370420 1864.8
1370430 1867.3
1370440 1867.3
1370450 1870.1
1370460 1870.3
1370470 1870.3
1370480 1867.3
1370490 1861.4
1370500 1861.4
1370510 1854.4
1370520 1849.1
1370530 1849.1
1370540 1848.5
1370550 1851.4
1370560 1851.4
1370570 1852.0
1370580 1851.1
1370590 1850.2
1370600 1850.2
1370610 1849.0
1370620 1847.6
1370630 1847.6
1370640 1848.0
1370650 1849.1
1370660 1849.1
1370670 1849.5
1370680 1848.5
1370690 1848.5
1370700 1847.4
1370710 1846.4
1370720 1846.4
1370730 1845.3
1370740 1843.9
1370750 1843.9
1370760 1842.8
1370770 1841.7
1370780 1841.1
1370790 1841.1
1370800 1840.1
1370810 1836.2
1370820 1836.2
1370830 1833.3
1370840 1831.1
1370850 1831.1
1370860 1826.5
1370870 1826.8
1370880 1826.8
1370890 1828.2
1370900 1828.9
1370910 1828.9
1370920 1829.0
1370930 1828.4
1370940 1828.4
1370950 1826.7
1370960 1824.8
1370970 1823.5
1370980 1823.5
1370990 1824.8
1371000 1826.2
1371010 1826.2
1371020 1826.6
1371030 1824.6
1371040 1824.6
1371050 1822.0
1371060 1818.2
1371070 1818.2
1371080 1813.9
1371090 1812.3
1371100 1812.3
1371110 1812.5
1371120 1811.5
1371130 1811.5
1371140 1805.9
1371150 1797.2
1371160 1786.8
1371170 1786.8
1371180 1777.5
1371190 1769.5
1371200 1769.5
1371210 1763.5
1371220 1765.2
1371230 1765.2
1371240 1769.7
1371250 1775.2
1371260 1775.2
1371270 1781.6
1371280 1789.7
1371290 1789.7
1371300 1796.5
1371310 1801.9
1371320 1801.9
1371330 1804.7
1371340 1804.6
1371350 1804.6
1371360 1801.3
1371370 1797.3
1371380 1793.9
1371390 1793.9
1371400 1793.0
1371410 1795.0
1371420 1795.0
1371430 1792.1
1371440 1786.9
1371450 1786.9
1371460 1782.1
1371470 1779.0
1371480 1779.0
1371490 1780.5
1371500 1783.2
1371510 1783.2
1371520 1784.2
1371530 1785.5
1371540 1785.5
1371550 1787.3
1371560 1789.2
1371570 1789.8
1371580 1789.8
1371590 1789.4
1371600 1784.1
1371610 1784.1
1371620 1778.4
1371630 1775.5
1371640 1775.5
1371650 1774.5
1371660 1775.4
1371670 1775.4
1371680 1774.5
1371690 1771.0
1371700 1771.0
1371710 1767.7
1371720 1763.7
1371730 1763.7
1371740 1756.9
1371750 1750.6
1371760 1745.8
1371770 1745.8
1371780 1741.4
1371790 1738.0
1371800 1738.0
1371810 1733.8
1371820 1732.4
1371830 1732.4
1371840 1732.9
1371850 1729.5
1371860 1729.5
1371870 1724.3
1371880 1719.5
1371890 1719.5
1371900 1710.8
1371910 1701.0
1371920 1701.0
1371930 1696.4
1371940 1696.0
1371950 1698.2
1371960 1698.2
1371970 1690.1
1371980 1685.5
1371990 1685.5
1372000 1679.9
1372010 1674.3
1372020 1674.3
1372030 1667.8
1372040 1660.9
1372050 1660.9
1372060 1654.5
1372070 1648.6
1372080 1648.6
1372090 1643.2
1372100 1637.5
1372110 1637.5
1372120 1634.2
1372130 1631.3
1372140 1627.6
1372150 1627.6
1372160 1623.7
1372170 1620.7
1372180 1620.7
1372190 1616.6
1372200 1612.1
1372210 1612.1
1372220 1608.5
1372230 1605.6
1372240 1605.6
1372250 1602.1
1372260 1598.5
1372270 1598.5
1372280 1593.7
1372290 1587.1
1372300 1587.1
1372310 1581.8
1372320 1580.0
1372330 1579.8
1372340 1579.8
1372350 1579.4
1372360 1579.2
1372370 1579.2
1372380 1577.5
1372390 1573.8
1372400 1573.8
1372410 1570.2
1372420 1568.6
1372430 1568.6
1372440 1566.2
1372450 1564.3
1372460 1564.3
1372470 1563.0
1372480 1562.3
1372490 1562.3
1372500 1560.2
1372510 1554.1
1372520 1548.9
1372530 1548.9
1372540 1545.0
1372550 1543.1
1372560 1543.1
1372570 1545.3
1372580 1549.9
1372590 1549.9
1372600 1553.3
1372610 1553.7
1372620 1553.7
1372630 1550.0
1372640 1545.6
1372650 1545.6
1372660 1541.1
1372670 1536.6
1372680 1536.6
1372690 1533.0
1372700 1531.5
1372710 1533.1
1372720 1533.1
1372730 1536.1
1372740 1538.9
1372750 1538.9
1372760 1539.9
1372770 1539.9
1372780 1539.9
1372790 1540.0
1372800 1538.7
1372810 1538.7
1372820 1533.8
1372830 1527.9
1372840 1527.9
1372850 1521.8
1372860 1518.0
1372870 1518.0
1372880 1516.9
1372890 1516.3
1372900 1514.8
1372910 1514.8
1372920 1510.1
1372930 1504.4
1372940 1504.4
1372950 1497.7
1372960 1489.4
1372970 1489.4
1372980 1476.3
1372990 1463.9
1373000 1463.9
1373010 1447.7
1373020 1433.9
1373030 1433.9
1373040 1433.9
1373050 1437.0
1373060 1437.0
1373070 1439.3
1373080 1454.1
1373090 1474.5
1373100 1477.4
1373110 1500.0
1373120 1513.6
1373130 1513.6
1373140 1517.7
1373150 1517.9
1373160 1517.9
1373170 1517.2
1373180 1514.6
1373190 1514.6
1373200 1513.1
1373210 1514.9
1373220 1514.9
1373230 1518.1
1373240 1519.1
1373250 1519.1
1373260 1519.5
1373270 1520.6
1373280 1519.8
1373290 1519.8
1373300 1521.4
1373310 1523.5
1373320 1523.5
1373330 1523.9
1373340 1525.4
1373350 1525.4
1373360 1527.4
1373370 1529.4
1373380 1529.4
1373390 1532.8
1373400 1534.4
1373410 1534.4
1373420 1534.3
1373430 1535.0
1373440 1535.0
1373450 1536.2
1373460 1537.0
1373470 1537.8
1373480 1537.8
1373490 1537.5
1373500 1539.6
1373510 1539.6
1373520 1540.0
1373530 1539.8
1373540 1539.8
1373550 1543.0
1373560 1544.8
1373570 1544.8
1373580 1545.5
1373590 1545.6
1373600 1545.6
1373610 1543.6
1373620 1543.0
1373630 1543.0
1373640 1543.7
1373650 1544.9
1373660 1545.5
1373670 1545.5
1373680 1546.0
1373690 1546.9
1373700 1546.9
1373710 1548.4
1373720 1549.7
1373730 1549.7
1373740 1549.7
1373750 1549.2
1373760 1549.2
1373770 1547.7
1373780 1546.0
1373790 1546.0
1373800 1545.3
1373810 1547.6
1373820 1547.6
1373830 1551.4
1373840 1553.0
1373850 1553.0
1373860 1553.4
1373870 1552.4
1373880 1550.7
1373890 1550.7
1373900 1550.1
1373910 1551.8
1373920 1551.8
1373930 1551.2
1373940 1548.1
1373950 1548.1
1373960 1549.1
1373970 1552.0
1373980 1552.0
1373990 1556.0
1374000 1557.4
1374010 1557.4
1374020 1556.9
1374030 1555.7
1374040 1555.7
1374050 1554.2
1374060 1553.2
1374070 1552.3
1374080 1552.3
1374090 1551.1
1374100 1548.6
1374110 1548.6
1374120 1545.2
1374130 1543.6
1374140 1543.6
1374150 1546.8
1374160 1548.0
1374170 1548.0
1374180 1545.0
1374190 1544.5
1374200 1544.5
1374210 1545.4
1374220 1545.1
1374230 1545.1
1374240 1539.2
1374250 1540.2
1374260 1541.3
1374270 1541.3
1374280 1540.7
1374290 1540.7
1374300 1540.7
1374310 1541.8
1374320 1542.9
1374330 1542.9
1374340 1543.7
1374350 1544.6
1374360 1544.6
1374370 1545.9
1374380 1547.8
1374390 1547.8
1374400 1548.0
1374410 1548.0
1374420 1548.0
1374430 1549.6
1374440 1551.1
1374450 1551.1
1374460 1551.1
1374470 1549.5
1374480 1548.9
1374490 1548.9
1374500 1548.7
1374510 1549.4
1374520 1549.4
1374530 1550.6
1374540 1552.2
1374550 1552.2
1374560 1554.0
1374570 1553.8
1374580 1553.8
1374590 1554.3
1374600 1558.6
1374610 1558.6
1374620 1563.3
1374630 1568.4
1374640 1573.0
1374650 1573.0
1374660 1578.2
1374670 1585.3
1374680 1585.3
1374690 1590.6
1374700 1593.3
1374710 1593.3
1374720 1593.4
1374730 1590.2
1374740 1590.2
1374750 1586.1
1374760 1582.7
1374770 1582.7
1374780 1579.8
1374790 1577.0
1374800 1577.0
1374810 1574.0
1374820 1568.2
1374830 1563.2
1374840 1563.2
1374850 1558.9
1374860 1550.3
1374870 1550.3
1374880 1541.8
1374890 1536.4
1374900 1536.4
1374910 1534.3
1374920 1536.7
1374930 1536.7
1374940 1547.4
1374950 1560.8
1374960 1560.8
1374970 1572.7
1374980 1584.1
1374990 1584.1
1375000 1599.6
1375010 1613.3
1375020 1619.2
1375030 1619.2
1375040 1622.2
1375050 1624.9
1375060 1624.9
1375070 1627.6
1375080 1630.2
1375090 1630.2
1375100 1632.4
1375110 1634.8
1375120 1634.8
1375130 1637.5
1375140 1637.7
1375150 1637.7
1375160 1636.8
1375170 1637.5
1375180 1637.5
1375190 1639.3
1375200 1641.0
1375210 1641.7
1375220 1641.7
1375230 1641.3
1375240 1641.3
1375250 1641.3
1375260 1641.8
1375270 1643.3
1375280 1643.3
1375290 1646.0
1375300 1648.6
1375310 1648.6
1375320 1650.8
1375330 1652.3
1375340 1652.3
1375350 1653.5
1375360 1654.4
1375370 1654.4
1375380 1655.0
1375390 1650.1
1375400 1652.4
1375410 1652.4
1375420 1655.3
1375430 1657.7
1375440 1657.7
1375450 1659.5
1375460 1660.7
1375470 1660.7
1375480 1662.4
1375490 1664.3
1375500 1664.3
1375510 1665.2
1375520 1666.4
1375530 1666.4
1375540 1668.0
1375550 1669.2
1375560 1669.2
1375570 1671.3
1375580 1673.9
1375590 1675.9
1375600 1675.9
1375610 1677.3
1375620 1679.0
1375630 1679.0
1375640 1681.7
1375650 1684.1
1375660 1684.1
1375670 1686.7
1375680 1688.5
1375690 1688.5
1375700 1689.3
1375710 1689.3
1375720 1689.3
1375730 1689.8
1375740 1689.2
1375750 1689.2
1375760 1687.3
1375770 1688.6
1375780 1691.3
1375790 1691.3
1375800 1693.0
1375810 1695.0
1375820 1695.0
1375830 1696.9
1375840 1698.2
1375850 1698.2
1375860 1700.2
1375870 1703.2
1375880 1703.2
1375890 1704.4
1375900 1703.8
1375910 1703.8
1375920 1702.1
1375930 1699.8
1375940 1699.8
1375950 1697.9
1375960 1697.3
1375970 1698.0
1375980 1698.0
1375990 1698.7
1376000 1700.2
1376010 1700.2
1376020 1702.1
1376030 1702.6
1376040 1702.6
1376050 1701.4
1376060 1701.5
1376070 1701.5
1376080 1707.5
1376090 1716.4
1376100 1716.4
1376110 1721.3
1376120 1721.4
1376130 1721.4
1376140 1720.3
1376150 1719.4
1376160 1719.4
1376170 1716.0
1376180 1713.4
1376190 1714.5
1376200 1714.5
1376210 1713.2
1376220 1711.7
1376230 1711.7
1376240 1708.8
1376250 1705.3
1376260 1705.3
1376270 1704.9
1376280 1704.7
1376290 1704.7
1376300 1702.1
1376310 1701.4
1376320 1701.4
1376330 1702.1
1376340 1702.9
1376350 1702.9
1376360 1704.0
1376370 1705.6
1376380 1708.6
1376390 1708.6
1376400 1712.2
1376410 1715.2
1376420 1715.2
1376430 1718.3
1376440 1721.6
1376450 1721.6
1376460 1724.3
1376470 1726.0
1376480 1726.0
1376490 1726.7
1376500 1726.2
1376510 1726.2
1376520 1725.0
1376530 1725.1
1376540 1725.1
1376550 1726.4
1376560 1721.1
1376570 1721.3
1376580 1721.3
1376590 1721.7
1376600 1722.4
1376610 1722.4
1376620 1724.3
1376630 1726.6
1376640 1726.6
1376650 1729.7
1376660 1730.4
1376670 1730.4
1376680 1730.8
1376690 1732.1
1376700 1732.1
1376710 1730.6
1376720 1728.8
1376730 1728.8
1376740 1727.4
1376750 1726.1
1376760 1725.5
1376770 1725.5
1376780 1724.9
1376790 1723.7
1376800 1723.7
1376810 1723.2
1376820 1722.4
1376830 1722.4
1376840 1721.2
1376850 1719.6
1376860 1719.6
1376870 1718.0
1376880 1717.1
1376890 1717.1
1376900 1716.1
1376910 1714.6
1376920 1714.6
1376930 1713.0
1376940 1711.4
1376950 1709.5
1376960 1709.5
1376970 1708.7
1376980 1707.8
1376990 1707.8
1377000 1706.5
1377010 1705.6
1377020 1705.6
1377030 1706.3
1377040 1707.4
1377050 1707.4
1377060 1708.1
1377070 1708.6
1377080 1708.6
1377090 1709.8
1377100 1709.4
1377110 1709.4
1377120 1708.0
1377130 1707.2
1377140 1706.3
1377150 1706.3
1377160 1705.8
1377170 1706.0
1377180 1706.0
1377190 1704.9
1377200 1703.3
1377210 1703.3
1377220 1701.2
1377230 1699.6
1377240 1699.6
1377250 1698.4
1377260 1695.9
1377270 1695.9
1377280 1692.7
1377290 1689.3
1377300 1689.3
1377310 1686.2
1377320 1680.9
1377330 1674.6
1377340 1674.6
1377350 1668.7
1377360 1662.4
1377370 1662.4
1377380 1657.1
1377390 1654.0
1377400 1654.0
1377410 1651.1
1377420 1649.0
1377430 1649.0
1377440 1645.7
1377450 1643.4
1377460 1643.4
1377470 1640.8
1377480 1637.2
1377490 1637.2
1377500 1633.8
1377510 1631.7
1377520 1630.8
1377530 1630.8
1377540 1630.0
1377550 1628.3
1377560 1628.3
1377570 1626.1
1377580 1623.7
1377590 1623.7
1377600 1621.4
1377610 1620.0
1377620 1620.0
1377630 1619.4
1377640 1618.2
1377650 1618.2
1377660 1617.8
1377670 1617.1
1377680 1617.1
1377690 1615.0
1377700 1613.6
1377710 1612.6
1377720 1612.6
1377730 1604.6
1377740 1603.6
1377750 1603.6
1377760 1602.3
1377770 1601.3
1377780 1601.3
1377790 1600.2
1377800 1599.6
1377810 1599.6
1377820 1598.1
1377830 1596.2
1377840 1596.2
1377850 1595.5
1377860 1594.9
1377870 1594.9
1377880 1593.9
1377890 1592.0
1377900 1589.0
1377910 1589.0
1377920 1588.8
1377930 1588.3
1377940 1588.3
1377950 1583.8
1377960 1581.8
1377970 1581.8
1377980 1581.1
1377990 1577.9
1378000 1577.9
1378010 1574.0
1378020 1570.1
1378030 1570.1
1378040 1567.7
1378050 1567.0
1378060 1567.0
1378070 1570.5
1378080 1572.4
1378090 1570.4
1378100 1570.4
1378110 1563.9
1378120 1563.2
1378130 1563.2
1378140 1563.2
1378150 1560.4
1378160 1560.4
1378170 1558.6
1378180 1556.8
1378190 1556.8
1378200 1557.2
1378210 1555.5
1378220 1555.5
1378230 1539.9
1378240 1528.9
1378250 1528.9
1378260 1537.3
1378270 1545.3
1378280 1549.5
1378290 1549.5
1378300 1550.7
1378310 1555.8
1378320 1555.8
1378330 1558.9
1378340 1559.5
1378350 1559.5
1378360 1560.0
1378370 1560.0
1378380 1560.0
1378390 1559.3
1378400 1558.5
1378410 1558.5
1378420 1557.3
1378430 1555.3
1378440 1555.3
1378450 1554.0
1378460 1555.5
1378470 1555.5
1378480 1555.7
1378490 1556.8
1378500 1557.3
1378510 1557.3
1378520 1555.5
1378530 1554.2
1378540 1554.2
1378550 1554.3
1378560 1555.4
1378570 1555.4
1378580 1556.3
1378590 1555.6
1378600 1555.6
1378610 1558.0
1378620 1561.7
1378630 1561.7
1378640 1565.3
1378650 1566.6
1378660 1566.6
1378670 1562.1
1378680 1562.1
1378690 1565.6
1378700 1565.6
1378710 1566.8
1378720 1566.4
1378730 1566.4
1378740 1568.1
1378750 1572.2
1378760 1572.2
1378770 1570.8
1378780 1569.8
1378790 1569.8
1378800 1567.3
1378810 1564.7
1378820 1564.7
1378830 1560.3
1378840 1559.1
1378850 1559.1
1378860 1561.1
1378870 1556.9
1378880 1560.3
1378890 1560.3
1378900 1562.0
1378910 1561.5
1378920 1554.8
1378930 1556.7
1378940 1557.0
1378950 1557.0
1378960 1556.3
1378970 1557.0
1378980 1557.0
1378990 1556.2
1379000 1556.8
1379010 1556.8
1379020 1558.0
1379030 1560.2
1379040 1560.2
1379050 1560.3
1379060 1561.4
1379070 1563.4
1379080 1563.4
1379090 1566.7
1379100 1567.1
1379110 1567.1
1379120 1566.5
1379130 1566.0
1379140 1566.0
1379150 1565.2
1379160 1564.7
1379170 1564.7
1379180 1563.9
1379190 1563.3
1379200 1563.3
1379210 1564.2
1379220 1565.4
1379230 1565.4
1379240 1565.9
1379250 1565.9
1379260 1564.5
1379270 1564.5
1379280 1562.1
1379290 1560.5
1379300 1560.5
1379310 1561.4
1379320 1563.3
1379330 1563.3
1379340 1563.7
1379350 1563.0
1379360 1563.0
1379370 1562.2
1379380 1560.6
1379390 1560.6
1379400 1560.1
1379410 1563.3
1379420 1563.3
1379430 1565.3
1379440 1565.4
1379450 1564.6
1379460 1564.6
1379470 1564.0
1379480 1563.7
1379490 1563.7
1379500 1563.1
1379510 1562.8
1379520 1562.8
1379530 1562.6
1379540 1561.8
1379550 1561.8
1379560 1561.1
1379570 1560.0
1379580 1560.0
1379590 1559.7
1379600 1559.4
1379610 1559.4
1379620 1558.8
1379630 1558.0
1379640 1557.4
1379650 1557.4
1379660 1555.8
1379670 1553.8
1379680 1553.8
1379690 1553.6
1379700 1553.9
1379710 1553.9
1379720 1553.3
1379730 1552.5
1379740 1552.5
1379750 1551.7
1379760 1550.1
1379770 1550.1
1379780 1548.4
1379790 1546.2
1379800 1546.2
1379810 1544.6
1379820 1542.6
1379830 1540.6
1379840 1540.6
1379850 1538.4
1379860 1536.2
1379870 1536.2
1379880 1534.4
1379890 1533.0
1379900 1533.0
1379910 1531.3
1379920 1529.3
1379930 1529.3
1379940 1527.3
1379950 1525.5
1379960 1525.5
1379970 1523.7
1379980 1521.6
1379990 1521.6
