1360000 2086.8
1360010 2086.8
1360020 2088.5
1360030 2089.4
1360040 2089.4
1360050 2089.2
1360060 2087.1
1360070 2087.1
1360080 2082.4
1360090 2078.4
1360100 2077.0
1360110 2077.0
1360120 2078.2
1360130 2080.3
1360140 2080.3
1360150 2083.3
1360160 2086.6
1360170 2086.6
1360180 2087.9
1360190 2087.7
1360200 2087.7
1360210 2088.8
1360220 2092.4
1360230 2092.4
1360240 2096.6
1360250 2099.7
1360260 2099.7
1360270 2101.0
1360280 2098.0
1360290 2096.3
1360300 2096.3
1360310 2093.6
1360320 2088.6
1360330 2088.6
1360340 2081.4
1360350 2073.1
1360360 2073.1
1360370 2067.5
1360380 2055.0
1360390 2055.0
1360400 2020.8
1360410 1997.8
1360420 1997.8
1360430 1988.8
1360440 1980.4
1360450 1980.4
1360460 1968.8
1360470 1955.5
1360480 1941.9
1360490 1941.9
1360500 1926.5
1360510 1920.2
1360520 1920.2
1360530 1914.3
1360540 1901.1
1360550 1901.1
1360560 1881.7
1360570 1865.7
1360580 1865.7
1360590 1849.9
1360600 1835.6
1360610 1835.6
1360620 1828.0
1360630 1820.1
1360640 1820.1
1360650 1813.6
1360660 1807.5
1360670 1800.8
1360680 1800.8
1360690 1798.2
1360700 1792.2
1360710 1792.2
1360720 1786.6
1360730 1781.1
1360740 1781.1
1360750 1775.2
1360760 1769.3
1360770 1769.3
1360780 1763.3
1360790 1757.2
1360800 1757.2
1360810 1751.0
1360820 1744.1
1360830 1744.1
1360840 1737.1
1360850 1729.5
1360860 1722.4
1360870 1722.4
1360880 1716.0
1360890 1709.2
1360900 1709.2
1360910 1703.2
1360920 1698.5
1360930 1698.5
1360940 1694.4
1360950 1692.1
1360960 1692.1
1360970 1689.7
1360980 1688.3
1360990 1688.3
1361000 1687.4
1361010 1686.7
1361020 1686.7
1361030 1687.2
1361040 1687.1
1361050 1686.6
1361060 1686.6
1361070 1685.6
1361080 1685.9
1361090 1685.9
1361100 1686.0
1361110 1686.1
1361120 1686.1
1361130 1686.1
1361140 1685.9
1361150 1685.9
1361160 1684.5
1361170 1683.3
1361180 1683.3
1361190 1682.1
1361200 1681.0
1361210 1681.0
1361220 1679.7
1361230 1678.4
1361240 1676.6
1361250 1676.6
1361260 1674.1
1361270 1672.8
1361280 1672.8
1361290 1671.4
1361300 1670.4
1361310 1670.4
1361320 1669.3
1361330 1667.9
1361340 1667.9
1361350 1667.8
1361360 1668.3
1361370 1668.3
1361380 1668.6
1361390 1669.4
1361400 1669.4
1361410 1673.2
1361420 1678.2
1361430 1684.1
1361440 1684.1
1361450 1690.2
1361460 1696.0
1361470 1696.0
1361480 1701.0
1361490 1705.6
1361500 1705.6
1361510 1709.8
1361520 1712.5
1361530 1712.5
1361540 1716.3
1361550 1720.1
1361560 1720.1
1361570 1722.0
1361580 1728.0
1361590 1728.0
1361600 1738.0
1361610 1746.9
1361620 1757.9
1361630 1757.9
1361640 1766.7
1361650 1781.0
1361660 1781.0
1361670 1795.6
1361680 1805.8
1361690 1805.8
1361700 1815.6
1361710 1828.3
1361720 1823.3
1361730 1839.9
1361740 1864.0
1361750 1864.0
1361760 1876.3
1361770 1886.8
1361780 1886.8
1361790 1894.5
1361800 1901.0
1361810 1901.0
1361820 1909.1
1361830 1914.5
1361840 1920.7
1361850 1920.7
1361860 1925.7
1361870 1930.7
1361880 1930.7
1361890 1934.4
1361900 1936.8
1361910 1936.8
1361920 1940.7
1361930 1943.7
1361940 1943.7
1361950 1946.1
1361960 1948.0
1361970 1948.0
1361980 1948.6
1361990 1950.5
1362000 1950.5
1362010 1951.1
1362020 1953.3
1362030 1954.0
1362040 1954.0
1362050 1953.8
1362060 1954.4
1362070 1954.4
1362080 1955.0
1362090 1955.5
1362100 1955.5
1362110 1956.4
1362120 1956.3
1362130 1956.3
1362140 1956.5
1362150 1955.4
1362160 1955.4
1362170 1951.6
1362180 1940.0
1362190 1940.0
1362200 1931.6
1362210 1915.5
1362220 1897.0
1362230 1897.0
1362240 1885.2
1362250 1879.7
1362260 1879.7
1362270 1873.3
1362280 1867.0
1362290 1867.0
1362300 1863.3
1362310 1859.9
1362320 1859.9
1362330 1865.9
1362340 1872.2
1362350 1872.2
1362360 1876.8
1362370 1881.7
1362380 1881.7
1362390 1887.9
1362400 1887.8
1362410 1891.8
1362420 1891.8
1362430 1901.3
1362440 1909.0
1362450 1909.0
1362460 1914.2
1362470 1919.2
1362480 1919.2
1362490 1925.7
1362500 1928.8
1362510 1928.8
1362520 1929.0
1362530 1933.3
1362540 1933.3
1362550 1939.8
1362560 1943.6
1362570 1943.6
1362580 1942.5
1362590 1937.7
1362600 1936.9
1362610 1936.9
1362620 1948.1
1362630 1959.7
1362640 1959.7
1362650 1966.3
1362660 1970.3
1362670 1970.3
1362680 1974.1
1362690 1981.2
1362700 1981.2
1362710 1988.3
1362720 1996.0
1362730 1996.0
1362740 2002.3
1362750 1999.3
1362760 1999.3
1362770 2005.3
1362780 2005.8
1362790 2010.6
1362800 2010.6
1362810 2016.4
1362820 2022.1
1362830 2022.1
1362840 2027.2
1362850 2029.1
1362860 2029.1
1362870 2031.5
1362880 2035.2
1362890 2035.2
1362900 2036.2
1362910 2026.7
1362920 2026.7
1362930 2019.3
1362940 2031.6
1362950 2031.6
1362960 2041.7
1362970 2050.4
1362980 2057.6
1362990 2057.6
1363000 2063.0
1363010 2067.5
1363020 2067.5
1363030 2070.3
1363040 2065.1
1363050 2065.1
1363060 2039.7
1363070 2022.5
1363080 2022.5
1363090 2000.0
1363100 1987.7
1363110 1987.7
1363120 1985.6
1363130 1977.7
1363140 1977.7
1363150 1974.7
1363160 1979.0
1363170 1986.4
1363180 1986.4
1363190 1990.7
1363200 1994.9
1363210 1994.9
1363220 1999.3
1363230 2005.7
1363240 2005.7
1363250 2017.0
1363260 2023.7
1363270 2023.7
1363280 2028.0
1363290 2033.1
1363300 2033.1
1363310 2037.5
1363320 2041.2
1363330 2041.2
1363340 2047.3
1363350 2053.8
1363360 2057.1
1363370 2057.1
1363380 2051.6
1363390 2038.4
1363400 2038.4
1363410 2021.0
1363420 2025.3
1363430 2025.3
1363440 2037.1
1363450 2051.8
1363460 2051.8
1363470 2065.7
1363480 2077.3
1363490 2077.3
1363500 2088.0
1363510 2098.2
1363520 2098.2
1363530 2096.3
1363540 2088.1
1363550 2079.4
1363560 2079.4
1363570 2091.2
1363580 2102.8
1363590 2102.8
1363600 2106.3
1363610 2111.2
1363620 2111.2
1363630 2120.3
1363640 2128.0
1363650 2128.0
1363660 2128.3
1363670 2120.0
1363680 2120.0
1363690 2115.7
1363700 2113.3
1363710 2113.3
1363720 2116.1
1363730 2132.8
1363740 2132.8
1363750 2146.6
1363760 2158.0
1363770 2169.5
1363780 2169.5
1363790 2168.3
1363800 2179.4
1363810 2179.4
1363820 2190.1
1363830 2204.0
1363840 2204.0
1363850 2217.4
1363860 2218.4
1363870 2218.4
1363880 2213.3
1363890 2214.6
1363900 2214.6
1363910 2215.3
1363920 2211.6
1363930 2211.6
1363940 2208.5
1363950 2204.8
1363960 2203.3
1363970 2203.3
1363980 2202.5
1363990 2198.7
1364000 2198.7
1364010 2195.9
1364020 2197.5
1364030 2197.5
1364040 2191.5
1364050 2192.0
1364060 2192.0
1364070 2194.7
1364080 2194.9
1364090 2194.9
1364100 2192.6
1364110 2190.4
1364120 2190.4
1364130 2188.9
1364140 2187.9
1364150 2185.7
1364160 2185.7
1364170 2181.6
1364180 2174.3
1364190 2174.3
1364200 2169.1
1364210 2167.2
1364220 2167.2
1364230 2167.4
1364240 2166.7
1364250 2166.7
1364260 2164.8
1364270 2160.8
1364280 2160.8
1364290 2157.7
1364300 2155.3
1364310 2155.3
1364320 2152.8
1364330 2150.9
1364340 2148.0
1364350 2148.0
1364360 2145.4
1364370 2141.3
1364380 2141.3
1364390 2137.6
1364400 2134.3
1364410 2134.3
1364420 2130.4
1364430 2125.4
1364440 2125.4
1364450 2120.5
1364460 2117.1
1364470 2117.1
1364480 2113.4
1364490 2108.9
1364500 2108.9
1364510 2104.4
1364520 2100.0
1364530 2095.8
1364540 2095.8
1364550 2091.6
1364560 2086.3
1364570 2086.3
1364580 2080.2
1364590 2074.1
1364600 2074.1
1364610 2068.1
1364620 2060.7
1364630 2060.7
1364640 2052.8
1364650 2045.9
1364660 2045.9
1364670 2038.8
1364680 2027.0
1364690 2027.0
1364700 2013.7
1364710 2004.7
1364720 1996.9
1364730 1996.9
1364740 1990.0
1364750 1981.0
1364760 1981.0
1364770 1974.8
1364780 1964.6
1364790 1964.6
1364800 1960.9
1364810 1956.0
1364820 1956.0
1364830 1951.6
1364840 1945.2
1364850 1939.8
1364860 1929.5
1364870 1928.9
1364880 1928.9
1364890 1935.1
1364900 1941.4
1364910 1949.2
1364920 1949.2
1364930 1957.5
1364940 1964.9
1364950 1964.9
1364960 1973.8
1364970 1982.9
1364980 1982.9
1364990 1990.9
1365000 1997.7
1365010 1997.7
1365020 2003.5
1365030 2010.1
1365040 2010.1
1365050 2016.7
1365060 2023.6
1365070 2023.6
1365080 2031.6
1365090 2040.3
1365100 2048.9
1365110 2048.9
1365120 2057.3
1365130 2066.3
1365140 2066.3
1365150 2075.8
1365160 2084.7
1365170 2084.7
1365180 2092.7
1365190 2101.7
1365200 2101.7
1365210 2110.3
1365220 2115.4
1365230 2115.4
1365240 2119.5
1365250 2123.4
1365260 2123.4
1365270 2127.0
1365280 2130.4
1365290 2133.4
1365300 2133.4
1365310 2136.1
1365320 2138.5
1365330 2138.5
1365340 2139.9
1365350 2140.5
1365360 2140.5
1365370 2141.9
1365380 2142.7
1365390 2142.7
1365400 2141.4
1365410 2138.8
1365420 2138.8
1365430 2135.4
1365440 2131.1
1365450 2131.1
1365460 2127.8
1365470 2125.1
1365480 2125.1
1365490 2124.0
1365500 2123.9
1365510 2121.8
1365520 2121.8
1365530 2119.9
1365540 2119.1
1365550 2119.1
1365560 2117.3
1365570 2114.5
1365580 2114.5
1365590 2112.9
1365600 2112.3
1365610 2112.3
1365620 2110.9
1365630 2109.3
1365640 2109.3
1365650 2107.9
1365660 2106.7
1365670 2106.7
1365680 2104.7
1365690 2102.3
1365700 2101.0
1365710 2101.0
1365720 2099.3
1365730 2098.7
1365740 2098.7
1365750 2098.4
1365760 2097.3
1365770 2097.3
1365780 2096.4
1365790 2096.2
1365800 2096.2
1365810 2096.5
1365820 2096.7
1365830 2096.7
1365840 2096.1
1365850 2095.9
1365860 2095.9
1365870 2095.5
1365880 2095.3
1365890 2095.3
1365900 2095.3
1365910 2087.6
1365920 2086.0
1365930 2086.0
1365940 2085.3
1365950 2086.1
1365960 2086.1
1365970 2085.1
1365980 2083.9
1365990 2083.9
1366000 2083.4
1366010 2082.3
1366020 2082.3
1366030 2080.7
1366040 2079.5
1366050 2079.5
1366060 2079.0
1366070 2078.8
1366080 2079.1
1366090 2079.1
1366100 2079.7
1366110 2080.0
1366120 2080.0
1366130 2079.5
1366140 2078.3
1366150 2078.3
1366160 2077.5
1366170 2076.7
1366180 2076.7
1366190 2075.6
1366200 2074.4
1366210 2074.4
1366220 2072.5
1366230 2071.5
1366240 2071.5
1366250 2071.2
1366260 2070.1
1366270 2068.4
1366280 2068.4
1366290 2067.4
1366300 2066.4
1366310 2066.4
1366320 2064.1
1366330 2058.7
1366340 2058.7
1366350 2053.1
1366360 2047.8
1366370 2047.8
1366380 2042.7
1366390 2038.7
1366400 2038.7
1366410 2035.8
1366420 2036.7
1366430 2036.7
1366440 2039.5
1366450 2039.7
1366460 2036.5
1366470 2036.5
1366480 2033.1
1366490 2031.2
1366500 2031.2
1366510 2029.2
1366520 2026.9
1366530 2026.9
1366540 2024.9
1366550 2023.8
1366560 2023.8
1366570 2022.4
1366580 2020.0
1366590 2020.0
1366600 2016.7
1366610 2012.7
1366620 2012.7
1366630 2007.5
1366640 2001.5
1366650 1996.4
1366660 1996.4
1366670 1991.9
1366680 1986.3
1366690 1986.3
1366700 1988.4
1366710 1992.1
1366720 1992.1
1366730 1995.7
1366740 2000.3
1366750 2000.3
1366760 2005.3
1366770 2008.3
1366780 2008.3
1366790 2011.3
1366800 2014.6
1366810 2014.6
1366820 2018.1
1366830 2021.6
1366840 2026.0
1366850 2026.0
1366860 2032.0
1366870 2039.2
1366880 2039.2
1366890 2047.4
1366900 2057.1
1366910 2057.1
1366920 2067.6
1366930 2078.2
1366940 2078.2
1366950 2087.8
1366960 2096.3
1366970 2096.3
1366980 2099.0
1366990 2105.3
1367000 2105.3
1367010 2110.4
1367020 2115.3
1367030 2119.8
1367040 2119.8
1367050 2124.8
1367060 2129.3
1367070 2129.3
1367080 2133.0
1367090 2136.3
1367100 2136.3
1367110 2139.3
1367120 2142.0
1367130 2142.0
1367140 2144.4
1367150 2146.6
1367160 2146.6
1367170 2149.5
1367180 2152.5
1367190 2152.5
1367200 2154.8
1367210 2156.6
1367220 2156.6
1367230 2157.7
1367240 2157.9
1367250 2157.8
1367260 2157.8
1367270 2157.5
1367280 2156.8
1367290 2156.8
1367300 2156.2
1367310 2156.1
1367320 2156.1
1367330 2156.3
1367340 2156.7
1367350 2156.7
1367360 2157.6
1367370 2157.7
1367380 2157.7
1367390 2157.4
1367400 2158.0
1367410 2158.0
1367420 2159.0
1367430 2159.4
1367440 2159.5
1367450 2159.5
1367460 2159.8
1367470 2160.1
1367480 2160.1
1367490 2160.3
1367500 2160.6
1367510 2160.6
1367520 2160.8
1367530 2160.3
1367540 2160.3
1367550 2160.0
1367560 2159.5
1367570 2159.5
1367580 2156.8
1367590 2155.8
1367600 2155.8
1367610 2156.3
1367620 2154.0
1367630 2153.2
1367640 2153.2
1367650 2154.7
1367660 2154.6
1367670 2154.6
1367680 2155.0
1367690 2156.1
1367700 2156.1
1367710 2156.8
1367720 2157.4
1367730 2157.4
1367740 2158.3
1367750 2158.0
1367760 2158.0
1367770 2158.0
1367780 2160.0
1367790 2160.0
1367800 2159.9
1367810 2160.0
1367820 2158.6
1367830 2158.6
1367840 2157.0
1367850 2157.5
1367860 2157.5
1367870 2157.8
1367880 2157.7
1367890 2157.7
1367900 2157.9
1367910 2158.2
1367920 2158.2
1367930 2158.6
1367940 2158.8
1367950 2158.8
1367960 2159.2
1367970 2159.2
1367980 2159.2
1367990 2159.8
1368000 2160.5
1368010 2162.1
1368020 2162.1
1368030 2164.5
1368040 2166.2
1368050 2166.2
1368060 2162.4
1368070 2164.0
1368080 2164.0
1368090 2164.7
1368100 2165.8
1368110 2165.8
1368120 2167.1
1368130 2168.0
1368140 2168.0
1368150 2168.5
1368160 2169.1
1368170 2169.1
1368180 2169.3
1368190 2169.3
1368200 2169.3
1368210 2169.3
1368220 2169.2
1368230 2169.3
1368240 2169.3
1368250 2169.2
1368260 2168.8
1368270 2168.8
1368280 2167.8
1368290 2166.4
1368300 2166.4
1368310 2165.5
1368320 2164.9
1368330 2164.9
1368340 2164.4
1368350 2163.3
1368360 2163.3
1368370 2162.1
1368380 2161.6
1368390 2161.1
1368400 2161.1
1368410 2160.9
1368420 2160.8
1368430 2160.8
1368440 2160.4
1368450 2159.6
1368460 2159.6
1368470 2158.5
1368480 2157.5
1368490 2157.5
1368500 2156.7
1368510 2155.9
1368520 2155.9
1368530 2154.9
1368540 2154.3
1368550 2154.3
1368560 2153.4
1368570 2152.2
1368580 2151.3
1368590 2151.3
1368600 2150.4
1368610 2149.9
1368620 2149.9
1368630 2149.1
1368640 2148.1
1368650 2148.1
1368660 2146.9
1368670 2145.5
1368680 2145.5
1368690 2143.8
1368700 2142.5
1368710 2142.5
1368720 2141.1
1368730 2139.6
1368740 2139.6
1368750 2138.3
1368760 2137.0
1368770 2135.5
1368780 2135.5
1368790 2133.9
1368800 2132.0
1368810 2132.0
1368820 2129.3
1368830 2127.2
1368840 2127.2
1368850 2125.6
1368860 2123.8
1368870 2123.8
1368880 2121.7
1368890 2119.4
1368900 2119.4
1368910 2117.4
1368920 2116.2
1368930 2116.2
1368940 2114.8
1368950 2110.8
1368960 2107.0
1368970 2107.0
1368980 2107.6
1368990 2107.6
1369000 2107.6
1369010 2106.5
1369020 2105.6
1369030 2105.6
1369040 2104.8
1369050 2104.0
1369060 2104.0
1369070 2102.2
1369080 2100.1
1369090 2100.1
1369100 2098.6
1369110 2096.9
1369120 2096.9
1369130 2095.1
1369140 2093.1
1369150 2087.5
1369160 2085.1
1369170 2082.2
1369180 2079.3
1369190 2079.3
1369200 2076.2
1369210 2073.3
1369220 2073.3
1369230 2071.4
1369240 2068.6
1369250 2068.6
1369260 2063.5
1369270 2058.1
1369280 2058.1
1369290 2052.7
1369300 2047.5
1369310 2047.5
1369320 2041.5
1369330 2034.3
1369340 2034.3
1369350 2027.2
1369360 2021.2
1369370 2015.4
1369380 2015.4
1369390 2010.4
1369400 2003.5
1369410 2003.5
1369420 1994.8
1369430 1986.8
1369440 1986.8
1369450 1979.2
1369460 1977.2
1369470 1977.2
1369480 1981.5
1369490 1988.2
1369500 1988.2
1369510 1993.1
1369520 1996.5
1369530 1996.5
1369540 2000.4
1369550 2005.5
1369560 2011.0
1369570 2011.0
1369580 2012.8
1369590 2011.1
1369600 2011.1
1369610 2006.7
1369620 2002.6
1369630 2002.6
1369640 1998.3
1369650 1996.1
1369660 1996.1
1369670 1998.4
1369680 2000.5
1369690 2000.5
1369700 2001.6
1369710 2001.8
1369720 2001.8
1369730 2001.6
1369740 2001.5
1369750 2001.0
1369760 2001.0
1369770 1998.6
1369780 1996.6
1369790 1996.6
1369800 1995.5
1369810 1994.9
1369820 1994.9
1369830 1993.7
1369840 1993.0
1369850 1993.0
1369860 1991.1
1369870 1991.4
1369880 1991.4
1369890 1996.3
1369900 2002.8
1369910 2002.8
1369920 2007.6
1369930 2011.0
1369940 2011.4
1369950 2011.4
1369960 2007.2
1369970 2002.6
1369980 2002.6
1369990 1999.6
1370000 1997.4
1370010 1997.4
1370020 1997.9
1370030 2001.1
1370040 2001.1
1370050 2005.1
1370060 2009.2
1370070 2009.2
1370080 2014.7
1370090 2020.9
1370100 2020.9
1370110 2026.2
1370120 2028.8
1370130 2029.9
1370140 2029.9
1370150 2030.5
1370160 2031.0
1370170 2031.0
1370180 2031.6
1370190 2032.5
1370200 2032.5
1370210 2033.8
1370220 2035.4
1370230 2035.4
1370240 2036.3
1370250 2032.2
1370260 2032.2
1370270 2034.1
1370280 2035.3
1370290 2035.3
1370300 2034.9
1370310 2033.9
1370320 2033.1
1370330 2033.1
1370340 2032.5
1370350 2031.6
1370360 2031.6
1370370 2030.9
1370380 2029.9
1370390 2029.9
1370400 2027.8
1370410 2024.9
1370420 2024.9
1370430 2021.3
1370440 2015.1
1370450 2015.1
1370460 2010.8
1370470 2014.1
1370480 2014.1
1370490 2019.7
1370500 2022.2
1370510 2023.7
1370520 2023.7
1370530 2026.1
1370540 2026.6
1370550 2026.6
1370560 2025.4
1370570 2024.3
1370580 2024.3
1370590 2023.0
1370600 2021.4
1370610 2021.4
1370620 2019.9
1370630 2018.3
1370640 2018.3
1370650 2016.4
1370660 2014.6
1370670 2014.6
1370680 2012.9
1370690 2011.8
1370700 2011.0
1370710 2011.0
1370720 2010.0
1370730 2008.5
1370740 2008.5
1370750 2006.6
1370760 2004.7
1370770 2004.7
1370780 2002.7
1370790 2000.7
1370800 2000.7
1370810 1999.4
1370820 1998.4
1370830 1998.4
1370840 1997.0
1370850 1995.3
1370860 1995.3
1370870 1993.7
1370880 1992.2
1370890 1992.2
1370900 1991.1
1370910 1990.2
1370920 1989.7
1370930 1989.7
1370940 1988.3
1370950 1986.4
1370960 1986.4
1370970 1985.7
1370980 1984.6
1370990 1984.6
1371000 1982.3
1371010 1979.1
1371020 1979.1
1371030 1975.8
1371040 1972.0
1371050 1972.0
1371060 1972.6
1371070 1975.6
1371080 1975.6
1371090 1976.1
1371100 1975.4
1371110 1972.9
1371120 1972.9
1371130 1969.6
1371140 1965.2
1371150 1965.2
1371160 1958.8
1371170 1952.3
1371180 1952.3
1371190 1946.4
1371200 1940.1
1371210 1940.1
1371220 1933.4
1371230 1928.8
1371240 1928.8
1371250 1929.0
1371260 1931.1
1371270 1931.1
1371280 1935.4
1371290 1940.4
1371300 1945.8
1371310 1945.8
1371320 1950.1
1371330 1954.6
1371340 1954.6
1371350 1956.1
1371360 1949.3
1371370 1949.3
1371380 1948.7
1371390 1949.0
1371400 1949.0
1371410 1949.8
1371420 1949.5
1371430 1949.5
1371440 1948.6
1371450 1947.6
1371460 1947.6
1371470 1947.1
1371480 1946.4
1371490 1945.8
1371500 1945.8
1371510 1944.7
1371520 1943.8
1371530 1943.8
1371540 1943.3
1371550 1942.5
1371560 1942.5
1371570 1940.3
1371580 1940.3
1371590 1940.3
1371600 1940.0
1371610 1938.9
1371620 1938.9
1371630 1938.2
1371640 1937.2
1371650 1937.2
1371660 1937.8
1371670 1937.6
1371680 1936.8
1371690 1936.8
1371700 1934.5
1371710 1934.5
1371720 1934.5
1371730 1934.5
1371740 1934.2
1371750 1934.2
1371760 1933.5
1371770 1932.4
1371780 1932.4
1371790 1932.5
1371800 1931.8
1371810 1931.8
1371820 1928.8
1371830 1925.8
1371840 1925.8
1371850 1922.4
1371860 1915.8
1371870 1908.5
1371880 1908.5
1371890 1902.4
1371900 1898.3
1371910 1898.3
1371920 1894.2
1371930 1888.3
1371940 1888.3
1371950 1882.2
1371960 1877.5
1371970 1877.5
1371980 1875.3
1371990 1873.6
1372000 1873.6
1372010 1872.8
1372020 1872.1
1372030 1872.1
1372040 1872.1
1372050 1872.0
1372060 1866.2
1372070 1866.2
1372080 1857.2
1372090 1849.3
1372100 1849.3
1372110 1842.5
1372120 1836.3
1372130 1836.3
1372140 1830.2
1372150 1823.9
1372160 1823.9
1372170 1815.9
1372180 1807.6
1372190 1807.6
1372200 1800.4
1372210 1794.8
1372220 1794.8
1372230 1790.8
1372240 1785.8
1372250 1779.8
1372260 1779.8
1372270 1774.4
1372280 1768.3
1372290 1768.3
1372300 1760.6
1372310 1752.4
1372320 1752.4
1372330 1744.3
1372340 1737.0
1372350 1737.0
1372360 1730.8
1372370 1724.6
1372380 1724.6
1372390 1722.9
1372400 1724.8
1372410 1724.8
1372420 1725.0
1372430 1724.2
1372440 1725.2
1372450 1725.2
1372460 1725.6
1372470 1723.9
1372480 1716.4
1372490 1715.3
1372500 1716.5
1372510 1716.5
1372520 1717.1
1372530 1713.8
1372540 1713.8
1372550 1708.9
1372560 1703.2
1372570 1703.2
1372580 1697.4
1372590 1690.9
1372600 1690.9
1372610 1683.5
1372620 1676.4
1372630 1669.8
1372640 1669.8
1372650 1663.4
1372660 1656.8
1372670 1656.8
1372680 1650.1
1372690 1643.5
1372700 1643.5
1372710 1637.0
1372720 1630.6
1372730 1630.6
1372740 1624.3
1372750 1618.6
1372760 1618.6
1372770 1613.1
1372780 1607.7
1372790 1607.7
1372800 1600.6
1372810 1593.3
1372820 1587.0
1372830 1587.0
1372840 1580.5
1372850 1573.8
1372860 1573.8
1372870 1567.9
1372880 1562.9
1372890 1562.9
1372900 1558.7
1372910 1554.9
1372920 1554.9
1372930 1551.4
1372940 1549.8
1372950 1549.8
1372960 1549.5
1372970 1548.7
1372980 1548.7
1372990 1543.9
1373000 1537.7
1373010 1537.7
1373020 1533.1
1373030 1529.9
1373040 1526.3
1373050 1526.3
1373060 1521.9
1373070 1517.5
1373080 1517.5
1373090 1512.6
1373100 1508.1
1373110 1508.1
1373120 1501.4
1373130 1499.5
1373140 1499.5
1373150 1504.0
1373160 1509.0
1373170 1509.0
1373180 1516.6
1373190 1522.3
1373200 1522.3
1373210 1528.0
1373220 1534.1
1373230 1539.8
1373240 1539.8
1373250 1546.5
1373260 1554.0
1373270 1554.0
1373280 1562.0
1373290 1570.1
1373300 1570.1
1373310 1578.0
1373320 1586.8
1373330 1586.8
1373340 1595.7
1373350 1603.7
1373360 1603.7
1373370 1611.5
1373380 1620.8
1373390 1620.8
1373400 1629.7
1373410 1639.8
1373420 1651.7
1373430 1651.7
1373440 1660.3
1373450 1666.5
1373460 1666.5
1373470 1673.6
1373480 1680.7
1373490 1680.7
1373500 1687.5
1373510 1693.6
1373520 1693.6
1373530 1699.7
1373540 1704.5
1373550 1704.5
1373560 1709.7
1373570 1714.2
1373580 1714.2
1373590 1719.4
1373600 1725.2
1373610 1731.4
1373620 1730.5
1373630 1735.8
1373640 1739.5
1373650 1739.5
1373660 1743.2
1373670 1747.1
1373680 1747.1
1373690 1751.9
1373700 1756.6
1373710 1756.6
1373720 1761.3
1373730 1765.9
1373740 1765.9
1373750 1768.6
1373760 1770.6
1373770 1770.6
1373780 1772.2
1373790 1774.5
1373800 1777.0
1373810 1777.0
1373820 1778.1
1373830 1776.5
1373840 1776.5
1373850 1779.7
1373860 1785.7
1373870 1785.7
1373880 1791.2
1373890 1794.6
1373900 1794.6
1373910 1798.2
1373920 1803.1
1373930 1803.1
1373940 1807.5
1373950 1811.8
1373960 1811.8
1373970 1815.8
1373980 1819.7
1373990 1823.7
1374000 1823.7
1374010 1828.0
1374020 1833.3
1374030 1833.3
1374040 1837.4
1374050 1839.0
1374060 1839.0
1374070 1841.1
1374080 1843.5
1374090 1843.5
1374100 1845.4
1374110 1848.6
1374120 1848.6
1374130 1852.9
1374140 1854.3
1374150 1854.3
1374160 1853.8
1374170 1852.0
1374180 1850.6
1374190 1850.6
1374200 1849.7
1374210 1846.0
1374220 1846.0
1374230 1842.9
1374240 1834.2
1374250 1834.2
1374260 1826.5
1374270 1820.2
1374280 1820.2
1374290 1816.3
1374300 1812.0
1374310 1812.0
1374320 1809.7
1374330 1811.0
1374340 1811.0
1374350 1810.8
1374360 1816.8
1374370 1826.4
1374380 1826.4
1374390 1843.5
1374400 1855.8
1374410 1855.8
1374420 1867.4
1374430 1874.8
1374440 1874.8
1374450 1876.1
1374460 1875.4
1374470 1875.4
1374480 1872.1
1374490 1869.0
1374500 1869.0
1374510 1866.9
1374520 1862.9
1374530 1862.9
1374540 1856.5
1374550 1851.1
1374560 1843.5
1374570 1843.5
1374580 1835.8
1374590 1830.5
1374600 1830.5
1374610 1824.6
1374620 1819.3
1374630 1819.3
1374640 1814.6
1374650 1811.1
1374660 1811.1
1374670 1809.6
1374680 1807.0
1374690 1807.0
1374700 1803.7
1374710 1802.0
1374720 1802.0
1374730 1800.3
1374740 1798.2
1374750 1796.5
1374760 1789.4
1374770 1784.2
1374780 1764.6
1374790 1764.6
1374800 1750.1
1374810 1742.8
1374820 1742.8
1374830 1735.7
1374840 1726.6
1374850 1726.6
1374860 1718.0
1374870 1709.9
1374880 1709.9
1374890 1701.4
1374900 1692.6
1374910 1692.6
1374920 1684.4
1374930 1676.6
1374940 1676.6
1374950 1670.4
1374960 1671.9
1374970 1682.0
1374980 1682.0
1374990 1690.8
1375000 1700.4
1375010 1700.4
1375020 1715.3
1375030 1728.9
1375040 1728.9
1375050 1739.1
1375060 1751.5
1375070 1751.5
1375080 1761.4
1375090 1782.7
1375100 1782.7
1375110 1803.7
1375120 1817.2
1375130 1817.2
1375140 1824.9
1375150 1833.6
1375160 1841.2
1375170 1841.2
1375180 1848.4
1375190 1855.9
1375200 1855.9
1375210 1861.7
1375220 1867.3
1375230 1867.3
1375240 1871.4
1375250 1874.6
1375260 1874.6
1375270 1876.3
1375280 1874.9
1375290 1874.9
1375300 1871.9
1375310 1869.0
1375320 1869.0
1375330 1868.7
1375340 1871.1
1375350 1874.3
1375360 1874.3
1375370 1877.8
1375380 1881.2
1375390 1881.2
1375400 1883.7
1375410 1884.4
1375420 1884.4
1375430 1884.1
1375440 1883.1
1375450 1883.1
1375460 1881.6
1375470 1880.5
1375480 1880.5
1375490 1879.3
1375500 1878.2
1375510 1878.2
1375520 1877.9
1375530 1878.8
1375540 1880.7
1375550 1880.7
1375560 1880.6
1375570 1878.2
1375580 1878.2
1375590 1876.6
1375600 1878.0
1375610 1878.0
1375620 1880.5
1375630 1881.2
1375640 1881.2
1375650 1880.8
1375660 1881.9
1375670 1881.9
1375680 1884.2
1375690 1887.1
1375700 1887.1
1375710 1886.7
1375720 1884.0
1375730 1879.0
1375740 1879.0
1375750 1874.7
1375760 1871.7
1375770 1871.7
1375780 1870.1
1375790 1870.1
1375800 1870.1
1375810 1869.6
1375820 1868.9
1375830 1868.9
1375840 1872.8
1375850 1878.1
1375860 1878.1
1375870 1882.7
1375880 1887.6
1375890 1887.6
1375900 1891.8
1375910 1896.1
1375920 1891.7
1375930 1891.7
1375940 1895.0
1375950 1897.9
1375960 1897.9
1375970 1902.0
1375980 1902.9
1375990 1902.9
1376000 1904.5
1376010 1910.6
1376020 1910.6
1376030 1913.7
1376040 1916.6
1376050 1916.6
1376060 1919.6
1376070 1920.8
1376080 1920.8
1376090 1922.4
1376100 1925.7
1376110 1928.9
1376120 1928.9
1376130 1931.7
1376140 1932.6
1376150 1932.6
1376160 1933.5
1376170 1934.6
1376180 1934.6
1376190 1937.0
1376200 1940.4
1376210 1940.4
1376220 1942.1
1376230 1943.7
1376240 1943.7
1376250 1944.9
1376260 1946.3
1376270 1946.3
1376280 1946.5
1376290 1946.5
1376300 1948.3
1376310 1948.3
1376320 1950.0
1376330 1951.9
1376340 1951.9
1376350 1954.4
1376360 1956.2
1376370 1956.2
1376380 1957.9
1376390 1959.2
1376400 1959.2
1376410 1960.1
1376420 1960.8
1376430 1960.8
1376440 1961.6
1376450 1964.3
1376460 1964.3
1376470 1967.3
1376480 1970.7
1376490 1973.6
1376500 1973.6
1376510 1975.8
1376520 1977.2
1376530 1977.2
1376540 1979.0
1376550 1980.2
1376560 1980.2
1376570 1981.8
1376580 1984.1
1376590 1984.1
1376600 1987.0
1376610 1989.3
1376620 1989.3
1376630 1990.9
1376640 1992.0
1376650 1992.0
1376660 1993.7
1376670 1995.2
1376680 1996.1
1376690 1996.1
1376700 1996.1
1376710 1996.3
1376720 1996.3
1376730 1996.3
1376740 1996.1
1376750 1996.1
1376760 1996.0
1376770 1995.5
1376780 1995.5
1376790 1995.6
1376800 1996.8
1376810 1996.8
1376820 1997.7
1376830 1998.3
1376840 1998.3
1376850 1998.3
1376860 2003.4
1376870 2007.8
1376880 2007.8
1376890 2006.2
1376900 2005.7
1376910 2005.7
1376920 2004.2
1376930 1996.6
1376940 1996.6
1376950 1987.3
1376960 1980.0
1376970 1980.0
1376980 1973.6
1376990 1968.6
1377000 1968.6
1377010 1967.0
1377020 1964.4
1377030 1964.4
1377040 1961.2
1377050 1958.2
1377060 1958.2
1377070 1956.2
1377080 1950.5
1377090 1940.5
1377100 1940.5
1377110 1930.9
1377120 1925.0
1377130 1925.0
1377140 1924.3
1377150 1926.0
1377160 1926.0
1377170 1924.9
1377180 1925.3
1377190 1925.3
1377200 1927.3
1377210 1926.7
1377220 1926.7
1377230 1928.5
1377240 1928.5
1377250 1928.5
1377260 1926.8
1377270 1929.8
1377280 1934.0
1377290 1934.0
1377300 1941.9
1377310 1944.6
1377320 1944.6
1377330 1933.8
1377340 1918.7
1377350 1918.7
1377360 1914.1
1377370 1913.1
1377380 1913.1
1377390 1909.2
1377400 1909.7
1377410 1909.7
1377420 1911.7
1377430 1915.3
1377440 1915.3
1377450 1917.2
1377460 1919.1
1377470 1920.0
1377480 1920.0
1377490 1919.3
1377500 1916.7
1377510 1916.7
1377520 1911.8
1377530 1907.2
1377540 1907.2
1377550 1902.7
1377560 1900.9
1377570 1900.9
1377580 1900.8
1377590 1900.1
1377600 1900.1
1377610 1896.9
1377620 1895.4
1377630 1895.4
1377640 1894.6
1377650 1893.6
1377660 1892.6
1377670 1892.6
1377680 1891.2
1377690 1889.5
1377700 1889.5
1377710 1886.6
1377720 1883.1
1377730 1883.1
1377740 1879.7
1377750 1876.0
1377760 1876.0
1377770 1870.6
1377780 1864.9
1377790 1864.9
1377800 1863.4
1377810 1863.7
1377820 1863.7
1377830 1863.0
1377840 1860.7
1377850 1858.4
1377860 1858.4
1377870 1856.2
1377880 1853.9
1377890 1853.9
1377900 1852.1
1377910 1849.2
1377920 1849.2
1377930 1845.7
1377940 1841.7
1377950 1841.7
1377960 1836.9
1377970 1833.2
1377980 1833.2
1377990 1829.8
1378000 1826.4
1378010 1826.4
1378020 1823.1
1378030 1820.1
1378040 1817.4
1378050 1817.4
1378060 1814.2
1378070 1810.2
1378080 1810.2
1378090 1805.6
1378100 1798.1
1378110 1798.1
1378120 1795.0
1378130 1793.0
1378140 1793.0
1378150 1790.0
1378160 1784.6
1378170 1784.6
1378180 1773.4
1378190 1761.1
1378200 1761.1
1378210 1754.5
1378220 1749.7
1378230 1750.9
1378240 1750.9
1378250 1756.1
1378260 1766.8
1378270 1768.8
1378280 1776.5
1378290 1782.9
1378300 1782.9
1378310 1789.1
1378320 1799.7
1378330 1799.7
1378340 1808.4
1378350 1812.4
1378360 1812.4
1378370 1812.8
1378380 1813.4
1378390 1813.4
1378400 1817.0
1378410 1822.1
1378420 1823.6
1378430 1823.6
1378440 1822.9
1378450 1823.1
1378460 1823.1
1378470 1822.7
1378480 1822.7
1378490 1822.7
1378500 1823.1
1378510 1822.0
1378520 1822.0
1378530 1820.4
1378540 1819.8
1378550 1819.8
1378560 1819.0
1378570 1817.6
1378580 1817.6
1378590 1816.9
1378600 1816.4
1378610 1815.1
1378620 1815.1
1378630 1813.9
1378640 1812.8
1378650 1812.8
1378660 1811.2
1378670 1809.2
1378680 1809.2
1378690 1806.5
1378700 1800.0
1378710 1800.0
1378720 1799.2
1378730 1800.1
1378740 1800.1
1378750 1798.4
1378760 1800.1
1378770 1800.1
1378780 1797.2
1378790 1793.7
1378800 1794.9
1378810 1794.9
1378820 1794.5
1378830 1793.9
1378840 1793.9
1378850 1793.3
1378860 1791.5
1378870 1791.5
1378880 1791.4
1378890 1791.1
1378900 1791.1
1378910 1791.8
1378920 1792.4
1378930 1792.4
1378940 1792.3
1378950 1792.8
1378960 1792.8
1378970 1793.8
1378980 1795.6
1378990 1795.6
1379000 1795.5
1379010 1793.6
1379020 1796.4
1379030 1796.4
1379040 1798.2
1379050 1798.5
1379060 1798.5
1379070 1797.8
1379080 1797.1
1379090 1797.1
1379100 1797.4
1379110 1798.0
1379120 1798.0
1379130 1797.3
1379140 1794.8
1379150 1794.8
1379160 1793.3
1379170 1794.0
1379180 1794.0
1379190 1794.5
1379200 1794.3
1379210 1792.8
1379220 1792.8
1379230 1790.4
1379240 1786.9
1379250 1786.9
1379260 1784.2
1379270 1783.3
1379280 1783.3
1379290 1781.4
1379300 1778.3
1379310 1778.3
1379320 1775.5
1379330 1773.5
1379340 1773.5
1379350 1771.6
1379360 1769.7
1379370 1769.7
1379380 1767.1
1379390 1763.9
1379400 1763.3
1379410 1763.3
1379420 1764.7
1379430 1764.3
1379440 1764.3
1379450 1765.4
1379460 1766.0
1379470 1760.5
1379480 1760.4
1379490 1759.3
1379500 1759.3
1379510 1759.0
1379520 1758.0
1379530 1758.0
1379540 1757.1
1379550 1756.8
1379560 1756.8
1379570 1756.6
1379580 1756.3
1379590 1756.2
1379600 1756.2
1379610 1755.5
1379620 1753.9
1379630 1753.9
1379640 1752.3
1379650 1750.6
1379660 1750.6
1379670 1749.1
1379680 1747.8
1379690 1747.8
1379700 1746.7
1379710 1745.9
1379720 1745.9
1379730 1745.5
1379740 1744.9
1379750 1744.9
1379760 1743.9
1379770 1741.9
1379780 1739.3
1379790 1739.3
1379800 1735.7
1379810 1732.4
1379820 1732.4
1379830 1728.7
1379840 1730.8
1379850 1730.8
1379860 1730.6
1379870 1729.7
1379880 1729.7
1379890 1729.5
1379900 1730.0
1379910 1730.0
1379920 1729.1
1379930 1727.3
1379940 1727.3
1379950 1726.0
1379960 1723.3
1379970 1716.4
1379980 1716.4
1379990 1711.0
