1360000 2190.4
1360010 2184.9
1360020 2178.1
1360030 2178.1
1360040 2169.8
1360050 2162.4
1360060 2162.4
1360070 2155.7
1360080 2147.4
1360090 2147.4
1360100 2140.0
1360110 2132.0
1360120 2132.0
1360130 2123.9
1360140 2114.7
1360150 2114.7
1360160 2110.0
1360170 2105.3
1360180 2100.2
1360190 2100.2
1360200 2095.4
1360210 2090.1
1360220 2090.1
1360230 2084.5
1360240 2078.7
1360250 2078.7
1360260 2071.3
1360270 2053.0
1360280 2053.0
1360290 2048.2
1360300 2037.8
1360310 2037.8
1360320 2025.2
1360330 2013.0
1360340 2013.0
1360350 2002.7
1360360 1994.0
1360370 1987.7
1360380 1987.7
1360390 1982.8
1360400 1980.2
1360410 1980.2
1360420 1980.1
1360430 1978.9
1360440 1978.9
1360450 1985.7
1360460 1986.0
1360470 1986.0
1360480 1985.7
1360490 1976.9
1360500 1976.9
1360510 1969.2
1360520 1962.1
1360530 1962.1
1360540 1954.3
1360550 1946.6
1360560 1939.9
1360570 1939.9
1360580 1932.7
1360590 1926.0
1360600 1926.0
1360610 1920.0
1360620 1914.1
1360630 1914.1
1360640 1907.3
1360650 1899.8
1360660 1899.8
1360670 1892.8
1360680 1886.6
1360690 1886.6
1360700 1877.8
1360710 1865.9
1360720 1865.9
1360730 1854.3
1360740 1844.9
1360750 1839.4
1360760 1839.4
1360770 1834.2
1360780 1827.4
1360790 1827.4
1360800 1820.5
1360810 1811.3
1360820 1811.3
1360830 1799.7
1360840 1789.9
1360850 1789.9
1360860 1783.4
1360870 1779.5
1360880 1779.5
1360890 1775.9
1360900 1770.9
1360910 1770.9
1360920 1768.9
1360930 1768.4
1360940 1766.3
1360950 1766.3
1360960 1764.0
1360970 1763.7
1360980 1763.7
1360990 1764.4
1361000 1766.1
1361010 1766.1
1361020 1764.0
1361030 1759.8
1361040 1759.8
1361050 1756.8
1361060 1754.3
1361070 1754.3
1361080 1751.3
1361090 1747.4
1361100 1747.4
1361110 1742.3
1361120 1737.0
1361130 1733.8
1361140 1733.8
1361150 1733.7
1361160 1732.2
1361170 1732.2
1361180 1729.3
1361190 1725.5
1361200 1725.5
1361210 1721.0
1361220 1716.3
1361230 1716.3
1361240 1712.0
1361250 1707.8
1361260 1707.8
1361270 1702.7
1361280 1696.9
1361290 1696.9
1361300 1694.4
1361310 1688.9
1361320 1683.4
1361330 1683.4
1361340 1678.9
1361350 1675.9
1361360 1675.9
1361370 1674.4
1361380 1672.8
1361390 1672.8
1361400 1671.1
1361410 1670.2
1361420 1670.2
1361430 1668.8
1361440 1668.5
1361450 1668.5
1361460 1669.4
1361470 1669.2
1361480 1669.2
1361490 1668.1
1361500 1666.7
1361510 1664.4
1361520 1664.4
1361530 1661.5
1361540 1659.0
1361550 1659.0
1361560 1655.9
1361570 1652.7
1361580 1652.7
1361590 1649.0
1361600 1646.4
1361610 1646.4
1361620 1643.2
1361630 1640.9
1361640 1640.9
1361650 1638.8
1361660 1636.9
1361670 1636.9
1361680 1636.0
1361690 1635.6
1361700 1635.8
1361710 1635.8
1361720 1636.7
1361730 1637.7
1361740 1637.7
1361750 1638.9
1361760 1638.0
1361770 1638.0
1361780 1635.7
1361790 1634.3
1361800 1634.3
1361810 1633.5
1361820 1632.8
1361830 1632.8
1361840 1632.1
1361850 1632.1
1361860 1632.1
1361870 1632.0
1361880 1631.3
1361890 1631.3
1361900 1631.5
1361910 1633.1
1361920 1636.2
1361930 1636.2
1361940 1640.7
1361950 1645.0
1361960 1645.0
1361970 1647.4
1361980 1649.2
1361990 1649.2
1362000 1649.4
1362010 1647.0
1362020 1647.0
1362030 1643.5
1362040 1640.8
1362050 1640.8
1362060 1641.3
1362070 1644.0
1362080 1644.0
1362090 1647.0
1362100 1651.0
1362110 1652.2
1362120 1652.2
1362130 1649.0
1362140 1648.4
1362150 1648.4
1362160 1650.5
1362170 1652.9
1362180 1652.9
1362190 1653.4
1362200 1651.3
1362210 1651.3
1362220 1647.4
1362230 1644.4
1362240 1644.4
1362250 1649.9
1362260 1653.1
1362270 1653.1
1362280 1651.6
1362290 1651.7
1362300 1656.1
1362310 1656.1
1362320 1659.9
1362330 1654.3
1362340 1654.3
1362350 1653.4
1362360 1655.4
1362370 1655.4
1362380 1657.5
1362390 1658.1
1362400 1658.1
1362410 1658.5
1362420 1658.0
1362430 1658.0
1362440 1657.8
1362450 1657.6
1362460 1657.6
1362470 1658.7
1362480 1660.4
1362490 1660.9
1362500 1660.9
1362510 1661.0
1362520 1662.4
1362530 1662.4
1362540 1664.9
1362550 1668.6
1362560 1668.6
1362570 1673.5
1362580 1675.8
1362590 1675.8
1362600 1675.7
1362610 1677.1
1362620 1677.1
1362630 1678.5
1362640 1680.1
1362650 1680.1
1362660 1682.1
1362670 1684.7
1362680 1689.2
1362690 1689.2
1362700 1691.8
1362710 1696.3
1362720 1696.3
1362730 1702.1
1362740 1703.6
1362750 1703.6
1362760 1702.4
1362770 1701.8
1362780 1701.8
1362790 1695.9
1362800 1696.9
1362810 1696.9
1362820 1698.6
1362830 1700.1
1362840 1700.1
1362850 1707.2
1362860 1712.2
1362870 1713.5
1362880 1713.5
1362890 1711.6
1362900 1705.1
1362910 1705.1
1362920 1701.9
1362930 1713.2
1362940 1713.2
1362950 1712.1
1362960 1708.3
1362970 1708.3
1362980 1707.9
1362990 1711.1
1363000 1711.1
1363010 1709.3
1363020 1710.7
1363030 1710.7
1363040 1717.0
1363050 1717.6
1363060 1732.8
1363070 1732.8
1363080 1745.0
1363090 1747.5
1363100 1747.5
1363110 1746.6
1363120 1747.3
1363130 1747.3
1363140 1745.6
1363150 1737.5
1363160 1737.5
1363170 1732.7
1363180 1731.8
1363190 1731.8
1363200 1732.1
1363210 1729.8
1363220 1729.8
1363230 1733.4
1363240 1736.8
1363250 1740.0
1363260 1740.0
1363270 1742.1
1363280 1743.7
1363290 1743.7
1363300 1745.1
1363310 1746.2
1363320 1746.2
1363330 1747.8
1363340 1750.1
1363350 1750.1
1363360 1752.0
1363370 1747.4
1363380 1747.4
1363390 1749.4
1363400 1751.7
1363410 1751.7
1363420 1753.6
1363430 1755.0
1363440 1755.5
1363450 1755.5
1363460 1755.4
1363470 1754.9
1363480 1754.9
1363490 1753.8
1363500 1752.1
1363510 1752.1
1363520 1751.3
1363530 1751.1
1363540 1751.1
1363550 1751.0
1363560 1749.6
1363570 1749.6
1363580 1747.6
1363590 1745.0
1363600 1745.0
1363610 1743.8
1363620 1743.4
1363630 1743.7
1363640 1743.7
1363650 1743.2
1363660 1743.7
1363670 1743.7
1363680 1746.0
1363690 1748.0
1363700 1748.0
1363710 1748.9
1363720 1750.6
1363730 1750.6
1363740 1755.7
1363750 1761.0
1363760 1761.0
1363770 1763.0
1363780 1765.4
1363790 1765.4
1363800 1774.6
1363810 1778.9
1363820 1779.1
1363830 1779.1
1363840 1782.6
1363850 1789.7
1363860 1789.7
1363870 1796.6
1363880 1804.1
1363890 1804.1
1363900 1809.4
1363910 1808.3
1363920 1808.3
1363930 1804.4
1363940 1803.6
1363950 1803.6
1363960 1806.2
1363970 1812.9
1363980 1812.9
1363990 1822.1
1364000 1813.3
1364010 1813.3
1364020 1812.1
1364030 1811.6
1364040 1812.1
1364050 1812.1
1364060 1814.0
1364070 1819.3
1364080 1819.3
1364090 1824.0
1364100 1831.7
1364110 1831.7
1364120 1835.0
1364130 1824.1
1364140 1824.1
1364150 1819.2
1364160 1824.0
1364170 1824.0
1364180 1839.5
1364190 1855.0
1364200 1855.0
1364210 1865.5
1364220 1872.9
1364230 1877.7
1364240 1877.7
1364250 1880.6
1364260 1882.8
1364270 1882.8
1364280 1884.5
1364290 1883.4
1364300 1883.4
1364310 1875.2
1364320 1874.3
1364330 1874.3
1364340 1872.7
1364350 1871.0
1364360 1871.0
1364370 1868.7
1364380 1865.5
1364390 1865.5
1364400 1860.8
1364410 1853.8
1364420 1837.4
1364430 1837.4
1364440 1830.2
1364450 1827.4
1364460 1827.4
1364470 1826.6
1364480 1825.7
1364490 1825.7
1364500 1825.5
1364510 1824.0
1364520 1824.0
1364530 1822.1
1364540 1819.9
1364550 1819.9
1364560 1817.8
1364570 1817.1
1364580 1817.1
1364590 1816.3
1364600 1814.5
1364610 1811.7
1364620 1811.7
1364630 1807.0
1364640 1797.7
1364650 1797.7
1364660 1787.1
1364670 1779.8
1364680 1779.8
1364690 1770.4
1364700 1764.0
1364710 1764.0
1364720 1767.1
1364730 1778.3
1364740 1778.3
1364750 1787.8
1364760 1796.5
1364770 1796.5
1364780 1805.3
1364790 1814.6
1364800 1823.4
1364810 1823.4
1364820 1831.8
1364830 1844.5
1364840 1844.5
1364850 1860.8
1364860 1873.0
1364870 1873.0
1364880 1877.1
1364890 1879.3
1364900 1879.3
1364910 1880.6
1364920 1881.3
1364930 1881.3
1364940 1882.2
1364950 1883.9
1364960 1883.9
1364970 1886.2
1364980 1888.8
1364990 1890.9
1365000 1890.9
1365010 1891.5
1365020 1892.3
1365030 1892.3
1365040 1892.4
1365050 1891.1
1365060 1891.1
1365070 1890.8
1365080 1890.5
1365090 1890.5
1365100 1889.5
1365110 1886.5
1365120 1886.5
1365130 1882.4
1365140 1881.1
1365150 1881.1
1365160 1882.9
1365170 1886.4
1365180 1884.7
1365190 1884.7
1365200 1880.1
1365210 1872.7
1365220 1872.7
1365230 1870.3
1365240 1872.2
1365250 1872.2
1365260 1871.5
1365270 1867.2
1365280 1867.2
1365290 1867.9
1365300 1870.1
1365310 1870.1
1365320 1872.5
1365330 1873.4
1365340 1873.4
1365350 1871.8
1365360 1870.2
1365370 1867.4
1365380 1867.4
1365390 1862.2
1365400 1854.8
1365410 1854.8
1365420 1852.1
1365430 1855.9
1365440 1855.9
1365450 1857.5
1365460 1858.0
1365470 1840.6
1365480 1840.7
1365490 1839.6
1365500 1839.6
1365510 1837.5
1365520 1834.0
1365530 1834.0
1365540 1831.5
1365550 1826.0
1365560 1822.9
1365570 1822.9
1365580 1825.6
1365590 1828.0
1365600 1828.0
1365610 1822.7
1365620 1819.8
1365630 1819.8
1365640 1812.3
1365650 1805.6
1365660 1805.6
1365670 1809.6
1365680 1815.6
1365690 1815.6
1365700 1811.8
1365710 1804.6
1365720 1804.6
1365730 1793.4
1365740 1787.9
1365750 1781.9
1365760 1781.9
1365770 1789.9
1365780 1802.7
1365790 1802.7
1365800 1801.0
1365810 1794.7
1365820 1794.7
1365830 1799.9
1365840 1808.2
1365850 1808.2
1365860 1802.2
1365870 1798.9
1365880 1798.9
1365890 1798.9
1365900 1802.7
1365910 1802.7
1365920 1797.1
1365930 1798.2
1365940 1798.2
1365950 1802.8
1365960 1805.5
1365970 1812.5
1365980 1812.5
1365990 1813.0
1366000 1813.2
1366010 1813.2
1366020 1810.5
1366030 1801.8
1366040 1801.8
1366050 1800.9
1366060 1800.5
1366070 1800.5
1366080 1799.8
1366090 1801.1
1366100 1801.1
1366110 1800.8
1366120 1798.2
1366130 1798.2
1366140 1796.1
1366150 1794.3
1366160 1791.4
1366170 1791.4
1366180 1788.8
1366190 1789.4
1366200 1789.4
1366210 1789.9
1366220 1788.6
1366230 1788.6
1366240 1789.7
1366250 1793.6
1366260 1793.6
1366270 1795.3
1366280 1795.5
1366290 1795.5
1366300 1795.9
1366310 1796.5
1366320 1796.5
1366330 1796.1
1366340 1796.0
1366350 1796.5
1366360 1796.5
1366370 1794.0
1366380 1791.4
1366390 1791.4
1366400 1789.1
1366410 1784.6
1366420 1784.6
1366430 1779.7
1366440 1775.5
1366450 1775.5
1366460 1786.0
1366470 1799.4
1366480 1799.4
1366490 1803.3
1366500 1797.9
1366510 1797.9
1366520 1784.2
1366530 1772.2
1366540 1752.1
1366550 1752.1
1366560 1752.6
1366570 1762.1
1366580 1762.1
1366590 1772.4
1366600 1776.5
1366610 1776.5
1366620 1787.9
1366630 1799.9
1366640 1799.9
1366650 1813.0
1366660 1825.5
1366670 1825.5
1366680 1830.8
1366690 1838.4
1366700 1838.4
1366710 1848.8
1366720 1856.5
1366730 1874.3
1366740 1874.3
1366750 1889.8
1366760 1894.8
1366770 1894.8
1366780 1896.8
1366790 1898.8
1366800 1898.8
1366810 1902.7
1366820 1905.5
1366830 1905.5
1366840 1913.5
1366850 1930.4
1366860 1930.4
1366870 1937.3
1366880 1940.2
1366890 1940.2
1366900 1940.9
1366910 1943.4
1366920 1946.2
1366930 1946.2
1366940 1947.7
1366950 1947.5
1366960 1947.5
1366970 1947.1
1366980 1947.6
1366990 1947.6
1367000 1947.1
1367010 1946.4
1367020 1946.4
1367030 1945.9
1367040 1946.1
1367050 1946.1
1367060 1947.5
1367070 1948.2
1367080 1948.2
1367090 1948.1
1367100 1948.9
1367110 1950.0
1367120 1950.0
1367130 1950.1
1367140 1949.9
1367150 1949.9
1367160 1950.9
1367170 1951.9
1367180 1951.9
1367190 1953.5
1367200 1955.0
1367210 1955.0
1367220 1955.9
1367230 1956.8
1367240 1956.8
1367250 1957.8
1367260 1957.4
1367270 1957.4
1367280 1957.1
1367290 1957.0
1367300 1955.4
1367310 1955.4
1367320 1955.4
1367330 1955.2
1367340 1955.2
1367350 1955.2
1367360 1954.7
1367370 1954.7
1367380 1954.2
1367390 1953.7
1367400 1953.7
1367410 1954.8
1367420 1955.8
1367430 1955.8
1367440 1955.9
1367450 1954.5
1367460 1954.5
1367470 1956.2
1367480 1957.5
1367490 1957.0
1367500 1957.0
1367510 1957.2
1367520 1957.0
1367530 1957.0
1367540 1955.8
1367550 1953.2
1367560 1953.2
1367570 1949.1
1367580 1951.4
1367590 1951.4
1367600 1956.3
1367610 1955.1
1367620 1945.8
1367630 1944.7
1367640 1942.7
1367650 1942.7
1367660 1940.8
1367670 1939.8
1367680 1937.9
1367690 1937.9
1367700 1935.9
1367710 1936.7
1367720 1936.7
1367730 1937.6
1367740 1938.5
1367750 1938.5
1367760 1940.7
1367770 1943.4
1367780 1943.4
1367790 1946.7
1367800 1950.1
1367810 1950.1
1367820 1952.1
1367830 1953.9
1367840 1953.9
1367850 1953.1
1367860 1951.3
1367870 1955.2
1367880 1955.2
1367890 1959.4
1367900 1960.8
1367910 1960.8
1367920 1962.9
1367930 1965.3
1367940 1965.3
1367950 1966.5
1367960 1964.6
1367970 1964.6
1367980 1967.1
1367990 1970.8
1368000 1970.8
1368010 1973.4
1368020 1975.5
1368030 1975.5
1368040 1977.9
1368050 1979.9
1368060 1979.9
1368070 1981.6
1368080 1983.3
1368090 1985.8
1368100 1985.8
1368110 1988.6
1368120 1991.7
1368130 1991.7
1368140 1992.7
1368150 1993.0
1368160 1993.0
1368170 1994.8
1368180 1997.3
1368190 1997.3
1368200 1999.8
1368210 2002.0
1368220 2002.0
1368230 2004.1
1368240 2005.7
1368250 2005.7
1368260 2007.2
1368270 2008.4
1368280 2009.2
1368290 2009.2
1368300 2010.5
1368310 2011.9
1368320 2011.9
1368330 2012.3
1368340 2012.2
1368350 2012.2
1368360 2012.4
1368370 2012.3
1368380 2012.3
1368390 2011.6
1368400 2010.0
1368410 2010.0
1368420 2010.3
1368430 2010.0
1368440 2010.0
1368450 2009.5
1368460 2008.7
1368470 2007.9
1368480 2007.9
1368490 2007.6
1368500 2006.9
1368510 2006.9
1368520 2005.9
1368530 2004.8
1368540 2004.8
1368550 2003.9
1368560 2003.3
1368570 2003.3
1368580 2002.1
1368590 2000.7
1368600 2000.7
1368610 1999.0
1368620 1997.3
1368630 1997.3
1368640 1995.6
1368650 1993.7
1368660 1991.2
1368670 1991.2
1368680 1988.1
1368690 1985.9
1368700 1982.1
1368710 1979.9
1368720 1977.1
1368730 1977.1
1368740 1974.8
1368750 1973.2
1368760 1973.2
1368770 1971.7
1368780 1968.8
1368790 1968.8
1368800 1965.8
1368810 1963.3
1368820 1963.3
1368830 1961.5
1368840 1959.1
1368850 1956.7
1368860 1956.7
1368870 1953.4
1368880 1949.8
1368890 1949.8
1368900 1946.9
1368910 1944.1
1368920 1944.1
1368930 1941.9
1368940 1939.6
1368950 1939.6
1368960 1936.3
1368970 1932.0
1368980 1932.0
1368990 1929.3
1369000 1928.6
1369010 1928.6
1369020 1927.4
1369030 1925.5
1369040 1921.4
1369050 1921.4
1369060 1916.9
1369070 1914.3
1369080 1914.3
1369090 1914.5
1369100 1914.7
1369110 1914.7
1369120 1915.4
1369130 1914.6
1369140 1914.6
1369150 1910.0
1369160 1905.9
1369170 1905.9
1369180 1905.7
1369190 1904.0
1369200 1904.0
1369210 1901.9
1369220 1900.6
1369230 1901.5
1369240 1901.5
1369250 1901.3
1369260 1900.5
1369270 1900.5
1369280 1901.2
1369290 1904.6
1369300 1904.6
1369310 1906.2
1369320 1906.3
1369330 1906.3
1369340 1904.5
1369350 1898.2
1369360 1898.2
1369370 1890.1
1369380 1882.2
1369390 1882.2
1369400 1875.6
1369410 1869.5
1369420 1862.4
1369430 1862.4
1369440 1854.4
1369450 1847.9
1369460 1847.9
1369470 1839.5
1369480 1831.7
1369490 1831.7
1369500 1824.5
1369510 1819.7
1369520 1819.7
1369530 1822.5
1369540 1823.3
1369550 1823.3
1369560 1824.2
1369570 1827.1
1369580 1827.1
1369590 1829.5
1369600 1832.8
1369610 1837.0
1369620 1837.0
1369630 1840.4
1369640 1845.8
1369650 1845.8
1369660 1851.4
1369670 1855.5
1369680 1855.5
1369690 1856.4
1369700 1854.3
1369710 1854.3
1369720 1848.9
1369730 1842.4
1369740 1842.4
1369750 1835.7
1369760 1828.5
1369770 1828.5
1369780 1822.2
1369790 1817.9
1369800 1807.6
1369810 1807.6
1369820 1803.9
1369830 1801.0
1369840 1801.0
1369850 1799.4
1369860 1801.4
1369870 1801.4
1369880 1806.6
1369890 1813.2
1369900 1813.2
1369910 1818.8
1369920 1824.2
1369930 1824.2
1369940 1826.1
1369950 1823.3
1369960 1823.3
1369970 1818.5
1369980 1813.2
1369990 1809.9
1370000 1809.9
1370010 1811.4
1370020 1816.2
1370030 1816.2
1370040 1821.5
1370050 1826.9
1370060 1826.9
1370070 1830.3
1370080 1835.0
1370090 1835.0
1370100 1840.6
1370110 1846.2
1370120 1846.2
1370130 1850.6
1370140 1853.3
1370150 1853.3
1370160 1854.9
1370170 1854.7
1370180 1854.7
1370190 1855.0
1370200 1854.9
1370210 1854.5
1370220 1854.5
1370230 1853.6
1370240 1852.5
1370250 1852.5
1370260 1851.9
1370270 1854.5
1370280 1854.5
1370290 1858.3
1370300 1860.6
1370310 1860.6
1370320 1862.6
1370330 1863.5
1370340 1863.5
1370350 1864.8
1370360 1866.0
1370370 1866.0
1370380 1867.3
1370390 1868.1
1370400 1867.9
1370410 1867.9
1370420 1869.1
1370430 1872.3
1370440 1872.3
1370450 1873.9
1370460 1868.8
1370470 1868.8
1370480 1863.8
1370490 1861.9
1370500 1861.9
1370510 1861.5
1370520 1861.7
1370530 1861.7
1370540 1862.6
1370550 1863.1
1370560 1863.1
1370570 1862.9
1370580 1862.2
1370590 1861.5
1370600 1861.5
1370610 1860.4
1370620 1859.1
1370630 1859.1
1370640 1859.6
1370650 1859.5
1370660 1859.5
1370670 1858.4
1370680 1858.5
1370690 1858.5
1370700 1856.1
1370710 1854.5
1370720 1854.5
1370730 1854.1
1370740 1853.3
1370750 1853.3
1370760 1851.8
1370770 1850.0
1370780 1848.5
1370790 1848.5
1370800 1846.7
1370810 1843.6
1370820 1843.6
1370830 1841.2
1370840 1839.7
1370850 1839.7
1370860 1838.7
1370870 1838.1
1370880 1838.1
1370890 1837.3
1370900 1836.1
1370910 1832.7
1370920 1832.7
1370930 1832.9
1370940 1832.9
1370950 1833.3
1370960 1833.3
1370970 1833.1
1370980 1833.1
1370990 1834.5
1371000 1837.1
1371010 1837.1
1371020 1838.7
1371030 1836.8
1371040 1836.8
1371050 1833.1
1371060 1828.3
1371070 1828.3
1371080 1825.6
1371090 1826.5
1371100 1826.5
1371110 1826.3
1371120 1820.4
1371130 1820.4
1371140 1811.7
1371150 1801.4
1371160 1790.7
1371170 1790.7
1371180 1781.0
1371190 1775.2
1371200 1775.2
1371210 1775.3
1371220 1777.2
1371230 1777.2
1371240 1781.0
1371250 1786.7
1371260 1786.7
1371270 1791.7
1371280 1794.8
1371290 1794.8
1371300 1799.6
1371310 1804.0
1371320 1804.0
1371330 1808.3
1371340 1811.2
1371350 1809.8
1371360 1809.8
1371370 1806.1
1371380 1803.0
1371390 1803.0
1371400 1801.8
1371410 1801.4
1371420 1801.4
1371430 1799.9
1371440 1797.6
1371450 1797.6
1371460 1794.2
1371470 1792.8
1371480 1792.8
1371490 1793.0
1371500 1793.0
1371510 1793.0
1371520 1793.2
1371530 1794.6
1371540 1796.9
1371550 1796.9
1371560 1799.1
1371570 1801.4
1371580 1801.4
1371590 1801.5
1371600 1799.3
1371610 1799.3
1371620 1798.2
1371630 1796.4
1371640 1796.4
1371650 1795.3
1371660 1795.4
1371670 1795.4
1371680 1792.9
1371690 1788.6
1371700 1788.6
1371710 1782.7
1371720 1777.0
1371730 1772.7
1371740 1772.7
1371750 1768.6
1371760 1763.4
1371770 1763.4
1371780 1760.0
1371790 1756.4
1371800 1756.4
1371810 1751.5
1371820 1751.0
1371830 1751.0
1371840 1749.1
1371850 1744.5
1371860 1744.5
1371870 1741.0
1371880 1733.8
1371890 1733.8
1371900 1722.5
1371910 1716.2
1371920 1715.4
1371930 1715.4
1371940 1715.2
1371950 1716.6
1371960 1716.6
1371970 1711.1
1371980 1703.1
1371990 1703.1
1372000 1695.2
1372010 1688.6
1372020 1683.7
1372030 1677.1
1372040 1671.2
1372050 1671.2
1372060 1665.4
1372070 1659.2
1372080 1659.2
1372090 1653.8
1372100 1652.3
1372110 1648.8
1372120 1648.8
1372130 1643.4
1372140 1638.8
1372150 1638.8
1372160 1634.6
1372170 1630.3
1372180 1630.3
1372190 1626.5
1372200 1622.6
1372210 1622.6
1372220 1619.3
1372230 1616.0
1372240 1616.0
1372250 1611.5
1372260 1605.3
1372270 1605.3
1372280 1600.1
1372290 1597.2
1372300 1595.3
1372310 1595.3
1372320 1593.3
1372330 1591.8
1372340 1591.8
1372350 1590.9
1372360 1589.5
1372370 1589.5
1372380 1586.6
1372390 1583.1
1372400 1583.1
1372410 1580.0
1372420 1577.1
1372430 1577.1
1372440 1575.9
1372450 1575.2
1372460 1575.2
1372470 1574.1
1372480 1571.9
1372490 1571.9
1372500 1567.4
1372510 1561.9
1372520 1557.6
1372530 1557.6
1372540 1554.7
1372550 1554.7
1372560 1554.7
1372570 1557.1
1372580 1559.1
1372590 1559.1
1372600 1559.4
1372610 1558.8
1372620 1558.8
1372630 1557.6
1372640 1553.9
1372650 1553.9
1372660 1548.6
1372670 1542.8
1372680 1542.8
1372690 1539.2
1372700 1538.9
1372710 1540.9
1372720 1540.9
1372730 1544.4
1372740 1546.8
1372750 1546.8
1372760 1547.2
1372770 1546.4
1372780 1546.4
1372790 1544.1
1372800 1539.9
1372810 1539.9
1372820 1534.5
1372830 1529.0
1372840 1529.0
1372850 1523.9
1372860 1520.5
1372870 1520.5
1372880 1519.7
1372890 1519.4
1372900 1519.3
1372910 1519.3
1372920 1517.2
1372930 1511.3
1372940 1511.3
1372950 1504.9
1372960 1495.5
1372970 1495.5
1372980 1484.2
1372990 1472.1
1373000 1472.1
1373010 1455.4
1373020 1439.8
1373030 1439.8
1373040 1436.4
1373050 1439.2
1373060 1439.2
1373070 1440.8
1373080 1452.2
1373090 1472.9
1373100 1472.9
1373110 1489.2
1373120 1502.7
1373130 1502.7
1373140 1514.6
1373150 1527.5
1373160 1527.5
1373170 1528.8
1373180 1527.1
1373190 1527.1
1373200 1525.1
1373210 1525.4
1373220 1525.4
1373230 1528.9
1373240 1529.9
1373250 1529.9
1373260 1529.6
1373270 1530.9
1373280 1531.9
1373290 1531.9
1373300 1534.8
1373310 1537.7
1373320 1537.7
1373330 1539.8
1373340 1540.6
1373350 1540.6
1373360 1541.5
1373370 1543.2
1373380 1543.2
1373390 1544.9
1373400 1546.7
1373410 1546.7
1373420 1547.4
1373430 1548.0
1373440 1548.0
1373450 1548.9
1373460 1551.1
1373470 1551.5
1373480 1551.5
1373490 1550.9
1373500 1552.8
1373510 1552.8
1373520 1555.0
1373530 1554.4
1373540 1554.4
1373550 1555.0
1373560 1556.9
1373570 1556.9
1373580 1557.9
1373590 1557.4
1373600 1557.4
1373610 1556.9
1373620 1558.0
1373630 1558.0
1373640 1559.4
1373650 1563.1
1373660 1565.8
1373670 1565.8
1373680 1569.4
1373690 1569.1
1373700 1569.1
1373710 1568.4
1373720 1567.5
1373730 1567.5
1373740 1565.9
1373750 1563.8
1373760 1563.8
1373770 1561.4
1373780 1559.4
1373790 1559.4
1373800 1559.4
1373810 1559.3
1373820 1559.3
1373830 1560.5
1373840 1563.9
1373850 1564.8
1373860 1564.8
1373870 1563.5
1373880 1562.3
1373890 1562.3
1373900 1562.7
1373910 1563.2
1373920 1563.2
1373930 1561.2
1373940 1558.5
1373950 1558.5
1373960 1559.8
1373970 1562.8
1373980 1562.8
1373990 1565.2
1374000 1566.0
1374010 1566.0
1374020 1565.7
1374030 1565.3
1374040 1564.2
1374050 1564.2
1374060 1563.2
1374070 1562.6
1374080 1562.6
1374090 1561.9
1374100 1558.5
1374110 1558.5
1374120 1554.8
1374130 1553.8
1374140 1553.8
1374150 1556.4
1374160 1557.6
1374170 1557.6
1374180 1557.4
1374190 1557.9
1374200 1557.9
1374210 1558.4
1374220 1558.6
1374230 1558.4
1374240 1558.4
1374250 1558.8
1374260 1559.5
1374270 1559.5
1374280 1558.9
1374290 1551.1
1374300 1551.1
1374310 1552.2
1374320 1554.6
1374330 1554.6
1374340 1556.7
1374350 1558.5
1374360 1558.5
1374370 1558.7
1374380 1557.3
1374390 1557.3
1374400 1556.8
1374410 1557.9
1374420 1559.5
1374430 1559.5
1374440 1560.5
1374450 1560.7
1374460 1560.7
1374470 1560.4
1374480 1560.0
1374490 1560.0
1374500 1560.0
1374510 1560.4
1374520 1560.4
1374530 1561.4
1374540 1562.4
1374550 1562.4
1374560 1564.3
1374570 1566.0
1374580 1566.0
1374590 1565.7
1374600 1566.6
1374610 1571.1
1374620 1571.1
1374630 1576.5
1374640 1582.8
1374650 1582.8
1374660 1589.3
1374670 1595.8
1374680 1595.8
1374690 1601.5
1374700 1603.6
1374710 1603.6
1374720 1603.7
1374730 1603.2
1374740 1603.2
1374750 1600.2
1374760 1596.1
1374770 1596.1
1374780 1592.4
1374790 1589.2
1374800 1585.2
1374810 1585.2
1374820 1583.3
1374830 1579.1
1374840 1579.1
1374850 1573.8
1374860 1568.3
1374870 1568.3
1374880 1562.7
1374890 1557.3
1374900 1557.3
1374910 1549.8
1374920 1541.9
1374930 1541.9
1374940 1544.2
1374950 1556.0
1374960 1556.0
1374970 1569.1
1374980 1582.5
1374990 1582.5
1375000 1595.9
1375010 1610.2
1375020 1624.4
1375030 1624.4
1375040 1631.2
1375050 1634.2
1375060 1634.2
1375070 1637.4
1375080 1641.5
1375090 1641.5
1375100 1644.3
1375110 1646.2
1375120 1646.2
1375130 1647.1
1375140 1646.8
1375150 1646.8
1375160 1646.1
1375170 1647.0
1375180 1647.0
1375190 1648.4
1375200 1650.0
1375210 1651.2
1375220 1651.2
1375230 1650.9
1375240 1651.6
1375250 1651.6
1375260 1653.1
1375270 1654.3
1375280 1654.3
1375290 1656.2
1375300 1659.3
1375310 1659.3
1375320 1663.1
1375330 1664.5
1375340 1664.5
1375350 1665.8
1375360 1667.0
1375370 1667.0
1375380 1667.8
1375390 1667.9
1375400 1667.8
1375410 1667.8
1375420 1670.0
1375430 1673.6
1375440 1669.3
1375450 1672.1
1375460 1674.0
1375470 1674.0
1375480 1675.8
1375490 1677.7
1375500 1677.7
1375510 1678.4
1375520 1678.5
1375530 1678.5
1375540 1678.5
1375550 1678.8
1375560 1678.8
1375570 1680.3
1375580 1683.6
1375590 1687.2
1375600 1687.2
1375610 1689.4
1375620 1691.5
1375630 1691.5
1375640 1693.7
1375650 1695.2
1375660 1695.2
1375670 1695.2
1375680 1695.8
1375690 1695.8
1375700 1697.1
1375710 1698.3
1375720 1698.3
1375730 1699.9
1375740 1700.7
1375750 1700.7
1375760 1699.7
1375770 1696.8
1375780 1699.0
1375790 1699.0
1375800 1705.3
1375810 1708.7
1375820 1708.7
1375830 1710.6
1375840 1711.7
1375850 1711.7
1375860 1712.1
1375870 1712.6
1375880 1712.6
1375890 1712.6
1375900 1711.5
1375910 1711.5
1375920 1710.0
1375930 1708.3
1375940 1708.3
1375950 1708.1
1375960 1709.4
1375970 1711.3
1375980 1711.3
1375990 1713.4
1376000 1715.9
1376010 1715.9
1376020 1718.2
1376030 1719.8
1376040 1719.8
1376050 1718.3
1376060 1715.4
1376070 1715.4
1376080 1713.0
1376090 1715.2
1376100 1715.2
1376110 1723.5
1376120 1727.5
1376130 1727.5
1376140 1728.2
1376150 1727.4
1376160 1724.3
1376170 1724.3
1376180 1723.7
1376190 1723.7
1376200 1723.7
1376210 1723.5
1376220 1722.6
1376230 1722.6
1376240 1719.5
1376250 1716.7
1376260 1716.7
1376270 1716.1
1376280 1716.8
1376290 1716.8
1376300 1716.6
1376310 1716.7
1376320 1716.7
1376330 1716.7
1376340 1717.1
1376350 1718.2
1376360 1718.2
1376370 1719.6
1376380 1721.4
1376390 1721.4
1376400 1724.7
1376410 1726.9
1376420 1726.9
1376430 1729.6
1376440 1733.4
1376450 1733.4
1376460 1736.2
1376470 1738.0
1376480 1738.0
1376490 1738.6
1376500 1738.4
1376510 1738.4
1376520 1737.9
1376530 1738.5
1376540 1739.5
1376550 1739.5
1376560 1740.6
1376570 1742.0
1376580 1742.0
1376590 1743.0
1376600 1743.8
1376610 1737.2
1376620 1738.6
1376630 1739.5
1376640 1739.5
1376650 1741.7
1376660 1742.9
1376670 1742.9
1376680 1743.2
1376690 1743.5
1376700 1743.5
1376710 1742.4
1376720 1741.5
1376730 1740.7
1376740 1740.7
1376750 1739.0
1376760 1737.3
1376770 1737.3
1376780 1735.4
1376790 1734.1
1376800 1734.1
1376810 1734.0
1376820 1733.5
1376830 1733.5
1376840 1732.6
1376850 1731.0
1376860 1731.0
1376870 1729.3
1376880 1727.0
1376890 1727.0
1376900 1724.7
1376910 1723.1
1376920 1721.8
1376930 1721.8
1376940 1721.3
1376950 1720.4
1376960 1720.4
1376970 1719.2
1376980 1718.8
1376990 1718.8
1377000 1717.5
1377010 1716.4
1377020 1716.4
1377030 1716.7
1377040 1717.5
1377050 1717.5
1377060 1718.1
1377070 1719.0
1377080 1719.0
1377090 1720.4
1377100 1719.6
1377110 1718.1
1377120 1718.1
1377130 1717.7
1377140 1717.1
1377150 1717.1
1377160 1715.9
1377170 1715.3
1377180 1715.3
1377190 1714.7
1377200 1713.0
1377210 1713.0
1377220 1710.9
1377230 1709.6
1377240 1709.6
1377250 1706.8
1377260 1703.4
1377270 1703.4
1377280 1699.7
1377290 1696.3
1377300 1696.3
1377310 1689.8
1377320 1684.3
1377330 1678.8
1377340 1678.8
1377350 1675.1
1377360 1672.5
1377370 1672.5
1377380 1669.9
1377390 1667.5
1377400 1667.5
1377410 1664.4
1377420 1660.9
1377430 1660.9
1377440 1658.1
1377450 1655.8
1377460 1655.8
1377470 1652.7
1377480 1649.7
1377490 1649.7
1377500 1647.3
1377510 1645.4
1377520 1645.7
1377530 1645.7
1377540 1645.2
1377550 1643.6
1377560 1643.6
1377570 1641.5
1377580 1638.5
1377590 1638.5
1377600 1635.6
1377610 1634.2
1377620 1634.2
1377630 1634.1
1377640 1632.0
1377650 1632.0
1377660 1630.3
1377670 1630.2
1377680 1630.2
1377690 1629.2
1377700 1628.1
1377710 1627.5
1377720 1627.5
1377730 1625.9
1377740 1624.2
1377750 1624.2
1377760 1623.0
1377770 1620.8
1377780 1614.0
1377790 1612.6
1377800 1611.5
1377810 1611.5
1377820 1609.7
1377830 1608.6
1377840 1608.6
1377850 1607.9
1377860 1607.2
1377870 1607.2
1377880 1606.5
1377890 1604.4
1377900 1600.9
1377910 1600.9
1377920 1601.3
1377930 1599.2
1377940 1599.2
1377950 1597.6
1377960 1596.3
1377970 1596.3
1377980 1593.9
1377990 1590.3
1378000 1590.3
1378010 1587.9
1378020 1586.0
1378030 1586.0
1378040 1585.0
1378050 1586.0
1378060 1586.0
1378070 1586.6
1378080 1585.2
1378090 1580.6
1378100 1580.6
1378110 1579.4
1378120 1580.7
1378130 1580.7
1378140 1582.9
1378150 1585.0
1378160 1585.0
1378170 1582.9
1378180 1578.4
1378190 1578.4
1378200 1576.9
1378210 1567.3
1378220 1567.3
1378230 1546.5
1378240 1540.4
1378250 1540.4
1378260 1545.0
1378270 1556.3
1378280 1564.7
1378290 1564.7
1378300 1568.6
1378310 1572.0
1378320 1572.0
1378330 1576.2
1378340 1576.6
1378350 1576.6
1378360 1576.1
1378370 1575.9
1378380 1575.9
1378390 1576.7
1378400 1576.8
1378410 1576.8
1378420 1574.5
1378430 1572.1
1378440 1572.1
1378450 1570.5
1378460 1571.5
1378470 1574.5
1378480 1574.5
1378490 1578.3
1378500 1582.3
1378510 1582.3
1378520 1584.1
1378530 1585.7
1378540 1585.7
1378550 1582.6
1378560 1577.1
1378570 1577.1
1378580 1576.7
1378590 1574.0
1378600 1574.0
1378610 1574.4
1378620 1577.4
1378630 1577.4
1378640 1580.1
1378650 1579.9
1378660 1579.8
1378670 1579.8
1378680 1580.9
1378690 1582.3
1378700 1582.3
1378710 1584.0
1378720 1583.6
1378730 1583.6
1378740 1583.0
1378750 1584.6
1378760 1584.6
1378770 1584.1
1378780 1582.0
1378790 1582.0
1378800 1580.1
1378810 1578.1
1378820 1578.1
1378830 1572.2
1378840 1573.9
1378850 1574.2
1378860 1574.2
1378870 1571.0
1378880 1573.2
1378890 1573.2
1378900 1575.1
1378910 1575.4
1378920 1575.4
1378930 1576.0
1378940 1577.3
1378950 1577.3
1378960 1577.0
1378970 1576.6
1378980 1569.8
1378990 1570.0
1379000 1572.2
1379010 1572.2
1379020 1574.1
1379030 1576.8
1379040 1577.7
1379050 1577.7
1379060 1580.4
1379070 1583.9
1379080 1583.9
1379090 1586.4
1379100 1588.8
1379110 1588.8
1379120 1589.7
1379130 1589.1
1379140 1589.1
1379150 1588.5
1379160 1586.1
1379170 1586.1
1379180 1583.1
1379190 1583.3
1379200 1583.3
1379210 1581.9
1379220 1579.3
1379230 1578.5
1379240 1578.5
1379250 1577.5
1379260 1575.1
1379270 1575.1
1379280 1572.0
1379290 1570.8
1379300 1570.8
1379310 1571.7
1379320 1573.4
1379330 1573.4
1379340 1573.8
1379350 1572.6
1379360 1572.6
1379370 1570.8
1379380 1568.3
1379390 1568.3
1379400 1566.4
1379410 1568.5
1379420 1571.4
1379430 1571.4
1379440 1572.1
1379450 1570.9
1379460 1570.9
1379470 1570.0
1379480 1569.4
1379490 1569.4
1379500 1568.8
1379510 1568.4
1379520 1568.4
1379530 1567.8
1379540 1567.3
1379550 1567.3
1379560 1566.6
1379570 1565.6
1379580 1565.6
1379590 1565.0
1379600 1565.0
1379610 1565.0
1379620 1564.9
1379630 1564.9
1379640 1564.8
1379650 1564.8
1379660 1563.8
1379670 1562.6
1379680 1562.6
1379690 1562.4
1379700 1562.0
1379710 1562.0
1379720 1560.6
1379730 1559.1
1379740 1559.1
1379750 1557.5
1379760 1555.6
1379770 1555.6
1379780 1554.4
1379790 1552.6
1379800 1552.6
1379810 1550.2
1379820 1548.2
1379830 1546.3
1379840 1546.3
1379850 1544.3
1379860 1542.1
1379870 1542.1
1379880 1539.9
1379890 1537.6
1379900 1537.6
1379910 1535.2
1379920 1533.0
1379930 1533.0
1379940 1530.8
1379950 1528.9
1379960 1528.9
1379970 1527.2
1379980 1525.5
1379990 1525.5
