1360000 1944.0
1360010 1943.8
1360020 1943.8
1360030 1944.4
1360040 1945.6
1360050 1945.6
1360060 1947.2
1360070 1948.8
1360080 1948.8
1360090 1950.1
1360100 1951.7
1360110 1953.4
1360120 1953.4
1360130 1971.5
1360140 1974.9
1360150 1974.9
1360160 1978.5
1360170 1985.6
1360180 1985.6
1360190 1991.8
1360200 1997.6
1360210 1997.6
1360220 2001.7
1360230 2005.4
1360240 2005.4
1360250 2007.0
1360260 2009.4
1360270 2009.4
1360280 2012.7
1360290 2017.6
1360300 2020.1
1360310 2020.1
1360320 2020.6
1360330 2019.5
1360340 2019.5
1360350 2017.4
1360360 2009.5
1360370 2009.5
1360380 1987.1
1360390 1967.4
1360400 1967.4
1360410 1950.3
1360420 1928.3
1360430 1928.3
1360440 1917.0
1360450 1910.4
1360460 1910.4
1360470 1903.4
1360480 1895.8
1360490 1890.7
1360500 1890.7
1360510 1886.6
1360520 1882.2
1360530 1882.2
1360540 1876.5
1360550 1869.4
1360560 1869.4
1360570 1857.4
1360580 1845.7
1360590 1845.7
1360600 1838.9
1360610 1828.5
1360620 1828.5
1360630 1806.7
1360640 1789.4
1360650 1789.4
1360660 1772.7
1360670 1764.9
1360680 1758.3
1360690 1758.3
1360700 1751.6
1360710 1744.6
1360720 1744.6
1360730 1739.4
1360740 1734.7
1360750 1734.7
1360760 1730.0
1360770 1725.7
1360780 1725.7
1360790 1723.6
1360800 1720.6
1360810 1720.6
1360820 1716.4
1360830 1711.7
1360840 1711.7
1360850 1708.8
1360860 1705.0
1360870 1700.8
1360880 1700.8
1360890 1696.8
1360900 1693.4
1360910 1693.4
1360920 1690.7
1360930 1688.4
1360940 1688.4
1360950 1686.3
1360960 1684.2
1360970 1684.2
1360980 1681.9
1360990 1679.8
1361000 1679.8
1361010 1677.6
1361020 1676.1
1361030 1676.1
1361040 1675.7
1361050 1675.7
1361060 1675.7
1361070 1675.5
1361080 1675.4
1361090 1675.3
1361100 1675.3
1361110 1674.7
1361120 1674.3
1361130 1674.3
1361140 1674.1
1361150 1673.4
1361160 1673.4
1361170 1673.1
1361180 1673.1
1361190 1673.1
1361200 1673.4
1361210 1673.3
1361220 1673.3
1361230 1672.5
1361240 1672.7
1361250 1672.7
1361260 1673.1
1361270 1672.8
1361280 1672.4
1361290 1672.4
1361300 1672.5
1361310 1675.3
1361320 1675.3
1361330 1678.5
1361340 1682.9
1361350 1682.9
1361360 1688.5
1361370 1694.6
1361380 1694.6
1361390 1701.1
1361400 1707.2
1361410 1707.2
1361420 1713.2
1361430 1718.9
1361440 1718.9
1361450 1724.9
1361460 1731.0
1361470 1736.7
1361480 1736.7
1361490 1742.8
1361500 1748.9
1361510 1748.9
1361520 1755.2
1361530 1761.9
1361540 1761.9
1361550 1768.9
1361560 1776.2
1361570 1776.2
1361580 1789.6
1361590 1813.9
1361600 1813.9
1361610 1836.5
1361620 1848.9
1361630 1848.9
1361640 1867.2
1361650 1881.4
1361660 1893.9
1361670 1893.9
1361680 1915.4
1361690 1933.9
1361700 1933.9
1361710 1945.1
1361720 1953.9
1361730 1953.9
1361740 1963.4
1361750 1970.7
1361760 1970.7
1361770 1979.0
1361780 1987.7
1361790 1987.7
1361800 1997.1
1361810 2012.1
1361820 2012.1
1361830 2036.9
1361840 2047.9
1361850 2052.7
1361860 2052.7
1361870 2057.2
1361880 2061.7
1361890 2061.7
1361900 2064.4
1361910 2067.2
1361920 2067.2
1361930 2069.8
1361940 2072.5
1361950 2072.5
1361960 2074.7
1361970 2076.4
1361980 2076.4
1361990 2078.9
1362000 2082.0
1362010 2082.0
1362020 2084.2
1362030 2085.8
1362040 2087.9
1362050 2087.9
1362060 2090.1
1362070 2091.0
1362080 2091.0
1362090 2091.2
1362100 2089.3
1362110 2089.3
1362120 2085.8
1362130 2082.8
1362140 2082.8
1362150 2080.0
1362160 2077.3
1362170 2077.3
1362180 2067.8
1362190 2065.2
1362200 2065.2
1362210 2063.9
1362220 2063.4
1362230 2064.0
1362240 2064.0
1362250 2066.0
1362260 2066.7
1362270 2066.7
1362280 2065.2
1362290 2061.1
1362300 2061.1
1362310 2052.3
1362320 2059.2
1362330 2059.2
1362340 2069.6
1362350 2078.8
1362360 2078.8
1362370 2087.8
1362380 2095.1
1362390 2095.1
1362400 2101.2
1362410 2106.8
1362420 2111.1
1362430 2111.1
1362440 2113.9
1362450 2111.9
1362460 2111.9
1362470 2104.9
1362480 2105.4
1362490 2105.4
1362500 2110.9
1362510 2116.2
1362520 2116.2
1362530 2118.3
1362540 2118.8
1362550 2118.8
1362560 2118.8
1362570 2118.4
1362580 2118.4
1362590 2117.3
1362600 2115.8
1362610 2114.5
1362620 2114.5
1362630 2114.9
1362640 2116.4
1362650 2116.4
1362660 2119.2
1362670 2122.2
1362680 2122.2
1362690 2124.9
1362700 2128.1
1362710 2128.1
1362720 2132.0
1362730 2134.8
1362740 2134.8
1362750 2137.6
1362760 2141.5
1362770 2141.5
1362780 2146.5
1362790 2149.9
1362800 2149.9
1362810 2152.5
1362820 2156.9
1362830 2162.9
1362840 2162.9
1362850 2168.5
1362860 2172.6
1362870 2172.6
1362880 2175.0
1362890 2177.1
1362900 2177.1
1362910 2179.8
1362920 2182.8
1362930 2182.8
1362940 2187.1
1362950 2191.4
1362960 2191.4
1362970 2194.1
1362980 2194.7
1362990 2194.7
1363000 2195.9
1363010 2198.4
1363020 2196.3
1363030 2196.3
1363040 2200.7
1363050 2211.1
1363060 2211.1
1363070 2220.1
1363080 2226.5
1363090 2226.5
1363100 2231.7
1363110 2235.3
1363120 2235.3
1363130 2238.1
1363140 2239.2
1363150 2239.2
1363160 2241.2
1363170 2245.5
1363180 2245.5
1363190 2251.8
1363200 2256.3
1363210 2259.4
1363220 2256.6
1363230 2259.7
1363240 2261.0
1363250 2261.0
1363260 2262.1
1363270 2263.4
1363280 2263.4
1363290 2264.5
1363300 2264.2
1363310 2264.2
1363320 2268.2
1363330 2273.3
1363340 2273.3
1363350 2276.9
1363360 2279.1
1363370 2279.1
1363380 2282.5
1363390 2287.8
1363400 2293.2
1363410 2293.2
1363420 2298.3
1363430 2304.5
1363440 2304.5
1363450 2312.5
1363460 2321.5
1363470 2321.5
1363480 2328.6
1363490 2335.3
1363500 2335.3
1363510 2341.1
1363520 2345.9
1363530 2345.9
1363540 2350.7
1363550 2354.2
1363560 2354.2
1363570 2356.8
1363580 2359.4
1363590 2361.7
1363600 2361.7
1363610 2364.0
1363620 2365.9
1363630 2365.9
1363640 2364.0
1363650 2362.5
1363660 2362.5
1363670 2360.0
1363680 2358.4
1363690 2358.4
1363700 2363.8
1363710 2367.6
1363720 2367.6
1363730 2372.5
1363740 2375.2
1363750 2375.2
1363760 2378.7
1363770 2383.0
1363780 2387.8
1363790 2387.8
1363800 2392.8
1363810 2396.1
1363820 2396.1
1363830 2398.2
1363840 2399.4
1363850 2399.4
1363860 2400.0
1363870 2399.3
1363880 2399.3
1363890 2398.7
1363900 2398.8
1363910 2398.8
1363920 2398.3
1363930 2397.7
1363940 2397.7
1363950 2397.4
1363960 2397.6
1363970 2397.7
1363980 2397.7
1363990 2397.1
1364000 2396.1
1364010 2396.1
1364020 2394.7
1364030 2394.1
1364040 2394.1
1364050 2393.7
1364060 2391.6
1364070 2391.6
1364080 2389.2
1364090 2388.2
1364100 2388.2
1364110 2388.2
1364120 2387.9
1364130 2387.9
1364140 2385.9
1364150 2383.0
1364160 2379.0
1364170 2379.0
1364180 2373.8
1364190 2370.0
1364200 2370.0
1364210 2367.5
1364220 2362.2
1364230 2362.2
1364240 2358.3
1364250 2356.1
1364260 2356.1
1364270 2343.0
1364280 2340.0
1364290 2340.0
1364300 2335.1
1364310 2329.5
1364320 2329.5
1364330 2325.3
1364340 2320.9
1364350 2320.9
1364360 2315.9
1364370 2310.4
1364380 2298.4
1364390 2298.4
1364400 2279.1
1364410 2265.6
1364420 2265.6
1364430 2245.4
1364440 2230.3
1364450 2230.3
1364460 2220.9
1364470 2214.3
1364480 2214.3
1364490 2207.4
1364500 2200.4
1364510 2200.4
1364520 2191.5
1364530 2184.7
1364540 2184.7
1364550 2178.4
1364560 2171.9
1364570 2165.0
1364580 2165.0
1364590 2157.8
1364600 2150.3
1364610 2150.3
1364620 2142.6
1364630 2135.7
1364640 2135.7
1364650 2129.4
1364660 2123.1
1364670 2123.1
1364680 2117.6
1364690 2112.3
1364700 2112.3
1364710 2106.9
1364720 2101.6
1364730 2101.6
1364740 2095.7
1364750 2090.6
1364760 2085.1
1364770 2085.1
1364780 2078.2
1364790 2066.8
1364800 2066.8
1364810 2056.2
1364820 2057.2
1364830 2057.2
1364840 2063.0
1364850 2068.2
1364860 2068.2
1364870 2071.2
1364880 2073.7
1364890 2073.7
1364900 2075.8
1364910 2077.4
1364920 2077.4
1364930 2079.0
1364940 2080.9
1364950 2082.1
1364960 2082.1
1364970 2082.8
1364980 2084.6
1364990 2084.6
1365000 2086.8
1365010 2087.0
1365020 2087.0
1365030 2092.5
1365040 2096.8
1365050 2096.8
1365060 2099.8
1365070 2105.3
1365080 2105.3
1365090 2115.4
1365100 2124.0
1365110 2124.0
1365120 2126.0
1365130 2129.7
1365140 2139.6
1365150 2139.6
1365160 2150.1
1365170 2161.1
1365180 2161.1
1365190 2170.1
1365200 2178.2
1365210 2178.2
1365220 2184.3
1365230 2189.2
1365240 2189.2
1365250 2195.7
1365260 2201.5
1365270 2201.5
1365280 2207.4
1365290 2213.0
1365300 2213.0
1365310 2218.5
1365320 2224.2
1365330 2226.8
1365340 2226.8
1365350 2231.8
1365360 2234.4
1365370 2234.4
1365380 2236.1
1365390 2237.4
1365400 2237.4
1365410 2238.6
1365420 2239.7
1365430 2239.7
1365440 2240.1
1365450 2240.9
1365460 2240.9
1365470 2242.3
1365480 2243.7
1365490 2243.7
1365500 2244.8
1365510 2245.6
1365520 2246.1
1365530 2246.1
1365540 2246.7
1365550 2246.9
1365560 2246.9
1365570 2247.3
1365580 2247.7
1365590 2247.7
1365600 2247.8
1365610 2248.2
1365620 2248.2
1365630 2248.4
1365640 2247.6
1365650 2247.6
1365660 2246.2
1365670 2243.8
1365680 2243.8
1365690 2240.3
1365700 2238.5
1365710 2238.1
1365720 2238.1
1365730 2238.1
1365740 2238.6
1365750 2238.6
1365760 2239.4
1365770 2240.0
1365780 2240.0
1365790 2239.8
1365800 2239.9
1365810 2239.9
1365820 2240.3
1365830 2240.7
1365840 2240.7
1365850 2241.1
1365860 2241.2
1365870 2241.2
1365880 2241.3
1365890 2240.8
1365900 2240.4
1365910 2240.4
1365920 2239.4
1365930 2238.7
1365940 2238.7
1365950 2237.3
1365960 2235.4
1365970 2235.4
1365980 2231.9
1365990 2228.7
1366000 2228.7
1366010 2229.5
1366020 2229.7
1366030 2229.7
1366040 2227.9
1366050 2225.9
1366060 2225.9
1366070 2224.5
1366080 2223.1
1366090 2223.1
1366100 2222.1
1366110 2220.1
1366120 2218.9
1366130 2218.9
1366140 2217.0
1366150 2216.6
1366160 2216.6
1366170 2215.9
1366180 2214.1
1366190 2214.1
1366200 2212.4
1366210 2210.6
1366220 2210.6
1366230 2208.0
1366240 2205.3
1366250 2205.3
1366260 2201.8
1366270 2198.5
1366280 2198.5
1366290 2194.8
1366300 2190.4
1366310 2185.6
1366320 2185.6
1366330 2182.1
1366340 2180.0
1366350 2180.0
1366360 2176.8
1366370 2172.9
1366380 2172.9
1366390 2168.5
1366400 2167.8
1366410 2167.8
1366420 2166.8
1366430 2164.1
1366440 2164.1
1366450 2159.0
1366460 2153.6
1366470 2153.6
1366480 2148.5
1366490 2143.4
1366500 2137.8
1366510 2137.8
1366520 2130.9
1366530 2124.4
1366540 2124.4
1366550 2118.2
1366560 2112.3
1366570 2112.3
1366580 2107.0
1366590 2102.6
1366600 2102.6
1366610 2098.5
1366620 2094.5
1366630 2094.5
1366640 2090.9
1366650 2093.1
1366660 2093.1
1366670 2094.6
1366680 2094.6
1366690 2093.7
1366700 2093.7
1366710 2094.7
1366720 2098.4
1366730 2098.4
1366740 2097.5
1366750 2098.5
1366760 2098.5
1366770 2102.2
1366780 2108.4
1366790 2108.4
1366800 2115.7
1366810 2122.2
1366820 2122.2
1366830 2126.3
1366840 2129.8
1366850 2129.8
1366860 2133.5
1366870 2136.6
1366880 2139.3
1366890 2139.3
1366900 2142.9
1366910 2146.9
1366920 2146.9
1366930 2150.8
1366940 2154.9
1366950 2154.9
1366960 2160.5
1366970 2166.9
1366980 2166.9
1366990 2173.8
1367000 2180.5
1367010 2180.5
1367020 2185.5
1367030 2189.9
1367040 2189.9
1367050 2194.2
1367060 2197.7
1367070 2201.0
1367080 2201.0
1367090 2203.8
1367100 2208.0
1367110 2208.0
1367120 2212.5
1367130 2216.8
1367140 2216.8
1367150 2221.7
1367160 2226.5
1367170 2226.5
1367180 2230.9
1367190 2234.4
1367200 2234.4
1367210 2235.6
1367220 2237.9
1367230 2237.9
1367240 2241.2
1367250 2243.7
1367260 2245.9
1367270 2245.9
1367280 2248.0
1367290 2250.1
1367300 2250.1
1367310 2251.8
1367320 2254.0
1367330 2254.0
1367340 2256.6
1367350 2258.3
1367360 2258.3
1367370 2259.2
1367380 2259.9
1367390 2259.9
1367400 2260.3
1367410 2259.8
1367420 2259.8
1367430 2258.6
1367440 2257.8
1367450 2257.7
1367460 2257.7
1367470 2251.0
1367480 2250.7
1367490 2250.7
1367500 2250.9
1367510 2250.9
1367520 2250.9
1367530 2250.8
1367540 2250.4
1367550 2250.4
1367560 2250.3
1367570 2250.0
1367580 2250.0
1367590 2249.8
1367600 2249.5
1367610 2249.5
1367620 2249.4
1367630 2249.2
1367640 2249.2
1367650 2249.2
1367660 2249.1
1367670 2248.9
1367680 2248.9
1367690 2248.7
1367700 2248.8
1367710 2248.8
1367720 2248.5
1367730 2248.3
1367740 2248.3
1367750 2248.1
1367760 2247.7
1367770 2247.7
1367780 2247.7
1367790 2247.9
1367800 2247.9
1367810 2248.2
1367820 2249.3
1367830 2249.3
1367840 2250.4
1367850 2251.6
1367860 2252.7
1367870 2252.7
1367880 2254.5
1367890 2256.4
1367900 2256.4
1367910 2258.4
1367920 2260.5
1367930 2260.5
1367940 2262.6
1367950 2265.0
1367960 2265.0
1367970 2267.0
1367980 2269.0
1367990 2269.0
1368000 2271.0
1368010 2273.0
1368020 2273.0
1368030 2274.7
1368040 2276.4
1368050 2278.0
1368060 2278.0
1368070 2279.2
1368080 2280.5
1368090 2280.5
1368100 2281.8
1368110 2282.9
1368120 2282.9
1368130 2283.8
1368140 2284.7
1368150 2284.7
1368160 2285.5
1368170 2286.3
1368180 2286.3
1368190 2286.6
1368200 2286.7
1368210 2286.7
1368220 2286.4
1368230 2286.1
1368240 2285.3
1368250 2285.3
1368260 2284.0
1368270 2282.7
1368280 2282.7
1368290 2281.4
1368300 2280.7
1368310 2280.7
1368320 2280.1
1368330 2279.5
1368340 2279.5
1368350 2278.7
1368360 2277.6
1368370 2277.6
1368380 2276.6
1368390 2275.5
1368400 2275.5
1368410 2274.2
1368420 2272.7
1368430 2271.4
1368440 2271.4
1368450 2270.6
1368460 2270.1
1368470 2270.1
1368480 2269.8
1368490 2269.8
1368500 2269.8
1368510 2269.5
1368520 2269.2
1368530 2269.2
1368540 2269.0
1368550 2262.2
1368560 2262.2
1368570 2261.5
1368580 2260.9
1368590 2260.9
1368600 2260.2
1368610 2259.8
1368620 2259.2
1368630 2259.2
1368640 2257.9
1368650 2256.8
1368660 2256.8
1368670 2255.4
1368680 2253.9
1368690 2253.9
1368700 2252.7
1368710 2251.1
1368720 2251.1
1368730 2249.3
1368740 2247.4
1368750 2247.4
1368760 2245.5
1368770 2243.1
1368780 2243.1
1368790 2240.7
1368800 2238.4
1368810 2236.1
1368820 2236.1
1368830 2233.9
1368840 2231.6
1368850 2231.6
1368860 2229.6
1368870 2227.3
1368880 2227.3
1368890 2225.5
1368900 2224.4
1368910 2224.4
1368920 2223.2
1368930 2221.8
1368940 2221.8
1368950 2220.0
1368960 2218.3
1368970 2218.3
1368980 2217.1
1368990 2217.3
1369000 2216.9
1369010 2216.9
1369020 2214.1
1369030 2212.0
1369040 2212.0
1369050 2209.9
1369060 2206.5
1369070 2206.5
1369080 2200.8
1369090 2193.8
1369100 2193.8
1369110 2186.5
1369120 2179.5
1369130 2179.5
1369140 2172.2
1369150 2165.1
1369160 2165.1
1369170 2157.5
1369180 2150.0
1369190 2143.0
1369200 2143.0
1369210 2136.2
1369220 2130.0
1369230 2130.0
1369240 2123.1
1369250 2114.8
1369260 2114.8
1369270 2104.6
1369280 2096.4
1369290 2096.4
1369300 2090.5
1369310 2088.3
1369320 2088.3
1369330 2087.7
1369340 2087.4
1369350 2087.4
1369360 2088.0
1369370 2090.6
1369380 2090.6
1369390 2088.7
1369400 2085.7
1369410 2088.6
1369420 2088.6
1369430 2092.6
1369440 2097.5
1369450 2097.5
1369460 2101.2
1369470 2104.3
1369480 2104.3
1369490 2107.8
1369500 2111.4
1369510 2111.4
1369520 2115.7
1369530 2120.1
1369540 2120.1
1369550 2123.0
1369560 2123.7
1369570 2123.7
1369580 2120.6
1369590 2114.8
1369600 2110.6
1369610 2110.6
1369620 2106.9
1369630 2103.5
1369640 2103.5
1369650 2097.3
1369660 2095.9
1369670 2095.9
1369680 2094.1
1369690 2093.6
1369700 2093.6
1369710 2095.1
1369720 2097.6
1369730 2097.6
1369740 2099.0
1369750 2100.2
1369760 2100.2
1369770 2100.7
1369780 2100.1
1369790 2099.3
1369800 2099.3
1369810 2099.0
1369820 2100.9
1369830 2100.9
1369840 2106.9
1369850 2113.9
1369860 2113.9
1369870 2119.2
1369880 2124.0
1369890 2124.0
1369900 2127.4
1369910 2128.4
1369920 2128.4
1369930 2124.3
1369940 2118.6
1369950 2118.6
1369960 2118.5
1369970 2121.8
1369980 2126.7
1369990 2126.7
1370000 2132.4
1370010 2133.1
1370020 2133.1
1370030 2132.7
1370040 2136.4
1370050 2136.4
1370060 2141.6
1370070 2145.7
1370080 2145.7
1370090 2147.5
1370100 2147.7
1370110 2147.7
1370120 2148.2
1370130 2149.2
1370140 2149.2
1370150 2150.4
1370160 2151.1
1370170 2152.5
1370180 2152.5
1370190 2154.7
1370200 2155.8
1370210 2155.8
1370220 2156.9
1370230 2158.0
1370240 2158.0
1370250 2159.7
1370260 2162.8
1370270 2162.8
1370280 2164.6
1370290 2162.1
1370300 2162.1
1370310 2157.9
1370320 2154.8
1370330 2154.8
1370340 2151.8
1370350 2148.4
1370360 2145.2
1370370 2145.2
1370380 2142.1
1370390 2138.0
1370400 2138.0
1370410 2132.4
1370420 2126.4
1370430 2126.4
1370440 2120.5
1370450 2116.1
1370460 2116.1
1370470 2117.0
1370480 2119.8
1370490 2119.8
1370500 2123.9
1370510 2128.5
1370520 2128.5
1370530 2132.9
1370540 2136.9
1370550 2140.6
1370560 2140.6
1370570 2144.4
1370580 2147.5
1370590 2147.5
1370600 2148.7
1370610 2148.5
1370620 2148.5
1370630 2146.6
1370640 2144.4
1370650 2144.4
1370660 2142.4
1370670 2140.2
1370680 2140.2
1370690 2138.0
1370700 2135.8
1370710 2135.8
1370720 2133.8
1370730 2130.2
1370740 2128.3
1370750 2122.4
1370760 2121.2
1370770 2119.3
1370780 2119.3
1370790 2119.7
1370800 2120.8
1370810 2120.8
1370820 2119.9
1370830 2117.8
1370840 2117.8
1370850 2116.1
1370860 2114.7
1370870 2114.7
1370880 2113.5
1370890 2111.9
1370900 2111.9
1370910 2108.3
1370920 2104.3
1370930 2100.6
1370940 2100.6
1370950 2096.7
1370960 2093.4
1370970 2093.4
1370980 2091.1
1370990 2089.4
1371000 2089.4
1371010 2086.4
1371020 2084.1
1371030 2084.1
1371040 2081.6
1371050 2075.3
1371060 2075.3
1371070 2068.3
1371080 2061.6
1371090 2061.6
1371100 2054.3
1371110 2047.3
1371120 2047.3
1371130 2043.4
1371140 2043.4
1371150 2044.6
1371160 2044.6
1371170 2040.9
1371180 2039.4
1371190 2039.4
1371200 2038.8
1371210 2037.2
1371220 2037.2
1371230 2038.3
1371240 2042.5
1371250 2042.5
1371260 2047.7
1371270 2049.4
1371280 2049.4
1371290 2049.9
1371300 2053.2
1371310 2053.2
1371320 2057.6
1371330 2061.2
1371340 2063.9
1371350 2063.9
1371360 2066.1
1371370 2067.6
1371380 2067.6
1371390 2069.0
1371400 2070.5
1371410 2070.5
1371420 2072.2
1371430 2073.7
1371440 2073.7
1371450 2074.9
1371460 2075.0
1371470 2075.0
1371480 2074.8
1371490 2073.4
1371500 2073.4
1371510 2070.7
1371520 2068.8
1371530 2068.5
1371540 2068.5
1371550 2068.0
1371560 2067.1
1371570 2067.1
1371580 2066.7
1371590 2065.7
1371600 2065.7
1371610 2064.8
1371620 2063.5
1371630 2063.5
1371640 2062.1
1371650 2061.3
1371660 2061.3
1371670 2060.8
1371680 2060.8
1371690 2060.8
1371700 2061.5
1371710 2062.2
1371720 2062.2
1371730 2062.2
1371740 2060.0
1371750 2059.1
1371760 2059.1
1371770 2058.6
1371780 2056.7
1371790 2056.7
1371800 2049.5
1371810 2041.0
1371820 2041.0
1371830 2033.8
1371840 2027.3
1371850 2027.3
1371860 2019.5
1371870 2010.6
1371880 2010.6
1371890 2003.2
1371900 1996.5
1371910 1989.8
1371920 1989.8
1371930 1983.1
1371940 1976.7
1371950 1976.7
1371960 1970.1
1371970 1963.8
1371980 1963.8
1371990 1957.6
1372000 1952.2
1372010 1952.2
1372020 1946.0
1372030 1938.5
1372040 1938.5
1372050 1930.6
1372060 1922.2
1372070 1922.2
1372080 1914.1
1372090 1905.8
1372100 1898.2
1372110 1898.2
1372120 1890.3
1372130 1882.8
1372140 1882.8
1372150 1874.6
1372160 1867.8
1372170 1867.8
1372180 1861.6
1372190 1855.0
1372200 1855.0
1372210 1848.3
1372220 1841.1
1372230 1841.1
1372240 1832.9
1372250 1825.9
1372260 1825.9
1372270 1819.9
1372280 1814.9
1372290 1811.0
1372300 1811.0
1372310 1806.3
1372320 1800.9
1372330 1800.9
1372340 1795.6
1372350 1790.0
1372360 1790.0
1372370 1784.6
1372380 1779.7
1372390 1779.7
1372400 1775.5
1372410 1772.0
1372420 1772.0
1372430 1770.7
1372440 1769.9
1372450 1769.9
1372460 1769.8
1372470 1769.1
1372480 1767.6
1372490 1767.6
1372500 1763.6
1372510 1757.7
1372520 1757.7
1372530 1751.5
1372540 1746.8
1372550 1746.8
1372560 1743.5
1372570 1740.4
1372580 1740.4
1372590 1736.5
1372600 1730.7
1372610 1730.7
1372620 1724.0
1372630 1717.2
1372640 1717.2
1372650 1710.2
1372660 1703.3
1372670 1696.2
1372680 1696.2
1372690 1688.1
1372700 1680.5
1372710 1680.5
1372720 1674.4
1372730 1669.1
1372740 1669.1
1372750 1663.1
1372760 1656.2
1372770 1656.2
1372780 1649.6
1372790 1645.8
1372800 1645.8
1372810 1643.9
1372820 1642.0
1372830 1642.0
1372840 1640.6
1372850 1638.2
1372860 1637.3
1372870 1637.3
1372880 1637.4
1372890 1633.8
1372900 1633.8
1372910 1631.2
1372920 1629.8
1372930 1629.8
1372940 1626.4
1372950 1621.9
1372960 1621.9
1372970 1618.1
1372980 1614.5
1372990 1614.5
1373000 1605.0
1373010 1601.9
1373020 1601.9
1373030 1599.9
1373040 1598.9
1373050 1598.9
1373060 1598.9
1373070 1596.4
1373080 1590.9
1373090 1590.9
1373100 1585.3
1373110 1581.1
1373120 1581.1
1373130 1577.1
1373140 1573.4
1373150 1573.4
1373160 1569.3
1373170 1564.8
1373180 1564.8
1373190 1561.2
1373200 1556.8
1373210 1556.8
1373220 1551.3
1373230 1546.0
1373240 1546.0
1373250 1541.4
1373260 1536.3
1373270 1533.1
1373280 1533.1
1373290 1530.7
1373300 1532.1
1373310 1532.1
1373320 1537.6
1373330 1543.1
1373340 1543.1
1373350 1551.7
1373360 1561.4
1373370 1561.4
1373380 1569.9
1373390 1578.3
1373400 1578.3
1373410 1586.7
1373420 1594.8
1373430 1594.8
1373440 1601.8
1373450 1608.4
1373460 1614.2
1373470 1614.2
1373480 1619.6
1373490 1625.4
1373500 1625.4
1373510 1631.9
1373520 1639.2
1373530 1639.2
1373540 1647.2
1373550 1655.7
1373560 1655.7
1373570 1664.2
1373580 1672.7
1373590 1672.7
1373600 1683.6
1373610 1694.2
1373620 1694.2
1373630 1706.9
1373640 1714.8
1373650 1719.5
1373660 1719.5
1373670 1724.0
1373680 1729.4
1373690 1729.4
1373700 1732.7
1373710 1737.2
1373720 1737.2
1373730 1743.4
1373740 1747.9
1373750 1747.9
1373760 1753.0
1373770 1757.2
1373780 1757.2
1373790 1763.5
1373800 1768.1
1373810 1768.1
1373820 1773.9
1373830 1779.8
1373840 1785.5
1373850 1785.5
1373860 1791.1
1373870 1796.3
1373880 1796.3
1373890 1801.7
1373900 1807.4
1373910 1807.4
1373920 1813.1
1373930 1818.5
1373940 1818.5
1373950 1824.0
1373960 1829.2
1373970 1829.2
1373980 1834.3
1373990 1838.7
1374000 1838.7
1374010 1842.9
1374020 1847.7
1374030 1852.7
1374040 1852.7
1374050 1858.1
1374060 1863.6
1374070 1863.6
1374080 1869.5
1374090 1876.0
1374100 1876.0
1374110 1882.4
1374120 1889.4
1374130 1888.2
1374140 1894.1
1374150 1901.3
1374160 1901.3
1374170 1907.5
1374180 1913.0
1374190 1913.0
1374200 1918.3
1374210 1923.5
1374220 1928.9
1374230 1928.9
1374240 1932.9
1374250 1937.2
1374260 1937.2
1374270 1940.9
1374280 1944.1
1374290 1944.1
1374300 1947.5
1374310 1950.2
1374320 1950.2
1374330 1954.3
1374340 1958.5
1374350 1958.5
1374360 1962.4
1374370 1965.3
1374380 1965.3
1374390 1966.8
1374400 1967.0
1374410 1966.0
1374420 1966.0
1374430 1964.0
1374440 1962.0
1374450 1962.0
1374460 1960.4
1374470 1957.7
1374480 1957.7
1374490 1953.8
1374500 1950.0
1374510 1950.0
1374520 1945.9
1374530 1942.0
1374540 1942.0
1374550 1937.6
1374560 1933.5
1374570 1933.5
1374580 1930.0
1374590 1926.8
1374600 1923.2
1374610 1923.2
1374620 1919.5
1374630 1916.1
1374640 1916.1
1374650 1913.1
1374660 1908.3
1374670 1908.3
1374680 1903.0
1374690 1899.2
1374700 1899.2
1374710 1894.8
1374720 1888.6
1374730 1888.6
1374740 1881.3
1374750 1873.6
1374760 1873.6
1374770 1865.5
1374780 1856.2
1374790 1856.2
1374800 1845.0
1374810 1837.7
1374820 1842.0
1374830 1842.0
1374840 1842.1
1374850 1839.2
1374860 1839.2
1374870 1833.4
1374880 1821.8
1374890 1821.8
1374900 1807.8
1374910 1792.9
1374920 1792.9
1374930 1783.0
1374940 1781.2
1374950 1781.2
1374960 1776.9
1374970 1773.2
1374980 1773.2
1374990 1770.1
1375000 1766.5
1375010 1761.4
1375020 1761.4
1375030 1756.4
1375040 1752.3
1375050 1752.3
1375060 1748.1
1375070 1744.2
1375080 1744.2
1375090 1740.0
1375100 1737.4
1375110 1737.4
1375120 1743.9
1375130 1752.2
1375140 1752.2
1375150 1759.9
1375160 1766.8
1375170 1766.8
1375180 1773.8
1375190 1781.0
1375200 1788.1
1375210 1788.1
1375220 1795.0
1375230 1801.5
1375240 1801.5
1375250 1809.7
1375260 1817.1
1375270 1817.1
1375280 1824.8
1375290 1835.2
1375300 1835.2
1375310 1843.1
1375320 1850.3
1375330 1850.3
1375340 1857.8
1375350 1866.1
1375360 1866.1
1375370 1875.4
1375380 1883.4
1375390 1891.8
1375400 1891.8
1375410 1904.4
1375420 1917.9
1375430 1917.9
1375440 1926.5
1375450 1936.7
1375460 1936.7
1375470 1949.4
1375480 1958.2
1375490 1958.2
1375500 1963.0
1375510 1966.2
1375520 1966.2
1375530 1969.4
1375540 1972.4
1375550 1972.4
1375560 1975.2
1375570 1977.6
1375580 1979.6
1375590 1979.6
1375600 1981.6
1375610 1983.9
1375620 1983.9
1375630 1986.4
1375640 1988.3
1375650 1988.3
1375660 1989.8
1375670 1990.7
1375680 1990.7
1375690 1991.2
1375700 1991.3
1375710 1991.3
1375720 1991.4
1375730 1991.3
1375740 1991.3
1375750 1991.2
1375760 1991.2
1375770 1991.6
1375780 1991.6
1375790 1992.1
1375800 1993.3
1375810 1993.3
1375820 1995.5
1375830 1999.1
1375840 1999.1
1375850 2003.2
1375860 2006.2
1375870 2006.2
1375880 2008.6
1375890 2009.0
1375900 2009.0
1375910 2010.0
1375920 2014.1
1375930 2014.1
1375940 2016.0
1375950 2018.9
1375960 2022.8
1375970 2022.8
1375980 2026.1
1375990 2029.2
1376000 2029.2
1376010 2032.1
1376020 2035.2
1376030 2035.2
1376040 2038.4
1376050 2041.1
1376060 2041.1
1376070 2044.2
1376080 2046.9
1376090 2046.9
1376100 2049.7
1376110 2052.1
1376120 2052.1
1376130 2054.3
1376140 2056.3
1376150 2058.9
1376160 2058.9
1376170 2061.5
1376180 2063.6
1376190 2063.6
1376200 2065.2
1376210 2066.9
1376220 2066.9
1376230 2069.2
1376240 2072.5
1376250 2072.5
1376260 2076.0
1376270 2079.7
1376280 2079.7
1376290 2083.3
1376300 2087.3
1376310 2087.3
1376320 2091.8
1376330 2096.7
1376340 2101.8
1376350 2101.8
1376360 2106.7
1376370 2111.0
1376380 2111.0
1376390 2114.8
1376400 2118.5
1376410 2118.5
1376420 2122.1
1376430 2125.6
1376440 2125.6
1376450 2124.7
1376460 2127.5
1376470 2127.5
1376480 2130.7
1376490 2133.5
1376500 2133.5
1376510 2137.1
1376520 2140.8
1376530 2144.9
1376540 2144.9
1376550 2149.1
1376560 2153.0
1376570 2153.0
1376580 2156.7
1376590 2159.9
1376600 2159.9
1376610 2162.6
1376620 2164.6
1376630 2164.6
1376640 2166.1
1376650 2166.8
1376660 2166.8
1376670 2167.3
1376680 2167.9
1376690 2167.9
1376700 2168.9
1376710 2169.9
1376720 2169.9
1376730 2171.0
1376740 2172.3
1376750 2174.0
1376760 2174.0
1376770 2176.1
1376780 2177.6
1376790 2177.6
1376800 2178.6
1376810 2179.9
1376820 2179.9
1376830 2181.4
1376840 2183.1
1376850 2183.1
1376860 2183.9
1376870 2182.6
1376880 2182.6
1376890 2182.1
1376900 2177.7
1376910 2177.7
1376920 2165.8
1376930 2153.0
1376940 2146.1
1376950 2146.1
1376960 2142.3
1376970 2135.7
1376980 2135.7
1376990 2138.1
1377000 2145.3
1377010 2145.3
1377020 2149.6
1377030 2150.6
1377040 2150.6
1377050 2155.3
1377060 2156.3
1377070 2156.3
1377080 2150.1
1377090 2143.4
1377100 2143.4
1377110 2137.4
1377120 2134.1
1377130 2139.9
1377140 2139.9
1377150 2145.1
1377160 2151.1
1377170 2151.1
1377180 2150.8
1377190 2148.1
1377200 2148.1
1377210 2154.3
1377220 2165.9
1377230 2165.9
1377240 2165.3
1377250 2162.7
1377260 2162.7
1377270 2163.5
1377280 2164.4
1377290 2164.4
1377300 2164.2
1377310 2163.2
1377320 2161.9
1377330 2161.9
1377340 2159.5
1377350 2157.5
1377360 2157.5
1377370 2155.4
1377380 2154.4
1377390 2154.4
1377400 2154.3
1377410 2152.9
1377420 2152.9
1377430 2150.1
1377440 2148.5
1377450 2148.5
1377460 2147.9
1377470 2144.2
1377480 2144.2
1377490 2140.1
1377500 2137.0
1377510 2133.3
1377520 2133.3
1377530 2129.3
1377540 2127.9
1377550 2127.9
1377560 2121.4
1377570 2111.9
1377580 2111.9
1377590 2105.7
1377600 2101.9
1377610 2101.9
1377620 2087.2
1377630 2081.9
1377640 2081.9
1377650 2077.8
1377660 2073.2
1377670 2073.2
1377680 2067.9
1377690 2063.1
1377700 2058.6
1377710 2058.6
1377720 2053.6
1377730 2048.5
1377740 2048.5
1377750 2043.6
1377760 2038.8
1377770 2038.8
1377780 2034.9
1377790 2031.2
1377800 2031.2
1377810 2026.8
1377820 2021.4
1377830 2021.4
1377840 2015.0
1377850 2007.7
1377860 2007.7
1377870 1999.6
1377880 1991.4
1377890 1987.2
1377900 1987.2
1377910 1985.0
1377920 1980.5
1377930 1980.5
1377940 1973.0
1377950 1968.3
1377960 1968.3
1377970 1966.4
1377980 1964.1
1377990 1964.1
1378000 1960.3
1378010 1956.8
1378020 1956.8
1378030 1953.5
1378040 1949.9
1378050 1949.9
1378060 1947.9
1378070 1946.5
1378080 1944.2
1378090 1944.2
1378100 1941.5
1378110 1938.2
1378120 1938.2
1378130 1934.2
1378140 1928.7
1378150 1928.7
1378160 1920.9
1378170 1912.3
1378180 1912.3
1378190 1904.4
1378200 1895.9
1378210 1895.9
1378220 1886.4
1378230 1877.3
1378240 1877.3
1378250 1867.6
1378260 1858.1
1378270 1848.6
1378280 1848.6
1378290 1838.0
1378300 1827.3
1378310 1827.3
1378320 1820.0
1378330 1823.8
1378340 1823.8
1378350 1833.3
1378360 1842.8
1378370 1842.8
1378380 1852.3
1378390 1864.1
1378400 1864.1
1378410 1877.4
1378420 1889.9
1378430 1889.9
1378440 1901.0
1378450 1910.8
1378460 1910.8
1378470 1916.4
1378480 1919.4
1378490 1922.1
1378500 1922.1
1378510 1923.5
1378520 1925.3
1378530 1925.3
1378540 1927.4
1378550 1928.3
1378560 1928.3
1378570 1928.4
1378580 1928.6
1378590 1928.6
1378600 1927.4
1378610 1925.1
1378620 1925.1
1378630 1921.3
1378640 1918.4
1378650 1918.4
1378660 1919.6
1378670 1921.0
1378680 1920.9
1378690 1920.9
1378700 1919.7
1378710 1919.3
1378720 1919.3
1378730 1919.4
1378740 1919.1
1378750 1919.1
1378760 1918.2
1378770 1916.9
1378780 1916.9
1378790 1919.5
1378800 1921.1
1378810 1914.6
1378820 1916.8
1378830 1915.8
1378840 1915.8
1378850 1912.1
1378860 1911.4
1378870 1912.0
1378880 1912.0
1378890 1909.8
1378900 1912.1
1378910 1912.1
1378920 1913.0
1378930 1913.9
1378940 1913.9
1378950 1915.3
1378960 1915.6
1378970 1915.6
1378980 1915.2
1378990 1914.5
1379000 1914.5
1379010 1915.2
1379020 1915.8
1379030 1915.8
1379040 1915.5
1379050 1914.9
1379060 1914.2
1379070 1914.2
1379080 1913.9
1379090 1913.9
1379100 1913.9
1379110 1913.6
1379120 1913.9
1379130 1913.9
1379140 1914.1
1379150 1913.4
1379160 1913.4
1379170 1912.2
1379180 1911.8
1379190 1911.8
1379200 1912.1
1379210 1913.3
1379220 1913.3
1379230 1914.4
1379240 1914.1
1379250 1914.2
1379260 1914.2
1379270 1914.3
1379280 1914.4
1379290 1914.4
1379300 1914.9
1379310 1914.9
1379320 1914.9
1379330 1914.1
1379340 1912.9
1379350 1912.9
1379360 1911.7
1379370 1910.4
1379380 1910.4
1379390 1907.7
1379400 1903.8
1379410 1903.8
1379420 1900.5
1379430 1897.8
1379440 1895.3
1379450 1895.3
1379460 1892.5
1379470 1890.7
1379480 1890.7
1379490 1889.8
1379500 1888.0
1379510 1888.0
1379520 1885.6
1379530 1882.9
1379540 1882.9
1379550 1880.6
1379560 1877.7
1379570 1877.7
1379580 1875.3
1379590 1873.2
1379600 1873.2
1379610 1871.0
1379620 1867.9
1379630 1864.1
1379640 1864.1
1379650 1861.5
1379660 1858.4
1379670 1858.4
1379680 1854.3
1379690 1851.0
1379700 1851.0
1379710 1847.4
1379720 1843.8
1379730 1843.8
1379740 1840.4
1379750 1838.1
1379760 1838.1
1379770 1834.8
1379780 1832.0
1379790 1832.0
1379800 1829.2
1379810 1826.7
1379820 1826.5
1379830 1826.5
1379840 1824.3
1379850 1822.6
1379860 1822.6
1379870 1820.8
1379880 1815.6
1379890 1815.6
1379900 1811.8
1379910 1811.8
1379920 1811.8
1379930 1810.7
1379940 1807.9
1379950 1807.9
1379960 1804.5
1379970 1802.1
1379980 1802.1
1379990 1799.0
