1360000 2224.3
1360010 2224.3
1360020 2216.6
1360030 2205.7
1360040 2205.7
1360050 2195.3
1360060 2185.3
1360070 2185.3
1360080 2177.8
1360090 2172.0
1360100 2172.0
1360110 2166.2
1360120 2158.3
1360130 2158.3
1360140 2148.3
1360150 2139.3
1360160 2139.3
1360170 2130.0
1360180 2123.6
1360190 2118.4
1360200 2118.4
1360210 2110.3
1360220 2101.0
1360230 2101.0
1360240 2092.4
1360250 2078.5
1360260 2078.5
1360270 2053.8
1360280 2039.9
1360290 2039.9
1360300 2031.8
1360310 2026.2
1360320 2026.2
1360330 2015.5
1360340 2001.9
1360350 2001.9
1360360 1989.6
1360370 1975.0
1360380 1965.3
1360390 1965.3
1360400 1957.8
1360410 1949.6
1360420 1949.6
1360430 1932.1
1360440 1916.9
1360450 1916.9
1360460 1906.7
1360470 1896.2
1360480 1896.2
1360490 1886.9
1360500 1878.3
1360510 1878.3
1360520 1869.4
1360530 1860.8
1360540 1860.8
1360550 1852.2
1360560 1843.9
1360570 1836.5
1360580 1836.5
1360590 1830.8
1360600 1823.3
1360610 1823.3
1360620 1814.7
1360630 1806.0
1360640 1806.0
1360650 1797.0
1360660 1788.4
1360670 1788.4
1360680 1780.4
1360690 1771.4
1360700 1771.4
1360710 1763.3
1360720 1757.2
1360730 1757.2
1360740 1750.9
1360750 1744.3
1360760 1744.3
1360770 1737.1
1360780 1729.8
1360790 1723.7
1360800 1723.7
1360810 1716.8
1360820 1716.8
1360830 1716.8
1360840 1718.7
1360850 1722.8
1360860 1722.8
1360870 1725.8
1360880 1727.4
1360890 1727.4
1360900 1728.7
1360910 1730.0
1360920 1730.0
1360930 1730.3
1360940 1730.9
1360950 1730.9
1360960 1732.3
1360970 1733.7
1360980 1735.0
1360990 1735.0
1361000 1736.6
1361010 1738.0
1361020 1738.0
1361030 1740.0
1361040 1741.9
1361050 1741.9
1361060 1744.6
1361070 1747.3
1361080 1747.3
1361090 1749.4
1361100 1751.5
1361110 1751.5
1361120 1753.5
1361130 1756.5
1361140 1756.5
1361150 1759.7
1361160 1762.3
1361170 1765.2
1361180 1765.2
1361190 1769.4
1361200 1775.4
1361210 1775.4
1361220 1781.1
1361230 1786.5
1361240 1786.5
1361250 1791.2
1361260 1796.0
1361270 1796.0
1361280 1800.2
1361290 1803.7
1361300 1803.7
1361310 1807.4
1361320 1811.7
1361330 1811.7
1361340 1816.3
1361350 1821.4
1361360 1826.5
1361370 1826.5
1361380 1831.8
1361390 1837.0
1361400 1837.0
1361410 1842.1
1361420 1847.1
1361430 1847.1
1361440 1851.9
1361450 1856.2
1361460 1856.2
1361470 1860.6
1361480 1865.9
1361490 1865.9
1361500 1871.9
1361510 1878.0
1361520 1878.0
1361530 1885.5
1361540 1893.6
1361550 1903.1
1361560 1903.1
1361570 1913.8
1361580 1925.5
1361590 1925.5
1361600 1935.7
1361610 1943.5
1361620 1943.5
1361630 1951.6
1361640 1956.2
1361650 1956.2
1361660 1961.0
1361670 1967.7
1361680 1967.7
1361690 1976.4
1361700 1988.2
1361710 1988.2
1361720 2000.0
1361730 2009.6
1361740 2017.4
1361750 2017.4
1361760 2024.0
1361770 2032.5
1361780 2032.5
1361790 2040.7
1361800 2047.4
1361810 2047.4
1361820 2054.3
1361830 2060.8
1361840 2053.7
1361850 2061.5
1361860 2070.8
1361870 2070.8
1361880 2081.8
1361890 2091.3
1361900 2091.3
1361910 2104.6
1361920 2118.6
1361930 2118.6
1361940 2128.3
1361950 2136.7
1361960 2144.6
1361970 2144.6
1361980 2152.2
1361990 2161.5
1362000 2161.5
1362010 2169.2
1362020 2175.4
1362030 2175.4
1362040 2182.2
1362050 2190.2
1362060 2190.2
1362070 2197.5
1362080 2202.9
1362090 2202.9
1362100 2207.7
1362110 2212.1
1362120 2212.1
1362130 2216.9
1362140 2221.2
1362150 2225.1
1362160 2225.1
1362170 2228.1
1362180 2234.5
1362190 2234.5
1362200 2242.0
1362210 2247.6
1362220 2247.6
1362230 2253.2
1362240 2259.7
1362250 2259.7
1362260 2268.8
1362270 2282.8
1362280 2282.8
1362290 2297.2
1362300 2306.0
1362310 2306.0
1362320 2312.9
1362330 2319.9
1362340 2325.6
1362350 2325.6
1362360 2331.9
1362370 2338.2
1362380 2338.2
1362390 2344.1
1362400 2351.1
1362410 2351.1
1362420 2358.9
1362430 2366.2
1362440 2366.2
1362450 2372.6
1362460 2379.6
1362470 2379.6
1362480 2387.1
1362490 2395.0
1362500 2395.0
1362510 2403.1
1362520 2413.8
1362530 2428.2
1362540 2428.2
1362550 2439.3
1362560 2448.1
1362570 2448.1
1362580 2457.0
1362590 2464.2
1362600 2464.2
1362610 2473.1
1362620 2482.6
1362630 2482.6
1362640 2488.8
1362650 2492.4
1362660 2492.4
1362670 2496.6
1362680 2501.9
1362690 2501.9
1362700 2508.3
1362710 2514.4
1362720 2521.1
1362730 2521.1
1362740 2526.5
1362750 2531.0
1362760 2531.0
1362770 2535.0
1362780 2540.4
1362790 2540.4
1362800 2545.8
1362810 2551.0
1362820 2551.0
1362830 2556.3
1362840 2562.2
1362850 2562.2
1362860 2569.4
1362870 2571.7
1362880 2571.7
1362890 2578.6
1362900 2585.8
1362910 2593.1
1362920 2593.1
1362930 2600.1
1362940 2606.9
1362950 2606.9
1362960 2613.8
1362970 2622.1
1362980 2622.1
1362990 2633.1
1363000 2645.3
1363010 2645.3
1363020 2652.7
1363030 2661.4
1363040 2661.4
1363050 2672.1
1363060 2683.1
1363070 2683.1
1363080 2692.0
1363090 2700.7
1363100 2700.7
1363110 2708.1
1363120 2715.0
1363130 2723.9
1363140 2723.9
1363150 2732.3
1363160 2741.1
1363170 2741.1
1363180 2750.3
1363190 2759.4
1363200 2759.4
1363210 2769.2
1363220 2779.4
1363230 2779.4
1363240 2789.1
1363250 2795.4
1363260 2795.4
1363270 2800.0
1363280 2805.8
1363290 2805.8
1363300 2812.7
1363310 2820.1
1363320 2828.2
1363330 2828.2
1363340 2837.5
1363350 2847.5
1363360 2847.5
1363370 2856.0
1363380 2858.9
1363390 2858.9
1363400 2852.5
1363410 2844.3
1363420 2844.3
1363430 2835.7
1363440 2827.1
1363450 2827.1
1363460 2816.6
1363470 2806.7
1363480 2806.7
1363490 2797.3
1363500 2787.7
1363510 2777.9
1363520 2777.9
1363530 2767.8
1363540 2756.1
1363550 2756.1
1363560 2745.4
1363570 2735.7
1363580 2735.7
1363590 2727.1
1363600 2720.3
1363610 2720.3
1363620 2713.6
1363630 2706.8
1363640 2706.8
1363650 2699.9
1363660 2693.0
1363670 2693.0
1363680 2685.9
1363690 2678.0
1363700 2669.8
1363710 2669.8
1363720 2661.2
1363730 2651.0
1363740 2651.0
1363750 2638.8
1363760 2627.4
1363770 2627.4
1363780 2614.9
1363790 2603.7
1363800 2603.7
1363810 2594.5
1363820 2585.8
1363830 2585.8
1363840 2578.1
1363850 2571.7
1363860 2571.7
1363870 2565.4
1363880 2559.5
1363890 2554.0
1363900 2554.0
1363910 2548.5
1363920 2540.7
1363930 2540.7
1363940 2534.8
1363950 2528.9
1363960 2528.9
1363970 2520.3
1363980 2511.4
1363990 2511.4
1364000 2502.6
1364010 2487.6
1364020 2487.6
1364030 2474.9
1364040 2465.8
1364050 2465.8
1364060 2458.4
1364070 2452.0
1364080 2444.2
1364090 2444.2
1364100 2437.0
1364110 2431.6
1364120 2431.6
1364130 2426.4
1364140 2422.1
1364150 2422.1
1364160 2417.9
1364170 2413.7
1364180 2413.7
1364190 2410.3
1364200 2407.0
1364210 2407.0
1364220 2403.6
1364230 2397.8
1364240 2397.8
1364250 2391.9
1364260 2384.9
1364270 2384.9
1364280 2377.3
1364290 2372.2
1364300 2367.9
1364310 2367.9
1364320 2363.9
1364330 2359.7
1364340 2359.7
1364350 2355.2
1364360 2350.9
1364370 2350.9
1364380 2347.6
1364390 2344.5
1364400 2344.5
1364410 2340.9
1364420 2337.0
1364430 2337.0
1364440 2334.1
1364450 2331.6
1364460 2331.6
1364470 2328.9
1364480 2325.8
1364490 2323.3
1364500 2323.3
1364510 2321.2
1364520 2319.2
1364530 2319.2
1364540 2317.0
1364550 2314.8
1364560 2314.8
1364570 2312.3
1364580 2310.1
1364590 2310.1
1364600 2309.0
1364610 2308.1
1364620 2308.1
1364630 2306.0
1364640 2307.7
1364650 2307.7
1364660 2312.1
1364670 2317.0
1364680 2321.2
1364690 2321.2
1364700 2326.2
1364710 2331.2
1364720 2331.2
1364730 2337.0
1364740 2343.0
1364750 2343.0
1364760 2348.8
1364770 2354.1
1364780 2354.1
1364790 2359.4
1364800 2364.9
1364810 2364.9
1364820 2370.4
1364830 2376.0
1364840 2376.0
1364850 2382.1
1364860 2388.0
1364870 2392.8
1364880 2392.8
1364890 2396.2
1364900 2398.8
1364910 2398.8
1364920 2401.7
1364930 2404.8
1364940 2404.8
1364950 2407.3
1364960 2408.5
1364970 2404.3
1364980 2409.2
1364990 2415.6
1365000 2415.6
1365010 2421.6
1365020 2427.5
1365030 2427.5
1365040 2432.5
1365050 2435.1
1365060 2436.9
1365070 2436.9
1365080 2440.4
1365090 2443.3
1365100 2443.3
1365110 2444.5
1365120 2445.9
1365130 2445.9
1365140 2449.7
1365150 2453.2
1365160 2453.2
1365170 2456.3
1365180 2459.6
1365190 2459.6
1365200 2463.5
1365210 2467.7
1365220 2467.7
1365230 2471.9
1365240 2476.0
1365250 2480.2
1365260 2480.2
1365270 2484.1
1365280 2488.6
1365290 2488.6
1365300 2493.9
1365310 2499.8
1365320 2499.8
1365330 2506.3
1365340 2513.3
1365350 2513.3
1365360 2520.4
1365370 2527.2
1365380 2527.2
1365390 2534.4
1365400 2541.8
1365410 2541.8
1365420 2549.7
1365430 2556.5
1365440 2556.5
1365450 2562.7
1365460 2569.2
1365470 2577.1
1365480 2577.1
1365490 2585.1
1365500 2591.8
1365510 2591.8
1365520 2598.9
1365530 2605.6
1365540 2605.6
1365550 2611.8
1365560 2617.7
1365570 2617.7
1365580 2624.5
1365590 2632.0
1365600 2632.0
1365610 2639.8
1365620 2647.5
1365630 2647.5
1365640 2654.8
1365650 2662.6
1365660 2670.4
1365670 2670.4
1365680 2678.5
1365690 2686.8
1365700 2686.8
1365710 2694.4
1365720 2701.8
1365730 2701.8
1365740 2708.4
1365750 2713.6
1365760 2713.6
1365770 2713.0
1365780 2708.4
1365790 2708.4
1365800 2703.5
1365810 2699.4
1365820 2699.4
1365830 2696.7
1365840 2694.6
1365850 2688.7
1365860 2688.7
1365870 2679.9
1365880 2670.8
1365890 2670.8
1365900 2660.5
1365910 2647.6
1365920 2647.6
1365930 2635.4
1365940 2622.4
1365950 2622.4
1365960 2610.3
1365970 2599.5
1365980 2599.5
1365990 2587.0
1366000 2576.9
1366010 2576.9
1366020 2569.4
1366030 2561.5
1366040 2553.5
1366050 2553.5
1366060 2545.3
1366070 2535.7
1366080 2535.7
1366090 2527.3
1366100 2520.0
1366110 2520.0
1366120 2513.5
1366130 2507.7
1366140 2507.7
1366150 2502.4
1366160 2497.8
1366170 2497.8
1366180 2493.5
1366190 2489.0
1366200 2489.0
1366210 2484.5
1366220 2481.3
1366230 2477.7
1366240 2477.7
1366250 2475.0
1366260 2472.4
1366270 2472.4
1366280 2472.2
1366290 2471.8
1366300 2471.8
1366310 2471.6
1366320 2471.2
1366330 2471.2
1366340 2470.6
1366350 2470.5
1366360 2470.5
1366370 2470.1
1366380 2470.5
1366390 2470.5
1366400 2472.9
1366410 2476.2
1366420 2479.5
1366430 2479.5
1366440 2481.5
1366450 2482.2
1366460 2482.2
1366470 2481.7
1366480 2480.2
1366490 2480.2
1366500 2477.3
1366510 2475.0
1366520 2475.0
1366530 2474.4
1366540 2471.8
1366550 2471.8
1366560 2469.3
1366570 2466.9
1366580 2466.9
1366590 2464.1
1366600 2461.0
1366610 2461.0
1366620 2458.2
1366630 2456.5
1366640 2455.1
1366650 2455.1
1366660 2453.2
1366670 2450.6
1366680 2450.6
1366690 2449.3
1366700 2447.8
1366710 2447.8
1366720 2446.1
1366730 2445.1
1366740 2445.1
1366750 2443.5
1366760 2442.5
1366770 2442.5
1366780 2440.3
1366790 2437.2
1366800 2437.2
1366810 2438.5
1366820 2444.7
1366830 2449.3
1366840 2449.3
1366850 2450.6
1366860 2451.4
1366870 2451.4
1366880 2452.4
1366890 2453.1
1366900 2453.1
1366910 2453.7
1366920 2451.8
1366930 2451.8
1366940 2448.2
1366950 2445.4
1366960 2445.4
1366970 2443.6
1366980 2443.0
1366990 2443.0
1367000 2441.6
1367010 2439.9
1367020 2438.3
1367030 2438.3
1367040 2437.2
1367050 2436.2
1367060 2436.2
1367070 2436.0
1367080 2436.9
1367090 2436.9
1367100 2436.8
1367110 2432.4
1367120 2432.4
1367130 2431.0
1367140 2428.4
1367150 2428.4
1367160 2429.2
1367170 2430.4
1367180 2430.4
1367190 2434.2
1367200 2438.5
1367210 2441.9
1367220 2441.9
1367230 2444.0
1367240 2446.3
1367250 2446.3
1367260 2449.8
1367270 2455.4
1367280 2455.4
1367290 2462.9
1367300 2471.3
1367310 2471.3
1367320 2479.6
1367330 2482.9
1367340 2482.9
1367350 2486.6
1367360 2489.9
1367370 2489.9
1367380 2492.1
1367390 2495.1
1367400 2498.3
1367410 2498.3
1367420 2501.6
1367430 2508.0
1367440 2508.0
1367450 2515.3
1367460 2524.9
1367470 2524.9
1367480 2532.9
1367490 2537.1
1367500 2537.1
1367510 2541.2
1367520 2542.9
1367530 2542.9
1367540 2547.2
1367550 2552.0
1367560 2552.0
1367570 2558.0
1367580 2564.7
1367590 2575.4
1367600 2575.4
1367610 2591.9
1367620 2605.9
1367630 2605.9
1367640 2611.3
1367650 2611.7
1367660 2611.7
1367670 2612.3
1367680 2615.0
1367690 2615.0
1367700 2619.1
1367710 2621.1
1367720 2621.1
1367730 2620.0
1367740 2616.5
1367750 2616.5
1367760 2614.1
1367770 2613.8
1367780 2615.4
1367790 2615.4
1367800 2616.7
1367810 2619.6
1367820 2619.6
1367830 2622.4
1367840 2626.1
1367850 2626.1
1367860 2631.0
1367870 2641.1
1367880 2641.1
1367890 2650.9
1367900 2655.8
1367910 2655.8
1367920 2656.8
1367930 2655.6
1367940 2655.6
1367950 2651.2
1367960 2650.7
1367970 2650.7
1367980 2652.1
1367990 2654.4
1368000 2657.4
1368010 2657.4
1368020 2661.6
1368030 2665.6
1368040 2665.6
1368050 2670.3
1368060 2676.6
1368070 2676.6
1368080 2683.2
1368090 2690.0
1368100 2690.0
1368110 2696.8
1368120 2704.4
1368130 2704.4
1368140 2714.3
1368150 2724.1
1368160 2724.1
1368170 2733.9
1368180 2746.5
1368190 2761.2
1368200 2761.2
1368210 2754.8
1368220 2737.5
1368230 2737.5
1368240 2722.0
1368250 2708.3
1368260 2708.3
1368270 2695.4
1368280 2681.5
1368290 2681.5
1368300 2672.3
1368310 2666.0
1368320 2666.0
1368330 2661.9
1368340 2659.7
1368350 2659.7
1368360 2659.0
1368370 2659.4
1368380 2658.3
1368390 2658.3
1368400 2656.8
1368410 2655.3
1368420 2655.3
1368430 2655.1
1368440 2653.5
1368450 2653.5
1368460 2651.8
1368470 2648.1
1368480 2648.1
1368490 2646.7
1368500 2648.3
1368510 2648.3
1368520 2650.8
1368530 2653.2
1368540 2653.2
1368550 2654.6
1368560 2655.0
1368570 2655.6
1368580 2655.6
1368590 2655.5
1368600 2655.1
1368610 2655.1
1368620 2655.0
1368630 2652.3
1368640 2652.3
1368650 2649.6
1368660 2647.1
1368670 2647.1
1368680 2644.6
1368690 2642.5
1368700 2642.5
1368710 2641.2
1368720 2639.4
1368730 2639.4
1368740 2637.2
1368750 2634.1
1368760 2631.4
1368770 2631.4
1368780 2629.2
1368790 2627.2
1368800 2627.2
1368810 2625.6
1368820 2623.5
1368830 2623.5
1368840 2621.9
1368850 2621.0
1368860 2621.0
1368870 2620.4
1368880 2619.4
1368890 2619.4
1368900 2618.1
1368910 2617.1
1368920 2617.1
1368930 2616.0
1368940 2614.8
1368950 2613.1
1368960 2613.1
1368970 2611.5
1368980 2610.8
1368990 2610.8
1369000 2610.1
1369010 2608.7
1369020 2608.7
1369030 2606.7
1369040 2604.7
1369050 2604.7
1369060 2602.4
1369070 2601.0
1369080 2601.0
1369090 2600.1
1369100 2599.5
1369110 2599.5
1369120 2598.7
1369130 2597.9
1369140 2597.9
1369150 2595.2
1369160 2589.0
1369170 2583.7
1369180 2583.7
1369190 2577.5
1369200 2570.0
1369210 2570.0
1369220 2561.2
1369230 2551.5
1369240 2551.5
1369250 2545.5
1369260 2539.4
1369270 2539.4
1369280 2533.1
1369290 2530.5
1369300 2530.5
1369310 2529.1
1369320 2530.7
1369330 2530.7
1369340 2531.9
1369350 2529.6
1369360 2529.0
1369370 2529.0
1369380 2529.6
1369390 2529.3
1369400 2529.3
1369410 2530.6
1369420 2532.1
1369430 2532.1
1369440 2533.1
1369450 2534.0
1369460 2534.0
1369470 2534.7
1369480 2535.3
1369490 2535.3
1369500 2537.0
1369510 2537.2
1369520 2537.2
1369530 2539.3
1369540 2541.3
1369550 2543.8
1369560 2543.8
1369570 2546.6
1369580 2549.5
1369590 2549.5
1369600 2552.2
1369610 2552.8
1369620 2552.8
1369630 2554.1
1369640 2555.5
1369650 2555.5
1369660 2556.6
1369670 2557.3
1369680 2557.3
1369690 2556.6
1369700 2555.7
1369710 2555.7
1369720 2554.8
1369730 2554.9
1369740 2555.1
1369750 2555.1
1369760 2555.0
1369770 2554.3
1369780 2554.3
1369790 2553.0
1369800 2551.4
1369810 2551.4
1369820 2551.2
1369830 2551.7
1369840 2551.7
1369850 2551.5
1369860 2550.7
1369870 2550.7
1369880 2549.9
1369890 2550.3
1369900 2550.3
1369910 2552.9
1369920 2556.5
1369930 2559.8
1369940 2559.8
1369950 2563.2
1369960 2566.1
1369970 2566.1
1369980 2568.2
1369990 2569.0
1370000 2569.0
1370010 2569.6
1370020 2569.0
1370030 2569.0
1370040 2568.5
1370050 2571.7
1370060 2571.7
1370070 2590.5
1370080 2606.9
1370090 2606.9
1370100 2617.2
1370110 2622.8
1370120 2623.7
1370130 2623.7
1370140 2622.3
1370150 2620.8
1370160 2620.8
1370170 2627.5
1370180 2634.2
1370190 2634.2
1370200 2635.5
1370210 2639.5
1370220 2639.5
1370230 2643.7
1370240 2648.2
1370250 2648.2
1370260 2653.1
1370270 2654.6
1370280 2654.6
1370290 2653.6
1370300 2652.0
1370310 2652.0
1370320 2650.7
1370330 2649.4
1370340 2648.1
1370350 2648.1
1370360 2647.1
1370370 2646.6
1370380 2639.6
1370390 2639.0
1370400 2636.9
1370410 2636.9
1370420 2633.4
1370430 2628.8
1370440 2628.8
1370450 2621.5
1370460 2612.1
1370470 2612.1
1370480 2601.3
1370490 2593.5
1370500 2593.5
1370510 2586.0
1370520 2571.5
1370530 2560.2
1370540 2560.2
1370550 2547.3
1370560 2542.8
1370570 2542.8
1370580 2538.2
1370590 2532.9
1370600 2532.9
1370610 2526.8
1370620 2520.2
1370630 2520.2
1370640 2513.9
1370650 2508.3
1370660 2508.3
1370670 2502.4
1370680 2496.7
1370690 2496.7
1370700 2492.3
1370710 2488.9
1370720 2485.0
1370730 2485.0
1370740 2480.5
1370750 2475.0
1370760 2475.0
1370770 2470.5
1370780 2465.9
1370790 2465.9
1370800 2461.9
1370810 2458.5
1370820 2458.5
1370830 2454.8
1370840 2451.9
1370850 2451.9
1370860 2449.8
1370870 2448.5
1370880 2448.5
1370890 2446.3
1370900 2444.0
1370910 2444.2
1370920 2444.2
1370930 2444.9
1370940 2445.1
1370950 2445.1
1370960 2444.0
1370970 2440.8
1370980 2440.8
1370990 2436.7
1371000 2432.8
1371010 2432.8
1371020 2428.0
1371030 2422.9
1371040 2422.9
1371050 2423.6
1371060 2425.0
1371070 2425.0
1371080 2424.1
1371090 2420.7
1371100 2417.0
1371110 2417.0
1371120 2413.4
1371130 2407.0
1371140 2407.0
1371150 2399.6
1371160 2391.8
1371170 2391.8
1371180 2383.8
1371190 2376.0
1371200 2376.0
1371210 2368.5
1371220 2362.0
1371230 2362.0
1371240 2355.8
1371250 2350.5
1371260 2350.5
1371270 2344.2
1371280 2336.6
1371290 2328.2
1371300 2328.2
1371310 2319.9
1371320 2312.2
1371330 2312.2
1371340 2306.0
1371350 2300.1
1371360 2300.1
1371370 2294.2
1371380 2288.2
1371390 2288.2
1371400 2282.6
1371410 2276.3
1371420 2276.3
1371430 2269.5
1371440 2260.7
1371450 2260.7
1371460 2250.6
1371470 2241.6
1371480 2234.0
1371490 2234.0
1371500 2229.9
1371510 2225.1
1371520 2225.1
1371530 2219.3
1371540 2211.8
1371550 2211.8
1371560 2204.1
1371570 2197.0
1371580 2197.0
1371590 2189.2
1371600 2182.0
1371610 2182.0
1371620 2175.4
1371630 2169.9
1371640 2169.9
1371650 2164.6
1371660 2159.9
1371670 2159.9
1371680 2156.1
1371690 2152.6
1371700 2149.1
1371710 2149.1
1371720 2145.2
1371730 2140.9
1371740 2140.9
1371750 2136.0
1371760 2131.6
1371770 2131.6
1371780 2125.9
1371790 2120.1
1371800 2120.1
1371810 2114.8
1371820 2108.1
1371830 2108.1
1371840 2101.0
1371850 2095.6
1371860 2095.6
1371870 2092.6
1371880 2088.9
1371890 2085.4
1371900 2085.4
1371910 2081.7
1371920 2077.3
1371930 2077.3
1371940 2071.3
1371950 2064.3
1371960 2064.3
1371970 2057.3
1371980 2050.0
1371990 2050.0
1372000 2042.9
1372010 2037.4
1372020 2037.4
1372030 2032.3
1372040 2025.8
1372050 2025.8
1372060 2019.0
1372070 2011.6
1372080 2005.5
1372090 2005.5
1372100 2000.1
1372110 1995.1
1372120 1995.1
1372130 1989.7
1372140 1983.9
1372150 1983.9
1372160 1977.7
1372170 1971.4
1372180 1971.4
1372190 1966.1
1372200 1960.6
1372210 1960.6
1372220 1954.0
1372230 1946.3
1372240 1946.3
1372250 1938.5
1372260 1931.5
1372270 1925.2
1372280 1925.2
1372290 1920.0
1372300 1915.2
1372310 1915.2
1372320 1909.6
1372330 1904.2
1372340 1904.2
1372350 1898.8
1372360 1892.8
1372370 1892.8
1372380 1887.4
1372390 1881.2
1372400 1881.2
1372410 1874.6
1372420 1868.7
1372430 1868.7
1372440 1862.3
1372450 1854.8
1372460 1848.2
1372470 1848.2
1372480 1843.5
1372490 1840.6
1372500 1840.6
1372510 1839.1
1372520 1838.4
1372530 1838.4
1372540 1836.9
1372550 1834.5
1372560 1834.5
1372570 1831.1
1372580 1827.2
1372590 1827.2
1372600 1822.8
1372610 1818.6
1372620 1822.6
1372630 1816.7
1372640 1810.0
1372650 1802.9
1372660 1802.9
1372670 1795.4
1372680 1787.5
1372690 1787.5
1372700 1779.5
1372710 1771.7
1372720 1771.7
1372730 1765.1
1372740 1759.4
1372750 1759.4
1372760 1753.3
1372770 1747.1
1372780 1747.1
1372790 1740.7
1372800 1734.7
1372810 1734.7
1372820 1728.6
1372830 1721.9
1372840 1721.9
1372850 1714.1
1372860 1706.6
1372870 1700.8
1372880 1700.8
1372890 1697.1
1372900 1693.9
1372910 1693.9
1372920 1692.0
1372930 1694.1
1372940 1694.1
1372950 1700.0
1372960 1707.4
1372970 1707.4
1372980 1715.5
1372990 1721.6
1373000 1721.6
1373010 1722.6
1373020 1721.0
1373030 1721.0
1373040 1718.4
1373050 1718.4
1373060 1723.7
1373070 1723.7
1373080 1729.6
1373090 1731.6
1373100 1731.6
1373110 1732.3
1373120 1732.7
1373130 1732.7
1373140 1735.8
1373150 1738.4
1373160 1738.4
1373170 1740.3
1373180 1744.9
1373190 1744.9
1373200 1749.5
1373210 1753.8
1373220 1753.8
1373230 1758.2
1373240 1762.6
1373250 1766.5
1373260 1766.5
1373270 1770.8
1373280 1775.3
1373290 1775.3
1373300 1778.2
1373310 1780.4
1373320 1780.4
1373330 1782.6
1373340 1784.5
1373350 1784.5
1373360 1786.7
1373370 1789.4
1373380 1789.4
1373390 1792.5
1373400 1796.3
1373410 1796.3
1373420 1800.2
1373430 1803.4
1373440 1807.7
1373450 1807.7
1373460 1813.1
1373470 1817.7
1373480 1817.7
1373490 1822.4
1373500 1827.2
1373510 1827.2
1373520 1832.0
1373530 1836.8
1373540 1836.8
1373550 1841.5
1373560 1846.7
1373570 1846.7
1373580 1852.1
1373590 1858.0
1373600 1858.0
1373610 1863.7
1373620 1868.9
1373630 1873.4
1373640 1873.4
1373650 1878.1
1373660 1883.8
1373670 1883.8
1373680 1891.1
1373690 1899.4
1373700 1899.4
1373710 1907.3
1373720 1914.2
1373730 1914.2
1373740 1919.4
1373750 1913.7
1373760 1913.7
1373770 1916.7
1373780 1922.3
1373790 1922.3
1373800 1929.6
1373810 1939.3
1373820 1949.8
1373830 1949.8
1373840 1963.3
1373850 1981.2
1373860 1981.2
1373870 1994.5
1373880 2001.9
1373890 2001.9
1373900 2008.6
1373910 2016.1
1373920 2016.1
1373930 2024.6
1373940 2033.1
1373950 2033.1
1373960 2040.4
1373970 2047.8
1373980 2047.8
1373990 2054.5
1374000 2060.9
1374010 2067.2
1374020 2067.2
1374030 2073.4
1374040 2079.5
1374050 2079.5
1374060 2085.9
1374070 2092.5
1374080 2092.5
1374090 2099.4
1374100 2107.0
1374110 2107.0
1374120 2114.3
1374130 2120.6
1374140 2120.6
1374150 2127.0
1374160 2133.3
1374170 2133.3
1374180 2139.0
1374190 2144.4
1374200 2144.4
1374210 2149.8
1374220 2155.8
1374230 2162.4
1374240 2162.4
1374250 2167.6
1374260 2171.9
1374270 2171.9
1374280 2176.1
1374290 2180.1
1374300 2180.1
1374310 2184.1
1374320 2187.9
1374330 2187.9
1374340 2191.6
1374350 2195.0
1374360 2195.0
1374370 2198.2
1374380 2201.1
1374390 2201.1
1374400 2203.8
1374410 2206.5
1374420 2208.9
1374430 2208.9
1374440 2210.9
1374450 2212.3
1374460 2212.3
1374470 2212.9
1374480 2212.6
1374490 2212.6
1374500 2211.4
1374510 2209.6
1374520 2209.6
1374530 2206.5
1374540 2199.2
1374550 2199.2
1374560 2190.9
1374570 2183.0
1374580 2183.0
1374590 2176.5
1374600 2171.9
1374610 2166.0
1374620 2166.0
1374630 2158.8
1374640 2153.2
1374650 2153.2
1374660 2149.1
1374670 2143.8
1374680 2143.8
1374690 2137.8
1374700 2130.9
1374710 2130.9
1374720 2124.5
1374730 2118.8
1374740 2118.8
1374750 2114.5
1374760 2110.0
1374770 2110.0
1374780 2103.7
1374790 2097.7
1374800 2091.9
1374810 2091.9
1374820 2085.9
1374830 2080.1
1374840 2080.1
1374850 2073.4
1374860 2067.1
1374870 2067.1
1374880 2061.9
1374890 2057.6
1374900 2058.0
1374910 2054.8
1374920 2052.0
1374930 2052.0
1374940 2048.6
1374950 2044.9
1374960 2044.9
1374970 2040.7
1374980 2036.5
1374990 2032.6
1375000 2032.6
1375010 2028.3
1375020 2024.0
1375030 2024.0
1375040 2019.0
1375050 2012.3
1375060 2012.3
1375070 2005.8
1375080 2001.2
1375090 2001.2
1375100 1999.6
1375110 2003.1
1375120 2003.1
1375130 2008.3
1375140 2014.5
1375150 2014.5
1375160 2020.6
1375170 2026.3
1375180 2031.7
1375190 2031.7
1375200 2036.3
1375210 2040.6
1375220 2040.6
1375230 2044.8
1375240 2047.9
1375250 2047.9
1375260 2048.8
1375270 2047.6
1375280 2047.6
1375290 2045.2
1375300 2041.1
1375310 2041.1
1375320 2038.1
1375330 2037.5
1375340 2037.5
1375350 2040.9
1375360 2047.8
1375370 2047.8
1375380 2054.5
1375390 2061.9
1375400 2069.7
1375410 2069.7
1375420 2076.9
1375430 2081.9
1375440 2081.9
1375450 2087.0
1375460 2092.2
1375470 2092.2
1375480 2094.7
1375490 2093.8
1375500 2093.8
1375510 2094.5
1375520 2096.1
1375530 2096.1
1375540 2096.5
1375550 2094.7
1375560 2094.7
1375570 2091.6
1375580 2089.9
1375590 2091.5
1375600 2091.5
1375610 2094.4
1375620 2094.9
1375630 2094.9
1375640 2094.0
1375650 2094.4
1375660 2094.4
1375670 2097.3
1375680 2100.2
1375690 2100.2
1375700 2102.5
1375710 2105.5
1375720 2105.5
1375730 2108.4
1375740 2112.1
1375750 2112.1
1375760 2117.5
1375770 2122.8
1375780 2128.2
1375790 2128.2
1375800 2133.7
1375810 2139.8
1375820 2139.8
1375830 2146.7
1375840 2155.8
1375850 2155.8
1375860 2168.1
1375870 2180.3
1375880 2180.3
1375890 2190.7
1375900 2203.1
1375910 2203.1
1375920 2213.4
1375930 2222.6
1375940 2222.6
1375950 2231.6
1375960 2239.6
1375970 2247.2
1375980 2247.2
1375990 2253.9
1376000 2260.4
1376010 2260.4
1376020 2267.8
1376030 2274.5
1376040 2274.5
1376050 2280.0
1376060 2286.8
1376070 2286.8
1376080 2292.9
1376090 2300.1
1376100 2300.1
1376110 2308.4
1376120 2316.8
1376130 2316.8
1376140 2324.8
1376150 2332.1
1376160 2339.4
1376170 2339.4
1376180 2346.2
1376190 2352.9
1376200 2352.9
1376210 2358.4
1376220 2363.8
1376230 2363.8
1376240 2370.0
1376250 2378.2
1376260 2378.2
1376270 2385.8
1376280 2392.8
1376290 2392.8
1376300 2398.4
1376310 2403.9
1376320 2403.9
1376330 2410.0
1376340 2416.5
1376350 2423.0
1376360 2423.0
1376370 2429.8
1376380 2437.5
1376390 2437.5
1376400 2445.1
1376410 2452.5
1376420 2452.5
1376430 2459.4
1376440 2465.9
1376450 2465.9
1376460 2472.0
1376470 2478.0
1376480 2478.0
1376490 2483.8
1376500 2490.8
1376510 2490.8
1376520 2498.1
1376530 2505.3
1376540 2512.1
1376550 2512.1
1376560 2518.4
1376570 2524.4
1376580 2524.4
1376590 2531.2
1376600 2538.2
1376610 2538.2
1376620 2544.3
1376630 2549.5
1376640 2549.5
1376650 2554.1
1376660 2559.1
1376670 2559.1
1376680 2563.2
1376690 2567.1
1376700 2567.1
1376710 2572.6
1376720 2577.4
1376730 2577.4
1376740 2581.0
1376750 2583.8
1376760 2584.2
1376770 2584.2
1376780 2579.9
1376790 2574.6
1376800 2574.6
1376810 2569.1
1376820 2562.1
1376830 2562.1
1376840 2553.8
1376850 2547.1
1376860 2547.1
1376870 2540.9
1376880 2533.0
1376890 2533.0
1376900 2525.5
1376910 2520.2
1376920 2520.2
1376930 2516.1
1376940 2512.0
1376950 2507.8
1376960 2507.8
1376970 2503.8
1376980 2501.9
1376990 2501.9
1377000 2500.0
1377010 2495.4
1377020 2495.4
1377030 2491.8
1377040 2489.6
1377050 2489.6
1377060 2487.9
1377070 2485.9
1377080 2485.9
1377090 2482.8
1377100 2480.3
1377110 2480.3
1377120 2477.6
1377130 2475.3
1377140 2473.8
1377150 2473.8
1377160 2473.5
1377170 2473.9
1377180 2473.9
1377190 2474.6
1377200 2475.0
1377210 2475.0
1377220 2474.8
1377230 2468.2
1377240 2468.2
1377250 2467.8
1377260 2468.2
1377270 2468.2
1377280 2469.4
1377290 2469.5
1377300 2469.5
1377310 2468.6
1377320 2465.3
1377330 2459.1
1377340 2459.1
1377350 2452.0
1377360 2445.9
1377370 2445.9
1377380 2440.1
1377390 2433.8
1377400 2433.8
1377410 2427.4
1377420 2421.7
1377430 2421.7
1377440 2415.8
1377450 2410.5
1377460 2410.5
1377470 2405.8
1377480 2402.1
1377490 2402.1
1377500 2396.8
1377510 2390.4
1377520 2383.3
1377530 2383.3
1377540 2376.3
1377550 2370.9
1377560 2370.9
1377570 2366.6
1377580 2361.8
1377590 2361.8
1377600 2353.2
1377610 2342.3
1377620 2342.3
1377630 2336.0
1377640 2330.6
1377650 2330.6
1377660 2325.7
1377670 2319.1
1377680 2319.1
1377690 2311.5
1377700 2305.4
1377710 2298.8
1377720 2298.8
1377730 2289.3
1377740 2281.9
1377750 2281.9
1377760 2278.0
1377770 2272.5
1377780 2272.5
1377790 2265.1
1377800 2257.3
1377810 2257.3
1377820 2250.1
1377830 2243.4
1377840 2243.4
1377850 2237.2
1377860 2232.0
1377870 2232.0
1377880 2227.1
1377890 2223.1
1377900 2221.0
1377910 2221.0
1377920 2217.9
1377930 2212.4
1377940 2212.4
1377950 2207.6
1377960 2203.4
1377970 2203.4
1377980 2198.6
1377990 2192.2
1378000 2192.2
1378010 2186.1
1378020 2180.5
1378030 2180.5
1378040 2175.2
1378050 2172.1
1378060 2172.1
1378070 2168.8
1378080 2164.1
1378090 2164.1
1378100 2161.2
1378110 2156.3
1378120 2151.6
1378130 2151.6
1378140 2148.9
1378150 2145.3
1378160 2145.3
1378170 2148.6
1378180 2154.8
1378190 2154.8
1378200 2161.1
1378210 2167.4
1378220 2167.4
1378230 2170.3
1378240 2170.7
1378250 2170.7
1378260 2170.9
1378270 2171.3
1378280 2171.3
1378290 2173.2
1378300 2175.9
1378310 2177.6
1378320 2177.6
1378330 2178.6
1378340 2180.3
1378350 2180.3
1378360 2182.5
1378370 2184.8
1378380 2184.8
1378390 2187.7
1378400 2193.2
1378410 2189.2
1378420 2194.8
1378430 2199.9
1378440 2199.9
1378450 2206.1
1378460 2213.1
1378470 2213.1
1378480 2219.2
1378490 2225.7
1378500 2232.9
1378510 2232.9
1378520 2240.6
1378530 2248.4
1378540 2248.4
1378550 2254.7
1378560 2261.2
1378570 2261.2
1378580 2266.9
1378590 2272.5
1378600 2272.5
1378610 2278.3
1378620 2284.2
1378630 2284.2
1378640 2289.7
1378650 2294.5
1378660 2294.5
1378670 2299.1
1378680 2303.2
1378690 2307.0
1378700 2307.0
1378710 2310.9
1378720 2314.7
1378730 2314.7
1378740 2318.2
1378750 2321.2
1378760 2321.2
1378770 2324.4
1378780 2328.2
1378790 2328.2
1378800 2332.5
1378810 2336.4
1378820 2336.4
1378830 2339.8
1378840 2342.8
1378850 2342.8
1378860 2347.6
1378870 2353.4
1378880 2358.5
1378890 2358.5
1378900 2362.7
1378910 2366.2
1378920 2366.2
1378930 2369.3
1378940 2372.2
1378950 2372.2
1378960 2375.1
1378970 2377.9
1378980 2377.9
1378990 2379.2
1379000 2378.5
1379010 2378.5
1379020 2376.3
1379030 2372.8
1379040 2372.8
1379050 2368.0
1379060 2363.4
1379070 2359.3
1379080 2359.3
1379090 2355.4
1379100 2351.1
1379110 2351.1
1379120 2346.6
1379130 2342.8
1379140 2342.8
1379150 2339.6
1379160 2335.8
1379170 2335.8
1379180 2331.2
1379190 2326.8
1379200 2326.8
1379210 2323.6
1379220 2319.8
1379230 2319.8
1379240 2314.9
1379250 2309.0
1379260 2309.0
1379270 2302.9
1379280 2297.2
1379290 2291.9
1379300 2291.9
1379310 2286.6
1379320 2281.6
1379330 2281.6
1379340 2276.6
1379350 2271.9
1379360 2271.9
1379370 2267.1
1379380 2261.9
1379390 2261.9
1379400 2256.7
1379410 2251.6
1379420 2251.6
1379430 2246.2
1379440 2241.3
1379450 2241.3
1379460 2236.2
1379470 2232.0
1379480 2228.0
1379490 2228.0
1379500 2221.8
1379510 2213.3
1379520 2213.3
1379530 2204.7
1379540 2197.9
1379550 2197.9
1379560 2197.1
1379570 2198.4
1379580 2198.4
1379590 2199.3
1379600 2199.1
1379610 2191.6
1379620 2192.1
1379630 2193.8
1379640 2193.8
1379650 2193.8
1379660 2192.7
1379670 2190.8
1379680 2190.8
1379690 2188.9
1379700 2187.6
1379710 2187.6
1379720 2186.4
1379730 2185.3
1379740 2185.3
1379750 2183.7
1379760 2181.7
1379770 2181.7
1379780 2179.0
1379790 2175.4
1379800 2175.4
1379810 2171.2
1379820 2166.3
1379830 2166.3
1379840 2160.3
1379850 2152.2
1379860 2143.1
1379870 2143.1
1379880 2134.8
1379890 2127.5
1379900 2127.5
1379910 2121.6
1379920 2118.7
1379930 2118.7
1379940 2114.3
1379950 2106.1
1379960 2106.1
1379970 2096.3
1379980 2091.2
1379990 2091.2
