1360000 2068.9
1360010 2062.6
1360020 2062.6
1360030 2056.5
1360040 2050.9
1360050 2050.9
1360060 2045.7
1360070 2039.9
1360080 2033.7
1360090 2033.7
1360100 2027.5
1360110 2021.4
1360120 2021.4
1360130 2016.3
1360140 2010.9
1360150 2010.9
1360160 2002.5
1360170 1994.4
1360180 1994.4
1360190 1986.2
1360200 1977.2
1360210 1977.2
1360220 1968.1
1360230 1959.4
1360240 1959.4
1360250 1951.2
1360260 1942.9
1360270 1934.7
1360280 1934.7
1360290 1927.3
1360300 1921.0
1360310 1921.0
1360320 1914.1
1360330 1906.6
1360340 1906.6
1360350 1900.0
1360360 1894.0
1360370 1894.0
1360380 1888.8
1360390 1883.4
1360400 1888.2
1360410 1883.1
1360420 1877.6
1360430 1877.6
1360440 1872.4
1360450 1866.7
1360460 1860.6
1360470 1860.6
1360480 1854.1
1360490 1848.0
1360500 1848.0
1360510 1841.9
1360520 1836.1
1360530 1836.1
1360540 1830.3
1360550 1824.2
1360560 1824.2
1360570 1818.9
1360580 1813.5
1360590 1813.5
1360600 1808.4
1360610 1803.4
1360620 1803.4
1360630 1798.7
1360640 1793.8
1360650 1793.8
1360660 1789.3
1360670 1784.8
1360680 1780.3
1360690 1780.3
1360700 1775.9
1360710 1771.6
1360720 1771.6
1360730 1767.3
1360740 1763.3
1360750 1763.3
1360760 1758.8
1360770 1754.3
1360780 1754.3
1360790 1749.9
1360800 1745.3
1360810 1745.3
1360820 1741.0
1360830 1737.1
1360840 1737.1
1360850 1732.7
1360860 1726.3
1360870 1720.3
1360880 1720.3
1360890 1715.5
1360900 1711.0
1360910 1711.0
1360920 1707.1
1360930 1704.5
1360940 1704.5
1360950 1702.3
1360960 1700.0
1360970 1700.0
1360980 1701.8
1360990 1708.9
1361000 1708.9
1361010 1715.8
1361020 1721.8
1361030 1721.8
1361040 1728.6
1361050 1734.9
1361060 1741.3
1361070 1741.3
1361080 1747.0
1361090 1753.4
1361100 1753.4
1361110 1760.7
1361120 1764.7
1361130 1764.7
1361140 1768.2
1361150 1772.0
1361160 1772.0
1361170 1775.9
1361180 1779.7
1361190 1779.7
1361200 1783.8
1361210 1787.9
1361220 1787.9
1361230 1791.9
1361240 1795.8
1361250 1799.9
1361260 1799.9
1361270 1803.8
1361280 1807.8
1361290 1807.8
1361300 1811.9
1361310 1816.2
1361320 1816.2
1361330 1820.7
1361340 1825.4
1361350 1825.4
1361360 1829.7
1361370 1834.1
1361380 1834.1
1361390 1838.7
1361400 1843.3
1361410 1843.3
1361420 1846.9
1361430 1851.8
1361440 1856.7
1361450 1856.7
1361460 1861.7
1361470 1866.9
1361480 1866.9
1361490 1872.1
1361500 1877.2
1361510 1877.2
1361520 1882.3
1361530 1887.3
1361540 1887.3
1361550 1892.0
1361560 1896.9
1361570 1896.9
1361580 1901.5
1361590 1906.2
1361600 1906.2
1361610 1911.0
1361620 1915.7
1361630 1920.2
1361640 1920.2
1361650 1924.7
1361660 1929.6
1361670 1929.6
1361680 1934.6
1361690 1940.5
1361700 1940.5
1361710 1947.4
1361720 1954.8
1361730 1954.8
1361740 1961.8
1361750 1968.8
1361760 1968.8
1361770 1976.1
1361780 1983.2
1361790 1983.2
1361800 1989.7
1361810 1996.1
1361820 1996.1
1361830 2003.4
1361840 2009.7
1361850 2017.2
1361860 2017.2
1361870 2026.4
1361880 2035.6
1361890 2035.6
1361900 2046.4
1361910 2058.0
1361920 2058.0
1361930 2067.8
1361940 2076.5
1361950 2076.5
1361960 2086.8
1361970 2097.6
1361980 2097.6
1361990 2107.3
1362000 2117.1
1362010 2117.1
1362020 2127.1
1362030 2135.0
1362040 2142.8
1362050 2142.8
1362060 2151.0
1362070 2164.2
1362080 2164.2
1362090 2177.2
1362100 2186.1
1362110 2186.1
1362120 2191.2
1362130 2197.2
1362140 2197.2
1362150 2204.3
1362160 2213.0
1362170 2213.0
1362180 2219.8
1362190 2227.8
1362200 2227.8
1362210 2235.1
1362220 2240.1
1362230 2242.0
1362240 2242.0
1362250 2242.8
1362260 2246.7
1362270 2246.7
1362280 2256.2
1362290 2265.2
1362300 2265.2
1362310 2275.2
1362320 2282.0
1362330 2282.0
1362340 2284.6
1362350 2290.6
1362360 2290.6
1362370 2292.1
1362380 2292.8
1362390 2292.8
1362400 2293.4
1362410 2296.4
1362420 2303.8
1362430 2303.8
1362440 2314.0
1362450 2334.6
1362460 2334.6
1362470 2346.4
1362480 2353.5
1362490 2353.5
1362500 2360.1
1362510 2364.7
1362520 2364.7
1362530 2369.1
1362540 2374.8
1362550 2374.8
1362560 2379.7
1362570 2383.2
1362580 2383.2
1362590 2388.3
1362600 2395.0
1362610 2400.8
1362620 2400.8
1362630 2405.7
1362640 2410.5
1362650 2410.5
1362660 2415.6
1362670 2420.9
1362680 2420.9
1362690 2426.5
1362700 2433.6
1362710 2433.6
1362720 2441.5
1362730 2448.8
1362740 2448.8
1362750 2456.3
1362760 2464.6
1362770 2464.6
1362780 2472.5
1362790 2479.1
1362800 2485.4
1362810 2485.4
1362820 2492.8
1362830 2500.0
1362840 2500.0
1362850 2507.4
1362860 2514.6
1362870 2514.6
1362880 2522.2
1362890 2529.8
1362900 2529.8
1362910 2537.3
1362920 2544.8
1362930 2544.8
1362940 2552.7
1362950 2560.7
1362960 2560.7
1362970 2569.9
1362980 2581.8
1362990 2594.7
1363000 2594.7
1363010 2605.7
1363020 2612.3
1363030 2612.3
1363040 2613.4
1363050 2609.7
1363060 2609.7
1363070 2606.0
1363080 2603.4
1363090 2603.4
1363100 2600.6
1363110 2598.5
1363120 2598.5
1363130 2597.7
1363140 2597.9
1363150 2597.9
1363160 2599.0
1363170 2600.0
1363180 2600.0
1363190 2600.0
1363200 2600.1
1363210 2600.5
1363220 2600.5
1363230 2601.1
1363240 2600.7
1363250 2600.7
1363260 2602.2
1363270 2604.7
1363280 2604.7
1363290 2606.6
1363300 2608.2
1363310 2608.2
1363320 2609.4
1363330 2609.5
1363340 2609.5
1363350 2608.6
1363360 2606.4
1363370 2606.4
1363380 2606.6
1363390 2609.5
1363400 2617.8
1363410 2617.8
1363420 2627.1
1363430 2642.3
1363440 2642.3
1363450 2650.8
1363460 2666.1
1363470 2666.1
1363480 2678.7
1363490 2687.1
1363500 2675.2
1363510 2681.0
1363520 2688.6
1363530 2688.6
1363540 2688.2
1363550 2679.4
1363560 2679.4
1363570 2668.0
1363580 2654.6
1363590 2637.0
1363600 2637.0
1363610 2618.6
1363620 2602.4
1363630 2602.4
1363640 2589.1
1363650 2579.2
1363660 2579.2
1363670 2570.3
1363680 2562.5
1363690 2562.5
1363700 2555.8
1363710 2549.4
1363720 2549.4
1363730 2543.1
1363740 2537.2
1363750 2537.2
1363760 2532.3
1363770 2528.2
1363780 2524.0
1363790 2524.0
1363800 2520.3
1363810 2516.3
1363820 2516.3
1363830 2511.8
1363840 2506.6
1363850 2506.6
1363860 2501.5
1363870 2496.3
1363880 2496.3
1363890 2490.7
1363900 2484.8
1363910 2484.8
1363920 2479.3
1363930 2473.5
1363940 2473.5
1363950 2467.6
1363960 2462.8
1363970 2458.4
1363980 2458.4
1363990 2453.8
1364000 2448.8
1364010 2448.8
1364020 2444.0
1364030 2438.4
1364040 2438.4
1364050 2430.5
1364060 2422.0
1364070 2422.0
1364080 2411.8
1364090 2401.0
1364100 2401.0
1364110 2392.1
1364120 2383.2
1364130 2383.2
1364140 2376.5
1364150 2369.7
1364160 2362.5
1364170 2362.5
1364180 2356.6
1364190 2350.1
1364200 2350.1
1364210 2342.3
1364220 2334.2
1364230 2334.2
1364240 2326.1
1364250 2318.8
1364260 2318.8
1364270 2309.7
1364280 2299.3
1364290 2299.3
1364300 2290.9
1364310 2283.9
1364320 2283.9
1364330 2277.3
1364340 2271.4
1364350 2266.1
1364360 2266.1
1364370 2261.8
1364380 2258.1
1364390 2258.1
1364400 2253.9
1364410 2250.2
1364420 2250.2
1364430 2247.0
1364440 2244.0
1364450 2244.0
1364460 2241.0
1364470 2238.2
1364480 2238.2
1364490 2236.6
1364500 2235.2
1364510 2235.2
1364520 2232.9
1364530 2231.0
1364540 2231.0
1364550 2228.1
1364560 2225.9
1364570 2225.5
1364580 2225.5
1364590 2226.8
1364600 2229.9
1364610 2229.9
1364620 2233.0
1364630 2237.7
1364640 2237.7
1364650 2244.1
1364660 2251.2
1364670 2251.2
1364680 2256.7
1364690 2260.1
1364700 2260.1
1364710 2261.7
1364720 2262.3
1364730 2262.3
1364740 2264.2
1364750 2266.8
1364760 2268.3
1364770 2268.3
1364780 2269.3
1364790 2271.0
1364800 2271.0
1364810 2274.0
1364820 2277.7
1364830 2277.7
1364840 2282.0
1364850 2287.1
1364860 2287.1
1364870 2292.4
1364880 2298.2
1364890 2298.2
1364900 2304.5
1364910 2311.5
1364920 2311.5
1364930 2323.4
1364940 2333.0
1364950 2343.6
1364960 2343.6
1364970 2356.8
1364980 2367.6
1364990 2367.6
1365000 2376.0
1365010 2382.6
1365020 2382.6
1365030 2389.1
1365040 2397.5
1365050 2397.5
1365060 2408.3
1365070 2420.3
1365080 2420.3
1365090 2430.0
1365100 2437.5
1365110 2437.5
1365120 2445.0
1365130 2452.8
1365140 2461.1
1365150 2461.1
1365160 2467.4
1365170 2473.4
1365180 2473.4
1365190 2479.5
1365200 2485.9
1365210 2485.9
1365220 2493.3
1365230 2500.6
1365240 2500.6
1365250 2507.4
1365260 2514.5
1365270 2514.5
1365280 2521.6
1365290 2528.7
1365300 2528.7
1365310 2536.7
1365320 2546.5
1365330 2557.9
1365340 2557.9
1365350 2567.1
1365360 2575.2
1365370 2575.2
1365380 2582.9
1365390 2589.7
1365400 2589.7
1365410 2596.5
1365420 2604.2
1365430 2604.2
1365440 2612.1
1365450 2618.5
1365460 2618.5
1365470 2626.2
1365480 2634.5
1365490 2634.5
1365500 2644.0
1365510 2654.0
1365520 2662.7
1365530 2662.7
1365540 2665.0
1365550 2658.9
1365560 2658.9
1365570 2651.5
1365580 2644.4
1365590 2644.4
1365600 2637.4
1365610 2628.4
1365620 2628.4
1365630 2620.7
1365640 2613.8
1365650 2613.8
1365660 2606.5
1365670 2600.2
1365680 2600.2
1365690 2595.1
1365700 2590.2
1365710 2585.9
1365720 2585.9
1365730 2582.4
1365740 2579.0
1365750 2579.0
1365760 2577.4
1365770 2576.1
1365780 2576.1
1365790 2574.9
1365800 2570.9
1365810 2570.9
1365820 2566.5
1365830 2561.6
1365840 2561.6
1365850 2555.9
1365860 2550.9
1365870 2550.9
1365880 2545.9
1365890 2540.4
1365900 2540.4
1365910 2534.7
1365920 2529.1
1365930 2523.4
1365940 2523.4
1365950 2519.3
1365960 2514.4
1365970 2514.4
1365980 2509.9
1365990 2506.1
1366000 2506.1
1366010 2501.8
1366020 2497.4
1366030 2497.4
1366040 2493.2
1366050 2489.2
1366060 2489.2
1366070 2485.2
1366080 2481.3
1366090 2481.3
1366100 2477.7
1366110 2475.5
1366120 2472.8
1366130 2472.8
1366140 2470.5
1366150 2467.9
1366160 2467.9
1366170 2464.9
1366180 2460.2
1366190 2460.2
1366200 2457.2
1366210 2455.5
1366220 2455.5
1366230 2452.7
1366240 2449.8
1366250 2449.8
1366260 2448.2
1366270 2446.7
1366280 2446.7
1366290 2444.2
1366300 2440.7
1366310 2437.8
1366320 2437.8
1366330 2434.1
1366340 2432.7
1366350 2432.7
1366360 2432.3
1366370 2432.2
1366380 2432.2
1366390 2432.0
1366400 2431.4
1366410 2431.4
1366420 2429.7
1366430 2426.3
1366440 2426.3
1366450 2424.7
1366460 2423.7
1366470 2423.7
1366480 2422.0
1366490 2420.4
1366500 2418.5
1366510 2418.5
1366520 2417.3
1366530 2417.6
1366540 2417.6
1366550 2418.6
1366560 2420.3
1366570 2420.3
1366580 2422.1
1366590 2422.5
1366600 2422.5
1366610 2422.8
1366620 2423.5
1366630 2423.5
1366640 2423.3
1366650 2422.6
1366660 2422.6
1366670 2420.7
1366680 2415.2
1366690 2410.0
1366700 2410.0
1366710 2405.6
1366720 2401.8
1366730 2401.8
1366740 2399.2
1366750 2398.4
1366760 2398.4
1366770 2399.2
1366780 2401.1
1366790 2401.1
1366800 2400.9
1366810 2399.0
1366820 2399.0
1366830 2396.7
1366840 2391.2
1366850 2391.2
1366860 2385.2
1366870 2380.1
1366880 2376.4
1366890 2376.4
1366900 2373.8
1366910 2371.4
1366920 2371.4
1366930 2369.9
1366940 2370.9
1366950 2370.9
1366960 2374.9
1366970 2377.6
1366980 2377.6
1366990 2378.9
1367000 2379.3
1367010 2379.3
1367020 2379.5
1367030 2380.1
1367040 2380.1
1367050 2382.0
1367060 2384.1
1367070 2384.1
1367080 2383.9
1367090 2384.1
1367100 2384.2
1367110 2384.2
1367120 2383.2
1367130 2381.9
1367140 2381.9
1367150 2380.8
1367160 2379.3
1367170 2379.3
1367180 2377.9
1367190 2377.5
1367200 2377.5
1367210 2378.1
1367220 2380.1
1367230 2380.1
1367240 2383.3
1367250 2386.7
1367260 2386.7
1367270 2389.2
1367280 2389.7
1367290 2389.7
1367300 2389.7
1367310 2389.7
1367320 2390.3
1367330 2390.3
1367340 2391.6
1367350 2393.2
1367360 2393.2
1367370 2394.9
1367380 2396.9
1367390 2396.9
1367400 2399.0
1367410 2400.9
1367420 2400.9
1367430 2401.6
1367440 2402.1
1367450 2402.1
1367460 2402.8
1367470 2403.1
1367480 2402.4
1367490 2402.4
1367500 2401.1
1367510 2401.2
1367520 2401.2
1367530 2401.5
1367540 2401.9
1367550 2401.9
1367560 2402.7
1367570 2404.7
1367580 2404.7
1367590 2406.8
1367600 2408.5
1367610 2408.5
1367620 2411.7
1367630 2416.3
1367640 2416.3
1367650 2421.1
1367660 2426.0
1367670 2431.5
1367680 2431.5
1367690 2436.9
1367700 2442.2
1367710 2442.2
1367720 2447.7
1367730 2453.0
1367740 2453.0
1367750 2454.7
1367760 2460.6
1367770 2460.6
1367780 2466.6
1367790 2471.5
1367800 2471.5
1367810 2475.3
1367820 2480.0
1367830 2480.0
1367840 2485.3
1367850 2490.5
1367860 2495.1
1367870 2495.1
1367880 2499.6
1367890 2504.5
1367900 2504.5
1367910 2509.3
1367920 2515.1
1367930 2515.1
1367940 2521.1
1367950 2527.4
1367960 2527.4
1367970 2536.0
1367980 2545.9
1367990 2545.9
1368000 2553.8
1368010 2558.9
1368020 2558.9
1368030 2563.4
1368040 2567.4
1368050 2570.7
1368060 2570.7
1368070 2572.6
1368080 2576.0
1368090 2576.0
1368100 2577.3
1368110 2577.9
1368120 2577.9
1368130 2577.4
1368140 2574.9
1368150 2574.9
1368160 2572.7
1368170 2572.0
1368180 2572.0
1368190 2571.9
1368200 2572.9
1368210 2572.9
1368220 2573.8
1368230 2575.6
1368240 2575.9
1368250 2575.9
1368260 2573.7
1368270 2571.8
1368280 2571.8
1368290 2569.1
1368300 2566.9
1368310 2566.9
1368320 2565.3
1368330 2563.6
1368340 2563.6
1368350 2562.8
1368360 2562.8
1368370 2562.8
1368380 2562.1
1368390 2561.0
1368400 2561.0
1368410 2559.2
1368420 2557.0
1368430 2557.0
1368440 2554.5
1368450 2552.2
1368460 2549.6
1368470 2549.6
1368480 2546.1
1368490 2542.6
1368500 2542.6
1368510 2539.3
1368520 2536.5
1368530 2536.5
1368540 2532.2
1368550 2528.7
1368560 2528.7
1368570 2526.2
1368580 2525.7
1368590 2525.7
1368600 2524.9
1368610 2522.0
1368620 2522.0
1368630 2518.8
1368640 2515.6
1368650 2512.6
1368660 2512.6
1368670 2509.2
1368680 2500.3
1368690 2500.3
1368700 2489.2
1368710 2477.0
1368720 2477.0
1368730 2466.3
1368740 2460.0
1368750 2460.0
1368760 2454.4
1368770 2449.8
1368780 2449.8
1368790 2445.0
1368800 2441.7
1368810 2441.7
1368820 2438.7
1368830 2435.1
1368840 2425.7
1368850 2425.7
1368860 2423.3
1368870 2419.6
1368880 2419.6
1368890 2417.0
1368900 2416.4
1368910 2416.4
1368920 2415.7
1368930 2413.3
1368940 2413.3
1368950 2410.9
1368960 2409.7
1368970 2409.7
1368980 2409.9
1368990 2408.6
1369000 2408.6
1369010 2407.1
1369020 2403.8
1369030 2399.3
1369040 2399.3
1369050 2396.3
1369060 2397.8
1369070 2397.8
1369080 2397.3
1369090 2395.6
1369100 2395.6
1369110 2393.9
1369120 2392.7
1369130 2392.7
1369140 2392.8
1369150 2392.2
1369160 2392.2
1369170 2389.6
1369180 2385.7
1369190 2385.7
1369200 2385.3
1369210 2387.5
1369220 2390.9
1369230 2390.9
1369240 2397.4
1369250 2404.8
1369260 2404.8
1369270 2411.7
1369280 2418.1
1369290 2418.1
1369300 2423.8
1369310 2429.4
1369320 2429.4
1369330 2435.4
1369340 2440.6
1369350 2440.6
1369360 2444.4
1369370 2446.1
1369380 2446.1
1369390 2445.3
1369400 2444.2
1369410 2442.8
1369420 2442.8
1369430 2441.5
1369440 2440.9
1369450 2440.9
1369460 2441.0
1369470 2441.7
1369480 2441.7
1369490 2444.1
1369500 2448.6
1369510 2448.6
1369520 2451.8
1369530 2456.5
1369540 2456.5
1369550 2462.8
1369560 2470.5
1369570 2470.5
1369580 2480.0
1369590 2489.0
1369600 2491.5
1369610 2491.5
1369620 2491.4
1369630 2489.6
1369640 2489.6
1369650 2485.2
1369660 2479.2
1369670 2479.2
1369680 2473.3
1369690 2467.7
1369700 2467.7
1369710 2463.1
1369720 2458.1
1369730 2458.1
1369740 2452.5
1369750 2447.0
1369760 2447.0
1369770 2442.2
1369780 2438.3
1369790 2438.3
1369800 2434.8
1369810 2431.3
1369820 2429.2
1369830 2429.2
1369840 2428.1
1369850 2428.0
1369860 2428.0
1369870 2429.1
1369880 2430.3
1369890 2430.3
1369900 2431.1
1369910 2431.2
1369920 2431.2
1369930 2430.5
1369940 2426.7
1369950 2426.7
1369960 2423.9
1369970 2420.5
1369980 2420.5
1369990 2416.7
1370000 2413.4
1370010 2411.0
1370020 2411.0
1370030 2409.3
1370040 2408.2
1370050 2408.2
1370060 2407.4
1370070 2406.9
1370080 2406.9
1370090 2406.3
1370100 2405.3
1370110 2405.3
1370120 2403.9
1370130 2402.2
1370140 2402.2
1370150 2400.0
1370160 2398.0
1370170 2398.0
1370180 2395.8
1370190 2393.0
1370200 2389.9
1370210 2389.9
1370220 2386.5
1370230 2382.8
1370240 2382.8
1370250 2378.7
1370260 2374.9
1370270 2374.9
1370280 2371.5
1370290 2369.1
1370300 2369.1
1370310 2367.8
1370320 2368.3
1370330 2368.3
1370340 2369.6
1370350 2370.4
1370360 2370.4
1370370 2370.3
1370380 2371.0
1370390 2372.5
1370400 2372.5
1370410 2374.0
1370420 2376.1
1370430 2376.1
1370440 2378.9
1370450 2382.9
1370460 2382.9
1370470 2386.8
1370480 2389.5
1370490 2389.5
1370500 2392.6
1370510 2396.4
1370520 2396.4
1370530 2400.4
1370540 2404.8
1370550 2404.8
1370560 2409.4
1370570 2413.4
1370580 2416.0
1370590 2416.0
1370600 2418.0
1370610 2420.0
1370620 2420.0
1370630 2422.0
1370640 2423.5
1370650 2423.5
1370660 2425.8
1370670 2427.7
1370680 2427.7
1370690 2430.6
1370700 2429.9
1370710 2429.9
1370720 2427.1
1370730 2422.5
1370740 2422.5
1370750 2417.0
1370760 2411.8
1370770 2407.4
1370780 2407.4
1370790 2403.8
1370800 2400.7
1370810 2400.7
1370820 2397.4
1370830 2394.2
1370840 2394.2
1370850 2391.7
1370860 2389.1
1370870 2389.1
1370880 2386.4
1370890 2383.6
1370900 2383.6
1370910 2380.6
1370920 2377.6
1370930 2377.6
1370940 2375.0
1370950 2372.1
1370960 2370.5
1370970 2370.5
1370980 2370.1
1370990 2369.5
1371000 2369.5
1371010 2369.8
1371020 2370.6
1371030 2370.6
1371040 2371.1
1371050 2366.8
1371060 2366.8
1371070 2367.6
1371080 2368.6
1371090 2368.6
1371100 2369.4
1371110 2368.3
1371120 2368.3
1371130 2365.3
1371140 2363.4
1371150 2363.4
1371160 2361.6
1371170 2359.5
1371180 2356.9
1371190 2356.9
1371200 2354.3
1371210 2351.6
1371220 2351.6
1371230 2348.5
1371240 2345.9
1371250 2345.9
1371260 2344.9
1371270 2344.8
1371280 2344.8
1371290 2344.8
1371300 2344.3
1371310 2344.3
1371320 2344.7
1371330 2345.4
1371340 2345.4
1371350 2344.6
1371360 2341.7
1371370 2338.8
1371380 2338.8
1371390 2335.7
1371400 2331.9
1371410 2331.9
1371420 2327.4
1371430 2323.6
1371440 2323.6
1371450 2320.1
1371460 2316.3
1371470 2316.3
1371480 2312.9
1371490 2309.7
1371500 2309.7
1371510 2306.1
1371520 2301.4
1371530 2301.4
1371540 2295.4
1371550 2287.8
1371560 2281.2
1371570 2281.2
1371580 2276.3
1371590 2272.6
1371600 2272.6
1371610 2269.3
1371620 2265.4
1371630 2265.4
1371640 2260.6
1371650 2255.3
1371660 2255.3
1371670 2249.2
1371680 2241.5
1371690 2241.5
1371700 2233.1
1371710 2226.4
1371720 2226.4
1371730 2221.1
1371740 2216.3
1371750 2210.7
1371760 2210.7
1371770 2203.1
1371780 2196.2
1371790 2196.2
1371800 2190.4
1371810 2183.9
1371820 2183.9
1371830 2178.3
1371840 2172.9
1371850 2172.9
1371860 2167.1
1371870 2160.9
1371880 2160.9
1371890 2155.4
1371900 2150.7
1371910 2150.7
1371920 2146.2
1371930 2142.3
1371940 2137.8
1371950 2137.8
1371960 2132.3
1371970 2126.3
1371980 2126.3
1371990 2119.8
1372000 2113.9
1372010 2113.9
1372020 2108.2
1372030 2103.4
1372040 2103.4
1372050 2100.3
1372060 2097.0
1372070 2097.0
1372080 2093.7
1372090 2090.4
1372100 2090.4
1372110 2085.9
1372120 2079.4
1372130 2072.1
1372140 2072.1
1372150 2066.3
1372160 2064.1
1372170 2068.5
1372180 2068.4
1372190 2068.3
1372200 2068.3
1372210 2067.6
1372220 2065.8
1372230 2065.8
1372240 2061.6
1372250 2053.1
1372260 2053.1
1372270 2043.7
1372280 2034.7
1372290 2034.7
1372300 2026.0
1372310 2018.6
1372320 2012.6
1372330 2012.6
1372340 2006.6
1372350 2000.2
1372360 2000.2
1372370 1994.3
1372380 1987.4
1372390 1987.4
1372400 1981.2
1372410 1974.9
1372420 1974.9
1372430 1967.6
1372440 1960.3
1372450 1960.3
1372460 1951.5
1372470 1943.1
1372480 1943.1
1372490 1935.0
1372500 1929.5
1372510 1929.5
1372520 1926.4
1372530 1919.9
1372540 1912.2
1372550 1912.2
1372560 1904.4
1372570 1896.5
1372580 1896.5
1372590 1890.9
1372600 1884.6
1372610 1884.6
1372620 1879.5
1372630 1869.4
1372640 1869.4
1372650 1859.6
1372660 1850.0
1372670 1850.0
1372680 1840.1
1372690 1828.1
1372700 1828.1
1372710 1818.6
1372720 1808.9
1372730 1799.7
1372740 1799.7
1372750 1792.3
1372760 1785.0
1372770 1785.0
1372780 1777.0
1372790 1769.1
1372800 1769.1
1372810 1761.9
1372820 1754.6
1372830 1754.6
1372840 1747.5
1372850 1740.7
1372860 1740.7
1372870 1734.0
1372880 1727.5
1372890 1727.5
1372900 1721.3
1372910 1715.3
1372920 1709.3
1372930 1709.3
1372940 1703.7
1372950 1698.4
1372960 1698.4
1372970 1693.3
1372980 1688.5
1372990 1688.5
1373000 1683.6
1373010 1678.3
1373020 1678.3
1373030 1673.0
1373040 1667.6
1373050 1667.6
1373060 1661.7
1373070 1655.8
1373080 1655.8
1373090 1652.5
1373100 1650.6
1373110 1649.8
1373120 1649.8
1373130 1648.1
1373140 1648.6
1373150 1648.6
1373160 1653.4
1373170 1659.8
1373180 1659.8
1373190 1667.0
1373200 1674.0
1373210 1674.0
1373220 1681.8
1373230 1689.3
1373240 1689.3
1373250 1695.6
1373260 1700.7
1373270 1700.7
1373280 1705.1
1373290 1709.9
1373300 1708.0
1373310 1708.0
1373320 1709.3
1373330 1710.5
1373340 1710.5
1373350 1710.4
1373360 1710.2
1373370 1710.2
1373380 1709.7
1373390 1709.1
1373400 1709.1
1373410 1710.2
1373420 1712.8
1373430 1712.8
1373440 1716.4
1373450 1720.9
1373460 1720.9
1373470 1724.3
1373480 1727.7
1373490 1732.0
1373500 1732.0
1373510 1741.5
1373520 1751.8
1373530 1751.8
1373540 1765.3
1373550 1776.0
1373560 1776.0
1373570 1784.5
1373580 1791.7
1373590 1791.7
1373600 1800.3
1373610 1809.3
1373620 1809.3
1373630 1818.5
1373640 1826.4
1373650 1826.4
1373660 1833.1
1373670 1839.9
1373680 1846.0
1373690 1846.0
1373700 1848.6
1373710 1847.7
1373720 1847.7
1373730 1846.8
1373740 1850.2
1373750 1850.2
1373760 1856.9
1373770 1863.8
1373780 1863.8
1373790 1872.1
1373800 1881.1
1373810 1881.1
1373820 1889.4
1373830 1897.1
1373840 1897.1
1373850 1908.3
1373860 1926.7
1373870 1937.4
1373880 1937.4
1373890 1940.4
1373900 1944.7
1373910 1944.7
1373920 1954.9
1373930 1964.9
1373940 1964.9
1373950 1984.5
1373960 2000.0
1373970 2000.0
1373980 2015.4
1373990 2030.9
1374000 2030.9
1374010 2039.0
1374020 2044.2
1374030 2044.2
1374040 2052.1
1374050 2061.6
1374060 2061.6
1374070 2070.5
1374080 2079.1
1374090 2087.0
1374100 2087.0
1374110 2094.5
1374120 2100.9
1374130 2100.9
1374140 2107.2
1374150 2114.3
1374160 2114.3
1374170 2119.3
1374180 2122.7
1374190 2122.7
1374200 2126.5
1374210 2130.7
1374220 2130.7
1374230 2134.1
1374240 2136.8
1374250 2136.8
1374260 2139.6
1374270 2142.8
1374280 2146.6
1374290 2146.6
1374300 2149.3
1374310 2150.5
1374320 2150.5
1374330 2152.3
1374340 2153.6
1374350 2153.6
1374360 2153.0
1374370 2152.3
1374380 2152.3
1374390 2153.0
1374400 2153.9
1374410 2153.9
1374420 2154.7
1374430 2155.1
1374440 2152.5
1374450 2153.2
1374460 2154.7
1374470 2156.7
1374480 2156.7
1374490 2158.0
1374500 2158.3
1374510 2158.3
1374520 2158.0
1374530 2156.9
1374540 2156.9
1374550 2155.2
1374560 2151.1
1374570 2151.1
1374580 2146.7
1374590 2143.0
1374600 2143.0
1374610 2140.8
1374620 2139.8
1374630 2139.8
1374640 2137.7
1374650 2134.8
1374660 2131.9
1374670 2131.9
1374680 2128.2
1374690 2125.3
1374700 2125.3
1374710 2121.7
1374720 2116.4
1374730 2116.4
1374740 2109.4
1374750 2101.5
1374760 2101.5
1374770 2092.5
1374780 2083.1
1374790 2083.1
1374800 2074.2
1374810 2065.2
1374820 2065.2
1374830 2056.5
1374840 2047.1
1374850 2037.6
1374860 2037.6
1374870 2029.7
1374880 2022.0
1374890 2022.0
1374900 2013.6
1374910 2005.2
1374920 2005.2
1374930 1995.4
1374940 1986.0
1374950 1986.0
1374960 1975.9
1374970 1967.5
1374980 1967.5
1374990 1961.6
1375000 1957.6
1375010 1957.6
1375020 1954.9
1375030 1952.4
1375040 1949.9
1375050 1949.9
1375060 1948.3
1375070 1948.1
1375080 1948.1
1375090 1944.7
1375100 1940.4
1375110 1940.4
1375120 1936.9
1375130 1934.0
1375140 1934.0
1375150 1929.3
1375160 1924.4
1375170 1924.4
1375180 1920.0
1375190 1915.3
1375200 1915.3
1375210 1911.2
1375220 1908.6
1375230 1909.8
1375240 1909.8
1375250 1912.8
1375260 1914.3
1375270 1914.3
1375280 1916.4
1375290 1919.7
1375300 1919.7
1375310 1923.3
1375320 1927.5
1375330 1927.5
1375340 1932.1
1375350 1936.7
1375360 1936.7
1375370 1940.6
1375380 1944.4
1375390 1944.4
1375400 1949.3
1375410 1955.3
1375420 1955.3
1375430 1961.2
1375440 1969.1
1375450 1979.2
1375460 1979.2
1375470 1988.2
1375480 1997.3
1375490 1997.3
1375500 2004.9
1375510 2008.2
1375520 2008.2
1375530 2010.0
1375540 2018.3
1375550 2018.3
1375560 2027.8
1375570 2035.1
1375580 2035.1
1375590 2050.0
1375600 2056.3
1375610 2056.3
1375620 2062.3
1375630 2069.0
1375640 2073.8
1375650 2073.8
1375660 2079.8
1375670 2086.8
1375680 2086.8
1375690 2093.2
1375700 2099.0
1375710 2099.0
1375720 2105.2
1375730 2111.0
1375740 2111.0
1375750 2116.7
1375760 2123.4
1375770 2123.4
1375780 2129.9
1375790 2136.1
1375800 2136.1
1375810 2142.4
1375820 2149.8
1375830 2157.7
1375840 2157.7
1375850 2165.2
1375860 2172.3
1375870 2172.3
1375880 2179.2
1375890 2186.2
1375900 2186.2
1375910 2192.4
1375920 2198.6
1375930 2198.6
1375940 2205.3
1375950 2211.8
1375960 2211.8
1375970 2217.5
1375980 2222.8
1375990 2222.8
1376000 2227.7
1376010 2232.5
1376020 2237.2
1376030 2237.2
1376040 2241.9
1376050 2246.8
1376060 2246.8
1376070 2252.0
1376080 2257.3
1376090 2257.3
1376100 2263.1
1376110 2269.0
1376120 2269.0
1376130 2274.9
1376140 2280.8
1376150 2280.8
1376160 2286.8
1376170 2292.5
1376180 2292.5
1376190 2297.8
1376200 2303.2
1376210 2308.8
1376220 2308.8
1376230 2314.3
1376240 2319.6
1376250 2319.6
1376260 2325.3
1376270 2330.6
1376280 2330.6
1376290 2335.8
1376300 2341.0
1376310 2341.0
1376320 2345.8
1376330 2350.8
1376340 2350.8
1376350 2355.8
1376360 2360.9
1376370 2360.9
1376380 2365.8
1376390 2370.5
1376400 2375.4
1376410 2375.4
1376420 2380.1
1376430 2384.7
1376440 2384.7
1376450 2388.9
1376460 2392.5
1376470 2392.5
1376480 2395.8
1376490 2398.9
1376500 2398.9
1376510 2401.9
1376520 2404.7
1376530 2404.7
1376540 2406.9
1376550 2409.1
1376560 2409.1
1376570 2411.7
1376580 2413.8
1376590 2415.6
1376600 2415.6
1376610 2416.9
1376620 2418.1
1376630 2418.1
1376640 2419.5
1376650 2421.1
1376660 2421.1
1376670 2422.6
1376680 2424.6
1376690 2424.6
1376700 2427.0
1376710 2429.1
1376720 2429.1
1376730 2431.3
1376740 2433.8
1376750 2433.8
1376760 2430.7
1376770 2431.9
1376780 2431.9
1376790 2433.0
1376800 2434.2
1376810 2435.3
1376820 2435.3
1376830 2436.3
1376840 2436.7
1376850 2436.7
1376860 2437.1
1376870 2438.0
1376880 2438.0
1376890 2438.9
1376900 2439.4
1376910 2439.4
1376920 2439.2
1376930 2438.5
1376940 2438.5
1376950 2437.8
1376960 2437.2
1376970 2437.2
1376980 2436.6
1376990 2436.3
1377000 2436.2
1377010 2436.2
1377020 2436.0
1377030 2435.7
1377040 2435.7
1377050 2434.7
1377060 2433.6
1377070 2433.6
1377080 2432.6
1377090 2431.3
1377100 2431.3
1377110 2429.9
1377120 2428.1
1377130 2428.1
1377140 2426.0
1377150 2423.7
1377160 2423.7
1377170 2421.6
1377180 2419.6
1377190 2417.7
1377200 2417.7
1377210 2415.8
1377220 2413.5
1377230 2413.5
1377240 2411.3
1377250 2409.2
1377260 2409.2
1377270 2407.5
1377280 2406.4
1377290 2406.4
1377300 2404.0
1377310 2399.7
1377320 2399.7
1377330 2394.0
1377340 2387.6
1377350 2387.6
1377360 2381.2
1377370 2374.6
1377380 2367.4
1377390 2367.4
1377400 2359.9
1377410 2352.1
1377420 2352.1
1377430 2344.3
1377440 2337.4
1377450 2337.4
1377460 2331.1
1377470 2324.4
1377480 2324.4
1377490 2318.0
1377500 2311.6
1377510 2311.6
1377520 2305.3
1377530 2299.1
1377540 2299.1
1377550 2292.4
1377560 2285.0
1377570 2277.7
1377580 2277.7
1377590 2271.3
1377600 2264.8
1377610 2264.8
1377620 2257.9
1377630 2250.8
1377640 2250.8
1377650 2244.6
1377660 2237.9
1377670 2237.9
1377680 2231.3
1377690 2225.9
1377700 2225.9
1377710 2219.9
1377720 2213.3
1377730 2213.3
1377740 2206.3
1377750 2197.8
1377760 2190.0
1377770 2190.0
1377780 2190.0
1377790 2193.2
1377800 2193.2
1377810 2192.2
1377820 2189.5
1377830 2189.5
1377840 2185.0
1377850 2178.9
1377860 2178.9
1377870 2172.5
1377880 2164.9
1377890 2164.9
1377900 2156.6
1377910 2148.7
1377920 2148.7
1377930 2142.3
1377940 2132.4
1377950 2125.5
1377960 2125.5
1377970 2118.6
1377980 2112.5
1377990 2112.5
1378000 2105.9
1378010 2099.0
1378020 2099.0
1378030 2094.2
1378040 2089.5
1378050 2089.5
1378060 2083.2
1378070 2075.9
1378080 2075.9
1378090 2069.9
1378100 2064.7
1378110 2064.7
1378120 2058.5
1378130 2052.6
1378140 2050.1
1378150 2050.1
1378160 2046.8
1378170 2041.9
1378180 2041.9
1378190 2035.8
1378200 2032.4
1378210 2032.4
1378220 2036.4
1378230 2041.3
1378240 2041.3
1378250 2043.9
1378260 2046.8
1378270 2046.8
1378280 2050.5
1378290 2052.9
1378300 2052.9
1378310 2056.4
1378320 2061.5
1378330 2061.5
1378340 2066.9
1378350 2072.4
1378360 2077.9
1378370 2077.9
1378380 2083.9
1378390 2090.8
1378400 2090.8
1378410 2097.9
1378420 2104.8
1378430 2104.8
1378440 2111.4
1378450 2118.7
1378460 2118.7
1378470 2125.9
1378480 2133.1
1378490 2133.1
1378500 2140.8
1378510 2147.8
1378520 2147.8
1378530 2154.8
1378540 2161.5
1378550 2167.0
1378560 2167.0
1378570 2172.4
1378580 2177.6
1378590 2177.6
1378600 2182.6
1378610 2186.5
1378620 2186.5
1378630 2190.1
1378640 2194.9
1378650 2194.9
1378660 2199.8
1378670 2204.3
1378680 2204.3
1378690 2208.5
1378700 2212.3
1378710 2212.3
1378720 2215.9
1378730 2219.7
1378740 2223.8
1378750 2223.8
1378760 2228.4
1378770 2233.1
1378780 2233.1
1378790 2237.8
1378800 2242.7
1378810 2242.7
1378820 2247.5
1378830 2252.4
1378840 2252.4
1378850 2257.0
1378860 2261.2
1378870 2261.2
1378880 2264.9
1378890 2268.0
1378900 2268.0
1378910 2270.9
1378920 2273.5
1378930 2275.7
1378940 2275.7
1378950 2277.9
1378960 2279.9
1378970 2279.9
1378980 2281.5
1378990 2282.8
1379000 2282.8
1379010 2283.9
1379020 2284.7
1379030 2284.7
1379040 2285.4
1379050 2285.6
1379060 2285.6
1379070 2285.7
1379080 2285.8
1379090 2285.8
1379100 2285.8
1379110 2285.6
1379120 2285.0
1379130 2282.6
1379140 2281.1
1379150 2279.4
1379160 2279.4
1379170 2277.5
1379180 2275.3
1379190 2275.3
1379200 2273.0
1379210 2270.1
1379220 2270.1
1379230 2266.5
1379240 2262.5
1379250 2262.5
1379260 2257.3
1379270 2249.9
1379280 2249.9
1379290 2241.7
1379300 2234.4
1379310 2227.7
1379320 2227.7
1379330 2221.3
1379340 2215.0
1379350 2215.0
1379360 2209.1
1379370 2203.4
1379380 2203.4
1379390 2197.9
1379400 2192.9
1379410 2192.9
1379420 2187.6
1379430 2182.4
1379440 2182.4
1379450 2177.4
1379460 2172.2
1379470 2172.2
1379480 2166.8
1379490 2161.9
1379500 2157.5
1379510 2157.5
1379520 2154.6
1379530 2151.9
1379540 2151.9
1379550 2148.9
1379560 2145.8
1379570 2145.8
1379580 2142.7
1379590 2140.2
1379600 2140.2
1379610 2137.4
1379620 2134.0
1379630 2134.0
1379640 2130.8
1379650 2127.7
1379660 2127.7
1379670 2124.9
1379680 2122.7
1379690 2122.7
1379700 2121.2
1379710 2119.1
1379720 2115.6
1379730 2115.6
1379740 2112.0
1379750 2108.3
1379760 2108.3
1379770 2104.2
1379780 2100.7
1379790 2100.7
1379800 2097.4
1379810 2094.8
1379820 2094.8
1379830 2092.6
1379840 2090.9
1379850 2090.9
1379860 2089.3
1379870 2087.2
1379880 2087.2
1379890 2084.7
1379900 2082.2
1379910 2079.4
1379920 2079.4
1379930 2075.9
1379940 2072.1
1379950 2072.1
1379960 2068.0
1379970 2063.6
1379980 2063.6
1379990 2059.0
