1360000 2024.6
1360010 2015.3
1360020 2005.1
1360030 2005.1
1360040 1993.3
1360050 1979.4
1360060 1979.4
1360070 1969.9
1360080 1960.8
1360090 1960.8
1360100 1952.2
1360110 1945.4
1360120 1945.4
1360130 1938.0
1360140 1929.7
1360150 1929.7
1360160 1922.4
1360170 1916.0
1360180 1908.8
1360190 1908.8
1360200 1899.2
1360210 1892.1
1360220 1892.1
1360230 1886.7
1360240 1882.4
1360250 1882.4
1360260 1877.6
1360270 1872.7
1360280 1872.7
1360290 1867.9
1360300 1864.7
1360310 1864.7
1360320 1860.2
1360330 1856.9
1360340 1856.9
1360350 1853.8
1360360 1850.7
1360370 1847.3
1360380 1847.3
1360390 1842.6
1360400 1836.5
1360410 1836.5
1360420 1829.0
1360430 1822.6
1360440 1822.6
1360450 1816.8
1360460 1810.4
1360470 1810.4
1360480 1804.0
1360490 1797.5
1360500 1797.5
1360510 1790.7
1360520 1784.1
1360530 1784.1
1360540 1776.3
1360550 1768.6
1360560 1766.3
1360570 1766.3
1360580 1760.5
1360590 1754.2
1360600 1754.2
1360610 1750.1
1360620 1748.6
1360630 1748.6
1360640 1747.8
1360650 1747.5
1360660 1747.5
1360670 1745.7
1360680 1741.6
1360690 1741.6
1360700 1740.7
1360710 1740.4
1360720 1740.4
1360730 1740.8
1360740 1740.3
1360750 1736.9
1360760 1736.9
1360770 1738.2
1360780 1742.2
1360790 1742.2
1360800 1748.2
1360810 1757.0
1360820 1757.0
1360830 1762.6
1360840 1765.8
1360850 1765.8
1360860 1769.8
1360870 1773.2
1360880 1773.2
1360890 1775.7
1360900 1778.2
1360910 1778.2
1360920 1779.9
1360930 1781.7
1360940 1784.1
1360950 1784.1
1360960 1787.0
1360970 1790.0
1360980 1790.0
1360990 1794.4
1361000 1802.2
1361010 1802.2
1361020 1810.4
1361030 1817.5
1361040 1817.5
1361050 1823.8
1361060 1830.7
1361070 1830.7
1361080 1838.0
1361090 1844.8
1361100 1844.8
1361110 1851.6
1361120 1857.9
1361130 1863.6
1361140 1863.6
1361150 1870.3
1361160 1877.6
1361170 1877.6
1361180 1883.9
1361190 1889.3
1361200 1889.3
1361210 1894.0
1361220 1896.7
1361230 1896.7
1361240 1899.1
1361250 1902.0
1361260 1902.0
1361270 1905.8
1361280 1908.8
1361290 1908.8
1361300 1912.8
1361310 1918.0
1361320 1918.0
1361330 1921.0
1361340 1924.3
1361350 1928.2
1361360 1928.2
1361370 1933.2
1361380 1940.6
1361390 1940.6
1361400 1954.2
1361410 1968.5
1361420 1968.5
1361430 1979.0
1361440 1987.7
1361450 1987.7
1361460 1998.1
1361470 2007.2
1361480 2007.2
1361490 2014.7
1361500 2023.3
1361510 2023.3
1361520 2030.2
1361530 2036.4
1361540 2042.8
1361550 2042.8
1361560 2049.2
1361570 2055.9
1361580 2055.9
1361590 2060.1
1361600 2066.2
1361610 2066.2
1361620 2071.8
1361630 2077.4
1361640 2077.4
1361650 2083.0
1361660 2089.1
1361670 2089.1
1361680 2095.5
1361690 2102.1
1361700 2102.1
1361710 2109.7
1361720 2117.8
1361730 2126.0
1361740 2126.0
1361750 2132.8
1361760 2139.6
1361770 2139.6
1361780 2146.1
1361790 2151.2
1361800 2151.2
1361810 2155.5
1361820 2157.8
1361830 2157.8
1361840 2158.8
1361850 2161.5
1361860 2161.5
1361870 2166.8
1361880 2172.0
1361890 2172.0
1361900 2177.2
1361910 2182.5
1361920 2187.2
1361930 2187.2
1361940 2190.6
1361950 2193.8
1361960 2193.8
1361970 2198.3
1361980 2204.8
1361990 2204.8
1362000 2211.5
1362010 2217.8
1362020 2217.8
1362030 2223.9
1362040 2229.8
1362050 2229.8
1362060 2235.9
1362070 2242.3
1362080 2242.3
1362090 2249.2
1362100 2254.6
1362110 2260.0
1362120 2260.0
1362130 2267.1
1362140 2275.2
1362150 2275.2
1362160 2282.7
1362170 2289.8
1362180 2289.8
1362190 2297.0
1362200 2304.4
1362210 2304.4
1362220 2311.7
1362230 2318.8
1362240 2318.8
1362250 2326.3
1362260 2333.8
1362270 2333.8
1362280 2341.0
1362290 2348.2
1362300 2348.2
1362310 2355.4
1362320 2362.4
1362330 2369.3
1362340 2369.3
1362350 2376.0
1362360 2380.1
1362370 2380.1
1362380 2383.8
1362390 2387.4
1362400 2387.4
1362410 2389.7
1362420 2392.0
1362430 2392.0
1362440 2394.2
1362450 2395.5
1362460 2395.5
1362470 2397.6
1362480 2399.8
1362490 2399.8
1362500 2402.6
1362510 2405.4
1362520 2408.0
1362530 2408.0
1362540 2410.9
1362550 2414.2
1362560 2414.2
1362570 2418.7
1362580 2423.5
1362590 2423.5
1362600 2428.8
1362610 2433.8
1362620 2437.2
1362630 2441.7
1362640 2446.6
1362650 2446.6
1362660 2451.1
1362670 2455.5
1362680 2455.5
1362690 2460.4
1362700 2465.5
1362710 2470.3
1362720 2470.3
1362730 2474.8
1362740 2478.9
1362750 2478.9
1362760 2483.5
1362770 2488.9
1362780 2488.9
1362790 2495.5
1362800 2502.2
1362810 2502.2
1362820 2508.8
1362830 2514.9
1362840 2514.9
1362850 2519.8
1362860 2524.3
1362870 2524.3
1362880 2528.3
1362890 2531.9
1362900 2535.1
1362910 2535.1
1362920 2538.2
1362930 2540.5
1362940 2540.5
1362950 2542.4
1362960 2544.4
1362970 2544.4
1362980 2546.0
1362990 2547.9
1363000 2547.9
1363010 2550.9
1363020 2553.7
1363030 2553.7
1363040 2556.6
1363050 2559.1
1363060 2559.1
1363070 2562.4
1363080 2567.1
1363090 2571.9
1363100 2571.9
1363110 2577.3
1363120 2581.9
1363130 2581.9
1363140 2586.6
1363150 2591.8
1363160 2591.8
1363170 2597.8
1363180 2604.5
1363190 2604.5
1363200 2609.9
1363210 2615.3
1363220 2615.3
1363230 2621.1
1363240 2626.4
1363250 2626.4
1363260 2632.0
1363270 2637.2
1363280 2641.0
1363290 2641.0
1363300 2644.0
1363310 2646.6
1363320 2646.6
1363330 2649.1
1363340 2651.7
1363350 2651.7
1363360 2654.0
1363370 2655.9
1363380 2655.9
1363390 2657.5
1363400 2658.9
1363410 2658.9
1363420 2661.6
1363430 2665.7
1363440 2665.7
1363450 2670.8
1363460 2676.9
1363470 2676.9
1363480 2683.3
1363490 2689.7
1363500 2695.1
1363510 2695.1
1363520 2703.1
1363530 2714.0
1363540 2714.0
1363550 2725.8
1363560 2734.4
1363570 2734.4
1363580 2741.7
1363590 2743.8
1363600 2743.8
1363610 2736.7
1363620 2727.8
1363630 2727.8
1363640 2720.3
1363650 2713.5
1363660 2709.3
1363670 2702.6
1363680 2698.1
1363690 2693.4
1363700 2693.4
1363710 2688.3
1363720 2683.8
1363730 2683.8
1363740 2679.4
1363750 2673.4
1363760 2673.4
1363770 2666.4
1363780 2660.0
1363790 2660.0
1363800 2654.6
1363810 2648.9
1363820 2648.9
1363830 2642.1
1363840 2635.1
1363850 2635.1
1363860 2628.1
1363870 2621.2
1363880 2614.9
1363890 2614.9
1363900 2609.1
1363910 2603.4
1363920 2603.4
1363930 2598.7
1363940 2594.3
1363950 2594.3
1363960 2590.7
1363970 2585.7
1363980 2585.7
1363990 2579.3
1364000 2572.7
1364010 2572.7
1364020 2566.6
1364030 2561.0
1364040 2561.0
1364050 2552.4
1364060 2543.3
1364070 2533.0
1364080 2533.0
1364090 2524.7
1364100 2515.9
1364110 2515.9
1364120 2509.5
1364130 2505.9
1364140 2505.9
1364150 2504.8
1364160 2504.3
1364170 2504.3
1364180 2502.0
1364190 2501.1
1364200 2501.1
1364210 2500.5
1364220 2499.3
1364230 2499.3
1364240 2496.5
1364250 2492.8
1364260 2489.8
1364270 2489.8
1364280 2488.2
1364290 2486.5
1364300 2486.5
1364310 2483.9
1364320 2480.6
1364330 2480.6
1364340 2476.9
1364350 2474.8
1364360 2474.8
1364370 2473.5
1364380 2469.1
1364390 2469.1
1364400 2463.7
1364410 2458.9
1364420 2458.9
1364430 2456.5
1364440 2454.9
1364450 2454.9
1364460 2453.8
1364470 2453.4
1364480 2452.8
1364490 2452.8
1364500 2451.7
1364510 2451.1
1364520 2451.1
1364530 2449.8
1364540 2449.3
1364550 2449.3
1364560 2448.4
1364570 2446.3
1364580 2446.3
1364590 2443.9
1364600 2441.2
1364610 2441.2
1364620 2438.5
1364630 2436.0
1364640 2436.0
1364650 2434.1
1364660 2434.1
1364670 2433.5
1364680 2433.5
1364690 2430.4
1364700 2427.5
1364710 2426.5
1364720 2426.2
1364730 2425.8
1364740 2425.8
1364750 2425.7
1364760 2426.9
1364770 2426.9
1364780 2429.5
1364790 2431.8
1364800 2431.8
1364810 2430.9
1364820 2431.6
1364830 2431.6
1364840 2434.2
1364850 2439.1
1364860 2443.4
1364870 2443.4
1364880 2446.1
1364890 2448.6
1364900 2448.6
1364910 2451.4
1364920 2455.1
1364930 2455.1
1364940 2459.5
1364950 2463.0
1364960 2463.0
1364970 2466.5
1364980 2469.8
1364990 2469.8
1365000 2472.3
1365010 2474.8
1365020 2474.8
1365030 2477.5
1365040 2480.5
1365050 2483.1
1365060 2483.1
1365070 2486.6
1365080 2492.7
1365090 2492.7
1365100 2500.4
1365110 2507.3
1365120 2507.3
1365130 2514.2
1365140 2521.8
1365150 2521.8
1365160 2530.6
1365170 2539.3
1365180 2539.3
1365190 2548.9
1365200 2558.7
1365210 2558.7
1365220 2561.5
1365230 2568.8
1365240 2578.3
1365250 2578.3
1365260 2582.7
1365270 2585.8
1365280 2585.8
1365290 2589.2
1365300 2592.9
1365310 2592.9
1365320 2597.8
1365330 2603.3
1365340 2603.3
1365350 2607.8
1365360 2612.6
1365370 2612.6
1365380 2615.8
1365390 2619.0
1365400 2619.0
1365410 2622.1
1365420 2625.5
1365430 2625.5
1365440 2630.4
1365450 2633.2
1365460 2636.2
1365470 2636.2
1365480 2638.1
1365490 2640.8
1365500 2640.8
1365510 2646.2
1365520 2652.9
1365530 2652.9
1365540 2656.8
1365550 2663.5
1365560 2663.5
1365570 2666.6
1365580 2668.4
1365590 2668.4
1365600 2668.0
1365610 2667.8
1365620 2667.8
1365630 2668.5
1365640 2668.2
1365650 2670.8
1365660 2670.8
1365670 2680.8
1365680 2682.4
1365690 2682.4
1365700 2686.0
1365710 2690.5
1365720 2690.5
1365730 2698.6
1365740 2704.0
1365750 2704.0
1365760 2707.7
1365770 2702.4
1365780 2706.9
1365790 2692.4
1365800 2680.3
1365810 2680.3
1365820 2671.7
1365830 2662.3
1365840 2652.8
1365850 2652.8
1365860 2640.7
1365870 2633.3
1365880 2633.3
1365890 2627.5
1365900 2620.8
1365910 2620.8
1365920 2614.7
1365930 2608.5
1365940 2608.5
1365950 2603.9
1365960 2601.2
1365970 2601.2
1365980 2598.6
1365990 2595.3
1366000 2595.3
1366010 2593.2
1366020 2591.3
1366030 2590.2
1366040 2590.2
1366050 2588.4
1366060 2588.1
1366070 2588.1
1366080 2587.4
1366090 2588.6
1366100 2588.6
1366110 2588.7
1366120 2585.1
1366130 2585.1
1366140 2583.5
1366150 2581.1
1366160 2581.1
1366170 2581.8
1366180 2582.6
1366190 2582.6
1366200 2581.9
1366210 2584.6
1366220 2583.0
1366230 2583.0
1366240 2582.7
1366250 2583.6
1366260 2583.6
1366270 2584.1
1366280 2584.8
1366290 2584.8
1366300 2585.1
1366310 2585.8
1366320 2585.8
1366330 2586.4
1366340 2585.6
1366350 2585.6
1366360 2584.6
1366370 2582.9
1366380 2582.9
1366390 2580.6
1366400 2577.9
1366410 2575.5
1366420 2575.5
1366430 2574.3
1366440 2574.1
1366450 2574.1
1366460 2574.1
1366470 2574.3
1366480 2574.3
1366490 2574.2
1366500 2574.2
1366510 2574.2
1366520 2574.2
1366530 2574.2
1366540 2574.2
1366550 2574.2
1366560 2574.2
1366570 2574.2
1366580 2574.2
1366590 2574.2
1366600 2574.2
1366610 2574.2
1366620 2574.2
1366630 2574.1
1366640 2574.1
1366650 2574.1
1366660 2574.1
1366670 2574.1
1366680 2574.1
1366690 2574.1
1366700 2574.1
1366710 2574.2
1366720 2574.2
1366730 2574.2
1366740 2574.2
1366750 2574.3
1366760 2574.3
1366770 2574.3
1366780 2574.3
1366790 2574.3
1366800 2574.3
1366810 2574.3
1366820 2574.3
1366830 2574.3
1366840 2574.2
1366850 2574.1
1366860 2574.1
1366870 2574.3
1366880 2576.6
1366890 2576.6
1366900 2578.5
1366910 2579.0
1366920 2579.0
1366930 2578.4
1366940 2575.3
1366950 2575.3
1366960 2574.5
1366970 2574.5
1366980 2574.5
1366990 2574.3
1367000 2574.3
1367010 2574.6
1367020 2574.6
1367030 2575.7
1367040 2576.8
1367050 2576.8
1367060 2578.3
1367070 2579.0
1367080 2579.0
1367090 2580.1
1367100 2580.6
1367110 2580.6
1367120 2581.6
1367130 2582.7
1367140 2582.7
1367150 2583.9
1367160 2585.5
1367170 2585.5
1367180 2587.9
1367190 2591.0
1367200 2595.6
1367210 2595.6
1367220 2599.1
1367230 2602.2
1367240 2602.2
1367250 2606.4
1367260 2609.5
1367270 2609.5
1367280 2613.9
1367290 2619.8
1367300 2619.8
1367310 2623.7
1367320 2625.5
1367330 2625.5
1367340 2629.0
1367350 2634.2
1367360 2634.2
1367370 2640.7
1367380 2647.8
1367390 2655.9
1367400 2655.9
1367410 2670.6
1367420 2693.8
1367430 2693.8
1367440 2726.9
1367450 2733.8
1367460 2733.8
1367470 2733.0
1367480 2731.3
1367490 2731.3
1367500 2729.6
1367510 2729.5
1367520 2729.5
1367530 2729.9
1367540 2729.7
1367550 2729.7
1367560 2730.6
1367570 2733.7
1367580 2733.7
1367590 2732.1
1367600 2730.8
1367610 2729.0
1367620 2729.0
1367630 2725.1
1367640 2721.0
1367650 2721.0
1367660 2716.6
1367670 2715.0
1367680 2715.0
1367690 2717.1
1367700 2720.5
1367710 2720.5
1367720 2724.3
1367730 2728.1
1367740 2728.1
1367750 2732.5
1367760 2737.8
1367770 2737.8
1367780 2744.1
1367790 2752.6
1367800 2759.9
1367810 2759.9
1367820 2767.7
1367830 2777.3
1367840 2777.3
1367850 2785.4
1367860 2791.9
1367870 2791.9
1367880 2798.3
1367890 2804.8
1367900 2804.8
1367910 2811.0
1367920 2814.4
1367930 2812.3
1367940 2813.1
1367950 2814.9
1367960 2814.9
1367970 2817.6
1367980 2821.6
1367990 2826.2
1368000 2826.2
1368010 2831.6
1368020 2836.4
1368030 2836.4
1368040 2839.2
1368050 2837.5
1368060 2837.5
1368070 2833.9
1368080 2830.3
1368090 2830.3
1368100 2827.3
1368110 2826.1
1368120 2826.1
1368130 2825.3
1368140 2823.1
1368150 2823.1
1368160 2820.3
1368170 2817.1
1368180 2812.9
1368190 2812.9
1368200 2808.8
1368210 2808.9
1368220 2808.9
1368230 2811.9
1368240 2816.0
1368250 2816.0
1368260 2820.3
1368270 2822.1
1368280 2822.1
1368290 2820.8
1368300 2815.9
1368310 2815.9
1368320 2814.2
1368330 2815.1
1368340 2815.1
1368350 2815.4
1368360 2815.6
1368370 2815.6
1368380 2815.6
1368390 2826.1
1368400 2831.9
1368410 2831.9
1368420 2829.1
1368430 2826.6
1368440 2826.6
1368450 2823.4
1368460 2820.6
1368470 2820.6
1368480 2817.6
1368490 2815.4
1368500 2815.4
1368510 2814.7
1368520 2813.6
1368530 2813.6
1368540 2806.2
1368550 2798.8
1368560 2792.1
1368570 2792.1
1368580 2785.2
1368590 2778.4
1368600 2778.4
1368610 2770.6
1368620 2763.3
1368630 2763.3
1368640 2756.2
1368650 2747.5
1368660 2747.5
1368670 2739.0
1368680 2731.8
1368690 2731.8
1368700 2724.5
1368710 2716.6
1368720 2716.6
1368730 2710.4
1368740 2704.1
1368750 2704.1
1368760 2697.6
1368770 2691.4
1368780 2683.6
1368790 2683.6
1368800 2674.8
1368810 2665.7
1368820 2665.7
1368830 2656.9
1368840 2650.1
1368850 2650.1
1368860 2641.7
1368870 2630.5
1368880 2630.5
1368890 2621.2
1368900 2615.4
1368910 2615.4
1368920 2611.6
1368930 2606.8
1368940 2606.8
1368950 2602.3
1368960 2597.6
1368970 2593.3
1368980 2593.3
1368990 2588.9
1369000 2584.3
1369010 2584.3
1369020 2585.2
1369030 2580.4
1369040 2580.4
1369050 2576.1
1369060 2571.9
1369070 2571.9
1369080 2570.2
1369090 2569.5
1369100 2569.5
1369110 2568.4
1369120 2567.3
1369130 2567.3
1369140 2566.7
1369150 2565.1
1369160 2562.1
1369170 2562.1
1369180 2558.7
1369190 2556.6
1369200 2556.6
1369210 2554.2
1369220 2550.5
1369230 2550.5
1369240 2545.5
1369250 2539.5
1369260 2539.5
1369270 2533.0
1369280 2528.5
1369290 2528.5
1369300 2525.0
1369310 2522.4
1369320 2522.4
1369330 2521.2
1369340 2523.7
1369350 2528.6
1369360 2528.6
1369370 2527.8
1369380 2527.9
1369390 2527.9
1369400 2529.6
1369410 2530.6
1369420 2530.6
1369430 2532.0
1369440 2533.8
1369450 2533.8
1369460 2535.6
1369470 2536.1
1369480 2536.1
1369490 2535.7
1369500 2535.2
1369510 2535.2
1369520 2535.8
1369530 2536.3
1369540 2536.6
1369550 2536.6
1369560 2535.9
1369570 2534.5
1369580 2534.5
1369590 2531.4
1369600 2528.1
1369610 2528.1
1369620 2526.4
1369630 2527.0
1369640 2527.0
1369650 2529.3
1369660 2530.9
1369670 2530.9
1369680 2532.6
1369690 2535.6
1369700 2535.6
1369710 2536.5
1369720 2538.1
1369730 2538.1
1369740 2539.3
1369750 2540.8
1369760 2542.3
1369770 2542.3
1369780 2543.5
1369790 2543.2
1369800 2543.2
1369810 2540.1
1369820 2535.2
1369830 2535.2
1369840 2530.8
1369850 2526.5
1369860 2526.5
1369870 2521.6
1369880 2516.3
1369890 2516.3
1369900 2513.5
1369910 2513.1
1369920 2513.1
1369930 2513.6
1369940 2512.5
1369950 2513.0
1369960 2513.0
1369970 2514.6
1369980 2516.3
1369990 2516.3
1370000 2518.5
1370010 2518.8
1370020 2518.8
1370030 2517.7
1370040 2515.8
1370050 2515.8
1370060 2513.8
1370070 2513.2
1370080 2513.2
1370090 2512.4
1370100 2511.0
1370110 2518.3
1370120 2516.9
1370130 2516.3
1370140 2513.2
1370150 2513.2
1370160 2508.7
1370170 2502.4
1370180 2502.4
1370190 2497.4
1370200 2492.1
1370210 2492.1
1370220 2488.3
1370230 2485.0
1370240 2485.0
1370250 2482.1
1370260 2478.6
1370270 2478.6
1370280 2475.2
1370290 2474.5
1370300 2474.5
1370310 2474.8
1370320 2475.5
1370330 2475.4
1370340 2475.4
1370350 2475.5
1370360 2476.5
1370370 2476.5
1370380 2477.4
1370390 2478.3
1370400 2478.3
1370410 2478.4
1370420 2478.1
1370430 2478.1
1370440 2477.9
1370450 2478.3
1370460 2478.3
1370470 2478.0
1370480 2476.3
1370490 2476.3
1370500 2474.1
1370510 2472.3
1370520 2471.0
1370530 2471.0
1370540 2469.7
1370550 2467.9
1370560 2467.9
1370570 2465.4
1370580 2459.2
1370590 2459.2
1370600 2449.5
1370610 2439.9
1370620 2439.9
1370630 2429.0
1370640 2419.9
1370650 2419.9
1370660 2411.6
1370670 2405.3
1370680 2405.3
1370690 2399.2
1370700 2391.8
1370710 2383.2
1370720 2383.2
1370730 2375.1
1370740 2367.5
1370750 2367.5
1370760 2359.8
1370770 2352.7
1370780 2352.7
1370790 2346.1
1370800 2339.5
1370810 2339.5
1370820 2332.4
1370830 2326.2
1370840 2326.2
1370850 2320.7
1370860 2312.4
1370870 2312.4
1370880 2303.5
1370890 2297.1
1370900 2297.1
1370910 2291.9
1370920 2287.6
1370930 2282.1
1370940 2282.1
1370950 2275.9
1370960 2269.4
1370970 2269.4
1370980 2262.3
1370990 2255.6
1371000 2255.6
1371010 2250.1
1371020 2244.2
1371030 2244.2
1371040 2238.2
1371050 2232.1
1371060 2232.1
1371070 2226.4
1371080 2220.7
1371090 2220.7
1371100 2214.3
1371110 2207.3
1371120 2199.7
1371130 2199.7
1371140 2192.1
1371150 2184.8
1371160 2184.8
1371170 2178.2
1371180 2172.6
1371190 2172.6
1371200 2167.4
1371210 2162.1
1371220 2162.1
1371230 2160.8
1371240 2154.7
1371250 2154.7
1371260 2148.2
1371270 2142.5
1371280 2142.5
1371290 2136.7
1371300 2131.0
1371310 2125.5
1371320 2125.5
1371330 2120.1
1371340 2114.7
1371350 2114.7
1371360 2109.2
1371370 2103.7
1371380 2103.7
1371390 2098.0
1371400 2092.0
1371410 2092.0
1371420 2085.6
1371430 2079.4
1371440 2079.4
1371450 2073.1
1371460 2067.0
1371470 2067.0
1371480 2061.4
1371490 2055.7
1371500 2049.8
1371510 2049.8
1371520 2043.7
1371530 2037.5
1371540 2037.5
1371550 2031.6
1371560 2025.5
1371570 2025.5
1371580 2019.2
1371590 2013.1
1371600 2013.1
1371610 2007.0
1371620 2001.3
1371630 2001.3
1371640 1995.9
1371650 1991.0
1371660 1991.0
1371670 1986.3
1371680 1981.4
1371690 1976.4
1371700 1976.4
1371710 1971.4
1371720 1966.2
1371730 1966.2
1371740 1961.2
1371750 1955.8
1371760 1955.8
1371770 1950.2
1371780 1944.4
1371790 1944.4
1371800 1938.6
1371810 1933.0
1371820 1933.0
1371830 1927.2
1371840 1921.6
1371850 1921.6
1371860 1916.1
1371870 1910.6
1371880 1905.2
1371890 1905.2
1371900 1900.0
1371910 1894.6
1371920 1894.6
1371930 1889.3
1371940 1884.4
1371950 1884.4
1371960 1879.5
1371970 1874.7
1371980 1874.7
1371990 1869.9
1372000 1864.8
1372010 1864.8
1372020 1859.7
1372030 1854.6
1372040 1854.6
1372050 1849.6
1372060 1844.6
1372070 1844.6
1372080 1839.8
1372090 1835.0
1372100 1830.2
1372110 1830.2
1372120 1825.5
1372130 1820.5
1372140 1820.5
1372150 1815.6
1372160 1810.8
1372170 1810.8
1372180 1805.8
1372190 1801.1
1372200 1801.1
1372210 1796.9
1372220 1793.2
1372230 1793.2
1372240 1789.8
1372250 1786.0
1372260 1786.0
1372270 1783.1
1372280 1780.3
1372290 1777.1
1372300 1777.1
1372310 1773.5
1372320 1769.5
1372330 1769.5
1372340 1765.0
1372350 1760.4
1372360 1760.4
1372370 1753.9
1372380 1750.4
1372390 1750.4
1372400 1751.5
1372410 1752.7
1372420 1752.7
1372430 1753.8
1372440 1756.9
1372450 1756.9
1372460 1760.9
1372470 1765.8
1372480 1772.1
1372490 1772.1
1372500 1778.3
1372510 1780.5
1372520 1780.5
1372530 1781.6
1372540 1782.8
1372550 1782.8
1372560 1784.4
1372570 1785.8
1372580 1785.8
1372590 1787.0
1372600 1788.9
1372610 1788.9
1372620 1790.7
1372630 1792.3
1372640 1792.3
1372650 1793.3
1372660 1794.1
1372670 1794.7
1372680 1794.7
1372690 1795.5
1372700 1796.4
1372710 1796.4
1372720 1798.3
1372730 1799.6
1372740 1799.6
1372750 1800.1
1372760 1801.3
1372770 1801.3
1372780 1800.6
1372790 1800.2
1372800 1800.2
1372810 1801.0
1372820 1802.4
1372830 1802.4
1372840 1803.6
1372850 1805.2
1372860 1807.0
1372870 1807.0
1372880 1809.3
1372890 1811.9
1372900 1811.9
1372910 1814.4
1372920 1817.3
1372930 1817.3
1372940 1819.8
1372950 1822.3
1372960 1822.3
1372970 1824.9
1372980 1827.6
1372990 1827.6
1373000 1830.8
1373010 1834.2
1373020 1834.2
1373030 1837.8
1373040 1841.1
1373050 1841.1
1373060 1844.0
1373070 1846.6
1373080 1849.0
1373090 1849.0
1373100 1851.1
1373110 1853.5
1373120 1853.5
1373130 1857.6
1373140 1862.0
1373150 1862.0
1373160 1866.7
1373170 1872.0
1373180 1872.0
1373190 1876.9
1373200 1882.1
1373210 1882.1
1373220 1887.4
1373230 1892.1
1373240 1892.1
1373250 1896.8
1373260 1902.3
1373270 1906.3
1373280 1906.3
1373290 1909.4
1373300 1913.6
1373310 1913.6
1373320 1917.0
1373330 1918.6
1373340 1918.6
1373350 1918.3
1373360 1918.4
1373370 1918.4
1373380 1918.9
1373390 1919.9
1373400 1919.9
1373410 1922.4
1373420 1925.6
1373430 1925.6
1373440 1929.3
1373450 1933.3
1373460 1937.9
1373470 1937.9
1373480 1940.5
1373490 1944.9
1373500 1944.9
1373510 1948.0
1373520 1951.2
1373530 1951.2
1373540 1955.3
1373550 1960.2
1373560 1960.2
1373570 1965.3
1373580 1969.4
1373590 1969.4
1373600 1973.3
1373610 1978.0
1373620 1978.0
1373630 1982.8
1373640 1987.9
1373650 1993.2
1373660 1993.2
1373670 1998.1
1373680 2002.3
1373690 2002.3
1373700 2007.2
1373710 2012.6
1373720 2012.6
1373730 2018.9
1373740 2025.6
1373750 2025.6
1373760 2033.1
1373770 2040.2
1373780 2040.2
1373790 2046.7
1373800 2053.5
1373810 2053.5
1373820 2059.6
1373830 2066.4
1373840 2074.9
1373850 2074.9
1373860 2082.6
1373870 2089.7
1373880 2089.7
1373890 2096.9
1373900 2103.9
1373910 2103.9
1373920 2111.1
1373930 2119.2
1373940 2119.2
1373950 2127.1
1373960 2135.5
1373970 2135.5
1373980 2145.1
1373990 2151.8
1374000 2151.8
1374010 2157.7
1374020 2163.7
1374030 2168.7
1374040 2168.7
1374050 2174.7
1374060 2181.1
1374070 2181.1
1374080 2187.4
1374090 2193.4
1374100 2193.4
1374110 2200.0
1374120 2206.9
1374130 2206.9
1374140 2213.3
1374150 2220.9
1374160 2220.9
1374170 2228.3
1374180 2236.4
1374190 2236.4
1374200 2244.4
1374210 2252.9
1374220 2252.9
1374230 2261.8
1374240 2271.2
1374250 2279.9
1374260 2279.9
1374270 2287.5
1374280 2295.3
1374290 2295.3
1374300 2303.2
1374310 2311.6
1374320 2311.6
1374330 2320.6
1374340 2331.2
1374350 2331.2
1374360 2343.1
1374370 2352.7
1374380 2352.7
1374390 2358.6
1374400 2361.4
1374410 2361.4
1374420 2363.3
1374430 2365.8
1374440 2366.9
1374450 2366.9
1374460 2362.8
1374470 2354.5
1374480 2354.5
1374490 2347.1
1374500 2341.7
1374510 2341.7
1374520 2335.7
1374530 2330.2
1374540 2330.2
1374550 2325.0
1374560 2319.1
1374570 2319.1
1374580 2309.4
1374590 2299.9
1374600 2299.9
1374610 2286.9
1374620 2272.0
1374630 2257.5
1374640 2257.5
1374650 2244.3
1374660 2231.7
1374670 2231.7
1374680 2219.8
1374690 2209.2
1374700 2209.2
1374710 2196.1
1374720 2179.2
1374730 2179.2
1374740 2167.0
1374750 2158.3
1374760 2158.3
1374770 2150.8
1374780 2143.9
1374790 2143.9
1374800 2138.3
1374810 2132.6
1374820 2127.1
1374830 2127.1
1374840 2121.4
1374850 2116.2
1374860 2116.2
1374870 2111.5
1374880 2107.1
1374890 2107.1
1374900 2102.7
1374910 2099.0
1374920 2099.0
1374930 2095.5
1374940 2092.2
1374950 2092.2
1374960 2090.6
1374970 2091.7
1374980 2091.7
1374990 2093.8
1375000 2096.2
1375010 2098.8
1375020 2098.8
1375030 2101.7
1375040 2104.7
1375050 2104.7
1375060 2108.3
1375070 2112.2
1375080 2112.2
1375090 2116.1
1375100 2119.8
1375110 2119.8
1375120 2123.5
1375130 2127.6
1375140 2127.6
1375150 2132.0
1375160 2136.9
1375170 2136.9
1375180 2142.3
1375190 2147.6
1375200 2152.8
1375210 2152.8
1375220 2157.8
1375230 2163.2
1375240 2163.2
1375250 2168.7
1375260 2174.8
1375270 2174.8
1375280 2182.3
1375290 2190.1
1375300 2190.1
1375310 2197.9
1375320 2205.5
1375330 2205.5
1375340 2213.1
1375350 2223.0
1375360 2223.0
1375370 2235.9
1375380 2245.6
1375390 2245.6
1375400 2253.5
1375410 2259.9
1375420 2265.3
1375430 2265.3
1375440 2270.7
1375450 2276.0
1375460 2276.0
1375470 2281.5
1375480 2286.9
1375490 2286.9
1375500 2292.2
1375510 2297.6
1375520 2297.6
1375530 2303.2
1375540 2310.0
1375550 2310.0
1375560 2319.3
1375570 2328.2
1375580 2328.2
1375590 2334.4
1375600 2338.2
1375610 2344.1
1375620 2344.1
1375630 2353.5
1375640 2360.0
1375650 2360.0
1375660 2361.9
1375670 2363.7
1375680 2363.7
1375690 2366.4
1375700 2369.3
1375710 2369.3
1375720 2372.9
1375730 2378.2
1375740 2378.2
1375750 2383.0
1375760 2388.3
1375770 2388.3
1375780 2390.2
1375790 2397.0
1375800 2404.7
1375810 2404.7
1375820 2411.9
1375830 2418.9
1375840 2418.9
1375850 2425.0
1375860 2429.5
1375870 2429.5
1375880 2432.9
1375890 2434.6
1375900 2434.6
1375910 2434.4
1375920 2434.1
1375930 2434.1
1375940 2433.4
1375950 2433.2
1375960 2433.2
1375970 2433.5
1375980 2436.6
1375990 2439.5
1376000 2439.5
1376010 2439.8
1376020 2440.0
1376030 2440.0
1376040 2441.7
1376050 2444.8
1376060 2444.8
1376070 2447.7
1376080 2448.3
1376090 2448.3
1376100 2447.5
1376110 2446.5
1376120 2446.5
1376130 2445.8
1376140 2446.1
1376150 2446.1
1376160 2447.6
1376170 2449.7
1376180 2452.0
1376190 2452.0
1376200 2453.2
1376210 2454.0
1376220 2454.0
1376230 2454.3
1376240 2453.7
1376250 2453.7
1376260 2452.1
1376270 2450.5
1376280 2450.5
1376290 2449.5
1376300 2449.1
1376310 2449.1
1376320 2448.4
1376330 2447.7
1376340 2447.7
1376350 2447.5
1376360 2448.7
1376370 2449.5
1376380 2449.5
1376390 2449.9
1376400 2451.0
1376410 2451.0
1376420 2452.9
1376430 2454.8
1376440 2454.8
1376450 2457.3
1376460 2460.2
1376470 2460.2
1376480 2463.5
1376490 2466.8
1376500 2466.8
1376510 2470.0
1376520 2473.3
1376530 2473.3
1376540 2476.7
1376550 2480.1
1376560 2480.1
1376570 2483.7
1376580 2489.5
1376590 2496.3
1376600 2496.3
1376610 2503.6
1376620 2511.2
1376630 2511.2
1376640 2519.4
1376650 2527.7
1376660 2527.7
1376670 2536.0
1376680 2542.4
1376690 2542.4
1376700 2548.8
1376710 2555.5
1376720 2555.5
1376730 2562.6
1376740 2570.1
1376750 2570.1
1376760 2577.4
1376770 2583.2
1376780 2587.4
1376790 2587.4
1376800 2590.0
1376810 2594.0
1376820 2594.0
1376830 2593.1
1376840 2583.2
1376850 2583.2
1376860 2571.6
1376870 2561.0
1376880 2561.0
1376890 2551.7
1376900 2543.2
1376910 2543.2
1376920 2534.7
1376930 2525.9
1376940 2525.9
1376950 2515.0
1376960 2506.8
1376970 2499.0
1376980 2499.0
1376990 2491.5
1377000 2484.4
1377010 2484.4
1377020 2477.5
1377030 2471.1
1377040 2471.1
1377050 2464.7
1377060 2458.6
1377070 2458.6
1377080 2452.6
1377090 2446.9
1377100 2446.9
1377110 2441.3
1377120 2435.7
1377130 2435.7
1377140 2429.9
1377150 2424.4
1377160 2418.8
1377170 2418.8
1377180 2413.5
1377190 2408.5
1377200 2408.5
1377210 2403.3
1377220 2398.6
1377230 2398.6
1377240 2395.7
1377250 2394.0
1377260 2394.0
1377270 2393.3
1377280 2393.8
1377290 2393.8
1377300 2394.8
1377310 2395.3
1377320 2395.3
1377330 2394.9
1377340 2393.8
1377350 2392.4
1377360 2392.4
1377370 2391.1
1377380 2390.0
1377390 2390.0
1377400 2388.9
1377410 2387.4
1377420 2387.4
1377430 2385.5
1377440 2382.8
1377450 2382.8
1377460 2379.7
1377470 2376.1
1377480 2376.1
1377490 2372.4
1377500 2366.9
1377510 2366.9
1377520 2358.4
1377530 2352.3
1377540 2349.1
1377550 2349.1
1377560 2342.9
1377570 2336.5
1377580 2336.5
1377590 2331.0
1377600 2325.5
1377610 2325.5
1377620 2321.0
1377630 2316.8
1377640 2316.8
1377650 2312.7
1377660 2309.3
1377670 2309.3
1377680 2307.5
1377690 2305.7
1377700 2305.7
1377710 2304.0
1377720 2301.9
1377730 2301.9
1377740 2301.2
1377750 2302.6
1377760 2304.0
1377770 2304.0
1377780 2304.6
1377790 2305.1
1377800 2305.1
1377810 2304.7
1377820 2305.2
1377830 2305.2
1377840 2306.9
1377850 2309.3
1377860 2309.3
1377870 2310.6
1377880 2310.9
1377890 2310.9
1377900 2312.3
1377910 2314.4
1377920 2314.4
1377930 2315.7
1377940 2315.7
1377950 2315.1
1377960 2315.1
1377970 2314.5
1377980 2314.5
1377990 2314.5
1378000 2315.6
1378010 2316.6
1378020 2316.6
1378030 2317.8
1378040 2319.1
1378050 2319.1
1378060 2320.6
1378070 2323.1
1378080 2323.1
1378090 2327.0
1378100 2331.2
1378110 2331.2
1378120 2335.0
1378130 2332.6
1378140 2335.0
1378150 2335.0
1378160 2338.8
1378170 2342.9
1378180 2342.9
1378190 2346.1
1378200 2349.7
1378210 2349.7
1378220 2354.8
1378230 2360.9
1378240 2360.9
1378250 2368.1
1378260 2375.2
1378270 2375.2
1378280 2381.2
1378290 2385.9
1378300 2385.9
1378310 2390.1
1378320 2392.5
1378330 2394.0
1378340 2394.0
1378350 2396.0
1378360 2399.6
1378370 2399.6
1378380 2403.9
1378390 2407.0
1378400 2407.0
1378410 2410.8
1378420 2415.4
1378430 2415.4
1378440 2419.4
1378450 2423.3
1378460 2423.3
1378470 2426.3
1378480 2429.6
1378490 2429.6
1378500 2433.8
1378510 2437.4
1378520 2440.9
1378530 2440.9
1378540 2445.5
1378550 2450.5
1378560 2450.5
1378570 2455.7
1378580 2461.4
1378590 2461.4
1378600 2467.7
1378610 2474.9
1378620 2474.9
1378630 2481.5
1378640 2487.4
1378650 2487.4
1378660 2489.0
1378670 2490.9
1378680 2490.9
1378690 2494.6
1378700 2499.0
1378710 2499.0
1378720 2503.8
1378730 2509.0
1378740 2514.0
1378750 2514.0
1378760 2519.4
1378770 2524.7
1378780 2524.7
1378790 2528.8
1378800 2532.8
1378810 2532.8
1378820 2536.0
1378830 2537.8
1378840 2537.8
1378850 2539.6
1378860 2541.4
1378870 2541.4
1378880 2543.3
1378890 2544.7
1378900 2544.7
1378910 2545.8
1378920 2547.9
1378930 2549.9
1378940 2549.9
1378950 2551.4
1378960 2552.7
1378970 2552.7
1378980 2554.7
1378990 2556.8
1379000 2556.8
1379010 2556.4
1379020 2553.8
1379030 2553.8
1379040 2550.4
1379050 2546.5
1379060 2546.5
1379070 2541.8
1379080 2536.7
1379090 2536.7
1379100 2531.0
1379110 2525.7
1379120 2521.1
1379130 2521.1
1379140 2516.6
1379150 2512.2
1379160 2512.2
1379170 2507.5
1379180 2502.5
1379190 2502.5
1379200 2497.1
1379210 2491.5
1379220 2491.5
1379230 2486.6
1379240 2482.1
1379250 2482.1
1379260 2478.1
1379270 2474.9
1379280 2474.9
1379290 2471.8
1379300 2469.4
1379310 2466.8
1379320 2464.6
1379330 2462.6
1379340 2460.5
1379350 2460.5
1379360 2458.2
1379370 2455.1
1379380 2455.1
1379390 2451.3
1379400 2448.0
1379410 2448.0
1379420 2444.7
1379430 2441.3
1379440 2441.3
1379450 2439.7
1379460 2438.7
1379470 2438.7
1379480 2438.4
1379490 2438.1
1379500 2437.2
1379510 2437.2
1379520 2436.3
1379530 2434.9
1379540 2434.9
1379550 2432.2
1379560 2426.2
1379570 2426.2
1379580 2418.0
1379590 2410.0
1379600 2410.0
1379610 2403.5
1379620 2397.6
1379630 2397.6
1379640 2391.7
1379650 2385.7
1379660 2385.7
1379670 2379.7
1379680 2373.9
1379690 2368.4
1379700 2368.4
1379710 2362.9
1379720 2356.5
1379730 2356.5
1379740 2350.0
1379750 2344.5
1379760 2344.5
1379770 2339.5
1379780 2334.5
1379790 2334.5
1379800 2328.7
1379810 2322.9
1379820 2322.9
1379830 2319.7
1379840 2317.6
1379850 2317.6
1379860 2316.2
1379870 2313.3
1379880 2313.3
1379890 2311.2
1379900 2309.7
1379910 2305.4
1379920 2305.4
1379930 2300.6
1379940 2300.6
1379950 2300.6
1379960 2302.3
1379970 2303.5
1379980 2303.5
1379990 2304.3
