1360000 1871.7
1360010 1871.7
1360020 1868.8
1360030 1863.9
1360040 1863.9
1360050 1860.9
1360060 1855.8
1360070 1849.2
1360080 1849.2
1360090 1842.4
1360100 1834.6
1360110 1834.6
1360120 1828.1
1360130 1822.9
1360140 1822.9
1360150 1818.0
1360160 1814.3
1360170 1814.3
1360180 1810.9
1360190 1807.3
1360200 1807.3
1360210 1803.3
1360220 1798.2
1360230 1798.2
1360240 1791.9
1360250 1782.6
1360260 1782.6
1360270 1776.2
1360280 1769.6
1360290 1765.4
1360300 1765.4
1360310 1763.0
1360320 1761.7
1360330 1761.7
1360340 1760.5
1360350 1759.2
1360360 1759.2
1360370 1758.0
1360380 1757.2
1360390 1757.2
1360400 1756.3
1360410 1754.8
1360420 1754.8
1360430 1753.9
1360440 1753.4
1360450 1753.4
1360460 1752.2
1360470 1750.7
1360480 1749.9
1360490 1749.9
1360500 1749.7
1360510 1750.3
1360520 1750.3
1360530 1751.3
1360540 1754.4
1360550 1754.4
1360560 1758.6
1360570 1763.6
1360580 1763.6
1360590 1770.6
1360600 1776.0
1360610 1776.0
1360620 1779.2
1360630 1781.8
1360640 1781.8
1360650 1784.6
1360660 1787.7
1360670 1791.1
1360680 1791.1
1360690 1795.3
1360700 1799.4
1360710 1799.4
1360720 1803.0
1360730 1804.0
1360740 1804.0
1360750 1805.3
1360760 1810.5
1360770 1810.5
1360780 1815.0
1360790 1819.7
1360800 1819.7
1360810 1825.4
1360820 1831.9
1360830 1831.9
1360840 1838.0
1360850 1843.3
1360860 1846.9
1360870 1846.9
1360880 1849.5
1360890 1851.3
1360900 1851.3
1360910 1857.3
1360920 1865.7
1360930 1865.7
1360940 1871.9
1360950 1877.6
1360960 1877.6
1360970 1883.0
1360980 1888.3
1360990 1888.3
1361000 1893.7
1361010 1898.8
1361020 1898.8
1361030 1904.1
1361040 1908.8
1361050 1912.3
1361060 1912.3
1361070 1916.0
1361080 1920.2
1361090 1920.2
1361100 1925.1
1361110 1931.8
1361120 1931.8
1361130 1941.3
1361140 1950.6
1361150 1950.6
1361160 1956.9
1361170 1962.9
1361180 1962.9
1361190 1970.5
1361200 1977.4
1361210 1977.4
1361220 1984.1
1361230 1987.9
1361240 1987.9
1361250 1992.0
1361260 1996.8
1361270 2001.3
1361280 2001.3
1361290 1998.2
1361300 2000.4
1361310 2000.4
1361320 2003.2
1361330 2005.9
1361340 2005.9
1361350 2006.4
1361360 2006.3
1361370 2006.3
1361380 2010.8
1361390 2021.8
1361400 2021.8
1361410 2032.1
1361420 2042.7
1361430 2042.7
1361440 2055.3
1361450 2064.2
1361460 2073.9
1361470 2073.9
1361480 2082.0
1361490 2088.0
1361500 2088.0
1361510 2093.4
1361520 2098.3
1361530 2098.3
1361540 2103.3
1361550 2107.7
1361560 2107.7
1361570 2110.2
1361580 2113.6
1361590 2113.6
1361600 2117.9
1361610 2124.3
1361620 2124.3
1361630 2132.4
1361640 2140.0
1361650 2147.3
1361660 2147.3
1361670 2155.5
1361680 2163.1
1361690 2163.1
1361700 2170.2
1361710 2176.8
1361720 2176.8
1361730 2184.5
1361740 2193.0
1361750 2193.0
1361760 2199.4
1361770 2203.7
1361780 2203.7
1361790 2207.8
1361800 2212.0
1361810 2212.0
1361820 2216.1
1361830 2220.1
1361840 2223.9
1361850 2223.9
1361860 2227.8
1361870 2232.8
1361880 2232.8
1361890 2237.8
1361900 2242.8
1361910 2242.8
1361920 2247.9
1361930 2252.7
1361940 2252.7
1361950 2257.5
1361960 2262.5
1361970 2262.5
1361980 2267.6
1361990 2272.2
1362000 2272.2
1362010 2277.2
1362020 2281.8
1362030 2281.8
1362040 2286.3
1362050 2291.1
1362060 2296.8
1362070 2296.8
1362080 2302.8
1362090 2308.0
1362100 2308.0
1362110 2312.8
1362120 2317.3
1362130 2317.3
1362140 2321.7
1362150 2326.3
1362160 2326.3
1362170 2330.8
1362180 2334.9
1362190 2334.9
1362200 2338.2
1362210 2340.5
1362220 2340.5
1362230 2343.2
1362240 2346.4
1362250 2349.4
1362260 2349.4
1362270 2352.3
1362280 2354.7
1362290 2354.7
1362300 2357.7
1362310 2361.0
1362320 2358.8
1362330 2362.2
1362340 2367.3
1362350 2367.3
1362360 2370.5
1362370 2372.9
1362380 2372.9
1362390 2374.4
1362400 2377.6
1362410 2377.6
1362420 2382.1
1362430 2385.3
1362440 2389.6
1362450 2389.6
1362460 2397.9
1362470 2404.9
1362480 2404.9
1362490 2410.0
1362500 2414.1
1362510 2414.1
1362520 2419.9
1362530 2425.0
1362540 2425.0
1362550 2431.5
1362560 2435.9
1362570 2435.9
1362580 2438.6
1362590 2439.5
1362600 2439.5
1362610 2440.3
1362620 2440.2
1362630 2442.5
1362640 2442.5
1362650 2444.6
1362660 2445.9
1362670 2445.9
1362680 2445.9
1362690 2446.8
1362700 2446.8
1362710 2447.9
1362720 2451.3
1362730 2451.3
1362740 2456.3
1362750 2460.6
1362760 2460.6
1362770 2465.0
1362780 2466.7
1362790 2466.7
1362800 2466.0
1362810 2467.9
1362820 2471.1
1362830 2471.1
1362840 2475.6
1362850 2481.7
1362860 2481.7
1362870 2488.3
1362880 2495.3
1362890 2495.3
1362900 2502.5
1362910 2509.6
1362920 2509.6
1362930 2517.4
1362940 2525.3
1362950 2525.3
1362960 2530.9
1362970 2531.8
1362980 2531.8
1362990 2532.5
1363000 2534.4
1363010 2536.0
1363020 2536.0
1363030 2537.9
1363040 2539.9
1363050 2539.9
1363060 2542.4
1363070 2544.5
1363080 2544.5
1363090 2545.7
1363100 2546.4
1363110 2546.4
1363120 2547.0
1363130 2548.1
1363140 2548.1
1363150 2549.2
1363160 2550.6
1363170 2550.6
1363180 2552.6
1363190 2556.1
1363200 2556.1
1363210 2560.5
1363220 2562.6
1363230 2565.6
1363240 2565.6
1363250 2570.0
1363260 2575.6
1363270 2575.6
1363280 2582.5
1363290 2589.9
1363300 2589.9
1363310 2597.5
1363320 2604.4
1363330 2604.4
1363340 2611.3
1363350 2618.8
1363360 2618.0
1363370 2626.2
1363380 2634.7
1363390 2634.7
1363400 2643.0
1363410 2652.0
1363420 2664.4
1363430 2664.4
1363440 2675.4
1363450 2685.5
1363460 2685.5
1363470 2696.2
1363480 2705.3
1363490 2705.3
1363500 2713.9
1363510 2721.8
1363520 2721.8
1363530 2729.4
1363540 2738.3
1363550 2738.3
1363560 2747.4
1363570 2755.1
1363580 2755.1
1363590 2763.3
1363600 2774.9
1363610 2785.5
1363620 2785.5
1363630 2782.4
1363640 2768.2
1363650 2768.2
1363660 2757.8
1363670 2746.3
1363680 2746.3
1363690 2730.2
1363700 2714.0
1363710 2714.0
1363720 2700.5
1363730 2687.7
1363740 2687.7
1363750 2674.2
1363760 2667.3
1363770 2667.3
1363780 2662.2
1363790 2658.7
1363800 2655.9
1363810 2655.9
1363820 2653.7
1363830 2651.6
1363840 2651.6
1363850 2647.2
1363860 2644.7
1363870 2644.7
1363880 2643.3
1363890 2643.2
1363900 2643.2
1363910 2643.1
1363920 2641.9
1363930 2641.9
1363940 2637.9
1363950 2632.0
1363960 2632.0
1363970 2625.5
1363980 2619.0
1363990 2612.3
1364000 2612.3
1364010 2605.9
1364020 2599.4
1364030 2599.4
1364040 2592.9
1364050 2585.9
1364060 2585.9
1364070 2578.8
1364080 2570.0
1364090 2570.0
1364100 2562.2
1364110 2556.2
1364120 2556.2
1364130 2550.6
1364140 2545.9
1364150 2545.9
1364160 2543.0
1364170 2542.3
1364180 2542.3
1364190 2541.7
1364200 2539.7
1364210 2537.4
1364220 2537.4
1364230 2535.4
1364240 2533.9
1364250 2533.9
1364260 2533.5
1364270 2533.3
1364280 2533.3
1364290 2530.9
1364300 2529.0
1364310 2529.0
1364320 2530.0
1364330 2529.7
1364340 2529.7
1364350 2529.1
1364360 2528.2
1364370 2528.2
1364380 2527.4
1364390 2526.1
1364400 2524.1
1364410 2523.7
1364420 2522.4
1364430 2521.8
1364440 2521.8
1364450 2520.9
1364460 2519.0
1364470 2519.0
1364480 2517.5
1364490 2516.5
1364500 2516.5
1364510 2514.1
1364520 2510.6
1364530 2510.6
1364540 2505.8
1364550 2503.0
1364560 2503.0
1364570 2502.6
1364580 2500.7
1364590 2500.2
1364600 2500.2
1364610 2500.2
1364620 2499.6
1364630 2499.6
1364640 2498.9
1364650 2498.5
1364660 2498.5
1364670 2497.0
1364680 2496.9
1364690 2496.9
1364700 2496.6
1364710 2493.0
1364720 2493.0
1364730 2491.9
1364740 2491.1
1364750 2491.1
1364760 2490.1
1364770 2490.1
1364780 2489.5
1364790 2489.5
1364800 2490.1
1364810 2491.2
1364820 2491.2
1364830 2491.5
1364840 2491.5
1364850 2491.5
1364860 2491.3
1364870 2492.5
1364880 2492.5
1364890 2494.5
1364900 2494.6
1364910 2494.6
1364920 2495.3
1364930 2498.5
1364940 2498.5
1364950 2505.4
1364960 2511.1
1364970 2513.4
1364980 2513.4
1364990 2515.6
1365000 2516.9
1365010 2516.9
1365020 2518.1
1365030 2519.8
1365040 2519.8
1365050 2521.4
1365060 2523.8
1365070 2523.8
1365080 2527.8
1365090 2534.8
1365100 2534.8
1365110 2540.4
1365120 2545.6
1365130 2545.6
1365140 2552.6
1365150 2562.9
1365160 2562.9
1365170 2571.1
1365180 2578.0
1365190 2585.1
1365200 2585.1
1365210 2592.4
1365220 2599.6
1365230 2599.6
1365240 2603.8
1365250 2606.6
1365260 2606.6
1365270 2607.8
1365280 2608.5
1365290 2608.5
1365300 2609.9
1365310 2611.2
1365320 2611.2
1365330 2613.1
1365340 2615.3
1365350 2615.3
1365360 2619.2
1365370 2624.4
1365380 2629.8
1365390 2629.8
1365400 2635.4
1365410 2641.4
1365420 2641.4
1365430 2647.4
1365440 2653.7
1365450 2653.7
1365460 2660.1
1365470 2664.9
1365480 2664.9
1365490 2671.5
1365500 2678.7
1365510 2678.7
1365520 2686.0
1365530 2692.8
1365540 2692.8
1365550 2701.5
1365560 2715.0
1365570 2729.1
1365580 2729.1
1365590 2747.2
1365600 2767.3
1365610 2767.3
1365620 2786.7
1365630 2798.8
1365640 2798.8
1365650 2805.5
1365660 2810.0
1365670 2810.0
1365680 2816.7
1365690 2825.6
1365700 2825.6
1365710 2834.0
1365720 2841.0
1365730 2841.0
1365740 2850.3
1365750 2850.2
1365760 2842.5
1365770 2842.5
1365780 2832.5
1365790 2823.7
1365800 2823.7
1365810 2816.9
1365820 2809.1
1365830 2809.1
1365840 2800.6
1365850 2790.4
1365860 2790.4
1365870 2779.1
1365880 2767.9
1365890 2767.9
1365900 2757.2
1365910 2746.9
1365920 2746.9
1365930 2739.4
1365940 2732.4
1365950 2724.7
1365960 2724.7
1365970 2717.3
1365980 2710.8
1365990 2710.8
1366000 2704.7
1366010 2698.9
1366020 2698.9
1366030 2693.0
1366040 2686.5
1366050 2686.5
1366060 2681.1
1366070 2676.3
1366080 2676.3
1366090 2671.8
1366100 2668.3
1366110 2668.3
1366120 2666.2
1366130 2663.5
1366140 2663.5
1366150 2657.7
1366160 2651.5
1366170 2646.7
1366180 2646.7
1366190 2642.7
1366200 2639.5
1366210 2639.5
1366220 2636.8
1366230 2634.6
1366240 2634.6
1366250 2632.6
1366260 2630.6
1366270 2630.6
1366280 2629.2
1366290 2628.2
1366300 2628.2
1366310 2626.9
1366320 2624.7
1366330 2624.7
1366340 2622.7
1366350 2620.6
1366360 2618.8
1366370 2618.8
1366380 2617.4
1366390 2616.8
1366400 2616.8
1366410 2615.4
1366420 2614.0
1366430 2614.0
1366440 2613.0
1366450 2613.6
1366460 2613.6
1366470 2614.3
1366480 2613.2
1366490 2613.2
1366500 2612.8
1366510 2613.9
1366520 2613.9
1366530 2615.0
1366540 2612.0
1366550 2612.6
1366560 2612.6
1366570 2613.2
1366580 2614.7
1366590 2614.7
1366600 2616.3
1366610 2618.4
1366620 2618.4
1366630 2620.9
1366640 2623.8
1366650 2623.8
1366660 2626.5
1366670 2628.0
1366680 2628.0
1366690 2629.2
1366700 2631.0
1366710 2631.0
1366720 2634.1
1366730 2638.7
1366740 2643.5
1366750 2643.5
1366760 2647.6
1366770 2652.7
1366780 2652.7
1366790 2659.0
1366800 2660.9
1366810 2660.9
1366820 2659.4
1366830 2658.2
1366840 2658.2
1366850 2659.1
1366860 2660.6
1366870 2660.6
1366880 2662.9
1366890 2665.1
1366900 2665.1
1366910 2666.6
1366920 2667.4
1366930 2666.8
1366940 2666.8
1366950 2664.7
1366960 2662.0
1366970 2662.0
1366980 2660.9
1366990 2661.4
1367000 2661.4
1367010 2664.8
1367020 2672.4
1367030 2672.4
1367040 2677.2
1367050 2679.4
1367060 2679.4
1367070 2682.1
1367080 2684.9
1367090 2684.9
1367100 2687.7
1367110 2691.8
1367120 2691.8
1367130 2696.9
1367140 2702.7
1367150 2708.4
1367160 2708.4
1367170 2714.2
1367180 2719.1
1367190 2719.1
1367200 2725.9
1367210 2738.2
1367220 2738.2
1367230 2749.5
1367240 2764.4
1367250 2764.4
1367260 2781.6
1367270 2794.5
1367280 2794.5
1367290 2802.8
1367300 2810.1
1367310 2810.1
1367320 2819.9
1367330 2829.4
1367340 2837.7
1367350 2837.7
1367360 2843.5
1367370 2848.0
1367380 2848.0
1367390 2855.1
1367400 2862.1
1367410 2862.1
1367420 2869.6
1367430 2877.5
1367440 2877.5
1367450 2885.0
1367460 2888.9
1367470 2888.9
1367480 2887.6
1367490 2876.5
1367500 2876.5
1367510 2859.3
1367520 2847.9
1367530 2838.4
1367540 2838.4
1367550 2828.6
1367560 2820.8
1367570 2820.8
1367580 2813.6
1367590 2804.9
1367600 2804.9
1367610 2797.0
1367620 2795.8
1367630 2795.8
1367640 2789.0
1367650 2780.1
1367660 2780.1
1367670 2774.6
1367680 2768.8
1367690 2768.8
1367700 2762.4
1367710 2758.1
1367720 2756.0
1367730 2756.0
1367740 2752.1
1367750 2741.4
1367760 2741.4
1367770 2734.5
1367780 2732.1
1367790 2732.1
1367800 2727.9
1367810 2725.9
1367820 2725.9
1367830 2722.1
1367840 2712.2
1367850 2712.2
1367860 2703.4
1367870 2693.5
1367880 2693.5
1367890 2688.0
1367900 2683.0
1367910 2677.1
1367920 2677.1
1367930 2669.8
1367940 2662.5
1367950 2662.5
1367960 2655.5
1367970 2650.4
1367980 2650.4
1367990 2645.2
1368000 2637.0
1368010 2637.0
1368020 2632.1
1368030 2629.4
1368040 2629.4
1368050 2625.8
1368060 2622.2
1368070 2622.2
1368080 2617.7
1368090 2613.1
1368100 2613.1
1368110 2608.7
1368120 2604.1
1368130 2599.7
1368140 2599.7
1368150 2595.1
1368160 2590.4
1368170 2590.4
1368180 2585.8
1368190 2581.0
1368200 2581.0
1368210 2576.3
1368220 2571.7
1368230 2571.7
1368240 2567.6
1368250 2563.5
1368260 2563.5
1368270 2559.4
1368280 2555.3
1368290 2555.3
1368300 2551.1
1368310 2546.6
1368320 2541.9
1368330 2541.9
1368340 2537.0
1368350 2532.3
1368360 2532.3
1368370 2528.8
1368380 2524.9
1368390 2524.9
1368400 2520.7
1368410 2516.9
1368420 2516.9
1368430 2513.3
1368440 2510.0
1368450 2510.0
1368460 2506.9
1368470 2503.6
1368480 2503.6
1368490 2500.6
1368500 2498.4
1368510 2496.7
1368520 2496.7
1368530 2494.6
1368540 2492.7
1368550 2492.7
1368560 2490.7
1368570 2488.3
1368580 2488.3
1368590 2485.8
1368600 2483.4
1368610 2483.4
1368620 2481.5
1368630 2479.3
1368640 2479.3
1368650 2476.9
1368660 2474.4
1368670 2474.4
1368680 2471.5
1368690 2468.4
1368700 2470.3
1368710 2470.3
1368720 2466.0
1368730 2461.7
1368740 2461.7
1368750 2457.1
1368760 2452.5
1368770 2452.5
1368780 2447.7
1368790 2443.0
1368800 2443.0
1368810 2438.4
1368820 2434.0
1368830 2434.0
1368840 2429.4
1368850 2425.1
1368860 2425.1
1368870 2420.9
1368880 2416.8
1368890 2413.1
1368900 2413.1
1368910 2410.3
1368920 2407.9
1368930 2407.9
1368940 2405.3
1368950 2402.6
1368960 2402.6
1368970 2402.4
1368980 2404.6
1368990 2404.6
1369000 2405.9
1369010 2406.5
1369020 2406.5
1369030 2406.5
1369040 2406.2
1369050 2406.2
1369060 2406.7
1369070 2406.7
1369080 2406.7
1369090 2406.2
1369100 2404.9
1369110 2404.1
1369120 2404.1
1369130 2404.4
1369140 2405.3
1369150 2405.3
1369160 2405.7
1369170 2404.2
1369180 2404.2
1369190 2402.7
1369200 2400.6
1369210 2400.6
1369220 2397.1
1369230 2394.5
1369240 2394.5
1369250 2392.0
1369260 2389.5
1369270 2389.5
1369280 2388.1
1369290 2387.4
1369300 2386.0
1369310 2386.0
1369320 2383.9
1369330 2381.7
1369340 2381.7
1369350 2380.1
1369360 2378.8
1369370 2378.8
1369380 2376.4
1369390 2373.4
1369400 2373.4
1369410 2371.1
1369420 2369.0
1369430 2369.0
1369440 2366.8
1369450 2364.1
1369460 2364.1
1369470 2360.6
1369480 2357.1
1369490 2353.8
1369500 2353.8
1369510 2352.7
1369520 2352.5
1369530 2352.5
1369540 2351.7
1369550 2350.9
1369560 2350.9
1369570 2348.9
1369580 2346.3
1369590 2346.3
1369600 2343.8
1369610 2341.9
1369620 2341.9
1369630 2342.7
1369640 2344.2
1369650 2344.2
1369660 2344.5
1369670 2346.0
1369680 2347.4
1369690 2347.4
1369700 2347.9
1369710 2348.4
1369720 2348.4
1369730 2348.7
1369740 2349.1
1369750 2349.1
1369760 2349.1
1369770 2348.8
1369780 2348.8
1369790 2347.2
1369800 2352.5
1369810 2352.5
1369820 2349.4
1369830 2346.8
1369840 2346.8
1369850 2345.7
1369860 2343.3
1369870 2341.1
1369880 2341.1
1369890 2339.7
1369900 2338.9
1369910 2338.9
1369920 2339.8
1369930 2343.8
1369940 2343.8
1369950 2349.6
1369960 2355.8
1369970 2355.8
1369980 2361.9
1369990 2366.9
1370000 2366.9
1370010 2371.5
1370020 2375.4
1370030 2375.4
1370040 2378.3
1370050 2379.2
1370060 2379.2
1370070 2378.6
1370080 2377.1
1370090 2375.0
1370100 2375.0
1370110 2372.7
1370120 2371.0
1370130 2371.0
1370140 2368.7
1370150 2364.9
1370160 2364.9
1370170 2360.7
1370180 2356.3
1370190 2356.3
1370200 2350.1
1370210 2345.2
1370220 2345.2
1370230 2339.8
1370240 2336.0
1370250 2336.0
1370260 2334.4
1370270 2332.2
1370280 2326.7
1370290 2326.7
1370300 2321.0
1370310 2317.5
1370320 2317.5
1370330 2315.9
1370340 2313.1
1370350 2313.1
1370360 2310.1
1370370 2307.7
1370380 2307.7
1370390 2306.1
1370400 2303.5
1370410 2303.5
1370420 2300.5
1370430 2298.8
1370440 2298.8
1370450 2297.8
1370460 2296.7
1370470 2296.1
1370480 2296.1
1370490 2294.4
1370500 2291.2
1370510 2291.2
1370520 2287.2
1370530 2283.9
1370540 2283.9
1370550 2281.2
1370560 2278.8
1370570 2278.8
1370580 2275.3
1370590 2270.5
1370600 2270.5
1370610 2265.4
1370620 2260.8
1370630 2260.8
1370640 2257.3
1370650 2254.3
1370660 2251.7
1370670 2251.7
1370680 2247.8
1370690 2240.2
1370700 2240.2
1370710 2232.6
1370720 2225.5
1370730 2225.5
1370740 2219.3
1370750 2214.6
1370760 2214.6
1370770 2207.0
1370780 2198.2
1370790 2198.2
1370800 2191.6
1370810 2184.9
1370820 2184.9
1370830 2177.8
1370840 2171.7
1370850 2165.4
1370860 2165.4
1370870 2159.4
1370880 2153.6
1370890 2153.6
1370900 2148.4
1370910 2150.5
1370920 2150.5
1370930 2144.2
1370940 2138.1
1370950 2138.1
1370960 2132.3
1370970 2125.7
1370980 2125.7
1370990 2119.6
1371000 2113.7
1371010 2113.7
1371020 2108.5
1371030 2102.7
1371040 2102.7
1371050 2095.6
1371060 2090.1
1371070 2084.1
1371080 2084.1
1371090 2078.8
1371100 2073.3
1371110 2073.3
1371120 2067.9
1371130 2064.7
1371140 2064.7
1371150 2061.1
1371160 2057.0
1371170 2057.0
1371180 2052.4
1371190 2047.8
1371200 2047.8
1371210 2042.6
1371220 2037.5
1371230 2037.5
1371240 2031.9
1371250 2023.8
1371260 2017.3
1371270 2017.3
1371280 2012.6
1371290 2008.0
1371300 2008.0
1371310 2003.2
1371320 1998.2
1371330 1998.2
1371340 1994.2
1371350 1990.0
1371360 1990.0
1371370 1985.9
1371380 1982.0
1371390 1982.0
1371400 1975.1
1371410 1967.9
1371420 1967.9
1371430 1963.5
1371440 1961.9
1371450 1959.0
1371460 1959.0
1371470 1954.2
1371480 1947.9
1371490 1947.9
1371500 1941.3
1371510 1935.3
1371520 1935.3
1371530 1929.2
1371540 1923.2
1371550 1923.2
1371560 1917.4
1371570 1911.9
1371580 1911.9
1371590 1907.5
1371600 1903.2
1371610 1903.2
1371620 1899.0
1371630 1894.4
1371640 1889.5
1371650 1889.5
1371660 1884.4
1371670 1879.0
1371680 1879.0
1371690 1873.3
1371700 1869.4
1371710 1869.4
1371720 1867.7
1371730 1865.3
1371740 1865.3
1371750 1862.0
1371760 1858.6
1371770 1858.6
1371780 1855.8
1371790 1852.8
1371800 1852.8
1371810 1849.5
1371820 1846.0
1371830 1842.7
1371840 1842.7
1371850 1839.9
1371860 1837.0
1371870 1837.0
1371880 1834.8
1371890 1832.6
1371900 1832.6
1371910 1829.8
1371920 1827.0
1371930 1827.0
1371940 1824.0
1371950 1821.4
1371960 1821.4
1371970 1818.6
1371980 1815.6
1371990 1815.6
1372000 1812.4
1372010 1809.9
1372020 1809.9
1372030 1809.3
1372040 1807.0
1372050 1803.6
1372060 1803.6
1372070 1802.0
1372080 1803.1
1372090 1803.1
1372100 1803.9
1372110 1806.2
1372120 1806.2
1372130 1808.4
1372140 1810.9
1372150 1810.9
1372160 1813.8
1372170 1816.2
1372180 1816.2
1372190 1818.3
1372200 1820.1
1372210 1820.1
1372220 1821.7
1372230 1823.5
1372240 1825.3
1372250 1825.3
1372260 1827.4
1372270 1829.6
1372280 1829.6
1372290 1831.4
1372300 1832.9
1372310 1832.9
1372320 1834.6
1372330 1836.6
1372340 1836.6
1372350 1838.6
1372360 1840.6
1372370 1840.6
1372380 1844.0
1372390 1848.4
1372400 1848.4
1372410 1852.6
1372420 1855.3
1372430 1857.1
1372440 1857.1
1372450 1858.0
1372460 1858.7
1372470 1858.7
1372480 1859.8
1372490 1861.3
1372500 1861.3
1372510 1863.3
1372520 1866.0
1372530 1866.0
1372540 1867.0
1372550 1867.2
1372560 1867.2
1372570 1868.5
1372580 1870.3
1372590 1870.3
1372600 1872.9
1372610 1876.9
1372620 1882.2
1372630 1882.2
1372640 1887.9
1372650 1893.0
1372660 1893.0
1372670 1897.8
1372680 1902.5
1372690 1902.5
1372700 1907.0
1372710 1911.0
1372720 1911.0
1372730 1914.7
1372740 1917.6
1372750 1917.6
1372760 1918.1
1372770 1920.3
1372780 1920.3
1372790 1925.4
1372800 1930.2
1372810 1930.3
1372820 1930.3
1372830 1926.4
1372840 1922.4
1372850 1922.4
1372860 1920.9
1372870 1922.2
1372880 1922.2
1372890 1924.2
1372900 1926.5
1372910 1926.5
1372920 1929.0
1372930 1931.5
1372940 1931.5
1372950 1935.0
1372960 1940.5
1372970 1940.5
1372980 1947.2
1372990 1954.0
1373000 1960.2
1373010 1960.2
1373020 1965.8
1373030 1971.1
1373040 1971.1
1373050 1976.0
1373060 1980.0
1373070 1980.0
1373080 1983.4
1373090 1986.4
1373100 1986.4
1373110 1988.6
1373120 1990.3
1373130 1990.3
1373140 1992.3
1373150 1993.9
1373160 1988.1
1373170 1991.1
1373180 1993.8
1373190 1993.8
1373200 1997.5
1373210 2002.0
1373220 2007.1
1373230 2007.1
1373240 2011.9
1373250 2015.3
1373260 2015.3
1373270 2017.6
1373280 2019.6
1373290 2019.6
1373300 2021.6
1373310 2022.5
1373320 2022.5
1373330 2021.1
1373340 2019.9
1373350 2019.9
1373360 2019.4
1373370 2020.0
1373380 2020.0
1373390 2021.0
1373400 2021.0
1373410 2020.3
1373420 2020.3
1373430 2020.6
1373440 2021.8
1373450 2021.8
1373460 2025.0
1373470 2029.4
1373480 2029.4
1373490 2034.6
1373500 2040.3
1373510 2040.3
1373520 2046.8
1373530 2055.0
1373540 2055.0
1373550 2063.6
1373560 2071.0
1373570 2071.0
1373580 2077.2
1373590 2083.5
1373600 2089.3
1373610 2089.3
1373620 2094.9
1373630 2100.1
1373640 2100.1
1373650 2104.3
1373660 2107.9
1373670 2107.9
1373680 2110.9
1373690 2113.9
1373700 2113.9
1373710 2118.2
1373720 2123.8
1373730 2123.8
1373740 2130.2
1373750 2137.2
1373760 2137.2
1373770 2146.3
1373780 2159.8
1373790 2170.0
1373800 2170.0
1373810 2176.5
1373820 2183.4
1373830 2183.4
1373840 2191.2
1373850 2198.8
1373860 2198.8
1373870 2205.3
1373880 2212.8
1373890 2212.8
1373900 2221.1
1373910 2229.1
1373920 2229.1
1373930 2236.4
1373940 2242.3
1373950 2242.3
1373960 2248.3
1373970 2252.7
1373980 2257.0
1373990 2257.0
1374000 2262.1
1374010 2268.1
1374020 2268.1
1374030 2274.6
1374040 2281.9
1374050 2281.9
1374060 2290.0
1374070 2300.4
1374080 2300.4
1374090 2310.3
1374100 2318.2
1374110 2318.2
1374120 2325.0
1374130 2332.3
1374140 2332.3
1374150 2339.6
1374160 2348.6
1374170 2348.6
1374180 2357.0
1374190 2362.8
1374200 2366.5
1374210 2366.5
1374220 2369.6
1374230 2374.2
1374240 2374.2
1374250 2380.9
1374260 2387.4
1374270 2387.4
1374280 2393.7
1374290 2399.9
1374300 2397.1
1374310 2402.3
1374320 2407.9
1374330 2407.9
1374340 2414.2
1374350 2414.1
1374360 2414.1
1374370 2409.2
1374380 2403.0
1374390 2395.9
1374400 2395.9
1374410 2383.8
1374420 2373.1
1374430 2373.1
1374440 2363.3
1374450 2354.8
1374460 2354.8
1374470 2346.5
1374480 2336.7
1374490 2336.7
1374500 2328.6
1374510 2317.6
1374520 2317.6
1374530 2307.2
1374540 2299.9
1374550 2299.9
1374560 2292.9
1374570 2287.1
1374580 2282.5
1374590 2282.5
1374600 2273.9
1374610 2263.5
1374620 2263.5
1374630 2256.2
1374640 2249.6
1374650 2249.6
1374660 2242.8
1374670 2233.6
1374680 2233.6
1374690 2224.4
1374700 2216.4
1374710 2216.4
1374720 2210.9
1374730 2206.6
1374740 2206.6
1374750 2201.4
1374760 2196.6
1374770 2192.2
1374780 2192.2
1374790 2188.4
1374800 2184.3
1374810 2184.3
1374820 2179.3
1374830 2173.5
1374840 2173.5
1374850 2165.4
1374860 2159.3
1374870 2159.3
1374880 2156.1
1374890 2153.7
1374900 2153.7
1374910 2152.1
1374920 2152.4
1374930 2152.4
1374940 2152.8
1374950 2154.2
1374960 2157.0
1374970 2157.0
1374980 2160.2
1374990 2164.6
1375000 2164.6
1375010 2169.3
1375020 2174.3
1375030 2174.3
1375040 2179.4
1375050 2184.9
1375060 2184.9
1375070 2190.5
1375080 2196.1
1375090 2196.1
1375100 2202.0
1375110 2208.0
1375120 2208.0
1375130 2213.6
1375140 2218.9
1375150 2218.9
1375160 2224.1
1375170 2229.4
1375180 2235.1
1375190 2235.1
1375200 2240.9
1375210 2246.5
1375220 2246.5
1375230 2252.1
1375240 2257.7
1375250 2257.7
1375260 2263.1
1375270 2268.6
1375280 2268.6
1375290 2275.4
1375300 2282.8
1375310 2282.8
1375320 2289.0
1375330 2295.3
1375340 2295.3
1375350 2302.1
1375360 2309.9
1375370 2317.0
1375380 2317.0
1375390 2323.1
1375400 2329.6
1375410 2329.6
1375420 2336.1
1375430 2342.9
1375440 2342.9
1375450 2350.1
1375460 2358.6
1375470 2358.6
1375480 2366.5
1375490 2374.5
1375500 2374.5
1375510 2382.9
1375520 2392.0
1375530 2392.0
1375540 2403.2
1375550 2412.7
1375560 2419.7
1375570 2419.7
1375580 2426.3
1375590 2429.0
1375600 2429.0
1375610 2432.2
1375620 2438.4
1375630 2438.4
1375640 2446.5
1375650 2457.3
1375660 2457.3
1375670 2468.4
1375680 2477.9
1375690 2477.9
1375700 2486.5
1375710 2498.0
1375720 2498.0
1375730 2505.7
1375740 2512.3
1375750 2519.5
1375760 2519.5
1375770 2528.8
1375780 2538.3
1375790 2538.3
1375800 2547.5
1375810 2557.2
1375820 2557.2
1375830 2566.8
1375840 2577.2
1375850 2577.2
1375860 2587.7
1375870 2598.8
1375880 2598.8
1375890 2605.0
1375900 2609.9
1375910 2609.9
1375920 2617.0
1375930 2624.8
1375940 2630.6
1375950 2630.6
1375960 2633.3
1375970 2635.1
1375980 2635.1
1375990 2635.9
1376000 2636.1
1376010 2636.1
1376020 2636.5
1376030 2636.3
1376040 2636.3
1376050 2632.7
1376060 2629.1
1376070 2629.1
1376080 2626.8
1376090 2626.0
1376100 2626.0
1376110 2625.8
1376120 2624.5
1376130 2624.4
1376140 2624.4
1376150 2625.4
1376160 2625.7
1376170 2625.7
1376180 2626.6
1376190 2627.9
1376200 2627.9
1376210 2628.7
1376220 2632.1
1376230 2632.1
1376240 2636.6
1376250 2641.2
1376260 2641.2
1376270 2646.6
1376280 2651.9
1376290 2651.9
1376300 2656.6
1376310 2663.7
1376320 2663.7
1376330 2670.3
1376340 2673.3
1376350 2676.8
1376360 2676.8
1376370 2681.5
1376380 2682.4
1376390 2682.4
1376400 2688.1
1376410 2689.5
1376420 2689.5
1376430 2684.3
1376440 2675.0
1376450 2675.0
1376460 2659.3
1376470 2646.1
1376480 2646.1
1376490 2631.6
1376500 2613.6
1376510 2613.6
1376520 2597.2
1376530 2587.4
1376540 2580.1
1376550 2580.1
1376560 2573.0
1376570 2566.3
1376580 2566.3
1376590 2559.7
1376600 2554.3
1376610 2553.6
1376620 2548.7
1376630 2544.4
1376640 2544.4
1376650 2540.3
1376660 2536.9
1376670 2536.9
1376680 2534.2
1376690 2535.5
1376700 2535.5
1376710 2537.5
1376720 2537.3
1376730 2534.9
1376740 2534.9
1376750 2532.6
1376760 2530.3
1376770 2530.3
1376780 2526.5
1376790 2526.8
1376800 2526.8
1376810 2526.1
1376820 2523.5
1376830 2523.5
1376840 2520.6
1376850 2518.1
1376860 2518.1
1376870 2516.9
1376880 2516.4
1376890 2516.4
1376900 2517.1
1376910 2516.8
1376920 2515.2
1376930 2515.2
1376940 2513.5
1376950 2514.3
1376960 2514.3
1376970 2515.2
1376980 2513.8
1376990 2513.8
1377000 2510.4
1377010 2508.1
1377020 2508.1
1377030 2506.0
1377040 2503.2
1377050 2503.2
1377060 2498.7
1377070 2494.3
1377080 2494.3
1377090 2490.7
1377100 2487.6
1377110 2485.3
1377120 2485.3
1377130 2483.6
1377140 2482.6
1377150 2482.6
1377160 2482.3
1377170 2482.5
1377180 2482.5
1377190 2483.0
1377200 2483.2
1377210 2483.2
1377220 2482.9
1377230 2482.6
1377240 2482.6
1377250 2483.0
1377260 2484.2
1377270 2484.2
1377280 2484.8
1377290 2485.0
1377300 2485.0
1377310 2485.7
1377320 2486.5
1377330 2486.3
1377340 2486.3
1377350 2486.3
1377360 2485.7
1377370 2485.7
1377380 2484.9
1377390 2484.7
1377400 2484.7
1377410 2484.5
1377420 2484.7
1377430 2484.7
1377440 2484.8
1377450 2483.8
1377460 2483.8
1377470 2483.1
1377480 2482.9
1377490 2482.9
1377500 2483.2
1377510 2484.7
1377520 2485.7
1377530 2485.7
1377540 2485.6
1377550 2484.5
1377560 2484.5
1377570 2483.7
1377580 2484.6
1377590 2484.6
1377600 2485.0
1377610 2485.0
1377620 2485.0
1377630 2484.7
1377640 2485.0
1377650 2485.0
1377660 2484.4
1377670 2481.6
1377680 2481.6
1377690 2479.3
1377700 2478.6
1377710 2478.9
1377720 2478.9
1377730 2479.5
1377740 2481.0
1377750 2481.0
1377760 2482.6
1377770 2484.1
1377780 2484.1
1377790 2484.1
1377800 2484.7
1377810 2484.7
1377820 2484.6
1377830 2485.4
1377840 2485.4
1377850 2487.6
1377860 2491.3
1377870 2491.3
1377880 2495.7
1377890 2500.5
1377900 2506.1
1377910 2506.1
1377920 2510.7
1377930 2511.8
1377940 2511.8
1377950 2509.9
1377960 2505.6
1377970 2505.6
1377980 2502.0
1377990 2500.9
1378000 2500.9
1378010 2501.3
1378020 2501.5
1378030 2501.5
1378040 2500.4
1378050 2499.5
1378060 2499.5
1378070 2498.7
1378080 2497.9
1378090 2496.9
1378100 2496.9
1378110 2496.6
1378120 2497.3
1378130 2497.3
1378140 2498.9
1378150 2501.6
1378160 2501.6
1378170 2504.3
1378180 2506.5
1378190 2506.5
1378200 2508.3
1378210 2509.7
1378220 2509.7
1378230 2510.2
1378240 2510.8
1378250 2510.8
1378260 2511.5
1378270 2512.5
1378280 2512.5
1378290 2513.8
1378300 2514.3
1378310 2515.1
1378320 2515.1
1378330 2515.2
1378340 2514.8
1378350 2514.8
1378360 2514.3
1378370 2513.8
1378380 2513.8
1378390 2513.3
1378400 2512.2
1378410 2512.2
1378420 2510.2
1378430 2508.2
1378440 2508.2
1378450 2506.9
1378460 2505.6
1378470 2505.6
1378480 2505.0
1378490 2504.9
1378500 2505.9
1378510 2505.9
1378520 2508.9
1378530 2512.8
1378540 2512.8
1378550 2515.6
1378560 2517.7
1378570 2517.7
1378580 2519.8
1378590 2522.9
1378600 2522.9
1378610 2526.1
1378620 2529.1
1378630 2529.1
1378640 2531.8
1378650 2534.3
1378660 2534.3
1378670 2536.3
1378680 2537.7
1378690 2538.3
1378700 2538.3
1378710 2538.6
1378720 2538.6
1378730 2538.6
1378740 2538.5
1378750 2538.6
1378760 2538.6
1378770 2538.6
1378780 2538.5
1378790 2538.5
1378800 2538.4
1378810 2538.4
1378820 2538.4
1378830 2539.0
1378840 2540.8
1378850 2540.8
1378860 2542.8
1378870 2544.5
1378880 2545.5
1378890 2545.5
1378900 2546.5
1378910 2548.0
1378920 2548.0
1378930 2549.6
1378940 2552.9
1378950 2552.9
1378960 2557.3
1378970 2560.6
1378980 2560.3
1378990 2563.5
1379000 2566.1
1379010 2566.1
1379020 2569.9
1379030 2575.3
1379040 2575.3
1379050 2580.4
1379060 2585.3
1379070 2589.4
1379080 2589.4
1379090 2593.6
1379100 2599.0
1379110 2599.0
1379120 2604.3
1379130 2609.9
1379140 2609.9
1379150 2616.3
1379160 2622.7
1379170 2622.7
1379180 2627.5
1379190 2629.4
1379200 2629.4
1379210 2623.5
1379220 2613.1
1379230 2613.1
1379240 2602.7
1379250 2594.4
1379260 2586.7
1379270 2586.7
1379280 2579.6
1379290 2573.0
1379300 2573.0
1379310 2567.7
1379320 2564.4
1379330 2564.4
1379340 2561.7
1379350 2558.4
1379360 2558.4
1379370 2553.6
1379380 2549.0
1379390 2549.0
1379400 2545.8
1379410 2545.0
1379420 2545.0
1379430 2545.4
1379440 2547.8
1379450 2547.8
1379460 2552.2
1379470 2554.0
1379480 2551.0
1379490 2551.0
1379500 2546.3
1379510 2540.5
1379520 2540.5
1379530 2533.5
1379540 2524.5
1379550 2524.5
1379560 2515.5
1379570 2508.0
1379580 2508.0
1379590 2502.3
1379600 2498.7
1379610 2498.7
1379620 2494.7
1379630 2490.0
1379640 2490.0
1379650 2484.4
1379660 2480.0
1379670 2476.9
1379680 2476.9
1379690 2473.8
1379700 2472.1
1379710 2472.1
1379720 2470.4
1379730 2469.3
1379740 2469.3
1379750 2469.1
1379760 2468.4
1379770 2468.4
1379780 2467.6
1379790 2466.4
1379800 2466.4
1379810 2463.4
1379820 2457.7
1379830 2457.7
1379840 2452.4
1379850 2447.3
1379860 2440.8
1379870 2440.8
1379880 2434.9
1379890 2430.0
1379900 2430.0
1379910 2426.1
1379920 2422.3
1379930 2422.3
1379940 2418.5
1379950 2415.0
1379960 2415.0
1379970 2412.7
1379980 2410.9
1379990 2410.9
