1360000 2068.8
1360010 2067.2
1360020 2067.2
1360030 2063.0
1360040 2054.3
1360050 2046.6
1360060 2046.6
1360070 2036.1
1360080 2027.4
1360090 2027.4
1360100 2017.5
1360110 2009.3
1360120 2009.3
1360130 2001.9
1360140 1990.1
1360150 1990.1
1360160 1977.6
1360170 1965.4
1360180 1965.4
1360190 1955.5
1360200 1945.5
1360210 1945.5
1360220 1938.6
1360230 1928.9
1360240 1922.1
1360250 1922.1
1360260 1916.6
1360270 1910.4
1360280 1910.4
1360290 1904.0
1360300 1897.9
1360310 1897.9
1360320 1891.7
1360330 1886.6
1360340 1886.6
1360350 1880.6
1360360 1876.0
1360370 1876.0
1360380 1872.3
1360390 1866.9
1360400 1866.9
1360410 1861.5
1360420 1856.7
1360430 1852.5
1360440 1852.5
1360450 1848.5
1360460 1844.5
1360470 1844.5
1360480 1840.3
1360490 1829.3
1360500 1829.3
1360510 1818.6
1360520 1810.9
1360530 1810.9
1360540 1803.1
1360550 1794.7
1360560 1794.7
1360570 1786.6
1360580 1779.9
1360590 1779.9
1360600 1773.4
1360610 1768.9
1360620 1764.9
1360630 1764.9
1360640 1760.1
1360650 1757.2
1360660 1757.2
1360670 1756.4
1360680 1755.7
1360690 1755.7
1360700 1753.2
1360710 1746.8
1360720 1746.8
1360730 1741.7
1360740 1735.0
1360750 1735.0
1360760 1732.5
1360770 1732.2
1360780 1732.2
1360790 1734.4
1360800 1737.6
1360810 1739.8
1360820 1739.8
1360830 1742.8
1360840 1747.5
1360850 1747.5
1360860 1753.5
1360870 1758.8
1360880 1758.8
1360890 1761.8
1360900 1763.6
1360910 1763.6
1360920 1764.9
1360930 1766.5
1360940 1766.5
1360950 1767.5
1360960 1768.7
1360970 1768.7
1360980 1770.7
1360990 1773.7
1361000 1773.7
1361010 1778.6
1361020 1784.3
1361030 1790.8
1361040 1790.8
1361050 1797.2
1361060 1803.3
1361070 1803.3
1361080 1810.3
1361090 1817.9
1361100 1817.9
1361110 1825.9
1361120 1832.9
1361130 1832.9
1361140 1839.3
1361150 1845.3
1361160 1845.3
1361170 1850.3
1361180 1854.0
1361190 1854.0
1361200 1857.6
1361210 1860.8
1361220 1864.6
1361230 1864.6
1361240 1867.8
1361250 1870.2
1361260 1870.2
1361270 1872.5
1361280 1873.9
1361290 1873.9
1361300 1875.6
1361310 1879.9
1361320 1879.9
1361330 1885.7
1361340 1892.3
1361350 1892.3
1361360 1900.5
1361370 1915.0
1361380 1915.0
1361390 1929.3
1361400 1932.0
1361410 1940.8
1361420 1940.8
1361430 1955.3
1361440 1973.5
1361450 1973.5
1361460 1984.1
1361470 1987.3
1361480 1987.3
1361490 1992.1
1361500 1995.5
1361510 1995.5
1361520 1998.4
1361530 2002.0
1361540 2002.0
1361550 2008.7
1361560 2015.0
1361570 2015.0
1361580 2019.3
1361590 2023.0
1361600 2029.9
1361610 2029.9
1361620 2038.0
1361630 2041.5
1361640 2041.5
1361650 2047.5
1361660 2057.7
1361670 2057.7
1361680 2064.3
1361690 2068.2
1361700 2068.2
1361710 2071.4
1361720 2075.9
1361730 2075.9
1361740 2081.6
1361750 2091.7
1361760 2091.7
1361770 2104.1
1361780 2114.5
1361790 2120.3
1361800 2120.3
1361810 2123.6
1361820 2124.5
1361830 2124.5
1361840 2123.5
1361850 2127.4
1361860 2127.4
1361870 2135.1
1361880 2143.3
1361890 2143.3
1361900 2151.6
1361910 2159.3
1361920 2159.3
1361930 2166.4
1361940 2173.1
1361950 2173.1
1361960 2180.9
1361970 2191.1
1361980 2201.1
1361990 2201.1
1362000 2209.0
1362010 2216.9
1362020 2216.9
1362030 2224.6
1362040 2233.0
1362050 2233.0
1362060 2238.5
1362070 2243.7
1362080 2243.7
1362090 2248.9
1362100 2254.1
1362110 2254.1
1362120 2259.8
1362130 2266.0
1362140 2266.0
1362150 2271.6
1362160 2280.8
1362170 2280.8
1362180 2293.7
1362190 2306.6
1362200 2317.1
1362210 2317.1
1362220 2327.2
1362230 2337.2
1362240 2337.2
1362250 2345.3
1362260 2351.5
1362270 2351.5
1362280 2356.8
1362290 2361.2
1362300 2361.2
1362310 2367.1
1362320 2374.2
1362330 2374.2
1362340 2381.5
1362350 2388.3
1362360 2388.3
1362370 2394.6
1362380 2398.8
1362390 2406.6
1362400 2406.6
1362410 2415.6
1362420 2422.7
1362430 2426.1
1362440 2431.5
1362450 2437.0
1362460 2437.0
1362470 2442.4
1362480 2448.5
1362490 2448.5
1362500 2452.9
1362510 2456.3
1362520 2456.3
1362530 2460.4
1362540 2465.7
1362550 2465.7
1362560 2471.4
1362570 2477.1
1362580 2482.4
1362590 2482.4
1362600 2487.4
1362610 2493.1
1362620 2493.1
1362630 2498.1
1362640 2504.1
1362650 2504.1
1362660 2509.1
1362670 2512.1
1362680 2512.1
1362690 2513.7
1362700 2514.4
1362710 2514.4
1362720 2515.8
1362730 2518.4
1362740 2518.4
1362750 2520.7
1362760 2522.9
1362770 2527.0
1362780 2527.0
1362790 2532.0
1362800 2537.1
1362810 2537.1
1362820 2541.6
1362830 2545.7
1362840 2545.7
1362850 2549.5
1362860 2552.3
1362870 2552.3
1362880 2555.9
1362890 2561.8
1362900 2561.8
1362910 2567.6
1362920 2572.8
1362930 2572.8
1362940 2577.3
1362950 2581.7
1362960 2586.3
1362970 2586.3
1362980 2591.1
1362990 2595.8
1363000 2595.8
1363010 2600.3
1363020 2604.4
1363030 2604.4
1363040 2608.1
1363050 2610.8
1363060 2610.8
1363070 2613.0
1363080 2616.4
1363090 2616.4
1363100 2620.3
1363110 2626.0
1363120 2626.0
1363130 2632.2
1363140 2637.9
1363150 2637.9
1363160 2643.1
1363170 2647.4
1363180 2650.4
1363190 2650.4
1363200 2653.1
1363210 2656.0
1363220 2656.0
1363230 2659.5
1363240 2663.4
1363250 2663.4
1363260 2666.6
1363270 2668.7
1363280 2668.7
1363290 2670.9
1363300 2673.5
1363310 2673.5
1363320 2676.1
1363330 2677.5
1363340 2677.5
1363350 2678.6
1363360 2680.5
1363370 2681.7
1363380 2681.7
1363390 2683.7
1363400 2686.0
1363410 2686.0
1363420 2687.6
1363430 2688.2
1363440 2688.2
1363450 2688.8
1363460 2690.8
1363470 2690.8
1363480 2702.5
1363490 2704.3
1363500 2704.3
1363510 2708.7
1363520 2715.5
1363530 2715.5
1363540 2722.8
1363550 2731.9
1363560 2744.8
1363570 2744.8
1363580 2749.8
1363590 2743.9
1363600 2743.9
1363610 2726.5
1363620 2707.2
1363630 2707.2
1363640 2695.2
1363650 2686.8
1363660 2686.8
1363670 2679.6
1363680 2670.4
1363690 2670.4
1363700 2661.4
1363710 2653.3
1363720 2653.3
1363730 2647.3
1363740 2642.1
1363750 2638.3
1363760 2638.3
1363770 2635.4
1363780 2632.0
1363790 2632.0
1363800 2628.3
1363810 2622.4
1363820 2622.4
1363830 2615.3
1363840 2608.2
1363850 2608.2
1363860 2601.4
1363870 2594.9
1363880 2594.9
1363890 2589.5
1363900 2585.0
1363910 2585.0
1363920 2580.9
1363930 2575.5
1363940 2570.3
1363950 2570.3
1363960 2564.1
1363970 2558.6
1363980 2558.6
1363990 2555.3
1364000 2552.3
1364010 2552.3
1364020 2548.8
1364030 2544.8
1364040 2544.8
1364050 2540.3
1364060 2535.2
1364070 2535.2
1364080 2529.8
1364090 2524.8
1364100 2524.8
1364110 2519.2
1364120 2513.8
1364130 2509.6
1364140 2509.6
1364150 2508.4
1364160 2508.1
1364170 2508.1
1364180 2506.5
1364190 2504.3
1364200 2504.3
1364210 2502.5
1364220 2500.3
1364230 2500.3
1364240 2498.3
1364250 2496.0
1364260 2496.0
1364270 2495.4
1364280 2493.7
1364290 2493.7
1364300 2488.6
1364310 2484.8
1364320 2484.8
1364330 2482.5
1364340 2480.3
1364350 2478.5
1364360 2478.5
1364370 2476.7
1364380 2474.5
1364390 2474.5
1364400 2471.9
1364410 2468.3
1364420 2468.3
1364430 2465.1
1364440 2462.3
1364450 2462.3
1364460 2459.5
1364470 2456.0
1364480 2456.0
1364490 2452.5
1364500 2449.1
1364510 2449.1
1364520 2446.7
1364530 2444.6
1364540 2443.3
1364550 2443.3
1364560 2441.8
1364570 2440.3
1364580 2440.3
1364590 2438.5
1364600 2436.5
1364610 2436.5
1364620 2435.2
1364630 2433.7
1364640 2433.7
1364650 2431.6
1364660 2428.9
1364670 2428.9
1364680 2426.1
1364690 2424.5
1364700 2424.5
1364710 2423.5
1364720 2422.2
1364730 2422.1
1364740 2422.1
1364750 2422.5
1364760 2423.3
1364770 2423.3
1364780 2423.8
1364790 2424.0
1364800 2424.0
1364810 2424.8
1364820 2428.0
1364830 2428.0
1364840 2433.2
1364850 2438.6
1364860 2438.6
1364870 2443.1
1364880 2446.1
1364890 2446.1
1364900 2448.9
1364910 2452.7
1364920 2458.4
1364930 2458.4
1364940 2464.5
1364950 2469.1
1364960 2469.1
1364970 2472.2
1364980 2476.0
1364990 2476.0
1365000 2480.2
1365010 2484.3
1365020 2484.3
1365030 2488.5
1365040 2492.9
1365050 2492.9
1365060 2495.3
1365070 2496.3
1365080 2496.3
1365090 2497.6
1365100 2499.1
1365110 2501.8
1365120 2501.8
1365130 2505.9
1365140 2510.5
1365150 2510.5
1365160 2516.5
1365170 2523.8
1365180 2523.8
1365190 2529.7
1365200 2534.2
1365210 2534.2
1365220 2538.4
1365230 2543.4
1365240 2543.4
1365250 2549.8
1365260 2559.9
1365270 2559.9
1365280 2566.8
1365290 2574.7
1365300 2574.7
1365310 2580.5
1365320 2586.0
1365330 2590.5
1365340 2590.5
1365350 2591.9
1365360 2592.9
1365370 2592.9
1365380 2594.6
1365390 2596.7
1365400 2596.7
1365410 2597.0
1365420 2596.8
1365430 2596.8
1365440 2595.3
1365450 2594.9
1365460 2594.9
1365470 2596.5
1365480 2606.5
1365490 2606.5
1365500 2615.5
1365510 2620.3
1365520 2625.8
1365530 2625.8
1365540 2627.8
1365550 2626.9
1365560 2626.9
1365570 2627.6
1365580 2630.3
1365590 2630.3
1365600 2635.2
1365610 2635.6
1365620 2635.6
1365630 2637.9
1365640 2638.5
1365650 2638.5
1365660 2640.6
1365670 2646.3
1365680 2646.3
1365690 2652.0
1365700 2657.8
1365710 2663.3
1365720 2663.3
1365730 2670.1
1365740 2678.0
1365750 2678.0
1365760 2688.5
1365770 2700.6
1365780 2700.6
1365790 2692.8
1365800 2678.0
1365810 2678.0
1365820 2665.7
1365830 2657.4
1365840 2657.4
1365850 2649.5
1365860 2636.9
1365870 2636.9
1365880 2622.7
1365890 2613.6
1365900 2606.8
1365910 2606.8
1365920 2600.4
1365930 2594.2
1365940 2594.2
1365950 2589.0
1365960 2585.5
1365970 2585.5
1365980 2583.2
1365990 2582.1
1366000 2582.1
1366010 2581.6
1366020 2582.2
1366030 2582.2
1366040 2581.2
1366050 2577.6
1366060 2577.6
1366070 2569.8
1366080 2567.4
1366090 2566.8
1366100 2566.8
1366110 2567.0
1366120 2567.8
1366130 2567.8
1366140 2567.6
1366150 2568.7
1366160 2568.7
1366170 2569.8
1366180 2571.3
1366190 2571.3
1366200 2572.3
1366210 2573.7
1366220 2573.7
1366230 2575.3
1366240 2576.9
1366250 2576.9
1366260 2577.4
1366270 2576.8
1366280 2576.8
1366290 2576.8
1366300 2576.7
1366310 2576.9
1366320 2576.9
1366330 2577.1
1366340 2576.2
1366350 2576.2
1366360 2575.3
1366370 2574.4
1366380 2574.4
1366390 2574.1
1366400 2574.1
1366410 2574.1
1366420 2574.2
1366430 2574.2
1366440 2574.2
1366450 2574.2
1366460 2574.2
1366470 2574.2
1366480 2574.1
1366490 2574.1
1366500 2573.9
1366510 2573.9
1366520 2573.9
1366530 2573.9
1366540 2573.9
1366550 2574.2
1366560 2574.2
1366570 2574.2
1366580 2574.1
1366590 2574.1
1366600 2574.1
1366610 2574.1
1366620 2574.1
1366630 2574.1
1366640 2574.2
1366650 2574.1
1366660 2574.1
1366670 2574.2
1366680 2575.0
1366690 2576.8
1366700 2576.8
1366710 2577.7
1366720 2579.0
1366730 2579.0
1366740 2580.8
1366750 2580.7
1366760 2580.7
1366770 2579.5
1366780 2578.6
1366790 2578.6
1366800 2577.0
1366810 2574.9
1366820 2574.9
1366830 2572.5
1366840 2570.7
1366850 2570.7
1366860 2569.9
1366870 2570.0
1366880 2571.2
1366890 2571.2
1366900 2572.3
1366910 2573.9
1366920 2573.9
1366930 2575.1
1366940 2575.3
1366950 2575.3
1366960 2574.8
1366970 2574.6
1366980 2574.6
1366990 2575.1
1367000 2576.6
1367010 2576.6
1367020 2581.8
1367030 2587.6
1367040 2587.6
1367050 2591.0
1367060 2592.8
1367070 2594.4
1367080 2594.4
1367090 2595.3
1367100 2594.3
1367110 2594.3
1367120 2593.4
1367130 2592.7
1367140 2592.7
1367150 2592.7
1367160 2593.4
1367170 2593.4
1367180 2592.9
1367190 2591.6
1367200 2591.6
1367210 2589.8
1367220 2588.8
1367230 2588.8
1367240 2589.7
1367250 2592.9
1367260 2597.0
1367270 2597.0
1367280 2600.0
1367290 2601.8
1367300 2601.8
1367310 2604.5
1367320 2608.3
1367330 2608.3
1367340 2613.6
1367350 2620.1
1367360 2620.1
1367370 2627.2
1367380 2636.0
1367390 2636.0
1367400 2647.3
1367410 2660.4
1367420 2660.4
1367430 2674.0
1367440 2679.9
1367450 2679.9
1367460 2682.8
1367470 2684.4
1367480 2682.9
1367490 2682.9
1367500 2679.8
1367510 2677.2
1367520 2677.2
1367530 2674.9
1367540 2673.0
1367550 2673.0
1367560 2672.4
1367570 2672.5
1367580 2672.5
1367590 2673.0
1367600 2675.5
1367610 2675.5
1367620 2679.2
1367630 2682.9
1367640 2682.9
1367650 2686.1
1367660 2689.3
1367670 2693.1
1367680 2693.1
1367690 2697.2
1367700 2700.6
1367710 2700.6
1367720 2704.9
1367730 2709.4
1367740 2709.4
1367750 2715.5
1367760 2720.6
1367770 2720.6
1367780 2727.0
1367790 2736.5
1367800 2736.5
1367810 2747.5
1367820 2754.2
1367830 2754.2
1367840 2760.7
1367850 2768.1
1367860 2778.8
1367870 2778.8
1367880 2784.6
1367890 2786.6
1367900 2786.6
1367910 2790.9
1367920 2796.7
1367930 2796.7
1367940 2801.6
1367950 2804.4
1367960 2804.4
1367970 2807.2
1367980 2810.4
1367990 2810.4
1368000 2813.0
1368010 2811.6
1368020 2811.6
1368030 2808.0
1368040 2806.2
1368050 2804.7
1368060 2804.7
1368070 2799.1
1368080 2790.9
1368090 2790.9
1368100 2784.6
1368110 2779.3
1368120 2779.3
1368130 2776.0
1368140 2773.3
1368150 2773.3
1368160 2770.9
1368170 2768.4
1368180 2768.4
1368190 2766.0
1368200 2764.5
1368210 2764.5
1368220 2762.3
1368230 2758.9
1368240 2755.8
1368250 2755.8
1368260 2754.1
1368270 2752.1
1368280 2752.1
1368290 2749.2
1368300 2746.7
1368310 2746.7
1368320 2745.8
1368330 2746.2
1368340 2746.2
1368350 2747.1
1368360 2746.6
1368370 2746.6
1368380 2747.5
1368390 2746.4
1368400 2746.4
1368410 2745.1
1368420 2743.5
1368430 2743.6
1368440 2743.6
1368450 2746.2
1368460 2748.5
1368470 2748.5
1368480 2749.4
1368490 2754.1
1368500 2754.1
1368510 2761.3
1368520 2768.7
1368530 2768.7
1368540 2769.9
1368550 2768.6
1368560 2768.6
1368570 2763.0
1368580 2757.9
1368590 2757.9
1368600 2759.4
1368610 2761.8
1368620 2761.8
1368630 2758.7
1368640 2755.9
1368650 2758.6
1368660 2758.6
1368670 2764.7
1368680 2762.3
1368690 2762.3
1368700 2757.5
1368710 2755.4
1368720 2755.4
1368730 2753.1
1368740 2749.9
1368750 2749.9
1368760 2751.8
1368770 2752.6
1368780 2752.6
1368790 2748.0
1368800 2740.9
1368810 2740.9
1368820 2741.9
1368830 2734.4
1368840 2727.8
1368850 2727.8
1368860 2719.8
1368870 2712.4
1368880 2712.4
1368890 2704.4
1368900 2695.7
1368910 2695.7
1368920 2687.2
1368930 2679.4
1368940 2679.4
1368950 2672.5
1368960 2667.0
1368970 2667.0
1368980 2663.7
1368990 2655.9
1369000 2655.9
1369010 2644.7
1369020 2634.1
1369030 2622.8
1369040 2622.8
1369050 2616.5
1369060 2612.3
1369070 2612.3
1369080 2607.9
1369090 2604.4
1369100 2604.4
1369110 2600.7
1369120 2597.5
1369130 2597.5
1369140 2594.9
1369150 2592.7
1369160 2592.7
1369170 2590.0
1369180 2587.7
1369190 2587.7
1369200 2585.6
1369210 2583.1
1369220 2580.1
1369230 2580.1
1369240 2576.9
1369250 2574.0
1369260 2574.0
1369270 2572.8
1369280 2572.2
1369290 2572.2
1369300 2571.2
1369310 2569.4
1369320 2569.4
1369330 2566.6
1369340 2563.8
1369350 2563.8
1369360 2562.9
1369370 2562.2
1369380 2562.2
1369390 2559.1
1369400 2558.4
1369410 2558.4
1369420 2558.4
1369430 2558.7
1369440 2559.3
1369450 2559.3
1369460 2560.4
1369470 2562.0
1369480 2562.0
1369490 2564.4
1369500 2565.9
1369510 2565.9
1369520 2567.0
1369530 2567.1
1369540 2567.1
1369550 2567.4
1369560 2567.8
1369570 2567.8
1369580 2569.8
1369590 2572.1
1369600 2573.1
1369610 2573.1
1369620 2574.1
1369630 2576.5
1369640 2576.5
1369650 2579.3
1369660 2583.2
1369670 2583.2
1369680 2587.6
1369690 2591.6
1369700 2591.6
1369710 2596.6
1369720 2601.9
1369730 2601.9
1369740 2602.8
1369750 2597.4
1369760 2597.4
1369770 2592.4
1369780 2588.5
1369790 2588.5
1369800 2585.3
1369810 2582.3
1369820 2579.2
1369830 2579.2
1369840 2577.8
1369850 2576.2
1369860 2576.2
1369870 2572.2
1369880 2567.0
1369890 2567.0
1369900 2563.6
1369910 2561.3
1369920 2568.0
1369930 2566.2
1369940 2566.1
1369950 2566.1
1369960 2567.0
1369970 2567.2
1369980 2567.2
1369990 2567.2
1370000 2565.8
1370010 2563.3
1370020 2563.3
1370030 2560.5
1370040 2557.4
1370050 2557.4
1370060 2554.3
1370070 2551.5
1370080 2551.5
1370090 2549.2
1370100 2547.2
1370110 2547.2
1370120 2545.5
1370130 2544.7
1370140 2544.7
1370150 2544.8
1370160 2545.6
1370170 2545.6
1370180 2545.5
1370190 2544.0
1370200 2542.9
1370210 2542.9
1370220 2542.0
1370230 2541.0
1370240 2541.0
1370250 2540.4
1370260 2539.9
1370270 2539.9
1370280 2539.0
1370290 2537.2
1370300 2537.2
1370310 2535.2
1370320 2534.3
1370330 2534.3
1370340 2533.8
1370350 2533.4
1370360 2533.4
1370370 2533.4
1370380 2534.6
1370390 2533.7
1370400 2533.7
1370410 2531.9
1370420 2530.5
1370430 2530.5
1370440 2529.8
1370450 2529.7
1370460 2529.7
1370470 2530.5
1370480 2530.2
1370490 2530.2
1370500 2526.2
1370510 2520.1
1370520 2520.1
1370530 2512.5
1370540 2504.3
1370550 2504.3
1370560 2496.0
1370570 2488.9
1370580 2480.7
1370590 2480.7
1370600 2473.6
1370610 2465.0
1370620 2465.0
1370630 2455.7
1370640 2447.5
1370650 2447.5
1370660 2439.7
1370670 2431.0
1370680 2431.0
1370690 2422.0
1370700 2412.9
1370710 2412.9
1370720 2404.4
1370730 2399.2
1370740 2399.2
1370750 2396.9
1370760 2394.4
1370770 2394.4
1370780 2394.6
1370790 2394.3
1370800 2393.2
1370810 2393.2
1370820 2391.5
1370830 2382.4
1370840 2382.4
1370850 2370.4
1370860 2359.7
1370870 2359.7
1370880 2349.0
1370890 2339.4
1370900 2339.4
1370910 2329.7
1370920 2319.0
1370930 2319.0
1370940 2308.5
1370950 2299.4
1370960 2299.4
1370970 2290.9
1370980 2281.9
1370990 2274.6
1371000 2274.6
1371010 2269.4
1371020 2264.6
1371030 2272.8
1371040 2266.4
1371050 2261.8
1371060 2261.8
1371070 2257.4
1371080 2252.9
1371090 2252.9
1371100 2248.1
1371110 2243.1
1371120 2243.1
1371130 2238.5
1371140 2233.9
1371150 2233.9
1371160 2228.6
1371170 2223.0
1371180 2217.1
1371190 2217.1
1371200 2210.2
1371210 2203.0
1371220 2203.0
1371230 2195.8
1371240 2189.1
1371250 2189.1
1371260 2182.6
1371270 2176.0
1371280 2176.0
1371290 2169.5
1371300 2162.6
1371310 2162.6
1371320 2156.0
1371330 2149.7
1371340 2149.7
1371350 2143.6
1371360 2137.3
1371370 2131.0
1371380 2131.0
1371390 2124.7
1371400 2118.2
1371410 2118.2
1371420 2111.4
1371430 2104.5
1371440 2104.5
1371450 2097.5
1371460 2090.8
1371470 2090.8
1371480 2084.8
1371490 2079.1
1371500 2079.1
1371510 2074.1
1371520 2068.8
1371530 2068.8
1371540 2062.4
1371550 2056.3
1371560 2051.9
1371570 2051.9
1371580 2047.3
1371590 2041.9
1371600 2041.9
1371610 2035.5
1371620 2029.1
1371630 2029.1
1371640 2023.2
1371650 2017.7
1371660 2017.7
1371670 2012.1
1371680 2006.6
1371690 2006.6
1371700 2001.8
1371710 1997.4
1371720 1997.4
1371730 1992.1
1371740 1985.2
1371750 1978.2
1371760 1978.2
1371770 1971.6
1371780 1964.9
1371790 1964.9
1371800 1957.9
1371810 1951.1
1371820 1951.1
1371830 1945.7
1371840 1940.4
1371850 1940.4
1371860 1934.7
1371870 1929.0
1371880 1929.0
1371890 1924.1
1371900 1919.4
1371910 1919.4
1371920 1913.6
1371930 1907.6
1371940 1907.6
1371950 1903.0
1371960 1900.3
1371970 1896.4
1371980 1896.4
1371990 1892.8
1372000 1888.5
1372010 1888.5
1372020 1884.4
1372030 1879.1
1372040 1879.1
1372050 1872.6
1372060 1866.1
1372070 1866.1
1372080 1860.2
1372090 1856.1
1372100 1856.1
1372110 1852.9
1372120 1849.4
1372130 1849.4
1372140 1844.9
1372150 1841.8
1372160 1836.9
1372170 1836.9
1372180 1832.0
1372190 1827.6
1372200 1827.6
1372210 1824.5
1372220 1822.2
1372230 1822.2
1372240 1818.9
1372250 1813.9
1372260 1813.9
1372270 1808.8
1372280 1803.6
1372290 1803.6
1372300 1798.3
1372310 1793.0
1372320 1793.0
1372330 1786.3
1372340 1778.4
1372350 1771.2
1372360 1771.2
1372370 1763.4
1372380 1756.4
1372390 1756.4
1372400 1750.9
1372410 1744.0
1372420 1744.0
1372430 1740.0
1372440 1743.2
1372450 1743.2
1372460 1745.9
1372470 1745.3
1372480 1745.3
1372490 1744.2
1372500 1743.6
1372510 1743.6
1372520 1745.1
1372530 1747.7
1372540 1749.9
1372550 1749.9
1372560 1752.3
1372570 1755.5
1372580 1755.5
1372590 1758.8
1372600 1762.9
1372610 1762.9
1372620 1767.4
1372630 1770.7
1372640 1770.7
1372650 1771.8
1372660 1772.4
1372670 1772.4
1372680 1773.0
1372690 1773.4
1372700 1773.4
1372710 1773.7
1372720 1776.6
1372730 1778.6
1372740 1778.6
1372750 1779.7
1372760 1780.5
1372770 1780.5
1372780 1782.0
1372790 1783.7
1372800 1783.7
1372810 1785.7
1372820 1787.3
1372830 1787.3
1372840 1789.1
1372850 1791.3
1372860 1791.3
1372870 1794.0
1372880 1796.9
1372890 1796.9
1372900 1799.7
1372910 1801.7
1372920 1804.0
1372930 1804.0
1372940 1805.9
1372950 1808.0
1372960 1808.0
1372970 1810.2
1372980 1812.2
1372990 1812.2
1373000 1813.9
1373010 1815.8
1373020 1815.8
1373030 1817.6
1373040 1818.2
1373050 1818.2
1373060 1819.6
1373070 1822.0
1373080 1822.0
1373090 1827.1
1373100 1833.7
1373110 1833.7
1373120 1838.9
1373130 1842.9
1373140 1847.0
1373150 1847.0
1373160 1850.8
1373170 1854.0
1373180 1854.0
1373190 1856.7
1373200 1858.8
1373210 1858.8
1373220 1860.7
1373230 1862.6
1373240 1862.6
1373250 1864.2
1373260 1865.6
1373270 1862.4
1373280 1864.1
1373290 1866.1
1373300 1866.1
1373310 1868.5
1373320 1872.6
1373330 1877.7
1373340 1877.7
1373350 1882.0
1373360 1885.0
1373370 1885.0
1373380 1888.0
1373390 1891.3
1373400 1891.3
1373410 1893.0
1373420 1894.2
1373430 1894.2
1373440 1897.0
1373450 1901.0
1373460 1901.0
1373470 1907.5
1373480 1914.1
1373490 1914.1
1373500 1920.2
1373510 1925.6
1373520 1930.3
1373530 1930.3
1373540 1935.7
1373550 1941.8
1373560 1941.8
1373570 1947.6
1373580 1953.0
1373590 1953.0
1373600 1959.1
1373610 1965.5
1373620 1965.5
1373630 1972.0
1373640 1978.0
1373650 1978.0
1373660 1983.1
1373670 1987.7
1373680 1987.7
1373690 1993.7
1373700 1999.5
1373710 2004.8
1373720 2004.8
1373730 2010.5
1373740 2016.7
1373750 2016.7
1373760 2023.1
1373770 2028.9
1373780 2028.9
1373790 2034.2
1373800 2039.1
1373810 2039.1
1373820 2043.0
1373830 2047.0
1373840 2047.0
1373850 2051.9
1373860 2056.2
1373870 2056.2
1373880 2059.7
1373890 2063.5
1373900 2066.6
1373910 2066.6
1373920 2070.2
1373930 2077.9
1373940 2077.9
1373950 2086.4
1373960 2092.4
1373970 2092.4
1373980 2099.3
1373990 2107.7
1374000 2107.7
1374010 2115.9
1374020 2125.1
1374030 2125.1
1374040 2133.6
1374050 2142.3
1374060 2142.3
1374070 2151.8
1374080 2160.1
1374090 2170.0
1374100 2170.0
1374110 2183.2
1374120 2194.1
1374130 2194.1
1374140 2202.5
1374150 2211.4
1374160 2211.4
1374170 2220.0
1374180 2228.2
1374190 2228.2
1374200 2234.4
1374210 2238.7
1374220 2238.7
1374230 2242.7
1374240 2249.4
1374250 2249.4
1374260 2257.0
1374270 2263.5
1374280 2263.5
1374290 2268.8
1374300 2273.4
1374310 2277.8
1374320 2277.8
1374330 2283.1
1374340 2287.9
1374350 2287.9
1374360 2293.3
1374370 2300.4
1374380 2300.4
1374390 2309.1
1374400 2320.1
1374410 2320.1
1374420 2322.1
1374430 2329.1
1374440 2329.1
1374450 2328.3
1374460 2322.7
1374470 2322.7
1374480 2314.1
1374490 2305.4
1374500 2295.9
1374510 2295.9
1374520 2288.0
1374530 2280.7
1374540 2280.7
1374550 2274.9
1374560 2270.0
1374570 2270.0
1374580 2265.1
1374590 2257.5
1374600 2257.5
1374610 2246.2
1374620 2237.7
1374630 2237.7
1374640 2234.6
1374650 2228.8
1374660 2228.8
1374670 2221.1
1374680 2212.1
1374690 2200.8
1374700 2200.8
1374710 2188.3
1374720 2177.4
1374730 2177.4
1374740 2165.1
1374750 2151.4
1374760 2151.4
1374770 2143.7
1374780 2136.7
1374790 2136.7
1374800 2130.0
1374810 2123.6
1374820 2123.6
1374830 2117.4
1374840 2111.4
1374850 2111.4
1374860 2105.8
1374870 2099.9
1374880 2092.8
1374890 2092.8
1374900 2086.5
1374910 2081.7
1374920 2081.7
1374930 2077.7
1374940 2074.7
1374950 2074.7
1374960 2072.7
1374970 2071.9
1374980 2071.9
1374990 2073.2
1375000 2075.0
1375010 2075.0
1375020 2077.0
1375030 2079.7
1375040 2079.7
1375050 2083.1
1375060 2087.0
1375070 2090.9
1375080 2090.9
1375090 2094.9
1375100 2099.2
1375110 2099.2
1375120 2103.7
1375130 2108.2
1375140 2108.2
1375150 2112.8
1375160 2117.7
1375170 2117.7
1375180 2122.7
1375190 2127.5
1375200 2127.5
1375210 2132.3
1375220 2137.4
1375230 2137.4
1375240 2143.4
1375250 2150.1
1375260 2156.7
1375270 2156.7
1375280 2164.2
1375290 2172.2
1375300 2172.2
1375310 2182.9
1375320 2198.2
1375330 2198.2
1375340 2208.2
1375350 2214.1
1375360 2214.1
1375370 2220.1
1375380 2225.2
1375390 2225.2
1375400 2230.4
1375410 2235.0
1375420 2235.0
1375430 2239.5
1375440 2244.2
1375450 2244.2
1375460 2248.0
1375470 2252.0
1375480 2257.4
1375490 2257.4
1375500 2263.5
1375510 2269.6
1375520 2269.6
1375530 2275.0
1375540 2280.1
1375550 2280.1
1375560 2284.6
1375570 2286.0
1375580 2286.0
1375590 2290.5
1375600 2295.3
1375610 2295.3
1375620 2300.9
1375630 2306.1
1375640 2306.1
1375650 2310.9
1375660 2315.6
1375670 2319.7
1375680 2319.7
1375690 2323.8
1375700 2328.2
1375710 2328.2
1375720 2332.6
1375730 2337.1
1375740 2337.1
1375750 2342.1
1375760 2346.8
1375770 2346.8
1375780 2351.2
1375790 2356.1
1375800 2356.1
1375810 2360.6
1375820 2365.7
1375830 2365.7
1375840 2371.1
1375850 2376.0
1375860 2380.5
1375870 2380.5
1375880 2384.5
1375890 2386.8
1375900 2386.8
1375910 2387.7
1375920 2389.2
1375930 2389.2
1375940 2390.6
1375950 2392.7
1375960 2392.7
1375970 2395.4
1375980 2397.8
1375990 2397.8
1376000 2399.6
1376010 2401.7
1376020 2401.7
1376030 2402.6
1376040 2403.4
1376050 2403.0
1376060 2403.0
1376070 2402.5
1376080 2402.0
1376090 2402.0
1376100 2402.2
1376110 2403.2
1376120 2403.2
1376130 2404.0
1376140 2404.1
1376150 2404.1
1376160 2404.4
1376170 2404.8
1376180 2404.8
1376190 2405.4
1376200 2406.4
1376210 2406.4
1376220 2406.9
1376230 2407.2
1376240 2407.7
1376250 2407.7
1376260 2408.1
1376270 2408.3
1376280 2408.3
1376290 2409.3
1376300 2411.6
1376310 2411.6
1376320 2413.3
1376330 2414.9
1376340 2414.9
1376350 2417.4
1376360 2420.3
1376370 2420.3
1376380 2422.9
1376390 2426.3
1376400 2426.3
1376410 2430.8
1376420 2435.3
1376430 2439.3
1376440 2439.3
1376450 2443.5
1376460 2446.7
1376470 2446.7
1376480 2449.9
1376490 2452.0
1376500 2452.0
1376510 2454.8
1376520 2459.5
1376530 2459.5
1376540 2464.5
1376550 2469.6
1376560 2469.6
1376570 2475.1
1376580 2480.4
1376590 2480.4
1376600 2486.0
1376610 2491.8
1376620 2491.8
1376630 2498.2
1376640 2504.9
1376650 2512.1
1376660 2512.1
1376670 2519.0
1376680 2525.6
1376690 2525.6
1376700 2532.2
1376710 2538.8
1376720 2538.8
1376730 2545.4
1376740 2551.5
1376750 2551.5
1376760 2558.2
1376770 2564.7
1376780 2564.7
1376790 2571.8
1376800 2579.8
1376810 2579.8
1376820 2587.7
1376830 2593.5
1376840 2589.2
1376850 2589.2
1376860 2582.4
1376870 2575.2
1376880 2575.2
1376890 2563.7
1376900 2553.7
1376910 2553.7
1376920 2545.8
1376930 2540.2
1376940 2540.2
1376950 2532.4
1376960 2522.7
1376970 2522.7
1376980 2511.3
1376990 2497.8
1377000 2497.8
1377010 2484.8
1377020 2474.8
1377030 2466.2
1377040 2466.2
1377050 2458.4
1377060 2451.3
1377070 2451.3
1377080 2444.9
1377090 2438.8
1377100 2438.8
1377110 2432.9
1377120 2427.4
1377130 2427.4
1377140 2421.4
1377150 2416.0
1377160 2416.0
1377170 2411.2
1377180 2406.1
1377190 2406.1
1377200 2400.8
1377210 2396.2
1377220 2391.9
1377230 2391.9
1377240 2387.3
1377250 2383.2
1377260 2383.2
1377270 2379.6
1377280 2377.3
1377290 2377.3
1377300 2376.2
1377310 2374.3
1377320 2374.3
1377330 2373.2
1377340 2372.5
1377350 2372.5
1377360 2372.2
1377370 2371.1
1377380 2371.1
1377390 2369.5
1377400 2366.6
1377410 2362.5
1377420 2362.5
1377430 2358.6
1377440 2353.8
1377450 2353.8
1377460 2349.1
1377470 2344.4
1377480 2344.4
1377490 2340.7
1377500 2337.4
1377510 2337.4
1377520 2334.2
1377530 2330.6
1377540 2330.6
1377550 2326.8
1377560 2323.4
1377570 2323.4
1377580 2320.0
1377590 2316.4
1377600 2313.0
1377610 2313.0
1377620 2309.6
1377630 2306.3
1377640 2306.3
1377650 2303.4
1377660 2300.5
1377670 2300.5
1377680 2297.9
1377690 2295.7
1377700 2295.7
1377710 2293.6
1377720 2291.4
1377730 2291.4
1377740 2289.4
1377750 2286.5
1377760 2286.5
1377770 2282.1
1377780 2278.0
1377790 2278.0
1377800 2276.9
1377810 2279.6
1377820 2282.3
1377830 2282.3
1377840 2282.9
1377850 2282.7
1377860 2282.7
1377870 2281.3
1377880 2280.5
1377890 2280.5
1377900 2280.6
1377910 2278.6
1377920 2278.6
1377930 2279.0
1377940 2278.9
1377950 2278.9
1377960 2279.2
1377970 2280.6
1377980 2280.6
1377990 2281.8
1378000 2281.9
1378010 2282.6
1378020 2282.6
1378030 2284.4
1378040 2285.8
1378050 2285.8
1378060 2288.0
1378070 2290.6
1378080 2290.6
1378090 2293.2
1378100 2293.9
1378110 2293.9
1378120 2295.8
1378130 2301.7
1378140 2301.7
1378150 2305.4
1378160 2308.8
1378170 2308.8
1378180 2312.6
1378190 2316.0
1378200 2319.8
1378210 2319.8
1378220 2323.0
1378230 2325.6
1378240 2325.6
1378250 2329.7
1378260 2334.4
1378270 2334.4
1378280 2338.2
1378290 2341.6
1378300 2341.6
1378310 2345.3
1378320 2349.4
1378330 2349.4
1378340 2354.1
1378350 2359.2
1378360 2359.2
1378370 2364.2
1378380 2368.0
1378390 2371.2
1378400 2371.2
1378410 2375.4
1378420 2380.5
1378430 2380.5
1378440 2385.3
1378450 2389.9
1378460 2389.9
1378470 2394.2
1378480 2398.5
1378490 2398.5
1378500 2402.7
1378510 2407.5
1378520 2407.5
1378530 2413.4
1378540 2420.1
1378550 2420.1
1378560 2427.1
1378570 2433.3
1378580 2438.5
1378590 2438.5
1378600 2441.9
1378610 2445.3
1378620 2445.3
1378630 2448.0
1378640 2450.0
1378650 2450.0
1378660 2451.0
1378670 2452.1
1378680 2452.1
1378690 2454.0
1378700 2457.0
1378710 2457.0
1378720 2460.0
1378730 2463.2
1378740 2463.2
1378750 2466.6
1378760 2470.1
1378770 2473.9
1378780 2473.9
1378790 2478.0
1378800 2482.8
1378810 2482.8
1378820 2486.8
1378830 2489.4
1378840 2489.4
1378850 2492.3
1378860 2495.2
1378870 2495.2
1378880 2497.8
1378890 2500.5
1378900 2500.5
1378910 2503.3
1378920 2506.5
1378930 2506.5
1378940 2509.7
1378950 2513.7
1378960 2513.7
1378970 2517.7
1378980 2522.1
1378990 2526.3
1379000 2526.3
1379010 2530.6
1379020 2533.5
1379030 2533.5
1379040 2532.4
1379050 2528.3
1379060 2528.3
1379070 2522.9
1379080 2516.7
1379090 2516.7
1379100 2509.1
1379110 2503.9
1379120 2503.9
1379130 2497.9
1379140 2491.8
1379150 2491.8
1379160 2485.8
1379170 2480.0
1379180 2474.6
1379190 2474.6
1379200 2469.1
1379210 2464.0
1379220 2464.0
1379230 2458.5
1379240 2452.1
1379250 2452.1
1379260 2445.8
1379270 2440.2
1379280 2440.2
1379290 2435.6
1379300 2432.8
1379310 2432.8
1379320 2432.2
1379330 2430.8
1379340 2430.8
1379350 2427.7
1379360 2425.0
1379370 2420.7
1379380 2420.7
1379390 2415.3
1379400 2412.3
1379410 2412.3
1379420 2410.0
1379430 2407.0
1379440 2407.0
1379450 2405.2
1379460 2403.3
1379470 2403.3
1379480 2401.2
1379490 2398.8
1379500 2398.8
1379510 2396.9
1379520 2395.1
1379530 2395.1
1379540 2392.8
1379550 2390.2
1379560 2387.4
1379570 2387.4
1379580 2383.7
1379590 2380.0
1379600 2380.0
1379610 2375.6
1379620 2372.1
1379630 2372.1
1379640 2365.4
1379650 2360.2
1379660 2360.2
1379670 2356.1
1379680 2351.3
1379690 2351.3
1379700 2346.8
1379710 2343.2
1379720 2343.2
1379730 2339.6
1379740 2335.0
1379750 2328.6
1379760 2328.6
1379770 2322.8
1379780 2317.5
1379790 2317.5
1379800 2311.1
1379810 2303.6
1379820 2303.6
1379830 2296.5
1379840 2289.8
1379850 2289.8
1379860 2283.6
1379870 2276.3
1379880 2276.3
1379890 2269.3
1379900 2262.2
1379910 2262.2
1379920 2255.6
1379930 2252.6
1379940 2248.2
1379950 2248.2
1379960 2246.5
1379970 2251.1
1379980 2251.1
1379990 2257.0
