1360000 1971.0
1360010 1965.3
1360020 1959.2
1360030 1959.2
1360040 1954.5
1360050 1950.5
1360060 1950.5
1360070 1946.4
1360080 1941.3
1360090 1934.4
1360100 1934.4
1360110 1928.0
1360120 1922.8
1360130 1922.8
1360140 1915.3
1360150 1906.9
1360160 1906.9
1360170 1902.0
1360180 1896.2
1360190 1896.2
1360200 1885.9
1360210 1876.5
1360220 1876.5
1360230 1866.7
1360240 1859.0
1360250 1859.0
1360260 1855.5
1360270 1852.2
1360280 1843.2
1360290 1843.2
1360300 1832.3
1360310 1828.1
1360320 1828.1
1360330 1825.4
1360340 1820.4
1360350 1820.4
1360360 1813.8
1360370 1809.3
1360380 1809.3
1360390 1804.2
1360400 1799.5
1360410 1799.5
1360420 1797.4
1360430 1793.3
1360440 1793.3
1360450 1788.6
1360460 1783.1
1360470 1779.8
1360480 1779.8
1360490 1776.7
1360500 1771.8
1360510 1771.8
1360520 1769.4
1360530 1762.4
1360540 1762.4
1360550 1751.7
1360560 1745.3
1360570 1745.3
1360580 1743.4
1360590 1742.6
1360600 1742.6
1360610 1744.0
1360620 1744.4
1360630 1744.4
1360640 1744.5
1360650 1744.7
1360660 1744.7
1360670 1745.2
1360680 1745.6
1360690 1747.8
1360700 1747.8
1360710 1749.9
1360720 1752.5
1360730 1752.5
1360740 1755.7
1360750 1758.4
1360760 1758.4
1360770 1760.9
1360780 1763.4
1360790 1763.4
1360800 1766.5
1360810 1769.8
1360820 1769.8
1360830 1772.8
1360840 1776.2
1360850 1776.2
1360860 1779.8
1360870 1783.1
1360880 1786.4
1360890 1786.4
1360900 1789.9
1360910 1793.3
1360920 1793.3
1360930 1796.9
1360940 1801.5
1360950 1801.5
1360960 1806.1
1360970 1809.1
1360980 1809.1
1360990 1810.0
1361000 1813.5
1361010 1813.5
1361020 1820.0
1361030 1827.0
1361040 1827.0
1361050 1834.7
1361060 1841.9
1361070 1848.8
1361080 1848.8
1361090 1855.4
1361100 1861.1
1361110 1861.1
1361120 1867.2
1361130 1874.0
1361140 1874.0
1361150 1882.0
1361160 1889.5
1361170 1889.5
1361180 1896.2
1361190 1903.1
1361200 1903.1
1361210 1908.1
1361220 1911.4
1361230 1911.4
1361240 1915.7
1361250 1920.9
1361260 1926.3
1361270 1926.3
1361280 1933.5
1361290 1937.9
1361300 1937.9
1361310 1940.3
1361320 1945.5
1361330 1945.5
1361340 1953.3
1361350 1960.9
1361360 1960.9
1361370 1966.3
1361380 1969.2
1361390 1969.2
1361400 1970.5
1361410 1972.5
1361420 1972.5
1361430 1976.0
1361440 1978.4
1361450 1984.7
1361460 1984.7
1361470 1991.3
1361480 1998.7
1361490 1998.7
1361500 2007.1
1361510 2017.4
1361520 2017.4
1361530 2035.0
1361540 2054.1
1361550 2054.1
1361560 2068.9
1361570 2078.0
1361580 2078.0
1361590 2084.1
1361600 2090.4
1361610 2090.4
1361620 2095.5
1361630 2101.5
1361640 2101.5
1361650 2109.8
1361660 2116.3
1361670 2122.1
1361680 2122.1
1361690 2128.2
1361700 2133.8
1361710 2133.8
1361720 2138.8
1361730 2144.0
1361740 2144.0
1361750 2150.9
1361760 2158.6
1361770 2158.6
1361780 2166.0
1361790 2173.7
1361800 2173.7
1361810 2180.7
1361820 2187.5
1361830 2187.5
1361840 2193.7
1361850 2199.3
1361860 2203.7
1361870 2203.7
1361880 2206.3
1361890 2208.6
1361900 2208.6
1361910 2211.5
1361920 2214.4
1361930 2214.4
1361940 2216.9
1361950 2220.1
1361960 2220.1
1361970 2224.3
1361980 2229.4
1361990 2229.4
1362000 2235.2
1362010 2240.2
1362020 2240.2
1362030 2244.4
1362040 2248.9
1362050 2253.6
1362060 2253.6
1362070 2258.3
1362080 2262.7
1362090 2262.7
1362100 2267.7
1362110 2273.0
1362120 2273.0
1362130 2278.4
1362140 2284.1
1362150 2284.1
1362160 2289.3
1362170 2294.5
1362180 2294.5
1362190 2300.1
1362200 2305.6
1362210 2305.6
1362220 2311.5
1362230 2318.0
1362240 2324.7
1362250 2324.7
1362260 2331.4
1362270 2338.1
1362280 2338.1
1362290 2345.0
1362300 2352.0
1362310 2352.0
1362320 2358.7
1362330 2364.9
1362340 2364.9
1362350 2370.6
1362360 2374.7
1362370 2374.7
1362380 2378.6
1362390 2382.3
1362400 2382.3
1362410 2387.3
1362420 2392.4
1362430 2396.0
1362440 2396.0
1362450 2399.3
1362460 2403.1
1362470 2403.1
1362480 2405.8
1362490 2409.3
1362500 2409.3
1362510 2412.8
1362520 2415.6
1362530 2415.6
1362540 2417.7
1362550 2419.2
1362560 2419.2
1362570 2421.7
1362580 2424.3
1362590 2424.3
1362600 2426.2
1362610 2428.7
1362620 2431.5
1362630 2431.5
1362640 2434.8
1362650 2437.6
1362660 2437.6
1362670 2441.2
1362680 2446.3
1362690 2446.3
1362700 2451.5
1362710 2456.1
1362720 2456.1
1362730 2460.4
1362740 2464.7
1362750 2464.7
1362760 2469.0
1362770 2473.5
1362780 2473.5
1362790 2477.3
1362800 2481.8
1362810 2481.8
1362820 2486.6
1362830 2491.4
1362840 2494.7
1362850 2494.7
1362860 2497.0
1362870 2498.8
1362880 2498.8
1362890 2501.1
1362900 2503.6
1362910 2503.6
1362920 2505.0
1362930 2506.7
1362940 2506.7
1362950 2508.5
1362960 2510.8
1362970 2510.8
1362980 2513.3
1362990 2516.0
1363000 2516.0
1363010 2519.0
1363020 2522.4
1363030 2528.6
1363040 2528.6
1363050 2537.6
1363060 2544.8
1363070 2544.8
1363080 2548.4
1363090 2551.1
1363100 2551.1
1363110 2553.8
1363120 2556.4
1363130 2556.4
1363140 2558.7
1363150 2560.6
1363160 2560.6
1363170 2562.2
1363180 2564.1
1363190 2564.1
1363200 2568.3
1363210 2572.3
1363220 2576.0
1363230 2576.0
1363240 2581.5
1363250 2584.5
1363260 2584.5
1363270 2587.2
1363280 2592.3
1363290 2592.3
1363300 2598.1
1363310 2603.4
1363320 2603.4
1363330 2610.6
1363340 2619.2
1363350 2619.2
1363360 2626.3
1363370 2633.7
1363380 2633.7
1363390 2640.5
1363400 2647.0
1363410 2653.3
1363420 2653.3
1363430 2660.6
1363440 2668.1
1363450 2668.1
1363460 2675.0
1363470 2683.0
1363480 2683.0
1363490 2693.5
1363500 2705.1
1363510 2705.1
1363520 2712.5
1363530 2726.7
1363540 2726.7
1363550 2739.6
1363560 2750.6
1363570 2750.6
1363580 2761.3
1363590 2769.4
1363600 2776.7
1363610 2776.7
1363620 2787.2
1363630 2795.3
1363640 2795.3
1363650 2792.3
1363660 2785.4
1363670 2785.4
1363680 2775.5
1363690 2765.8
1363700 2765.8
1363710 2757.0
1363720 2748.7
1363730 2748.7
1363740 2741.8
1363750 2734.7
1363760 2734.7
1363770 2725.4
1363780 2716.3
1363790 2716.3
1363800 2708.6
1363810 2701.4
1363820 2695.7
1363830 2695.7
1363840 2687.8
1363850 2675.1
1363860 2675.1
1363870 2661.8
1363880 2647.9
1363890 2647.9
1363900 2635.9
1363910 2624.0
1363920 2624.0
1363930 2612.4
1363940 2599.7
1363950 2599.7
1363960 2588.3
1363970 2581.0
1363980 2581.0
1363990 2574.1
1364000 2567.0
1364010 2559.8
1364020 2559.8
1364030 2552.7
1364040 2545.9
1364050 2545.9
1364060 2539.9
1364070 2533.8
1364080 2533.8
1364090 2528.4
1364100 2524.3
1364110 2524.3
1364120 2521.3
1364130 2519.5
1364140 2519.5
1364150 2519.2
1364160 2518.7
1364170 2518.7
1364180 2515.5
1364190 2512.2
1364200 2512.4
1364210 2512.4
1364220 2512.0
1364230 2511.2
1364240 2511.2
1364250 2509.1
1364260 2507.5
1364270 2507.5
1364280 2506.2
1364290 2505.1
1364300 2505.1
1364310 2502.8
1364320 2499.4
1364330 2499.4
1364340 2497.2
1364350 2495.1
1364360 2495.1
1364370 2493.9
1364380 2493.1
1364390 2492.8
1364400 2492.8
1364410 2491.7
1364420 2490.1
1364430 2490.1
1364440 2488.3
1364450 2485.4
1364460 2485.4
1364470 2482.5
1364480 2477.9
1364490 2477.9
1364500 2472.6
1364510 2468.2
1364520 2468.2
1364530 2464.3
1364540 2462.0
1364550 2462.0
1364560 2459.8
1364570 2455.1
1364580 2451.7
1364590 2451.7
1364600 2449.2
1364610 2446.9
1364620 2446.9
1364630 2444.9
1364640 2443.7
1364650 2443.7
1364660 2442.9
1364670 2442.6
1364680 2442.6
1364690 2441.0
1364700 2438.4
1364710 2438.4
1364720 2437.4
1364730 2435.9
1364740 2435.9
1364750 2432.8
1364760 2433.5
1364770 2433.5
1364780 2435.3
1364790 2436.0
1364800 2434.8
1364810 2434.8
1364820 2432.4
1364830 2431.1
1364840 2431.1
1364850 2432.0
1364860 2433.7
1364870 2433.7
1364880 2435.4
1364890 2436.9
1364900 2436.9
1364910 2439.7
1364920 2442.6
1364930 2442.6
1364940 2445.2
1364950 2449.1
1364960 2449.1
1364970 2454.1
1364980 2458.3
1364990 2461.9
1365000 2461.9
1365010 2466.3
1365020 2470.4
1365030 2470.4
1365040 2473.9
1365050 2479.3
1365060 2479.3
1365070 2486.4
1365080 2493.4
1365090 2493.4
1365100 2500.7
1365110 2508.2
1365120 2508.2
1365130 2516.6
1365140 2526.1
1365150 2526.1
1365160 2536.0
1365170 2544.6
1365180 2552.4
1365190 2552.4
1365200 2559.5
1365210 2566.6
1365220 2566.6
1365230 2572.8
1365240 2576.9
1365250 2576.9
1365260 2582.0
1365270 2587.3
1365280 2587.3
1365290 2593.1
1365300 2599.8
1365310 2599.8
1365320 2607.1
1365330 2614.5
1365340 2614.5
1365350 2622.3
1365360 2631.5
1365370 2641.6
1365380 2641.6
1365390 2652.8
1365400 2665.3
1365410 2665.3
1365420 2677.5
1365430 2692.3
1365440 2692.3
1365450 2706.4
1365460 2710.5
1365470 2710.5
1365480 2705.2
1365490 2704.7
1365500 2704.7
1365510 2706.0
1365520 2707.7
1365530 2707.7
1365540 2709.6
1365550 2710.4
1365560 2712.4
1365570 2712.4
1365580 2714.9
1365590 2718.0
1365600 2718.0
1365610 2720.9
1365620 2723.4
1365630 2716.3
1365640 2719.5
1365650 2723.9
1365660 2723.9
1365670 2726.2
1365680 2728.9
1365690 2728.9
1365700 2730.1
1365710 2732.0
1365720 2732.0
1365730 2733.9
1365740 2738.2
1365750 2738.2
1365760 2742.8
1365770 2736.7
1365780 2720.2
1365790 2720.2
1365800 2709.7
1365810 2704.0
1365820 2704.0
1365830 2695.9
1365840 2683.9
1365850 2683.9
1365860 2675.3
1365870 2668.6
1365880 2668.6
1365890 2662.6
1365900 2657.8
1365910 2657.8
1365920 2652.6
1365930 2648.1
1365940 2648.1
1365950 2644.4
1365960 2640.9
1365970 2637.0
1365980 2637.0
1365990 2633.0
1366000 2628.4
1366010 2628.4
1366020 2622.6
1366030 2614.9
1366040 2614.9
1366050 2608.8
1366060 2603.7
1366070 2603.7
1366080 2599.2
1366090 2595.4
1366100 2595.4
1366110 2593.8
1366120 2594.9
1366130 2594.9
1366140 2597.8
1366150 2599.7
1366160 2599.7
1366170 2599.7
1366180 2599.2
1366190 2598.4
1366200 2598.4
1366210 2595.0
1366220 2593.0
1366230 2593.0
1366240 2590.8
1366250 2587.8
1366260 2587.8
1366270 2589.2
1366280 2591.1
1366290 2591.1
1366300 2592.9
1366310 2593.1
1366320 2593.1
1366330 2591.6
1366340 2589.6
1366350 2587.9
1366360 2587.9
1366370 2585.6
1366380 2582.6
1366390 2582.6
1366400 2579.4
1366410 2577.2
1366420 2577.2
1366430 2577.1
1366440 2576.0
1366450 2576.0
1366460 2574.4
1366470 2574.1
1366480 2574.1
1366490 2574.1
1366500 2574.1
1366510 2574.1
1366520 2574.1
1366530 2574.1
1366540 2574.1
1366550 2574.1
1366560 2574.1
1366570 2574.1
1366580 2574.1
1366590 2574.1
1366600 2574.1
1366610 2574.1
1366620 2574.1
1366630 2574.1
1366640 2574.1
1366650 2574.0
1366660 2574.0
1366670 2574.0
1366680 2574.0
1366690 2574.0
1366700 2574.0
1366710 2574.0
1366720 2574.0
1366730 2574.2
1366740 2574.2
1366750 2574.2
1366760 2574.2
1366770 2574.2
1366780 2574.2
1366790 2574.2
1366800 2574.2
1366810 2574.2
1366820 2574.3
1366830 2574.3
1366840 2574.2
1366850 2574.2
1366860 2574.2
1366870 2574.2
1366880 2574.2
1366890 2574.2
1366900 2574.5
1366910 2576.7
1366920 2576.7
1366930 2580.2
1366940 2582.2
1366950 2584.4
1366960 2584.4
1366970 2587.0
1366980 2588.0
1366990 2588.0
1367000 2588.6
1367010 2589.8
1367020 2589.8
1367030 2593.2
1367040 2597.9
1367050 2597.9
1367060 2605.0
1367070 2611.9
1367080 2611.9
1367090 2617.8
1367100 2622.3
1367110 2622.3
1367120 2622.9
1367130 2624.0
1367140 2622.0
1367150 2622.0
1367160 2618.8
1367170 2616.5
1367180 2616.5
1367190 2614.7
1367200 2613.5
1367210 2613.5
1367220 2613.7
1367230 2615.8
1367240 2615.8
1367250 2618.5
1367260 2620.7
1367270 2620.7
1367280 2624.3
1367290 2629.0
1367300 2629.0
1367310 2634.3
1367320 2640.4
1367330 2647.2
1367340 2647.2
1367350 2654.0
1367360 2661.0
1367370 2661.0
1367380 2668.2
1367390 2675.8
1367400 2675.8
1367410 2687.0
1367420 2699.6
1367430 2699.6
1367440 2708.0
1367450 2722.4
1367460 2722.4
1367470 2738.2
1367480 2747.6
1367490 2747.6
1367500 2752.6
1367510 2756.8
1367520 2762.8
1367530 2762.8
1367540 2765.1
1367550 2766.3
1367560 2766.3
1367570 2767.1
1367580 2769.4
1367590 2769.4
1367600 2770.0
1367610 2770.8
1367620 2770.8
1367630 2772.6
1367640 2773.0
1367650 2773.0
1367660 2772.5
1367670 2772.2
1367680 2772.2
1367690 2770.9
1367700 2770.4
1367710 2771.2
1367720 2771.2
1367730 2771.9
1367740 2773.7
1367750 2773.7
1367760 2778.7
1367770 2777.6
1367780 2777.6
1367790 2788.0
1367800 2793.5
1367810 2793.5
1367820 2802.1
1367830 2806.9
1367840 2806.9
1367850 2810.7
1367860 2817.8
1367870 2817.8
1367880 2826.0
1367890 2834.0
1367900 2834.0
1367910 2846.5
1367920 2856.5
1367930 2864.5
1367940 2864.5
1367950 2870.3
1367960 2876.4
1367970 2876.4
1367980 2881.1
1367990 2885.3
1368000 2885.3
1368010 2888.0
1368020 2887.0
1368030 2887.0
1368040 2882.2
1368050 2878.1
1368060 2878.1
1368070 2874.3
1368080 2868.4
1368090 2868.4
1368100 2863.3
1368110 2861.8
1368120 2858.8
1368130 2858.8
1368140 2852.4
1368150 2846.0
1368160 2846.0
1368170 2841.6
1368180 2837.6
1368190 2837.6
1368200 2831.6
1368210 2823.8
1368220 2823.8
1368230 2816.2
1368240 2809.2
1368250 2809.2
1368260 2804.9
1368270 2800.0
1368280 2800.0
1368290 2794.9
1368300 2790.8
1368310 2786.8
1368320 2786.8
1368330 2784.5
1368340 2778.6
1368350 2778.6
1368360 2774.6
1368370 2769.9
1368380 2769.9
1368390 2762.0
1368400 2753.8
1368410 2753.8
1368420 2748.6
1368430 2744.8
1368440 2744.8
1368450 2740.5
1368460 2735.1
1368470 2735.1
1368480 2730.0
1368490 2729.4
1368500 2728.3
1368510 2728.3
1368520 2723.8
1368530 2717.4
1368540 2717.4
1368550 2712.0
1368560 2705.8
1368570 2705.8
1368580 2703.0
1368590 2699.6
1368600 2699.6
1368610 2698.4
1368620 2695.0
1368630 2695.0
1368640 2690.1
1368650 2684.9
1368660 2684.9
1368670 2678.3
1368680 2671.0
1368690 2663.8
1368700 2663.8
1368710 2654.9
1368720 2648.8
1368730 2648.8
1368740 2642.5
1368750 2632.4
1368760 2632.4
1368770 2620.8
1368780 2609.6
1368790 2609.6
1368800 2603.7
1368810 2600.2
1368820 2600.2
1368830 2595.7
1368840 2591.3
1368850 2591.3
1368860 2591.1
1368870 2586.9
1368880 2583.2
1368890 2583.2
1368900 2578.3
1368910 2572.9
1368920 2572.9
1368930 2567.4
1368940 2562.8
1368950 2562.8
1368960 2558.6
1368970 2554.6
1368980 2554.6
1368990 2550.3
1369000 2546.5
1369010 2546.5
1369020 2542.8
1369030 2538.3
1369040 2538.3
1369050 2534.5
1369060 2529.6
1369070 2529.6
1369080 2522.8
1369090 2517.9
1369100 2514.8
1369110 2514.8
1369120 2512.3
1369130 2508.3
1369140 2508.3
1369150 2505.5
1369160 2503.8
1369170 2503.8
1369180 2502.7
1369190 2502.0
1369200 2502.0
1369210 2500.1
1369220 2498.7
1369230 2498.7
1369240 2497.1
1369250 2497.3
1369260 2497.3
1369270 2497.8
1369280 2497.6
1369290 2496.3
1369300 2496.3
1369310 2495.4
1369320 2495.7
1369330 2495.7
1369340 2496.5
1369350 2496.9
1369360 2496.9
1369370 2497.6
1369380 2497.5
1369390 2497.5
1369400 2494.7
1369410 2492.4
1369420 2492.4
1369430 2491.8
1369440 2493.2
1369450 2493.2
1369460 2497.1
1369470 2500.6
1369480 2503.3
1369490 2503.3
1369500 2504.4
1369510 2503.8
1369520 2503.8
1369530 2502.5
1369540 2501.6
1369550 2501.6
1369560 2501.9
1369570 2502.1
1369580 2502.1
1369590 2500.2
1369600 2497.9
1369610 2497.9
1369620 2494.4
1369630 2491.1
1369640 2491.1
1369650 2488.5
1369660 2484.9
1369670 2481.0
1369680 2481.0
1369690 2478.2
1369700 2476.9
1369710 2476.9
1369720 2476.2
1369730 2475.6
1369740 2475.6
1369750 2475.0
1369760 2476.6
1369770 2476.6
1369780 2478.4
1369790 2479.3
1369800 2479.3
1369810 2481.1
1369820 2484.0
1369830 2484.0
1369840 2486.9
1369850 2489.7
1369860 2492.9
1369870 2492.9
1369880 2492.9
1369890 2489.7
1369900 2489.7
1369910 2486.3
1369920 2486.2
1369930 2486.2
1369940 2486.7
1369950 2485.7
1369960 2489.0
1369970 2486.3
1369980 2484.1
1369990 2484.1
1370000 2481.7
1370010 2476.8
1370020 2476.8
1370030 2474.1
1370040 2474.3
1370050 2474.3
1370060 2474.7
1370070 2474.4
1370080 2471.6
1370090 2471.6
1370100 2468.5
1370110 2465.5
1370120 2465.5
1370130 2460.9
1370140 2453.8
1370150 2453.8
1370160 2448.2
1370170 2445.2
1370180 2445.2
1370190 2442.5
1370200 2440.6
1370210 2440.6
1370220 2439.2
1370230 2438.3
1370240 2438.3
1370250 2438.4
1370260 2437.8
1370270 2436.9
1370280 2436.9
1370290 2435.4
1370300 2434.2
1370310 2434.2
1370320 2433.9
1370330 2433.7
1370340 2433.7
1370350 2432.2
1370360 2429.8
1370370 2429.8
1370380 2426.7
1370390 2422.3
1370400 2422.3
1370410 2416.9
1370420 2413.5
1370430 2413.5
1370440 2413.2
1370450 2413.1
1370460 2413.3
1370470 2413.3
1370480 2413.4
1370490 2413.4
1370500 2413.4
1370510 2412.2
1370520 2409.6
1370530 2409.6
1370540 2406.9
1370550 2405.1
1370560 2405.1
1370570 2402.6
1370580 2399.7
1370590 2399.7
1370600 2397.0
1370610 2394.3
1370620 2394.3
1370630 2389.8
1370640 2384.6
1370650 2380.3
1370660 2380.3
1370670 2375.2
1370680 2367.7
1370690 2367.7
1370700 2359.6
1370710 2351.8
1370720 2351.8
1370730 2343.4
1370740 2334.4
1370750 2334.4
1370760 2326.4
1370770 2318.6
1370780 2318.6
1370790 2310.3
1370800 2302.2
1370810 2302.2
1370820 2294.5
1370830 2287.2
1370840 2280.4
1370850 2280.4
1370860 2275.5
1370870 2270.5
1370880 2270.5
1370890 2262.0
1370900 2254.3
1370910 2254.3
1370920 2248.1
1370930 2242.0
1370940 2242.0
1370950 2236.3
1370960 2230.1
1370970 2230.1
1370980 2223.4
1370990 2216.6
1371000 2216.6
1371010 2212.4
1371020 2209.0
1371030 2209.0
1371040 2204.7
1371050 2197.1
1371060 2188.1
1371070 2190.7
1371080 2188.1
1371090 2186.2
1371100 2186.2
1371110 2183.2
1371120 2178.1
1371130 2178.1
1371140 2172.6
1371150 2166.9
1371160 2166.9
1371170 2161.0
1371180 2155.3
1371190 2155.3
1371200 2149.5
1371210 2143.5
1371220 2143.5
1371230 2137.9
1371240 2133.1
1371250 2127.6
1371260 2127.6
1371270 2121.5
1371280 2115.3
1371290 2115.3
1371300 2109.1
1371310 2102.6
1371320 2102.6
1371330 2096.6
1371340 2090.9
1371350 2090.9
1371360 2084.7
1371370 2078.3
1371380 2078.3
1371390 2071.9
1371400 2066.6
1371410 2066.6
1371420 2061.3
1371430 2055.2
1371440 2049.4
1371450 2049.4
1371460 2044.8
1371470 2040.5
1371480 2040.5
1371490 2035.9
1371500 2030.6
1371510 2030.6
1371520 2025.1
1371530 2019.3
1371540 2019.3
1371550 2013.4
1371560 2007.6
1371570 2007.6
1371580 2002.0
1371590 1996.2
1371600 1996.2
1371610 1990.3
1371620 1984.5
1371630 1978.8
1371640 1978.8
1371650 1973.1
1371660 1967.6
1371670 1967.6
1371680 1962.0
1371690 1956.3
1371700 1956.3
1371710 1950.8
1371720 1945.4
1371730 1945.4
1371740 1940.2
1371750 1935.1
1371760 1935.1
1371770 1929.9
1371780 1924.9
1371790 1924.9
1371800 1919.9
1371810 1915.1
1371820 1910.3
1371830 1910.3
1371840 1905.5
1371850 1900.8
1371860 1900.8
1371870 1896.0
1371880 1891.4
1371890 1891.4
1371900 1886.8
1371910 1882.2
1371920 1882.2
1371930 1877.6
1371940 1873.0
1371950 1873.0
1371960 1868.3
1371970 1863.6
1371980 1863.6
1371990 1858.9
1372000 1854.2
1372010 1849.8
1372020 1849.8
1372030 1845.2
1372040 1840.5
1372050 1840.5
1372060 1835.8
1372070 1831.3
1372080 1831.3
1372090 1826.8
1372100 1822.4
1372110 1822.4
1372120 1817.5
1372130 1812.9
1372140 1812.9
1372150 1808.4
1372160 1803.8
1372170 1803.8
1372180 1799.3
1372190 1795.4
1372200 1795.4
1372210 1790.9
1372220 1786.7
1372230 1782.3
1372240 1782.3
1372250 1778.5
1372260 1774.3
1372270 1774.3
1372280 1769.1
1372290 1764.6
1372300 1764.6
1372310 1762.5
1372320 1762.9
1372330 1762.9
1372340 1764.8
1372350 1766.5
1372360 1766.5
1372370 1767.8
1372380 1769.5
1372390 1769.5
1372400 1770.3
1372410 1771.6
1372420 1773.4
1372430 1773.4
1372440 1776.0
1372450 1779.3
1372460 1779.3
1372470 1783.8
1372480 1787.8
1372490 1787.8
1372500 1795.9
1372510 1801.7
1372520 1801.7
1372530 1803.4
1372540 1804.7
1372550 1804.7
1372560 1806.6
1372570 1808.5
1372580 1808.5
1372590 1810.4
1372600 1812.2
1372610 1814.1
1372620 1814.1
1372630 1816.6
1372640 1817.6
1372650 1817.6
1372660 1819.3
1372670 1821.0
1372680 1821.0
1372690 1822.2
1372700 1823.3
1372710 1823.3
1372720 1825.2
1372730 1827.4
1372740 1827.4
1372750 1827.8
1372760 1827.9
1372770 1827.9
1372780 1828.8
1372790 1829.2
1372800 1831.2
1372810 1831.2
1372820 1832.9
1372830 1833.6
1372840 1833.6
1372850 1835.6
1372860 1838.5
1372870 1838.5
1372880 1844.0
1372890 1850.5
1372900 1850.5
1372910 1855.7
1372920 1859.2
1372930 1859.2
1372940 1862.6
1372950 1866.7
1372960 1866.7
1372970 1871.0
1372980 1875.0
1372990 1878.3
1373000 1878.3
1373010 1881.2
1373020 1885.3
1373030 1885.3
1373040 1889.5
1373050 1892.9
1373060 1892.9
1373070 1895.1
1373080 1895.9
1373090 1895.9
1373100 1895.2
1373110 1893.8
1373120 1893.8
1373130 1891.6
1373140 1889.2
1373150 1889.2
1373160 1887.9
1373170 1889.3
1373180 1892.2
1373190 1892.2
1373200 1895.2
1373210 1897.2
1373220 1897.2
1373230 1899.8
1373240 1904.0
1373250 1904.0
1373260 1909.4
1373270 1914.8
1373280 1914.8
1373290 1919.9
1373300 1924.8
1373310 1924.8
1373320 1929.8
1373330 1936.4
1373340 1936.4
1373350 1942.4
1373360 1947.3
1373370 1947.3
1373380 1951.7
1373390 1956.8
1373400 1962.0
1373410 1962.0
1373420 1965.5
1373430 1966.5
1373440 1966.5
1373450 1966.6
1373460 1966.4
1373470 1966.4
1373480 1966.5
1373490 1968.3
1373500 1968.3
1373510 1971.0
1373520 1974.0
1373530 1974.0
1373540 1977.7
1373550 1981.6
1373560 1981.6
1373570 1985.9
1373580 1990.4
1373590 1995.1
1373600 1995.1
1373610 1999.7
1373620 2003.8
1373630 2003.8
1373640 2008.0
1373650 2012.4
1373660 2012.4
1373670 2016.7
1373680 2020.9
1373690 2020.9
1373700 2025.1
1373710 2029.5
1373720 2029.5
1373730 2034.2
1373740 2038.5
1373750 2038.5
1373760 2043.0
1373770 2048.2
1373780 2054.7
1373790 2054.7
1373800 2062.1
1373810 2072.3
1373820 2072.3
1373830 2083.4
1373840 2096.9
1373850 2096.9
1373860 2108.0
1373870 2117.9
1373880 2117.9
1373890 2126.0
1373900 2129.7
1373910 2129.7
1373920 2132.1
1373930 2140.7
1373940 2140.7
1373950 2152.1
1373960 2162.5
1373970 2172.3
1373980 2172.3
1373990 2183.9
1374000 2192.4
1374010 2192.4
1374020 2200.2
1374030 2208.1
1374040 2208.1
1374050 2216.3
1374060 2225.3
1374070 2225.3
1374080 2232.4
1374090 2238.9
1374100 2238.9
1374110 2244.0
1374120 2249.6
1374130 2249.6
1374140 2256.9
1374150 2266.9
1374160 2274.7
1374170 2274.7
1374180 2280.2
1374190 2283.5
1374200 2283.5
1374210 2290.0
1374220 2298.2
1374230 2298.2
1374240 2303.0
1374250 2309.1
1374260 2309.1
1374270 2316.0
1374280 2323.9
1374290 2323.9
1374300 2336.6
1374310 2348.8
1374320 2348.8
1374330 2356.9
1374340 2364.8
1374350 2364.8
1374360 2371.5
1374370 2377.2
1374380 2383.2
1374390 2383.2
1374400 2387.7
1374410 2389.1
1374420 2389.1
1374430 2385.2
1374440 2374.8
1374450 2374.8
1374460 2373.0
1374470 2361.4
1374480 2361.4
1374490 2352.9
1374500 2342.9
1374510 2342.9
1374520 2330.9
1374530 2319.7
1374540 2319.7
1374550 2311.9
1374560 2303.1
1374570 2288.2
1374580 2288.2
1374590 2275.6
1374600 2267.9
1374610 2267.9
1374620 2259.6
1374630 2249.9
1374640 2249.9
1374650 2240.9
1374660 2230.7
1374670 2230.7
1374680 2220.1
1374690 2211.2
1374700 2211.2
1374710 2203.9
1374720 2197.0
1374730 2197.0
1374740 2190.7
1374750 2184.5
1374760 2178.2
1374770 2178.2
1374780 2172.0
1374790 2165.7
1374800 2165.7
1374810 2159.8
1374820 2153.6
1374830 2153.6
1374840 2147.7
1374850 2141.9
1374860 2141.9
1374870 2136.3
1374880 2130.7
1374890 2130.7
1374900 2125.0
1374910 2119.8
1374920 2119.8
1374930 2116.2
1374940 2114.5
1374950 2115.4
1374960 2115.4
1374970 2117.2
1374980 2119.6
1374990 2119.6
1375000 2122.7
1375010 2126.2
1375020 2126.2
1375030 2130.1
1375040 2134.1
1375050 2134.1
1375060 2138.4
1375070 2142.7
1375080 2142.7
1375090 2147.2
1375100 2151.7
1375110 2151.7
1375120 2156.0
1375130 2160.6
1375140 2165.3
1375150 2165.3
1375160 2170.0
1375170 2174.8
1375180 2174.8
1375190 2179.6
1375200 2184.1
1375210 2184.1
1375220 2187.9
1375230 2191.8
1375240 2191.8
1375250 2197.0
1375260 2202.8
1375270 2202.8
1375280 2209.5
1375290 2215.9
1375300 2215.9
1375310 2221.9
1375320 2227.8
1375330 2233.8
1375340 2233.8
1375350 2240.3
1375360 2248.0
1375370 2248.0
1375380 2256.1
1375390 2264.8
1375400 2264.8
1375410 2272.8
1375420 2279.9
1375430 2279.9
1375440 2287.0
1375450 2294.7
1375460 2294.7
1375470 2303.5
1375480 2313.9
1375490 2313.9
1375500 2322.4
1375510 2328.0
1375520 2328.0
1375530 2334.5
1375540 2341.2
1375550 2347.8
1375560 2347.8
1375570 2355.4
1375580 2365.8
1375590 2365.8
1375600 2376.0
1375610 2384.8
1375620 2381.4
1375630 2385.6
1375640 2389.2
1375650 2389.2
1375660 2394.3
1375670 2400.7
1375680 2400.7
1375690 2408.0
1375700 2414.8
1375710 2414.8
1375720 2421.0
1375730 2426.7
1375740 2432.6
1375750 2432.6
1375760 2438.9
1375770 2442.9
1375780 2442.9
1375790 2446.3
1375800 2450.5
1375810 2450.5
1375820 2455.2
1375830 2461.1
1375840 2461.1
1375850 2467.7
1375860 2474.1
1375870 2474.1
1375880 2479.4
1375890 2482.8
1375900 2482.8
1375910 2484.1
1375920 2482.7
1375930 2481.2
1375940 2481.2
1375950 2480.4
1375960 2480.0
1375970 2480.0
1375980 2480.0
1375990 2481.8
1376000 2481.8
1376010 2484.3
1376020 2486.9
1376030 2486.9
1376040 2488.5
1376050 2490.4
1376060 2490.4
1376070 2489.0
1376080 2488.9
1376090 2488.9
1376100 2489.5
1376110 2491.3
1376120 2493.5
1376130 2493.5
1376140 2493.5
1376150 2497.7
1376160 2497.7
1376170 2502.6
1376180 2503.9
1376190 2503.9
1376200 2504.7
1376210 2504.7
1376220 2504.7
1376230 2503.0
1376240 2501.0
1376250 2501.0
1376260 2498.9
1376270 2496.4
1376280 2496.4
1376290 2494.1
1376300 2492.4
1376310 2492.6
1376320 2492.6
1376330 2494.1
1376340 2494.9
1376350 2494.9
1376360 2494.9
1376370 2494.5
1376380 2494.5
1376390 2494.2
1376400 2494.5
1376410 2494.5
1376420 2495.7
1376430 2496.9
1376440 2496.9
1376450 2497.2
1376460 2496.5
1376470 2496.5
1376480 2495.2
1376490 2494.6
1376500 2494.9
1376510 2494.9
1376520 2496.3
1376530 2499.2
1376540 2499.2
1376550 2502.1
1376560 2504.4
1376570 2504.4
1376580 2508.2
1376590 2513.7
1376600 2513.7
1376610 2519.8
1376620 2526.2
1376630 2526.2
1376640 2533.1
1376650 2540.4
1376660 2540.4
1376670 2547.0
1376680 2552.4
1376690 2552.4
1376700 2559.0
1376710 2566.7
1376720 2573.6
1376730 2573.6
1376740 2579.1
1376750 2581.4
1376760 2581.4
1376770 2580.9
1376780 2581.4
1376790 2581.4
1376800 2579.8
1376810 2574.2
1376820 2574.2
1376830 2567.0
1376840 2560.1
1376850 2560.1
1376860 2553.5
1376870 2547.2
1376880 2547.2
1376890 2540.9
1376900 2534.6
1376910 2528.3
1376920 2528.3
1376930 2521.6
1376940 2513.8
1376950 2513.8
1376960 2507.1
1376970 2500.9
1376980 2500.9
1376990 2494.7
1377000 2489.7
1377010 2489.7
1377020 2486.3
1377030 2483.1
1377040 2483.1
1377050 2477.1
1377060 2471.1
1377070 2471.1
1377080 2467.1
1377090 2463.4
1377100 2458.1
1377110 2458.1
1377120 2454.2
1377130 2449.5
1377140 2449.5
1377150 2441.3
1377160 2435.2
1377170 2435.2
1377180 2428.8
1377190 2421.0
1377200 2421.0
1377210 2416.3
1377220 2415.0
1377230 2415.0
1377240 2415.0
1377250 2415.7
1377260 2415.7
1377270 2416.0
1377280 2415.6
1377290 2415.8
1377300 2415.8
1377310 2417.1
1377320 2418.5
1377330 2418.5
1377340 2419.6
1377350 2420.4
1377360 2420.4
1377370 2421.3
1377380 2421.7
1377390 2421.7
1377400 2420.7
1377410 2419.2
1377420 2419.2
1377430 2419.3
1377440 2419.0
1377450 2419.0
1377460 2417.4
1377470 2414.5
1377480 2409.0
1377490 2409.0
1377500 2403.1
1377510 2398.8
1377520 2398.8
1377530 2395.8
1377540 2393.0
1377550 2393.0
1377560 2390.9
1377570 2388.1
1377580 2388.1
1377590 2384.1
1377600 2378.6
1377610 2378.6
1377620 2373.6
1377630 2367.1
1377640 2367.1
1377650 2364.6
1377660 2367.4
1377670 2367.4
1377680 2364.8
1377690 2360.3
1377700 2355.4
1377710 2355.4
1377720 2349.8
1377730 2346.2
1377740 2346.2
1377750 2345.1
1377760 2345.9
1377770 2345.9
1377780 2346.7
1377790 2347.3
1377800 2347.3
1377810 2348.1
1377820 2350.7
1377830 2350.7
1377840 2353.8
1377850 2353.3
1377860 2353.3
1377870 2351.4
1377880 2351.6
1377890 2353.7
1377900 2353.7
1377910 2358.2
1377920 2361.2
1377930 2361.2
1377940 2363.2
1377950 2364.4
1377960 2357.7
1377970 2358.5
1377980 2359.4
1377990 2359.4
1378000 2360.9
1378010 2362.0
1378020 2362.0
1378030 2363.3
1378040 2365.8
1378050 2365.8
1378060 2368.9
1378070 2372.0
1378080 2377.7
1378090 2377.7
1378100 2384.7
1378110 2389.1
1378120 2389.1
1378130 2395.0
1378140 2400.4
1378150 2400.4
1378160 2403.5
1378170 2403.4
1378180 2403.4
1378190 2407.0
1378200 2408.1
1378210 2408.1
1378220 2409.6
1378230 2414.7
1378240 2414.7
1378250 2420.2
1378260 2423.0
1378270 2425.0
1378280 2425.0
1378290 2426.5
1378300 2427.5
1378310 2427.5
1378320 2427.7
1378330 2427.6
1378340 2427.6
1378350 2428.0
1378360 2430.0
1378370 2430.0
1378380 2433.1
1378390 2436.8
1378400 2436.8
1378410 2440.0
1378420 2442.7
1378430 2442.7
1378440 2447.3
1378450 2453.2
1378460 2459.3
1378470 2459.3
1378480 2463.6
1378490 2467.6
1378500 2467.6
1378510 2471.0
1378520 2472.2
1378530 2472.2
1378540 2472.3
1378550 2471.8
1378560 2471.8
1378570 2470.8
1378580 2470.9
1378590 2470.9
1378600 2474.9
1378610 2479.3
1378620 2479.3
1378630 2481.4
1378640 2483.0
1378650 2484.2
1378660 2484.2
1378670 2484.2
1378680 2483.3
1378690 2483.3
1378700 2483.8
1378710 2485.1
1378720 2485.1
1378730 2486.3
1378740 2487.7
1378750 2487.7
1378760 2489.5
1378770 2492.4
1378780 2492.4
1378790 2496.2
1378800 2501.0
1378810 2501.0
1378820 2506.9
1378830 2513.3
1378840 2513.3
1378850 2520.0
1378860 2527.1
1378870 2534.8
1378880 2534.8
1378890 2545.6
1378900 2556.9
1378910 2556.9
1378920 2567.0
1378930 2577.4
1378940 2577.4
1378950 2589.0
1378960 2600.6
1378970 2600.6
1378980 2610.2
1378990 2618.4
1379000 2618.4
1379010 2623.6
1379020 2621.0
1379030 2621.0
1379040 2614.1
1379050 2606.2
1379060 2599.0
1379070 2599.0
1379080 2588.0
1379090 2577.3
1379100 2577.3
1379110 2565.6
1379120 2555.9
1379130 2555.9
1379140 2544.6
1379150 2532.4
1379160 2532.4
1379170 2527.2
1379180 2522.3
1379190 2522.3
1379200 2518.1
1379210 2513.8
1379220 2513.8
1379230 2509.8
1379240 2506.2
1379250 2502.6
1379260 2502.6
1379270 2498.5
1379280 2493.9
1379290 2493.9
1379300 2490.1
1379310 2486.6
1379320 2486.6
1379330 2484.7
1379340 2483.2
1379350 2483.2
1379360 2481.5
1379370 2480.1
1379380 2480.1
1379390 2480.4
1379400 2482.3
1379410 2482.3
1379420 2484.3
1379430 2483.6
1379440 2480.3
1379450 2480.3
1379460 2474.7
1379470 2468.6
1379480 2468.6
1379490 2462.8
1379500 2457.9
1379510 2457.9
1379520 2453.1
1379530 2448.4
1379540 2448.4
1379550 2444.0
1379560 2438.8
1379570 2438.8
1379580 2433.8
1379590 2428.6
1379600 2428.6
1379610 2423.1
1379620 2418.0
1379630 2413.3
1379640 2413.3
1379650 2408.6
1379660 2404.4
1379670 2404.4
1379680 2401.2
1379690 2398.7
1379700 2398.7
1379710 2395.9
1379720 2392.8
1379730 2392.8
1379740 2388.6
1379750 2383.1
1379760 2383.1
1379770 2377.3
1379780 2372.5
1379790 2372.5
1379800 2369.5
1379810 2367.6
1379820 2366.3
1379830 2366.3
1379840 2364.6
1379850 2361.0
1379860 2361.0
1379870 2356.9
1379880 2355.0
1379890 2355.0
1379900 2353.5
1379910 2351.6
1379920 2351.6
1379930 2349.7
1379940 2347.9
1379950 2347.9
1379960 2346.4
1379970 2344.0
1379980 2344.0
1379990 2341.4
