1360000 1819.3
1360010 1819.3
1360020 1821.8
1360030 1824.6
1360040 1824.6
1360050 1828.0
1360060 1831.3
1360070 1831.3
1360080 1833.2
1360090 1832.4
1360100 1832.4
1360110 1834.7
1360120 1841.1
1360130 1841.1
1360140 1846.1
1360150 1850.3
1360160 1850.3
1360170 1854.1
1360180 1857.8
1360190 1861.0
1360200 1856.7
1360210 1861.8
1360220 1866.8
1360230 1866.8
1360240 1871.4
1360250 1875.0
1360260 1875.0
1360270 1873.2
1360280 1875.2
1360290 1875.2
1360300 1882.1
1360310 1888.0
1360320 1888.0
1360330 1892.1
1360340 1896.2
1360350 1896.2
1360360 1902.7
1360370 1908.9
1360380 1914.8
1360390 1914.8
1360400 1921.7
1360410 1927.1
1360420 1927.1
1360430 1931.8
1360440 1937.1
1360450 1937.1
1360460 1943.2
1360470 1949.8
1360480 1949.8
1360490 1956.2
1360500 1961.9
1360510 1961.9
1360520 1963.3
1360530 1964.3
1360540 1964.3
1360550 1969.7
1360560 1975.3
1360570 1981.2
1360580 1981.2
1360590 1988.4
1360600 1995.3
1360610 1995.3
1360620 2001.3
1360630 2005.4
1360640 2005.4
1360650 2005.4
1360660 2007.0
1360670 2007.0
1360680 2014.1
1360690 2020.3
1360700 2020.3
1360710 2026.9
1360720 2032.7
1360730 2032.7
1360740 2037.2
1360750 2041.8
1360760 2047.0
1360770 2047.0
1360780 2052.3
1360790 2057.8
1360800 2057.8
1360810 2062.1
1360820 2065.4
1360830 2065.4
1360840 2067.4
1360850 2071.1
1360860 2071.1
1360870 2075.0
1360880 2078.0
1360890 2078.0
1360900 2081.0
1360910 2083.7
1360920 2083.7
1360930 2087.3
1360940 2090.6
1360950 2090.6
1360960 2091.2
1360970 2088.5
1360980 2084.7
1360990 2084.7
1361000 2083.6
1361010 2086.4
1361020 2086.4
1361030 2090.4
1361040 2093.2
1361050 2093.2
1361060 2096.1
1361070 2100.1
1361080 2100.1
1361090 2103.1
1361100 2103.9
1361110 2103.9
1361120 2107.3
1361130 2113.1
1361140 2113.1
1361150 2119.8
1361160 2126.2
1361170 2133.0
1361180 2133.0
1361190 2139.9
1361200 2146.2
1361210 2146.2
1361220 2151.1
1361230 2157.5
1361240 2157.5
1361250 2163.3
1361260 2168.4
1361270 2168.4
1361280 2173.3
1361290 2178.4
1361300 2178.4
1361310 2183.3
1361320 2188.0
1361330 2188.0
1361340 2193.2
1361350 2198.9
1361360 2204.0
1361370 2204.0
1361380 2208.4
1361390 2212.9
1361400 2212.9
1361410 2217.7
1361420 2222.3
1361430 2222.3
1361440 2226.2
1361450 2229.9
1361460 2229.9
1361470 2233.5
1361480 2237.1
1361490 2237.1
1361500 2240.8
1361510 2244.3
1361520 2244.3
1361530 2249.5
1361540 2253.4
1361550 2253.4
1361560 2253.4
1361570 2255.4
1361580 2257.6
1361590 2257.6
1361600 2259.5
1361610 2261.8
1361620 2261.8
1361630 2264.9
1361640 2269.3
1361650 2269.3
1361660 2273.4
1361670 2277.1
1361680 2277.1
1361690 2281.1
1361700 2284.8
1361710 2284.8
1361720 2288.1
1361730 2291.0
1361740 2291.0
1361750 2293.2
1361760 2294.4
1361770 2295.8
1361780 2295.8
1361790 2298.5
1361800 2301.1
1361810 2301.1
1361820 2303.7
1361830 2307.2
1361840 2307.2
1361850 2311.8
1361860 2318.1
1361870 2318.1
1361880 2325.2
1361890 2332.3
1361900 2332.3
1361910 2340.2
1361920 2346.3
1361930 2346.3
1361940 2351.6
1361950 2356.9
1361960 2361.2
1361970 2361.2
1361980 2364.5
1361990 2367.8
1362000 2367.8
1362010 2371.6
1362020 2374.7
1362030 2374.7
1362040 2378.3
1362050 2383.3
1362060 2383.3
1362070 2386.2
1362080 2389.9
1362090 2389.9
1362100 2396.0
1362110 2402.0
1362120 2402.0
1362130 2409.0
1362140 2414.6
1362150 2416.6
1362160 2416.6
1362170 2418.9
1362180 2421.2
1362190 2421.2
1362200 2425.3
1362210 2428.5
1362220 2428.5
1362230 2432.7
1362240 2438.4
1362250 2437.3
1362260 2442.9
1362270 2447.8
1362280 2447.8
1362290 2451.7
1362300 2454.0
1362310 2454.0
1362320 2459.7
1362330 2466.6
1362340 2476.1
1362350 2476.1
1362360 2486.0
1362370 2492.8
1362380 2492.8
1362390 2499.6
1362400 2508.8
1362410 2508.8
1362420 2522.6
1362430 2528.8
1362440 2528.8
1362450 2533.4
1362460 2535.8
1362470 2535.8
1362480 2535.2
1362490 2535.4
1362500 2535.4
1362510 2536.9
1362520 2540.3
1362530 2544.8
1362540 2544.8
1362550 2545.6
1362560 2544.8
1362570 2544.8
1362580 2544.4
1362590 2544.2
1362600 2544.2
1362610 2544.0
1362620 2543.5
1362630 2543.5
1362640 2542.7
1362650 2543.2
1362660 2543.2
1362670 2543.9
1362680 2544.4
1362690 2544.4
1362700 2546.8
1362710 2551.3
1362720 2551.3
1362730 2559.0
1362740 2563.6
1362750 2566.6
1362760 2566.6
1362770 2570.0
1362780 2571.1
1362790 2571.1
1362800 2574.1
1362810 2576.8
1362820 2576.8
1362830 2580.3
1362840 2584.7
1362850 2584.7
1362860 2587.4
1362870 2587.2
1362880 2587.2
1362890 2586.4
1362900 2587.1
1362910 2587.1
1362920 2586.4
1362930 2585.9
1362940 2585.6
1362950 2585.6
1362960 2584.3
1362970 2583.0
1362980 2583.0
1362990 2583.5
1363000 2585.0
1363010 2585.0
1363020 2585.6
1363030 2587.0
1363040 2587.0
1363050 2588.8
1363060 2590.3
1363070 2590.3
1363080 2592.3
1363090 2593.5
1363100 2593.5
1363110 2593.6
1363120 2592.4
1363130 2592.8
1363140 2592.8
1363150 2594.9
1363160 2598.3
1363170 2598.3
1363180 2603.0
1363190 2609.5
1363200 2609.5
1363210 2615.7
1363220 2620.3
1363230 2620.3
1363240 2622.0
1363250 2620.7
1363260 2620.7
1363270 2619.4
1363280 2622.4
1363290 2616.5
1363300 2620.2
1363310 2625.0
1363320 2631.4
1363330 2631.4
1363340 2637.9
1363350 2640.0
1363360 2640.0
1363370 2641.5
1363380 2643.7
1363390 2643.7
1363400 2645.0
1363410 2646.7
1363420 2646.7
1363430 2649.4
1363440 2653.1
1363450 2653.1
1363460 2658.1
1363470 2662.9
1363480 2662.9
1363490 2665.9
1363500 2667.3
1363510 2667.3
1363520 2668.1
1363530 2669.0
1363540 2671.2
1363550 2671.2
1363560 2675.0
1363570 2679.3
1363580 2679.3
1363590 2683.9
1363600 2688.1
1363610 2688.1
1363620 2691.6
1363630 2694.3
1363640 2694.3
1363650 2697.3
1363660 2700.5
1363670 2700.5
1363680 2703.8
1363690 2707.8
1363700 2707.8
1363710 2712.0
1363720 2715.9
1363730 2720.4
1363740 2720.4
1363750 2725.3
1363760 2731.6
1363770 2731.6
1363780 2735.5
1363790 2736.8
1363800 2736.8
1363810 2740.7
1363820 2742.3
1363830 2742.3
1363840 2735.0
1363850 2728.5
1363860 2728.5
1363870 2723.2
1363880 2720.3
1363890 2720.3
1363900 2719.2
1363910 2719.2
1363920 2718.8
1363930 2718.8
1363940 2717.6
1363950 2717.9
1363960 2717.9
1363970 2718.9
1363980 2720.7
1363990 2720.7
1364000 2722.2
1364010 2723.5
1364020 2723.5
1364030 2723.1
1364040 2721.4
1364050 2721.4
1364060 2718.3
1364070 2713.7
1364080 2713.7
1364090 2708.0
1364100 2702.6
1364110 2697.5
1364120 2697.5
1364130 2694.2
1364140 2692.9
1364150 2692.9
1364160 2693.3
1364170 2694.7
1364180 2694.7
1364190 2693.8
1364200 2691.3
1364210 2691.3
1364220 2687.8
1364230 2683.7
1364240 2683.7
1364250 2681.1
1364260 2680.3
1364270 2680.3
1364280 2679.2
1364290 2677.0
1364300 2677.0
1364310 2675.6
1364320 2674.7
1364330 2673.2
1364340 2670.2
1364350 2667.8
1364360 2665.0
1364370 2665.0
1364380 2664.2
1364390 2664.2
1364400 2664.2
1364410 2662.5
1364420 2662.0
1364430 2662.0
1364440 2662.4
1364450 2662.8
1364460 2662.8
1364470 2662.9
1364480 2661.5
1364490 2661.5
1364500 2661.2
1364510 2663.1
1364520 2666.2
1364530 2666.2
1364540 2673.9
1364550 2684.2
1364560 2684.2
1364570 2685.6
1364580 2684.5
1364590 2684.5
1364600 2688.7
1364610 2690.4
1364620 2690.4
1364630 2689.5
1364640 2689.0
1364650 2689.0
1364660 2690.3
1364670 2691.5
1364680 2691.5
1364690 2692.7
1364700 2693.5
1364710 2693.8
1364720 2693.8
1364730 2694.5
1364740 2696.6
1364750 2696.6
1364760 2697.5
1364770 2698.3
1364780 2698.3
1364790 2699.6
1364800 2700.6
1364810 2700.6
1364820 2701.8
1364830 2703.6
1364840 2703.6
1364850 2706.3
1364860 2709.3
1364870 2709.3
1364880 2713.0
1364890 2716.7
1364900 2716.0
1364910 2716.0
1364920 2716.7
1364930 2720.0
1364940 2720.0
1364950 2723.3
1364960 2725.3
1364970 2725.3
1364980 2725.7
1364990 2725.8
1365000 2725.8
1365010 2726.2
1365020 2726.6
1365030 2726.6
1365040 2727.5
1365050 2728.7
1365060 2728.7
1365070 2729.9
1365080 2729.9
1365090 2729.6
1365100 2729.6
1365110 2731.4
1365120 2733.8
1365130 2733.8
1365140 2736.0
1365150 2736.7
1365160 2736.7
1365170 2735.9
1365180 2736.8
1365190 2736.8
1365200 2736.6
1365210 2735.9
1365220 2735.9
1365230 2735.4
1365240 2734.8
1365250 2734.8
1365260 2734.5
1365270 2737.1
1365280 2737.1
1365290 2738.9
1365300 2739.2
1365310 2739.1
1365320 2739.1
1365330 2738.4
1365340 2736.6
1365350 2736.6
1365360 2736.4
1365370 2737.6
1365380 2737.6
1365390 2739.2
1365400 2736.2
1365410 2736.2
1365420 2737.2
1365430 2735.7
1365440 2735.7
1365450 2733.6
1365460 2730.4
1365470 2730.4
1365480 2726.2
1365490 2723.8
1365500 2723.8
1365510 2723.8
1365520 2724.1
1365530 2723.6
1365540 2723.6
1365550 2722.3
1365560 2720.2
1365570 2720.2
1365580 2719.3
1365590 2717.6
1365600 2717.6
1365610 2716.5
1365620 2717.1
1365630 2717.1
1365640 2718.9
1365650 2721.6
1365660 2721.6
1365670 2725.7
1365680 2729.2
1365690 2733.4
1365700 2733.4
1365710 2737.5
1365720 2741.5
1365730 2741.5
1365740 2746.8
1365750 2753.0
1365760 2753.0
1365770 2759.6
1365780 2765.8
1365790 2765.8
1365800 2770.7
1365810 2774.7
1365820 2774.7
1365830 2776.7
1365840 2777.9
1365850 2777.9
1365860 2780.2
1365870 2784.8
1365880 2790.0
1365890 2790.0
1365900 2795.2
1365910 2800.6
1365920 2800.6
1365930 2806.2
1365940 2811.9
1365950 2811.9
1365960 2817.7
1365970 2823.7
1365980 2823.7
1365990 2830.0
1366000 2836.4
1366010 2836.4
1366020 2842.8
1366030 2849.1
1366040 2849.1
1366050 2856.4
1366060 2864.2
1366070 2864.2
1366080 2871.5
1366090 2880.2
1366100 2889.5
1366110 2889.5
1366120 2899.3
1366130 2907.6
1366140 2907.6
1366150 2917.7
1366160 2928.7
1366170 2928.7
1366180 2941.8
1366190 2950.8
1366200 2950.8
1366210 2959.0
1366220 2970.5
1366230 2970.5
1366240 2981.4
1366250 2991.8
1366260 2991.8
1366270 3002.0
1366280 3010.5
1366290 3013.9
1366300 3013.9
1366310 3011.6
1366320 3006.1
1366330 3006.1
1366340 2993.0
1366350 2979.3
1366360 2979.3
1366370 2965.0
1366380 2952.1
1366390 2952.1
1366400 2940.1
1366410 2930.2
1366420 2930.2
1366430 2919.6
1366440 2911.6
1366450 2911.6
1366460 2898.4
1366470 2890.0
1366480 2880.9
1366490 2880.9
1366500 2872.1
1366510 2862.2
1366520 2862.2
1366530 2851.1
1366540 2840.2
1366550 2840.2
1366560 2831.9
1366570 2825.3
1366580 2825.3
1366590 2818.1
1366600 2810.6
1366610 2810.6
1366620 2803.3
1366630 2796.0
1366640 2796.0
1366650 2788.9
1366660 2782.0
1366670 2774.5
1366680 2774.5
1366690 2766.9
1366700 2760.3
1366710 2760.3
1366720 2753.3
1366730 2746.4
1366740 2746.4
1366750 2741.0
1366760 2736.4
1366770 2736.4
1366780 2731.5
1366790 2726.7
1366800 2726.7
1366810 2722.5
1366820 2719.1
1366830 2719.1
1366840 2714.6
1366850 2709.3
1366860 2704.2
1366870 2704.2
1366880 2699.4
1366890 2695.8
1366900 2695.8
1366910 2692.9
1366920 2690.5
1366930 2690.5
1366940 2687.2
1366950 2680.3
1366960 2680.3
1366970 2672.2
1366980 2664.2
1366990 2664.2
1367000 2656.2
1367010 2647.8
1367020 2647.8
1367030 2640.3
1367040 2635.7
1367050 2635.7
1367060 2631.7
1367070 2627.9
1367080 2623.7
1367090 2623.7
1367100 2619.6
1367110 2615.1
1367120 2615.1
1367130 2610.5
1367140 2605.3
1367150 2605.3
1367160 2600.1
1367170 2594.9
1367180 2594.9
1367190 2589.5
1367200 2585.2
1367210 2585.2
1367220 2580.6
1367230 2575.4
1367240 2575.4
1367250 2570.3
1367260 2565.6
1367270 2561.2
1367280 2561.2
1367290 2556.6
1367300 2552.3
1367310 2552.3
1367320 2548.9
1367330 2544.9
1367340 2544.9
1367350 2540.4
1367360 2536.4
1367370 2536.4
1367380 2532.6
1367390 2528.8
1367400 2528.8
1367410 2525.1
1367420 2521.5
1367430 2521.5
1367440 2518.2
1367450 2514.8
1367460 2510.9
1367470 2510.9
1367480 2506.5
1367490 2502.4
1367500 2502.4
1367510 2498.5
1367520 2495.6
1367530 2495.6
1367540 2497.4
1367550 2493.9
1367560 2493.9
1367570 2490.1
1367580 2486.0
1367590 2486.0
1367600 2482.2
1367610 2478.4
1367620 2478.4
1367630 2474.7
1367640 2471.1
1367650 2467.4
1367660 2467.4
1367670 2463.3
1367680 2459.1
1367690 2459.1
1367700 2455.2
1367710 2451.4
1367720 2451.4
1367730 2447.5
1367740 2444.1
1367750 2444.1
1367760 2440.6
1367770 2437.7
1367780 2437.7
1367790 2433.3
1367800 2427.7
1367810 2427.7
1367820 2422.0
1367830 2416.6
1367840 2416.6
1367850 2411.1
1367860 2405.5
1367870 2401.0
1367880 2401.0
1367890 2396.9
1367900 2392.8
1367910 2392.8
1367920 2388.6
1367930 2384.5
1367940 2384.5
1367950 2380.2
1367960 2375.9
1367970 2375.9
1367980 2371.9
1367990 2367.7
1368000 2367.7
1368010 2363.8
1368020 2359.4
1368030 2359.4
1368040 2354.5
1368050 2350.0
1368060 2347.4
1368070 2347.4
1368080 2345.5
1368090 2344.1
1368100 2344.1
1368110 2344.1
1368120 2343.9
1368130 2343.9
1368140 2343.6
1368150 2343.2
1368160 2343.2
1368170 2342.3
1368180 2341.0
1368190 2341.0
1368200 2339.6
1368210 2338.9
1368220 2338.9
1368230 2338.5
1368240 2336.7
1368250 2333.8
1368260 2333.8
1368270 2332.3
1368280 2331.7
1368290 2331.7
1368300 2330.1
1368310 2328.1
1368320 2328.1
1368330 2327.7
1368340 2327.2
1368350 2327.2
1368360 2326.2
1368370 2324.8
1368380 2324.8
1368390 2323.8
1368400 2322.2
1368410 2322.2
1368420 2320.0
1368430 2316.2
1368440 2311.6
1368450 2311.6
1368460 2308.5
1368470 2303.5
1368480 2303.5
1368490 2298.5
1368500 2294.6
1368510 2294.6
1368520 2291.5
1368530 2288.5
1368540 2288.5
1368550 2285.0
1368560 2282.3
1368570 2282.3
1368580 2279.5
1368590 2274.6
1368600 2274.6
1368610 2270.6
1368620 2267.6
1368630 2272.4
1368640 2272.4
1368650 2269.4
1368660 2264.9
1368670 2264.9
1368680 2261.0
1368690 2257.0
1368700 2257.0
1368710 2254.3
1368720 2251.3
1368730 2251.3
1368740 2248.1
1368750 2244.2
1368760 2244.2
1368770 2236.4
1368780 2231.0
1368790 2231.0
1368800 2226.3
1368810 2220.3
1368820 2220.3
1368830 2213.0
1368840 2204.7
1368850 2191.9
1368860 2191.9
1368870 2179.8
1368880 2171.9
1368890 2171.9
1368900 2164.8
1368910 2159.3
1368920 2159.3
1368930 2155.0
1368940 2149.8
1368950 2149.8
1368960 2144.4
1368970 2141.5
1368980 2141.5
1368990 2140.3
1369000 2138.0
1369010 2138.0
1369020 2135.0
1369030 2130.0
1369040 2124.8
1369050 2124.8
1369060 2122.2
1369070 2120.5
1369080 2120.5
1369090 2119.4
1369100 2116.7
1369110 2116.7
1369120 2116.1
1369130 2115.9
1369140 2115.9
1369150 2112.9
1369160 2105.2
1369170 2105.2
1369180 2094.0
1369190 2084.5
1369200 2084.5
1369210 2078.4
1369220 2074.2
1369230 2069.3
1369240 2069.3
1369250 2062.4
1369260 2055.6
1369270 2055.6
1369280 2051.3
1369290 2046.9
1369300 2046.9
1369310 2040.9
1369320 2037.5
1369330 2037.5
1369340 2035.7
1369350 2033.2
1369360 2033.2
1369370 2030.9
1369380 2029.1
1369390 2029.1
1369400 2030.2
1369410 2030.1
1369420 2028.4
1369430 2028.4
1369440 2026.2
1369450 2023.9
1369460 2023.9
1369470 2023.8
1369480 2023.1
1369490 2023.1
1369500 2023.5
1369510 2023.3
1369520 2023.3
1369530 2022.3
1369540 2020.7
1369550 2020.7
1369560 2018.8
1369570 2016.9
1369580 2016.9
1369590 2014.4
1369600 2011.6
1369610 2011.6
1369620 2008.6
1369630 2005.8
1369640 2004.0
1369650 2004.0
1369660 2002.7
1369670 2001.5
1369680 2001.5
1369690 2000.2
1369700 1999.8
1369710 1999.8
1369720 2000.7
1369730 1998.8
1369740 1998.8
1369750 1997.9
1369760 1996.5
1369770 1996.5
1369780 1995.6
1369790 1994.7
1369800 1994.7
1369810 1994.9
1369820 1995.6
1369830 1995.5
1369840 1995.5
1369850 1995.7
1369860 1996.2
1369870 1996.2
1369880 1996.8
1369890 1999.0
1369900 1999.0
1369910 1999.7
1369920 2001.3
1369930 2001.3
1369940 2001.9
1369950 2002.1
1369960 2002.1
1369970 2002.2
1369980 2001.7
1369990 2001.7
1370000 2000.5
1370010 1999.2
1370020 1999.1
1370030 1999.1
1370040 1999.6
1370050 1999.2
1370060 1999.2
1370070 1999.1
1370080 1998.7
1370090 1998.7
1370100 1996.7
1370110 1992.8
1370120 1992.8
1370130 1989.7
1370140 1985.7
1370150 1985.7
1370160 1983.2
1370170 1982.6
1370180 1982.6
1370190 1982.6
1370200 1980.7
1370210 1974.8
1370220 1974.8
1370230 1968.1
1370240 1963.4
1370250 1963.4
1370260 1959.0
1370270 1954.0
1370280 1954.0
1370290 1949.0
1370300 1944.6
1370310 1944.6
1370320 1939.7
1370330 1935.0
1370340 1935.0
1370350 1930.9
1370360 1927.5
1370370 1927.5
1370380 1924.6
1370390 1922.6
1370400 1919.4
1370410 1919.4
1370420 1916.8
1370430 1913.7
1370440 1913.7
1370450 1910.5
1370460 1908.4
1370470 1908.4
1370480 1907.0
1370490 1906.2
1370500 1906.2
1370510 1904.9
1370520 1904.2
1370530 1904.2
1370540 1903.6
1370550 1902.3
1370560 1902.3
1370570 1901.3
1370580 1899.0
1370590 1899.0
1370600 1897.8
1370610 1897.0
1370620 1897.4
1370630 1897.4
1370640 1898.3
1370650 1898.4
1370660 1898.4
1370670 1899.2
1370680 1900.1
1370690 1900.1
1370700 1900.5
1370710 1900.4
1370720 1900.4
1370730 1899.8
1370740 1898.4
1370750 1898.4
1370760 1897.0
1370770 1895.4
1370780 1895.4
1370790 1893.6
1370800 1891.0
1370810 1888.2
1370820 1888.2
1370830 1893.8
1370840 1890.5
1370850 1890.5
1370860 1886.3
1370870 1882.8
1370880 1882.8
1370890 1878.4
1370900 1873.2
1370910 1873.2
1370920 1867.5
1370930 1861.9
1370940 1861.9
1370950 1855.8
1370960 1850.5
1370970 1850.5
1370980 1845.1
1370990 1840.0
1371000 1837.2
1371010 1837.2
1371020 1835.8
1371030 1834.8
1371040 1834.8
1371050 1834.1
1371060 1833.3
1371070 1833.3
1371080 1833.0
1371090 1832.8
1371100 1832.8
1371110 1832.4
1371120 1832.0
1371130 1832.0
1371140 1831.4
1371150 1830.5
1371160 1830.5
1371170 1828.2
1371180 1826.3
1371190 1825.7
1371200 1825.7
1371210 1826.2
1371220 1826.4
1371230 1826.4
1371240 1827.2
1371250 1827.3
1371260 1827.3
1371270 1827.4
1371280 1827.1
1371290 1827.1
1371300 1826.5
1371310 1826.2
1371320 1826.2
1371330 1825.8
1371340 1827.3
1371350 1827.3
1371360 1828.2
1371370 1827.7
1371380 1827.5
1371390 1827.5
1371400 1829.6
1371410 1831.5
1371420 1831.5
1371430 1832.0
1371440 1832.4
1371450 1832.4
1371460 1833.0
1371470 1834.4
1371480 1834.4
1371490 1837.9
1371500 1842.2
1371510 1842.2
1371520 1845.6
1371530 1848.8
1371540 1848.8
1371550 1852.2
1371560 1855.0
1371570 1855.0
1371580 1856.9
1371590 1859.7
1371600 1862.9
1371610 1862.9
1371620 1866.2
1371630 1869.7
1371640 1869.7
1371650 1872.2
1371660 1875.6
1371670 1875.6
1371680 1879.9
1371690 1884.2
1371700 1884.2
1371710 1888.6
1371720 1892.7
1371730 1892.7
1371740 1897.4
1371750 1901.8
1371760 1901.8
1371770 1906.9
1371780 1911.9
1371790 1917.6
1371800 1917.6
1371810 1923.5
1371820 1930.0
1371830 1930.0
1371840 1937.4
1371850 1945.3
1371860 1945.3
1371870 1952.9
1371880 1959.3
1371890 1959.3
1371900 1965.7
1371910 1971.7
1371920 1971.7
1371930 1975.6
1371940 1979.8
1371950 1975.0
1371960 1979.3
1371970 1982.0
1371980 1983.5
1371990 1983.5
1372000 1985.5
1372010 1987.5
1372020 1987.5
1372030 1988.5
1372040 1988.5
1372050 1988.5
1372060 1987.3
1372070 1986.0
1372080 1986.0
1372090 1986.9
1372100 1988.8
1372110 1988.8
1372120 1991.7
1372130 1994.2
1372140 1994.2
1372150 1995.9
1372160 1997.7
1372170 1999.5
1372180 1999.5
1372190 2001.9
1372200 2003.5
1372210 2003.5
1372220 2006.6
1372230 2011.4
1372240 2011.4
1372250 2016.6
1372260 2022.5
1372270 2022.5
1372280 2027.1
1372290 2031.6
1372300 2031.6
1372310 2036.1
1372320 2038.8
1372330 2038.8
1372340 2037.9
1372350 2036.3
1372360 2036.3
1372370 2036.7
1372380 2040.7
1372390 2047.8
1372400 2047.8
1372410 2054.5
1372420 2059.8
1372430 2059.8
1372440 2064.9
1372450 2071.5
1372460 2071.5
1372470 2077.2
1372480 2082.2
1372490 2082.2
1372500 2087.8
1372510 2093.5
1372520 2093.5
1372530 2099.5
1372540 2104.8
1372550 2104.8
1372560 2106.6
1372570 2105.9
1372580 2104.2
1372590 2104.2
1372600 2103.4
1372610 2106.6
1372620 2106.6
1372630 2113.9
1372640 2123.2
1372650 2123.2
1372660 2131.3
1372670 2139.8
1372680 2139.8
1372690 2145.8
1372700 2150.9
1372710 2150.9
1372720 2155.4
1372730 2162.3
1372740 2162.3
1372750 2173.0
1372760 2182.7
1372770 2185.7
1372780 2185.7
1372790 2188.3
1372800 2190.6
1372810 2190.6
1372820 2193.6
1372830 2197.8
1372840 2197.8
1372850 2201.9
1372860 2204.1
1372870 2204.1
1372880 2204.9
1372890 2206.9
1372900 2206.9
1372910 2209.3
1372920 2211.2
1372930 2211.2
1372940 2213.4
1372950 2215.8
1372960 2217.6
1372970 2217.6
1372980 2220.0
1372990 2220.9
1373000 2220.9
1373010 2219.7
1373020 2221.5
1373030 2221.5
1373040 2219.5
1373050 2218.0
1373060 2218.0
1373070 2220.2
1373080 2213.2
1373090 2213.2
1373100 2217.2
1373110 2224.6
1373120 2224.6
1373130 2227.3
1373140 2227.9
1373150 2226.7
1373160 2226.7
1373170 2225.9
1373180 2225.4
1373190 2225.4
1373200 2223.3
1373210 2222.8
1373220 2222.8
1373230 2227.1
1373240 2235.9
1373250 2235.9
1373260 2245.7
1373270 2255.4
1373280 2255.4
1373290 2264.3
1373300 2274.0
1373310 2274.0
1373320 2282.4
1373330 2290.8
1373340 2290.8
1373350 2300.4
1373360 2308.1
1373370 2312.7
1373380 2312.7
1373390 2316.1
1373400 2319.9
1373410 2319.9
1373420 2323.2
1373430 2325.4
1373440 2325.4
1373450 2326.6
1373460 2328.0
1373470 2328.0
1373480 2329.5
1373490 2330.6
1373500 2330.6
1373510 2330.9
1373520 2330.9
1373530 2330.9
1373540 2330.9
1373550 2332.1
1373560 2333.6
1373570 2333.6
1373580 2334.7
1373590 2335.2
1373600 2335.2
1373610 2334.3
1373620 2334.1
1373630 2334.1
1373640 2334.7
1373650 2334.4
1373660 2334.4
1373670 2333.2
1373680 2332.4
1373690 2332.4
1373700 2332.9
1373710 2335.4
1373720 2335.4
1373730 2338.5
1373740 2343.0
1373750 2347.8
1373760 2347.8
1373770 2351.5
1373780 2353.7
1373790 2353.7
1373800 2357.0
1373810 2362.1
1373820 2362.1
1373830 2367.7
1373840 2373.5
1373850 2373.5
1373860 2379.2
1373870 2385.7
1373880 2385.7
1373890 2392.2
1373900 2399.4
1373910 2399.4
1373920 2407.7
1373930 2415.4
1373940 2423.8
1373950 2423.8
1373960 2432.8
1373970 2441.9
1373980 2441.9
1373990 2451.3
1374000 2460.7
1374010 2460.7
1374020 2469.9
1374030 2477.4
1374040 2477.4
1374050 2485.7
1374060 2493.2
1374070 2493.2
1374080 2500.9
1374090 2507.7
1374100 2507.7
1374110 2515.3
1374120 2521.1
1374130 2521.1
1374140 2515.7
1374150 2503.5
1374160 2492.2
1374170 2492.2
1374180 2482.3
1374190 2472.5
1374200 2472.5
1374210 2460.2
1374220 2452.0
1374230 2452.0
1374240 2440.9
1374250 2434.0
1374260 2434.0
1374270 2427.3
1374280 2420.9
1374290 2420.9
1374300 2416.1
1374310 2410.6
1374320 2410.6
1374330 2403.2
1374340 2393.6
1374350 2385.1
1374360 2385.1
1374370 2377.2
1374380 2369.7
1374390 2369.7
1374400 2362.6
1374410 2356.0
1374420 2356.0
1374430 2349.7
1374440 2343.6
1374450 2343.6
1374460 2337.6
1374470 2332.0
1374480 2332.0
1374490 2326.9
1374500 2323.4
1374510 2323.4
1374520 2319.3
1374530 2316.1
1374540 2314.4
1374550 2314.4
1374560 2312.4
1374570 2309.4
1374580 2309.4
1374590 2305.5
1374600 2301.1
1374610 2301.1
1374620 2296.2
1374630 2291.4
1374640 2291.4
1374650 2286.3
1374660 2281.2
1374670 2281.2
1374680 2276.8
1374690 2274.0
1374700 2274.0
1374710 2272.7
1374720 2273.9
1374730 2274.8
1374740 2274.8
1374750 2276.0
1374760 2279.2
1374770 2279.2
1374780 2279.8
1374790 2279.5
1374800 2279.5
1374810 2279.6
1374820 2280.4
1374830 2280.4
1374840 2281.8
1374850 2282.2
1374860 2282.2
1374870 2283.2
1374880 2284.6
1374890 2284.6
1374900 2285.4
1374910 2285.4
1374920 2286.4
1374930 2286.4
1374940 2287.8
1374950 2290.2
1374960 2290.2
1374970 2294.0
1374980 2298.9
1374990 2298.9
1375000 2304.6
1375010 2310.8
1375020 2310.8
1375030 2317.2
1375040 2323.7
1375050 2323.7
1375060 2330.1
1375070 2336.3
1375080 2336.3
1375090 2342.0
1375100 2347.8
1375110 2347.8
1375120 2356.6
1375130 2367.7
1375140 2377.5
1375150 2377.5
1375160 2386.4
1375170 2393.9
1375180 2393.9
1375190 2400.8
1375200 2407.8
1375210 2407.8
1375220 2419.1
1375230 2433.1
1375240 2433.1
1375250 2440.7
1375260 2443.2
1375270 2443.2
1375280 2440.3
1375290 2436.5
1375300 2436.5
1375310 2442.5
1375320 2454.5
1375330 2466.1
1375340 2466.1
1375350 2476.1
1375360 2484.4
1375370 2478.1
1375380 2483.4
1375390 2489.1
1375400 2489.1
1375410 2493.4
1375420 2494.0
1375430 2494.0
1375440 2494.8
1375450 2495.5
1375460 2495.5
1375470 2495.8
1375480 2498.2
1375490 2498.2
1375500 2500.0
1375510 2503.2
1375520 2507.4
1375530 2507.4
1375540 2512.3
1375550 2516.3
1375560 2516.3
1375570 2519.9
1375580 2526.5
1375590 2526.5
1375600 2535.3
1375610 2546.5
1375620 2546.5
1375630 2551.3
1375640 2549.5
1375650 2549.5
1375660 2549.9
1375670 2550.3
1375680 2550.3
1375690 2551.3
1375700 2552.2
1375710 2549.2
1375720 2549.2
1375730 2550.3
1375740 2555.4
1375750 2555.4
1375760 2559.9
1375770 2560.7
1375780 2560.7
1375790 2561.1
1375800 2562.4
1375810 2562.4
1375820 2565.1
1375830 2567.3
1375840 2567.3
1375850 2569.0
1375860 2570.2
1375870 2570.2
1375880 2570.7
1375890 2569.9
1375900 2570.0
1375910 2570.0
1375920 2570.4
1375930 2570.3
1375940 2570.3
1375950 2571.0
1375960 2571.3
1375970 2571.3
1375980 2572.3
1375990 2572.7
1376000 2572.7
1376010 2571.9
1376020 2573.3
1376030 2573.3
1376040 2573.8
1376050 2574.0
1376060 2574.0
1376070 2574.6
1376080 2575.8
1376090 2575.8
1376100 2578.0
1376110 2579.5
1376120 2582.7
1376130 2582.7
1376140 2587.2
1376150 2590.5
1376160 2590.5
1376170 2593.5
1376180 2596.0
1376190 2596.0
1376200 2599.1
1376210 2603.2
1376220 2603.2
1376230 2607.3
1376240 2612.8
1376250 2612.8
1376260 2618.5
1376270 2623.2
1376280 2623.2
1376290 2627.6
1376300 2632.9
1376310 2638.7
1376320 2638.7
1376330 2643.3
1376340 2647.2
1376350 2647.2
1376360 2651.9
1376370 2657.0
1376380 2657.0
1376390 2661.7
1376400 2667.6
1376410 2667.6
1376420 2672.6
1376430 2680.0
1376440 2680.0
1376450 2690.2
1376460 2701.4
1376470 2701.4
1376480 2714.1
1376490 2726.1
1376500 2739.9
1376510 2739.9
1376520 2743.6
1376530 2733.0
1376540 2733.0
1376550 2718.4
1376560 2708.0
1376570 2708.0
1376580 2700.9
1376590 2694.6
1376600 2694.6
1376610 2691.0
1376620 2689.0
1376630 2689.0
1376640 2686.9
1376650 2685.8
1376660 2685.8
1376670 2684.6
1376680 2682.9
1376690 2678.8
1376700 2678.8
1376710 2677.7
1376720 2679.1
1376730 2679.1
1376740 2677.8
1376750 2674.0
1376760 2674.0
1376770 2668.0
1376780 2661.7
1376790 2661.7
1376800 2656.1
1376810 2650.4
1376820 2650.4
1376830 2646.4
1376840 2643.0
1376850 2643.0
1376860 2640.7
1376870 2638.7
1376880 2638.2
1376890 2638.2
1376900 2637.9
1376910 2637.1
1376920 2637.1
1376930 2636.3
1376940 2636.2
1376950 2636.2
1376960 2635.2
1376970 2633.9
1376980 2633.9
1376990 2631.9
1377000 2629.7
1377010 2629.7
1377020 2628.5
1377030 2627.7
1377040 2627.7
1377050 2626.7
1377060 2627.0
1377070 2627.0
1377080 2627.5
1377090 2628.1
1377100 2629.8
1377110 2629.8
1377120 2632.8
1377130 2635.3
1377140 2635.3
1377150 2638.1
1377160 2640.6
1377170 2640.6
1377180 2643.0
1377190 2647.4
1377200 2647.4
1377210 2652.2
1377220 2659.2
1377230 2659.2
1377240 2667.3
1377250 2681.5
1377260 2681.5
1377270 2689.7
1377280 2688.1
1377290 2686.1
1377300 2686.1
1377310 2683.7
1377320 2682.0
1377330 2682.0
1377340 2681.1
1377350 2681.6
1377360 2681.6
1377370 2681.7
1377380 2681.1
1377390 2681.1
1377400 2681.8
1377410 2683.8
1377420 2683.8
1377430 2686.6
1377440 2689.3
1377450 2689.3
1377460 2691.6
1377470 2691.6
1377480 2689.2
1377490 2689.2
1377500 2685.8
1377510 2681.7
1377520 2681.7
1377530 2676.8
1377540 2674.1
1377550 2674.1
1377560 2672.5
1377570 2668.3
1377580 2668.3
1377590 2663.5
1377600 2660.8
1377610 2660.8
1377620 2659.1
1377630 2657.7
1377640 2657.7
1377650 2657.9
1377660 2658.3
1377670 2659.6
1377680 2659.6
1377690 2660.8
1377700 2665.0
1377710 2658.2
1377720 2664.1
1377730 2669.7
1377740 2669.7
1377750 2674.8
1377760 2681.4
1377770 2681.4
1377780 2689.2
1377790 2697.0
1377800 2697.0
1377810 2705.0
1377820 2714.7
1377830 2714.7
1377840 2725.7
1377850 2733.8
1377860 2733.8
1377870 2740.1
1377880 2746.0
1377890 2751.4
1377900 2751.4
1377910 2756.5
1377920 2759.7
1377930 2759.7
1377940 2760.7
1377950 2760.9
1377960 2760.9
1377970 2757.4
1377980 2753.1
1377990 2753.1
1378000 2748.3
1378010 2742.7
1378020 2742.7
1378030 2738.1
1378040 2734.2
1378050 2734.2
1378060 2729.5
1378070 2723.5
1378080 2719.5
1378090 2719.5
1378100 2715.0
1378110 2706.6
1378120 2706.6
1378130 2699.5
1378140 2693.8
1378150 2693.8
1378160 2690.2
1378170 2688.4
1378180 2688.4
1378190 2684.3
1378200 2680.6
1378210 2680.6
1378220 2677.6
1378230 2673.5
1378240 2673.5
1378250 2670.2
1378260 2667.3
1378270 2664.2
1378280 2664.2
1378290 2658.9
1378300 2655.4
1378310 2655.4
1378320 2653.7
1378330 2653.3
1378340 2653.3
1378350 2653.7
1378360 2653.8
1378370 2653.8
1378380 2652.8
1378390 2652.5
1378400 2652.5
1378410 2651.6
1378420 2646.1
1378430 2646.1
1378440 2635.0
1378450 2627.2
1378460 2618.0
1378470 2618.0
1378480 2606.1
1378490 2597.8
1378500 2597.8
1378510 2591.0
1378520 2584.1
1378530 2584.1
1378540 2577.2
1378550 2570.3
1378560 2570.3
1378570 2563.6
1378580 2557.1
1378590 2557.1
1378600 2551.6
1378610 2546.9
1378620 2546.9
1378630 2544.5
1378640 2543.2
1378650 2545.8
1378660 2545.8
1378670 2549.8
1378680 2553.5
1378690 2553.5
1378700 2557.7
1378710 2561.2
1378720 2561.2
1378730 2563.7
1378740 2566.3
1378750 2566.3
1378760 2568.3
1378770 2570.9
1378780 2570.9
1378790 2574.5
1378800 2577.9
1378810 2577.9
1378820 2581.7
1378830 2585.8
1378840 2585.8
1378850 2589.9
1378860 2593.9
1378870 2598.1
1378880 2598.1
1378890 2601.9
1378900 2613.1
1378910 2613.1
1378920 2618.2
1378930 2623.8
1378940 2623.8
1378950 2629.8
1378960 2634.1
1378970 2634.1
1378980 2639.1
1378990 2643.4
1379000 2643.4
1379010 2646.9
1379020 2650.8
1379030 2650.8
1379040 2656.5
1379050 2660.8
1379060 2664.4
1379070 2664.4
1379080 2666.2
1379090 2667.1
1379100 2667.1
1379110 2669.2
1379120 2670.6
1379130 2670.6
1379140 2671.1
1379150 2671.1
1379160 2671.1
1379170 2672.0
1379180 2672.9
1379190 2672.9
1379200 2674.2
1379210 2676.3
1379220 2676.3
1379230 2678.2
1379240 2679.2
1379250 2680.5
1379260 2680.5
1379270 2682.0
1379280 2684.0
1379290 2684.0
1379300 2686.4
1379310 2688.3
1379320 2688.3
1379330 2690.2
1379340 2693.6
1379350 2693.6
1379360 2697.2
1379370 2701.6
1379380 2701.6
1379390 2706.4
1379400 2713.5
1379410 2713.5
1379420 2721.1
1379430 2726.4
1379440 2732.0
1379450 2732.0
1379460 2740.7
1379470 2750.4
1379480 2750.4
1379490 2746.7
1379500 2733.9
1379510 2733.9
1379520 2728.6
1379530 2725.2
1379540 2725.2
1379550 2725.2
1379560 2728.8
1379570 2728.8
1379580 2727.4
1379590 2721.6
1379600 2721.6
1379610 2712.4
1379620 2706.5
1379630 2707.6
1379640 2707.6
1379650 2711.9
1379660 2705.3
1379670 2705.3
1379680 2698.4
1379690 2693.9
1379700 2693.9
1379710 2691.1
1379720 2685.8
1379730 2685.8
1379740 2682.9
1379750 2679.9
1379760 2679.9
1379770 2678.8
1379780 2677.3
1379790 2677.3
1379800 2676.3
1379810 2676.0
1379820 2676.0
1379830 2674.8
1379840 2675.3
1379850 2676.9
1379860 2676.9
1379870 2678.7
1379880 2682.6
1379890 2682.6
1379900 2687.7
1379910 2691.8
1379920 2691.8
1379930 2694.4
1379940 2697.7
1379950 2697.7
1379960 2702.4
1379970 2702.6
1379980 2702.6
1379990 2702.0
