1360000 2081.9
1360010 2081.9
1360020 2083.6
1360030 2086.1
1360040 2086.1
1360050 2089.2
1360060 2092.6
1360070 2092.6
1360080 2096.0
1360090 2096.3
1360100 2096.3
1360110 2095.5
1360120 2096.9
1360130 2096.9
1360140 2101.1
1360150 2104.1
1360160 2104.1
1360170 2106.7
1360180 2108.7
1360190 2110.2
1360200 2110.2
1360210 2111.9
1360220 2114.0
1360230 2114.0
1360240 2115.9
1360250 2119.7
1360260 2119.7
1360270 2124.6
1360280 2129.5
1360290 2129.5
1360300 2136.5
1360310 2145.8
1360320 2145.8
1360330 2156.3
1360340 2164.1
1360350 2164.1
1360360 2171.9
1360370 2179.3
1360380 2179.3
1360390 2184.4
1360400 2188.9
1360410 2192.1
1360420 2192.1
1360430 2194.5
1360440 2195.3
1360450 2195.3
1360460 2196.6
1360470 2200.7
1360480 2200.7
1360490 2206.5
1360500 2211.7
1360510 2211.7
1360520 2216.9
1360530 2222.0
1360540 2222.0
1360550 2227.9
1360560 2234.8
1360570 2234.8
1360580 2239.7
1360590 2243.3
1360600 2245.8
1360610 2245.8
1360620 2247.5
1360630 2248.7
1360640 2248.7
1360650 2250.0
1360660 2251.6
1360670 2252.6
1360680 2253.8
1360690 2254.7
1360700 2254.7
1360710 2254.5
1360720 2254.5
1360730 2254.5
1360740 2254.6
1360750 2252.8
1360760 2252.8
1360770 2252.2
1360780 2252.8
1360790 2252.9
1360800 2252.9
1360810 2253.4
1360820 2254.0
1360830 2254.0
1360840 2254.8
1360850 2255.9
1360860 2255.9
1360870 2257.8
1360880 2261.2
1360890 2261.2
1360900 2262.3
1360910 2260.9
1360920 2260.9
1360930 2260.6
1360940 2261.9
1360950 2261.9
1360960 2263.9
1360970 2266.5
1360980 2269.4
1360990 2269.4
1361000 2272.6
1361010 2275.4
1361020 2275.4
1361030 2276.6
1361040 2278.0
1361050 2278.0
1361060 2279.7
1361070 2282.1
1361080 2282.1
1361090 2285.5
1361100 2289.3
1361110 2289.3
1361120 2293.1
1361130 2296.3
1361140 2296.3
1361150 2299.0
1361160 2301.6
1361170 2301.6
1361180 2304.4
1361190 2307.1
1361200 2310.1
1361210 2310.1
1361220 2314.1
1361230 2318.1
1361240 2318.1
1361250 2321.8
1361260 2323.9
1361270 2323.9
1361280 2325.4
1361290 2327.1
1361300 2327.1
1361310 2329.1
1361320 2331.9
1361330 2331.9
1361340 2335.1
1361350 2338.3
1361360 2338.3
1361370 2342.8
1361380 2348.3
1361390 2353.3
1361400 2353.3
1361410 2355.8
1361420 2355.8
1361430 2355.8
1361440 2355.5
1361450 2355.5
1361460 2355.5
1361470 2358.0
1361480 2362.1
1361490 2362.1
1361500 2367.6
1361510 2376.4
1361520 2376.4
1361530 2387.1
1361540 2395.7
1361550 2395.7
1361560 2400.4
1361570 2399.8
1361580 2398.3
1361590 2398.3
1361600 2398.4
1361610 2400.8
1361620 2400.8
1361630 2403.6
1361640 2405.1
1361650 2405.1
1361660 2405.4
1361670 2406.4
1361680 2406.4
1361690 2408.3
1361700 2404.8
1361710 2404.8
1361720 2401.9
1361730 2399.3
1361740 2399.3
1361750 2396.7
1361760 2397.3
1361770 2399.7
1361780 2399.7
1361790 2403.3
1361800 2401.2
1361810 2401.2
1361820 2398.3
1361830 2395.2
1361840 2395.2
1361850 2391.9
1361860 2390.1
1361870 2390.1
1361880 2389.9
1361890 2391.1
1361900 2391.1
1361910 2391.2
1361920 2390.0
1361930 2390.0
1361940 2389.8
1361950 2390.3
1361960 2390.3
1361970 2391.1
1361980 2393.5
1361990 2394.4
1362000 2394.4
1362010 2394.7
1362020 2394.3
1362030 2394.3
1362040 2393.2
1362050 2392.4
1362060 2392.4
1362070 2391.4
1362080 2390.4
1362090 2390.4
1362100 2389.8
1362110 2389.1
1362120 2389.1
1362130 2389.2
1362140 2391.1
1362150 2391.1
1362160 2390.9
1362170 2389.8
1362180 2388.9
1362190 2388.9
1362200 2389.1
1362210 2389.6
1362220 2389.6
1362230 2390.0
1362240 2390.5
1362250 2390.5
1362260 2390.8
1362270 2391.0
1362280 2391.0
1362290 2391.3
1362300 2391.9
1362310 2391.9
1362320 2392.7
1362330 2393.6
1362340 2393.6
1362350 2394.6
1362360 2396.2
1362370 2396.8
1362380 2396.8
1362390 2397.4
1362400 2397.7
1362410 2397.7
1362420 2396.3
1362430 2395.6
1362440 2395.6
1362450 2396.0
1362460 2396.7
1362470 2396.7
1362480 2397.1
1362490 2397.7
1362500 2397.7
1362510 2398.7
1362520 2400.3
1362530 2400.3
1362540 2402.3
1362550 2404.5
1362560 2406.9
1362570 2406.9
1362580 2409.7
1362590 2412.5
1362600 2412.5
1362610 2415.4
1362620 2418.2
1362630 2418.2
1362640 2420.8
1362650 2423.0
1362660 2423.0
1362670 2423.7
1362680 2424.8
1362690 2424.8
1362700 2428.1
1362710 2433.2
1362720 2433.2
1362730 2440.5
1362740 2447.1
1362750 2447.1
1362760 2454.1
1362770 2461.1
1362780 2467.5
1362790 2467.5
1362800 2473.4
1362810 2479.4
1362820 2479.4
1362830 2485.2
1362840 2490.8
1362850 2490.8
1362860 2495.6
1362870 2499.6
1362880 2499.6
1362890 2501.9
1362900 2502.5
1362910 2502.5
1362920 2502.3
1362930 2502.7
1362940 2502.7
1362950 2504.1
1362960 2506.1
1362970 2508.0
1362980 2508.0
1362990 2509.0
1363000 2509.2
1363010 2509.2
1363020 2509.9
1363030 2510.5
1363040 2510.5
1363050 2510.8
1363060 2511.3
1363070 2511.3
1363080 2512.8
1363090 2516.1
1363100 2516.1
1363110 2520.8
1363120 2524.8
1363130 2524.8
1363140 2526.7
1363150 2526.9
1363160 2528.3
1363170 2528.3
1363180 2530.8
1363190 2533.5
1363200 2533.5
1363210 2535.8
1363220 2537.8
1363230 2537.8
1363240 2539.8
1363250 2542.5
1363260 2542.5
1363270 2545.4
1363280 2546.3
1363290 2546.3
1363300 2547.4
1363310 2549.2
1363320 2549.2
1363330 2551.0
1363340 2553.2
1363350 2556.4
1363360 2556.4
1363370 2560.4
1363380 2566.1
1363390 2566.1
1363400 2572.8
1363410 2579.7
1363420 2579.7
1363430 2586.7
1363440 2596.2
1363450 2596.2
1363460 2610.3
1363470 2629.3
1363480 2629.3
1363490 2641.8
1363500 2654.6
1363510 2654.6
1363520 2673.7
1363530 2682.5
1363540 2682.5
1363550 2691.7
1363560 2702.5
1363570 2707.5
1363580 2707.5
1363590 2712.2
1363600 2717.3
1363610 2717.3
1363620 2724.5
1363630 2719.7
1363640 2719.7
1363650 2719.4
1363660 2724.9
1363670 2724.9
1363680 2729.1
1363690 2731.9
1363700 2731.9
1363710 2733.1
1363720 2736.5
1363730 2736.5
1363740 2738.1
1363750 2735.9
1363760 2735.0
1363770 2735.0
1363780 2736.6
1363790 2738.3
1363800 2738.3
1363810 2740.2
1363820 2743.1
1363830 2743.1
1363840 2744.0
1363850 2745.3
1363860 2745.3
1363870 2747.0
1363880 2748.6
1363890 2748.6
1363900 2750.0
1363910 2751.3
1363920 2751.3
1363930 2752.8
1363940 2754.6
1363950 2756.8
1363960 2756.8
1363970 2760.3
1363980 2763.8
1363990 2763.8
1364000 2767.4
1364010 2772.7
1364020 2772.7
1364030 2778.5
1364040 2783.8
1364050 2783.8
1364060 2789.9
1364070 2797.0
1364080 2797.0
1364090 2804.4
1364100 2816.0
1364110 2816.0
1364120 2827.7
1364130 2844.0
1364140 2858.1
1364150 2858.1
1364160 2868.2
1364170 2875.3
1364180 2875.3
1364190 2881.5
1364200 2888.3
1364210 2888.3
1364220 2895.6
1364230 2904.2
1364240 2904.2
1364250 2912.4
1364260 2920.1
1364270 2920.1
1364280 2928.3
1364290 2937.7
1364300 2937.7
1364310 2947.1
1364320 2956.5
1364330 2956.5
1364340 2967.8
1364350 2979.2
1364360 2984.2
1364370 2984.2
1364380 2981.1
1364390 2976.5
1364400 2976.5
1364410 2971.4
1364420 2966.3
1364430 2966.3
1364440 2963.4
1364450 2961.6
1364460 2961.6
1364470 2960.1
1364480 2960.5
1364490 2960.5
1364500 2962.4
1364510 2963.8
1364520 2963.8
1364530 2963.3
1364540 2962.1
1364550 2961.1
1364560 2961.1
1364570 2959.3
1364580 2956.4
1364590 2956.4
1364600 2954.1
1364610 2951.8
1364620 2951.8
1364630 2948.9
1364640 2946.6
1364650 2946.6
1364660 2943.8
1364670 2940.8
1364680 2940.8
1364690 2938.9
1364700 2937.3
1364710 2937.3
1364720 2935.3
1364730 2933.9
1364740 2933.1
1364750 2933.1
1364760 2930.4
1364770 2928.1
1364780 2928.1
1364790 2924.7
1364800 2921.9
1364810 2921.9
1364820 2919.8
1364830 2914.1
1364840 2914.1
1364850 2906.9
1364860 2906.2
1364870 2906.2
1364880 2910.8
1364890 2915.4
1364900 2915.4
1364910 2917.4
1364920 2916.7
1364930 2914.4
1364940 2914.4
1364950 2910.4
1364960 2905.2
1364970 2905.2
1364980 2900.2
1364990 2895.5
1365000 2895.5
1365010 2891.5
1365020 2889.0
1365030 2889.0
1365040 2887.9
1365050 2887.4
1365060 2887.4
1365070 2886.9
1365080 2885.8
1365090 2885.8
1365100 2884.2
1365110 2881.5
1365120 2881.5
1365130 2878.1
1365140 2872.3
1365150 2868.4
1365160 2868.4
1365170 2866.3
1365180 2863.9
1365190 2863.9
1365200 2862.0
1365210 2860.1
1365220 2860.1
1365230 2858.7
1365240 2860.5
1365250 2860.5
1365260 2863.3
1365270 2864.4
1365280 2864.4
1365290 2863.6
1365300 2864.4
1365310 2864.4
1365320 2866.9
1365330 2870.9
1365340 2869.7
1365350 2869.7
1365360 2866.9
1365370 2864.0
1365380 2864.0
1365390 2865.9
1365400 2868.0
1365410 2868.0
1365420 2872.4
1365430 2879.0
1365440 2879.0
1365450 2885.3
1365460 2891.7
1365470 2891.7
1365480 2898.4
1365490 2907.9
1365500 2907.9
1365510 2918.5
1365520 2931.9
1365530 2941.0
1365540 2941.0
1365550 2945.9
1365560 2949.4
1365570 2949.4
1365580 2951.4
1365590 2954.8
1365600 2954.8
1365610 2960.2
1365620 2966.5
1365630 2966.5
1365640 2972.7
1365650 2979.0
1365660 2979.0
1365670 2986.4
1365680 2993.8
1365690 2993.8
1365700 2998.7
1365710 2999.6
1365720 2999.6
1365730 2992.8
1365740 2979.7
1365750 2972.4
1365760 2972.4
1365770 2967.5
1365780 2961.5
1365790 2961.5
1365800 2954.2
1365810 2961.0
1365820 2961.0
1365830 2958.3
1365840 2957.4
1365850 2957.4
1365860 2953.9
1365870 2950.3
1365880 2950.3
1365890 2945.1
1365900 2933.0
1365910 2933.0
1365920 2926.6
1365930 2926.2
1365940 2919.5
1365950 2919.5
1365960 2903.3
1365970 2886.4
1365980 2886.4
1365990 2864.6
1366000 2854.8
1366010 2854.8
1366020 2842.2
1366030 2836.6
1366040 2836.6
1366050 2831.8
1366060 2820.5
1366070 2820.5
1366080 2801.5
1366090 2783.8
1366100 2783.8
1366110 2766.2
1366120 2753.4
1366130 2742.0
1366140 2742.0
1366150 2731.7
1366160 2723.6
1366170 2723.6
1366180 2715.1
1366190 2705.3
1366200 2705.3
1366210 2688.8
1366220 2678.3
1366230 2678.3
1366240 2683.9
1366250 2686.0
1366260 2686.0
1366270 2688.1
1366280 2697.2
1366290 2697.2
1366300 2698.8
1366310 2691.9
1366320 2683.2
1366330 2683.2
1366340 2675.0
1366350 2667.0
1366360 2667.0
1366370 2655.0
1366380 2641.2
1366390 2641.2
1366400 2630.8
1366410 2624.6
1366420 2624.6
1366430 2619.8
1366440 2615.9
1366450 2615.9
1366460 2611.3
1366470 2607.6
1366480 2607.6
1366490 2603.4
1366500 2597.9
1366510 2597.9
1366520 2598.4
1366530 2601.5
1366540 2594.2
1366550 2594.2
1366560 2587.1
1366570 2578.9
1366580 2578.9
1366590 2573.2
1366600 2569.9
1366610 2569.9
1366620 2566.3
1366630 2560.3
1366640 2560.3
1366650 2553.5
1366660 2546.2
1366670 2546.2
1366680 2541.8
1366690 2537.8
1366700 2537.8
1366710 2529.3
1366720 2518.5
1366730 2506.2
1366740 2506.2
1366750 2496.4
1366760 2488.8
1366770 2488.8
1366780 2482.3
1366790 2477.2
1366800 2477.2
1366810 2470.1
1366820 2460.7
1366830 2460.7
1366840 2452.5
1366850 2445.1
1366860 2445.1
1366870 2433.4
1366880 2422.1
1366890 2422.1
1366900 2411.4
1366910 2397.0
1366920 2383.9
1366930 2383.9
1366940 2379.3
1366950 2375.4
1366960 2381.9
1366970 2378.2
1366980 2376.0
1366990 2376.0
1367000 2373.7
1367010 2369.0
1367020 2369.0
1367030 2363.2
1367040 2355.5
1367050 2355.5
1367060 2345.6
1367070 2339.2
1367080 2339.2
1367090 2334.3
1367100 2329.6
1367110 2324.3
1367120 2324.3
1367130 2317.4
1367140 2308.2
1367150 2308.2
1367160 2299.0
1367170 2286.7
1367180 2286.7
1367190 2274.1
1367200 2264.3
1367210 2264.3
1367220 2261.5
1367230 2257.0
1367240 2257.0
1367250 2251.5
1367260 2242.6
1367270 2242.6
1367280 2236.2
1367290 2229.2
1367300 2229.2
1367310 2220.4
1367320 2212.5
1367330 2202.8
1367340 2202.8
1367350 2193.8
1367360 2186.8
1367370 2186.8
1367380 2180.1
1367390 2169.9
1367400 2169.9
1367410 2160.8
1367420 2154.0
1367430 2154.0
1367440 2148.5
1367450 2144.8
1367460 2144.8
1367470 2139.6
1367480 2132.0
1367490 2132.0
1367500 2121.8
1367510 2113.3
1367520 2106.5
1367530 2106.5
1367540 2097.5
1367550 2088.6
1367560 2088.6
1367570 2082.8
1367580 2077.0
1367590 2077.0
1367600 2072.7
1367610 2067.5
1367620 2067.5
1367630 2063.5
1367640 2061.7
1367650 2061.7
1367660 2063.4
1367670 2064.9
1367680 2064.9
1367690 2066.8
1367700 2067.6
1367710 2067.2
1367720 2067.2
1367730 2068.0
1367740 2068.6
1367750 2068.6
1367760 2066.2
1367770 2063.5
1367780 2063.5
1367790 2061.5
1367800 2059.1
1367810 2059.1
1367820 2056.5
1367830 2053.8
1367840 2053.8
1367850 2051.4
1367860 2048.5
1367870 2048.5
1367880 2045.8
1367890 2043.2
1367900 2040.8
1367910 2040.8
1367920 2038.0
1367930 2035.3
1367940 2035.3
1367950 2032.8
1367960 2030.5
1367970 2030.5
1367980 2028.2
1367990 2025.9
1368000 2025.9
1368010 2023.7
1368020 2021.5
1368030 2021.5
1368040 2019.5
1368050 2017.6
1368060 2017.6
1368070 2016.2
1368080 2015.6
1368090 2015.6
1368100 2015.6
1368110 2015.1
1368120 2014.8
1368130 2014.8
1368140 2014.5
1368150 2014.5
1368160 2014.5
1368170 2014.5
1368180 2014.5
1368190 2014.5
1368200 2014.3
1368210 2014.0
1368220 2014.0
1368230 2013.8
1368240 2013.7
1368250 2013.7
1368260 2013.5
1368270 2013.9
1368280 2013.9
1368290 2015.1
1368300 2016.9
1368310 2020.3
1368320 2020.3
1368330 2023.9
1368340 2027.1
1368350 2027.1
1368360 2031.5
1368370 2034.8
1368380 2034.8
1368390 2038.5
1368400 2040.5
1368410 2040.5
1368420 2043.0
1368430 2047.7
1368440 2047.7
1368450 2052.3
1368460 2055.9
1368470 2055.9
1368480 2059.4
1368490 2063.2
1368500 2066.8
1368510 2066.8
1368520 2069.8
1368530 2072.0
1368540 2072.0
1368550 2073.8
1368560 2076.3
1368570 2076.3
1368580 2080.4
1368590 2085.2
1368600 2085.2
1368610 2089.5
1368620 2093.8
1368630 2093.8
1368640 2098.6
1368650 2103.8
1368660 2103.8
1368670 2108.8
1368680 2113.5
1368690 2119.1
1368700 2119.1
1368710 2125.0
1368720 2131.5
1368730 2131.5
1368740 2135.0
1368750 2136.9
1368760 2136.9
1368770 2140.0
1368780 2143.6
1368790 2143.6
1368800 2148.4
1368810 2154.6
1368820 2154.6
1368830 2158.6
1368840 2162.1
1368850 2162.1
1368860 2166.1
1368870 2169.9
1368880 2169.9
1368890 2173.0
1368900 2175.7
1368910 2179.1
1368920 2179.1
1368930 2182.7
1368940 2188.5
1368950 2188.5
1368960 2194.6
1368970 2198.8
1368980 2198.8
1368990 2201.3
1369000 2203.9
1369010 2203.9
1369020 2207.6
1369030 2211.6
1369040 2211.6
1369050 2217.0
1369060 2221.7
1369070 2221.7
1369080 2226.3
1369090 2231.0
1369100 2234.5
1369110 2234.5
1369120 2237.0
1369130 2233.2
1369140 2233.2
1369150 2234.2
1369160 2235.2
1369170 2235.2
1369180 2236.1
1369190 2237.7
1369200 2237.7
1369210 2240.4
1369220 2247.6
1369230 2247.6
1369240 2254.7
1369250 2262.1
1369260 2262.1
1369270 2268.6
1369280 2270.4
1369290 2270.2
1369300 2270.2
1369310 2270.6
1369320 2271.1
1369330 2271.1
1369340 2271.6
1369350 2271.2
1369360 2271.2
1369370 2269.5
1369380 2264.9
1369390 2264.9
1369400 2262.6
1369410 2260.6
1369420 2260.6
1369430 2258.2
1369440 2255.2
1369450 2255.2
1369460 2252.5
1369470 2250.9
1369480 2249.6
1369490 2249.6
1369500 2248.3
1369510 2246.5
1369520 2246.5
1369530 2243.4
1369540 2239.9
1369550 2239.9
1369560 2239.7
1369570 2239.9
1369580 2239.9
1369590 2240.3
1369600 2240.6
1369610 2240.6
1369620 2241.3
1369630 2242.6
1369640 2242.6
1369650 2242.4
1369660 2242.0
1369670 2242.0
1369680 2244.0
1369690 2244.5
1369700 2244.7
1369710 2244.7
1369720 2243.8
1369730 2243.1
1369740 2243.1
1369750 2241.5
1369760 2240.3
1369770 2240.3
1369780 2239.7
1369790 2238.4
1369800 2238.4
1369810 2237.1
1369820 2236.1
1369830 2236.1
1369840 2234.3
1369850 2231.4
1369860 2231.4
1369870 2229.0
1369880 2226.8
1369890 2223.7
1369900 2223.7
1369910 2220.9
1369920 2219.7
1369930 2219.7
1369940 2220.0
1369950 2220.2
1369960 2220.2
1369970 2220.3
1369980 2220.0
1369990 2220.0
1370000 2219.7
1370010 2219.8
1370020 2219.8
1370030 2221.0
1370040 2223.3
1370050 2223.3
1370060 2225.4
1370070 2227.0
1370080 2227.3
1370090 2227.3
1370100 2226.3
1370110 2224.6
1370120 2224.6
1370130 2223.8
1370140 2223.3
1370150 2223.3
1370160 2222.0
1370170 2219.4
1370180 2219.4
1370190 2216.5
1370200 2213.1
1370210 2213.1
1370220 2207.8
1370230 2194.4
1370240 2194.4
1370250 2184.6
1370260 2180.5
1370270 2182.9
1370280 2182.9
1370290 2185.7
1370300 2189.7
1370310 2189.7
1370320 2194.2
1370330 2197.8
1370340 2197.8
1370350 2199.6
1370360 2200.0
1370370 2200.0
1370380 2199.6
1370390 2199.4
1370400 2199.4
1370410 2199.2
1370420 2198.9
1370430 2198.9
1370440 2198.5
1370450 2196.5
1370460 2196.5
1370470 2194.0
1370480 2191.1
1370490 2188.1
1370500 2188.1
1370510 2185.1
1370520 2182.2
1370530 2182.2
1370540 2180.5
1370550 2179.5
1370560 2179.5
1370570 2178.3
1370580 2175.6
1370590 2175.6
1370600 2172.7
1370610 2171.9
1370620 2171.9
1370630 2172.6
1370640 2173.1
1370650 2173.1
1370660 2172.4
1370670 2172.7
1370680 2172.6
1370690 2172.6
1370700 2170.7
1370710 2166.3
1370720 2166.3
1370730 2160.4
1370740 2155.6
1370750 2155.6
1370760 2156.4
1370770 2159.1
1370780 2159.1
1370790 2157.4
1370800 2154.8
1370810 2154.8
1370820 2153.0
1370830 2151.4
1370840 2151.4
1370850 2149.3
1370860 2147.7
1370870 2146.7
1370880 2146.7
1370890 2144.0
1370900 2143.2
1370910 2143.2
1370920 2144.9
1370930 2144.3
1370940 2144.3
1370950 2145.3
1370960 2150.9
1370970 2150.9
1370980 2157.1
1370990 2161.5
1371000 2161.5
1371010 2165.3
1371020 2168.9
1371030 2168.9
1371040 2172.7
1371050 2177.8
1371060 2182.1
1371070 2182.1
1371080 2185.7
1371090 2188.7
1371100 2188.7
1371110 2191.6
1371120 2193.9
1371130 2193.9
1371140 2196.2
1371150 2198.8
1371160 2198.8
1371170 2201.1
1371180 2203.0
1371190 2203.0
1371200 2205.9
1371210 2209.5
1371220 2209.5
1371230 2212.1
1371240 2214.6
1371250 2214.6
1371260 2217.1
1371270 2218.5
1371280 2218.9
1371290 2218.9
1371300 2218.5
1371310 2217.6
1371320 2217.6
1371330 2215.9
1371340 2214.2
1371350 2207.6
1371360 2208.0
1371370 2210.1
1371380 2210.1
1371390 2211.8
1371400 2212.4
1371410 2212.4
1371420 2212.3
1371430 2211.7
1371440 2211.7
1371450 2211.1
1371460 2211.6
1371470 2213.4
1371480 2213.4
1371490 2214.7
1371500 2216.4
1371510 2216.4
1371520 2218.7
1371530 2220.8
1371540 2220.8
1371550 2222.8
1371560 2224.4
1371570 2224.4
1371580 2224.4
1371590 2222.0
1371600 2222.0
1371610 2220.4
1371620 2221.1
1371630 2221.1
1371640 2222.1
1371650 2221.9
1371660 2219.4
1371670 2219.4
1371680 2215.6
1371690 2213.5
1371700 2213.5
1371710 2214.4
1371720 2216.4
1371730 2216.4
1371740 2220.8
1371750 2226.4
1371760 2226.4
1371770 2230.9
1371780 2234.3
1371790 2234.3
1371800 2237.3
1371810 2240.2
1371820 2240.2
1371830 2244.0
1371840 2249.7
1371850 2248.6
1371860 2248.6
1371870 2247.2
1371880 2248.1
1371890 2248.1
1371900 2248.8
1371910 2248.4
1371920 2248.4
1371930 2249.5
1371940 2250.8
1371950 2250.8
1371960 2250.5
1371970 2250.3
1371980 2250.3
1371990 2250.9
1372000 2253.4
1372010 2253.4
1372020 2255.0
1372030 2256.7
1372040 2256.7
1372050 2258.7
1372060 2261.5
1372070 2265.3
1372080 2265.3
1372090 2266.9
1372100 2267.3
1372110 2267.3
1372120 2268.1
1372130 2269.0
1372140 2269.0
1372150 2270.7
1372160 2273.2
1372170 2273.2
1372180 2276.7
1372190 2280.3
1372200 2280.3
1372210 2283.3
1372220 2286.3
1372230 2286.3
1372240 2289.1
1372250 2291.7
1372260 2293.2
1372270 2293.2
1372280 2295.1
1372290 2296.4
1372300 2296.4
1372310 2296.9
1372320 2299.4
1372330 2299.4
1372340 2304.6
1372350 2308.4
1372360 2308.4
1372370 2311.3
1372380 2313.9
1372390 2313.9
1372400 2317.0
1372410 2321.0
1372420 2321.0
1372430 2325.6
1372440 2330.0
1372450 2335.9
1372460 2335.9
1372470 2341.0
1372480 2348.2
1372490 2348.2
1372500 2355.3
1372510 2362.0
1372520 2362.0
1372530 2368.9
1372540 2375.8
1372550 2375.8
1372560 2383.3
1372570 2389.8
1372580 2389.8
1372590 2395.1
1372600 2402.3
1372610 2402.3
1372620 2409.9
1372630 2418.1
1372640 2424.4
1372650 2424.4
1372660 2425.7
1372670 2426.7
1372680 2426.7
1372690 2427.2
1372700 2425.9
1372710 2425.9
1372720 2426.9
1372730 2427.1
1372740 2427.1
1372750 2428.6
1372760 2431.6
1372770 2431.6
1372780 2435.0
1372790 2438.8
1372800 2438.8
1372810 2442.2
1372820 2445.2
1372830 2445.2
1372840 2447.1
1372850 2447.5
1372860 2447.9
1372870 2447.9
1372880 2448.2
1372890 2449.8
1372900 2449.8
1372910 2453.0
1372920 2456.8
1372930 2456.8
1372940 2459.5
1372950 2462.4
1372960 2462.4
1372970 2466.4
1372980 2470.6
1372990 2470.6
1373000 2476.2
1373010 2485.9
1373020 2485.9
1373030 2496.5
1373040 2508.7
1373050 2522.3
1373060 2522.3
1373070 2534.3
1373080 2544.6
1373090 2544.6
1373100 2553.3
1373110 2562.0
1373120 2562.0
1373130 2567.1
1373140 2574.6
1373150 2574.6
1373160 2583.7
1373170 2596.5
1373180 2596.5
1373190 2608.3
1373200 2618.3
1373210 2618.3
1373220 2626.6
1373230 2632.9
1373240 2636.5
1373250 2636.5
1373260 2638.7
1373270 2639.3
1373280 2639.3
1373290 2638.6
1373300 2637.3
1373310 2637.3
1373320 2634.6
1373330 2634.2
1373340 2634.2
1373350 2637.6
1373360 2641.7
1373370 2641.7
1373380 2645.0
1373390 2650.3
1373400 2650.3
1373410 2655.3
1373420 2660.6
1373430 2665.8
1373440 2665.8
1373450 2671.7
1373460 2677.3
1373470 2677.3
1373480 2683.9
1373490 2689.6
1373500 2689.6
1373510 2694.4
1373520 2698.0
1373530 2698.0
1373540 2700.3
1373550 2700.0
1373560 2700.0
1373570 2700.9
1373580 2702.0
1373590 2702.0
1373600 2693.6
1373610 2695.7
1373620 2695.7
1373630 2704.3
1373640 2710.6
1373650 2711.1
1373660 2711.1
1373670 2708.0
1373680 2703.3
1373690 2703.3
1373700 2694.6
1373710 2680.3
1373720 2680.3
1373730 2670.2
1373740 2663.9
1373750 2663.9
1373760 2654.4
1373770 2643.1
1373780 2643.1
1373790 2633.9
1373800 2625.0
1373810 2625.0
1373820 2613.6
1373830 2603.3
1373840 2594.6
1373850 2594.6
1373860 2588.5
1373870 2582.7
1373880 2582.7
1373890 2578.8
1373900 2576.3
1373910 2576.3
1373920 2575.3
1373930 2572.6
1373940 2572.6
1373950 2568.4
1373960 2563.9
1373970 2563.9
1373980 2559.5
1373990 2555.3
1374000 2555.3
1374010 2551.6
1374020 2548.6
1374030 2547.2
1374040 2547.2
1374050 2546.9
1374060 2545.8
1374070 2545.8
1374080 2543.5
1374090 2540.6
1374100 2540.6
1374110 2538.9
1374120 2538.1
1374130 2538.1
1374140 2537.1
1374150 2534.7
1374160 2534.7
1374170 2531.5
1374180 2529.5
1374190 2529.5
1374200 2529.2
1374210 2528.6
1374220 2527.6
1374230 2527.6
1374240 2526.8
1374250 2526.2
1374260 2526.2
1374270 2521.9
1374280 2516.8
1374290 2516.8
1374300 2510.2
1374310 2503.2
1374320 2503.2
1374330 2496.7
1374340 2490.4
1374350 2490.4
1374360 2484.5
1374370 2481.5
1374380 2481.5
1374390 2479.7
1374400 2477.3
1374410 2477.3
1374420 2476.8
1374430 2477.0
1374440 2478.2
1374450 2478.2
1374460 2478.7
1374470 2478.3
1374480 2478.3
1374490 2477.5
1374500 2475.8
1374510 2475.8
1374520 2474.0
1374530 2472.1
1374540 2472.1
1374550 2470.0
1374560 2467.8
1374570 2467.8
1374580 2465.5
1374590 2463.1
1374600 2463.1
1374610 2461.5
1374620 2460.2
1374630 2459.5
1374640 2459.5
1374650 2459.8
1374660 2463.0
1374670 2463.0
1374680 2466.6
1374690 2466.8
1374700 2466.8
1374710 2466.3
1374720 2468.7
1374730 2468.7
1374740 2470.1
1374750 2470.8
1374760 2470.8
1374770 2473.3
1374780 2475.4
1374790 2475.4
1374800 2475.3
1374810 2473.8
1374820 2471.4
1374830 2471.4
1374840 2471.9
1374850 2473.0
1374860 2473.0
1374870 2474.5
1374880 2477.3
1374890 2477.3
1374900 2480.4
1374910 2484.4
1374920 2484.4
1374930 2489.0
1374940 2493.3
1374950 2493.3
1374960 2496.4
1374970 2499.3
1374980 2499.3
1374990 2502.8
1375000 2506.6
1375010 2510.8
1375020 2510.8
1375030 2515.3
1375040 2520.1
1375050 2520.1
1375060 2525.0
1375070 2529.9
1375080 2529.9
1375090 2534.8
1375100 2542.7
1375110 2542.7
1375120 2552.7
1375130 2559.9
1375140 2559.9
1375150 2568.0
1375160 2576.2
1375170 2576.2
1375180 2585.0
1375190 2594.0
1375200 2600.4
1375210 2600.4
1375220 2607.8
1375230 2618.2
1375240 2618.2
1375250 2631.9
1375260 2645.7
1375270 2645.7
1375280 2659.3
1375290 2670.6
1375300 2670.6
1375310 2681.6
1375320 2692.0
1375330 2692.0
1375340 2700.4
1375350 2708.3
1375360 2708.3
1375370 2715.7
1375380 2723.5
1375390 2723.5
1375400 2731.7
1375410 2739.6
1375420 2747.8
1375430 2747.8
1375440 2756.1
1375450 2764.1
1375460 2764.1
1375470 2771.9
1375480 2780.1
1375490 2780.1
1375500 2788.4
1375510 2796.6
1375520 2796.6
1375530 2804.9
1375540 2813.4
1375550 2813.4
1375560 2823.0
1375570 2832.2
1375580 2832.2
1375590 2839.6
1375600 2846.3
1375610 2845.7
1375620 2845.7
1375630 2838.2
1375640 2827.8
1375650 2827.8
1375660 2816.6
1375670 2808.2
1375680 2808.2
1375690 2804.8
1375700 2800.5
1375710 2800.5
1375720 2792.4
1375730 2786.0
1375740 2786.0
1375750 2780.3
1375760 2776.7
1375770 2776.7
1375780 2772.9
1375790 2767.1
1375800 2765.1
1375810 2765.1
1375820 2762.9
1375830 2758.8
1375840 2758.8
1375850 2753.2
1375860 2746.7
1375870 2746.7
1375880 2740.3
1375890 2734.5
1375900 2750.6
1375910 2745.3
1375920 2740.4
1375930 2740.4
1375940 2740.3
1375950 2740.8
1375960 2740.8
1375970 2738.2
1375980 2727.0
1375990 2716.8
1376000 2716.8
1376010 2709.4
1376020 2703.9
1376030 2703.9
1376040 2698.9
1376050 2696.5
1376060 2696.5
1376070 2695.9
1376080 2691.8
1376090 2691.8
1376100 2686.4
1376110 2684.9
1376120 2684.9
1376130 2679.1
1376140 2673.2
1376150 2673.2
1376160 2673.4
1376170 2668.2
1376180 2668.2
1376190 2661.8
1376200 2654.2
1376210 2648.1
1376220 2648.1
1376230 2642.6
1376240 2634.9
1376250 2634.9
1376260 2626.3
1376270 2620.5
1376280 2620.5
1376290 2621.1
1376300 2626.5
1376310 2626.5
1376320 2626.7
1376330 2623.6
1376340 2623.6
1376350 2621.5
1376360 2620.4
1376370 2620.4
1376380 2619.3
1376390 2618.0
1376400 2616.8
1376410 2616.8
1376420 2614.6
1376430 2613.7
1376440 2613.7
1376450 2612.4
1376460 2609.4
1376470 2609.4
1376480 2605.3
1376490 2598.9
1376500 2598.9
1376510 2590.5
1376520 2583.8
1376530 2583.8
1376540 2583.7
1376550 2590.0
1376560 2590.0
1376570 2597.6
1376580 2598.5
1376590 2593.2
1376600 2593.2
1376610 2585.5
1376620 2584.1
1376630 2584.1
1376640 2581.7
1376650 2578.0
1376660 2578.0
1376670 2575.7
1376680 2574.8
1376690 2574.8
1376700 2567.9
1376710 2555.6
1376720 2555.6
1376730 2550.4
1376740 2549.3
1376750 2549.3
1376760 2548.6
1376770 2547.9
1376780 2546.3
1376790 2546.3
1376800 2544.0
1376810 2541.1
1376820 2541.1
1376830 2537.7
1376840 2532.7
1376850 2532.7
1376860 2530.7
1376870 2529.9
1376880 2529.9
1376890 2528.0
1376900 2525.4
1376910 2525.4
1376920 2521.6
1376930 2517.3
1376940 2517.3
1376950 2512.4
1376960 2506.3
1376970 2506.3
1376980 2500.5
1376990 2499.2
1377000 2497.5
1377010 2497.5
1377020 2494.9
1377030 2491.6
1377040 2491.6
1377050 2486.9
1377060 2480.6
1377070 2485.2
1377080 2478.2
1377090 2472.1
1377100 2472.1
1377110 2468.1
1377120 2465.7
1377130 2465.7
1377140 2461.6
1377150 2459.5
1377160 2459.5
1377170 2458.3
1377180 2460.1
1377190 2464.7
1377200 2464.7
1377210 2461.4
1377220 2453.3
1377230 2453.3
1377240 2445.8
1377250 2438.5
1377260 2438.5
1377270 2434.6
1377280 2430.6
1377290 2430.6
1377300 2428.8
1377310 2426.9
1377320 2426.9
1377330 2425.1
1377340 2422.3
1377350 2422.3
1377360 2419.5
1377370 2416.2
1377380 2412.8
1377390 2412.8
1377400 2409.4
1377410 2405.6
1377420 2405.6
1377430 2405.0
1377440 2412.0
1377450 2412.0
1377460 2415.8
1377470 2414.9
1377480 2414.9
1377490 2412.2
1377500 2408.5
1377510 2408.5
1377520 2406.2
1377530 2404.2
1377540 2404.2
1377550 2398.5
1377560 2389.8
1377570 2378.5
1377580 2378.5
1377590 2370.5
1377600 2360.1
1377610 2360.1
1377620 2352.4
1377630 2346.6
1377640 2346.6
1377650 2341.8
1377660 2338.4
1377670 2338.4
1377680 2333.6
1377690 2328.3
1377700 2328.3
1377710 2323.4
1377720 2320.6
1377730 2320.6
1377740 2317.6
1377750 2313.1
1377760 2313.1
1377770 2309.3
1377780 2305.8
1377790 2302.4
1377800 2302.4
1377810 2299.4
1377820 2297.0
1377830 2297.0
1377840 2294.2
1377850 2293.9
1377860 2293.9
1377870 2294.3
1377880 2295.1
1377890 2295.1
1377900 2295.5
1377910 2296.0
1377920 2296.0
1377930 2296.2
1377940 2296.6
1377950 2296.6
1377960 2297.2
1377970 2297.1
1377980 2296.8
1377990 2296.8
1378000 2296.4
1378010 2295.9
1378020 2295.9
1378030 2295.6
1378040 2295.4
1378050 2295.4
1378060 2295.2
1378070 2294.6
1378080 2294.6
1378090 2295.2
1378100 2295.8
1378110 2295.8
1378120 2296.5
1378130 2299.8
1378140 2299.8
1378150 2303.8
1378160 2305.7
1378170 2305.7
1378180 2305.7
1378190 2305.9
1378200 2305.3
1378210 2305.3
1378220 2305.9
1378230 2308.0
1378240 2308.0
1378250 2309.9
1378260 2313.3
1378270 2313.3
1378280 2314.9
1378290 2316.9
1378300 2316.9
1378310 2319.5
1378320 2322.3
1378330 2322.3
1378340 2324.8
1378350 2326.7
1378360 2328.3
1378370 2328.3
1378380 2329.9
1378390 2331.1
1378400 2331.1
1378410 2332.1
1378420 2333.2
1378430 2333.2
1378440 2334.1
1378450 2334.8
1378460 2334.8
1378470 2336.0
1378480 2337.4
1378490 2337.4
1378500 2339.0
1378510 2341.0
1378520 2341.0
1378530 2343.4
1378540 2345.9
1378550 2345.9
1378560 2348.6
1378570 2351.8
1378580 2355.7
1378590 2355.7
1378600 2359.8
1378610 2363.6
1378620 2363.6
1378630 2367.0
1378640 2370.4
1378650 2370.4
1378660 2374.2
1378670 2377.9
1378680 2377.9
1378690 2381.1
1378700 2383.9
1378710 2383.9
1378720 2386.0
1378730 2387.1
1378740 2387.1
1378750 2388.5
1378760 2390.6
1378770 2394.2
1378780 2394.2
1378790 2397.3
1378800 2400.0
1378810 2400.0
1378820 2402.5
1378830 2405.0
1378840 2405.0
1378850 2407.1
1378860 2408.4
1378870 2408.4
1378880 2409.3
1378890 2409.5
1378900 2409.5
1378910 2409.3
1378920 2408.9
1378930 2408.9
1378940 2408.6
1378950 2409.4
1378960 2410.1
1378970 2410.1
1378980 2410.6
1378990 2411.1
1379000 2411.1
1379010 2411.6
1379020 2411.7
1379030 2411.7
1379040 2411.4
1379050 2410.5
1379060 2410.5
1379070 2410.0
1379080 2410.4
1379090 2410.4
1379100 2410.6
1379110 2410.5
1379120 2410.5
1379130 2412.2
1379140 2414.1
1379150 2415.7
1379160 2415.7
1379170 2417.5
1379180 2419.3
1379190 2419.3
1379200 2422.0
1379210 2424.7
1379220 2424.7
1379230 2426.1
1379240 2427.4
1379250 2427.4
1379260 2429.2
1379270 2431.7
1379280 2431.7
1379290 2435.3
1379300 2441.1
1379310 2441.1
1379320 2448.1
1379330 2455.1
1379340 2455.1
1379350 2463.1
1379360 2472.0
1379370 2479.5
1379380 2479.5
1379390 2485.1
1379400 2489.4
1379410 2489.4
1379420 2493.0
1379430 2496.1
1379440 2496.1
1379450 2500.2
1379460 2503.5
1379470 2503.5
1379480 2505.7
1379490 2508.4
1379500 2508.4
1379510 2513.6
1379520 2520.1
1379530 2520.1
1379540 2527.3
1379550 2534.2
1379560 2540.3
1379570 2540.3
1379580 2543.2
1379590 2543.6
1379600 2543.6
1379610 2545.0
1379620 2547.5
1379630 2547.5
1379640 2550.8
1379650 2556.3
1379660 2556.3
1379670 2562.8
1379680 2570.6
1379690 2570.6
1379700 2581.1
1379710 2589.5
1379720 2589.5
1379730 2597.2
1379740 2604.9
1379750 2612.1
1379760 2612.1
1379770 2617.5
1379780 2621.8
1379790 2621.8
1379800 2625.0
1379810 2629.0
1379820 2629.0
1379830 2634.1
1379840 2639.9
1379850 2639.9
1379860 2643.4
1379870 2642.6
1379880 2642.6
1379890 2638.5
1379900 2631.2
1379910 2631.2
1379920 2623.2
1379930 2615.5
1379940 2608.3
1379950 2608.3
1379960 2600.6
1379970 2591.8
1379980 2591.8
1379990 2583.6
