1360000 2363.6
1360010 2364.3
1360020 2365.6
1360030 2368.8
1360040 2368.8
1360050 2374.0
1360060 2377.5
1360070 2377.5
1360080 2380.3
1360090 2382.8
1360100 2382.8
1360110 2385.1
1360120 2387.3
1360130 2387.3
1360140 2390.1
1360150 2393.0
1360160 2393.0
1360170 2395.8
1360180 2398.1
1360190 2398.1
1360200 2398.3
1360210 2398.8
1360220 2398.8
1360230 2399.9
1360240 2401.6
1360250 2404.0
1360260 2404.0
1360270 2408.0
1360280 2412.5
1360290 2412.5
1360300 2415.0
1360310 2416.6
1360320 2416.6
1360330 2417.7
1360340 2418.1
1360350 2418.1
1360360 2416.3
1360370 2414.5
1360380 2414.5
1360390 2414.8
1360400 2408.7
1360410 2408.7
1360420 2407.4
1360430 2406.4
1360440 2406.5
1360450 2406.5
1360460 2409.6
1360470 2415.0
1360480 2415.0
1360490 2422.1
1360500 2424.9
1360510 2424.9
1360520 2424.6
1360530 2422.5
1360540 2422.5
1360550 2419.4
1360560 2418.9
1360570 2418.9
1360580 2418.5
1360590 2418.3
1360600 2418.3
1360610 2422.3
1360620 2429.0
1360630 2434.7
1360640 2434.7
1360650 2439.3
1360660 2442.9
1360670 2442.9
1360680 2447.8
1360690 2453.2
1360700 2453.2
1360710 2457.9
1360720 2460.0
1360730 2460.0
1360740 2462.5
1360750 2464.5
1360760 2464.5
1360770 2465.4
1360780 2465.4
1360790 2465.4
1360800 2465.2
1360810 2466.1
1360820 2466.1
1360830 2469.1
1360840 2472.2
1360850 2472.4
1360860 2472.4
1360870 2470.8
1360880 2469.0
1360890 2469.0
1360900 2467.3
1360910 2466.6
1360920 2466.6
1360930 2465.2
1360940 2463.2
1360950 2463.2
1360960 2462.4
1360970 2461.7
1360980 2461.7
1360990 2459.6
1361000 2457.7
1361010 2457.7
1361020 2456.2
1361030 2455.4
1361040 2455.0
1361050 2455.0
1361060 2455.4
1361070 2455.9
1361080 2455.9
1361090 2454.7
1361100 2453.3
1361110 2453.3
1361120 2452.7
1361130 2452.1
1361140 2452.1
1361150 2451.7
1361160 2451.3
1361170 2451.3
1361180 2452.6
1361190 2454.7
1361200 2454.7
1361210 2456.9
1361220 2459.8
1361230 2465.3
1361240 2465.3
1361250 2473.8
1361260 2481.5
1361270 2481.5
1361280 2485.1
1361290 2485.4
1361300 2485.4
1361310 2484.9
1361320 2485.8
1361330 2485.8
1361340 2489.4
1361350 2493.2
1361360 2493.2
1361370 2497.2
1361380 2501.9
1361390 2501.9
1361400 2510.2
1361410 2515.4
1361420 2518.1
1361430 2518.1
1361440 2524.9
1361450 2531.9
1361460 2531.9
1361470 2539.6
1361480 2547.5
1361490 2547.5
1361500 2553.3
1361510 2557.7
1361520 2557.7
1361530 2560.2
1361540 2561.5
1361550 2561.5
1361560 2563.8
1361570 2566.5
1361580 2566.5
1361590 2570.9
1361600 2575.6
1361610 2575.6
1361620 2579.5
1361630 2580.5
1361640 2578.1
1361650 2578.1
1361660 2577.6
1361670 2581.8
1361680 2581.8
1361690 2585.8
1361700 2589.1
1361710 2589.1
1361720 2592.5
1361730 2594.7
1361740 2594.7
1361750 2597.0
1361760 2601.2
1361770 2601.2
1361780 2606.3
1361790 2612.3
1361800 2612.3
1361810 2618.0
1361820 2623.7
1361830 2629.0
1361840 2629.0
1361850 2636.0
1361860 2643.5
1361870 2643.5
1361880 2649.9
1361890 2656.1
1361900 2656.1
1361910 2663.0
1361920 2671.4
1361930 2671.4
1361940 2684.0
1361950 2697.0
1361960 2697.0
1361970 2706.9
1361980 2714.0
1361990 2714.0
1362000 2719.9
1362010 2716.0
1362020 2708.2
1362030 2708.2
1362040 2702.9
1362050 2693.6
1362060 2693.6
1362070 2682.0
1362080 2675.7
1362090 2675.7
1362100 2670.5
1362110 2668.1
1362120 2668.1
1362130 2665.7
1362140 2663.2
1362150 2663.2
1362160 2660.4
1362170 2658.8
1362180 2658.8
1362190 2659.0
1362200 2659.5
1362210 2659.5
1362220 2661.0
1362230 2662.8
1362240 2662.1
1362250 2662.1
1362260 2662.6
1362270 2664.0
1362280 2664.0
1362290 2667.0
1362300 2669.3
1362310 2669.3
1362320 2670.8
1362330 2670.9
1362340 2670.9
1362350 2669.8
1362360 2669.0
1362370 2669.0
1362380 2667.9
1362390 2667.5
1362400 2667.5
1362410 2666.7
1362420 2665.9
1362430 2666.4
1362440 2666.4
1362450 2663.4
1362460 2660.7
1362470 2660.7
1362480 2658.1
1362490 2655.5
1362500 2655.5
1362510 2654.2
1362520 2652.0
1362530 2652.0
1362540 2648.9
1362550 2647.7
1362560 2647.7
1362570 2648.3
1362580 2649.7
1362590 2649.7
1362600 2652.2
1362610 2654.2
1362620 2657.3
1362630 2657.3
1362640 2662.4
1362650 2666.0
1362660 2666.0
1362670 2669.2
1362680 2672.6
1362690 2672.6
1362700 2675.7
1362710 2677.8
1362720 2677.8
1362730 2679.7
1362740 2680.5
1362750 2680.5
1362760 2679.2
1362770 2677.3
1362780 2677.3
1362790 2675.1
1362800 2672.2
1362810 2670.1
1362820 2670.1
1362830 2669.5
1362840 2668.2
1362850 2668.2
1362860 2667.4
1362870 2666.3
1362880 2666.3
1362890 2664.2
1362900 2662.3
1362910 2662.3
1362920 2662.3
1362930 2662.9
1362940 2662.9
1362950 2663.6
1362960 2664.8
1362970 2664.8
1362980 2665.0
1362990 2664.0
1363000 2664.0
1363010 2663.1
1363020 2661.6
1363030 2661.3
1363040 2661.3
1363050 2663.0
1363060 2664.4
1363070 2664.4
1363080 2664.7
1363090 2665.7
1363100 2665.7
1363110 2665.9
1363120 2666.0
1363130 2666.0
1363140 2668.4
1363150 2673.5
1363160 2673.5
1363170 2680.1
1363180 2683.0
1363190 2683.0
1363200 2683.9
1363210 2685.0
1363220 2687.8
1363230 2687.8
1363240 2689.4
1363250 2690.8
1363260 2690.8
1363270 2691.8
1363280 2696.1
1363290 2696.1
1363300 2699.8
1363310 2701.9
1363320 2701.9
1363330 2704.9
1363340 2709.4
1363350 2709.4
1363360 2711.5
1363370 2713.5
1363380 2713.5
1363390 2713.4
1363400 2711.6
1363410 2709.0
1363420 2709.0
1363430 2708.1
1363440 2705.1
1363450 2705.1
1363460 2701.9
1363470 2695.9
1363480 2695.9
1363490 2690.6
1363500 2689.2
1363510 2689.2
1363520 2686.9
1363530 2684.1
1363540 2684.1
1363550 2682.4
1363560 2681.9
1363570 2681.9
1363580 2682.0
1363590 2684.4
1363600 2684.4
1363610 2687.0
1363620 2689.7
1363630 2694.2
1363640 2694.2
1363650 2700.3
1363660 2708.7
1363670 2708.7
1363680 2719.5
1363690 2725.0
1363700 2725.0
1363710 2732.1
1363720 2742.5
1363730 2742.5
1363740 2753.9
1363750 2767.2
1363760 2767.2
1363770 2778.3
1363780 2786.3
1363790 2786.3
1363800 2791.5
1363810 2796.9
1363820 2805.3
1363830 2805.3
1363840 2813.1
1363850 2821.2
1363860 2821.2
1363870 2826.7
1363880 2835.5
1363890 2835.5
1363900 2840.0
1363910 2840.4
1363920 2840.4
1363930 2842.9
1363940 2847.8
1363950 2847.8
1363960 2854.3
1363970 2859.1
1363980 2859.1
1363990 2862.1
1364000 2867.8
1364010 2875.3
1364020 2875.3
1364030 2882.9
1364040 2890.0
1364050 2890.0
1364060 2895.0
1364070 2897.9
1364080 2897.9
1364090 2900.4
1364100 2902.7
1364110 2902.7
1364120 2905.4
1364130 2908.9
1364140 2908.9
1364150 2912.7
1364160 2917.2
1364170 2917.2
1364180 2922.7
1364190 2929.4
1364200 2937.2
1364210 2937.2
1364220 2945.2
1364230 2953.0
1364240 2953.0
1364250 2961.9
1364260 2972.2
1364270 2972.2
1364280 2988.1
1364290 3005.2
1364300 3005.2
1364310 3017.9
1364320 3028.7
1364330 3028.7
1364340 3031.0
1364350 3041.1
1364360 3041.1
1364370 3060.8
1364380 3077.1
1364390 3077.1
1364400 3081.5
1364410 3082.1
1364420 3086.3
1364430 3086.3
1364440 3087.2
1364450 3086.9
1364460 3086.9
1364470 3085.5
1364480 3083.5
1364490 3083.5
1364500 3080.9
1364510 3076.0
1364520 3076.0
1364530 3061.9
1364540 3054.1
1364550 3067.6
1364560 3058.4
1364570 3043.0
1364580 3043.0
1364590 3033.2
1364600 3015.2
1364610 2997.4
1364620 2997.4
1364630 2985.6
1364640 2974.1
1364650 2974.1
1364660 2966.3
1364670 2963.9
1364680 2963.9
1364690 2961.4
1364700 2951.3
1364710 2951.3
1364720 2940.7
1364730 2930.7
1364740 2930.7
1364750 2921.8
1364760 2913.2
1364770 2913.2
1364780 2902.1
1364790 2893.7
1364800 2890.5
1364810 2890.5
1364820 2891.9
1364830 2888.2
1364840 2888.2
1364850 2880.1
1364860 2873.9
1364870 2873.9
1364880 2867.0
1364890 2859.3
1364900 2859.3
1364910 2853.5
1364920 2850.2
1364930 2850.2
1364940 2847.3
1364950 2841.3
1364960 2841.3
1364970 2833.4
1364980 2825.3
1364990 2825.3
1365000 2815.0
1365010 2804.9
1365020 2800.4
1365030 2800.4
1365040 2793.6
1365050 2789.5
1365060 2789.5
1365070 2780.5
1365080 2767.8
1365090 2767.8
1365100 2759.5
1365110 2748.2
1365120 2748.2
1365130 2740.9
1365140 2731.1
1365150 2731.1
1365160 2724.3
1365170 2715.2
1365180 2715.2
1365190 2706.3
1365200 2697.1
1365210 2688.5
1365220 2688.5
1365230 2682.1
1365240 2677.2
1365250 2677.2
1365260 2670.9
1365270 2666.4
1365280 2666.4
1365290 2661.6
1365300 2655.0
1365310 2655.0
1365320 2650.6
1365330 2646.0
1365340 2646.0
1365350 2634.6
1365360 2624.0
1365370 2624.0
1365380 2619.2
1365390 2613.4
1365400 2601.9
1365410 2601.9
1365420 2595.4
1365430 2584.7
1365440 2584.7
1365450 2575.3
1365460 2567.4
1365470 2567.4
1365480 2560.1
1365490 2552.9
1365500 2552.9
1365510 2546.1
1365520 2539.3
1365530 2539.3
1365540 2532.7
1365550 2526.4
1365560 2526.4
1365570 2520.5
1365580 2515.1
1365590 2509.4
1365600 2513.0
1365610 2506.9
1365620 2501.2
1365630 2501.2
1365640 2495.8
1365650 2490.6
1365660 2490.6
1365670 2485.3
1365680 2480.0
1365690 2480.0
1365700 2475.2
1365710 2470.5
1365720 2470.5
1365730 2466.5
1365740 2462.6
1365750 2462.6
1365760 2458.3
1365770 2453.7
1365780 2453.7
1365790 2448.2
1365800 2441.8
1365810 2435.2
1365820 2435.2
1365830 2428.3
1365840 2421.4
1365850 2421.4
1365860 2414.7
1365870 2408.3
1365880 2408.3
1365890 2401.7
1365900 2394.7
1365910 2394.7
1365920 2387.7
1365930 2380.5
1365940 2380.5
1365950 2373.4
1365960 2366.6
1365970 2366.6
1365980 2359.8
1365990 2353.2
1366000 2346.7
1366010 2346.7
1366020 2340.4
1366030 2334.0
1366040 2334.0
1366050 2327.7
1366060 2321.3
1366070 2321.3
1366080 2314.9
1366090 2308.7
1366100 2308.7
1366110 2302.6
1366120 2296.7
1366130 2296.7
1366140 2290.9
1366150 2284.5
1366160 2284.5
1366170 2278.6
1366180 2273.2
1366190 2268.2
1366200 2268.2
1366210 2262.8
1366220 2257.3
1366230 2257.3
1366240 2251.8
1366250 2246.5
1366260 2246.5
1366270 2240.9
1366280 2235.3
1366290 2235.3
1366300 2230.4
1366310 2225.3
1366320 2225.3
1366330 2220.2
1366340 2215.3
1366350 2215.3
1366360 2210.4
1366370 2205.5
1366380 2205.5
1366390 2200.4
1366400 2195.2
1366410 2190.0
1366420 2190.0
1366430 2185.1
1366440 2180.2
1366450 2180.2
1366460 2175.5
1366470 2170.7
1366480 2170.7
1366490 2166.2
1366500 2161.3
1366510 2161.3
1366520 2156.3
1366530 2152.1
1366540 2152.1
1366550 2147.6
1366560 2142.9
1366570 2142.9
1366580 2138.9
1366590 2135.4
1366600 2131.4
1366610 2131.4
1366620 2128.0
1366630 2124.4
1366640 2124.4
1366650 2120.6
1366660 2116.9
1366670 2116.4
1366680 2113.4
1366690 2110.5
1366700 2110.5
1366710 2107.2
1366720 2104.5
1366730 2104.5
1366740 2102.3
1366750 2099.8
1366760 2099.8
1366770 2097.3
1366780 2094.7
1366790 2092.3
1366800 2092.3
1366810 2090.4
1366820 2088.8
1366830 2088.8
1366840 2088.3
1366850 2089.8
1366860 2089.8
1366870 2092.1
1366880 2094.5
1366890 2094.5
1366900 2097.1
1366910 2100.4
1366920 2100.4
1366930 2103.3
1366940 2105.0
1366950 2105.0
1366960 2106.9
1366970 2109.3
1366980 2111.2
1366990 2111.2
1367000 2112.4
1367010 2116.0
1367020 2116.0
1367030 2118.7
1367040 2122.2
1367050 2122.2
1367060 2125.5
1367070 2128.0
1367080 2128.0
1367090 2129.7
1367100 2131.9
1367110 2131.9
1367120 2134.9
1367130 2138.5
1367140 2138.5
1367150 2142.1
1367160 2144.2
1367170 2144.2
1367180 2145.7
1367190 2148.7
1367200 2152.8
1367210 2152.8
1367220 2156.0
1367230 2158.6
1367240 2158.6
1367250 2162.0
1367260 2165.9
1367270 2165.9
1367280 2168.4
1367290 2170.6
1367300 2170.6
1367310 2173.3
1367320 2175.9
1367330 2175.9
1367340 2178.9
1367350 2182.7
1367360 2182.7
1367370 2187.5
1367380 2192.4
1367390 2197.3
1367400 2197.3
1367410 2201.5
1367420 2205.7
1367430 2205.7
1367440 2208.8
1367450 2212.2
1367460 2212.2
1367470 2215.7
1367480 2219.5
1367490 2219.5
1367500 2224.6
1367510 2229.1
1367520 2229.1
1367530 2234.0
1367540 2239.0
1367550 2239.0
1367560 2243.8
1367570 2249.1
1367580 2255.0
1367590 2255.0
1367600 2259.7
1367610 2263.5
1367620 2263.5
1367630 2267.2
1367640 2271.6
1367650 2271.6
1367660 2277.1
1367670 2280.5
1367680 2280.5
1367690 2282.8
1367700 2285.9
1367710 2285.9
1367720 2287.7
1367730 2288.1
1367740 2288.1
1367750 2283.3
1367760 2281.8
1367770 2281.8
1367780 2280.5
1367790 2277.3
1367800 2275.6
1367810 2275.6
1367820 2276.8
1367830 2280.2
1367840 2280.2
1367850 2286.8
1367860 2295.0
1367870 2295.0
1367880 2301.0
1367890 2307.5
1367900 2307.5
1367910 2313.4
1367920 2317.2
1367930 2317.2
1367940 2320.8
1367950 2324.0
1367960 2324.0
1367970 2326.0
1367980 2327.3
1367990 2329.3
1368000 2329.3
1368010 2335.3
1368020 2342.0
1368030 2342.0
1368040 2345.7
1368050 2351.3
1368060 2351.3
1368070 2356.9
1368080 2361.8
1368090 2361.8
1368100 2366.7
1368110 2371.6
1368120 2371.6
1368130 2376.2
1368140 2380.8
1368150 2380.8
1368160 2386.0
1368170 2390.1
1368180 2393.7
1368190 2393.7
1368200 2396.2
1368210 2398.1
1368220 2398.1
1368230 2399.6
1368240 2400.7
1368250 2400.7
1368260 2403.4
1368270 2407.1
1368280 2407.1
1368290 2410.6
1368300 2413.5
1368310 2413.5
1368320 2416.0
1368330 2418.4
1368340 2418.4
1368350 2421.0
1368360 2423.6
1368370 2425.7
1368380 2425.7
1368390 2428.3
1368400 2431.6
1368410 2431.6
1368420 2434.8
1368430 2437.7
1368440 2437.7
1368450 2440.6
1368460 2444.4
1368470 2444.4
1368480 2449.0
1368490 2454.2
1368500 2454.2
1368510 2458.5
1368520 2461.6
1368530 2461.6
1368540 2464.5
1368550 2468.0
1368560 2468.0
1368570 2472.7
1368580 2477.5
1368590 2483.6
1368600 2483.6
1368610 2491.9
1368620 2494.2
1368630 2494.2
1368640 2495.8
1368650 2500.5
1368660 2500.5
1368670 2502.8
1368680 2504.0
1368690 2504.0
1368700 2511.1
1368710 2513.2
1368720 2513.2
1368730 2512.6
1368740 2511.4
1368750 2511.4
1368760 2511.3
1368770 2509.2
1368780 2507.2
1368790 2507.2
1368800 2507.0
1368810 2506.2
1368820 2506.2
1368830 2507.5
1368840 2504.4
1368850 2504.4
1368860 2508.4
1368870 2515.4
1368880 2515.4
1368890 2523.0
1368900 2527.8
1368910 2527.8
1368920 2529.8
1368930 2530.1
1368940 2530.1
1368950 2528.7
1368960 2526.5
1368970 2524.3
1368980 2524.3
1368990 2521.3
1369000 2518.4
1369010 2518.4
1369020 2515.5
1369030 2514.2
1369040 2514.2
1369050 2514.1
1369060 2517.3
1369070 2517.3
1369080 2521.4
1369090 2521.9
1369100 2521.9
1369110 2521.6
1369120 2521.5
1369130 2521.5
1369140 2521.5
1369150 2522.1
1369160 2524.0
1369170 2524.0
1369180 2525.6
1369190 2526.6
1369200 2526.6
1369210 2526.8
1369220 2526.8
1369230 2526.8
1369240 2526.4
1369250 2527.0
1369260 2527.0
1369270 2527.7
1369280 2527.5
1369290 2527.5
1369300 2527.2
1369310 2526.9
1369320 2526.9
1369330 2526.9
1369340 2526.8
1369350 2526.8
1369360 2527.3
1369370 2528.4
1369380 2529.7
1369390 2529.7
1369400 2530.9
1369410 2531.6
1369420 2531.6
1369430 2531.9
1369440 2532.3
1369450 2532.3
1369460 2533.4
1369470 2535.0
1369480 2535.0
1369490 2536.5
1369500 2537.5
1369510 2537.5
1369520 2537.2
1369530 2536.6
1369540 2536.6
1369550 2534.5
1369560 2530.7
1369570 2525.9
1369580 2525.9
1369590 2522.3
1369600 2519.8
1369610 2519.8
1369620 2517.8
1369630 2514.5
1369640 2514.5
1369650 2511.9
1369660 2509.6
1369670 2509.6
1369680 2508.2
1369690 2506.8
1369700 2506.8
1369710 2505.2
1369720 2504.2
1369730 2504.2
1369740 2503.1
1369750 2501.4
1369760 2498.7
1369770 2498.7
1369780 2496.0
1369790 2493.6
1369800 2493.6
1369810 2491.6
1369820 2490.8
1369830 2490.8
1369840 2490.0
1369850 2489.5
1369860 2489.5
1369870 2489.2
1369880 2489.1
1369890 2489.1
1369900 2489.0
1369910 2488.2
1369920 2488.2
1369930 2487.0
1369940 2485.9
1369950 2485.9
1369960 2485.4
1369970 2483.5
1369980 2481.6
1369990 2481.6
1370000 2480.0
1370010 2478.6
1370020 2478.6
1370030 2477.4
1370040 2476.5
1370050 2476.5
1370060 2476.0
1370070 2475.5
1370080 2475.5
1370090 2475.0
1370100 2475.1
1370110 2475.1
1370120 2476.2
1370130 2478.4
1370140 2478.4
1370150 2481.0
1370160 2483.7
1370170 2486.3
1370180 2486.3
1370190 2488.6
1370200 2490.3
1370210 2490.3
1370220 2491.2
1370230 2490.5
1370240 2490.5
1370250 2489.8
1370260 2488.5
1370270 2488.5
1370280 2487.0
1370290 2485.3
1370300 2485.3
1370310 2483.5
1370320 2481.7
1370330 2481.7
1370340 2479.3
1370350 2476.4
1370360 2474.1
1370370 2474.1
1370380 2473.3
1370390 2473.8
1370400 2473.8
1370410 2474.1
1370420 2473.7
1370430 2473.7
1370440 2472.1
1370450 2469.4
1370460 2469.4
1370470 2465.9
1370480 2462.2
1370490 2462.2
1370500 2458.4
1370510 2455.6
1370520 2455.6
1370530 2451.2
1370540 2446.0
1370550 2442.1
1370560 2442.1
1370570 2439.6
1370580 2438.3
1370590 2438.3
1370600 2435.2
1370610 2430.6
1370620 2430.6
1370630 2426.2
1370640 2424.3
1370650 2424.3
1370660 2422.8
1370670 2418.4
1370680 2418.4
1370690 2415.3
1370700 2412.7
1370710 2412.7
1370720 2410.3
1370730 2408.2
1370740 2408.2
1370750 2404.2
1370760 2403.0
1370770 2400.7
1370780 2400.7
1370790 2397.8
1370800 2395.0
1370810 2395.0
1370820 2392.4
1370830 2389.9
1370840 2389.9
1370850 2387.0
1370860 2382.9
1370870 2382.9
1370880 2379.2
1370890 2375.6
1370900 2375.6
1370910 2371.5
1370920 2368.2
1370930 2368.2
1370940 2365.6
1370950 2364.2
1370960 2364.0
1370970 2364.0
1370980 2363.4
1370990 2362.8
1371000 2362.8
1371010 2363.7
1371020 2365.4
1371030 2365.4
1371040 2367.7
1371050 2365.1
1371060 2365.1
1371070 2366.1
1371080 2367.6
1371090 2367.6
1371100 2368.3
1371110 2370.0
1371120 2370.0
1371130 2373.2
1371140 2376.6
1371150 2379.9
1371160 2379.9
1371170 2383.2
1371180 2386.1
1371190 2386.1
1371200 2389.5
1371210 2393.1
1371220 2393.1
1371230 2395.9
1371240 2398.7
1371250 2398.7
1371260 2402.2
1371270 2407.3
1371280 2407.3
1371290 2413.0
1371300 2418.7
1371310 2418.7
1371320 2424.7
1371330 2431.1
1371340 2431.1
1371350 2439.8
1371360 2452.5
1371370 2463.5
1371380 2463.5
1371390 2470.7
1371400 2476.8
1371410 2476.8
1371420 2477.9
1371430 2477.0
1371440 2477.0
1371450 2477.4
1371460 2480.3
1371470 2480.3
1371480 2485.8
1371490 2491.1
1371500 2491.1
1371510 2495.2
1371520 2499.4
1371530 2499.4
1371540 2503.8
1371550 2507.9
1371560 2510.3
1371570 2510.3
1371580 2510.4
1371590 2510.3
1371600 2510.3
1371610 2509.4
1371620 2507.7
1371630 2507.7
1371640 2506.3
1371650 2508.4
1371660 2508.4
1371670 2512.2
1371680 2517.8
1371690 2517.8
1371700 2521.0
1371710 2522.8
1371720 2522.8
1371730 2525.0
1371740 2527.2
1371750 2528.3
1371760 2528.3
1371770 2528.0
1371780 2527.7
1371790 2527.7
1371800 2528.1
1371810 2530.1
1371820 2530.1
1371830 2532.7
1371840 2535.9
1371850 2535.9
1371860 2538.8
1371870 2543.4
1371880 2543.4
1371890 2551.0
1371900 2561.8
1371910 2561.8
1371920 2571.8
1371930 2581.6
1371940 2593.6
1371950 2593.6
1371960 2608.6
1371970 2623.7
1371980 2623.7
1371990 2635.4
1372000 2647.9
1372010 2647.9
1372020 2658.9
1372030 2660.9
1372040 2660.9
1372050 2657.5
1372060 2653.8
1372070 2653.8
1372080 2650.9
1372090 2648.3
1372100 2648.3
1372110 2645.7
1372120 2642.1
1372130 2642.1
1372140 2638.3
1372150 2631.3
1372160 2620.5
1372170 2614.7
1372180 2606.3
1372190 2598.1
1372200 2598.1
1372210 2591.4
1372220 2581.8
1372230 2581.8
1372240 2571.9
1372250 2565.7
1372260 2565.7
1372270 2560.4
1372280 2556.4
1372290 2556.4
1372300 2554.1
1372310 2552.6
1372320 2552.6
1372330 2551.7
1372340 2551.4
1372350 2551.4
1372360 2551.4
1372370 2553.3
1372380 2555.6
1372390 2555.6
1372400 2559.3
1372410 2562.0
1372420 2562.0
1372430 2562.8
1372440 2560.1
1372450 2560.1
1372460 2558.2
1372470 2558.3
1372480 2558.3
1372490 2560.6
1372500 2561.4
1372510 2561.4
1372520 2560.0
1372530 2558.3
1372540 2558.8
1372550 2558.8
1372560 2559.8
1372570 2562.0
1372580 2562.0
1372590 2563.8
1372600 2565.3
1372610 2565.3
1372620 2566.7
1372630 2566.4
1372640 2566.4
1372650 2565.7
1372660 2566.9
1372670 2566.9
1372680 2568.8
1372690 2570.9
1372700 2570.9
1372710 2571.0
1372720 2571.4
1372730 2572.2
1372740 2572.2
1372750 2574.0
1372760 2575.4
1372770 2575.4
1372780 2575.2
1372790 2574.0
1372800 2574.0
1372810 2572.1
1372820 2569.3
1372830 2569.3
1372840 2566.5
1372850 2565.4
1372860 2565.4
1372870 2564.8
1372880 2564.3
1372890 2564.3
1372900 2564.5
1372910 2565.2
1372920 2565.2
1372930 2565.3
1372940 2565.4
1372950 2565.9
1372960 2565.9
1372970 2565.9
1372980 2566.0
1372990 2566.0
1373000 2567.1
1373010 2569.2
1373020 2569.2
1373030 2571.5
1373040 2573.6
1373050 2573.6
1373060 2574.6
1373070 2575.4
1373080 2575.4
1373090 2576.1
1373100 2577.2
1373110 2577.2
1373120 2578.5
1373130 2580.8
1373140 2583.2
1373150 2583.2
1373160 2586.5
1373170 2591.1
1373180 2591.1
1373190 2596.3
1373200 2600.9
1373210 2600.9
1373220 2602.6
1373230 2601.5
1373240 2601.5
1373250 2600.7
1373260 2600.5
1373270 2600.5
1373280 2599.6
1373290 2602.5
1373300 2605.5
1373310 2610.6
1373320 2612.8
1373330 2614.0
1373340 2614.0
1373350 2615.8
1373360 2617.9
1373370 2617.9
1373380 2621.1
1373390 2625.0
1373400 2625.0
1373410 2629.7
1373420 2635.2
1373430 2635.2
1373440 2641.6
1373450 2648.4
1373460 2648.4
1373470 2655.0
1373480 2661.7
1373490 2661.7
1373500 2669.1
1373510 2676.8
1373520 2676.8
1373530 2684.6
1373540 2692.4
1373550 2701.0
1373560 2701.0
1373570 2711.7
1373580 2725.4
1373590 2725.4
1373600 2741.8
1373610 2762.8
1373620 2762.8
1373630 2773.7
1373640 2768.1
1373650 2768.1
1373660 2758.3
1373670 2747.3
1373680 2747.3
1373690 2738.8
1373700 2731.8
1373710 2731.8
1373720 2726.1
1373730 2719.4
1373740 2711.6
1373750 2711.6
1373760 2704.2
1373770 2697.8
1373780 2697.8
1373790 2693.7
1373800 2690.8
1373810 2690.8
1373820 2688.2
1373830 2686.5
1373840 2686.5
1373850 2684.2
1373860 2680.4
1373870 2680.4
1373880 2676.5
1373890 2674.0
1373900 2674.0
1373910 2672.4
1373920 2669.9
1373930 2667.2
1373940 2667.2
1373950 2665.5
1373960 2663.6
1373970 2663.6
1373980 2662.8
1373990 2660.3
1374000 2660.3
1374010 2655.9
1374020 2651.4
1374030 2651.4
1374040 2649.4
1374050 2646.6
1374060 2646.6
1374070 2643.2
1374080 2639.7
1374090 2639.7
1374100 2636.4
1374110 2632.5
1374120 2628.1
1374130 2628.1
1374140 2624.2
1374150 2622.7
1374160 2622.7
1374170 2622.5
1374180 2622.5
1374190 2622.5
1374200 2622.7
1374210 2623.0
1374220 2623.0
1374230 2623.0
1374240 2622.9
1374250 2622.9
1374260 2622.9
1374270 2623.0
1374280 2623.0
1374290 2622.2
1374300 2620.7
1374310 2620.7
1374320 2618.3
1374330 2614.5
1374340 2611.0
1374350 2611.0
1374360 2607.5
1374370 2604.4
1374380 2604.4
1374390 2602.0
1374400 2600.2
1374410 2600.2
1374420 2597.9
1374430 2595.2
1374440 2593.1
1374450 2590.8
1374460 2588.5
1374470 2588.5
1374480 2586.6
1374490 2585.0
1374500 2585.0
1374510 2582.3
1374520 2578.8
1374530 2575.5
1374540 2575.5
1374550 2573.2
1374560 2572.4
1374570 2572.4
1374580 2572.1
1374590 2571.9
1374600 2571.9
1374610 2571.9
1374620 2572.2
1374630 2572.2
1374640 2573.0
1374650 2574.9
1374660 2574.9
1374670 2577.0
1374680 2579.4
1374690 2579.4
1374700 2580.3
1374710 2581.2
1374720 2582.2
1374730 2582.2
1374740 2583.7
1374750 2585.7
1374760 2585.7
1374770 2588.0
1374780 2590.2
1374790 2590.2
1374800 2590.9
1374810 2591.1
1374820 2591.1
1374830 2592.2
1374840 2596.9
1374850 2596.9
1374860 2600.7
1374870 2600.2
1374880 2600.2
1374890 2600.1
1374900 2600.2
1374910 2600.2
1374920 2601.3
1374930 2602.1
1374940 2603.3
1374950 2603.3
1374960 2605.5
1374970 2609.2
1374980 2609.2
1374990 2611.7
1375000 2611.6
1375010 2611.6
1375020 2610.6
1375030 2611.0
1375040 2611.0
1375050 2613.4
1375060 2617.1
1375070 2617.1
1375080 2621.3
1375090 2626.4
1375100 2626.4
1375110 2632.5
1375120 2638.7
1375130 2644.6
1375140 2644.6
1375150 2650.9
1375160 2661.1
1375170 2661.1
1375180 2671.7
1375190 2681.0
1375200 2681.0
1375210 2690.0
1375220 2699.7
1375230 2699.7
1375240 2710.9
1375250 2725.4
1375260 2725.4
1375270 2743.2
1375280 2761.6
1375290 2761.6
1375300 2777.0
1375310 2781.8
1375320 2780.4
1375330 2780.4
1375340 2779.8
1375350 2783.7
1375360 2783.7
1375370 2786.3
1375380 2780.1
1375390 2780.1
1375400 2772.8
1375410 2766.2
1375420 2766.2
1375430 2760.5
1375440 2754.8
1375450 2754.8
1375460 2748.4
1375470 2743.0
1375480 2743.0
1375490 2736.0
1375500 2727.2
1375510 2717.7
1375520 2717.7
1375530 2707.8
1375540 2690.7
1375550 2690.7
1375560 2673.6
1375570 2665.4
1375580 2665.4
1375590 2654.7
1375600 2648.0
1375610 2648.0
1375620 2641.1
1375630 2630.2
1375640 2630.2
1375650 2619.8
1375660 2610.7
1375670 2610.7
1375680 2602.7
1375690 2597.2
1375700 2597.2
1375710 2591.4
1375720 2585.3
1375730 2579.1
1375740 2579.1
1375750 2572.6
1375760 2566.1
1375770 2566.1
1375780 2559.7
1375790 2553.2
1375800 2553.2
1375810 2546.8
1375820 2540.5
1375830 2540.5
1375840 2534.3
1375850 2528.2
1375860 2528.2
1375870 2522.1
1375880 2516.6
1375890 2516.6
1375900 2511.4
1375910 2506.8
1375920 2502.8
1375930 2502.8
1375940 2498.7
1375950 2494.7
1375960 2494.7
1375970 2490.6
1375980 2486.5
1375990 2486.5
1376000 2482.3
1376010 2478.0
1376020 2478.0
1376030 2473.7
1376040 2469.7
1376050 2469.7
1376060 2466.0
1376070 2462.5
1376080 2462.5
1376090 2459.1
1376100 2455.7
1376110 2452.5
1376120 2452.5
1376130 2449.2
1376140 2445.9
1376150 2445.9
1376160 2443.2
1376170 2440.8
1376180 2440.8
1376190 2438.2
1376200 2435.8
1376210 2435.8
1376220 2434.0
1376230 2432.9
1376240 2432.9
1376250 2431.7
1376260 2431.2
1376270 2431.2
1376280 2430.5
1376290 2429.3
1376300 2428.2
1376310 2428.2
1376320 2427.0
1376330 2425.8
1376340 2425.8
1376350 2424.3
1376360 2423.1
1376370 2423.1
1376380 2421.8
1376390 2420.4
1376400 2420.4
1376410 2419.6
1376420 2418.7
1376430 2418.7
1376440 2417.5
1376450 2416.7
1376460 2416.7
1376470 2416.4
1376480 2415.7
1376490 2415.7
1376500 2415.6
1376510 2416.1
1376520 2417.0
1376530 2417.0
1376540 2418.5
1376550 2419.8
1376560 2419.8
1376570 2420.0
1376580 2419.5
1376590 2419.5
1376600 2418.5
1376610 2418.0
1376620 2418.0
1376630 2417.9
1376640 2418.1
1376650 2418.1
1376660 2419.1
1376670 2420.3
1376680 2420.3
1376690 2421.3
1376700 2422.1
1376710 2422.7
1376720 2422.7
1376730 2423.8
1376740 2425.9
1376750 2425.9
1376760 2423.6
1376770 2424.1
1376780 2424.1
1376790 2424.7
1376800 2424.6
1376810 2424.6
1376820 2423.4
1376830 2422.2
1376840 2422.2
1376850 2421.4
1376860 2421.0
1376870 2421.0
1376880 2421.4
1376890 2421.7
1376900 2422.0
1376910 2422.0
1376920 2422.6
1376930 2423.3
1376940 2423.3
1376950 2423.6
1376960 2423.1
1376970 2423.1
1376980 2422.1
1376990 2420.9
1377000 2420.9
1377010 2420.7
1377020 2420.5
1377030 2420.5
1377040 2420.3
1377050 2420.4
1377060 2420.4
1377070 2419.4
1377080 2416.7
1377090 2416.7
1377100 2413.3
1377110 2410.0
1377120 2407.5
1377130 2407.5
1377140 2406.1
1377150 2405.4
1377160 2405.4
1377170 2404.6
1377180 2402.8
1377190 2402.8
1377200 2399.9
1377210 2396.4
1377220 2396.4
1377230 2393.3
1377240 2391.0
1377250 2391.0
1377260 2389.2
1377270 2387.1
1377280 2387.1
1377290 2384.5
1377300 2381.7
1377310 2379.1
1377320 2379.1
1377330 2377.0
1377340 2374.7
1377350 2374.7
1377360 2372.5
1377370 2370.3
1377380 2370.3
1377390 2368.4
1377400 2367.6
1377410 2367.6
1377420 2367.1
1377430 2366.1
1377440 2366.1
1377450 2363.8
1377460 2361.3
1377470 2361.3
1377480 2359.2
1377490 2356.8
1377500 2354.9
1377510 2354.9
1377520 2353.8
1377530 2352.9
1377540 2352.9
1377550 2352.9
1377560 2352.8
1377570 2352.8
1377580 2351.8
1377590 2350.0
1377600 2350.0
1377610 2348.5
1377620 2346.8
1377630 2346.8
1377640 2342.6
1377650 2336.1
1377660 2336.1
1377670 2330.9
1377680 2328.3
1377690 2325.8
1377700 2325.8
1377710 2323.2
1377720 2320.6
1377730 2320.6
1377740 2317.6
1377750 2313.8
1377760 2313.8
1377770 2309.3
1377780 2304.3
1377790 2304.3
1377800 2298.7
1377810 2292.8
1377820 2292.8
1377830 2286.7
1377840 2281.3
1377850 2281.3
1377860 2276.5
1377870 2272.5
1377880 2272.5
1377890 2269.2
1377900 2265.9
1377910 2261.2
1377920 2261.2
1377930 2255.0
1377940 2243.1
1377950 2243.1
1377960 2237.2
1377970 2232.0
1377980 2232.0
1377990 2226.6
1378000 2219.5
1378010 2219.5
1378020 2212.3
1378030 2205.0
1378040 2205.0
1378050 2198.3
1378060 2192.8
1378070 2192.8
1378080 2187.9
1378090 2183.0
1378100 2178.1
1378110 2178.1
1378120 2171.8
1378130 2164.4
1378140 2164.4
1378150 2156.6
1378160 2149.0
1378170 2149.0
1378180 2143.0
1378190 2136.7
1378200 2136.7
1378210 2129.7
1378220 2123.5
1378230 2123.5
1378240 2117.6
1378250 2111.9
1378260 2111.9
1378270 2107.0
1378280 2102.8
1378290 2097.5
1378300 2097.5
1378310 2090.6
1378320 2084.5
1378330 2084.5
1378340 2080.7
1378350 2077.8
1378360 2077.8
1378370 2075.3
1378380 2072.5
1378390 2072.5
1378400 2069.6
1378410 2067.0
1378420 2067.0
1378430 2065.0
1378440 2063.7
1378450 2063.7
1378460 2062.4
1378470 2060.6
1378480 2058.1
1378490 2058.1
1378500 2055.7
1378510 2054.3
1378520 2054.3
1378530 2052.8
1378540 2053.3
1378550 2053.3
1378560 2054.9
1378570 2055.1
1378580 2055.1
1378590 2055.9
1378600 2059.3
1378610 2059.3
1378620 2061.7
1378630 2063.2
1378640 2063.2
1378650 2065.4
1378660 2068.7
1378670 2068.7
1378680 2073.1
1378690 2077.4
1378700 2082.0
1378710 2082.0
1378720 2087.1
1378730 2092.6
1378740 2092.6
1378750 2097.8
1378760 2102.3
1378770 2102.3
1378780 2106.5
1378790 2111.2
1378800 2111.2
1378810 2116.3
1378820 2120.8
1378830 2120.8
1378840 2124.5
1378850 2127.8
1378860 2127.8
1378870 2132.2
1378880 2134.4
1378890 2135.0
1378900 2135.0
1378910 2136.9
1378920 2139.4
1378930 2139.4
1378940 2141.9
1378950 2145.8
1378960 2145.8
1378970 2150.8
1378980 2156.0
1378990 2156.0
1379000 2167.1
1379010 2174.7
1379020 2174.7
1379030 2175.9
1379040 2180.1
1379050 2180.1
1379060 2186.6
1379070 2184.1
1379080 2177.3
1379090 2177.3
1379100 2187.6
1379110 2204.1
1379120 2204.1
1379130 2224.4
1379140 2235.0
1379150 2235.0
1379160 2239.9
1379170 2243.1
1379180 2243.1
1379190 2245.7
1379200 2246.6
1379210 2246.6
1379220 2247.9
1379230 2248.6
1379240 2248.6
1379250 2259.1
1379260 2265.6
1379270 2265.6
1379280 2272.0
1379290 2284.2
1379300 2294.8
1379310 2294.8
1379320 2305.6
1379330 2306.5
1379340 2306.5
1379350 2305.5
1379360 2309.2
1379370 2309.2
1379380 2318.6
1379390 2321.0
1379400 2321.0
1379410 2318.3
1379420 2317.3
1379430 2317.3
1379440 2319.0
1379450 2318.9
1379460 2318.9
1379470 2316.2
1379480 2323.6
1379490 2331.8
1379500 2331.8
1379510 2336.4
1379520 2337.8
1379530 2337.8
1379540 2340.8
1379550 2345.0
1379560 2345.0
1379570 2351.0
1379580 2354.6
1379590 2354.6
1379600 2356.5
1379610 2358.4
1379620 2358.4
1379630 2360.8
1379640 2362.1
1379650 2362.1
1379660 2363.0
1379670 2362.8
1379680 2362.7
1379690 2362.7
1379700 2360.2
1379710 2355.1
1379720 2355.1
1379730 2353.7
1379740 2355.0
1379750 2355.0
1379760 2356.8
1379770 2357.2
1379780 2357.2
1379790 2359.3
1379800 2365.6
1379810 2365.6
1379820 2370.4
1379830 2374.3
1379840 2374.3
1379850 2380.6
1379860 2383.9
1379870 2386.4
1379880 2386.4
1379890 2390.1
1379900 2393.2
1379910 2393.2
1379920 2397.2
1379930 2402.1
1379940 2402.1
1379950 2406.6
1379960 2412.6
1379970 2412.6
1379980 2416.3
1379990 2417.0
