1360000 2532.7
1360010 2539.2
1360020 2539.2
1360030 2543.5
1360040 2546.9
1360050 2546.9
1360060 2547.5
1360070 2549.1
1360080 2549.1
1360090 2553.3
1360100 2558.3
1360110 2562.9
1360120 2562.9
1360130 2567.3
1360140 2573.8
1360150 2573.8
1360160 2586.4
1360170 2587.9
1360180 2587.9
1360190 2585.1
1360200 2582.9
1360210 2582.9
1360220 2581.2
1360230 2580.7
1360240 2580.7
1360250 2582.0
1360260 2582.2
1360270 2582.2
1360280 2579.5
1360290 2580.4
1360300 2580.4
1360310 2585.9
1360320 2589.7
1360330 2596.7
1360340 2596.7
1360350 2599.0
1360360 2600.0
1360370 2600.0
1360380 2600.1
1360390 2598.7
1360400 2598.7
1360410 2597.8
1360420 2596.5
1360430 2596.5
1360440 2596.3
1360450 2595.2
1360460 2595.2
1360470 2592.1
1360480 2590.7
1360490 2590.7
1360500 2589.6
1360510 2588.3
1360520 2587.9
1360530 2587.9
1360540 2589.1
1360550 2594.4
1360560 2594.4
1360570 2601.9
1360580 2605.2
1360590 2605.2
1360600 2604.0
1360610 2604.0
1360620 2604.0
1360630 2605.5
1360640 2603.4
1360650 2603.4
1360660 2600.7
1360670 2599.6
1360680 2599.6
1360690 2602.0
1360700 2604.7
1360710 2606.1
1360720 2606.1
1360730 2612.9
1360740 2615.7
1360750 2615.7
1360760 2614.8
1360770 2612.1
1360780 2612.1
1360790 2610.7
1360800 2611.4
1360810 2611.4
1360820 2610.2
1360830 2607.6
1360840 2607.6
1360850 2603.5
1360860 2599.0
1360870 2599.0
1360880 2596.3
1360890 2594.5
1360900 2594.5
1360910 2592.8
1360920 2592.5
1360930 2594.6
1360940 2594.6
1360950 2596.8
1360960 2598.5
1360970 2598.5
1360980 2598.7
1360990 2599.2
1361000 2599.2
1361010 2602.1
1361020 2605.4
1361030 2605.4
1361040 2607.6
1361050 2609.1
1361060 2609.1
1361070 2609.7
1361080 2608.8
1361090 2608.8
1361100 2607.0
1361110 2605.2
1361120 2606.7
1361130 2606.7
1361140 2609.5
1361150 2609.7
1361160 2609.7
1361170 2608.7
1361180 2608.3
1361190 2608.3
1361200 2608.5
1361210 2608.6
1361220 2608.6
1361230 2608.3
1361240 2608.7
1361250 2608.7
1361260 2606.6
1361270 2602.4
1361280 2602.4
1361290 2598.4
1361300 2596.3
1361310 2597.2
1361320 2597.2
1361330 2597.9
1361340 2596.9
1361350 2596.9
1361360 2595.2
1361370 2593.0
1361380 2593.0
1361390 2590.7
1361400 2589.2
1361410 2589.2
1361420 2586.6
1361430 2584.3
1361440 2584.3
1361450 2582.2
1361460 2579.9
1361470 2579.9
1361480 2578.9
1361490 2578.6
1361500 2578.4
1361510 2578.4
1361520 2578.4
1361530 2578.3
1361540 2578.3
1361550 2580.2
1361560 2581.6
1361570 2581.6
1361580 2583.4
1361590 2585.4
1361600 2585.4
1361610 2586.9
1361620 2587.0
1361630 2587.0
1361640 2586.4
1361650 2586.2
1361660 2586.2
1361670 2586.6
1361680 2586.7
1361690 2586.7
1361700 2586.9
1361710 2588.2
1361720 2589.4
1361730 2589.4
1361740 2591.1
1361750 2593.8
1361760 2593.8
1361770 2597.2
1361780 2598.8
1361790 2598.8
1361800 2598.3
1361810 2598.3
1361820 2598.3
1361830 2599.3
1361840 2601.2
1361850 2601.2
1361860 2604.9
1361870 2609.7
1361880 2609.7
1361890 2615.4
1361900 2621.9
1361910 2628.4
1361920 2628.4
1361930 2634.7
1361940 2641.2
1361950 2641.2
1361960 2648.2
1361970 2655.2
1361980 2655.2
1361990 2661.7
1362000 2668.6
1362010 2668.6
1362020 2675.8
1362030 2683.1
1362040 2683.1
1362050 2690.3
1362060 2697.8
1362070 2697.8
1362080 2705.4
1362090 2718.1
1362100 2735.5
1362110 2735.5
1362120 2754.0
1362130 2774.4
1362140 2774.4
1362150 2787.3
1362160 2800.8
1362170 2800.8
1362180 2815.2
1362190 2830.6
1362200 2830.6
1362210 2847.0
1362220 2862.7
1362230 2862.7
1362240 2864.3
1362250 2861.3
1362260 2861.3
1362270 2857.7
1362280 2854.4
1362290 2854.4
1362300 2849.0
1362310 2842.2
1362320 2836.6
1362330 2836.6
1362340 2831.0
1362350 2826.0
1362360 2826.0
1362370 2821.7
1362380 2815.4
1362390 2815.4
1362400 2809.3
1362410 2804.5
1362420 2804.5
1362430 2800.3
1362440 2796.4
1362450 2796.4
1362460 2792.7
1362470 2788.0
1362480 2788.0
1362490 2783.4
1362500 2780.7
1362510 2779.4
1362520 2779.4
1362530 2780.0
1362540 2779.6
1362550 2779.6
1362560 2777.8
1362570 2776.6
1362580 2776.6
1362590 2775.4
1362600 2775.7
1362610 2775.7
1362620 2778.2
1362630 2779.8
1362640 2779.8
1362650 2778.2
1362660 2778.0
1362670 2778.0
1362680 2778.1
1362690 2777.7
1362700 2777.2
1362710 2777.2
1362720 2777.4
1362730 2781.6
1362740 2781.6
1362750 2784.4
1362760 2786.2
1362770 2786.2
1362780 2787.2
1362790 2788.0
1362800 2788.0
1362810 2787.7
1362820 2787.8
1362830 2787.8
1362840 2786.0
1362850 2781.5
1362860 2781.5
1362870 2774.6
1362880 2775.0
1362890 2775.0
1362900 2779.6
1362910 2780.7
1362920 2780.8
1362930 2780.8
1362940 2779.6
1362950 2779.5
1362960 2779.5
1362970 2778.8
1362980 2777.5
1362990 2777.5
1363000 2775.1
1363010 2773.1
1363020 2773.1
1363030 2771.5
1363040 2769.5
1363050 2769.5
1363060 2767.6
1363070 2765.7
1363080 2765.7
1363090 2764.4
1363100 2764.4
1363110 2766.2
1363120 2766.2
1363130 2767.0
1363140 2766.7
1363150 2766.7
1363160 2765.5
1363170 2764.0
1363180 2764.0
1363190 2762.0
1363200 2758.3
1363210 2758.3
1363220 2753.7
1363230 2749.2
1363240 2749.2
1363250 2743.9
1363260 2738.8
1363270 2738.8
1363280 2737.0
1363290 2735.7
1363300 2734.2
1363310 2734.2
1363320 2734.3
1363330 2735.1
1363340 2735.1
1363350 2738.2
1363360 2744.6
1363370 2744.6
1363380 2749.2
1363390 2753.8
1363400 2753.8
1363410 2758.6
1363420 2758.7
1363430 2758.7
1363440 2759.1
1363450 2761.4
1363460 2761.4
1363470 2762.8
1363480 2762.1
1363490 2763.0
1363500 2763.0
1363510 2764.7
1363520 2767.4
1363530 2767.4
1363540 2772.4
1363550 2779.2
1363560 2779.2
1363570 2784.9
1363580 2791.3
1363590 2791.3
1363600 2803.8
1363610 2819.4
1363620 2819.4
1363630 2825.2
1363640 2824.8
1363650 2824.8
1363660 2824.2
1363670 2825.9
1363680 2825.9
1363690 2828.2
1363700 2826.6
1363710 2822.7
1363720 2822.7
1363730 2816.6
1363740 2812.0
1363750 2812.0
1363760 2809.2
1363770 2808.1
1363780 2808.1
1363790 2811.1
1363800 2811.1
1363810 2811.1
1363820 2808.5
1363830 2807.7
1363840 2807.7
1363850 2808.2
1363860 2808.9
1363870 2808.9
1363880 2811.6
1363890 2814.5
1363900 2817.7
1363910 2817.7
1363920 2822.7
1363930 2828.6
1363940 2828.6
1363950 2834.7
1363960 2841.6
1363970 2841.6
1363980 2847.5
1363990 2853.2
1364000 2853.2
1364010 2862.5
1364020 2874.2
1364030 2874.2
1364040 2882.1
1364050 2891.2
1364060 2891.2
1364070 2902.9
1364080 2911.2
1364090 2921.3
1364100 2921.3
1364110 2925.6
1364120 2920.9
1364130 2920.9
1364140 2910.1
1364150 2900.3
1364160 2900.3
1364170 2889.4
1364180 2879.2
1364190 2879.2
1364200 2864.8
1364210 2852.0
1364220 2852.0
1364230 2831.8
1364240 2821.3
1364250 2821.3
1364260 2816.9
1364270 2812.6
1364280 2812.6
1364290 2811.3
1364300 2816.0
1364310 2826.1
1364320 2826.1
1364330 2826.8
1364340 2824.7
1364350 2824.7
1364360 2817.8
1364370 2812.5
1364380 2812.5
1364390 2806.4
1364400 2798.6
1364410 2798.6
1364420 2788.3
1364430 2776.5
1364440 2776.5
1364450 2767.6
1364460 2763.5
1364470 2763.5
1364480 2759.8
1364490 2753.3
1364500 2749.9
1364510 2749.9
1364520 2745.0
1364530 2737.9
1364540 2737.9
1364550 2727.5
1364560 2713.8
1364570 2713.8
1364580 2701.3
1364590 2689.7
1364600 2689.7
1364610 2680.9
1364620 2668.4
1364630 2668.4
1364640 2651.0
1364650 2633.6
1364660 2633.6
1364670 2616.7
1364680 2608.9
1364690 2598.7
1364700 2598.7
1364710 2585.2
1364720 2577.4
1364730 2577.4
1364740 2570.1
1364750 2561.8
1364760 2561.8
1364770 2554.1
1364780 2546.4
1364790 2546.4
1364800 2539.2
1364810 2532.6
1364820 2532.6
1364830 2524.4
1364840 2514.8
1364850 2514.8
1364860 2509.9
1364870 2508.0
1364880 2508.0
1364890 2505.8
1364900 2504.0
1364910 2501.9
1364920 2501.9
1364930 2499.4
1364940 2496.0
1364950 2496.0
1364960 2491.7
1364970 2487.6
1364980 2487.6
1364990 2482.5
1365000 2477.5
1365010 2477.5
1365020 2472.9
1365030 2469.0
1365040 2473.4
1365050 2469.6
1365060 2466.0
1365070 2466.0
1365080 2463.6
1365090 2460.6
1365100 2456.7
1365110 2456.7
1365120 2452.8
1365130 2448.6
1365140 2448.6
1365150 2444.3
1365160 2440.2
1365170 2440.2
1365180 2436.3
1365190 2432.1
1365200 2432.1
1365210 2428.0
1365220 2424.1
1365230 2424.1
1365240 2420.7
1365250 2417.3
1365260 2417.3
1365270 2414.3
1365280 2411.0
1365290 2407.7
1365300 2407.7
1365310 2404.9
1365320 2401.8
1365330 2401.8
1365340 2398.0
1365350 2394.4
1365360 2394.4
1365370 2391.4
1365380 2387.9
1365390 2387.9
1365400 2384.6
1365410 2381.8
1365420 2381.8
1365430 2379.1
1365440 2376.5
1365450 2376.5
1365460 2373.8
1365470 2371.0
1365480 2368.3
1365490 2368.3
1365500 2365.6
1365510 2363.0
1365520 2363.0
1365530 2360.2
1365540 2357.1
1365550 2357.1
1365560 2353.7
1365570 2349.5
1365580 2349.5
1365590 2346.3
1365600 2344.9
1365610 2344.9
1365620 2344.1
1365630 2344.1
1365640 2344.1
1365650 2343.8
1365660 2342.1
1365670 2342.1
1365680 2341.3
1365690 2341.9
1365700 2342.8
1365710 2342.8
1365720 2345.6
1365730 2349.4
1365740 2349.4
1365750 2350.5
1365760 2350.7
1365770 2350.7
1365780 2351.2
1365790 2350.6
1365800 2350.6
1365810 2349.9
1365820 2349.4
1365830 2349.4
1365840 2348.5
1365850 2347.7
1365860 2347.7
1365870 2346.8
1365880 2346.0
1365890 2345.5
1365900 2345.5
1365910 2344.5
1365920 2342.6
1365930 2342.6
1365940 2340.7
1365950 2339.2
1365960 2339.2
1365970 2337.6
1365980 2335.7
1365990 2335.7
1366000 2333.3
1366010 2331.0
1366020 2331.0
1366030 2328.6
1366040 2326.6
1366050 2326.6
1366060 2324.9
1366070 2323.6
1366080 2321.5
1366090 2321.5
1366100 2319.5
1366110 2309.9
1366120 2309.9
1366130 2306.2
1366140 2302.3
1366150 2302.3
1366160 2298.9
1366170 2294.9
1366180 2294.9
1366190 2290.9
1366200 2288.4
1366210 2288.4
1366220 2285.0
1366230 2280.0
1366240 2280.0
1366250 2275.0
1366260 2270.2
1366270 2270.2
1366280 2265.8
1366290 2263.0
1366300 2261.0
1366310 2261.0
1366320 2258.8
1366330 2257.3
1366340 2257.3
1366350 2256.2
1366360 2255.6
1366370 2255.6
1366380 2255.8
1366390 2255.4
1366400 2255.4
1366410 2255.2
1366420 2255.2
1366430 2255.2
1366440 2254.9
1366450 2253.7
1366460 2253.7
1366470 2250.5
1366480 2247.0
1366490 2244.8
1366500 2244.8
1366510 2248.5
1366520 2252.6
1366530 2252.6
1366540 2255.7
1366550 2258.8
1366560 2258.8
1366570 2262.3
1366580 2265.6
1366590 2265.6
1366600 2268.4
1366610 2271.5
1366620 2271.5
1366630 2274.3
1366640 2277.6
1366650 2277.6
1366660 2280.6
1366670 2282.9
1366680 2285.4
1366690 2285.4
1366700 2288.4
1366710 2291.0
1366720 2291.0
1366730 2293.1
1366740 2298.7
1366750 2298.7
1366760 2304.1
1366770 2308.0
1366780 2308.0
1366790 2310.8
1366800 2313.3
1366810 2313.3
1366820 2314.3
1366830 2318.2
1366840 2318.2
1366850 2324.3
1366860 2328.1
1366870 2328.1
1366880 2331.4
1366890 2334.5
1366900 2338.1
1366910 2338.1
1366920 2341.5
1366930 2344.0
1366940 2344.0
1366950 2346.2
1366960 2349.3
1366970 2349.3
1366980 2352.0
1366990 2354.1
1367000 2354.1
1367010 2355.8
1367020 2357.0
1367030 2357.0
1367040 2357.7
1367050 2357.9
1367060 2357.9
1367070 2360.2
1367080 2363.1
1367090 2365.6
1367100 2365.6
1367110 2368.1
1367120 2370.2
1367130 2370.2
1367140 2372.0
1367150 2373.5
1367160 2373.5
1367170 2376.8
1367180 2375.6
1367190 2375.6
1367200 2377.8
1367210 2379.9
1367220 2379.9
1367230 2382.4
1367240 2384.5
1367250 2384.5
1367260 2385.4
1367270 2384.9
1367280 2384.4
1367290 2384.4
1367300 2383.0
1367310 2381.6
1367320 2381.6
1367330 2381.3
1367340 2383.6
1367350 2383.6
1367360 2388.3
1367370 2393.2
1367380 2393.2
1367390 2397.1
1367400 2400.6
1367410 2400.6
1367420 2403.7
1367430 2407.2
1367440 2407.2
1367450 2410.9
1367460 2414.8
1367470 2418.6
1367480 2418.6
1367490 2422.3
1367500 2425.7
1367510 2425.7
1367520 2428.5
1367530 2432.2
1367540 2432.2
1367550 2437.3
1367560 2440.9
1367570 2440.9
1367580 2442.1
1367590 2443.0
1367600 2443.0
1367610 2443.6
1367620 2444.6
1367630 2444.6
1367640 2446.0
1367650 2447.5
1367660 2447.5
1367670 2449.6
1367680 2451.5
1367690 2453.0
1367700 2453.0
1367710 2453.0
1367720 2452.4
1367730 2452.4
1367740 2452.0
1367750 2451.9
1367760 2451.9
1367770 2452.2
1367780 2453.7
1367790 2453.7
1367800 2456.8
1367810 2461.1
1367820 2461.1
1367830 2466.2
1367840 2472.7
1367850 2472.7
1367860 2478.8
1367870 2484.5
1367880 2489.9
1367890 2489.9
1367900 2495.3
1367910 2500.5
1367920 2500.5
1367930 2505.7
1367940 2509.8
1367950 2509.8
1367960 2513.2
1367970 2516.7
1367980 2516.7
1367990 2519.9
1368000 2523.2
1368010 2523.2
1368020 2526.0
1368030 2528.2
1368040 2528.2
1368050 2529.0
1368060 2528.4
1368070 2527.4
1368080 2527.4
1368090 2526.4
1368100 2526.8
1368110 2526.8
1368120 2527.3
1368130 2527.3
1368140 2527.3
1368150 2527.4
1368160 2528.4
1368170 2528.4
1368180 2531.9
1368190 2536.1
1368200 2536.1
1368210 2539.6
1368220 2542.8
1368230 2542.8
1368240 2546.3
1368250 2550.7
1368260 2546.1
1368270 2550.3
1368280 2555.5
1368290 2559.8
1368300 2559.8
1368310 2561.1
1368320 2565.0
1368330 2565.0
1368340 2570.7
1368350 2577.3
1368360 2577.3
1368370 2584.3
1368380 2591.0
1368390 2591.0
1368400 2598.7
1368410 2606.4
1368420 2606.4
1368430 2614.4
1368440 2624.0
1368450 2624.0
1368460 2631.8
1368470 2640.6
1368480 2651.2
1368490 2651.2
1368500 2659.5
1368510 2666.3
1368520 2666.3
1368530 2671.5
1368540 2674.0
1368550 2674.0
1368560 2669.7
1368570 2662.5
1368580 2662.5
1368590 2652.3
1368600 2644.2
1368610 2644.2
1368620 2635.6
1368630 2629.4
1368640 2629.4
1368650 2624.5
1368660 2623.7
1368670 2622.9
1368680 2622.9
1368690 2616.3
1368700 2610.9
1368710 2610.9
1368720 2609.4
1368730 2610.3
1368740 2610.3
1368750 2610.5
1368760 2609.7
1368770 2609.7
1368780 2609.6
1368790 2610.3
1368800 2610.3
1368810 2609.6
1368820 2606.7
1368830 2606.7
1368840 2603.6
1368850 2603.6
1368860 2603.6
1368870 2603.6
1368880 2603.8
1368890 2602.2
1368900 2602.2
1368910 2601.9
1368920 2602.2
1368930 2602.2
1368940 2600.8
1368950 2602.3
1368960 2602.3
1368970 2604.6
1368980 2605.5
1368990 2605.5
1369000 2606.1
1369010 2606.7
1369020 2606.7
1369030 2607.2
1369040 2608.5
1369050 2608.5
1369060 2610.1
1369070 2611.4
1369080 2612.8
1369090 2612.8
1369100 2612.7
1369110 2611.9
1369120 2611.9
1369130 2610.6
1369140 2608.8
1369150 2608.8
1369160 2607.2
1369170 2605.1
1369180 2605.1
1369190 2603.2
1369200 2601.6
1369210 2601.6
1369220 2600.1
1369230 2598.8
1369240 2598.8
1369250 2597.6
1369260 2596.5
1369270 2594.7
1369280 2594.7
1369290 2592.5
1369300 2589.5
1369310 2589.5
1369320 2586.0
1369330 2582.5
1369340 2582.5
1369350 2580.1
1369360 2579.7
1369370 2579.7
1369380 2579.5
1369390 2579.9
1369400 2579.9
1369410 2580.2
1369420 2580.3
1369430 2580.3
1369440 2579.2
1369450 2577.7
1369460 2576.9
1369470 2576.9
1369480 2577.0
1369490 2577.9
1369500 2577.9
1369510 2578.7
1369520 2577.8
1369530 2577.8
1369540 2576.4
1369550 2575.7
1369560 2575.7
1369570 2575.6
1369580 2575.8
1369590 2575.8
1369600 2576.0
1369610 2576.8
1369620 2576.8
1369630 2577.4
1369640 2577.7
1369650 2577.7
1369660 2579.0
1369670 2581.4
1369680 2584.5
1369690 2584.5
1369700 2590.6
1369710 2591.8
1369720 2591.8
1369730 2589.1
1369740 2586.9
1369750 2586.9
1369760 2586.2
1369770 2586.9
1369780 2586.9
1369790 2589.1
1369800 2592.4
1369810 2592.4
1369820 2597.1
1369830 2600.8
1369840 2600.8
1369850 2601.4
1369860 2602.0
1369870 2604.3
1369880 2604.3
1369890 2606.7
1369900 2612.5
1369910 2612.5
1369920 2620.8
1369930 2628.1
1369940 2628.1
1369950 2633.9
1369960 2639.7
1369970 2639.7
1369980 2646.0
1369990 2651.7
1370000 2651.7
1370010 2659.0
1370020 2658.2
1370030 2658.2
1370040 2649.1
1370050 2641.8
1370060 2632.3
1370070 2632.3
1370080 2618.5
1370090 2605.4
1370100 2605.4
1370110 2596.7
1370120 2590.0
1370130 2590.0
1370140 2584.5
1370150 2581.9
1370160 2581.9
1370170 2579.6
1370180 2578.1
1370190 2578.1
1370200 2575.7
1370210 2574.9
1370220 2574.9
1370230 2574.4
1370240 2572.4
1370250 2572.4
1370260 2570.7
1370270 2569.8
1370280 2568.2
1370290 2568.2
1370300 2565.9
1370310 2564.5
1370320 2564.5
1370330 2564.3
1370340 2563.9
1370350 2563.9
1370360 2562.6
1370370 2561.6
1370380 2561.6
1370390 2561.8
1370400 2562.6
1370410 2562.6
1370420 2563.9
1370430 2564.3
1370440 2564.3
1370450 2563.9
1370460 2559.7
1370470 2556.2
1370480 2556.2
1370490 2551.1
1370500 2546.1
1370510 2546.1
1370520 2541.9
1370530 2538.7
1370540 2538.7
1370550 2535.9
1370560 2534.3
1370570 2534.3
1370580 2532.9
1370590 2535.9
1370600 2535.9
1370610 2538.5
1370620 2537.8
1370630 2537.8
1370640 2537.6
1370650 2536.5
1370660 2535.1
1370670 2535.1
1370680 2535.1
1370690 2535.3
1370700 2535.3
1370710 2536.6
1370720 2537.3
1370730 2537.3
1370740 2538.5
1370750 2540.1
1370760 2540.1
1370770 2542.5
1370780 2545.7
1370790 2545.7
1370800 2548.0
1370810 2547.5
1370820 2547.5
1370830 2546.3
1370840 2545.6
1370850 2545.6
1370860 2546.7
1370870 2548.0
1370880 2549.2
1370890 2549.2
1370900 2551.1
1370910 2553.9
1370920 2553.9
1370930 2557.2
1370940 2560.4
1370950 2560.4
1370960 2563.8
1370970 2567.3
1370980 2567.3
1370990 2571.2
1371000 2575.3
1371010 2575.3
1371020 2578.9
1371030 2581.8
1371040 2581.8
1371050 2583.2
1371060 2582.9
1371070 2582.2
1371080 2582.2
1371090 2581.0
1371100 2580.4
1371110 2580.4
1371120 2579.9
1371130 2580.0
1371140 2580.0
1371150 2580.9
1371160 2579.7
1371170 2579.7
1371180 2576.5
1371190 2573.2
1371200 2573.2
1371210 2573.0
1371220 2574.3
1371230 2574.3
1371240 2576.3
1371250 2576.3
1371260 2576.8
1371270 2576.8
1371280 2576.6
1371290 2576.9
1371300 2576.9
1371310 2579.2
1371320 2581.9
1371330 2581.9
1371340 2584.6
1371350 2587.6
1371360 2587.6
1371370 2590.4
1371380 2591.4
1371390 2591.4
1371400 2591.9
1371410 2591.5
1371420 2591.5
1371430 2590.6
1371440 2588.9
1371450 2587.7
1371460 2587.7
1371470 2587.5
1371480 2587.4
1371490 2587.4
1371500 2587.3
1371510 2587.9
1371520 2587.9
1371530 2588.0
1371540 2588.3
1371550 2588.3
1371560 2590.2
1371570 2590.1
1371580 2590.1
1371590 2593.6
1371600 2597.3
1371610 2597.3
1371620 2599.5
1371630 2600.7
1371640 2600.7
1371650 2602.4
1371660 2603.4
1371670 2603.9
1371680 2603.9
1371690 2604.1
1371700 2604.6
1371710 2604.6
1371720 2605.6
1371730 2606.2
1371740 2606.2
1371750 2605.5
1371760 2605.8
1371770 2605.8
1371780 2607.4
1371790 2610.1
1371800 2610.1
1371810 2611.9
1371820 2611.0
1371830 2611.0
1371840 2609.8
1371850 2608.5
1371860 2607.0
1371870 2607.0
1371880 2605.7
1371890 2603.3
1371900 2603.3
1371910 2602.0
1371920 2601.7
1371930 2601.7
1371940 2602.5
1371950 2603.8
1371960 2603.8
1371970 2604.7
1371980 2605.7
1371990 2605.7
1372000 2607.5
1372010 2608.9
1372020 2608.9
1372030 2610.3
1372040 2613.2
1372050 2616.8
1372060 2616.8
1372070 2623.6
1372080 2629.2
1372090 2629.2
1372100 2632.4
1372110 2636.4
1372120 2636.4
1372130 2641.5
1372140 2646.9
1372150 2646.9
1372160 2653.3
1372170 2660.5
1372180 2660.5
1372190 2668.9
1372200 2678.1
1372210 2678.1
1372220 2687.6
1372230 2700.0
1372240 2700.0
1372250 2711.6
1372260 2722.5
1372270 2736.8
1372280 2736.8
1372290 2751.7
1372300 2754.0
1372310 2754.0
1372320 2749.7
1372330 2745.7
1372340 2745.7
1372350 2741.1
1372360 2741.6
1372370 2741.6
1372380 2743.2
1372390 2739.2
1372400 2739.2
1372410 2735.4
1372420 2731.5
1372430 2731.5
1372440 2730.8
1372450 2725.4
1372460 2717.0
1372470 2717.0
1372480 2708.8
1372490 2700.7
1372500 2700.7
1372510 2694.4
1372520 2689.8
1372530 2689.8
1372540 2687.9
1372550 2686.3
1372560 2686.3
1372570 2685.6
1372580 2685.8
1372590 2685.8
1372600 2684.7
1372610 2682.7
1372620 2682.7
1372630 2680.1
1372640 2678.3
1372650 2678.5
1372660 2678.5
1372670 2677.6
1372680 2675.9
1372690 2675.9
1372700 2667.0
1372710 2665.4
1372720 2665.4
1372730 2664.1
1372740 2662.1
1372750 2662.1
1372760 2660.6
1372770 2661.6
1372780 2661.6
1372790 2663.7
1372800 2664.9
1372810 2664.9
1372820 2664.7
1372830 2663.4
1372840 2662.5
1372850 2662.5
1372860 2662.7
1372870 2664.3
1372880 2664.3
1372890 2664.6
1372900 2662.6
1372910 2662.6
1372920 2662.8
1372930 2663.2
1372940 2663.2
1372950 2663.4
1372960 2664.0
1372970 2664.0
1372980 2664.5
1372990 2665.0
1373000 2665.0
1373010 2665.5
1373020 2663.9
1373030 2663.9
1373040 2660.9
1373050 2660.5
1373060 2660.7
1373070 2660.7
1373080 2661.4
1373090 2662.2
1373100 2662.2
1373110 2663.7
1373120 2664.6
1373130 2664.6
1373140 2663.8
1373150 2661.0
1373160 2661.0
1373170 2657.8
1373180 2654.9
1373190 2654.9
1373200 2652.6
1373210 2650.5
1373220 2650.5
1373230 2648.9
1373240 2647.1
1373250 2644.6
1373260 2644.6
1373270 2642.5
1373280 2640.4
1373290 2640.4
1373300 2639.2
1373310 2638.7
1373320 2638.7
1373330 2639.8
1373340 2642.6
1373350 2642.6
1373360 2646.3
1373370 2650.4
1373380 2650.4
1373390 2654.1
1373400 2657.9
1373410 2657.9
1373420 2662.3
1373430 2667.4
1373440 2673.1
1373450 2673.1
1373460 2678.9
1373470 2685.1
1373480 2685.1
1373490 2691.6
1373500 2698.6
1373510 2698.6
1373520 2705.5
1373530 2712.6
1373540 2712.6
1373550 2725.4
1373560 2740.0
1373570 2740.0
1373580 2753.6
1373590 2769.4
1373600 2769.4
1373610 2789.0
1373620 2814.5
1373630 2814.5
1373640 2836.9
1373650 2835.5
1373660 2821.4
1373670 2821.4
1373680 2810.0
1373690 2798.5
1373700 2798.5
1373710 2784.7
1373720 2766.3
1373730 2766.3
1373740 2753.8
1373750 2744.8
1373760 2744.8
1373770 2737.2
1373780 2730.0
1373790 2730.0
1373800 2723.6
1373810 2719.1
1373820 2719.1
1373830 2713.1
1373840 2710.2
1373850 2707.5
1373860 2707.5
1373870 2705.5
1373880 2704.5
1373890 2704.5
1373900 2702.0
1373910 2696.7
1373920 2696.7
1373930 2694.6
1373940 2695.3
1373950 2695.3
1373960 2695.0
1373970 2694.3
1373980 2694.3
1373990 2694.1
1374000 2692.6
1374010 2692.6
1374020 2690.0
1374030 2687.6
1374040 2685.5
1374050 2685.5
1374060 2683.5
1374070 2681.9
1374080 2681.9
1374090 2681.0
1374100 2680.2
1374110 2680.2
1374120 2679.4
1374130 2679.1
1374140 2679.1
1374150 2679.3
1374160 2680.6
1374170 2680.6
1374180 2681.6
1374190 2682.3
1374200 2682.3
1374210 2683.9
1374220 2685.3
1374230 2685.3
1374240 2685.4
1374250 2684.8
1374260 2684.1
1374270 2684.1
1374280 2683.2
1374290 2681.2
1374300 2681.2
1374310 2679.7
1374320 2679.3
1374330 2679.3
1374340 2680.2
1374350 2682.0
1374360 2682.0
1374370 2683.9
1374380 2685.9
1374390 2685.9
1374400 2688.0
1374410 2689.3
1374420 2689.3
1374430 2690.0
1374440 2689.8
1374450 2689.6
1374460 2689.6
1374470 2689.7
1374480 2690.2
1374490 2690.2
1374500 2690.7
1374510 2691.5
1374520 2691.5
1374530 2691.9
1374540 2691.8
1374550 2691.8
1374560 2691.3
1374570 2691.0
1374580 2691.0
1374590 2690.7
1374600 2690.7
1374610 2690.7
1374620 2691.0
1374630 2691.2
1374640 2690.7
1374650 2690.7
1374660 2689.5
1374670 2688.8
1374680 2688.8
1374690 2688.3
1374700 2687.0
1374710 2687.0
1374720 2685.7
1374730 2684.2
1374740 2684.2
1374750 2683.2
1374760 2682.8
1374770 2682.8
1374780 2682.9
1374790 2683.5
1374800 2683.5
1374810 2683.3
1374820 2682.5
1374830 2682.2
1374840 2682.2
1374850 2681.8
1374860 2681.5
1374870 2681.5
1374880 2681.8
1374890 2681.1
1374900 2681.1
1374910 2679.7
1374920 2681.8
1374930 2681.8
1374940 2685.2
1374950 2688.9
1374960 2688.9
1374970 2693.3
1374980 2695.0
1374990 2695.0
1375000 2700.2
1375010 2706.5
1375020 2706.5
1375030 2713.9
1375040 2718.8
1375050 2723.1
1375060 2723.1
1375070 2725.3
1375080 2718.0
1375090 2718.0
1375100 2699.4
1375110 2682.7
1375120 2682.7
1375130 2663.8
1375140 2648.4
1375150 2648.4
1375160 2635.7
1375170 2630.1
1375180 2630.1
1375190 2628.1
1375200 2626.0
1375210 2626.0
1375220 2621.8
1375230 2616.5
1375240 2610.5
1375250 2610.5
1375260 2604.8
1375270 2599.9
1375280 2599.9
1375290 2595.3
1375300 2590.9
1375310 2590.9
1375320 2587.3
1375330 2585.0
1375340 2585.0
1375350 2582.3
1375360 2579.3
1375370 2579.3
1375380 2576.0
1375390 2572.5
1375400 2572.5
1375410 2571.1
1375420 2569.4
1375430 2566.5
1375440 2566.5
1375450 2564.7
1375460 2562.4
1375470 2562.4
1375480 2558.5
1375490 2554.0
1375500 2554.0
1375510 2550.8
1375520 2548.7
1375530 2548.7
1375540 2547.3
1375550 2546.1
1375560 2546.1
1375570 2545.0
1375580 2543.8
1375590 2543.8
1375600 2542.9
1375610 2542.6
1375620 2542.6
1375630 2542.4
1375640 2541.3
1375650 2539.0
1375660 2539.0
1375670 2537.2
1375680 2536.7
1375690 2536.7
1375700 2537.9
1375710 2539.6
1375720 2539.6
1375730 2539.8
1375740 2538.2
1375750 2538.2
1375760 2535.9
1375770 2533.3
1375780 2533.3
1375790 2531.2
1375800 2529.9
1375810 2529.9
1375820 2529.2
1375830 2528.1
1375840 2526.7
1375850 2526.7
1375860 2525.7
1375870 2525.3
1375880 2525.3
1375890 2524.8
1375900 2524.4
1375910 2524.4
1375920 2524.3
1375930 2524.2
1375940 2524.2
1375950 2524.1
1375960 2523.4
1375970 2523.4
1375980 2522.3
1375990 2521.1
1376000 2521.1
1376010 2519.1
1376020 2517.2
1376030 2515.6
1376040 2515.6
1376050 2514.1
1376060 2512.6
1376070 2512.6
1376080 2510.9
1376090 2508.7
1376100 2508.7
1376110 2505.7
1376120 2502.0
1376130 2502.0
1376140 2496.7
1376150 2493.6
1376160 2493.6
1376170 2492.2
1376180 2491.9
1376190 2491.9
1376200 2492.4
1376210 2492.5
1376220 2492.0
1376230 2492.0
1376240 2491.2
1376250 2490.5
1376260 2490.5
1376270 2490.4
1376280 2491.5
1376290 2491.5
1376300 2491.4
1376310 2491.1
1376320 2491.1
1376330 2491.8
1376340 2491.1
1376350 2491.1
1376360 2490.4
1376370 2490.0
1376380 2490.0
1376390 2489.5
1376400 2489.5
1376410 2489.5
1376420 2488.7
1376430 2487.6
1376440 2487.9
1376450 2487.9
1376460 2488.0
1376470 2487.6
1376480 2487.6
1376490 2486.7
1376500 2485.9
1376510 2485.9
1376520 2484.6
1376530 2483.2
1376540 2483.2
1376550 2483.9
1376560 2484.7
1376570 2484.7
1376580 2483.0
1376590 2483.9
1376600 2483.9
1376610 2486.4
1376620 2486.4
1376630 2487.2
1376640 2487.2
1376650 2490.7
1376660 2492.8
1376670 2492.8
1376680 2492.5
1376690 2490.6
1376700 2490.6
1376710 2486.7
1376720 2484.7
1376730 2484.7
1376740 2484.2
1376750 2484.6
1376760 2484.6
1376770 2486.4
1376780 2488.5
1376790 2488.5
1376800 2488.8
1376810 2487.6
1376820 2486.8
1376830 2486.8
1376840 2487.0
1376850 2487.5
1376860 2487.5
1376870 2487.0
1376880 2486.7
1376890 2486.7
1376900 2487.2
1376910 2488.2
1376920 2488.2
1376930 2488.1
1376940 2488.2
1376950 2488.2
1376960 2489.9
1376970 2492.1
1376980 2492.1
1376990 2492.6
1377000 2493.2
1377010 2493.2
1377020 2493.9
1377030 2494.3
1377040 2495.4
1377050 2495.4
1377060 2496.4
1377070 2497.8
1377080 2497.8
1377090 2500.6
1377100 2502.2
1377110 2502.2
1377120 2502.6
1377130 2503.8
1377140 2503.8
1377150 2506.8
1377160 2510.9
1377170 2510.9
1377180 2514.0
1377190 2516.2
1377200 2516.2
1377210 2518.1
1377220 2521.3
1377230 2527.0
1377240 2527.0
1377250 2527.6
1377260 2526.6
1377270 2526.6
1377280 2528.7
1377290 2533.3
1377300 2533.3
1377310 2536.9
1377320 2543.4
1377330 2543.4
1377340 2546.1
1377350 2550.0
1377360 2550.0
1377370 2549.2
1377380 2543.7
1377390 2543.7
1377400 2544.8
1377410 2547.9
1377420 2546.7
1377430 2546.7
1377440 2546.3
1377450 2547.4
1377460 2547.4
1377470 2549.7
1377480 2550.1
1377490 2550.1
1377500 2547.9
1377510 2546.8
1377520 2546.8
1377530 2548.6
1377540 2546.5
1377550 2546.5
1377560 2535.0
1377570 2528.6
1377580 2528.6
1377590 2522.7
1377600 2518.7
1377610 2518.0
1377620 2518.0
1377630 2511.6
1377640 2503.3
1377650 2503.3
1377660 2497.8
1377670 2491.1
1377680 2491.1
1377690 2481.7
1377700 2468.2
1377710 2468.2
1377720 2455.7
1377730 2446.9
1377740 2446.9
1377750 2435.8
1377760 2426.2
1377770 2426.2
1377780 2422.4
1377790 2417.3
1377800 2417.3
1377810 2408.4
1377820 2399.5
1377830 2389.9
1377840 2389.9
1377850 2378.4
1377860 2367.9
1377870 2367.9
1377880 2359.5
1377890 2351.9
1377900 2351.9
1377910 2345.8
1377920 2339.9
1377930 2339.9
1377940 2333.1
1377950 2327.9
1377960 2327.9
1377970 2324.2
1377980 2319.5
1377990 2319.5
1378000 2314.7
1378010 2310.3
1378020 2305.2
1378030 2305.2
1378040 2299.0
1378050 2292.4
1378060 2292.4
1378070 2285.8
1378080 2278.2
1378090 2278.2
1378100 2266.3
1378110 2255.8
1378120 2255.8
1378130 2250.7
1378140 2245.3
1378150 2245.3
1378160 2237.2
1378170 2228.6
1378180 2228.6
1378190 2221.6
1378200 2215.2
1378210 2208.7
1378220 2208.7
1378230 2201.8
1378240 2193.5
1378250 2193.5
1378260 2185.2
1378270 2176.9
1378280 2176.9
1378290 2168.0
1378300 2159.4
1378310 2159.4
1378320 2151.5
1378330 2142.6
1378340 2142.6
1378350 2135.0
1378360 2129.6
1378370 2129.6
1378380 2125.4
1378390 2123.0
1378400 2123.0
1378410 2119.9
1378420 2112.6
1378430 2103.0
1378440 2103.0
1378450 2091.8
1378460 2080.9
1378470 2080.9
1378480 2070.5
1378490 2060.7
1378500 2057.5
1378510 2052.0
1378520 2048.5
1378530 2048.5
1378540 2043.2
1378550 2037.8
1378560 2037.8
1378570 2032.4
1378580 2025.7
1378590 2025.7
1378600 2018.7
1378610 2012.0
1378620 2005.9
1378630 2005.9
1378640 2000.0
1378650 1996.0
1378660 1996.0
1378670 1993.7
1378680 1990.7
1378690 1990.7
1378700 1987.6
1378710 1983.6
1378720 1983.6
1378730 1981.3
1378740 1979.2
1378750 1979.2
1378760 1978.2
1378770 1977.4
1378780 1977.4
1378790 1976.0
1378800 1974.8
1378810 1972.6
1378820 1972.6
1378830 1970.4
1378840 1968.5
1378850 1968.5
1378860 1967.4
1378870 1967.2
1378880 1967.2
1378890 1966.2
1378900 1965.5
1378910 1965.5
1378920 1968.0
1378930 1971.1
1378940 1971.1
1378950 1972.8
1378960 1973.9
1378970 1973.9
1378980 1975.3
1378990 1976.2
1379000 1976.9
1379010 1976.9
1379020 1978.1
1379030 1979.9
1379040 1979.9
1379050 1981.1
1379060 1984.2
1379070 1984.2
1379080 1987.3
1379090 1991.8
1379100 1991.8
1379110 1997.3
1379120 2001.1
1379130 2001.1
1379140 2002.8
1379150 2004.0
1379160 2004.0
1379170 2004.4
1379180 2006.5
1379190 2006.5
1379200 2009.3
1379210 2010.6
1379220 2016.2
1379230 2016.2
1379240 2023.7
1379250 2030.0
1379260 2030.0
1379270 2036.3
1379280 2041.2
1379290 2041.2
1379300 2043.9
1379310 2046.3
1379320 2046.3
1379330 2049.9
1379340 2053.7
1379350 2053.7
1379360 2056.2
1379370 2057.0
1379380 2057.0
1379390 2056.8
1379400 2055.9
1379410 2057.1
1379420 2057.1
1379430 2062.5
1379440 2067.8
1379450 2067.8
1379460 2071.7
1379470 2076.6
1379480 2076.6
1379490 2082.0
1379500 2086.7
1379510 2086.7
1379520 2089.9
1379530 2091.7
1379540 2091.7
1379550 2093.7
1379560 2098.3
1379570 2098.3
1379580 2102.6
1379590 2105.9
1379600 2109.6
1379610 2109.6
1379620 2112.5
1379630 2114.8
1379640 2114.8
1379650 2117.6
1379660 2119.9
1379670 2119.9
1379680 2122.4
1379690 2124.8
1379700 2130.2
1379710 2132.5
1379720 2133.5
1379730 2133.5
1379740 2133.3
1379750 2133.2
1379760 2133.2
1379770 2132.7
1379780 2133.3
1379790 2133.3
1379800 2132.1
1379810 2132.2
1379820 2141.2
1379830 2141.2
1379840 2149.0
1379850 2153.8
1379860 2153.8
1379870 2157.4
1379880 2161.0
1379890 2161.0
1379900 2165.1
1379910 2170.4
1379920 2170.4
1379930 2175.8
1379940 2180.2
1379950 2180.2
1379960 2183.3
1379970 2186.7
1379980 2186.7
1379990 2189.2
