1360000 2900.4
1360010 2904.9
1360020 2904.9
1360030 2911.7
1360040 2917.0
1360050 2917.0
1360060 2919.4
1360070 2919.3
1360080 2919.3
1360090 2917.3
1360100 2916.4
1360110 2916.4
1360120 2915.4
1360130 2915.4
1360140 2915.4
1360150 2916.0
1360160 2917.3
1360170 2917.3
1360180 2919.8
1360190 2922.6
1360200 2925.8
1360210 2925.8
1360220 2929.6
1360230 2933.7
1360240 2933.7
1360250 2937.4
1360260 2941.6
1360270 2941.6
1360280 2946.9
1360290 2951.8
1360300 2951.8
1360310 2955.2
1360320 2959.3
1360330 2959.3
1360340 2963.3
1360350 2967.8
1360360 2967.8
1360370 2972.0
1360380 2976.3
1360390 2981.3
1360400 2981.3
1360410 2988.6
1360420 2994.6
1360430 2994.6
1360440 3000.4
1360450 3006.3
1360460 3006.3
1360470 3011.9
1360480 3019.2
1360490 3019.2
1360500 3027.2
1360510 3041.9
1360520 3041.9
1360530 3052.7
1360540 3055.3
1360550 3055.3
1360560 3044.8
1360570 3033.3
1360580 3021.1
1360590 3021.1
1360600 3008.9
1360610 3001.9
1360620 3001.9
1360630 2995.2
1360640 2988.6
1360650 2988.6
1360660 2981.9
1360670 2976.2
1360680 2976.2
1360690 2970.8
1360700 2966.4
1360710 2966.4
1360720 2961.6
1360730 2955.9
1360740 2955.9
1360750 2950.1
1360760 2944.3
1360770 2944.3
1360780 2939.1
1360790 2935.4
1360800 2933.0
1360810 2933.0
1360820 2934.5
1360830 2936.3
1360840 2936.3
1360850 2936.1
1360860 2936.7
1360870 2936.7
1360880 2933.9
1360890 2929.5
1360900 2929.5
1360910 2928.5
1360920 2927.6
1360930 2927.6
1360940 2927.8
1360950 2928.4
1360960 2928.4
1360970 2928.7
1360980 2929.7
1360990 2928.8
1361000 2928.8
1361010 2928.2
1361020 2928.1
1361030 2928.1
1361040 2929.9
1361050 2931.8
1361060 2931.8
1361070 2931.6
1361080 2934.5
1361090 2934.5
1361100 2937.1
1361110 2939.8
1361120 2939.8
1361130 2942.5
1361140 2948.1
1361150 2948.1
1361160 2958.6
1361170 2970.4
1361180 2970.4
1361190 2983.4
1361200 2997.4
1361210 3008.3
1361220 3008.3
1361230 3013.4
1361240 3016.1
1361250 3016.1
1361260 3026.7
1361270 3049.7
1361280 3049.7
1361290 3062.1
1361300 3064.4
1361310 3064.4
1361320 3059.9
1361330 3060.8
1361340 3060.8
1361350 3060.5
1361360 3054.5
1361370 3054.5
1361380 3044.3
1361390 3033.9
1361400 3026.0
1361410 3026.0
1361420 3018.5
1361430 3009.4
1361440 3009.4
1361450 2995.6
1361460 2983.4
1361470 2983.4
1361480 2974.7
1361490 2968.5
1361500 2968.5
1361510 2964.3
1361520 2960.3
1361530 2960.3
1361540 2957.1
1361550 2955.5
1361560 2955.5
1361570 2955.8
1361580 2951.3
1361590 2944.6
1361600 2944.6
1361610 2937.1
1361620 2928.6
1361630 2928.6
1361640 2920.5
1361650 2910.1
1361660 2910.1
1361670 2904.3
1361680 2898.5
1361690 2907.9
1361700 2905.3
1361710 2901.6
1361720 2901.6
1361730 2898.9
1361740 2898.0
1361750 2898.0
1361760 2896.2
1361770 2893.9
1361780 2893.9
1361790 2891.0
1361800 2885.2
1361810 2880.2
1361820 2880.2
1361830 2874.8
1361840 2870.7
1361850 2870.7
1361860 2866.1
1361870 2861.6
1361880 2861.6
1361890 2856.6
1361900 2851.4
1361910 2851.4
1361920 2846.4
1361930 2841.3
1361940 2841.3
1361950 2836.2
1361960 2831.4
1361970 2831.4
1361980 2828.1
1361990 2825.2
1362000 2818.9
1362010 2818.9
1362020 2810.9
1362030 2805.4
1362040 2805.4
1362050 2802.5
1362060 2799.0
1362070 2799.0
1362080 2793.6
1362090 2787.9
1362100 2787.9
1362110 2780.9
1362120 2773.4
1362130 2773.4
1362140 2767.3
1362150 2762.7
1362160 2762.7
1362170 2758.3
1362180 2754.8
1362190 2751.2
1362200 2751.2
1362210 2745.5
1362220 2738.9
1362230 2738.9
1362240 2731.8
1362250 2724.9
1362260 2724.9
1362270 2718.1
1362280 2711.3
1362290 2711.3
1362300 2704.6
1362310 2699.4
1362320 2699.4
1362330 2694.0
1362340 2689.2
1362350 2689.2
1362360 2684.9
1362370 2680.7
1362380 2680.7
1362390 2676.7
1362400 2673.7
1362410 2671.5
1362420 2671.5
1362430 2669.7
1362440 2669.2
1362450 2669.2
1362460 2669.7
1362470 2670.3
1362480 2670.3
1362490 2671.6
1362500 2673.2
1362510 2673.2
1362520 2672.8
1362530 2670.6
1362540 2670.6
1362550 2667.6
1362560 2664.8
1362570 2664.8
1362580 2662.5
1362590 2661.7
1362600 2661.1
1362610 2661.1
1362620 2660.7
1362630 2660.0
1362640 2660.0
1362650 2658.7
1362660 2657.5
1362670 2657.5
1362680 2656.1
1362690 2655.9
1362700 2655.9
1362710 2655.4
1362720 2653.2
1362730 2654.9
1362740 2652.0
1362750 2650.1
1362760 2650.1
1362770 2648.0
1362780 2645.7
1362790 2644.8
1362800 2644.8
1362810 2643.3
1362820 2643.0
1362830 2643.0
1362840 2643.3
1362850 2642.0
1362860 2642.0
1362870 2642.5
1362880 2645.1
1362890 2645.1
1362900 2647.3
1362910 2648.7
1362920 2648.7
1362930 2649.4
1362940 2651.8
1362950 2651.8
1362960 2654.4
1362970 2655.4
1362980 2655.4
1362990 2656.5
1363000 2656.5
1363010 2654.3
1363020 2654.3
1363030 2650.7
1363040 2647.4
1363050 2647.4
1363060 2644.6
1363070 2644.3
1363080 2644.3
1363090 2646.1
1363100 2648.4
1363110 2648.4
1363120 2652.9
1363130 2658.6
1363140 2658.6
1363150 2664.0
1363160 2668.0
1363170 2668.0
1363180 2671.8
1363190 2675.4
1363200 2677.6
1363210 2677.6
1363220 2679.8
1363230 2683.1
1363240 2683.1
1363250 2687.9
1363260 2692.4
1363270 2692.4
1363280 2695.4
1363290 2695.9
1363300 2695.9
1363310 2697.9
1363320 2701.2
1363330 2701.2
1363340 2704.7
1363350 2707.7
1363360 2707.7
1363370 2710.6
1363380 2714.6
1363390 2717.8
1363400 2717.8
1363410 2716.5
1363420 2706.9
1363430 2706.9
1363440 2684.6
1363450 2673.4
1363460 2673.4
1363470 2665.6
1363480 2658.5
1363490 2658.5
1363500 2651.9
1363510 2646.0
1363520 2646.0
1363530 2638.3
1363540 2632.1
1363550 2632.1
1363560 2625.0
1363570 2618.7
1363580 2618.7
1363590 2614.2
1363600 2610.8
1363610 2608.4
1363620 2608.4
1363630 2605.1
1363640 2602.1
1363650 2602.1
1363660 2600.4
1363670 2598.5
1363680 2598.5
1363690 2594.0
1363700 2589.6
1363710 2589.6
1363720 2587.8
1363730 2586.9
1363740 2586.9
1363750 2585.8
1363760 2584.9
1363770 2583.9
1363780 2583.0
1363790 2582.4
1363800 2581.5
1363810 2581.5
1363820 2580.6
1363830 2579.7
1363840 2579.7
1363850 2577.8
1363860 2576.2
1363870 2576.2
1363880 2575.6
1363890 2575.0
1363900 2575.0
1363910 2574.4
1363920 2573.8
1363930 2573.8
1363940 2573.1
1363950 2572.4
1363960 2572.4
1363970 2570.5
1363980 2568.4
1363990 2568.4
1364000 2567.4
1364010 2567.8
1364020 2567.0
1364030 2567.0
1364040 2565.9
1364050 2566.0
1364060 2566.0
1364070 2565.0
1364080 2560.3
1364090 2560.3
1364100 2556.8
1364110 2555.7
1364120 2555.7
1364130 2557.9
1364140 2564.0
1364150 2564.0
1364160 2571.1
1364170 2573.4
1364180 2573.4
1364190 2576.2
1364200 2579.0
1364210 2581.1
1364220 2581.1
1364230 2582.4
1364240 2584.1
1364250 2584.1
1364260 2585.6
1364270 2586.3
1364280 2586.3
1364290 2585.5
1364300 2584.9
1364310 2584.9
1364320 2584.3
1364330 2583.2
1364340 2583.2
1364350 2581.5
1364360 2582.4
1364370 2582.4
1364380 2583.9
1364390 2584.7
1364400 2587.9
1364410 2587.9
1364420 2591.7
1364430 2595.7
1364440 2595.7
1364450 2599.8
1364460 2603.4
1364470 2603.4
1364480 2607.3
1364490 2612.9
1364500 2612.9
1364510 2615.5
1364520 2611.7
1364530 2611.7
1364540 2613.5
1364550 2617.2
1364560 2617.2
1364570 2620.4
1364580 2624.3
1364590 2624.3
1364600 2628.1
1364610 2629.6
1364620 2630.1
1364630 2630.1
1364640 2631.4
1364650 2630.5
1364660 2630.5
1364670 2629.3
1364680 2632.2
1364690 2632.2
1364700 2628.8
1364710 2625.6
1364720 2625.6
1364730 2621.7
1364740 2613.4
1364750 2613.4
1364760 2607.2
1364770 2605.8
1364780 2605.8
1364790 2605.9
1364800 2607.4
1364810 2609.3
1364820 2606.5
1364830 2607.7
1364840 2608.5
1364850 2608.5
1364860 2608.6
1364870 2607.6
1364880 2607.6
1364890 2606.5
1364900 2608.1
1364910 2608.1
1364920 2610.6
1364930 2612.1
1364940 2612.1
1364950 2613.3
1364960 2615.8
1364970 2615.8
1364980 2617.9
1364990 2618.9
1365000 2619.2
1365010 2619.2
1365020 2620.9
1365030 2622.8
1365040 2622.8
1365050 2624.9
1365060 2627.8
1365070 2627.8
1365080 2630.4
1365090 2632.5
1365100 2632.5
1365110 2636.1
1365120 2639.6
1365130 2639.6
1365140 2642.8
1365150 2646.8
1365160 2646.8
1365170 2651.4
1365180 2656.3
1365190 2656.3
1365200 2661.0
1365210 2665.3
1365220 2669.4
1365230 2669.4
1365240 2673.3
1365250 2677.4
1365260 2677.4
1365270 2681.3
1365280 2684.5
1365290 2684.5
1365300 2686.9
1365310 2688.3
1365320 2688.3
1365330 2688.0
1365340 2685.9
1365350 2685.9
1365360 2685.4
1365370 2685.5
1365380 2685.5
1365390 2685.7
1365400 2685.7
1365410 2685.4
1365420 2685.4
1365430 2685.2
1365440 2684.8
1365450 2684.8
1365460 2685.1
1365470 2685.3
1365480 2685.3
1365490 2685.1
1365500 2684.4
1365510 2684.4
1365520 2682.9
1365530 2683.6
1365540 2683.6
1365550 2683.8
1365560 2684.2
1365570 2684.2
1365580 2685.2
1365590 2686.1
1365600 2686.7
1365610 2686.7
1365620 2687.0
1365630 2686.8
1365640 2686.8
1365650 2686.0
1365660 2685.0
1365670 2685.0
1365680 2684.8
1365690 2684.8
1365700 2684.8
1365710 2684.7
1365720 2684.1
1365730 2684.1
1365740 2684.1
1365750 2683.2
1365760 2683.2
1365770 2683.3
1365780 2684.5
1365790 2684.5
1365800 2685.9
1365810 2687.5
1365820 2689.1
1365830 2689.1
1365840 2691.0
1365850 2692.3
1365860 2692.3
1365870 2693.1
1365880 2694.4
1365890 2689.8
1365900 2691.5
1365910 2693.4
1365920 2693.4
1365930 2694.0
1365940 2694.2
1365950 2694.2
1365960 2694.2
1365970 2693.9
1365980 2693.9
1365990 2693.9
1366000 2693.6
1366010 2694.4
1366020 2694.4
1366030 2695.7
1366040 2697.1
1366050 2697.1
1366060 2700.2
1366070 2703.4
1366080 2703.4
1366090 2705.6
1366100 2707.9
1366110 2707.9
1366120 2708.8
1366130 2709.7
1366140 2709.7
1366150 2710.4
1366160 2708.8
1366170 2708.8
1366180 2706.3
1366190 2702.8
1366200 2702.8
1366210 2698.0
1366220 2692.4
1366230 2687.7
1366240 2687.7
1366250 2685.1
1366260 2684.2
1366270 2684.2
1366280 2682.5
1366290 2680.9
1366300 2680.9
1366310 2680.0
1366320 2676.8
1366330 2676.8
1366340 2676.0
1366350 2676.0
1366360 2676.0
1366370 2674.6
1366380 2674.2
1366390 2674.2
1366400 2674.5
1366410 2676.1
1366420 2677.1
1366430 2677.1
1366440 2677.5
1366450 2678.7
1366460 2678.7
1366470 2680.3
1366480 2681.9
1366490 2681.9
1366500 2683.7
1366510 2685.0
1366520 2685.0
1366530 2684.7
1366540 2684.1
1366550 2684.1
1366560 2685.5
1366570 2688.1
1366580 2688.1
1366590 2690.4
1366600 2692.6
1366610 2694.0
1366620 2694.0
1366630 2691.9
1366640 2688.7
1366650 2688.7
1366660 2686.4
1366670 2684.1
1366680 2684.1
1366690 2681.7
1366700 2677.8
1366710 2677.8
1366720 2672.8
1366730 2669.9
1366740 2669.9
1366750 2667.2
1366760 2664.4
1366770 2664.4
1366780 2662.1
1366790 2659.7
1366800 2659.7
1366810 2655.7
1366820 2651.7
1366830 2646.9
1366840 2646.9
1366850 2639.7
1366860 2633.7
1366870 2633.7
1366880 2626.9
1366890 2620.8
1366900 2620.8
1366910 2614.0
1366920 2608.0
1366930 2608.0
1366940 2603.3
1366950 2600.1
1366960 2604.3
1366970 2600.3
1366980 2596.5
1366990 2596.5
1367000 2592.3
1367010 2587.9
1367020 2583.8
1367030 2583.8
1367040 2580.7
1367050 2579.1
1367060 2579.1
1367070 2576.6
1367080 2572.2
1367090 2572.2
1367100 2569.7
1367110 2568.2
1367120 2568.2
1367130 2566.8
1367140 2567.2
1367150 2567.2
1367160 2568.6
1367170 2569.4
1367180 2569.4
1367190 2569.3
1367200 2569.0
1367210 2570.1
1367220 2570.1
1367230 2572.6
1367240 2577.0
1367250 2577.0
1367260 2580.0
1367270 2579.3
1367280 2579.3
1367290 2576.9
1367300 2574.5
1367310 2574.5
1367320 2575.4
1367330 2577.2
1367340 2577.2
1367350 2577.9
1367360 2576.9
1367370 2576.9
1367380 2575.0
1367390 2576.3
1367400 2576.3
1367410 2579.4
1367420 2583.7
1367430 2589.5
1367440 2589.5
1367450 2594.5
1367460 2595.3
1367470 2595.3
1367480 2594.5
1367490 2593.3
1367500 2593.3
1367510 2593.0
1367520 2593.3
1367530 2593.3
1367540 2593.6
1367550 2595.0
1367560 2595.0
1367570 2597.0
1367580 2599.2
1367590 2599.2
1367600 2601.7
1367610 2604.9
1367620 2607.8
1367630 2607.8
1367640 2608.3
1367650 2608.0
1367660 2608.0
1367670 2608.5
1367680 2610.2
1367690 2610.2
1367700 2611.7
1367710 2612.2
1367720 2612.2
1367730 2614.8
1367740 2618.9
1367750 2618.9
1367760 2622.8
1367770 2626.3
1367780 2626.3
1367790 2629.8
1367800 2633.4
1367810 2637.6
1367820 2637.6
1367830 2642.9
1367840 2648.1
1367850 2648.1
1367860 2652.7
1367870 2657.2
1367880 2657.2
1367890 2663.0
1367900 2667.8
1367910 2667.8
1367920 2671.5
1367930 2675.1
1367940 2675.1
1367950 2678.9
1367960 2682.8
1367970 2682.8
1367980 2687.6
1367990 2690.9
1368000 2690.9
1368010 2693.2
1368020 2695.3
1368030 2697.0
1368040 2690.2
1368050 2692.0
1368060 2693.5
1368070 2693.5
1368080 2694.5
1368090 2695.4
1368100 2695.4
1368110 2696.9
1368120 2699.5
1368130 2699.5
1368140 2699.9
1368150 2697.9
1368160 2697.9
1368170 2696.5
1368180 2695.3
1368190 2695.3
1368200 2693.6
1368210 2690.8
1368220 2688.1
1368230 2688.1
1368240 2687.2
1368250 2685.4
1368260 2685.4
1368270 2686.2
1368280 2686.6
1368290 2686.6
1368300 2686.0
1368310 2687.8
1368320 2687.8
1368330 2688.9
1368340 2689.8
1368350 2689.8
1368360 2690.3
1368370 2690.0
1368380 2690.0
1368390 2688.7
1368400 2687.0
1368410 2687.3
1368420 2687.3
1368430 2688.4
1368440 2689.3
1368450 2689.3
1368460 2690.5
1368470 2691.4
1368480 2691.4
1368490 2691.7
1368500 2691.1
1368510 2691.1
1368520 2689.9
1368530 2689.7
1368540 2689.7
1368550 2691.5
1368560 2695.1
1368570 2695.1
1368580 2698.7
1368590 2702.2
1368600 2702.2
1368610 2705.1
1368620 2708.6
1368630 2713.5
1368640 2713.5
1368650 2717.8
1368660 2720.5
1368670 2720.5
1368680 2721.6
1368690 2723.8
1368700 2723.8
1368710 2725.3
1368720 2727.7
1368730 2727.7
1368740 2731.7
1368750 2735.6
1368760 2735.6
1368770 2737.0
1368780 2738.9
1368790 2738.9
1368800 2742.1
1368810 2746.6
1368820 2752.0
1368830 2752.0
1368840 2757.1
1368850 2762.3
1368860 2762.3
1368870 2768.0
1368880 2773.8
1368890 2773.8
1368900 2779.3
1368910 2784.8
1368920 2784.8
1368930 2791.1
1368940 2797.2
1368950 2797.2
1368960 2807.2
1368970 2815.2
1368980 2815.2
1368990 2821.8
1369000 2828.5
1369010 2828.5
1369020 2838.1
1369030 2838.2
1369040 2844.4
1369050 2844.4
1369060 2858.0
1369070 2865.5
1369080 2865.5
1369090 2863.1
1369100 2860.1
1369110 2860.1
1369120 2859.6
1369130 2878.6
1369140 2878.6
1369150 2879.7
1369160 2882.8
1369170 2882.8
1369180 2882.7
1369190 2882.4
1369200 2882.4
1369210 2879.3
1369220 2876.1
1369230 2872.2
1369240 2872.2
1369250 2867.1
1369260 2866.9
1369270 2866.9
1369280 2871.5
1369290 2875.3
1369300 2875.3
1369310 2877.1
1369320 2880.7
1369330 2880.7
1369340 2881.0
1369350 2880.8
1369360 2880.8
1369370 2885.0
1369380 2887.3
1369390 2887.3
1369400 2886.3
1369410 2888.5
1369420 2891.6
1369430 2891.6
1369440 2895.8
1369450 2900.5
1369460 2900.5
1369470 2904.9
1369480 2908.8
1369490 2908.8
1369500 2915.2
1369510 2922.6
1369520 2922.6
1369530 2928.0
1369540 2931.5
1369550 2931.5
1369560 2935.5
1369570 2936.2
1369580 2936.2
1369590 2933.6
1369600 2936.8
1369610 2936.8
1369620 2940.7
1369630 2937.9
1369640 2934.7
1369650 2934.7
1369660 2932.2
1369670 2930.9
1369680 2930.9
1369690 2929.9
1369700 2925.8
1369710 2925.8
1369720 2921.5
1369730 2916.7
1369740 2916.7
1369750 2909.5
1369760 2902.3
1369770 2902.3
1369780 2895.0
1369790 2887.9
1369800 2887.9
1369810 2880.4
1369820 2875.6
1369830 2871.1
1369840 2871.1
1369850 2864.9
1369860 2858.3
1369870 2858.3
1369880 2850.8
1369890 2839.9
1369900 2839.9
1369910 2831.7
1369920 2826.6
1369930 2826.6
1369940 2820.0
1369950 2813.3
1369960 2813.3
1369970 2805.3
1369980 2799.9
1369990 2799.9
1370000 2795.6
1370010 2793.4
1370020 2791.3
1370030 2791.3
1370040 2789.1
1370050 2784.4
1370060 2784.4
1370070 2778.7
1370080 2775.4
1370090 2775.4
1370100 2772.4
1370110 2769.6
1370120 2769.6
1370130 2765.8
1370140 2762.7
1370150 2762.7
1370160 2760.2
1370170 2757.1
1370180 2757.1
1370190 2753.5
1370200 2750.6
1370210 2750.6
1370220 2748.4
1370230 2757.1
1370240 2756.7
1370250 2756.7
1370260 2756.6
1370270 2756.1
1370280 2756.1
1370290 2757.3
1370300 2758.7
1370310 2758.7
1370320 2760.9
1370330 2763.9
1370340 2763.9
1370350 2764.2
1370360 2765.4
1370370 2765.4
1370380 2768.4
1370390 2768.3
1370400 2768.3
1370410 2767.3
1370420 2765.7
1370430 2764.9
1370440 2764.9
1370450 2763.7
1370460 2763.1
1370470 2763.1
1370480 2762.2
1370490 2763.0
1370500 2763.0
1370510 2764.0
1370520 2764.5
1370530 2764.5
1370540 2765.4
1370550 2766.6
1370560 2766.6
1370570 2768.8
1370580 2772.5
1370590 2772.5
1370600 2776.9
1370610 2780.3
1370620 2785.1
1370630 2785.1
1370640 2789.7
1370650 2794.0
1370660 2794.0
1370670 2796.0
1370680 2798.3
1370690 2798.3
1370700 2803.4
1370710 2810.3
1370720 2810.3
1370730 2817.3
1370740 2823.8
1370750 2823.8
1370760 2829.9
1370770 2835.1
1370780 2835.1
1370790 2839.0
1370800 2843.1
1370810 2843.1
1370820 2846.9
1370830 2850.4
1370840 2853.0
1370850 2853.0
1370860 2853.5
1370870 2852.8
1370880 2852.8
1370890 2852.7
1370900 2852.2
1370910 2852.2
1370920 2850.9
1370930 2848.9
1370940 2848.9
1370950 2847.4
1370960 2846.7
1370970 2846.7
1370980 2847.4
1370990 2850.1
1371000 2850.1
1371010 2853.4
1371020 2854.8
1371030 2856.3
1371040 2856.3
1371050 2857.6
1371060 2859.6
1371070 2859.6
1371080 2862.9
1371090 2866.0
1371100 2866.0
1371110 2869.2
1371120 2872.4
1371130 2872.4
1371140 2875.1
1371150 2877.8
1371160 2877.8
1371170 2880.3
1371180 2882.9
1371190 2882.9
1371200 2885.8
1371210 2889.1
1371220 2893.1
1371230 2893.1
1371240 2897.6
1371250 2901.4
1371260 2901.4
1371270 2903.7
1371280 2905.8
1371290 2905.8
1371300 2907.8
1371310 2909.4
1371320 2909.4
1371330 2910.6
1371340 2919.4
1371350 2919.4
1371360 2922.5
1371370 2926.7
1371380 2926.7
1371390 2930.4
1371400 2935.0
1371410 2935.0
1371420 2940.5
1371430 2946.4
1371440 2954.3
1371450 2954.3
1371460 2962.5
1371470 2970.7
1371480 2970.7
1371490 2980.7
1371500 2990.6
1371510 2990.6
1371520 3000.9
1371530 3012.5
1371540 3012.5
1371550 3024.6
1371560 3035.6
1371570 3035.6
1371580 3048.5
1371590 3060.0
1371600 3060.0
1371610 3054.7
1371620 3041.4
1371630 3029.5
1371640 3029.5
1371650 3017.0
1371660 3000.5
1371670 3000.5
1371680 2986.8
1371690 2973.9
1371700 2973.9
1371710 2964.3
1371720 2955.9
1371730 2955.9
1371740 2947.7
1371750 2939.4
1371760 2939.4
1371770 2931.8
1371780 2925.6
1371790 2925.6
1371800 2920.1
1371810 2914.9
1371820 2914.9
1371830 2910.0
1371840 2905.4
1371850 2900.4
1371860 2900.4
1371870 2895.4
1371880 2890.8
1371890 2890.8
1371900 2886.3
1371910 2881.3
1371920 2881.3
1371930 2875.0
1371940 2867.5
1371950 2867.5
1371960 2862.5
1371970 2857.7
1371980 2857.7
1371990 2853.0
1372000 2848.3
1372010 2848.3
1372020 2844.6
1372030 2841.1
1372040 2837.1
1372050 2837.1
1372060 2833.4
1372070 2830.0
1372080 2830.0
1372090 2827.4
1372100 2823.8
1372110 2823.8
1372120 2819.7
1372130 2814.4
1372140 2814.4
1372150 2809.6
1372160 2805.1
1372170 2805.1
1372180 2800.1
1372190 2795.6
1372200 2795.6
1372210 2790.9
1372220 2784.2
1372230 2776.2
1372240 2776.2
1372250 2770.5
1372260 2766.4
1372270 2766.4
1372280 2763.1
1372290 2758.7
1372300 2758.7
1372310 2754.6
1372320 2751.0
1372330 2751.0
1372340 2747.0
1372350 2743.2
1372360 2743.2
1372370 2739.6
1372380 2736.4
1372390 2736.4
1372400 2733.0
1372410 2729.5
1372420 2729.5
1372430 2725.8
1372440 2721.0
1372450 2716.1
1372460 2716.1
1372470 2711.3
1372480 2703.9
1372490 2703.9
1372500 2697.6
1372510 2693.1
1372520 2693.1
1372530 2689.9
1372540 2686.2
1372550 2686.2
1372560 2682.1
1372570 2678.1
1372580 2678.1
1372590 2674.1
1372600 2669.7
1372610 2669.7
1372620 2665.2
1372630 2660.8
1372640 2656.4
1372650 2656.4
1372660 2652.3
1372670 2647.5
1372680 2647.5
1372690 2642.6
1372700 2638.1
1372710 2638.1
1372720 2635.1
1372730 2632.9
1372740 2632.9
1372750 2630.1
1372760 2627.5
1372770 2627.5
1372780 2625.6
1372790 2623.0
1372800 2623.0
1372810 2620.2
1372820 2617.6
1372830 2614.4
1372840 2614.4
1372850 2611.0
1372860 2607.6
1372870 2607.6
1372880 2604.0
1372890 2600.6
1372900 2600.6
1372910 2596.1
1372920 2591.2
1372930 2591.2
1372940 2588.2
1372950 2585.1
1372960 2585.1
1372970 2583.2
1372980 2582.9
1372990 2582.9
1373000 2583.4
1373010 2583.7
1373020 2583.7
1373030 2584.5
1373040 2588.1
1373050 2593.7
1373060 2593.7
1373070 2600.2
1373080 2604.2
1373090 2604.2
1373100 2607.8
1373110 2611.7
1373120 2611.7
1373130 2615.5
1373140 2616.6
1373150 2616.6
1373160 2618.2
1373170 2619.5
1373180 2619.5
1373190 2618.7
1373200 2616.7
1373210 2616.7
1373220 2614.6
1373230 2613.1
1373240 2611.8
1373250 2611.8
1373260 2611.2
1373270 2610.0
1373280 2610.0
1373290 2604.9
1373300 2600.5
1373310 2600.5
1373320 2596.9
1373330 2592.9
1373340 2592.9
1373350 2589.4
1373360 2584.5
1373370 2584.5
1373380 2580.2
1373390 2577.3
1373400 2577.3
1373410 2574.9
1373420 2572.1
1373430 2566.0
1373440 2566.0
1373450 2559.6
1373460 2553.8
1373470 2553.8
1373480 2549.5
1373490 2547.3
1373500 2547.3
1373510 2545.2
1373520 2545.4
1373530 2545.4
1373540 2549.2
1373550 2552.1
1373560 2552.1
1373570 2553.0
1373580 2551.2
1373590 2551.2
1373600 2551.4
1373610 2550.9
1373620 2550.9
1373630 2551.3
1373640 2551.2
1373650 2550.7
1373660 2550.7
1373670 2550.8
1373680 2551.0
1373690 2551.0
1373700 2549.4
1373710 2545.1
1373720 2545.1
1373730 2544.4
1373740 2545.8
1373750 2545.8
1373760 2547.4
1373770 2548.3
1373780 2548.3
1373790 2549.2
1373800 2549.6
1373810 2549.6
1373820 2551.0
1373830 2552.8
1373840 2554.0
1373850 2554.0
1373860 2554.5
1373870 2552.0
1373880 2552.0
1373890 2547.2
1373900 2548.7
1373910 2548.7
1373920 2550.8
1373930 2550.4
1373940 2550.4
1373950 2551.5
1373960 2556.6
1373970 2556.6
1373980 2562.0
1373990 2566.2
1374000 2566.2
1374010 2568.7
1374020 2570.0
1374030 2570.1
1374040 2570.1
1374050 2569.6
1374060 2570.8
1374070 2570.8
1374080 2574.7
1374090 2578.8
1374100 2578.8
1374110 2581.0
1374120 2581.0
1374130 2581.0
1374140 2579.1
1374150 2579.9
1374160 2579.9
1374170 2582.7
1374180 2585.6
1374190 2585.6
1374200 2585.3
1374210 2582.7
1374220 2582.7
1374230 2581.9
1374240 2582.8
1374250 2584.8
1374260 2584.8
1374270 2586.1
1374280 2588.6
1374290 2588.6
1374300 2591.2
1374310 2592.3
1374320 2592.3
1374330 2593.8
1374340 2597.0
1374350 2597.0
1374360 2602.4
1374370 2608.4
1374380 2608.4
1374390 2614.8
1374400 2620.7
1374410 2620.7
1374420 2625.5
1374430 2630.2
1374440 2634.7
1374450 2634.7
1374460 2639.2
1374470 2643.6
1374480 2643.6
1374490 2649.5
1374500 2654.9
1374510 2654.9
1374520 2659.4
1374530 2662.4
1374540 2662.4
1374550 2665.5
1374560 2668.9
1374570 2668.9
1374580 2673.4
1374590 2679.3
1374600 2679.3
1374610 2686.5
1374620 2693.4
1374630 2693.4
1374640 2699.1
1374650 2704.6
1374660 2710.0
1374670 2710.0
1374680 2715.0
1374690 2720.2
1374700 2720.2
1374710 2726.9
1374720 2733.9
1374730 2733.9
1374740 2739.3
1374750 2749.7
1374760 2749.7
1374770 2756.0
1374780 2761.7
1374790 2761.7
1374800 2767.2
1374810 2772.8
1374820 2772.8
1374830 2776.1
1374840 2780.1
1374850 2786.2
1374860 2786.2
1374870 2797.2
1374880 2809.1
1374890 2809.1
1374900 2816.8
1374910 2822.3
1374920 2822.3
1374930 2825.1
1374940 2832.0
1374950 2832.0
1374960 2837.8
1374970 2842.6
1374980 2842.6
1374990 2848.9
1375000 2854.9
1375010 2854.9
1375020 2860.3
1375030 2866.2
1375040 2872.3
1375050 2872.3
1375060 2874.8
1375070 2876.8
1375080 2876.8
1375090 2882.7
1375100 2887.9
1375110 2887.9
1375120 2893.2
1375130 2899.6
1375140 2899.6
1375150 2906.4
1375160 2913.4
1375170 2913.4
1375180 2920.5
1375190 2927.4
1375200 2927.4
1375210 2936.0
1375220 2948.1
1375230 2948.1
1375240 2958.6
1375250 2971.1
1375260 2979.3
1375270 2979.3
1375280 2987.1
1375290 2996.5
1375300 2996.5
1375310 3008.3
1375320 3023.8
1375330 3023.8
1375340 3031.2
1375350 3033.9
1375360 3033.9
1375370 3035.0
1375380 3037.3
1375390 3037.3
1375400 3039.0
1375410 3040.0
1375420 3040.0
1375430 3042.1
1375440 3039.8
1375450 3032.1
1375460 3032.1
1375470 3022.5
1375480 3012.2
1375490 3012.2
1375500 3002.6
1375510 2991.2
1375520 2991.2
1375530 2976.2
1375540 2965.1
1375550 2965.1
1375560 2956.9
1375570 2949.2
1375580 2949.2
1375590 2937.2
1375600 2923.0
1375610 2923.0
1375620 2890.7
1375630 2856.0
1375640 2844.0
1375650 2844.0
1375660 2838.5
1375670 2834.2
1375680 2834.2
1375690 2829.8
1375700 2825.2
1375710 2825.2
1375720 2820.3
1375730 2814.9
1375740 2814.9
1375750 2810.0
1375760 2805.5
1375770 2805.5
1375780 2801.5
1375790 2797.6
1375800 2797.6
1375810 2793.2
1375820 2789.8
1375830 2789.8
1375840 2784.2
1375850 2778.4
1375860 2774.1
1375870 2774.1
1375880 2769.9
1375890 2765.9
1375900 2769.9
1375910 2765.4
1375920 2760.6
1375930 2760.6
1375940 2756.5
1375950 2753.0
1375960 2753.0
1375970 2749.2
1375980 2745.3
1375990 2745.3
1376000 2741.5
1376010 2737.7
1376020 2737.7
1376030 2733.9
1376040 2730.8
1376050 2727.9
1376060 2727.9
1376070 2724.3
1376080 2720.8
1376090 2720.8
1376100 2717.9
1376110 2715.6
1376120 2715.6
1376130 2713.1
1376140 2710.5
1376150 2710.5
1376160 2708.9
1376170 2708.8
1376180 2708.8
1376190 2708.8
1376200 2708.9
1376210 2708.9
1376220 2709.3
1376230 2709.3
1376240 2709.1
1376250 2709.1
1376260 2708.9
1376270 2708.9
1376280 2708.9
1376290 2708.8
1376300 2708.8
1376310 2708.8
1376320 2709.1
1376330 2710.1
1376340 2710.1
1376350 2712.3
1376360 2714.4
1376370 2714.4
1376380 2714.5
1376390 2713.6
1376400 2713.6
1376410 2713.6
1376420 2713.0
1376430 2713.0
1376440 2710.4
1376450 2708.0
1376460 2706.6
1376470 2706.6
1376480 2705.8
1376490 2705.3
1376500 2705.3
1376510 2705.6
1376520 2706.3
1376530 2706.3
1376540 2706.0
1376550 2705.9
1376560 2705.9
1376570 2708.0
1376580 2709.2
1376590 2709.2
1376600 2707.3
1376610 2706.9
1376620 2706.9
1376630 2707.9
1376640 2707.6
1376650 2707.0
1376660 2707.0
1376670 2707.9
1376680 2709.1
1376690 2709.1
1376700 2710.4
1376710 2712.6
1376720 2712.6
1376730 2716.9
1376740 2721.5
1376750 2721.5
1376760 2719.0
1376770 2718.4
1376780 2718.4
1376790 2719.8
1376800 2721.4
1376810 2721.4
1376820 2724.0
1376830 2727.1
1376840 2729.5
1376850 2729.5
1376860 2732.1
1376870 2736.3
1376880 2736.3
1376890 2740.9
1376900 2745.8
1376910 2745.8
1376920 2751.7
1376930 2759.5
1376940 2759.5
1376950 2766.9
1376960 2773.6
1376970 2773.6
1376980 2781.9
1376990 2785.8
1377000 2785.8
1377010 2777.7
1377020 2767.8
1377030 2767.8
1377040 2746.7
1377050 2719.8
1377060 2701.0
1377070 2709.0
1377080 2689.8
1377090 2671.6
1377100 2671.6
1377110 2661.2
1377120 2651.4
1377130 2651.4
1377140 2638.0
1377150 2628.0
1377160 2628.0
1377170 2621.4
1377180 2614.4
1377190 2614.4
1377200 2607.2
1377210 2599.9
1377220 2599.9
1377230 2593.2
1377240 2586.6
1377250 2580.3
1377260 2580.3
1377270 2573.9
1377280 2567.6
1377290 2567.6
1377300 2561.6
1377310 2555.6
1377320 2555.6
1377330 2550.0
1377340 2545.0
1377350 2545.0
1377360 2540.5
1377370 2536.4
1377380 2536.4
1377390 2532.9
1377400 2530.0
1377410 2530.0
1377420 2528.0
1377430 2527.1
1377440 2526.1
1377450 2526.1
1377460 2527.0
1377470 2528.7
1377480 2528.7
1377490 2530.2
1377500 2531.5
1377510 2531.5
1377520 2532.6
1377530 2533.4
1377540 2533.4
1377550 2534.5
1377560 2534.9
1377570 2534.9
1377580 2534.5
1377590 2535.0
1377600 2535.0
1377610 2534.7
1377620 2534.9
1377630 2534.9
1377640 2534.7
1377650 2535.0
1377660 2538.0
1377670 2538.0
1377680 2543.4
1377690 2549.5
1377700 2549.5
1377710 2555.9
1377720 2562.0
1377730 2562.0
1377740 2568.6
1377750 2573.5
1377760 2573.5
1377770 2569.0
1377780 2555.8
1377790 2555.8
1377800 2548.1
1377810 2545.6
1377820 2545.6
1377830 2544.5
1377840 2543.7
1377850 2541.1
1377860 2541.1
1377870 2539.6
1377880 2538.4
1377890 2538.4
1377900 2538.6
1377910 2538.5
1377920 2538.5
1377930 2539.2
1377940 2541.6
1377950 2541.6
1377960 2544.1
1377970 2545.4
1377980 2545.4
1377990 2545.2
1378000 2544.8
1378010 2544.8
1378020 2546.8
1378030 2547.7
1378040 2547.7
1378050 2547.3
1378060 2548.0
1378070 2549.3
1378080 2549.3
1378090 2551.0
1378100 2551.5
1378110 2551.5
1378120 2552.2
1378130 2554.7
1378140 2554.7
1378150 2560.0
1378160 2565.6
1378170 2565.6
1378180 2564.2
1378190 2558.5
1378200 2558.5
1378210 2553.2
1378220 2545.5
1378230 2545.5
1378240 2537.4
1378250 2540.7
1378260 2532.8
1378270 2532.8
1378280 2526.1
1378290 2520.3
1378300 2520.3
1378310 2515.7
1378320 2510.2
1378330 2510.2
1378340 2505.2
1378350 2499.5
1378360 2499.5
1378370 2492.9
1378380 2486.3
1378390 2486.3
1378400 2481.6
1378410 2475.8
1378420 2475.8
1378430 2469.0
1378440 2460.6
1378450 2451.6
1378460 2451.6
1378470 2442.7
1378480 2432.9
1378490 2432.9
1378500 2422.5
1378510 2411.3
1378520 2411.3
1378530 2400.3
1378540 2389.2
1378550 2389.2
1378560 2378.6
1378570 2369.9
1378580 2369.9
1378590 2361.4
1378600 2354.1
1378610 2354.1
1378620 2347.4
1378630 2341.1
1378640 2341.1
1378650 2336.2
1378660 2328.9
1378670 2321.4
1378680 2321.4
1378690 2314.1
1378700 2308.6
1378710 2308.6
1378720 2302.0
1378730 2295.0
1378740 2295.0
1378750 2289.3
1378760 2282.4
1378770 2282.4
1378780 2273.9
1378790 2267.3
1378800 2267.3
1378810 2261.6
1378820 2256.5
1378830 2256.5
1378840 2251.2
1378850 2245.7
1378860 2240.4
1378870 2240.4
1378880 2235.5
1378890 2231.0
1378900 2231.0
1378910 2226.1
1378920 2221.5
1378930 2221.5
1378940 2217.1
1378950 2212.4
1378960 2212.4
1378970 2207.5
1378980 2202.3
1378990 2202.3
1379000 2197.3
1379010 2192.2
1379020 2192.2
1379030 2187.2
1379040 2182.2
1379050 2177.0
1379060 2177.0
1379070 2172.3
1379080 2168.2
1379090 2168.2
1379100 2164.7
1379110 2159.9
1379120 2159.9
1379130 2153.7
1379140 2147.6
1379150 2147.6
1379160 2142.6
1379170 2137.2
1379180 2137.2
1379190 2132.4
1379200 2127.7
1379210 2127.7
1379220 2122.8
1379230 2117.9
1379240 2117.9
1379250 2113.2
1379260 2107.7
1379270 2102.5
1379280 2102.5
1379290 2096.8
1379300 2089.0
1379310 2089.0
1379320 2081.3
1379330 2073.9
1379340 2073.9
1379350 2066.1
1379360 2059.1
1379370 2059.1
1379380 2054.2
1379390 2051.0
1379400 2051.0
1379410 2047.7
1379420 2043.4
1379430 2043.4
1379440 2040.4
1379450 2041.3
1379460 2036.1
1379470 2036.1
1379480 2030.2
1379490 2024.1
1379500 2024.1
1379510 2018.0
1379520 2013.3
1379530 2013.3
1379540 2008.4
1379550 2004.5
1379560 2004.5
1379570 2002.7
1379580 1998.9
1379590 1998.9
1379600 1994.4
1379610 1990.3
1379620 1990.3
1379630 1986.6
1379640 1981.9
1379650 1976.6
1379660 1976.6
1379670 1972.2
1379680 1967.6
1379690 1967.6
1379700 1962.0
1379710 1956.4
1379720 1956.4
1379730 1950.2
1379740 1943.2
1379750 1943.2
1379760 1936.7
1379770 1931.3
1379780 1931.3
1379790 1926.4
1379800 1922.1
1379810 1922.1
1379820 1917.3
1379830 1908.8
1379840 1908.8
1379850 1900.1
1379860 1893.1
1379870 1886.8
1379880 1886.8
1379890 1881.8
1379900 1877.1
1379910 1877.1
1379920 1871.5
1379930 1866.0
1379940 1866.0
1379950 1861.2
1379960 1857.4
1379970 1857.4
1379980 1853.8
1379990 1849.7
