1360000 3048.3
1360010 3042.4
1360020 3036.7
1360030 3036.7
1360040 3030.5
1360050 3022.9
1360060 3022.9
1360070 3010.8
1360080 2999.9
1360090 2999.9
1360100 2987.8
1360110 2979.9
1360120 2979.9
1360130 2971.5
1360140 2964.0
1360150 2959.6
1360160 2959.6
1360170 2958.6
1360180 2959.0
1360190 2959.0
1360200 2960.7
1360210 2962.0
1360220 2962.0
1360230 2963.8
1360240 2967.2
1360250 2967.2
1360260 2968.9
1360270 2971.1
1360280 2971.1
1360290 2971.9
1360300 2973.4
1360310 2973.4
1360320 2976.4
1360330 2977.6
1360340 2977.6
1360350 2976.3
1360360 2976.2
1360370 2975.6
1360380 2975.6
1360390 2975.3
1360400 2972.5
1360410 2972.5
1360420 2970.8
1360430 2968.4
1360440 2968.4
1360450 2965.6
1360460 2963.9
1360470 2963.9
1360480 2963.6
1360490 2963.7
1360500 2963.7
1360510 2964.8
1360520 2967.3
1360530 2967.3
1360540 2969.9
1360550 2973.7
1360560 2976.5
1360570 2976.5
1360580 2976.1
1360590 2975.2
1360600 2975.2
1360610 2976.7
1360620 2981.3
1360630 2981.3
1360640 2988.8
1360650 2997.7
1360660 2997.7
1360670 3006.5
1360680 3013.6
1360690 3013.6
1360700 3021.7
1360710 3032.6
1360720 3032.6
1360730 3037.4
1360740 3038.1
1360750 3037.7
1360760 3037.7
1360770 3030.0
1360780 3023.6
1360790 3023.6
1360800 3017.1
1360810 3011.6
1360820 3011.6
1360830 3008.3
1360840 3006.6
1360850 3006.6
1360860 3005.8
1360870 2999.2
1360880 2999.2
1360890 2992.1
1360900 2982.5
1360910 2982.5
1360920 2986.5
1360930 2981.8
1360940 2981.8
1360950 2974.6
1360960 2964.9
1360970 2957.5
1360980 2957.5
1360990 2949.3
1361000 2942.6
1361010 2942.6
1361020 2934.2
1361030 2923.7
1361040 2923.7
1361050 2914.1
1361060 2904.3
1361070 2904.3
1361080 2896.1
1361090 2888.9
1361100 2888.9
1361110 2883.9
1361120 2880.2
1361130 2880.2
1361140 2877.5
1361150 2875.2
1361160 2873.2
1361170 2873.2
1361180 2870.8
1361190 2869.3
1361200 2869.3
1361210 2868.8
1361220 2870.4
1361230 2870.4
1361240 2871.4
1361250 2869.4
1361260 2869.4
1361270 2867.1
1361280 2865.5
1361290 2865.5
1361300 2868.0
1361310 2869.7
1361320 2869.7
1361330 2869.0
1361340 2867.0
1361350 2864.1
1361360 2864.1
1361370 2861.3
1361380 2854.6
1361390 2854.6
1361400 2846.0
1361410 2838.9
1361420 2838.9
1361430 2830.8
1361440 2821.9
1361450 2821.9
1361460 2813.7
1361470 2805.1
1361480 2805.1
1361490 2796.2
1361500 2789.8
1361510 2789.8
1361520 2785.3
1361530 2783.2
1361540 2783.2
1361550 2780.7
1361560 2777.1
1361570 2775.3
1361580 2775.3
1361590 2773.3
1361600 2771.4
1361610 2771.4
1361620 2769.8
1361630 2767.7
1361640 2767.7
1361650 2765.9
1361660 2764.1
1361670 2764.1
1361680 2763.5
1361690 2761.5
1361700 2761.5
1361710 2757.8
1361720 2754.2
1361730 2754.2
1361740 2749.4
1361750 2746.8
1361760 2745.9
1361770 2745.9
1361780 2743.3
1361790 2739.1
1361800 2739.1
1361810 2736.9
1361820 2733.8
1361830 2733.8
1361840 2729.9
1361850 2726.0
1361860 2726.0
1361870 2721.0
1361880 2714.6
1361890 2714.6
1361900 2707.7
1361910 2702.7
1361920 2702.7
1361930 2699.8
1361940 2697.8
1361950 2702.9
1361960 2700.2
1361970 2696.1
1361980 2689.6
1361990 2689.6
1362000 2682.5
1362010 2675.0
1362020 2675.0
1362030 2665.0
1362040 2655.5
1362050 2655.5
1362060 2648.8
1362070 2643.4
1362080 2643.4
1362090 2639.5
1362100 2635.2
1362110 2635.2
1362120 2630.3
1362130 2626.3
1362140 2626.3
1362150 2623.8
1362160 2621.4
1362170 2619.2
1362180 2619.2
1362190 2617.8
1362200 2616.6
1362210 2616.6
1362220 2614.8
1362230 2612.7
1362240 2612.7
1362250 2612.2
1362260 2612.1
1362270 2612.1
1362280 2612.6
1362290 2613.1
1362300 2613.1
1362310 2613.5
1362320 2613.2
1362330 2613.2
1362340 2612.6
1362350 2611.4
1362360 2611.1
1362370 2611.1
1362380 2613.1
1362390 2615.9
1362400 2615.9
1362410 2617.2
1362420 2616.6
1362430 2616.6
1362440 2614.0
1362450 2611.0
1362460 2611.0
1362470 2607.8
1362480 2605.9
1362490 2605.9
1362500 2604.7
1362510 2603.9
1362520 2603.9
1362530 2603.6
1362540 2603.5
1362550 2603.5
1362560 2603.7
1362570 2604.2
1362580 2605.2
1362590 2605.2
1362600 2605.6
1362610 2606.0
1362620 2606.0
1362630 2606.6
1362640 2607.8
1362650 2607.8
1362660 2610.3
1362670 2612.3
1362680 2612.3
1362690 2614.3
1362700 2615.9
1362710 2615.9
1362720 2616.4
1362730 2616.6
1362740 2616.6
1362750 2618.2
1362760 2619.3
1362770 2619.8
1362780 2619.8
1362790 2620.1
1362800 2619.8
1362810 2619.8
1362820 2619.4
1362830 2619.4
1362840 2619.4
1362850 2619.4
1362860 2619.6
1362870 2619.6
1362880 2620.3
1362890 2620.9
1362900 2620.9
1362910 2621.6
1362920 2622.0
1362930 2622.0
1362940 2622.2
1362950 2622.0
1362960 2622.4
1362970 2622.4
1362980 2621.6
1362990 2623.5
1363000 2623.5
1363010 2625.5
1363020 2627.6
1363030 2627.6
1363040 2628.8
1363050 2628.9
1363060 2628.9
1363070 2628.8
1363080 2628.6
1363090 2628.6
1363100 2628.3
1363110 2628.0
1363120 2628.0
1363130 2627.8
1363140 2627.9
1363150 2627.9
1363160 2627.3
1363170 2626.2
1363180 2625.8
1363190 2625.8
1363200 2626.2
1363210 2627.5
1363220 2627.5
1363230 2629.3
1363240 2631.0
1363250 2631.0
1363260 2632.1
1363270 2631.7
1363280 2631.7
1363290 2630.0
1363300 2629.8
1363310 2629.8
1363320 2630.1
1363330 2630.8
1363340 2630.8
1363350 2632.4
1363360 2634.2
1363370 2635.5
1363380 2635.5
1363390 2637.0
1363400 2639.0
1363410 2639.0
1363420 2641.7
1363430 2645.4
1363440 2645.4
1363450 2647.6
1363460 2650.5
1363470 2650.5
1363480 2651.7
1363490 2653.6
1363500 2653.6
1363510 2654.8
1363520 2655.7
1363530 2655.7
1363540 2655.2
1363550 2651.8
1363560 2651.8
1363570 2648.9
1363580 2643.8
1363590 2638.1
1363600 2638.1
1363610 2634.8
1363620 2635.1
1363630 2635.1
1363640 2634.3
1363650 2632.4
1363660 2632.4
1363670 2628.4
1363680 2627.5
1363690 2627.5
1363700 2632.3
1363710 2635.6
1363720 2635.6
1363730 2639.1
1363740 2643.9
1363750 2643.9
1363760 2648.2
1363770 2651.4
1363780 2655.1
1363790 2655.1
1363800 2659.0
1363810 2662.3
1363820 2662.3
1363830 2664.0
1363840 2665.1
1363850 2665.1
1363860 2668.2
1363870 2671.2
1363880 2671.2
1363890 2671.3
1363900 2670.5
1363910 2670.5
1363920 2670.4
1363930 2666.2
1363940 2666.2
1363950 2666.3
1363960 2667.9
1363970 2667.6
1363980 2667.6
1363990 2664.6
1364000 2660.8
1364010 2660.8
1364020 2655.2
1364030 2645.0
1364040 2645.0
1364050 2645.7
1364060 2649.2
1364070 2649.2
1364080 2653.1
1364090 2655.1
1364100 2655.1
1364110 2656.6
1364120 2655.7
1364130 2655.7
1364140 2654.6
1364150 2651.3
1364160 2651.3
1364170 2655.8
1364180 2664.6
1364190 2670.7
1364200 2670.7
1364210 2675.5
1364220 2679.9
1364230 2679.9
1364240 2681.9
1364250 2683.0
1364260 2683.0
1364270 2685.8
1364280 2688.6
1364290 2688.6
1364300 2689.7
1364310 2689.7
1364320 2689.7
1364330 2690.4
1364340 2691.8
1364350 2691.8
1364360 2693.2
1364370 2694.5
1364380 2694.5
1364390 2694.5
1364400 2692.4
1364410 2689.8
1364420 2689.8
1364430 2688.4
1364440 2688.4
1364450 2688.4
1364460 2689.6
1364470 2692.6
1364480 2692.6
1364490 2695.9
1364500 2699.3
1364510 2699.3
1364520 2702.8
1364530 2705.9
1364540 2705.9
1364550 2708.8
1364560 2710.7
1364570 2712.6
1364580 2712.6
1364590 2714.6
1364600 2715.9
1364610 2715.9
1364620 2715.2
1364630 2713.5
1364640 2713.5
1364650 2711.9
1364660 2710.2
1364670 2710.2
1364680 2708.9
1364690 2707.5
1364700 2707.5
1364710 2705.1
1364720 2702.3
1364730 2702.3
1364740 2700.0
1364750 2697.8
1364760 2697.8
1364770 2697.5
1364780 2700.0
1364790 2700.9
1364800 2700.9
1364810 2702.8
1364820 2703.4
1364830 2703.4
1364840 2705.5
1364850 2710.6
1364860 2710.6
1364870 2716.5
1364880 2722.2
1364890 2722.2
1364900 2727.6
1364910 2734.1
1364920 2734.1
1364930 2742.7
1364940 2756.9
1364950 2756.9
1364960 2769.4
1364970 2779.9
1364980 2788.4
1364990 2788.4
1365000 2792.8
1365010 2796.1
1365020 2796.1
1365030 2798.4
1365040 2792.4
1365050 2792.4
1365060 2782.1
1365070 2774.3
1365080 2781.6
1365090 2778.1
1365100 2774.6
1365110 2774.6
1365120 2768.6
1365130 2762.9
1365140 2762.9
1365150 2758.4
1365160 2754.7
1365170 2754.7
1365180 2751.3
1365190 2747.3
1365200 2742.8
1365210 2742.8
1365220 2738.6
1365230 2734.3
1365240 2734.3
1365250 2730.1
1365260 2725.1
1365270 2725.1
1365280 2719.6
1365290 2716.4
1365300 2716.4
1365310 2713.9
1365320 2711.9
1365330 2711.9
1365340 2710.6
1365350 2707.8
1365360 2707.8
1365370 2706.1
1365380 2704.7
1365390 2702.8
1365400 2702.8
1365410 2699.8
1365420 2695.8
1365430 2695.8
1365440 2692.9
1365450 2688.1
1365460 2688.1
1365470 2682.2
1365480 2676.6
1365490 2676.6
1365500 2671.4
1365510 2667.2
1365520 2667.2
1365530 2663.3
1365540 2658.7
1365550 2658.7
1365560 2655.3
1365570 2651.8
1365580 2648.3
1365590 2648.3
1365600 2644.0
1365610 2639.0
1365620 2639.0
1365630 2635.8
1365640 2634.1
1365650 2634.1
1365660 2632.4
1365670 2630.9
1365680 2630.9
1365690 2629.5
1365700 2628.6
1365710 2628.6
1365720 2628.0
1365730 2627.2
1365740 2627.2
1365750 2626.3
1365760 2626.0
1365770 2626.0
1365780 2626.0
1365790 2626.1
1365800 2625.2
1365810 2625.2
1365820 2624.3
1365830 2624.7
1365840 2624.7
1365850 2624.4
1365860 2624.0
1365870 2624.0
1365880 2624.3
1365890 2625.1
1365900 2625.1
1365910 2626.6
1365920 2627.1
1365930 2627.1
1365940 2627.8
1365950 2628.8
1365960 2628.8
1365970 2628.0
1365980 2625.5
1365990 2624.9
1366000 2624.9
1366010 2625.4
1366020 2628.0
1366030 2628.0
1366040 2628.5
1366050 2627.5
1366060 2627.5
1366070 2628.0
1366080 2628.2
1366090 2628.2
1366100 2628.5
1366110 2628.9
1366120 2628.9
1366130 2630.9
1366140 2632.2
1366150 2636.8
1366160 2637.5
1366170 2639.0
1366180 2639.5
1366190 2639.5
1366200 2639.7
1366210 2640.5
1366220 2640.5
1366230 2641.4
1366240 2641.7
1366250 2641.7
1366260 2641.2
1366270 2640.7
1366280 2640.7
1366290 2640.8
1366300 2640.4
1366310 2640.4
1366320 2639.4
1366330 2638.2
1366340 2638.2
1366350 2637.9
1366360 2636.9
1366370 2636.9
1366380 2635.5
1366390 2634.4
1366400 2633.0
1366410 2633.0
1366420 2631.9
1366430 2631.3
1366440 2631.3
1366450 2630.9
1366460 2630.2
1366470 2630.2
1366480 2628.7
1366490 2625.2
1366500 2625.2
1366510 2621.0
1366520 2617.2
1366530 2617.2
1366540 2614.5
1366550 2611.9
1366560 2611.9
1366570 2608.7
1366580 2603.8
1366590 2600.3
1366600 2600.3
1366610 2599.6
1366620 2599.2
1366630 2599.2
1366640 2597.2
1366650 2594.2
1366660 2594.2
1366670 2595.6
1366680 2590.3
1366690 2590.3
1366700 2586.3
1366710 2581.8
1366720 2581.8
1366730 2581.4
1366740 2575.8
1366750 2575.8
1366760 2567.3
1366770 2564.1
1366780 2564.1
1366790 2564.0
1366800 2558.5
1366810 2551.2
1366820 2551.2
1366830 2547.6
1366840 2544.4
1366850 2544.4
1366860 2538.0
1366870 2531.0
1366880 2531.0
1366890 2523.8
1366900 2520.5
1366910 2520.5
1366920 2515.9
1366930 2511.8
1366940 2511.8
1366950 2507.0
1366960 2503.7
1366970 2503.7
1366980 2499.5
1366990 2495.7
1367000 2493.4
1367010 2493.4
1367020 2491.2
1367030 2490.5
1367040 2490.5
1367050 2488.2
1367060 2483.1
1367070 2483.1
1367080 2475.0
1367090 2469.3
1367100 2469.3
1367110 2467.0
1367120 2463.9
1367130 2463.9
1367140 2462.5
1367150 2460.6
1367160 2460.6
1367170 2457.4
1367180 2456.9
1367190 2456.7
1367200 2456.7
1367210 2454.8
1367220 2459.8
1367230 2459.8
1367240 2458.2
1367250 2456.3
1367260 2456.3
1367270 2454.7
1367280 2453.8
1367290 2453.8
1367300 2453.7
1367310 2454.2
1367320 2454.2
1367330 2454.2
1367340 2454.7
1367350 2454.7
1367360 2455.3
1367370 2455.3
1367380 2455.3
1367390 2455.8
1367400 2455.6
1367410 2455.9
1367420 2455.9
1367430 2456.7
1367440 2457.4
1367450 2457.4
1367460 2459.4
1367470 2462.3
1367480 2462.3
1367490 2465.5
1367500 2466.7
1367510 2466.7
1367520 2466.2
1367530 2466.2
1367540 2466.2
1367550 2466.7
1367560 2467.8
1367570 2467.8
1367580 2464.9
1367590 2462.7
1367600 2464.0
1367610 2464.0
1367620 2465.3
1367630 2465.2
1367640 2465.2
1367650 2462.4
1367660 2456.3
1367670 2456.3
1367680 2449.7
1367690 2446.9
1367700 2446.9
1367710 2448.8
1367720 2451.1
1367730 2451.1
1367740 2452.9
1367750 2454.6
1367760 2454.6
1367770 2456.4
1367780 2458.5
1367790 2461.2
1367800 2461.2
1367810 2463.1
1367820 2466.5
1367830 2466.5
1367840 2470.7
1367850 2475.4
1367860 2475.4
1367870 2480.8
1367880 2486.3
1367890 2486.3
1367900 2491.9
1367910 2496.9
1367920 2496.9
1367930 2501.7
1367940 2507.2
1367950 2507.2
1367960 2513.0
1367970 2518.8
1367980 2518.8
1367990 2526.9
1368000 2535.5
1368010 2547.2
1368020 2547.2
1368030 2563.1
1368040 2582.5
1368050 2582.5
1368060 2594.7
1368070 2602.7
1368080 2602.7
1368090 2622.6
1368100 2648.7
1368110 2648.7
1368120 2660.2
1368130 2665.1
1368140 2665.1
1368150 2674.1
1368160 2681.6
1368170 2681.6
1368180 2684.7
1368190 2688.0
1368200 2697.7
1368210 2697.7
1368220 2712.2
1368230 2718.9
1368240 2718.9
1368250 2722.0
1368260 2730.1
1368270 2730.1
1368280 2745.4
1368290 2762.0
1368300 2762.0
1368310 2794.7
1368320 2814.0
1368330 2814.0
1368340 2830.7
1368350 2851.8
1368360 2851.8
1368370 2862.4
1368380 2863.5
1368390 2860.5
1368400 2860.5
1368410 2857.9
1368420 2853.8
1368430 2853.8
1368440 2847.6
1368450 2841.1
1368460 2841.1
1368470 2836.5
1368480 2832.6
1368490 2832.6
1368500 2829.4
1368510 2826.4
1368520 2826.4
1368530 2823.6
1368540 2820.7
1368550 2820.7
1368560 2817.9
1368570 2816.2
1368580 2816.2
1368590 2813.5
1368600 2811.3
1368610 2809.2
1368620 2809.2
1368630 2807.2
1368640 2804.5
1368650 2804.5
1368660 2802.2
1368670 2801.1
1368680 2801.1
1368690 2801.8
1368700 2807.8
1368710 2807.8
1368720 2812.2
1368730 2813.3
1368740 2813.3
1368750 2811.7
1368760 2807.1
1368770 2807.1
1368780 2801.6
1368790 2796.5
1368800 2791.1
1368810 2791.1
1368820 2785.3
1368830 2776.8
1368840 2776.8
1368850 2767.4
1368860 2758.5
1368870 2758.5
1368880 2751.9
1368890 2746.6
1368900 2746.6
1368910 2741.2
1368920 2735.9
1368930 2735.9
1368940 2731.0
1368950 2725.4
1368960 2725.4
1368970 2720.9
1368980 2719.3
1368990 2719.3
1369000 2718.3
1369010 2717.1
1369020 2716.2
1369030 2716.2
1369040 2716.9
1369050 2717.5
1369060 2717.5
1369070 2717.2
1369080 2718.5
1369090 2718.5
1369100 2720.1
1369110 2719.3
1369120 2719.3
1369130 2716.7
1369140 2712.7
1369150 2712.7
1369160 2709.5
1369170 2710.0
1369180 2710.0
1369190 2711.0
1369200 2711.7
1369210 2712.4
1369220 2712.4
1369230 2713.6
1369240 2715.1
1369250 2715.1
1369260 2715.6
1369270 2715.4
1369280 2715.4
1369290 2714.2
1369300 2711.0
1369310 2711.0
1369320 2705.9
1369330 2703.2
1369340 2703.2
1369350 2698.9
1369360 2695.1
1369370 2695.1
1369380 2692.8
1369390 2690.8
1369400 2695.0
1369410 2695.0
1369420 2692.6
1369430 2689.3
1369440 2689.3
1369450 2688.0
1369460 2685.3
1369470 2685.3
1369480 2681.4
1369490 2678.2
1369500 2678.2
1369510 2674.8
1369520 2670.9
1369530 2670.9
1369540 2667.8
1369550 2666.0
1369560 2666.0
1369570 2664.2
1369580 2662.7
1369590 2662.7
1369600 2660.7
1369610 2658.1
1369620 2656.9
1369630 2656.9
1369640 2655.0
1369650 2653.4
1369660 2653.4
1369670 2650.9
1369680 2647.8
1369690 2647.8
1369700 2645.0
1369710 2643.1
1369720 2643.1
1369730 2643.0
1369740 2642.8
1369750 2642.8
1369760 2642.0
1369770 2639.8
1369780 2639.8
1369790 2635.2
1369800 2630.4
1369810 2628.6
1369820 2628.6
1369830 2627.0
1369840 2625.4
1369850 2625.4
1369860 2624.1
1369870 2621.5
1369880 2621.5
1369890 2618.8
1369900 2617.1
1369910 2617.1
1369920 2615.9
1369930 2616.3
1369940 2616.3
1369950 2617.4
1369960 2618.7
1369970 2618.7
1369980 2620.1
1369990 2621.8
1370000 2621.8
1370010 2621.8
1370020 2620.3
1370030 2618.8
1370040 2618.8
1370050 2618.8
1370060 2618.5
1370070 2618.5
1370080 2617.8
1370090 2618.6
1370100 2618.6
1370110 2620.9
1370120 2621.9
1370130 2621.9
1370140 2623.6
1370150 2626.4
1370160 2626.4
1370170 2625.8
1370180 2625.0
1370190 2625.0
1370200 2630.1
1370210 2635.4
1370220 2636.3
1370230 2636.3
1370240 2635.9
1370250 2636.9
1370260 2636.9
1370270 2637.7
1370280 2638.1
1370290 2638.1
1370300 2638.4
1370310 2639.1
1370320 2639.1
1370330 2639.4
1370340 2639.3
1370350 2639.3
1370360 2640.7
1370370 2643.3
1370380 2643.3
1370390 2647.3
1370400 2652.6
1370410 2657.3
1370420 2657.3
1370430 2662.7
1370440 2668.0
1370450 2668.0
1370460 2672.2
1370470 2676.4
1370480 2676.4
1370490 2680.5
1370500 2691.8
1370510 2691.8
1370520 2695.5
1370530 2699.1
1370540 2699.1
1370550 2703.0
1370560 2707.5
1370570 2707.5
1370580 2711.2
1370590 2713.8
1370600 2713.8
1370610 2717.0
1370620 2721.8
1370630 2726.3
1370640 2726.3
1370650 2730.8
1370660 2738.3
1370670 2738.3
1370680 2745.9
1370690 2752.5
1370700 2752.5
1370710 2757.2
1370720 2760.6
1370730 2760.6
1370740 2765.0
1370750 2771.2
1370760 2771.2
1370770 2778.4
1370780 2786.3
1370790 2786.3
1370800 2792.0
1370810 2795.6
1370820 2799.9
1370830 2799.9
1370840 2803.9
1370850 2806.8
1370860 2806.8
1370870 2809.2
1370880 2810.9
1370890 2810.9
1370900 2812.7
1370910 2815.0
1370920 2815.0
1370930 2819.6
1370940 2826.1
1370950 2826.1
1370960 2832.6
1370970 2839.8
1370980 2839.8
1370990 2849.1
1371000 2859.2
1371010 2869.7
1371020 2869.7
1371030 2879.4
1371040 2887.3
1371050 2887.3
1371060 2892.6
1371070 2896.0
1371080 2896.0
1371090 2899.0
1371100 2899.9
1371110 2899.9
1371120 2900.5
1371130 2902.8
1371140 2902.8
1371150 2906.3
1371160 2910.7
1371170 2910.7
1371180 2915.9
1371190 2923.2
1371200 2923.2
1371210 2927.4
1371220 2932.1
1371230 2937.6
1371240 2937.6
1371250 2939.2
1371260 2939.3
1371270 2939.3
1371280 2942.5
1371290 2949.8
1371300 2949.8
1371310 2956.3
1371320 2958.8
1371330 2958.8
1371340 2961.3
1371350 2964.3
1371360 2964.3
1371370 2967.9
1371380 2972.9
1371390 2972.9
1371400 2981.3
1371410 2994.9
1371420 3004.1
1371430 3004.1
1371440 3012.7
1371450 3022.9
1371460 3022.9
1371470 3022.7
1371480 3015.0
1371490 3015.0
1371500 3006.2
1371510 3000.4
1371520 3000.4
1371530 2993.3
1371540 2985.1
1371550 2985.1
1371560 2972.5
1371570 2960.3
1371580 2960.3
1371590 2949.9
1371600 2940.6
1371610 2934.0
1371620 2944.6
1371630 2937.1
1371640 2931.0
1371650 2931.0
1371660 2927.3
1371670 2921.8
1371680 2921.8
1371690 2917.0
1371700 2915.5
1371710 2915.5
1371720 2914.6
1371730 2906.7
1371740 2906.7
1371750 2902.0
1371760 2895.8
1371770 2895.8
1371780 2892.2
1371790 2890.4
1371800 2890.4
1371810 2888.3
1371820 2884.9
1371830 2883.8
1371840 2883.8
1371850 2881.5
1371860 2879.6
1371870 2879.6
1371880 2878.3
1371890 2878.4
1371900 2878.4
1371910 2876.3
1371920 2872.3
1371930 2872.3
1371940 2869.9
1371950 2869.1
1371960 2869.1
1371970 2866.5
1371980 2864.6
1371990 2864.6
1372000 2860.4
1372010 2856.3
1372020 2853.3
1372030 2853.3
1372040 2847.9
1372050 2844.9
1372060 2844.9
1372070 2842.9
1372080 2842.4
1372090 2842.4
1372100 2840.4
1372110 2831.0
1372120 2831.0
1372130 2814.5
1372140 2804.4
1372150 2804.4
1372160 2796.1
1372170 2788.9
1372180 2788.9
1372190 2782.5
1372200 2776.3
1372210 2769.8
1372220 2769.8
1372230 2763.3
1372240 2757.3
1372250 2757.3
1372260 2751.9
1372270 2746.9
1372280 2746.9
1372290 2743.3
1372300 2740.3
1372310 2740.3
1372320 2736.0
1372330 2728.7
1372340 2728.7
1372350 2716.6
1372360 2703.1
1372370 2703.1
1372380 2687.6
1372390 2671.0
1372400 2671.0
1372410 2652.9
1372420 2638.1
1372430 2629.6
1372440 2629.6
1372450 2623.2
1372460 2618.1
1372470 2618.1
1372480 2612.9
1372490 2607.8
1372500 2607.8
1372510 2603.4
1372520 2599.4
1372530 2599.4
1372540 2595.7
1372550 2592.6
1372560 2592.6
1372570 2589.9
1372580 2587.2
1372590 2587.2
1372600 2584.7
1372610 2583.0
1372620 2580.9
1372630 2580.9
1372640 2579.0
1372650 2577.3
1372660 2577.3
1372670 2576.0
1372680 2575.0
1372690 2575.0
1372700 2573.4
1372710 2571.8
1372720 2571.8
1372730 2570.0
1372740 2569.0
1372750 2569.0
1372760 2566.4
1372770 2562.5
1372780 2562.5
1372790 2559.6
1372800 2556.5
1372810 2556.5
1372820 2552.3
1372830 2547.0
1372840 2541.8
1372850 2541.8
1372860 2537.6
1372870 2533.8
1372880 2533.8
1372890 2530.3
1372900 2528.4
1372910 2528.4
1372920 2526.8
1372930 2523.1
1372940 2523.1
1372950 2521.3
1372960 2520.2
1372970 2520.2
1372980 2517.3
1372990 2514.2
1373000 2514.2
1373010 2509.9
1373020 2505.7
1373030 2499.1
1373040 2499.1
1373050 2490.5
1373060 2482.3
1373070 2482.3
1373080 2475.2
1373090 2469.1
1373100 2469.1
1373110 2464.6
1373120 2460.7
1373130 2460.7
1373140 2456.8
1373150 2453.0
1373160 2453.0
1373170 2449.1
1373180 2445.0
1373190 2445.0
1373200 2441.0
1373210 2437.6
1373220 2434.6
1373230 2434.6
1373240 2432.2
1373250 2430.0
1373260 2430.0
1373270 2427.9
1373280 2425.7
1373290 2425.7
1373300 2424.2
1373310 2423.0
1373320 2423.0
1373330 2423.1
1373340 2424.3
1373350 2424.3
1373360 2426.7
1373370 2427.6
1373380 2427.6
1373390 2426.6
1373400 2425.0
1373410 2425.0
1373420 2423.4
1373430 2422.2
1373440 2420.4
1373450 2420.4
1373460 2418.5
1373470 2417.3
1373480 2417.3
1373490 2416.3
1373500 2414.8
1373510 2414.8
1373520 2413.5
1373530 2411.0
1373540 2411.0
1373550 2408.1
1373560 2403.7
1373570 2403.7
1373580 2398.9
1373590 2395.1
1373600 2395.1
1373610 2392.2
1373620 2387.9
1373630 2383.9
1373640 2383.9
1373650 2381.0
1373660 2376.3
1373670 2376.3
1373680 2370.9
1373690 2366.1
1373700 2366.1
1373710 2363.2
1373720 2361.2
1373730 2361.2
1373740 2362.6
1373750 2363.6
1373760 2363.6
1373770 2365.2
1373780 2367.7
1373790 2367.7
1373800 2370.1
1373810 2371.8
1373820 2373.3
1373830 2373.3
1373840 2375.0
1373850 2377.2
1373860 2377.2
1373870 2379.6
1373880 2385.7
1373890 2385.7
1373900 2387.7
1373910 2389.6
1373920 2389.6
1373930 2391.1
1373940 2392.7
1373950 2392.7
1373960 2395.7
1373970 2398.6
1373980 2398.6
1373990 2400.8
1374000 2403.0
1374010 2403.0
1374020 2405.6
1374030 2408.0
1374040 2410.8
1374050 2410.8
1374060 2413.5
1374070 2415.8
1374080 2415.8
1374090 2418.3
1374100 2421.1
1374110 2421.1
1374120 2425.3
1374130 2430.7
1374140 2430.7
1374150 2436.1
1374160 2440.9
1374170 2440.9
1374180 2444.5
1374190 2448.1
1374200 2448.1
1374210 2452.0
1374220 2455.8
1374230 2460.2
1374240 2460.2
1374250 2465.3
1374260 2470.6
1374270 2470.6
1374280 2475.7
1374290 2480.5
1374300 2480.5
1374310 2485.3
1374320 2490.4
1374330 2490.4
1374340 2495.2
1374350 2499.6
1374360 2499.6
1374370 2504.4
1374380 2509.8
1374390 2509.8
1374400 2514.5
1374410 2519.1
1374420 2519.1
1374430 2523.5
1374440 2527.6
1374450 2531.6
1374460 2531.6
1374470 2540.9
1374480 2555.7
1374490 2555.7
1374500 2568.2
1374510 2581.6
1374520 2581.6
1374530 2593.7
1374540 2600.9
1374550 2600.9
1374560 2609.8
1374570 2621.7
1374580 2621.7
1374590 2631.1
1374600 2631.3
1374610 2631.3
1374620 2635.1
1374630 2642.0
1374640 2647.3
1374650 2647.3
1374660 2652.8
1374670 2658.4
1374680 2658.4
1374690 2663.7
1374700 2669.3
1374710 2669.3
1374720 2679.1
1374730 2690.1
1374740 2690.1
1374750 2695.0
1374760 2699.9
1374770 2699.9
1374780 2711.1
1374790 2726.4
1374800 2726.4
1374810 2728.9
1374820 2733.1
1374830 2749.4
1374840 2749.4
1374850 2751.7
1374860 2753.5
1374870 2753.5
1374880 2759.4
1374890 2765.8
1374900 2765.8
1374910 2773.7
1374920 2784.6
1374930 2784.6
1374940 2800.5
1374950 2823.0
1374960 2823.0
1374970 2842.1
1374980 2854.0
1374990 2854.0
1375000 2864.9
1375010 2875.5
1375020 2875.5
1375030 2892.4
1375040 2905.5
1375050 2918.9
1375060 2918.9
1375070 2928.3
1375080 2934.5
1375090 2934.5
1375100 2937.6
1375110 2936.4
1375120 2936.4
1375130 2934.1
1375140 2932.6
1375150 2932.6
1375160 2936.3
1375170 2945.6
1375180 2945.6
1375190 2963.8
1375200 2985.3
1375210 2985.3
1375220 2990.7
1375230 2987.2
1375240 2987.4
1375250 2987.4
1375260 2994.7
1375270 3007.1
1375280 3007.1
1375290 3021.2
1375300 3034.0
1375310 3034.0
1375320 3041.8
1375330 3034.5
1375340 3034.5
1375350 3025.1
1375360 3015.9
1375370 3015.9
1375380 3006.5
1375390 2996.7
1375400 2996.7
1375410 2989.3
1375420 2981.8
1375430 2974.2
1375440 2974.2
1375450 2966.8
1375460 2956.1
1375470 2956.1
1375480 2943.2
1375490 2932.0
1375500 2932.0
1375510 2923.1
1375520 2915.6
1375530 2915.6
1375540 2905.9
1375550 2897.2
1375560 2897.2
1375570 2891.2
1375580 2887.8
1375590 2887.8
1375600 2884.6
1375610 2880.9
1375620 2880.9
1375630 2875.3
1375640 2867.1
1375650 2856.0
1375660 2856.0
1375670 2843.5
1375680 2828.7
1375690 2828.7
1375700 2809.7
1375710 2780.6
1375720 2780.6
1375730 2767.3
1375740 2760.3
1375750 2760.3
1375760 2753.2
1375770 2744.2
1375780 2744.2
1375790 2734.4
1375800 2724.0
1375810 2724.0
1375820 2716.2
1375830 2710.9
1375840 2706.9
1375850 2706.9
1375860 2703.0
1375870 2698.3
1375880 2698.3
1375890 2693.7
1375900 2688.9
1375910 2688.9
1375920 2684.4
1375930 2680.9
1375940 2680.9
1375950 2678.5
1375960 2674.3
1375970 2674.3
1375980 2668.0
1375990 2664.8
1376000 2664.8
1376010 2660.8
1376020 2657.3
1376030 2654.6
1376040 2654.6
1376050 2651.3
1376060 2646.6
1376070 2646.6
1376080 2641.8
1376090 2637.3
1376100 2637.3
1376110 2631.9
1376120 2625.9
1376130 2625.9
1376140 2620.3
1376150 2615.1
1376160 2615.1
1376170 2611.7
1376180 2608.6
1376190 2613.6
1376200 2609.4
1376210 2610.2
1376220 2610.2
1376230 2610.3
1376240 2609.7
1376250 2609.9
1376260 2609.9
1376270 2606.4
1376280 2602.6
1376290 2602.6
1376300 2601.5
1376310 2599.1
1376320 2599.1
1376330 2598.7
1376340 2602.7
1376350 2602.7
1376360 2603.4
1376370 2598.5
1376380 2598.5
1376390 2595.3
1376400 2594.0
1376410 2594.0
1376420 2592.9
1376430 2592.9
1376440 2591.9
1376450 2591.9
1376460 2589.4
1376470 2586.5
1376480 2586.5
1376490 2584.1
1376500 2581.4
1376510 2581.4
1376520 2580.6
1376530 2579.6
1376540 2579.6
1376550 2580.7
1376560 2583.1
1376570 2583.1
1376580 2586.4
1376590 2586.5
1376600 2586.5
1376610 2587.5
1376620 2589.8
1376630 2589.8
1376640 2590.9
1376650 2591.7
1376660 2592.4
1376670 2592.4
1376680 2591.3
1376690 2590.6
1376700 2590.6
1376710 2588.9
1376720 2588.7
1376730 2588.7
1376740 2591.8
1376750 2593.8
1376760 2593.8
1376770 2596.6
1376780 2598.1
1376790 2598.1
1376800 2602.6
1376810 2605.7
1376820 2605.7
1376830 2605.9
1376840 2605.7
1376850 2603.0
1376860 2603.0
1376870 2602.5
1376880 2604.2
1376890 2604.2
1376900 2607.1
1376910 2610.6
1376920 2610.6
1376930 2614.2
1376940 2618.9
1376950 2618.9
1376960 2624.3
1376970 2630.9
1376980 2630.9
1376990 2638.7
1377000 2646.0
1377010 2646.0
1377020 2653.0
1377030 2662.8
1377040 2676.1
1377050 2676.1
1377060 2687.4
1377070 2698.4
1377080 2698.4
1377090 2706.8
1377100 2714.1
1377110 2714.1
1377120 2721.2
1377130 2729.3
1377140 2729.3
1377150 2738.4
1377160 2733.5
1377170 2733.5
1377180 2726.3
1377190 2720.6
1377200 2720.6
1377210 2709.5
1377220 2701.1
1377230 2701.1
1377240 2690.1
1377250 2684.0
1377260 2678.1
1377270 2678.1
1377280 2670.5
1377290 2668.4
1377300 2668.4
1377310 2665.8
1377320 2662.9
1377330 2662.9
1377340 2661.6
1377350 2660.7
1377360 2653.8
1377370 2653.1
1377380 2652.0
1377390 2652.0
1377400 2650.2
1377410 2648.3
1377420 2648.3
1377430 2645.9
1377440 2643.7
1377450 2641.5
1377460 2641.5
1377470 2639.6
1377480 2637.8
1377490 2637.8
1377500 2636.3
1377510 2634.7
1377520 2634.7
1377530 2633.6
1377540 2634.7
1377550 2634.7
1377560 2638.7
1377570 2643.5
1377580 2643.5
1377590 2650.3
1377600 2661.4
1377610 2661.4
1377620 2671.3
1377630 2668.5
1377640 2658.9
1377650 2658.9
1377660 2651.0
1377670 2644.7
1377680 2644.7
1377690 2640.2
1377700 2636.9
1377710 2636.9
1377720 2633.6
1377730 2631.3
1377740 2631.3
1377750 2630.7
1377760 2624.9
1377770 2624.9
1377780 2609.8
1377790 2597.9
1377800 2597.9
1377810 2590.4
1377820 2584.5
1377830 2584.5
1377840 2579.2
1377850 2574.8
1377860 2569.6
1377870 2569.6
1377880 2564.6
1377890 2559.4
1377900 2559.4
1377910 2554.4
1377920 2549.8
1377930 2549.8
1377940 2545.7
1377950 2541.6
1377960 2541.6
1377970 2538.4
1377980 2535.7
1377990 2535.7
1378000 2533.6
1378010 2531.8
1378020 2531.8
1378030 2529.0
1378040 2525.5
1378050 2522.1
1378060 2522.1
1378070 2519.4
1378080 2516.7
1378090 2516.7
1378100 2514.2
1378110 2512.8
1378120 2512.8
1378130 2511.3
1378140 2508.2
1378150 2508.2
1378160 2504.2
1378170 2500.0
1378180 2500.0
1378190 2495.5
1378200 2491.3
1378210 2491.3
1378220 2486.5
1378230 2481.7
1378240 2476.8
1378250 2476.8
1378260 2470.3
1378270 2463.3
1378280 2463.3
1378290 2456.7
1378300 2449.7
1378310 2449.7
1378320 2442.9
1378330 2438.0
1378340 2438.0
1378350 2434.3
1378360 2430.1
1378370 2430.1
1378380 2423.8
1378390 2415.9
1378400 2415.9
1378410 2407.2
1378420 2397.6
1378430 2397.6
1378440 2387.1
1378450 2376.9
1378460 2367.7
1378470 2367.7
1378480 2357.2
1378490 2344.2
1378500 2344.2
1378510 2334.3
1378520 2324.2
1378530 2324.2
1378540 2314.9
1378550 2310.3
1378560 2310.3
1378570 2302.3
1378580 2294.3
1378590 2294.3
1378600 2287.2
1378610 2281.5
1378620 2281.5
1378630 2276.0
1378640 2270.3
1378650 2265.7
1378660 2265.7
1378670 2261.6
1378680 2257.9
1378690 2257.9
1378700 2254.3
1378710 2250.5
1378720 2250.5
1378730 2246.6
1378740 2242.3
1378750 2242.3
1378760 2236.3
1378770 2229.3
1378780 2229.3
1378790 2221.7
1378800 2214.4
1378810 2214.4
1378820 2207.7
1378830 2201.4
1378840 2201.4
1378850 2195.6
1378860 2190.6
1378870 2186.0
1378880 2186.0
1378890 2181.7
1378900 2177.9
1378910 2177.9
1378920 2174.8
1378930 2172.2
1378940 2172.2
1378950 2169.8
1378960 2166.8
1378970 2166.8
1378980 2163.6
1378990 2160.8
1379000 2160.8
1379010 2157.5
1379020 2152.9
1379030 2152.9
1379040 2146.9
1379050 2141.4
1379060 2136.5
1379070 2136.5
1379080 2134.6
1379090 2132.0
1379100 2132.0
1379110 2129.0
1379120 2126.6
1379130 2126.6
1379140 2126.6
1379150 2125.3
1379160 2125.3
1379170 2121.9
1379180 2119.2
1379190 2119.2
1379200 2118.0
1379210 2114.9
1379220 2114.9
1379230 2112.9
1379240 2111.6
1379250 2110.9
1379260 2110.9
1379270 2109.9
1379280 2108.4
1379290 2108.4
1379300 2106.6
1379310 2105.3
1379320 2105.3
1379330 2103.9
1379340 2101.8
1379350 2101.8
1379360 2099.3
1379370 2096.5
1379380 2096.5
1379390 2093.9
1379400 2091.8
1379410 2091.8
1379420 2087.2
1379430 2083.9
1379440 2083.9
1379450 2080.3
1379460 2075.2
1379470 2069.9
1379480 2069.9
1379490 2062.6
1379500 2054.3
1379510 2054.3
1379520 2044.2
1379530 2032.7
1379540 2032.7
1379550 2024.8
1379560 2015.7
1379570 2015.7
1379580 2007.4
1379590 1999.9
1379600 1999.9
1379610 1993.5
1379620 1987.3
1379630 1987.3
1379640 1982.2
1379650 1978.5
1379660 1975.7
1379670 1975.7
1379680 1974.2
1379690 1973.1
1379700 1973.1
1379710 1972.3
1379720 1971.6
1379730 1971.6
1379740 1970.8
1379750 1968.1
1379760 1968.1
1379770 1966.5
1379780 1963.9
1379790 1963.9
1379800 1959.9
1379810 1955.9
1379820 1955.9
1379830 1951.9
1379840 1948.2
1379850 1945.4
1379860 1945.4
1379870 1943.9
1379880 1943.7
1379890 1943.7
1379900 1944.8
1379910 1943.9
1379920 1943.9
1379930 1943.1
1379940 1941.8
1379950 1941.8
1379960 1936.9
1379970 1931.5
1379980 1931.5
1379990 1928.1
