1360000 2446.9
1360010 2446.9
1360020 2448.6
1360030 2450.2
1360040 2451.8
1360050 2451.8
1360060 2453.2
1360070 2454.3
1360080 2454.3
1360090 2455.1
1360100 2456.6
1360110 2456.6
1360120 2458.5
1360130 2460.0
1360140 2460.0
1360150 2461.0
1360160 2463.4
1360170 2463.4
1360180 2466.4
1360190 2468.9
1360200 2468.9
1360210 2470.2
1360220 2472.8
1360230 2472.8
1360240 2470.9
1360250 2472.6
1360260 2473.9
1360270 2473.9
1360280 2473.8
1360290 2478.3
1360300 2478.3
1360310 2482.7
1360320 2484.3
1360330 2484.3
1360340 2484.0
1360350 2485.1
1360360 2485.1
1360370 2486.4
1360380 2487.1
1360390 2487.1
1360400 2488.7
1360410 2491.1
1360420 2491.1
1360430 2491.7
1360440 2493.1
1360450 2492.1
1360460 2492.1
1360470 2492.9
1360480 2497.2
1360490 2497.2
1360500 2500.5
1360510 2503.0
1360520 2503.0
1360530 2504.2
1360540 2505.8
1360550 2505.8
1360560 2506.7
1360570 2507.0
1360580 2507.0
1360590 2507.9
1360600 2509.8
1360610 2509.8
1360620 2510.8
1360630 2506.3
1360640 2506.3
1360650 2501.1
1360660 2496.9
1360670 2501.1
1360680 2501.1
1360690 2507.4
1360700 2510.5
1360710 2510.5
1360720 2511.8
1360730 2512.2
1360740 2512.2
1360750 2512.5
1360760 2512.1
1360770 2512.1
1360780 2511.0
1360790 2509.9
1360800 2509.9
1360810 2509.4
1360820 2509.0
1360830 2509.0
1360840 2508.6
1360850 2507.8
1360860 2506.6
1360870 2506.6
1360880 2504.9
1360890 2503.7
1360900 2503.7
1360910 2502.7
1360920 2501.5
1360930 2501.5
1360940 2500.7
1360950 2499.0
1360960 2499.0
1360970 2497.7
1360980 2496.7
1360990 2496.7
1361000 2495.1
1361010 2494.5
1361020 2494.5
1361030 2492.8
1361040 2489.4
1361050 2489.4
1361060 2488.6
1361070 2488.5
1361080 2487.1
1361090 2487.1
1361100 2485.3
1361110 2482.9
1361120 2482.9
1361130 2478.4
1361140 2473.8
1361150 2473.8
1361160 2476.5
1361170 2476.7
1361180 2476.7
1361190 2474.7
1361200 2472.8
1361210 2472.8
1361220 2469.9
1361230 2465.4
1361240 2465.4
1361250 2461.2
1361260 2459.1
1361270 2453.9
1361280 2453.9
1361290 2448.0
1361300 2441.8
1361310 2441.8
1361320 2438.4
1361330 2437.1
1361340 2437.1
1361350 2435.6
1361360 2433.7
1361370 2433.7
1361380 2432.6
1361390 2431.3
1361400 2431.3
1361410 2429.3
1361420 2427.1
1361430 2427.1
1361440 2425.3
1361450 2423.3
1361460 2420.4
1361470 2420.4
1361480 2415.8
1361490 2410.5
1361500 2410.5
1361510 2404.9
1361520 2399.6
1361530 2399.6
1361540 2394.7
1361550 2390.3
1361560 2390.3
1361570 2386.1
1361580 2380.3
1361590 2380.3
1361600 2374.4
1361610 2364.6
1361620 2364.6
1361630 2356.8
1361640 2348.7
1361650 2348.7
1361660 2340.6
1361670 2331.9
1361680 2323.2
1361690 2323.2
1361700 2316.3
1361710 2310.2
1361720 2310.2
1361730 2303.8
1361740 2300.5
1361750 2300.5
1361760 2299.7
1361770 2299.1
1361780 2299.1
1361790 2297.5
1361800 2295.8
1361810 2295.8
1361820 2293.7
1361830 2290.3
1361840 2290.3
1361850 2287.4
1361860 2284.9
1361870 2277.2
1361880 2277.2
1361890 2264.4
1361900 2252.9
1361910 2252.9
1361920 2246.2
1361930 2245.0
1361940 2245.0
1361950 2248.5
1361960 2254.1
1361970 2254.1
1361980 2258.3
1361990 2261.8
1362000 2261.8
1362010 2264.7
1362020 2267.4
1362030 2267.4
1362040 2270.4
1362050 2272.8
1362060 2272.8
1362070 2275.0
1362080 2277.3
1362090 2279.0
1362100 2279.0
1362110 2280.2
1362120 2281.5
1362130 2281.5
1362140 2283.7
1362150 2286.6
1362160 2286.6
1362170 2288.2
1362180 2288.5
1362190 2288.5
1362200 2290.4
1362210 2293.3
1362220 2293.3
1362230 2296.3
1362240 2299.1
1362250 2299.1
1362260 2301.0
1362270 2303.8
1362280 2303.1
1362290 2303.1
1362300 2307.9
1362310 2309.6
1362320 2309.6
1362330 2314.3
1362340 2319.2
1362350 2319.2
1362360 2324.9
1362370 2331.0
1362380 2331.0
1362390 2338.2
1362400 2343.6
1362410 2343.6
1362420 2347.3
1362430 2351.1
1362440 2351.1
1362450 2356.8
1362460 2363.3
1362470 2363.3
1362480 2367.7
1362490 2371.6
1362500 2375.4
1362510 2375.4
1362520 2379.6
1362530 2383.6
1362540 2383.6
1362550 2387.3
1362560 2391.8
1362570 2391.8
1362580 2396.4
1362590 2401.1
1362600 2401.1
1362610 2406.0
1362620 2410.7
1362630 2410.7
1362640 2414.9
1362650 2420.1
1362660 2420.1
1362670 2426.3
1362680 2432.9
1362690 2438.9
1362700 2438.9
1362710 2444.1
1362720 2448.7
1362730 2448.7
1362740 2453.5
1362750 2461.6
1362760 2461.6
1362770 2470.8
1362780 2479.1
1362790 2479.1
1362800 2486.9
1362810 2493.3
1362820 2493.3
1362830 2497.5
1362840 2503.3
1362850 2503.3
1362860 2507.1
1362870 2511.9
1362880 2511.9
1362890 2517.7
1362900 2520.3
1362910 2521.6
1362920 2521.6
1362930 2526.0
1362940 2532.9
1362950 2532.9
1362960 2540.1
1362970 2546.4
1362980 2546.4
1362990 2550.0
1363000 2553.3
1363010 2553.3
1363020 2557.3
1363030 2561.6
1363040 2561.6
1363050 2567.1
1363060 2572.6
1363070 2572.6
1363080 2578.5
1363090 2584.9
1363100 2591.5
1363110 2591.5
1363120 2597.9
1363130 2604.6
1363140 2604.6
1363150 2611.7
1363160 2617.5
1363170 2617.5
1363180 2622.8
1363190 2629.0
1363200 2629.0
1363210 2634.5
1363220 2642.8
1363230 2642.8
1363240 2652.1
1363250 2659.6
1363260 2659.6
1363270 2666.6
1363280 2673.9
1363290 2673.9
1363300 2679.3
1363310 2683.4
1363320 2687.1
1363330 2687.1
1363340 2689.3
1363350 2691.1
1363360 2691.1
1363370 2693.7
1363380 2696.9
1363390 2696.9
1363400 2699.9
1363410 2703.2
1363420 2703.2
1363430 2707.1
1363440 2708.6
1363450 2708.6
1363460 2711.1
1363470 2715.7
1363480 2715.7
1363490 2721.5
1363500 2728.0
1363510 2733.3
1363520 2733.3
1363530 2738.1
1363540 2740.5
1363550 2740.5
1363560 2743.0
1363570 2745.4
1363580 2745.4
1363590 2747.9
1363600 2750.6
1363610 2750.6
1363620 2752.4
1363630 2754.7
1363640 2754.7
1363650 2757.6
1363660 2760.1
1363670 2760.1
1363680 2761.1
1363690 2762.0
1363700 2763.1
1363710 2763.1
1363720 2764.0
1363730 2765.2
1363740 2765.2
1363750 2766.8
1363760 2768.8
1363770 2768.8
1363780 2771.4
1363790 2773.7
1363800 2773.7
1363810 2775.5
1363820 2777.9
1363830 2777.9
1363840 2779.2
1363850 2777.7
1363860 2777.7
1363870 2776.7
1363880 2776.4
1363890 2776.4
1363900 2778.7
1363910 2783.3
1363920 2785.1
1363930 2785.1
1363940 2785.6
1363950 2785.9
1363960 2785.9
1363970 2786.0
1363980 2787.0
1363990 2787.0
1364000 2788.6
1364010 2790.7
1364020 2790.7
1364030 2793.1
1364040 2796.6
1364050 2796.6
1364060 2801.5
1364070 2806.2
1364080 2806.2
1364090 2810.9
1364100 2815.5
1364110 2820.2
1364120 2820.2
1364130 2825.0
1364140 2830.3
1364150 2830.3
1364160 2835.0
1364170 2840.2
1364180 2840.2
1364190 2845.7
1364200 2852.2
1364210 2852.2
1364220 2859.6
1364230 2867.0
1364240 2867.0
1364250 2875.4
1364260 2886.0
1364270 2886.0
1364280 2897.7
1364290 2904.4
1364300 2904.4
1364310 2908.8
1364320 2906.7
1364330 2894.9
1364340 2894.9
1364350 2876.3
1364360 2863.3
1364370 2863.3
1364380 2855.4
1364390 2844.7
1364400 2844.7
1364410 2837.4
1364420 2831.5
1364430 2831.5
1364440 2826.7
1364450 2823.4
1364460 2823.4
1364470 2818.0
1364480 2812.3
1364490 2812.3
1364500 2806.9
1364510 2796.3
1364520 2782.6
1364530 2782.6
1364540 2773.9
1364550 2767.4
1364560 2767.4
1364570 2762.3
1364580 2757.8
1364590 2757.8
1364600 2753.0
1364610 2747.2
1364620 2747.2
1364630 2739.9
1364640 2734.1
1364650 2734.1
1364660 2729.9
1364670 2725.1
1364680 2725.1
1364690 2719.7
1364700 2714.1
1364710 2714.1
1364720 2708.6
1364730 2704.4
1364740 2701.7
1364750 2701.7
1364760 2698.7
1364770 2695.4
1364780 2695.4
1364790 2692.0
1364800 2688.4
1364810 2688.4
1364820 2684.3
1364830 2680.3
1364840 2680.3
1364850 2676.6
1364860 2673.4
1364870 2673.4
1364880 2670.8
1364890 2668.6
1364900 2668.6
1364910 2666.7
1364920 2664.3
1364930 2660.9
1364940 2660.9
1364950 2657.4
1364960 2655.5
1364970 2655.5
1364980 2652.6
1364990 2648.4
1365000 2648.4
1365010 2646.3
1365020 2643.6
1365030 2643.6
1365040 2642.0
1365050 2641.0
1365060 2641.0
1365070 2639.6
1365080 2637.4
1365090 2637.4
1365100 2635.3
1365110 2633.6
1365120 2633.6
1365130 2631.9
1365140 2630.4
1365150 2628.7
1365160 2628.7
1365170 2626.5
1365180 2625.1
1365190 2625.1
1365200 2623.2
1365210 2621.5
1365220 2621.5
1365230 2620.1
1365240 2617.9
1365250 2617.9
1365260 2615.2
1365270 2611.2
1365280 2611.2
1365290 2607.6
1365300 2604.9
1365310 2604.9
1365320 2602.9
1365330 2601.7
1365340 2599.4
1365350 2599.4
1365360 2597.2
1365370 2594.6
1365380 2594.6
1365390 2591.4
1365400 2588.2
1365410 2588.2
1365420 2585.0
1365430 2581.8
1365440 2579.1
1365450 2575.2
1365460 2570.7
1365470 2570.7
1365480 2566.3
1365490 2561.6
1365500 2561.6
1365510 2556.9
1365520 2552.1
1365530 2552.1
1365540 2547.1
1365550 2542.7
1365560 2539.7
1365570 2539.7
1365580 2538.6
1365590 2537.5
1365600 2537.5
1365610 2535.6
1365620 2533.4
1365630 2533.4
1365640 2531.6
1365650 2529.2
1365660 2529.2
1365670 2525.3
1365680 2521.8
1365690 2521.8
1365700 2519.1
1365710 2515.6
1365720 2515.6
1365730 2512.6
1365740 2510.9
1365750 2509.3
1365760 2509.3
1365770 2507.8
1365780 2504.6
1365790 2504.6
1365800 2501.4
1365810 2498.5
1365820 2498.5
1365830 2496.0
1365840 2492.1
1365850 2492.1
1365860 2487.6
1365870 2484.0
1365880 2484.0
1365890 2479.5
1365900 2474.8
1365910 2474.8
1365920 2470.9
1365930 2466.0
1365940 2459.3
1365950 2459.3
1365960 2451.3
1365970 2444.1
1365980 2444.1
1365990 2439.3
1366000 2436.3
1366010 2436.3
1366020 2432.8
1366030 2428.8
1366040 2428.8
1366050 2424.3
1366060 2419.0
1366070 2419.0
1366080 2413.6
1366090 2408.0
1366100 2408.0
1366110 2403.2
1366120 2398.7
1366130 2398.7
1366140 2394.2
1366150 2391.1
1366160 2387.5
1366170 2387.5
1366180 2383.3
1366190 2377.7
1366200 2377.7
1366210 2367.9
1366220 2356.0
1366230 2356.0
1366240 2348.3
1366250 2342.1
1366260 2342.1
1366270 2338.5
1366280 2336.0
1366290 2336.0
1366300 2335.1
1366310 2334.7
1366320 2334.7
1366330 2337.3
1366340 2343.2
1366350 2350.3
1366360 2350.3
1366370 2356.3
1366380 2359.3
1366390 2359.3
1366400 2361.3
1366410 2363.2
1366420 2363.2
1366430 2364.1
1366440 2364.1
1366450 2364.1
1366460 2364.5
1366470 2364.4
1366480 2364.4
1366490 2363.7
1366500 2362.7
1366510 2369.6
1366520 2367.8
1366530 2365.8
1366540 2365.8
1366550 2363.1
1366560 2359.7
1366570 2357.0
1366580 2357.0
1366590 2355.0
1366600 2353.0
1366610 2353.0
1366620 2350.9
1366630 2349.6
1366640 2349.6
1366650 2347.1
1366660 2343.5
1366670 2343.5
1366680 2339.6
1366690 2335.5
1366700 2335.5
1366710 2332.6
1366720 2330.5
1366730 2330.5
1366740 2326.8
1366750 2322.2
1366760 2317.7
1366770 2317.7
1366780 2314.0
1366790 2310.6
1366800 2310.6
1366810 2306.6
1366820 2302.7
1366830 2302.7
1366840 2298.6
1366850 2294.4
1366860 2294.4
1366870 2290.6
1366880 2286.2
1366890 2286.2
1366900 2280.6
1366910 2274.5
1366920 2274.5
1366930 2268.5
1366940 2262.3
1366950 2262.3
1366960 2256.4
1366970 2250.9
1366980 2243.9
1366990 2243.9
1367000 2237.0
1367010 2230.6
1367020 2230.6
1367030 2224.6
1367040 2218.8
1367050 2218.8
1367060 2213.8
1367070 2209.1
1367080 2209.1
1367090 2203.5
1367100 2197.4
1367110 2197.4
1367120 2191.8
1367130 2186.6
1367140 2186.6
1367150 2181.8
1367160 2177.2
1367170 2171.7
1367180 2171.7
1367190 2165.2
1367200 2159.0
1367210 2159.0
1367220 2150.1
1367230 2141.5
1367240 2141.5
1367250 2141.8
1367260 2148.5
1367270 2148.5
1367280 2153.5
1367290 2157.9
1367300 2157.9
1367310 2163.3
1367320 2168.1
1367330 2168.1
1367340 2173.2
1367350 2178.7
1367360 2178.7
1367370 2184.1
1367380 2189.6
1367390 2195.2
1367400 2195.2
1367410 2201.1
1367420 2206.9
1367430 2206.9
1367440 2212.1
1367450 2216.8
1367460 2216.8
1367470 2220.6
1367480 2224.0
1367490 2224.0
1367500 2227.6
1367510 2230.5
1367520 2230.5
1367530 2232.8
1367540 2236.2
1367550 2236.2
1367560 2239.5
1367570 2241.6
1367580 2243.1
1367590 2243.9
1367600 2245.8
1367610 2249.5
1367620 2249.5
1367630 2252.5
1367640 2253.9
1367650 2253.9
1367660 2254.9
1367670 2256.4
1367680 2256.4
1367690 2258.3
1367700 2260.0
1367710 2260.0
1367720 2262.3
1367730 2265.9
1367740 2265.9
1367750 2269.6
1367760 2273.9
1367770 2273.9
1367780 2278.8
1367790 2282.5
1367800 2285.8
1367810 2285.8
1367820 2288.8
1367830 2291.8
1367840 2291.8
1367850 2295.2
1367860 2298.9
1367870 2298.9
1367880 2302.8
1367890 2307.9
1367900 2307.9
1367910 2314.1
1367920 2320.0
1367930 2320.0
1367940 2324.9
1367950 2329.9
1367960 2329.9
1367970 2334.9
1367980 2340.6
1367990 2346.6
1368000 2346.6
1368010 2352.8
1368020 2358.7
1368030 2358.7
1368040 2365.0
1368050 2371.7
1368060 2371.7
1368070 2378.4
1368080 2386.5
1368090 2386.5
1368100 2396.3
1368110 2405.3
1368120 2405.3
1368130 2412.8
1368140 2418.8
1368150 2418.8
1368160 2424.1
1368170 2429.5
1368180 2434.6
1368190 2434.6
1368200 2440.0
1368210 2445.9
1368220 2445.9
1368230 2451.7
1368240 2457.8
1368250 2457.8
1368260 2464.4
1368270 2470.3
1368280 2470.3
1368290 2475.7
1368300 2481.3
1368310 2481.3
1368320 2487.0
1368330 2493.3
1368340 2493.3
1368350 2500.4
1368360 2506.4
1368370 2506.4
1368380 2510.8
1368390 2514.4
1368400 2518.1
1368410 2518.1
1368420 2520.0
1368430 2516.0
1368440 2516.0
1368450 2508.4
1368460 2502.1
1368470 2502.1
1368480 2496.4
1368490 2491.0
1368500 2491.0
1368510 2484.1
1368520 2481.2
1368530 2481.2
1368540 2475.3
1368550 2468.3
1368560 2468.3
1368570 2464.0
1368580 2459.5
1368590 2454.2
1368600 2454.2
1368610 2449.9
1368620 2445.3
1368630 2445.3
1368640 2441.1
1368650 2436.6
1368660 2436.6
1368670 2433.0
1368680 2437.9
1368690 2437.9
1368700 2433.9
1368710 2428.9
1368720 2428.9
1368730 2423.3
1368740 2417.4
1368750 2417.4
1368760 2411.4
1368770 2405.2
1368780 2405.2
1368790 2400.0
1368800 2395.7
1368810 2391.5
1368820 2391.5
1368830 2386.2
1368840 2381.2
1368850 2381.2
1368860 2374.9
1368870 2367.0
1368880 2367.0
1368890 2355.0
1368900 2344.1
1368910 2344.1
1368920 2335.3
1368930 2326.0
1368940 2326.0
1368950 2317.2
1368960 2307.8
1368970 2307.8
1368980 2298.4
1368990 2290.1
1369000 2282.3
1369010 2282.3
1369020 2275.0
1369030 2268.2
1369040 2268.2
1369050 2261.6
1369060 2254.4
1369070 2254.4
1369080 2246.3
1369090 2238.1
1369100 2238.1
1369110 2230.0
1369120 2221.8
1369130 2221.8
1369140 2214.7
1369150 2208.0
1369160 2208.0
1369170 2201.7
1369180 2197.5
1369190 2197.5
1369200 2193.2
1369210 2188.2
1369220 2182.2
1369230 2182.2
1369240 2175.1
1369250 2168.3
1369260 2168.3
1369270 2164.0
1369280 2161.3
1369290 2161.3
1369300 2158.8
1369310 2154.2
1369320 2154.2
1369330 2149.0
1369340 2143.8
1369350 2143.8
1369360 2138.9
1369370 2134.4
1369380 2134.4
1369390 2130.5
1369400 2126.9
1369410 2123.5
1369420 2123.5
1369430 2120.5
1369440 2117.2
1369450 2117.2
1369460 2113.8
1369470 2109.6
1369480 2109.6
1369490 2103.5
1369500 2098.4
1369510 2098.4
1369520 2099.2
1369530 2103.3
1369540 2103.3
1369550 2107.9
1369560 2112.4
1369570 2112.4
1369580 2116.4
1369590 2119.9
1369600 2119.9
1369610 2123.9
1369620 2128.6
1369630 2133.6
1369640 2133.6
1369650 2138.9
1369660 2144.5
1369670 2144.5
1369680 2150.5
1369690 2156.4
1369700 2156.4
1369710 2162.6
1369720 2169.1
1369730 2169.1
1369740 2175.5
1369750 2182.0
1369760 2182.0
1369770 2192.3
1369780 2198.9
1369790 2198.9
1369800 2205.4
1369810 2212.4
1369820 2219.6
1369830 2219.6
1369840 2226.5
1369850 2234.8
1369860 2234.8
1369870 2246.2
1369880 2255.5
1369890 2255.5
1369900 2267.9
1369910 2275.9
1369920 2275.9
1369930 2282.7
1369940 2290.2
1369950 2290.2
1369960 2297.2
1369970 2304.7
1369980 2304.7
1369990 2311.5
1370000 2317.4
1370010 2324.3
1370020 2324.3
1370030 2330.7
1370040 2337.7
1370050 2337.7
1370060 2345.3
1370070 2352.7
1370080 2352.7
1370090 2359.4
1370100 2366.1
1370110 2366.1
1370120 2372.9
1370130 2379.6
1370140 2379.6
1370150 2386.9
1370160 2395.1
1370170 2395.1
1370180 2403.0
1370190 2410.9
1370200 2410.9
1370210 2418.8
1370220 2426.1
1370230 2433.6
1370240 2433.6
1370250 2441.2
1370260 2448.1
1370270 2448.1
1370280 2455.0
1370290 2461.9
1370300 2461.9
1370310 2468.5
1370320 2475.2
1370330 2475.2
1370340 2481.7
1370350 2488.3
1370360 2488.3
1370370 2494.7
1370380 2502.3
1370390 2502.3
1370400 2511.0
1370410 2520.2
1370420 2529.3
1370430 2529.3
1370440 2538.5
1370450 2547.0
1370460 2547.0
1370470 2555.6
1370480 2564.2
1370490 2564.2
1370500 2572.5
1370510 2581.6
1370520 2581.6
1370530 2590.7
1370540 2600.0
1370550 2600.0
1370560 2608.9
1370570 2617.3
1370580 2617.3
1370590 2624.7
1370600 2634.6
1370610 2634.6
1370620 2643.4
1370630 2648.1
1370640 2652.8
1370650 2652.8
1370660 2658.6
1370670 2663.6
1370680 2663.6
1370690 2665.9
1370700 2661.8
1370710 2661.8
1370720 2652.6
1370730 2645.4
1370740 2645.4
1370750 2638.2
1370760 2633.9
1370770 2633.9
1370780 2631.1
1370790 2627.5
1370800 2627.5
1370810 2624.7
1370820 2622.4
1370830 2624.4
1370840 2624.4
1370850 2623.9
1370860 2619.0
1370870 2619.0
1370880 2622.7
1370890 2619.3
1370900 2619.3
1370910 2613.4
1370920 2607.1
1370930 2607.1
1370940 2600.6
1370950 2595.8
1370960 2595.8
1370970 2595.4
1370980 2599.9
1370990 2599.9
1371000 2603.6
1371010 2608.0
1371020 2608.0
1371030 2612.7
1371040 2615.7
1371050 2621.3
1371060 2621.3
1371070 2626.3
1371080 2629.6
1371090 2629.6
1371100 2633.3
1371110 2635.4
1371120 2635.4
1371130 2635.7
1371140 2634.9
1371150 2634.9
1371160 2631.2
1371170 2623.6
1371180 2623.6
1371190 2616.1
1371200 2604.0
1371210 2604.0
1371220 2591.6
1371230 2582.5
1371240 2576.1
1371250 2576.1
1371260 2572.0
1371270 2567.9
1371280 2567.9
1371290 2563.1
1371300 2558.9
1371310 2558.9
1371320 2554.9
1371330 2550.0
1371340 2550.0
1371350 2545.5
1371360 2540.9
1371370 2540.9
1371380 2536.7
1371390 2533.4
1371400 2533.4
1371410 2531.0
1371420 2529.5
1371430 2529.5
1371440 2527.9
1371450 2526.1
1371460 2524.1
1371470 2524.1
1371480 2522.1
1371490 2520.5
1371500 2520.5
1371510 2519.3
1371520 2518.5
1371530 2518.5
1371540 2517.1
1371550 2514.5
1371560 2514.5
1371570 2511.5
1371580 2507.5
1371590 2507.5
1371600 2502.9
1371610 2497.9
1371620 2497.9
1371630 2494.5
1371640 2490.8
1371650 2486.4
1371660 2486.4
1371670 2480.7
1371680 2475.4
1371690 2475.4
1371700 2470.9
1371710 2466.8
1371720 2466.8
1371730 2462.4
1371740 2456.5
1371750 2456.5
1371760 2450.3
1371770 2445.8
1371780 2445.8
1371790 2444.1
1371800 2442.9
1371810 2442.9
1371820 2440.8
1371830 2438.4
1371840 2438.4
1371850 2436.8
1371860 2435.7
1371870 2434.7
1371880 2434.7
1371890 2433.5
1371900 2432.1
1371910 2432.1
1371920 2430.0
1371930 2426.3
1371940 2426.3
1371950 2422.7
1371960 2419.9
1371970 2419.9
1371980 2416.8
1371990 2413.8
1372000 2410.7
1372010 2408.3
1372020 2406.0
1372030 2406.0
1372040 2403.8
1372050 2401.2
1372060 2398.8
1372070 2398.8
1372080 2396.3
1372090 2393.0
1372100 2393.0
1372110 2388.2
1372120 2382.5
1372130 2382.5
1372140 2376.9
1372150 2372.1
1372160 2372.1
1372170 2367.1
1372180 2361.7
1372190 2361.7
1372200 2356.5
1372210 2350.8
1372220 2350.8
1372230 2344.2
1372240 2337.4
1372250 2331.5
1372260 2331.5
1372270 2326.9
1372280 2322.4
1372290 2322.4
1372300 2318.4
1372310 2313.7
1372320 2313.7
1372330 2308.6
1372340 2303.7
1372350 2303.7
1372360 2298.3
1372370 2293.5
1372380 2293.5
1372390 2289.7
1372400 2286.5
1372410 2286.5
1372420 2283.3
1372430 2280.5
1372440 2280.5
1372450 2277.7
1372460 2274.1
1372470 2270.3
1372480 2270.3
1372490 2266.9
1372500 2264.1
1372510 2264.1
1372520 2261.7
1372530 2258.9
1372540 2258.9
1372550 2256.2
1372560 2253.2
1372570 2253.2
1372580 2250.0
1372590 2247.0
1372600 2247.0
1372610 2245.1
1372620 2244.1
1372630 2244.1
1372640 2240.7
1372650 2236.0
1372660 2231.2
1372670 2231.2
1372680 2226.7
1372690 2221.9
1372700 2221.9
1372710 2217.7
1372720 2215.8
1372730 2215.8
1372740 2215.6
1372750 2213.9
1372760 2213.9
1372770 2208.9
1372780 2203.0
1372790 2203.0
1372800 2196.7
1372810 2190.0
1372820 2190.0
1372830 2183.1
1372840 2175.8
1372850 2175.8
1372860 2168.4
1372870 2161.1
1372880 2154.6
1372890 2154.6
1372900 2148.7
1372910 2143.8
1372920 2143.8
1372930 2141.1
1372940 2137.6
1372950 2137.6
1372960 2132.9
1372970 2127.3
1372980 2127.3
1372990 2123.4
1373000 2116.8
1373010 2116.8
1373020 2110.0
1373030 2105.7
1373040 2105.7
1373050 2101.9
1373060 2098.0
1373070 2095.0
1373080 2095.0
1373090 2091.3
1373100 2089.8
1373110 2089.8
1373120 2089.9
1373130 2076.5
1373140 2076.5
1373150 2071.8
1373160 2068.2
1373170 2068.2
1373180 2067.3
1373190 2062.8
1373200 2062.8
1373210 2059.7
1373220 2053.3
1373230 2053.3
1373240 2045.0
1373250 2038.5
1373260 2038.5
1373270 2029.9
1373280 2023.1
1373290 2016.8
1373300 2016.8
1373310 2008.0
1373320 1999.9
1373330 1999.9
1373340 1993.5
1373350 1988.3
1373360 1988.3
1373370 1983.2
1373380 1977.4
1373390 1977.4
1373400 1970.9
1373410 1962.9
1373420 1962.9
1373430 1953.3
1373440 1943.3
1373450 1943.3
1373460 1930.8
1373470 1918.8
1373480 1908.2
1373490 1908.2
1373500 1899.7
1373510 1892.4
1373520 1892.4
1373530 1889.6
1373540 1892.1
1373550 1892.1
1373560 1898.5
1373570 1903.0
1373580 1903.0
1373590 1905.7
1373600 1910.5
1373610 1910.5
1373620 1915.4
1373630 1919.3
1373640 1919.3
1373650 1923.4
1373660 1928.8
1373670 1928.8
1373680 1934.5
1373690 1941.0
1373700 1948.4
1373710 1948.4
1373720 1954.3
1373730 1959.3
1373740 1959.3
1373750 1963.8
1373760 1968.4
1373770 1968.4
1373780 1973.8
1373790 1979.8
1373800 1979.8
1373810 1986.7
1373820 1993.1
1373830 1993.1
1373840 1997.2
1373850 2000.2
1373860 2000.2
1373870 2004.0
1373880 2008.0
1373890 2013.5
1373900 2013.5
1373910 2019.6
1373920 2025.7
1373930 2025.7
1373940 2033.2
1373950 2040.8
1373960 2040.8
1373970 2046.0
1373980 2051.0
1373990 2051.0
1374000 2056.3
1374010 2060.3
1374020 2060.3
1374030 2065.5
1374040 2072.4
1374050 2072.4
1374060 2078.8
1374070 2085.4
1374080 2085.4
1374090 2092.9
1374100 2100.5
1374110 2105.2
1374120 2105.2
1374130 2101.9
1374140 2107.3
1374150 2107.3
1374160 2113.3
1374170 2114.9
1374180 2114.9
1374190 2114.9
1374200 2115.6
1374210 2115.6
1374220 2119.4
1374230 2125.3
1374240 2125.3
1374250 2130.4
1374260 2136.6
1374270 2140.0
1374280 2144.4
1374290 2151.1
1374300 2158.3
1374310 2158.3
1374320 2164.6
1374330 2170.9
1374340 2170.9
1374350 2177.7
1374360 2186.8
1374370 2186.8
1374380 2196.6
1374390 2206.5
1374400 2206.5
1374410 2217.1
1374420 2226.0
1374430 2226.0
1374440 2234.5
1374450 2243.1
1374460 2243.1
1374470 2250.2
1374480 2255.9
1374490 2261.7
1374500 2261.7
1374510 2269.4
1374520 2276.7
1374530 2276.7
1374540 2282.9
1374550 2288.5
1374560 2288.5
1374570 2293.0
1374580 2298.1
1374590 2298.1
1374600 2304.1
1374610 2310.3
1374620 2310.3
1374630 2317.1
1374640 2328.1
1374650 2328.1
1374660 2338.6
1374670 2344.3
1374680 2344.3
1374690 2348.9
1374700 2353.7
1374710 2360.0
1374720 2360.0
1374730 2367.9
1374740 2375.7
1374750 2375.7
1374760 2384.0
1374770 2391.3
1374780 2391.3
1374790 2397.2
1374800 2403.1
1374810 2403.1
1374820 2409.4
1374830 2417.2
1374840 2417.2
1374850 2425.8
1374860 2432.8
1374870 2432.8
1374880 2439.6
1374890 2446.9
1374900 2455.0
1374910 2455.0
1374920 2464.4
1374930 2474.1
1374940 2474.1
1374950 2483.8
1374960 2495.0
1374970 2495.0
1374980 2504.7
1374990 2512.5
1375000 2512.5
1375010 2520.6
1375020 2528.3
1375030 2528.3
1375040 2535.7
1375050 2542.6
1375060 2542.6
1375070 2547.0
1375080 2547.6
1375090 2547.6
1375100 2545.7
1375110 2541.4
1375120 2535.0
1375130 2535.0
1375140 2528.1
1375150 2520.6
1375160 2520.6
1375170 2513.0
1375180 2505.5
1375190 2505.5
1375200 2497.6
1375210 2490.0
1375220 2490.0
1375230 2483.6
1375240 2477.2
1375250 2477.2
1375260 2471.0
1375270 2464.8
1375280 2464.8
1375290 2459.0
1375300 2453.8
1375310 2449.3
1375320 2449.3
1375330 2444.3
1375340 2438.3
1375350 2438.3
1375360 2431.9
1375370 2425.0
1375380 2425.0
1375390 2416.9
1375400 2408.7
1375410 2408.7
1375420 2401.0
1375430 2394.0
1375440 2394.0
1375450 2386.8
1375460 2379.5
1375470 2379.5
1375480 2372.4
1375490 2365.4
1375500 2365.4
1375510 2359.1
1375520 2351.7
1375530 2344.6
1375540 2344.6
1375550 2338.6
1375560 2332.9
1375570 2332.9
1375580 2326.5
1375590 2319.9
1375600 2319.9
1375610 2313.3
1375620 2306.7
1375630 2306.7
1375640 2300.1
1375650 2294.4
1375660 2294.4
1375670 2289.5
1375680 2283.9
1375690 2283.9
1375700 2278.0
1375710 2273.0
1375720 2269.0
1375730 2269.0
1375740 2264.6
1375750 2259.8
1375760 2259.8
1375770 2254.3
1375780 2247.7
1375790 2247.7
1375800 2239.5
1375810 2230.1
1375820 2230.1
1375830 2220.4
1375840 2210.9
1375850 2210.9
1375860 2201.7
1375870 2194.1
1375880 2194.1
1375890 2187.0
1375900 2180.4
1375910 2180.4
1375920 2174.5
1375930 2167.4
1375940 2159.1
1375950 2159.1
1375960 2151.5
1375970 2144.6
1375980 2144.6
1375990 2137.3
1376000 2130.5
1376010 2130.5
1376020 2124.5
1376030 2118.7
1376040 2118.7
1376050 2112.6
1376060 2106.3
1376070 2106.3
1376080 2099.6
1376090 2092.4
1376100 2092.4
1376110 2085.1
1376120 2078.4
1376130 2071.4
1376140 2071.4
1376150 2063.6
1376160 2053.5
1376170 2053.5
1376180 2044.0
1376190 2035.4
1376200 2035.4
1376210 2027.2
1376220 2023.0
1376230 2023.0
1376240 2029.7
1376250 2035.1
1376260 2035.1
1376270 2042.5
1376280 2044.2
1376290 2044.2
1376300 2042.3
1376310 2039.4
1376320 2039.4
1376330 2035.4
1376340 2030.8
1376350 2026.3
1376360 2026.3
1376370 2022.5
1376380 2019.6
1376390 2019.6
1376400 2016.5
1376410 2015.8
1376420 2015.8
1376430 2017.4
1376440 2019.2
1376450 2019.2
1376460 2022.8
1376470 2026.7
1376480 2026.7
1376490 2030.2
1376500 2033.0
1376510 2033.0
1376520 2033.8
1376530 2036.1
1376540 2036.9
1376550 2036.9
1376560 2038.2
1376570 2039.1
1376580 2039.1
1376590 2044.3
1376600 2047.2
1376610 2047.2
1376620 2050.2
1376630 2049.9
1376640 2049.9
1376650 2050.5
1376660 2056.4
1376670 2056.4
1376680 2064.2
1376690 2067.8
1376700 2067.8
1376710 2068.5
1376720 2069.2
1376730 2068.4
1376740 2068.4
1376750 2070.1
1376760 2076.8
1376770 2076.8
1376780 2084.9
1376790 2090.6
1376800 2090.6
1376810 2093.3
1376820 2094.7
1376830 2094.7
1376840 2096.7
1376850 2100.2
1376860 2100.2
1376870 2106.2
1376880 2112.4
1376890 2112.4
1376900 2118.3
1376910 2125.8
1376920 2125.8
1376930 2139.2
1376940 2155.6
1376950 2166.4
1376960 2166.4
1376970 2177.3
1376980 2185.6
1376990 2185.6
1377000 2190.2
1377010 2193.1
1377020 2193.1
1377030 2196.0
1377040 2199.9
1377050 2199.9
1377060 2206.5
1377070 2214.8
1377080 2214.8
1377090 2222.9
1377100 2227.4
1377110 2227.4
1377120 2230.5
1377130 2231.2
1377140 2229.5
1377150 2229.5
1377160 2232.2
1377170 2238.8
1377180 2238.8
1377190 2243.2
1377200 2247.1
1377210 2247.1
1377220 2252.8
1377230 2260.2
1377240 2260.2
1377250 2267.3
1377260 2275.2
1377270 2275.2
1377280 2283.6
1377290 2291.9
1377300 2291.9
1377310 2300.7
1377320 2309.2
1377330 2309.2
1377340 2316.7
1377350 2322.9
1377360 2324.4
1377370 2324.4
1377380 2322.3
1377390 2319.4
1377400 2319.4
1377410 2318.7
1377420 2319.5
1377430 2319.5
1377440 2321.2
1377450 2324.4
1377460 2324.4
1377470 2332.1
1377480 2341.3
1377490 2341.3
1377500 2349.7
1377510 2356.8
1377520 2356.8
1377530 2360.6
1377540 2362.0
1377550 2362.8
1377560 2362.8
1377570 2364.9
1377580 2367.1
1377590 2367.1
1377600 2369.7
1377610 2373.7
1377620 2373.7
1377630 2378.7
1377640 2385.4
1377650 2385.4
1377660 2394.2
1377670 2401.7
1377680 2401.7
1377690 2407.5
1377700 2413.6
1377710 2413.6
1377720 2419.9
1377730 2426.4
1377740 2426.4
1377750 2431.0
1377760 2436.8
1377770 2442.4
1377780 2442.4
1377790 2448.4
1377800 2455.1
1377810 2455.1
1377820 2464.0
1377830 2473.6
1377840 2473.6
1377850 2482.9
1377860 2492.0
1377870 2492.0
1377880 2498.3
1377890 2503.4
1377900 2503.4
1377910 2508.0
1377920 2512.1
1377930 2512.1
1377940 2517.1
1377950 2522.1
1377960 2526.7
1377970 2526.7
1377980 2529.8
1377990 2533.1
1378000 2533.1
1378010 2535.6
1378020 2538.0
1378030 2538.0
1378040 2541.2
1378050 2544.7
1378060 2544.7
1378070 2547.7
1378080 2550.2
1378090 2550.2
1378100 2553.0
1378110 2556.5
1378120 2556.5
1378130 2560.4
1378140 2564.4
1378150 2564.4
1378160 2568.5
1378170 2573.0
1378180 2578.2
1378190 2578.2
1378200 2584.0
1378210 2587.5
1378220 2587.5
1378230 2587.2
1378240 2586.4
1378250 2586.4
1378260 2585.8
1378270 2585.1
1378280 2585.1
1378290 2584.6
1378300 2584.0
1378310 2584.0
1378320 2583.3
1378330 2583.1
1378340 2583.1
1378350 2583.3
1378360 2583.4
1378370 2582.8
1378380 2582.8
1378390 2582.6
1378400 2582.5
1378410 2582.5
1378420 2582.1
1378430 2581.2
1378440 2581.2
1378450 2580.5
1378460 2579.7
1378470 2579.7
1378480 2578.4
1378490 2577.0
1378500 2577.0
1378510 2575.6
1378520 2574.6
1378530 2574.6
1378540 2573.9
1378550 2573.1
1378560 2572.0
1378570 2572.0
1378580 2571.1
1378590 2569.9
1378600 2569.9
1378610 2568.3
1378620 2567.1
1378630 2567.1
1378640 2566.4
1378650 2565.2
1378660 2565.2
1378670 2563.2
1378680 2560.8
1378690 2560.8
1378700 2558.5
1378710 2556.1
1378720 2556.1
1378730 2553.6
1378740 2551.1
1378750 2551.1
1378760 2549.3
1378770 2547.1
1378780 2544.0
1378790 2544.0
1378800 2539.1
1378810 2533.6
1378820 2533.6
1378830 2527.2
1378840 2519.4
1378850 2519.4
1378860 2509.4
1378870 2497.4
1378880 2497.4
1378890 2486.4
1378900 2476.5
1378910 2476.5
1378920 2468.9
1378930 2461.6
1378940 2461.6
1378950 2450.8
1378960 2443.9
1378970 2437.5
1378980 2437.5
1378990 2430.8
1379000 2422.2
1379010 2422.2
1379020 2412.9
1379030 2405.1
1379040 2405.1
1379050 2398.3
1379060 2392.3
1379070 2392.3
1379080 2387.2
1379090 2382.5
1379100 2382.5
1379110 2375.5
1379120 2369.9
1379130 2369.9
1379140 2366.5
1379150 2360.5
1379160 2360.5
1379170 2354.7
1379180 2351.4
1379190 2348.0
1379200 2348.0
1379210 2343.7
1379220 2337.6
1379230 2337.6
1379240 2330.8
1379250 2323.6
1379260 2323.6
1379270 2316.6
1379280 2308.8
1379290 2308.8
1379300 2301.1
1379310 2296.3
1379320 2296.3
1379330 2291.2
1379340 2283.4
1379350 2283.4
1379360 2275.1
1379370 2264.9
1379380 2255.5
1379390 2255.5
1379400 2248.1
1379410 2241.8
1379420 2241.8
1379430 2235.6
1379440 2230.0
1379450 2230.0
1379460 2224.4
1379470 2218.8
1379480 2218.8
1379490 2213.1
1379500 2206.1
1379510 2206.1
1379520 2198.9
1379530 2192.0
1379540 2192.0
1379550 2185.7
1379560 2179.9
1379570 2179.9
1379580 2173.8
1379590 2168.0
1379600 2163.4
1379610 2163.4
1379620 2159.1
1379630 2154.7
1379640 2154.7
1379650 2151.4
1379660 2146.6
1379670 2146.6
1379680 2139.4
1379690 2129.8
1379700 2129.8
1379710 2119.1
1379720 2107.5
1379730 2107.5
1379740 2097.6
1379750 2089.6
1379760 2089.6
1379770 2079.8
1379780 2072.0
1379790 2067.1
1379800 2067.1
1379810 2062.3
1379820 2056.7
1379830 2056.7
1379840 2050.4
1379850 2045.8
1379860 2045.8
1379870 2043.2
1379880 2045.4
1379890 2045.4
1379900 2046.5
1379910 2044.5
1379920 2044.5
1379930 2041.4
1379940 2039.3
1379950 2039.3
1379960 2040.2
1379970 2041.8
1379980 2041.8
1379990 2041.5
