1360000 2450.2
1360010 2450.2
1360020 2446.6
1360030 2443.1
1360040 2443.1
1360050 2440.1
1360060 2436.3
1360070 2436.3
1360080 2434.1
1360090 2432.2
1360100 2432.6
1360110 2432.6
1360120 2437.4
1360130 2437.8
1360140 2437.8
1360150 2439.1
1360160 2442.4
1360170 2442.4
1360180 2443.3
1360190 2443.9
1360200 2443.9
1360210 2443.3
1360220 2442.1
1360230 2442.1
1360240 2444.6
1360250 2447.2
1360260 2447.2
1360270 2448.9
1360280 2450.8
1360290 2450.8
1360300 2451.6
1360310 2452.2
1360320 2453.8
1360330 2453.8
1360340 2455.0
1360350 2456.6
1360360 2456.6
1360370 2458.1
1360380 2459.3
1360390 2459.3
1360400 2460.3
1360410 2461.2
1360420 2461.2
1360430 2457.8
1360440 2459.3
1360450 2459.3
1360460 2460.1
1360470 2462.1
1360480 2462.1
1360490 2463.7
1360500 2466.7
1360510 2468.6
1360520 2468.6
1360530 2470.4
1360540 2470.6
1360550 2470.6
1360560 2472.8
1360570 2474.7
1360580 2474.7
1360590 2475.3
1360600 2475.4
1360610 2475.4
1360620 2476.7
1360630 2476.9
1360640 2476.9
1360650 2473.1
1360660 2469.0
1360670 2469.0
1360680 2471.7
1360690 2476.5
1360700 2476.5
1360710 2478.8
1360720 2478.4
1360730 2477.0
1360740 2477.0
1360750 2476.3
1360760 2478.0
1360770 2478.0
1360780 2478.5
1360790 2476.3
1360800 2476.3
1360810 2473.9
1360820 2474.6
1360830 2474.6
1360840 2476.0
1360850 2475.8
1360860 2475.8
1360870 2474.4
1360880 2471.8
1360890 2471.8
1360900 2468.4
1360910 2466.2
1360920 2465.0
1360930 2465.0
1360940 2463.8
1360950 2463.3
1360960 2463.3
1360970 2462.0
1360980 2458.4
1360990 2458.4
1361000 2455.6
1361010 2453.7
1361020 2453.7
1361030 2452.4
1361040 2452.3
1361050 2452.3
1361060 2452.6
1361070 2451.5
1361080 2451.5
1361090 2449.5
1361100 2449.4
1361110 2449.4
1361120 2448.5
1361130 2445.6
1361140 2442.6
1361150 2442.6
1361160 2440.4
1361170 2432.0
1361180 2432.0
1361190 2435.3
1361200 2445.6
1361210 2445.6
1361220 2447.4
1361230 2447.0
1361240 2447.0
1361250 2447.8
1361260 2448.9
1361270 2448.9
1361280 2448.8
1361290 2448.7
1361300 2448.7
1361310 2448.0
1361320 2446.4
1361330 2442.8
1361340 2442.8
1361350 2435.4
1361360 2427.4
1361370 2427.4
1361380 2419.5
1361390 2410.7
1361400 2410.7
1361410 2403.1
1361420 2396.8
1361430 2396.8
1361440 2390.8
1361450 2385.9
1361460 2384.2
1361470 2378.3
1361480 2374.3
1361490 2374.3
1361500 2371.9
1361510 2370.4
1361520 2370.2
1361530 2370.2
1361540 2369.1
1361550 2366.6
1361560 2366.6
1361570 2367.2
1361580 2369.6
1361590 2369.6
1361600 2371.6
1361610 2372.0
1361620 2372.0
1361630 2370.6
1361640 2367.7
1361650 2367.7
1361660 2364.5
1361670 2357.9
1361680 2357.9
1361690 2345.5
1361700 2332.7
1361710 2332.7
1361720 2322.1
1361730 2315.2
1361740 2309.3
1361750 2309.3
1361760 2303.2
1361770 2297.1
1361780 2297.1
1361790 2289.5
1361800 2279.2
1361810 2279.2
1361820 2269.5
1361830 2260.1
1361840 2260.1
1361850 2253.1
1361860 2251.9
1361870 2251.9
1361880 2254.8
1361890 2260.7
1361900 2260.7
1361910 2266.5
1361920 2273.0
1361930 2278.4
1361940 2278.4
1361950 2281.8
1361960 2284.7
1361970 2284.7
1361980 2288.2
1361990 2290.9
1362000 2290.9
1362010 2293.2
1362020 2295.5
1362030 2295.5
1362040 2297.0
1362050 2298.4
1362060 2298.4
1362070 2299.8
1362080 2299.8
1362090 2299.8
1362100 2301.6
1362110 2304.8
1362120 2304.8
1362130 2308.0
1362140 2310.2
1362150 2311.6
1362160 2311.6
1362170 2312.3
1362180 2312.3
1362190 2312.3
1362200 2313.1
1362210 2313.3
1362220 2313.3
1362230 2315.2
1362240 2318.3
1362250 2318.3
1362260 2321.5
1362270 2323.5
1362280 2323.5
1362290 2324.4
1362300 2325.6
1362310 2325.6
1362320 2329.6
1362330 2332.4
1362340 2335.3
1362350 2335.3
1362360 2340.0
1362370 2345.8
1362380 2345.8
1362390 2349.4
1362400 2354.4
1362410 2354.4
1362420 2361.0
1362430 2366.9
1362440 2366.9
1362450 2371.9
1362460 2376.4
1362470 2376.4
1362480 2382.8
1362490 2391.8
1362500 2391.8
1362510 2399.2
1362520 2406.0
1362530 2406.0
1362540 2411.3
1362550 2416.6
1362560 2421.4
1362570 2421.4
1362580 2426.4
1362590 2430.9
1362600 2430.9
1362610 2434.9
1362620 2439.8
1362630 2439.8
1362640 2444.6
1362650 2449.4
1362660 2449.4
1362670 2454.1
1362680 2458.2
1362690 2458.2
1362700 2463.1
1362710 2468.0
1362720 2468.0
1362730 2470.5
1362740 2472.3
1362750 2476.3
1362760 2476.3
1362770 2481.1
1362780 2487.0
1362790 2487.0
1362800 2496.1
1362810 2502.1
1362820 2502.1
1362830 2506.2
1362840 2512.1
1362850 2512.1
1362860 2518.5
1362870 2524.0
1362880 2524.0
1362890 2528.5
1362900 2533.0
1362910 2533.0
1362920 2537.4
1362930 2541.7
1362940 2541.7
1362950 2546.2
1362960 2551.1
1362970 2556.5
1362980 2556.5
1362990 2561.7
1363000 2566.0
1363010 2566.0
1363020 2571.0
1363030 2577.5
1363040 2577.5
1363050 2583.1
1363060 2586.4
1363070 2586.4
1363080 2590.2
1363090 2594.7
1363100 2594.7
1363110 2597.8
1363120 2600.5
1363130 2600.5
1363140 2603.9
1363150 2608.6
1363160 2613.4
1363170 2613.4
1363180 2618.6
1363190 2624.5
1363200 2624.5
1363210 2630.1
1363220 2635.6
1363230 2635.6
1363240 2641.1
1363250 2647.0
1363260 2647.0
1363270 2652.9
1363280 2658.2
1363290 2658.2
1363300 2661.2
1363310 2664.5
1363320 2664.5
1363330 2668.3
1363340 2672.1
1363350 2672.1
1363360 2675.6
1363370 2679.2
1363380 2682.7
1363390 2682.7
1363400 2686.4
1363410 2691.7
1363420 2691.7
1363430 2696.1
1363440 2699.5
1363450 2699.5
1363460 2703.1
1363470 2707.6
1363480 2707.6
1363490 2710.1
1363500 2712.9
1363510 2712.9
1363520 2717.0
1363530 2720.5
1363540 2718.7
1363550 2723.7
1363560 2729.2
1363570 2734.8
1363580 2734.8
1363590 2739.4
1363600 2743.3
1363610 2743.3
1363620 2745.8
1363630 2747.1
1363640 2747.1
1363650 2748.3
1363660 2749.6
1363670 2749.6
1363680 2749.4
1363690 2748.1
1363700 2748.1
1363710 2747.6
1363720 2747.6
1363730 2747.6
1363740 2747.5
1363750 2747.5
1363760 2747.5
1363770 2747.5
1363780 2747.5
1363790 2747.7
1363800 2747.7
1363810 2748.5
1363820 2749.8
1363830 2749.8
1363840 2751.4
1363850 2752.7
1363860 2752.7
1363870 2754.0
1363880 2755.2
1363890 2755.2
1363900 2756.7
1363910 2758.5
1363920 2758.5
1363930 2762.5
1363940 2767.8
1363950 2767.8
1363960 2773.5
1363970 2778.6
1363980 2783.4
1363990 2783.4
1364000 2787.8
1364010 2791.5
1364020 2791.5
1364030 2796.0
1364040 2800.1
1364050 2800.1
1364060 2805.2
1364070 2811.2
1364080 2811.2
1364090 2817.8
1364100 2824.1
1364110 2824.1
1364120 2830.8
1364130 2838.2
1364140 2838.2
1364150 2845.9
1364160 2853.6
1364170 2861.1
1364180 2861.1
1364190 2868.9
1364200 2877.2
1364210 2877.2
1364220 2886.4
1364230 2895.7
1364240 2895.7
1364250 2904.7
1364260 2913.3
1364270 2913.3
1364280 2910.5
1364290 2901.1
1364300 2901.1
1364310 2892.2
1364320 2883.8
1364330 2883.8
1364340 2878.4
1364350 2877.6
1364360 2877.6
1364370 2871.5
1364380 2865.5
1364390 2861.5
1364400 2861.5
1364410 2856.7
1364420 2842.6
1364430 2842.6
1364440 2824.7
1364450 2809.7
1364460 2809.7
1364470 2799.1
1364480 2792.1
1364490 2792.1
1364500 2785.8
1364510 2777.1
1364520 2777.1
1364530 2768.8
1364540 2761.9
1364550 2761.9
1364560 2755.3
1364570 2749.0
1364580 2742.7
1364590 2741.0
1364600 2734.5
1364610 2728.1
1364620 2728.1
1364630 2721.4
1364640 2714.5
1364650 2714.5
1364660 2708.1
1364670 2702.1
1364680 2702.1
1364690 2696.6
1364700 2690.5
1364710 2690.5
1364720 2685.1
1364730 2679.4
1364740 2679.4
1364750 2673.3
1364760 2667.2
1364770 2667.2
1364780 2663.2
1364790 2659.5
1364800 2656.1
1364810 2656.1
1364820 2653.2
1364830 2647.0
1364840 2647.0
1364850 2640.3
1364860 2636.4
1364870 2636.4
1364880 2633.1
1364890 2630.1
1364900 2630.1
1364910 2627.9
1364920 2626.1
1364930 2626.1
1364940 2625.1
1364950 2624.2
1364960 2624.2
1364970 2623.2
1364980 2621.3
1364990 2616.7
1365000 2616.7
1365010 2609.4
1365020 2603.6
1365030 2603.6
1365040 2598.3
1365050 2594.5
1365060 2594.5
1365070 2594.2
1365080 2594.2
1365090 2594.2
1365100 2591.9
1365110 2589.7
1365120 2589.7
1365130 2588.6
1365140 2589.9
1365150 2589.9
1365160 2591.0
1365170 2590.8
1365180 2590.8
1365190 2588.6
1365200 2586.3
1365210 2582.4
1365220 2582.4
1365230 2578.0
1365240 2576.8
1365250 2576.8
1365260 2577.7
1365270 2577.9
1365280 2577.9
1365290 2578.0
1365300 2576.4
1365310 2576.4
1365320 2573.5
1365330 2570.7
1365340 2570.7
1365350 2569.6
1365360 2572.8
1365370 2572.8
1365380 2574.4
1365390 2574.4
1365400 2572.1
1365410 2572.1
1365420 2569.1
1365430 2566.0
1365440 2566.0
1365450 2562.4
1365460 2558.2
1365470 2558.2
1365480 2553.7
1365490 2549.2
1365500 2549.2
1365510 2544.8
1365520 2539.9
1365530 2539.9
1365540 2535.0
1365550 2530.6
1365560 2530.6
1365570 2528.4
1365580 2527.4
1365590 2526.9
1365600 2526.9
1365610 2525.5
1365620 2523.2
1365630 2523.2
1365640 2521.3
1365650 2516.2
1365660 2516.2
1365670 2512.8
1365680 2508.8
1365690 2508.8
1365700 2504.9
1365710 2500.1
1365720 2500.1
1365730 2495.9
1365740 2492.3
1365750 2492.3
1365760 2490.1
1365770 2489.6
1365780 2489.6
1365790 2488.7
1365800 2487.2
1365810 2484.9
1365820 2484.9
1365830 2482.3
1365840 2479.1
1365850 2479.1
1365860 2476.0
1365870 2472.1
1365880 2472.1
1365890 2467.5
1365900 2462.9
1365910 2462.9
1365920 2458.5
1365930 2453.5
1365940 2453.5
1365950 2449.0
1365960 2445.1
1365970 2445.1
1365980 2440.9
1365990 2436.6
1366000 2431.3
1366010 2431.3
1366020 2427.4
1366030 2425.2
1366040 2425.2
1366050 2422.8
1366060 2419.9
1366070 2419.9
1366080 2417.6
1366090 2416.4
1366100 2416.4
1366110 2414.6
1366120 2413.8
1366130 2413.8
1366140 2411.5
1366150 2407.6
1366160 2407.6
1366170 2404.6
1366180 2407.5
1366190 2407.5
1366200 2412.2
1366210 2409.2
1366220 2406.0
1366230 2406.0
1366240 2403.3
1366250 2401.2
1366260 2401.2
1366270 2401.6
1366280 2401.7
1366290 2401.7
1366300 2400.6
1366310 2399.3
1366320 2399.3
1366330 2397.9
1366340 2396.6
1366350 2396.6
1366360 2396.6
1366370 2399.3
1366380 2399.3
1366390 2400.7
1366400 2400.8
1366410 2400.3
1366420 2400.3
1366430 2399.3
1366440 2398.3
1366450 2398.3
1366460 2397.8
1366470 2398.1
1366480 2398.1
1366490 2397.9
1366500 2396.7
1366510 2396.7
1366520 2394.9
1366530 2393.2
1366540 2393.2
1366550 2390.3
1366560 2386.9
1366570 2386.9
1366580 2383.4
1366590 2379.4
1366600 2379.4
1366610 2375.2
1366620 2371.1
1366630 2367.6
1366640 2367.6
1366650 2364.7
1366660 2360.8
1366670 2360.8
1366680 2356.7
1366690 2351.8
1366700 2351.8
1366710 2346.0
1366720 2337.0
1366730 2337.0
1366740 2330.2
1366750 2323.8
1366760 2323.8
1366770 2317.8
1366780 2311.6
1366790 2311.6
1366800 2305.6
1366810 2299.8
1366820 2294.0
1366830 2294.0
1366840 2288.5
1366850 2283.4
1366860 2283.4
1366870 2278.2
1366880 2272.9
1366890 2272.9
1366900 2267.2
1366910 2261.0
1366920 2261.0
1366930 2254.4
1366940 2248.2
1366950 2248.2
1366960 2242.5
1366970 2236.8
1366980 2236.8
1366990 2231.1
1367000 2224.9
1367010 2224.9
1367020 2218.5
1367030 2212.4
1367040 2205.9
1367050 2205.9
1367060 2199.3
1367070 2193.0
1367080 2193.0
1367090 2187.6
1367100 2182.9
1367110 2182.9
1367120 2178.7
1367130 2174.3
1367140 2174.3
1367150 2168.8
1367160 2163.3
1367170 2163.3
1367180 2156.9
1367190 2151.0
1367200 2151.0
1367210 2147.7
1367220 2145.1
1367230 2145.0
1367240 2145.0
1367250 2148.8
1367260 2154.4
1367270 2154.4
1367280 2159.4
1367290 2165.3
1367300 2165.3
1367310 2171.5
1367320 2177.7
1367330 2177.7
1367340 2182.8
1367350 2187.3
1367360 2187.3
1367370 2191.4
1367380 2195.9
1367390 2195.9
1367400 2201.0
1367410 2205.8
1367420 2211.2
1367430 2211.2
1367440 2216.8
1367450 2223.4
1367460 2223.4
1367470 2227.6
1367480 2231.2
1367490 2231.2
1367500 2234.8
1367510 2238.2
1367520 2238.2
1367530 2242.3
1367540 2245.8
1367550 2245.8
1367560 2248.9
1367570 2250.5
1367580 2250.5
1367590 2251.9
1367600 2253.9
1367610 2253.9
1367620 2256.2
1367630 2258.9
1367640 2262.2
1367650 2262.2
1367660 2265.3
1367670 2267.1
1367680 2267.1
1367690 2268.5
1367700 2270.8
1367710 2270.8
1367720 2273.5
1367730 2276.6
1367740 2276.6
1367750 2278.9
1367760 2281.8
1367770 2281.8
1367780 2285.4
1367790 2289.8
1367800 2291.4
1367810 2296.0
1367820 2300.6
1367830 2305.6
1367840 2305.6
1367850 2311.0
1367860 2316.0
1367870 2316.0
1367880 2321.2
1367890 2326.1
1367900 2326.1
1367910 2331.9
1367920 2337.8
1367930 2337.8
1367940 2344.2
1367950 2350.3
1367960 2350.3
1367970 2356.5
1367980 2362.1
1367990 2362.1
1368000 2368.4
1368010 2374.8
1368020 2374.8
1368030 2381.4
1368040 2387.7
1368050 2394.1
1368060 2394.1
1368070 2400.9
1368080 2406.4
1368090 2406.4
1368100 2411.7
1368110 2417.1
1368120 2417.1
1368130 2422.7
1368140 2428.2
1368150 2428.2
1368160 2434.3
1368170 2442.3
1368180 2442.3
1368190 2451.8
1368200 2459.0
1368210 2459.0
1368220 2465.3
1368230 2471.3
1368240 2477.9
1368250 2477.9
1368260 2485.0
1368270 2491.0
1368280 2491.0
1368290 2496.8
1368300 2504.4
1368310 2504.4
1368320 2512.6
1368330 2521.9
1368340 2521.9
1368350 2529.9
1368360 2537.3
1368370 2537.3
1368380 2545.9
1368390 2552.9
1368400 2552.9
1368410 2556.5
1368420 2558.3
1368430 2558.3
1368440 2558.0
1368450 2556.4
1368460 2554.0
1368470 2554.0
1368480 2549.9
1368490 2543.7
1368500 2543.7
1368510 2532.2
1368520 2519.8
1368530 2519.8
1368540 2510.5
1368550 2503.1
1368560 2503.1
1368570 2496.6
1368580 2490.2
1368590 2490.2
1368600 2484.2
1368610 2478.2
1368620 2478.2
1368630 2472.2
1368640 2466.4
1368650 2460.5
1368660 2460.5
1368670 2454.7
1368680 2449.4
1368690 2449.4
1368700 2444.9
1368710 2440.4
1368720 2440.4
1368730 2435.5
1368740 2430.1
1368750 2430.1
1368760 2424.6
1368770 2418.6
1368780 2418.6
1368790 2412.7
1368800 2406.9
1368810 2406.9
1368820 2401.0
1368830 2394.1
1368840 2394.1
1368850 2387.8
1368860 2378.3
1368870 2363.8
1368880 2364.1
1368890 2353.3
1368900 2344.2
1368910 2344.2
1368920 2329.3
1368930 2315.8
1368940 2315.8
1368950 2307.4
1368960 2300.3
1368970 2300.3
1368980 2293.8
1368990 2287.7
1369000 2287.7
1369010 2281.0
1369020 2275.3
1369030 2275.3
1369040 2269.5
1369050 2264.5
1369060 2259.8
1369070 2259.8
1369080 2253.7
1369090 2248.4
1369100 2248.4
1369110 2243.6
1369120 2238.0
1369130 2238.0
1369140 2231.7
1369150 2225.5
1369160 2225.5
1369170 2220.5
1369180 2215.7
1369190 2215.7
1369200 2210.1
1369210 2205.0
1369220 2205.0
1369230 2200.0
1369240 2194.3
1369250 2194.3
1369260 2188.2
1369270 2182.1
1369280 2176.5
1369290 2176.5
1369300 2171.9
1369310 2166.6
1369320 2166.6
1369330 2161.4
1369340 2159.8
1369350 2159.8
1369360 2158.4
1369370 2152.9
1369380 2152.9
1369390 2146.8
1369400 2142.1
1369410 2142.1
1369420 2138.2
1369430 2134.7
1369440 2134.7
1369450 2131.8
1369460 2128.3
1369470 2124.4
1369480 2124.4
1369490 2120.9
1369500 2120.2
1369510 2120.2
1369520 2117.5
1369530 2113.7
1369540 2113.7
1369550 2110.9
1369560 2108.4
1369570 2108.4
1369580 2110.8
1369590 2117.7
1369600 2117.7
1369610 2127.2
1369620 2137.1
1369630 2137.1
1369640 2144.6
1369650 2151.6
1369660 2160.1
1369670 2160.1
1369680 2168.4
1369690 2175.0
1369700 2175.0
1369710 2182.6
1369720 2190.8
1369730 2190.8
1369740 2197.8
1369750 2204.6
1369760 2204.6
1369770 2213.9
1369780 2227.1
1369790 2227.1
1369800 2235.3
1369810 2242.3
1369820 2242.3
1369830 2250.4
1369840 2259.8
1369850 2259.8
1369860 2268.8
1369870 2276.4
1369880 2283.7
1369890 2283.7
1369900 2289.0
1369910 2293.3
1369920 2293.3
1369930 2298.1
1369940 2304.0
1369950 2304.0
1369960 2309.1
1369970 2314.6
1369980 2315.5
1369990 2321.0
1370000 2327.6
1370010 2327.6
1370020 2334.1
1370030 2339.7
1370040 2339.7
1370050 2345.3
1370060 2353.8
1370070 2362.4
1370080 2362.4
1370090 2369.0
1370100 2375.2
1370110 2375.2
1370120 2382.1
1370130 2388.5
1370140 2388.5
1370150 2396.3
1370160 2405.3
1370170 2405.3
1370180 2415.8
1370190 2425.9
1370200 2425.9
1370210 2436.5
1370220 2446.2
1370230 2446.2
1370240 2453.5
1370250 2458.6
1370260 2458.6
1370270 2463.7
1370280 2469.6
1370290 2476.6
1370300 2476.6
1370310 2484.0
1370320 2491.0
1370330 2491.0
1370340 2497.6
1370350 2504.4
1370360 2504.4
1370370 2511.1
1370380 2518.5
1370390 2518.5
1370400 2526.5
1370410 2535.8
1370420 2535.8
1370430 2545.2
1370440 2554.2
1370450 2554.2
1370460 2564.0
1370470 2575.1
1370480 2588.3
1370490 2588.3
1370500 2595.4
1370510 2599.1
1370520 2599.1
1370530 2602.2
1370540 2605.6
1370550 2605.6
1370560 2609.0
1370570 2611.2
1370580 2611.2
1370590 2611.0
1370600 2612.8
1370610 2612.8
1370620 2615.5
1370630 2616.9
1370640 2616.9
1370650 2624.0
1370660 2637.7
1370670 2637.7
1370680 2652.6
1370690 2661.1
1370700 2668.0
1370710 2668.0
1370720 2674.2
1370730 2679.6
1370740 2679.6
1370750 2686.4
1370760 2693.6
1370770 2693.6
1370780 2694.9
1370790 2691.7
1370800 2691.7
1370810 2689.5
1370820 2685.4
1370830 2685.4
1370840 2680.7
1370850 2678.2
1370860 2678.2
1370870 2677.8
1370880 2676.2
1370890 2673.6
1370900 2673.6
1370910 2667.7
1370920 2664.3
1370930 2664.3
1370940 2661.0
1370950 2654.1
1370960 2654.1
1370970 2649.9
1370980 2649.1
1370990 2649.1
1371000 2650.9
1371010 2652.5
1371020 2652.5
1371030 2655.0
1371040 2658.9
1371050 2658.9
1371060 2661.3
1371070 2656.7
1371080 2656.7
1371090 2643.0
1371100 2635.8
1371110 2628.5
1371120 2628.5
1371130 2621.4
1371140 2614.2
1371150 2614.2
1371160 2607.3
1371170 2600.1
1371180 2600.1
1371190 2593.1
1371200 2586.8
1371210 2586.8
1371220 2580.8
1371230 2573.0
1371240 2573.0
1371250 2565.2
1371260 2559.0
1371270 2559.0
1371280 2554.4
1371290 2550.1
1371300 2545.1
1371310 2545.1
1371320 2540.1
1371330 2535.1
1371340 2535.1
1371350 2531.9
1371360 2529.6
1371370 2529.6
1371380 2526.6
1371390 2523.9
1371400 2523.9
1371410 2522.8
1371420 2522.5
1371430 2522.5
1371440 2522.2
1371450 2522.1
1371460 2522.1
1371470 2522.1
1371480 2522.0
1371490 2521.9
1371500 2521.9
1371510 2521.6
1371520 2520.9
1371530 2520.9
1371540 2518.1
1371550 2513.7
1371560 2513.7
1371570 2508.9
1371580 2505.8
1371590 2505.8
1371600 2504.3
1371610 2502.6
1371620 2502.6
1371630 2500.5
1371640 2496.9
1371650 2496.9
1371660 2493.2
1371670 2490.1
1371680 2490.1
1371690 2486.4
1371700 2483.6
1371710 2480.0
1371720 2480.0
1371730 2476.2
1371740 2472.1
1371750 2472.1
1371760 2468.2
1371770 2464.1
1371780 2464.1
1371790 2460.9
1371800 2457.9
1371810 2457.9
1371820 2453.9
1371830 2450.7
1371840 2450.7
1371850 2448.9
1371860 2447.0
1371870 2447.0
1371880 2444.1
1371890 2440.2
1371900 2436.1
1371910 2436.1
1371920 2431.7
1371930 2428.3
1371940 2428.3
1371950 2425.2
1371960 2420.8
1371970 2420.8
1371980 2416.4
1371990 2411.5
1372000 2411.5
1372010 2406.5
1372020 2401.3
1372030 2401.3
1372040 2396.0
1372050 2391.5
1372060 2391.5
1372070 2388.1
1372080 2386.2
1372090 2386.2
1372100 2385.2
1372110 2383.6
1372120 2379.2
1372130 2379.2
1372140 2375.4
1372150 2371.6
1372160 2371.6
1372170 2367.3
1372180 2363.5
1372190 2363.5
1372200 2358.7
1372210 2353.7
1372220 2351.3
1372230 2346.5
1372240 2341.6
1372250 2341.6
1372260 2335.7
1372270 2329.2
1372280 2329.2
1372290 2322.7
1372300 2315.9
1372310 2309.5
1372320 2309.5
1372330 2303.9
1372340 2298.8
1372350 2298.8
1372360 2293.6
1372370 2287.9
1372380 2287.9
1372390 2282.0
1372400 2276.7
1372410 2276.7
1372420 2273.0
1372430 2269.5
1372440 2269.5
1372450 2265.8
1372460 2261.9
1372470 2261.9
1372480 2258.1
1372490 2254.5
1372500 2254.5
1372510 2250.4
1372520 2245.9
1372530 2241.0
1372540 2241.0
1372550 2236.6
1372560 2232.6
1372570 2232.6
1372580 2227.6
1372590 2221.7
1372600 2221.7
1372610 2215.6
1372620 2210.4
1372630 2210.4
1372640 2206.4
1372650 2202.0
1372660 2202.0
1372670 2197.6
1372680 2193.8
1372690 2193.8
1372700 2190.2
1372710 2186.2
1372720 2182.3
1372730 2182.3
1372740 2178.1
1372750 2173.3
1372760 2173.3
1372770 2168.9
1372780 2166.1
1372790 2166.1
1372800 2163.7
1372810 2160.5
1372820 2160.5
1372830 2157.1
1372840 2152.9
1372850 2152.9
1372860 2149.3
1372870 2148.6
1372880 2148.6
1372890 2147.4
1372900 2141.9
1372910 2141.9
1372920 2136.3
1372930 2130.4
1372940 2124.1
1372950 2124.1
1372960 2118.1
1372970 2111.9
1372980 2111.9
1372990 2105.5
1373000 2099.2
1373010 2099.2
1373020 2093.5
1373030 2088.0
1373040 2088.0
1373050 2082.2
1373060 2075.9
1373070 2075.9
1373080 2069.6
1373090 2063.4
1373100 2063.4
1373110 2056.4
1373120 2049.1
1373130 2041.7
1373140 2041.7
1373150 2034.1
1373160 2026.9
1373170 2026.9
1373180 2020.5
1373190 2013.7
1373200 2013.7
1373210 2007.8
1373220 2003.6
1373230 2003.6
1373240 2000.4
1373250 1999.4
1373260 1999.4
1373270 1997.3
1373280 1993.0
1373290 1993.0
1373300 1988.6
1373310 1983.5
1373320 1977.0
1373330 1977.0
1373340 1971.7
1373350 1960.3
1373360 1960.3
1373370 1957.0
1373380 1953.0
1373390 1953.0
1373400 1948.3
1373410 1942.0
1373420 1942.0
1373430 1934.7
1373440 1928.6
1373450 1928.6
1373460 1923.1
1373470 1918.0
1373480 1918.0
1373490 1913.1
1373500 1908.6
1373510 1908.6
1373520 1904.6
1373530 1902.4
1373540 1903.9
1373550 1903.9
1373560 1912.2
1373570 1919.8
1373580 1919.8
1373590 1924.8
1373600 1928.3
1373610 1928.3
1373620 1931.4
1373630 1935.0
1373640 1935.0
1373650 1939.4
1373660 1944.5
1373670 1944.5
1373680 1949.5
1373690 1954.2
1373700 1954.2
1373710 1957.6
1373720 1961.0
1373730 1965.4
1373740 1965.4
1373750 1973.2
1373760 1980.8
1373770 1980.8
1373780 1987.2
1373790 1993.0
1373800 1993.0
1373810 1998.7
1373820 2005.4
1373830 2005.4
1373840 2012.1
1373850 2018.8
1373860 2018.8
1373870 2025.1
1373880 2030.6
1373890 2030.6
1373900 2035.4
1373910 2039.9
1373920 2039.9
1373930 2044.6
1373940 2049.1
1373950 2053.3
1373960 2053.3
1373970 2057.2
1373980 2061.1
1373990 2061.1
1374000 2064.2
1374010 2068.8
1374020 2068.8
1374030 2074.1
1374040 2081.1
1374050 2081.1
1374060 2089.0
1374070 2097.3
1374080 2097.3
1374090 2105.0
1374100 2113.3
1374110 2113.3
1374120 2121.8
1374130 2130.1
1374140 2137.9
1374150 2137.9
1374160 2147.0
1374170 2155.7
1374180 2155.7
1374190 2163.3
1374200 2168.8
1374210 2168.8
1374220 2173.5
1374230 2174.8
1374240 2174.8
1374250 2181.1
1374260 2190.9
1374270 2190.9
1374280 2198.6
1374290 2201.6
1374300 2201.6
1374310 2200.6
1374320 2196.2
1374330 2196.2
1374340 2196.4
1374350 2199.7
1374360 2206.6
1374370 2206.6
1374380 2214.5
1374390 2222.4
1374400 2222.4
1374410 2230.8
1374420 2235.5
1374430 2235.5
1374440 2236.0
1374450 2238.2
1374460 2238.2
1374470 2240.7
1374480 2245.8
1374490 2252.1
1374500 2255.3
1374510 2260.5
1374520 2260.5
1374530 2267.0
1374540 2274.6
1374550 2281.4
1374560 2281.4
1374570 2287.6
1374580 2293.5
1374590 2293.5
1374600 2298.9
1374610 2305.2
1374620 2305.2
1374630 2311.5
1374640 2318.1
1374650 2318.1
1374660 2324.9
1374670 2331.9
1374680 2331.9
1374690 2338.6
1374700 2344.8
1374710 2344.8
1374720 2350.6
1374730 2355.9
1374740 2355.9
1374750 2361.3
1374760 2367.2
1374770 2373.4
1374780 2373.4
1374790 2379.5
1374800 2385.9
1374810 2385.9
1374820 2392.3
1374830 2399.0
1374840 2399.0
1374850 2405.7
1374860 2412.3
1374870 2412.3
1374880 2421.2
1374890 2433.2
1374900 2433.2
1374910 2444.6
1374920 2454.8
1374930 2454.8
1374940 2461.9
1374950 2468.8
1374960 2474.9
1374970 2474.9
1374980 2481.0
1374990 2487.1
1375000 2487.1
1375010 2493.0
1375020 2498.9
1375030 2498.9
1375040 2504.6
1375050 2511.2
1375060 2511.2
1375070 2518.4
1375080 2524.5
1375090 2524.5
1375100 2529.2
1375110 2533.7
1375120 2533.7
1375130 2532.3
1375140 2526.3
1375150 2526.3
1375160 2519.9
1375170 2512.6
1375180 2505.8
1375190 2505.8
1375200 2498.7
1375210 2491.5
1375220 2491.5
1375230 2485.6
1375240 2479.5
1375250 2479.5
1375260 2472.9
1375270 2466.6
1375280 2466.6
1375290 2461.2
1375300 2456.0
1375310 2456.0
1375320 2451.0
1375330 2446.1
1375340 2446.1
1375350 2440.9
1375360 2435.2
1375370 2429.9
1375380 2429.9
1375390 2424.8
1375400 2420.2
1375410 2420.2
1375420 2415.9
1375430 2410.8
1375440 2410.8
1375450 2406.1
1375460 2401.2
1375470 2401.2
1375480 2394.0
1375490 2386.5
1375500 2386.5
1375510 2379.9
1375520 2373.9
1375530 2373.9
1375540 2367.5
1375550 2362.0
1375560 2358.5
1375570 2358.5
1375580 2354.2
1375590 2350.7
1375600 2350.7
1375610 2346.8
1375620 2341.5
1375630 2341.5
1375640 2339.3
1375650 2332.4
1375660 2332.4
1375670 2324.1
1375680 2313.7
1375690 2313.7
1375700 2303.5
1375710 2294.3
1375720 2294.3
1375730 2285.5
1375740 2276.5
1375750 2276.5
1375760 2267.7
1375770 2259.9
1375780 2252.4
1375790 2252.4
1375800 2245.0
1375810 2238.6
1375820 2238.6
1375830 2231.1
1375840 2222.7
1375850 2222.7
1375860 2215.1
1375870 2207.6
1375880 2207.6
1375890 2200.5
1375900 2192.6
1375910 2192.6
1375920 2184.6
1375930 2177.3
1375940 2177.3
1375950 2168.8
1375960 2159.4
1375970 2152.0
1375980 2152.0
1375990 2145.9
1376000 2142.0
1376010 2142.0
1376020 2140.6
1376030 2136.1
1376040 2136.1
1376050 2128.8
1376060 2120.6
1376070 2120.6
1376080 2112.4
1376090 2104.6
1376100 2104.6
1376110 2098.4
1376120 2093.3
1376130 2093.3
1376140 2087.8
1376150 2080.6
1376160 2080.6
1376170 2073.5
1376180 2067.5
1376190 2070.5
1376200 2070.5
1376210 2081.6
1376220 2080.7
1376230 2080.7
1376240 2079.3
1376250 2078.5
1376260 2078.5
1376270 2078.1
1376280 2076.3
1376290 2076.3
1376300 2075.2
1376310 2074.5
1376320 2074.5
1376330 2072.3
1376340 2068.2
1376350 2068.2
1376360 2064.2
1376370 2059.7
1376380 2055.7
1376390 2055.7
1376400 2054.0
1376410 2055.4
1376420 2055.4
1376430 2057.9
1376440 2059.3
1376450 2059.3
1376460 2060.0
1376470 2061.5
1376480 2061.5
1376490 2062.5
1376500 2065.2
1376510 2065.2
1376520 2067.8
1376530 2071.1
1376540 2071.1
1376550 2074.0
1376560 2074.3
1376570 2074.3
1376580 2074.6
1376590 2078.5
1376600 2078.5
1376610 2078.5
1376620 2077.2
1376630 2081.8
1376640 2081.8
1376650 2086.7
1376660 2088.7
1376670 2088.7
1376680 2091.7
1376690 2094.9
1376700 2094.9
1376710 2096.6
1376720 2096.8
1376730 2096.8
1376740 2097.4
1376750 2100.1
1376760 2100.1
1376770 2103.1
1376780 2107.0
1376790 2111.6
1376800 2111.6
1376810 2121.9
1376820 2130.6
1376830 2130.6
1376840 2132.6
1376850 2135.2
1376860 2135.2
1376870 2144.6
1376880 2156.9
1376890 2156.9
1376900 2168.5
1376910 2175.8
1376920 2175.8
1376930 2182.9
1376940 2189.4
1376950 2189.4
1376960 2198.5
1376970 2207.4
1376980 2207.4
1376990 2218.7
1377000 2227.3
1377010 2233.9
1377020 2233.9
1377030 2238.2
1377040 2241.7
1377050 2241.7
1377060 2246.8
1377070 2253.8
1377080 2253.8
1377090 2260.8
1377100 2263.9
1377110 2263.9
1377120 2272.0
1377130 2279.8
1377140 2279.8
1377150 2284.6
1377160 2287.8
1377170 2287.8
1377180 2287.4
1377190 2286.0
1377200 2283.3
1377210 2283.3
1377220 2286.8
1377230 2296.0
1377240 2296.0
1377250 2303.5
1377260 2308.4
1377270 2308.4
1377280 2308.2
1377290 2308.9
1377300 2308.9
1377310 2315.1
1377320 2322.0
1377330 2322.0
1377340 2329.4
1377350 2336.9
1377360 2336.9
1377370 2345.8
1377380 2353.3
1377390 2358.9
1377400 2358.9
1377410 2364.2
1377420 2369.9
1377430 2369.9
1377440 2374.0
1377450 2371.6
1377460 2371.6
1377470 2372.7
1377480 2376.4
1377490 2376.4
1377500 2381.7
1377510 2388.8
1377520 2388.8
1377530 2393.8
1377540 2395.3
1377550 2395.3
1377560 2397.3
1377570 2399.6
1377580 2399.6
1377590 2401.3
1377600 2402.1
1377610 2402.7
1377620 2402.7
1377630 2403.7
1377640 2405.2
1377650 2405.2
1377660 2409.8
1377670 2416.4
1377680 2416.4
1377690 2421.9
1377700 2425.9
1377710 2425.9
1377720 2430.2
1377730 2434.1
1377740 2434.1
1377750 2437.9
1377760 2441.6
1377770 2441.6
1377780 2445.6
1377790 2450.3
1377800 2454.4
1377810 2454.4
1377820 2458.2
1377830 2462.6
1377840 2462.6
1377850 2467.3
1377860 2471.4
1377870 2471.4
1377880 2476.0
1377890 2480.9
1377900 2480.9
1377910 2485.8
1377920 2490.5
1377930 2490.5
1377940 2495.7
1377950 2501.7
1377960 2501.7
1377970 2508.9
1377980 2514.1
1377990 2511.4
1378000 2513.7
1378010 2516.4
1378020 2519.4
1378030 2519.4
1378040 2523.4
1378050 2528.5
1378060 2528.5
1378070 2533.1
1378080 2538.2
1378090 2538.2
1378100 2543.9
1378110 2552.6
1378120 2552.6
1378130 2561.5
1378140 2563.7
1378150 2563.7
1378160 2562.5
1378170 2560.7
1378180 2560.7
1378190 2558.3
1378200 2556.2
1378210 2554.0
1378220 2554.0
1378230 2552.1
1378240 2550.9
1378250 2550.9
1378260 2550.7
1378270 2550.7
1378280 2550.7
1378290 2550.2
1378300 2548.9
1378310 2548.9
1378320 2547.1
1378330 2546.8
1378340 2546.8
1378350 2546.7
1378360 2546.3
1378370 2546.3
1378380 2546.5
1378390 2547.4
1378400 2547.4
1378410 2547.4
1378420 2547.6
1378430 2548.5
1378440 2548.5
1378450 2548.8
1378460 2549.1
1378470 2549.1
1378480 2549.5
1378490 2550.0
1378500 2550.0
1378510 2550.1
1378520 2549.8
1378530 2549.8
1378540 2548.9
1378550 2547.4
1378560 2547.4
1378570 2545.1
1378580 2542.8
1378590 2542.8
1378600 2540.9
1378610 2538.9
1378620 2537.4
1378630 2537.4
1378640 2534.9
1378650 2528.2
1378660 2528.2
1378670 2522.5
1378680 2519.1
1378690 2519.1
1378700 2517.0
1378710 2514.9
1378720 2514.9
1378730 2512.1
1378740 2509.8
1378750 2509.8
1378760 2507.5
1378770 2503.4
1378780 2503.4
1378790 2497.8
1378800 2494.2
1378810 2494.2
1378820 2491.5
1378830 2487.6
1378840 2483.5
1378850 2483.5
1378860 2479.5
1378870 2474.4
1378880 2474.4
1378890 2467.7
1378900 2459.8
1378910 2459.8
1378920 2451.8
1378930 2442.9
1378940 2442.9
1378950 2435.2
1378960 2428.9
1378970 2428.9
1378980 2421.9
1378990 2414.0
1379000 2414.0
1379010 2405.8
1379020 2396.4
1379030 2387.1
1379040 2387.1
1379050 2378.0
1379060 2370.0
1379070 2370.0
1379080 2363.5
1379090 2357.9
1379100 2357.9
1379110 2352.4
1379120 2346.8
1379130 2346.8
1379140 2341.2
1379150 2336.0
1379160 2336.0
1379170 2331.2
1379180 2323.8
1379190 2323.8
1379200 2319.0
1379210 2314.9
1379220 2310.8
1379230 2310.8
1379240 2306.3
1379250 2302.0
1379260 2302.0
1379270 2297.7
1379280 2291.5
1379290 2291.5
1379300 2286.8
1379310 2281.3
1379320 2281.3
1379330 2276.1
1379340 2271.1
1379350 2271.1
1379360 2266.9
1379370 2262.3
1379380 2262.3
1379390 2255.7
1379400 2249.2
1379410 2249.2
1379420 2242.2
1379430 2234.3
1379440 2228.0
1379450 2228.0
1379460 2222.2
1379470 2216.1
1379480 2216.1
1379490 2211.0
1379500 2206.9
1379510 2206.9
1379520 2203.2
1379530 2197.7
1379540 2197.7
1379550 2189.4
1379560 2181.2
1379570 2181.2
1379580 2173.5
1379590 2164.7
1379600 2164.7
1379610 2156.5
1379620 2148.9
1379630 2141.7
1379640 2141.7
1379650 2134.7
1379660 2128.4
1379670 2128.4
1379680 2122.3
1379690 2116.4
1379700 2116.4
1379710 2110.4
1379720 2105.8
1379730 2105.8
1379740 2101.9
1379750 2097.6
1379760 2097.6
1379770 2093.3
1379780 2089.7
1379790 2089.7
1379800 2089.3
1379810 2090.2
1379820 2090.2
1379830 2089.7
1379840 2086.7
1379850 2082.4
1379860 2082.4
1379870 2079.3
1379880 2077.7
1379890 2077.7
1379900 2076.5
1379910 2075.2
1379920 2075.2
1379930 2074.3
1379940 2073.7
1379950 2073.7
1379960 2071.6
1379970 2069.0
1379980 2069.0
1379990 2068.6
