1360000 2696.7
1360010 2699.9
1360020 2699.9
1360030 2703.0
1360040 2704.5
1360050 2704.5
1360060 2706.0
1360070 2707.3
1360080 2707.3
1360090 2706.4
1360100 2708.2
1360110 2708.2
1360120 2709.5
1360130 2711.3
1360140 2711.3
1360150 2713.8
1360160 2717.2
1360170 2717.2
1360180 2719.9
1360190 2722.5
1360200 2722.5
1360210 2726.0
1360220 2729.5
1360230 2732.3
1360240 2732.3
1360250 2734.2
1360260 2735.0
1360270 2735.0
1360280 2737.0
1360290 2738.5
1360300 2738.5
1360310 2740.0
1360320 2742.3
1360330 2742.3
1360340 2743.9
1360350 2745.3
1360360 2745.3
1360370 2746.2
1360380 2747.2
1360390 2747.2
1360400 2748.4
1360410 2749.8
1360420 2752.5
1360430 2752.5
1360440 2753.9
1360450 2755.0
1360460 2755.0
1360470 2756.6
1360480 2758.8
1360490 2758.8
1360500 2760.8
1360510 2762.5
1360520 2762.5
1360530 2763.8
1360540 2764.4
1360550 2764.4
1360560 2766.1
1360570 2767.6
1360580 2767.6
1360590 2768.9
1360600 2771.2
1360610 2771.2
1360620 2772.5
1360630 2773.3
1360640 2775.4
1360650 2775.4
1360660 2776.8
1360670 2777.5
1360680 2777.5
1360690 2779.1
1360700 2780.0
1360710 2780.0
1360720 2779.7
1360730 2779.1
1360740 2779.1
1360750 2778.4
1360760 2777.1
1360770 2777.1
1360780 2777.0
1360790 2777.3
1360800 2777.3
1360810 2778.1
1360820 2779.0
1360830 2781.0
1360840 2781.0
1360850 2783.4
1360860 2785.3
1360870 2785.3
1360880 2786.0
1360890 2786.0
1360900 2786.0
1360910 2786.1
1360920 2786.5
1360930 2786.5
1360940 2787.3
1360950 2788.8
1360960 2788.8
1360970 2789.2
1360980 2789.1
1360990 2789.1
1361000 2790.4
1361010 2791.9
1361020 2791.9
1361030 2795.6
1361040 2798.5
1361050 2798.7
1361060 2798.7
1361070 2799.1
1361080 2801.0
1361090 2801.0
1361100 2802.3
1361110 2798.9
1361120 2798.9
1361130 2803.4
1361140 2808.7
1361150 2808.7
1361160 2816.3
1361170 2829.4
1361180 2829.4
1361190 2834.1
1361200 2818.4
1361210 2818.4
1361220 2800.0
1361230 2789.9
1361240 2783.4
1361250 2783.4
1361260 2778.0
1361270 2773.0
1361280 2773.0
1361290 2767.6
1361300 2762.1
1361310 2762.1
1361320 2756.9
1361330 2753.2
1361340 2753.2
1361350 2750.5
1361360 2747.7
1361370 2747.7
1361380 2742.5
1361390 2736.3
1361400 2736.3
1361410 2732.5
1361420 2729.5
1361430 2729.5
1361440 2726.8
1361450 2723.2
1361460 2719.9
1361470 2719.9
1361480 2716.0
1361490 2711.7
1361500 2711.7
1361510 2708.4
1361520 2704.8
1361530 2704.8
1361540 2701.8
1361550 2699.7
1361560 2699.7
1361570 2698.4
1361580 2696.6
1361590 2696.6
1361600 2695.2
1361610 2694.4
1361620 2694.4
1361630 2694.3
1361640 2695.3
1361650 2697.1
1361660 2697.1
1361670 2698.9
1361680 2700.2
1361690 2700.2
1361700 2700.0
1361710 2695.3
1361720 2695.3
1361730 2687.5
1361740 2678.7
1361750 2678.7
1361760 2669.7
1361770 2658.8
1361780 2658.8
1361790 2649.0
1361800 2638.8
1361810 2638.8
1361820 2630.5
1361830 2624.2
1361840 2624.2
1361850 2618.1
1361860 2611.3
1361870 2598.7
1361880 2598.7
1361890 2579.3
1361900 2565.4
1361910 2565.4
1361920 2553.0
1361930 2544.5
1361940 2544.5
1361950 2538.6
1361960 2536.3
1361970 2536.3
1361980 2534.5
1361990 2528.9
1362000 2528.9
1362010 2519.3
1362020 2509.1
1362030 2509.1
1362040 2499.6
1362050 2490.4
1362060 2481.7
1362070 2481.7
1362080 2473.9
1362090 2466.6
1362100 2466.6
1362110 2459.1
1362120 2451.0
1362130 2451.0
1362140 2439.8
1362150 2433.4
1362160 2433.4
1362170 2424.9
1362180 2414.0
1362190 2414.0
1362200 2403.0
1362210 2391.3
1362220 2391.3
1362230 2380.2
1362240 2369.9
1362250 2369.9
1362260 2360.5
1362270 2352.3
1362280 2345.2
1362290 2345.2
1362300 2338.1
1362310 2328.3
1362320 2328.3
1362330 2317.8
1362340 2307.7
1362350 2307.7
1362360 2297.9
1362370 2288.1
1362380 2288.1
1362390 2279.6
1362400 2270.9
1362410 2270.9
1362420 2261.6
1362430 2252.7
1362440 2252.7
1362450 2244.8
1362460 2239.2
1362470 2233.8
1362480 2233.8
1362490 2224.7
1362500 2210.9
1362510 2210.9
1362520 2196.8
1362530 2188.7
1362540 2188.7
1362550 2188.0
1362560 2189.4
1362570 2189.4
1362580 2191.6
1362590 2194.2
1362600 2194.2
1362610 2198.8
1362620 2204.8
1362630 2204.8
1362640 2211.4
1362650 2217.8
1362660 2217.8
1362670 2223.5
1362680 2228.1
1362690 2231.1
1362700 2231.1
1362710 2232.4
1362720 2235.5
1362730 2235.5
1362740 2239.4
1362750 2243.3
1362760 2243.3
1362770 2246.4
1362780 2249.4
1362790 2249.4
1362800 2252.5
1362810 2255.3
1362820 2255.3
1362830 2258.0
1362840 2260.2
1362850 2260.2
1362860 2262.6
1362870 2266.5
1362880 2270.6
1362890 2270.6
1362900 2274.8
1362910 2278.8
1362920 2278.8
1362930 2283.2
1362940 2287.4
1362950 2287.4
1362960 2291.5
1362970 2295.8
1362980 2295.8
1362990 2300.5
1363000 2305.4
1363010 2305.4
1363020 2309.8
1363030 2314.6
1363040 2314.6
1363050 2319.9
1363060 2325.3
1363070 2325.3
1363080 2330.9
1363090 2336.7
1363100 2343.3
1363110 2343.3
1363120 2349.3
1363130 2354.3
1363140 2354.3
1363150 2359.5
1363160 2363.2
1363170 2363.2
1363180 2375.9
1363190 2382.8
1363200 2382.8
1363210 2389.6
1363220 2393.9
1363230 2393.9
1363240 2399.3
1363250 2407.3
1363260 2407.3
1363270 2415.9
1363280 2423.6
1363290 2430.1
1363300 2430.1
1363310 2436.6
1363320 2443.6
1363330 2443.6
1363340 2449.5
1363350 2455.9
1363360 2455.9
1363370 2463.1
1363380 2470.9
1363390 2470.9
1363400 2478.1
1363410 2485.3
1363420 2485.3
1363430 2492.6
1363440 2500.0
1363450 2500.0
1363460 2507.1
1363470 2514.5
1363480 2514.5
1363490 2522.1
1363500 2527.7
1363510 2532.4
1363520 2532.4
1363530 2539.8
1363540 2547.8
1363550 2547.8
1363560 2555.7
1363570 2562.9
1363580 2562.9
1363590 2569.4
1363600 2575.7
1363610 2575.7
1363620 2582.5
1363630 2590.1
1363640 2590.1
1363650 2598.3
1363660 2605.6
1363670 2605.6
1363680 2612.1
1363690 2618.3
1363700 2625.0
1363710 2625.0
1363720 2632.1
1363730 2639.6
1363740 2639.6
1363750 2647.1
1363760 2654.3
1363770 2654.3
1363780 2661.0
1363790 2667.6
1363800 2667.6
1363810 2674.4
1363820 2681.2
1363830 2681.2
1363840 2687.8
1363850 2694.7
1363860 2694.7
1363870 2703.1
1363880 2712.5
1363890 2712.5
1363900 2721.6
1363910 2729.9
1363920 2737.1
1363930 2737.1
1363940 2744.2
1363950 2751.4
1363960 2751.4
1363970 2759.4
1363980 2768.5
1363990 2768.5
1364000 2777.8
1364010 2787.3
1364020 2787.3
1364030 2796.7
1364040 2806.2
1364050 2806.2
1364060 2815.4
1364070 2824.4
1364080 2824.4
1364090 2832.9
1364100 2841.1
1364110 2849.4
1364120 2849.4
1364130 2857.1
1364140 2864.2
1364150 2864.2
1364160 2870.6
1364170 2870.5
1364180 2870.5
1364190 2858.1
1364200 2847.1
1364210 2847.1
1364220 2840.6
1364230 2844.5
1364240 2844.5
1364250 2834.9
1364260 2824.3
1364270 2824.3
1364280 2811.6
1364290 2796.8
1364300 2796.8
1364310 2782.1
1364320 2768.4
1364330 2758.9
1364340 2758.9
1364350 2752.7
1364360 2746.7
1364370 2746.7
1364380 2741.5
1364390 2736.9
1364400 2736.9
1364410 2733.4
1364420 2730.7
1364430 2730.7
1364440 2727.9
1364450 2724.3
1364460 2724.3
1364470 2721.0
1364480 2717.9
1364490 2717.9
1364500 2714.2
1364510 2710.7
1364520 2707.7
1364530 2707.7
1364540 2704.3
1364550 2703.5
1364560 2703.5
1364570 2702.4
1364580 2702.7
1364590 2702.7
1364600 2701.4
1364610 2700.7
1364620 2700.7
1364630 2701.8
1364640 2699.8
1364650 2699.8
1364660 2697.3
1364670 2695.5
1364680 2695.5
1364690 2693.6
1364700 2692.1
1364710 2692.1
1364720 2692.2
1364730 2691.6
1364740 2689.8
1364750 2689.8
1364760 2687.3
1364770 2680.2
1364780 2680.2
1364790 2677.4
1364800 2680.8
1364810 2680.8
1364820 2680.4
1364830 2678.9
1364840 2678.9
1364850 2677.7
1364860 2676.5
1364870 2676.5
1364880 2673.9
1364890 2667.1
1364900 2667.1
1364910 2661.0
1364920 2659.3
1364930 2662.6
1364940 2662.6
1364950 2661.2
1364960 2652.8
1364970 2652.8
1364980 2646.0
1364990 2643.6
1365000 2643.6
1365010 2642.4
1365020 2641.6
1365030 2641.6
1365040 2641.0
1365050 2638.9
1365060 2638.9
1365070 2638.6
1365080 2638.0
1365090 2638.0
1365100 2638.4
1365110 2638.5
1365120 2638.5
1365130 2636.4
1365140 2631.3
1365150 2627.7
1365160 2627.7
1365170 2626.5
1365180 2625.7
1365190 2625.7
1365200 2624.5
1365210 2623.3
1365220 2623.3
1365230 2623.0
1365240 2622.8
1365250 2622.8
1365260 2623.1
1365270 2623.5
1365280 2623.5
1365290 2632.4
1365300 2633.1
1365310 2633.1
1365320 2632.4
1365330 2629.7
1365340 2626.7
1365350 2626.7
1365360 2624.6
1365370 2624.5
1365380 2624.5
1365390 2624.5
1365400 2623.5
1365410 2623.5
1365420 2622.3
1365430 2622.1
1365440 2622.1
1365450 2622.5
1365460 2622.7
1365470 2622.7
1365480 2622.6
1365490 2623.6
1365500 2623.6
1365510 2626.0
1365520 2629.2
1365530 2631.7
1365540 2631.7
1365550 2635.0
1365560 2638.0
1365570 2638.0
1365580 2639.8
1365590 2642.0
1365600 2642.0
1365610 2644.8
1365620 2648.2
1365630 2648.2
1365640 2652.1
1365650 2656.4
1365660 2656.4
1365670 2658.8
1365680 2661.9
1365690 2661.9
1365700 2664.6
1365710 2666.5
1365720 2666.5
1365730 2668.6
1365740 2670.9
1365750 2674.5
1365760 2674.5
1365770 2678.3
1365780 2682.7
1365790 2682.7
1365800 2686.1
1365810 2689.8
1365820 2689.8
1365830 2699.7
1365840 2710.9
1365850 2710.9
1365860 2716.4
1365870 2721.8
1365880 2721.8
1365890 2727.0
1365900 2732.9
1365910 2732.9
1365920 2739.0
1365930 2745.1
1365940 2752.3
1365950 2752.3
1365960 2761.7
1365970 2771.1
1365980 2771.1
1365990 2780.2
1366000 2788.4
1366010 2788.4
1366020 2791.6
1366030 2778.5
1366040 2778.5
1366050 2768.2
1366060 2762.5
1366070 2762.5
1366080 2763.5
1366090 2763.7
1366100 2763.7
1366110 2758.5
1366120 2753.6
1366130 2753.6
1366140 2747.3
1366150 2738.6
1366160 2730.2
1366170 2730.2
1366180 2723.1
1366190 2716.9
1366200 2716.9
1366210 2710.8
1366220 2704.4
1366230 2704.4
1366240 2697.7
1366250 2692.1
1366260 2692.1
1366270 2686.9
1366280 2680.5
1366290 2680.5
1366300 2673.3
1366310 2666.0
1366320 2666.0
1366330 2658.9
1366340 2652.4
1366350 2638.7
1366360 2638.7
1366370 2631.3
1366380 2626.6
1366390 2626.6
1366400 2623.7
1366410 2619.1
1366420 2619.1
1366430 2608.7
1366440 2597.8
1366450 2597.8
1366460 2591.7
1366470 2586.9
1366480 2586.9
1366490 2579.6
1366500 2572.8
1366510 2572.8
1366520 2568.1
1366530 2564.3
1366540 2564.3
1366550 2557.5
1366560 2552.8
1366570 2548.9
1366580 2548.9
1366590 2543.5
1366600 2538.7
1366610 2538.7
1366620 2534.5
1366630 2530.1
1366640 2530.1
1366650 2526.3
1366660 2522.7
1366670 2522.7
1366680 2516.4
1366690 2505.2
1366700 2505.2
1366710 2492.9
1366720 2488.2
1366730 2488.2
1366740 2483.4
1366750 2476.7
1366760 2468.6
1366770 2468.6
1366780 2459.7
1366790 2453.6
1366800 2453.6
1366810 2443.0
1366820 2430.4
1366830 2430.4
1366840 2422.5
1366850 2416.1
1366860 2416.1
1366870 2409.6
1366880 2401.7
1366890 2401.7
1366900 2392.5
1366910 2385.2
1366920 2385.2
1366930 2379.0
1366940 2371.5
1366950 2371.5
1366960 2361.3
1366970 2350.0
1366980 2340.2
1366990 2340.2
1367000 2332.0
1367010 2325.2
1367020 2325.2
1367030 2320.3
1367040 2314.7
1367050 2314.7
1367060 2309.9
1367070 2304.2
1367080 2304.2
1367090 2296.9
1367100 2289.5
1367110 2289.5
1367120 2282.8
1367130 2276.1
1367140 2276.1
1367150 2270.6
1367160 2262.1
1367170 2252.6
1367180 2252.6
1367190 2245.0
1367200 2237.5
1367210 2237.5
1367220 2229.7
1367230 2224.2
1367240 2224.2
1367250 2218.8
1367260 2213.2
1367270 2213.2
1367280 2208.3
1367290 2203.4
1367300 2203.4
1367310 2198.3
1367320 2192.8
1367330 2192.8
1367340 2188.3
1367350 2183.0
1367360 2183.0
1367370 2175.8
1367380 2167.2
1367390 2159.0
1367400 2159.0
1367410 2154.9
1367420 2151.1
1367430 2144.0
1367440 2139.8
1367450 2135.1
1367460 2135.1
1367470 2129.9
1367480 2124.0
1367490 2124.0
1367500 2117.2
1367510 2111.7
1367520 2111.7
1367530 2108.2
1367540 2104.8
1367550 2104.8
1367560 2100.0
1367570 2093.1
1367580 2083.5
1367590 2083.5
1367600 2076.3
1367610 2069.6
1367620 2069.6
1367630 2064.2
1367640 2065.6
1367650 2065.6
1367660 2068.8
1367670 2075.3
1367680 2075.3
1367690 2080.9
1367700 2085.7
1367710 2085.7
1367720 2090.6
1367730 2095.5
1367740 2095.5
1367750 2101.1
1367760 2106.5
1367770 2106.5
1367780 2112.0
1367790 2116.8
1367800 2122.2
1367810 2122.2
1367820 2127.7
1367830 2132.3
1367840 2132.3
1367850 2137.6
1367860 2143.2
1367870 2143.2
1367880 2148.0
1367890 2151.8
1367900 2151.8
1367910 2157.3
1367920 2162.1
1367930 2162.1
1367940 2166.5
1367950 2170.3
1367960 2170.3
1367970 2173.8
1367980 2179.3
1367990 2187.0
1368000 2187.0
1368010 2194.2
1368020 2201.1
1368030 2201.1
1368040 2207.4
1368050 2213.9
1368060 2213.9
1368070 2219.2
1368080 2224.9
1368090 2224.9
1368100 2232.1
1368110 2239.1
1368120 2239.1
1368130 2246.0
1368140 2252.9
1368150 2252.9
1368160 2260.4
1368170 2268.1
1368180 2268.1
1368190 2275.7
1368200 2282.6
1368210 2289.8
1368220 2289.8
1368230 2296.3
1368240 2302.2
1368250 2302.2
1368260 2308.3
1368270 2314.5
1368280 2314.5
1368290 2321.1
1368300 2327.2
1368310 2327.2
1368320 2332.3
1368330 2336.9
1368340 2336.9
1368350 2341.6
1368360 2346.9
1368370 2346.9
1368380 2352.8
1368390 2356.9
1368400 2360.7
1368410 2360.7
1368420 2363.3
1368430 2365.3
1368440 2365.3
1368450 2365.6
1368460 2364.5
1368470 2364.5
1368480 2363.3
1368490 2363.6
1368500 2363.6
1368510 2360.6
1368520 2358.5
1368530 2358.5
1368540 2355.7
1368550 2351.9
1368560 2351.9
1368570 2348.5
1368580 2345.5
1368590 2345.5
1368600 2341.9
1368610 2337.9
1368620 2334.0
1368630 2334.0
1368640 2330.0
1368650 2325.3
1368660 2325.3
1368670 2321.1
1368680 2316.1
1368690 2316.1
1368700 2310.8
1368710 2304.9
1368720 2304.9
1368730 2298.1
1368740 2292.1
1368750 2292.1
1368760 2286.6
1368770 2280.6
1368780 2280.6
1368790 2274.8
1368800 2269.1
1368810 2263.2
1368820 2263.2
1368830 2254.8
1368840 2245.4
1368850 2245.4
1368860 2236.0
1368870 2228.2
1368880 2228.2
1368890 2216.7
1368900 2206.0
1368910 2206.0
1368920 2194.5
1368930 2186.4
1368940 2186.4
1368950 2175.9
1368960 2163.3
1368970 2163.3
1368980 2153.1
1368990 2144.5
1369000 2144.5
1369010 2134.9
1369020 2125.6
1369030 2115.1
1369040 2115.1
1369050 2104.9
1369060 2096.0
1369070 2096.0
1369080 2087.2
1369090 2078.9
1369100 2078.9
1369110 2071.3
1369120 2064.3
1369130 2064.3
1369140 2057.1
1369150 2049.8
1369160 2049.8
1369170 2042.5
1369180 2035.8
1369190 2035.8
1369200 2029.0
1369210 2022.3
1369220 2015.9
1369230 2015.9
1369240 2009.6
1369250 2002.7
1369260 2002.7
1369270 1996.2
1369280 1995.5
1369290 1995.5
1369300 1998.8
1369310 2007.5
1369320 2007.5
1369330 2016.7
1369340 2026.6
1369350 2026.6
1369360 2037.9
1369370 2048.4
1369380 2048.4
1369390 2058.0
1369400 2067.8
1369410 2067.8
1369420 2081.7
1369430 2096.3
1369440 2104.8
1369450 2104.8
1369460 2111.5
1369470 2119.6
1369480 2119.6
1369490 2128.0
1369500 2135.8
1369510 2135.8
1369520 2143.4
1369530 2150.0
1369540 2150.0
1369550 2155.1
1369560 2159.0
1369570 2159.0
1369580 2161.8
1369590 2165.5
1369600 2165.5
1369610 2165.4
1369620 2171.7
1369630 2179.0
1369640 2179.0
1369650 2187.0
1369660 2193.8
1369670 2193.8
1369680 2198.5
1369690 2201.0
1369700 2201.0
1369710 2202.0
1369720 2202.3
1369730 2202.3
1369740 2201.9
1369750 2201.6
1369760 2201.6
1369770 2200.7
1369780 2199.2
1369790 2199.2
1369800 2198.7
1369810 2197.2
1369820 2197.2
1369830 2194.5
1369840 2191.1
1369850 2188.3
1369860 2188.3
1369870 2185.5
1369880 2182.6
1369890 2182.6
1369900 2179.9
1369910 2177.6
1369920 2177.6
1369930 2175.0
1369940 2172.8
1369950 2172.8
1369960 2171.7
1369970 2170.6
1369980 2170.6
1369990 2170.5
1370000 2170.6
1370010 2170.6
1370020 2170.9
1370030 2171.9
1370040 2171.8
1370050 2171.8
1370060 2171.1
1370070 2169.8
1370080 2169.8
1370090 2168.8
1370100 2168.7
1370110 2168.7
1370120 2168.3
1370130 2168.2
1370140 2168.2
1370150 2168.9
1370160 2169.0
1370170 2169.0
1370180 2169.4
1370190 2169.8
1370200 2169.8
1370210 2170.0
1370220 2169.9
1370230 2169.9
1370240 2169.0
1370250 2168.3
1370260 2167.1
1370270 2167.1
1370280 2165.9
1370290 2165.4
1370300 2165.4
1370310 2164.1
1370320 2162.2
1370330 2162.2
1370340 2162.6
1370350 2163.5
1370360 2163.5
1370370 2164.5
1370380 2163.3
1370390 2163.3
1370400 2158.2
1370410 2151.8
1370420 2151.8
1370430 2143.6
1370440 2133.2
1370450 2125.2
1370460 2125.2
1370470 2125.4
1370480 2136.9
1370490 2136.9
1370500 2151.5
1370510 2161.2
1370520 2161.2
1370530 2163.6
1370540 2163.1
1370550 2163.1
1370560 2161.4
1370570 2158.8
1370580 2158.8
1370590 2156.7
1370600 2155.3
1370610 2155.3
1370620 2154.1
1370630 2152.5
1370640 2152.5
1370650 2150.6
1370660 2153.5
1370670 2155.4
1370680 2155.4
1370690 2157.1
1370700 2157.7
1370710 2157.7
1370720 2165.2
1370730 2165.8
1370740 2165.8
1370750 2165.7
1370760 2165.8
1370770 2165.8
1370780 2165.0
1370790 2163.3
1370800 2163.3
1370810 2160.8
1370820 2155.9
1370830 2155.9
1370840 2153.0
1370850 2158.4
1370860 2163.2
1370870 2163.2
1370880 2159.9
1370890 2164.9
1370900 2164.9
1370910 2172.1
1370920 2180.2
1370930 2180.2
1370940 2190.5
1370950 2198.2
1370960 2198.2
1370970 2206.3
1370980 2214.7
1370990 2214.7
1371000 2222.7
1371010 2229.2
1371020 2229.2
1371030 2236.3
1371040 2244.4
1371050 2244.4
1371060 2253.9
1371070 2262.2
1371080 2268.0
1371090 2268.0
1371100 2273.4
1371110 2277.5
1371120 2277.5
1371130 2282.1
1371140 2286.8
1371150 2286.8
1371160 2290.4
1371170 2291.9
1371180 2291.9
1371190 2293.7
1371200 2297.2
1371210 2297.2
1371220 2301.7
1371230 2306.9
1371240 2306.9
1371250 2313.2
1371260 2319.2
1371270 2324.6
1371280 2324.6
1371290 2329.5
1371300 2334.7
1371310 2334.7
1371320 2340.5
1371330 2346.8
1371340 2346.8
1371350 2353.2
1371360 2359.6
1371370 2359.6
1371380 2365.6
1371390 2371.7
1371400 2371.7
1371410 2378.2
1371420 2385.6
1371430 2385.6
1371440 2393.7
1371450 2401.6
1371460 2401.6
1371470 2408.8
1371480 2415.3
1371490 2422.0
1371500 2422.0
1371510 2428.1
1371520 2434.2
1371530 2434.2
1371540 2440.8
1371550 2447.0
1371560 2447.0
1371570 2451.3
1371580 2453.9
1371590 2453.9
1371600 2454.6
1371610 2454.1
1371620 2454.1
1371630 2451.9
1371640 2449.5
1371650 2449.5
1371660 2445.2
1371670 2441.5
1371680 2439.6
1371690 2439.6
1371700 2435.7
1371710 2429.9
1371720 2429.9
1371730 2428.0
1371740 2428.0
1371750 2428.0
1371760 2424.6
1371770 2421.9
1371780 2421.9
1371790 2419.6
1371800 2415.8
1371810 2415.8
1371820 2413.2
1371830 2410.5
1371840 2419.4
1371850 2416.0
1371860 2417.6
1371870 2417.6
1371880 2415.6
1371890 2413.3
1371900 2410.1
1371910 2410.1
1371920 2412.6
1371930 2413.9
1371940 2413.9
1371950 2415.3
1371960 2416.2
1371970 2416.2
1371980 2416.8
1371990 2416.0
1372000 2416.0
1372010 2414.8
1372020 2413.8
1372030 2413.8
1372040 2412.2
1372050 2411.0
1372060 2411.0
1372070 2407.6
1372080 2401.4
1372090 2393.2
1372100 2393.2
1372110 2384.2
1372120 2375.9
1372130 2375.9
1372140 2368.4
1372150 2358.4
1372160 2358.4
1372170 2349.8
1372180 2340.4
1372190 2340.4
1372200 2328.6
1372210 2319.8
1372220 2319.8
1372230 2313.1
1372240 2306.3
1372250 2306.3
1372260 2299.1
1372270 2291.8
1372280 2284.7
1372290 2284.7
1372300 2277.4
1372310 2270.2
1372320 2270.2
1372330 2262.3
1372340 2254.6
1372350 2254.6
1372360 2245.9
1372370 2237.0
1372380 2237.0
1372390 2228.5
1372400 2221.5
1372410 2221.5
1372420 2214.9
1372430 2209.3
1372440 2209.3
1372450 2204.2
1372460 2199.1
1372470 2199.1
1372480 2193.6
1372490 2187.8
1372500 2181.8
1372510 2181.8
1372520 2175.6
1372530 2168.1
1372540 2168.1
1372550 2160.2
1372560 2152.0
1372570 2152.0
1372580 2144.1
1372590 2137.2
1372600 2137.2
1372610 2132.2
1372620 2127.4
1372630 2127.4
1372640 2121.6
1372650 2115.4
1372660 2115.4
1372670 2109.3
1372680 2102.3
1372690 2097.3
1372700 2097.3
1372710 2092.3
1372720 2086.1
1372730 2086.1
1372740 2080.6
1372750 2076.5
1372760 2076.5
1372770 2071.7
1372780 2065.2
1372790 2065.2
1372800 2061.8
1372810 2057.0
1372820 2057.0
1372830 2052.2
1372840 2047.5
1372850 2047.5
1372860 2041.6
1372870 2035.5
1372880 2035.5
1372890 2029.2
1372900 2022.2
1372910 2012.5
1372920 2012.5
1372930 2001.5
1372940 1991.0
1372950 1991.0
1372960 1983.9
1372970 1979.1
1372980 1979.1
1372990 1977.0
1373000 1979.2
1373010 1979.2
1373020 1979.3
1373030 1973.8
1373040 1973.8
1373050 1967.5
1373060 1961.2
1373070 1961.2
1373080 1955.5
1373090 1949.7
1373100 1943.0
1373110 1943.0
1373120 1936.2
1373130 1931.1
1373140 1931.1
1373150 1926.9
1373160 1922.0
1373170 1922.0
1373180 1915.8
1373190 1908.7
1373200 1908.7
1373210 1901.8
1373220 1894.6
1373230 1894.6
1373240 1886.7
1373250 1880.1
1373260 1880.1
1373270 1874.7
1373280 1868.7
1373290 1868.7
1373300 1862.9
1373310 1856.4
1373320 1849.5
1373330 1849.5
1373340 1843.3
1373350 1838.4
1373360 1838.4
1373370 1832.8
1373380 1827.5
1373390 1827.5
1373400 1822.3
1373410 1815.2
1373420 1815.2
1373430 1808.4
1373440 1801.9
1373450 1801.9
1373460 1793.0
1373470 1778.8
1373480 1778.8
1373490 1767.2
1373500 1774.0
1373510 1782.6
1373520 1782.6
1373530 1790.0
1373540 1800.7
1373550 1800.7
1373560 1816.1
1373570 1827.2
1373580 1827.2
1373590 1835.4
1373600 1841.4
1373610 1841.4
1373620 1845.8
1373630 1846.7
1373640 1846.7
1373650 1848.9
1373660 1854.9
1373670 1854.9
1373680 1864.3
1373690 1872.6
1373700 1872.6
1373710 1876.0
1373720 1880.8
1373730 1885.8
1373740 1885.8
1373750 1891.4
1373760 1896.0
1373770 1896.0
1373780 1900.7
1373790 1907.9
1373800 1907.9
1373810 1915.8
1373820 1923.1
1373830 1923.1
1373840 1928.4
1373850 1934.1
1373860 1934.1
1373870 1940.9
1373880 1948.9
1373890 1948.9
1373900 1956.9
1373910 1964.9
1373920 1971.7
1373930 1971.7
1373940 1977.6
1373950 1983.4
1373960 1983.4
1373970 1990.0
1373980 1996.6
1373990 1996.6
1374000 2001.9
1374010 2005.7
1374020 2005.7
1374030 2007.5
1374040 2010.1
1374050 2010.1
1374060 2013.9
1374070 2019.1
1374080 2019.1
1374090 2024.5
1374100 2039.1
1374110 2039.1
1374120 2044.4
1374130 2051.9
1374140 2061.8
1374150 2061.8
1374160 2068.5
1374170 2069.0
1374180 2069.0
1374190 2072.6
1374200 2077.5
1374210 2077.5
1374220 2082.1
1374230 2087.0
1374240 2087.0
1374250 2092.8
1374260 2099.2
1374270 2099.2
1374280 2104.8
1374290 2110.5
1374300 2110.5
1374310 2117.8
1374320 2123.8
1374330 2129.2
1374340 2129.2
1374350 2134.5
1374360 2139.7
1374370 2139.7
1374380 2145.7
1374390 2151.9
1374400 2151.9
1374410 2160.0
1374420 2167.8
1374430 2167.8
1374440 2176.0
1374450 2183.4
1374460 2183.4
1374470 2189.9
1374480 2195.6
1374490 2195.6
1374500 2201.4
1374510 2207.4
1374520 2207.4
1374530 2214.0
1374540 2220.6
1374550 2227.2
1374560 2227.2
1374570 2234.2
1374580 2241.1
1374590 2241.1
1374600 2247.7
1374610 2254.2
1374620 2254.2
1374630 2261.0
1374640 2267.9
1374650 2267.9
1374660 2273.9
1374670 2279.7
1374680 2279.7
1374690 2285.0
1374700 2289.9
1374710 2289.9
1374720 2294.7
1374730 2299.9
1374740 2305.2
1374750 2305.2
1374760 2310.1
1374770 2315.4
1374780 2315.4
1374790 2321.2
1374800 2327.1
1374810 2327.1
1374820 2333.3
1374830 2339.5
1374840 2339.5
1374850 2345.0
1374860 2350.0
1374870 2350.0
1374880 2355.5
1374890 2361.1
1374900 2361.1
1374910 2365.8
1374920 2370.0
1374930 2370.0
1374940 2374.2
1374950 2377.8
1374960 2380.9
1374970 2380.9
1374980 2383.0
1374990 2383.7
1375000 2383.7
1375010 2383.2
1375020 2381.8
1375030 2381.8
1375040 2380.2
1375050 2377.5
1375060 2377.5
1375070 2371.9
1375080 2365.0
1375090 2365.0
1375100 2357.6
1375110 2349.7
1375120 2349.7
1375130 2342.6
1375140 2336.4
1375150 2330.4
1375160 2330.4
1375170 2325.0
1375180 2320.2
1375190 2320.2
1375200 2316.4
1375210 2311.7
1375220 2311.7
1375230 2306.0
1375240 2300.9
1375250 2304.6
1375260 2298.4
1375270 2292.8
1375280 2292.8
1375290 2287.8
1375300 2282.3
1375310 2282.3
1375320 2276.3
1375330 2270.7
1375340 2270.7
1375350 2264.5
1375360 2258.2
1375370 2253.5
1375380 2253.5
1375390 2248.4
1375400 2242.7
1375410 2242.7
1375420 2235.8
1375430 2228.0
1375440 2228.0
1375450 2221.1
1375460 2214.3
1375470 2214.3
1375480 2207.7
1375490 2201.7
1375500 2201.7
1375510 2195.8
1375520 2189.1
1375530 2189.1
1375540 2182.7
1375550 2174.7
1375560 2165.8
1375570 2165.8
1375580 2158.6
1375590 2150.7
1375600 2150.7
1375610 2142.2
1375620 2134.4
1375630 2134.4
1375640 2127.0
1375650 2119.3
1375660 2119.3
1375670 2113.3
1375680 2107.2
1375690 2107.2
1375700 2098.1
1375710 2091.1
1375720 2091.1
1375730 2087.1
1375740 2083.2
1375750 2083.2
1375760 2076.6
1375770 2070.7
1375780 2063.8
1375790 2063.8
1375800 2056.4
1375810 2050.4
1375820 2050.4
1375830 2044.7
1375840 2039.4
1375850 2039.4
1375860 2034.4
1375870 2028.5
1375880 2028.5
1375890 2020.0
1375900 2012.8
1375910 2012.8
1375920 2005.9
1375930 2001.0
1375940 2001.0
1375950 1995.5
1375960 1988.8
1375970 1982.6
1375980 1982.6
1375990 1974.9
1376000 1966.5
1376010 1966.5
1376020 1958.5
1376030 1950.5
1376040 1950.5
1376050 1942.8
1376060 1936.3
1376070 1936.3
1376080 1930.1
1376090 1924.1
1376100 1924.1
1376110 1918.1
1376120 1912.3
1376130 1912.3
1376140 1907.3
1376150 1902.5
1376160 1902.5
1376170 1897.6
1376180 1892.5
1376190 1888.0
1376200 1888.0
1376210 1883.2
1376220 1878.4
1376230 1878.4
1376240 1875.1
1376250 1870.7
1376260 1870.7
1376270 1866.3
1376280 1863.9
1376290 1863.9
1376300 1863.7
1376310 1861.5
1376320 1861.5
1376330 1857.0
1376340 1849.4
1376350 1849.4
1376360 1841.0
1376370 1834.2
1376380 1827.2
1376390 1827.2
1376400 1820.5
1376410 1823.4
1376420 1823.4
1376430 1820.2
1376440 1815.8
1376450 1815.8
1376460 1811.2
1376470 1807.0
1376480 1807.0
1376490 1802.7
1376500 1795.7
1376510 1795.7
1376520 1794.1
1376530 1795.9
1376540 1795.9
1376550 1799.7
1376560 1804.3
1376570 1804.3
1376580 1809.3
1376590 1815.4
1376600 1820.6
1376610 1820.6
1376620 1826.3
1376630 1833.7
1376640 1833.7
1376650 1841.2
1376660 1847.5
1376670 1847.5
1376680 1852.2
1376690 1857.8
1376700 1857.8
1376710 1863.4
1376720 1868.4
1376730 1868.4
1376740 1874.5
1376750 1881.6
1376760 1881.6
1376770 1889.3
1376780 1889.4
1376790 1888.2
1376800 1888.2
1376810 1890.0
1376820 1893.7
1376830 1893.7
1376840 1897.6
1376850 1903.1
1376860 1903.1
1376870 1909.9
1376880 1917.2
1376890 1917.2
1376900 1925.5
1376910 1934.4
1376920 1934.4
1376930 1942.4
1376940 1949.4
1376950 1949.4
1376960 1957.3
1376970 1966.5
1376980 1966.5
1376990 1975.8
1377000 1983.5
1377010 1989.6
1377020 1989.6
1377030 1996.0
1377040 2003.5
1377050 2003.5
1377060 2010.4
1377070 2016.0
1377080 2016.0
1377090 2021.5
1377100 2027.0
1377110 2027.0
1377120 2034.9
1377130 2044.3
1377140 2044.3
1377150 2054.2
1377160 2062.3
1377170 2062.3
1377180 2068.9
1377190 2074.7
1377200 2080.3
1377210 2080.3
1377220 2085.1
1377230 2089.7
1377240 2089.7
1377250 2094.8
1377260 2100.8
1377270 2100.8
1377280 2106.1
1377290 2110.9
1377300 2110.9
1377310 2115.7
1377320 2120.6
1377330 2120.6
1377340 2126.2
1377350 2132.3
1377360 2132.3
1377370 2138.1
1377380 2144.5
1377390 2144.5
1377400 2150.9
1377410 2156.1
1377420 2162.0
1377430 2162.0
1377440 2168.8
1377450 2175.7
1377460 2175.7
1377470 2182.0
1377480 2187.6
1377490 2187.6
1377500 2193.9
1377510 2200.0
1377520 2200.0
1377530 2205.1
1377540 2209.8
1377550 2209.8
1377560 2214.5
1377570 2218.8
1377580 2218.8
1377590 2228.7
1377600 2234.2
1377610 2240.0
1377620 2240.0
1377630 2246.0
1377640 2251.3
1377650 2251.3
1377660 2253.7
1377670 2255.2
1377680 2255.2
1377690 2257.0
1377700 2258.6
1377710 2258.6
1377720 2260.8
1377730 2263.2
1377740 2263.2
1377750 2265.8
1377760 2268.7
1377770 2268.7
1377780 2271.5
1377790 2274.2
1377800 2274.2
1377810 2277.3
1377820 2281.3
1377830 2285.8
1377840 2285.8
1377850 2290.4
1377860 2294.9
1377870 2294.9
1377880 2299.4
1377890 2303.4
1377900 2303.4
1377910 2307.4
1377920 2311.7
1377930 2311.7
1377940 2316.1
1377950 2319.7
1377960 2319.7
1377970 2322.7
1377980 2325.6
1377990 2325.6
1378000 2328.4
1378010 2331.1
1378020 2333.5
1378030 2333.5
1378040 2334.9
1378050 2335.8
1378060 2335.8
1378070 2336.3
1378080 2336.2
1378090 2336.2
1378100 2334.3
1378110 2330.6
1378120 2330.6
1378130 2325.8
1378140 2323.6
1378150 2323.6
1378160 2324.0
1378170 2321.3
1378180 2321.3
1378190 2318.5
1378200 2314.9
1378210 2314.9
1378220 2313.3
1378230 2311.6
1378240 2311.8
1378250 2311.8
1378260 2312.7
1378270 2314.8
1378280 2314.8
1378290 2317.3
1378300 2318.9
1378310 2318.9
1378320 2318.3
1378330 2318.8
1378340 2318.8
1378350 2319.6
1378360 2319.7
1378370 2319.7
1378380 2319.4
1378390 2320.3
1378400 2320.3
1378410 2320.2
1378420 2318.8
1378430 2319.2
1378440 2319.2
1378450 2323.5
1378460 2324.4
1378470 2324.4
1378480 2324.4
1378490 2324.5
1378500 2324.5
1378510 2325.6
1378520 2324.4
1378530 2324.4
1378540 2322.7
1378550 2319.4
1378560 2319.4
1378570 2317.0
1378580 2314.2
1378590 2314.2
1378600 2310.9
1378610 2307.9
1378620 2307.9
1378630 2305.0
1378640 2301.2
1378650 2298.3
1378660 2298.3
1378670 2296.4
1378680 2294.7
1378690 2294.7
1378700 2292.9
1378710 2290.7
1378720 2290.7
1378730 2287.7
1378740 2285.1
1378750 2285.1
1378760 2282.3
1378770 2278.9
1378780 2286.0
1378790 2282.3
1378800 2277.7
1378810 2277.7
1378820 2273.0
1378830 2269.2
1378840 2264.3
1378850 2264.3
1378860 2261.0
1378870 2259.1
1378880 2259.1
1378890 2257.7
1378900 2255.7
1378910 2255.7
1378920 2250.9
1378930 2244.8
1378940 2244.8
1378950 2240.0
1378960 2236.7
1378970 2236.7
1378980 2234.0
1378990 2231.8
1379000 2231.8
1379010 2229.8
1379020 2229.5
1379030 2229.5
1379040 2228.6
1379050 2227.2
1379060 2225.4
1379070 2225.4
1379080 2222.3
1379090 2216.5
1379100 2216.5
1379110 2212.4
1379120 2208.6
1379130 2208.6
1379140 2204.2
1379150 2198.8
1379160 2198.8
1379170 2193.0
1379180 2188.4
1379190 2188.4
1379200 2184.3
1379210 2180.2
1379220 2180.2
1379230 2173.2
1379240 2166.3
1379250 2162.9
1379260 2162.9
1379270 2163.4
1379280 2161.9
1379290 2161.9
1379300 2158.2
1379310 2153.4
1379320 2153.4
1379330 2147.3
1379340 2141.9
1379350 2141.9
1379360 2137.4
1379370 2131.2
1379380 2131.2
1379390 2123.9
1379400 2116.3
1379410 2116.3
1379420 2108.4
1379430 2102.9
1379440 2102.9
1379450 2099.5
1379460 2096.7
1379470 2095.0
1379480 2095.0
1379490 2093.7
1379500 2091.8
1379510 2091.8
1379520 2088.6
1379530 2084.4
1379540 2084.4
1379550 2078.5
1379560 2070.8
1379570 2070.8
1379580 2061.6
1379590 2052.6
1379600 2052.6
1379610 2045.4
1379620 2039.6
1379630 2039.6
1379640 2034.5
1379650 2028.7
1379660 2017.3
1379670 2017.3
1379680 2007.0
1379690 1996.9
1379700 1996.9
1379710 1986.7
1379720 1979.5
1379730 1979.5
1379740 1972.4
1379750 1965.1
1379760 1965.1
1379770 1957.8
1379780 1950.5
1379790 1950.5
1379800 1943.1
1379810 1938.5
1379820 1938.5
1379830 1933.8
1379840 1928.5
1379850 1928.5
1379860 1923.3
1379870 1917.9
1379880 1913.0
1379890 1913.0
1379900 1908.0
1379910 1902.0
1379920 1902.0
1379930 1895.9
1379940 1890.1
1379950 1890.1
1379960 1884.0
1379970 1877.9
1379980 1880.4
1379990 1874.5
