1360000 3041.3
1360010 3036.2
1360020 3030.3
1360030 3030.3
1360040 3025.8
1360050 3022.0
1360060 3022.0
1360070 3017.2
1360080 3011.5
1360090 3011.5
1360100 3006.8
1360110 3002.4
1360120 3002.4
1360130 2997.6
1360140 2993.1
1360150 2987.4
1360160 2987.4
1360170 2980.5
1360180 2974.9
1360190 2974.9
1360200 2970.0
1360210 2964.2
1360220 2964.2
1360230 2957.0
1360240 2951.0
1360250 2951.0
1360260 2945.8
1360270 2940.9
1360280 2940.9
1360290 2936.4
1360300 2931.0
1360310 2931.0
1360320 2924.4
1360330 2918.6
1360340 2918.6
1360350 2913.7
1360360 2908.6
1360370 2901.8
1360380 2901.8
1360390 2894.6
1360400 2886.7
1360410 2886.7
1360420 2880.5
1360430 2875.0
1360440 2875.0
1360450 2870.1
1360460 2865.2
1360470 2865.2
1360480 2860.8
1360490 2857.0
1360500 2857.0
1360510 2853.2
1360520 2849.3
1360530 2849.3
1360540 2845.1
1360550 2839.6
1360560 2834.8
1360570 2834.8
1360580 2829.6
1360590 2824.3
1360600 2824.2
1360610 2818.4
1360620 2812.5
1360630 2812.5
1360640 2806.7
1360650 2801.0
1360660 2801.0
1360670 2795.5
1360680 2789.8
1360690 2789.8
1360700 2784.2
1360710 2779.7
1360720 2779.7
1360730 2775.5
1360740 2771.4
1360750 2771.4
1360760 2766.7
1360770 2760.8
1360780 2754.7
1360790 2754.7
1360800 2749.4
1360810 2745.0
1360820 2745.0
1360830 2740.5
1360840 2735.3
1360850 2735.3
1360860 2730.2
1360870 2725.9
1360880 2725.9
1360890 2723.1
1360900 2719.8
1360910 2719.8
1360920 2713.3
1360930 2704.9
1360940 2704.9
1360950 2696.5
1360960 2691.0
1360970 2691.0
1360980 2687.7
1360990 2683.1
1361000 2677.8
1361010 2677.8
1361020 2673.0
1361030 2669.4
1361040 2669.4
1361050 2665.8
1361060 2661.3
1361070 2661.3
1361080 2656.7
1361090 2651.9
1361100 2651.9
1361110 2647.6
1361120 2643.8
1361130 2643.8
1361140 2640.1
1361150 2636.8
1361160 2636.8
1361170 2633.8
1361180 2630.9
1361190 2628.1
1361200 2628.1
1361210 2625.6
1361220 2623.4
1361230 2623.4
1361240 2621.2
1361250 2619.1
1361260 2619.1
1361270 2616.7
1361280 2614.5
1361290 2614.5
1361300 2613.1
1361310 2611.8
1361320 2611.8
1361330 2610.5
1361340 2609.3
1361350 2609.3
1361360 2608.1
1361370 2606.4
1361380 2606.4
1361390 2604.8
1361400 2603.2
1361410 2601.4
1361420 2601.4
1361430 2598.9
1361440 2596.7
1361450 2596.7
1361460 2593.7
1361470 2590.5
1361480 2590.5
1361490 2586.5
1361500 2581.9
1361510 2581.9
1361520 2578.5
1361530 2575.6
1361540 2575.6
1361550 2572.4
1361560 2570.4
1361570 2570.4
1361580 2567.3
1361590 2564.8
1361600 2561.4
1361610 2561.4
1361620 2561.9
1361630 2558.9
1361640 2558.9
1361650 2555.7
1361660 2551.5
1361670 2551.5
1361680 2547.1
1361690 2544.6
1361700 2544.6
1361710 2542.3
1361720 2540.7
1361730 2540.7
1361740 2536.4
1361750 2533.7
1361760 2533.7
1361770 2531.3
1361780 2527.4
1361790 2527.4
1361800 2523.2
1361810 2522.4
1361820 2520.4
1361830 2520.4
1361840 2515.8
1361850 2511.5
1361860 2511.5
1361870 2507.4
1361880 2502.6
1361890 2502.6
1361900 2498.4
1361910 2492.9
1361920 2492.9
1361930 2486.1
1361940 2478.8
1361950 2478.8
1361960 2473.9
1361970 2469.4
1361980 2469.4
1361990 2463.3
1362000 2458.5
1362010 2453.6
1362020 2453.6
1362030 2449.1
1362040 2448.3
1362050 2448.3
1362060 2447.5
1362070 2440.9
1362080 2440.9
1362090 2437.5
1362100 2434.0
1362110 2434.0
1362120 2426.5
1362130 2419.6
1362140 2419.6
1362150 2413.6
1362160 2408.8
1362170 2408.8
1362180 2404.5
1362190 2400.4
1362200 2400.4
1362210 2394.7
1362220 2389.5
1362230 2384.3
1362240 2384.3
1362250 2381.5
1362260 2378.7
1362270 2378.7
1362280 2374.3
1362290 2368.6
1362300 2368.6
1362310 2363.5
1362320 2358.1
1362330 2358.1
1362340 2351.2
1362350 2344.2
1362360 2344.2
1362370 2337.1
1362380 2329.3
1362390 2329.3
1362400 2319.4
1362410 2311.1
1362420 2311.1
1362430 2301.4
1362440 2291.7
1362450 2283.3
1362460 2283.3
1362470 2273.4
1362480 2262.8
1362490 2262.8
1362500 2257.4
1362510 2251.3
1362520 2251.3
1362530 2244.6
1362540 2241.8
1362550 2241.8
1362560 2235.0
1362570 2229.0
1362580 2229.0
1362590 2225.6
1362600 2218.1
1362610 2218.1
1362620 2211.9
1362630 2206.6
1362640 2200.0
1362650 2200.0
1362660 2199.0
1362670 2196.7
1362680 2196.7
1362690 2194.0
1362700 2189.6
1362710 2189.6
1362720 2185.1
1362730 2182.3
1362740 2182.3
1362750 2177.8
1362760 2172.2
1362770 2172.2
1362780 2167.6
1362790 2165.5
1362800 2165.5
1362810 2163.3
1362820 2158.7
1362830 2158.7
1362840 2150.7
1362850 2141.6
1362860 2133.3
1362870 2133.3
1362880 2127.6
1362890 2124.0
1362900 2124.0
1362910 2120.2
1362920 2114.5
1362930 2114.5
1362940 2109.1
1362950 2105.0
1362960 2105.0
1362970 2101.3
1362980 2097.4
1362990 2097.4
1363000 2093.3
1363010 2089.6
1363020 2089.6
1363030 2085.3
1363040 2080.0
1363050 2073.5
1363060 2073.5
1363070 2066.5
1363080 2059.7
1363090 2059.7
1363100 2053.6
1363110 2049.6
1363120 2049.6
1363130 2047.7
1363140 2045.6
1363150 2045.6
1363160 2044.0
1363170 2043.5
1363180 2043.5
1363190 2042.2
1363200 2040.6
1363210 2040.6
1363220 2038.1
1363230 2037.0
1363240 2037.0
1363250 2037.1
1363260 2034.0
1363270 2031.3
1363280 2031.3
1363290 2028.7
1363300 2027.4
1363310 2027.4
1363320 2022.0
1363330 2017.2
1363340 2017.2
1363350 2016.6
1363360 2021.6
1363370 2021.6
1363380 2025.9
1363390 2029.7
1363400 2029.7
1363410 2033.6
1363420 2039.9
1363430 2039.9
1363440 2044.2
1363450 2045.0
1363460 2048.4
1363470 2048.4
1363480 2053.3
1363490 2056.8
1363500 2056.8
1363510 2062.4
1363520 2066.7
1363530 2066.7
1363540 2070.8
1363550 2075.7
1363560 2075.7
1363570 2082.4
1363580 2089.7
1363590 2089.7
1363600 2098.4
1363610 2107.3
1363620 2107.3
1363630 2111.3
1363640 2115.1
1363650 2115.1
1363660 2121.0
1363670 2127.2
1363680 2134.8
1363690 2134.8
1363700 2137.9
1363710 2141.5
1363720 2141.5
1363730 2147.4
1363740 2155.4
1363750 2155.4
1363760 2162.6
1363770 2170.1
1363780 2170.1
1363790 2180.5
1363800 2192.4
1363810 2192.4
1363820 2201.1
1363830 2206.4
1363840 2206.4
1363850 2210.3
1363860 2219.0
1363870 2219.0
1363880 2228.8
1363890 2236.4
1363900 2244.8
1363910 2244.8
1363920 2252.9
1363930 2258.3
1363940 2258.3
1363950 2263.6
1363960 2269.5
1363970 2269.5
1363980 2272.7
1363990 2275.6
1364000 2275.6
1364010 2278.6
1364020 2281.2
1364030 2281.2
1364040 2281.8
1364050 2282.3
1364060 2282.3
1364070 2284.6
1364080 2286.9
1364090 2288.1
1364100 2288.1
1364110 2289.6
1364120 2288.0
1364130 2288.0
1364140 2284.8
1364150 2286.7
1364160 2286.7
1364170 2290.1
1364180 2290.3
1364190 2290.3
1364200 2291.3
1364210 2293.0
1364220 2293.0
1364230 2294.0
1364240 2294.8
1364250 2294.8
1364260 2294.1
1364270 2290.8
1364280 2290.8
1364290 2282.5
1364300 2276.2
1364310 2278.6
1364320 2278.6
1364330 2283.7
1364340 2290.7
1364350 2290.7
1364360 2298.0
1364370 2305.2
1364380 2305.2
1364390 2309.5
1364400 2312.8
1364410 2312.8
1364420 2317.1
1364430 2321.6
1364440 2321.6
1364450 2328.6
1364460 2334.2
1364470 2334.2
1364480 2334.2
1364490 2331.5
1364500 2335.3
1364510 2335.3
1364520 2341.9
1364530 2349.1
1364540 2349.1
1364550 2357.7
1364560 2365.4
1364570 2365.4
1364580 2371.7
1364590 2378.9
1364600 2378.9
1364610 2386.3
1364620 2389.5
1364630 2389.5
1364640 2390.6
1364650 2393.5
1364660 2393.5
1364670 2398.3
1364680 2402.5
1364690 2402.5
1364700 2405.4
1364710 2406.1
1364720 2409.2
1364730 2409.2
1364740 2412.7
1364750 2407.7
1364760 2407.7
1364770 2411.0
1364780 2414.4
1364790 2414.4
1364800 2417.5
1364810 2419.1
1364820 2419.1
1364830 2419.6
1364840 2420.2
1364850 2420.2
1364860 2421.9
1364870 2423.0
1364880 2423.0
1364890 2422.4
1364900 2422.8
1364910 2423.3
1364920 2423.3
1364930 2423.9
1364940 2424.6
1364950 2424.6
1364960 2424.3
1364970 2423.9
1364980 2423.9
1364990 2423.9
1365000 2423.4
1365010 2423.4
1365020 2424.4
1365030 2425.9
1365040 2425.9
1365050 2426.6
1365060 2426.1
1365070 2426.1
1365080 2427.6
1365090 2428.9
1365100 2428.9
1365110 2430.5
1365120 2432.4
1365130 2434.2
1365140 2434.2
1365150 2436.7
1365160 2438.8
1365170 2438.8
1365180 2440.0
1365190 2440.6
1365200 2440.6
1365210 2441.4
1365220 2442.5
1365230 2442.5
1365240 2440.9
1365250 2439.8
1365260 2439.8
1365270 2442.7
1365280 2445.5
1365290 2445.5
1365300 2446.3
1365310 2446.3
1365320 2446.3
1365330 2446.9
1365340 2448.4
1365350 2449.4
1365360 2449.4
1365370 2450.3
1365380 2451.0
1365390 2451.0
1365400 2452.4
1365410 2453.9
1365420 2453.9
1365430 2454.6
1365440 2454.9
1365450 2454.9
1365460 2454.7
1365470 2453.7
1365480 2453.7
1365490 2452.1
1365500 2449.6
1365510 2449.6
1365520 2446.8
1365530 2444.5
1365540 2440.1
1365550 2440.1
1365560 2435.7
1365570 2432.1
1365580 2432.1
1365590 2425.7
1365600 2414.2
1365610 2414.2
1365620 2406.7
1365630 2411.4
1365640 2411.4
1365650 2414.3
1365660 2411.0
1365670 2411.0
1365680 2395.4
1365690 2376.5
1365700 2376.5
1365710 2362.2
1365720 2353.2
1365730 2353.2
1365740 2346.6
1365750 2340.7
1365760 2335.3
1365770 2335.3
1365780 2332.5
1365790 2327.3
1365800 2327.3
1365810 2320.8
1365820 2307.0
1365830 2307.0
1365840 2302.1
1365850 2305.6
1365860 2305.6
1365870 2312.2
1365880 2317.5
1365890 2317.5
1365900 2323.2
1365910 2326.9
1365920 2326.9
1365930 2331.8
1365940 2337.4
1365950 2342.9
1365960 2342.9
1365970 2348.1
1365980 2352.3
1365990 2352.3
1366000 2354.7
1366010 2353.5
1366020 2353.5
1366030 2355.9
1366040 2360.5
1366050 2360.5
1366060 2364.6
1366070 2368.5
1366080 2368.5
1366090 2371.2
1366100 2373.8
1366110 2373.8
1366120 2376.6
1366130 2380.3
1366140 2380.3
1366150 2383.9
1366160 2384.1
1366170 2381.9
1366180 2381.9
1366190 2380.2
1366200 2380.8
1366210 2380.8
1366220 2382.1
1366230 2383.0
1366240 2383.0
1366250 2384.5
1366260 2386.6
1366270 2386.6
1366280 2388.7
1366290 2389.8
1366300 2389.8
1366310 2390.2
1366320 2389.9
1366330 2389.9
1366340 2387.3
1366350 2382.9
1366360 2379.6
1366370 2379.6
1366380 2375.2
1366390 2371.6
1366400 2371.6
1366410 2371.7
1366420 2372.4
1366430 2372.4
1366440 2373.1
1366450 2373.8
1366460 2373.8
1366470 2374.8
1366480 2376.2
1366490 2376.2
1366500 2377.3
1366510 2378.2
1366520 2378.2
1366530 2379.8
1366540 2381.5
1366550 2381.5
1366560 2382.1
1366570 2381.8
1366580 2382.2
1366590 2382.2
1366600 2383.3
1366610 2383.1
1366620 2383.1
1366630 2382.1
1366640 2380.6
1366650 2380.6
1366660 2379.3
1366670 2377.9
1366680 2377.9
1366690 2375.7
1366700 2374.6
1366710 2374.6
1366720 2374.6
1366730 2374.5
1366740 2374.5
1366750 2373.9
1366760 2374.3
1366770 2374.3
1366780 2373.0
1366790 2370.6
1366800 2366.2
1366810 2366.2
1366820 2359.3
1366830 2348.4
1366840 2348.4
1366850 2332.6
1366860 2322.5
1366870 2322.5
1366880 2314.6
1366890 2303.2
1366900 2303.2
1366910 2299.5
1366920 2296.5
1366930 2296.5
1366940 2293.3
1366950 2290.6
1366960 2290.6
1366970 2288.6
1366980 2286.5
1366990 2285.9
1367000 2285.9
1367010 2276.8
1367020 2258.9
1367030 2258.9
1367040 2255.9
1367050 2255.5
1367060 2255.5
1367070 2251.4
1367080 2249.2
1367090 2249.2
1367100 2246.3
1367110 2242.8
1367120 2242.8
1367130 2240.2
1367140 2237.9
1367150 2237.9
1367160 2234.5
1367170 2233.7
1367180 2233.7
1367190 2231.5
1367200 2229.1
1367210 2224.8
1367220 2224.8
1367230 2219.3
1367240 2214.6
1367250 2214.6
1367260 2210.8
1367270 2205.8
1367280 2205.8
1367290 2200.5
1367300 2195.5
1367310 2195.5
1367320 2191.1
1367330 2186.7
1367340 2186.7
1367350 2184.5
1367360 2182.3
1367370 2182.3
1367380 2179.0
1367390 2175.5
1367400 2170.6
1367410 2170.6
1367420 2165.5
1367430 2161.2
1367440 2161.2
1367450 2157.6
1367460 2153.2
1367470 2153.2
1367480 2148.1
1367490 2142.8
1367500 2142.8
1367510 2136.8
1367520 2132.0
1367530 2132.0
1367540 2129.3
1367550 2127.0
1367560 2127.0
1367570 2125.5
1367580 2123.8
1367590 2123.8
1367600 2121.9
1367610 2121.1
1367620 2119.4
1367630 2119.4
1367640 2116.8
1367650 2114.0
1367660 2114.0
1367670 2110.7
1367680 2104.4
1367690 2104.4
1367700 2098.8
1367710 2094.0
1367720 2094.0
1367730 2088.8
1367740 2083.6
1367750 2083.6
1367760 2080.4
1367770 2079.4
1367780 2079.4
1367790 2079.2
1367800 2076.0
1367810 2071.8
1367820 2071.8
1367830 2068.0
1367840 2063.2
1367850 2063.2
1367860 2061.5
1367870 2058.4
1367880 2058.4
1367890 2053.6
1367900 2043.3
1367910 2043.3
1367920 2045.1
1367930 2045.4
1367940 2045.4
1367950 2038.9
1367960 2043.1
1367970 2027.9
1367980 2029.5
1367990 2033.2
1368000 2033.2
1368010 2036.9
1368020 2040.0
1368030 2039.4
1368040 2039.4
1368050 2039.1
1368060 2042.4
1368070 2042.4
1368080 2053.5
1368090 2057.0
1368100 2057.0
1368110 2058.1
1368120 2058.5
1368130 2058.5
1368140 2058.9
1368150 2058.6
1368160 2058.6
1368170 2057.4
1368180 2056.5
1368190 2056.5
1368200 2055.3
1368210 2051.7
1368220 2051.7
1368230 2050.4
1368240 2056.2
1368250 2058.5
1368260 2058.5
1368270 2056.7
1368280 2054.1
1368290 2054.1
1368300 2053.3
1368310 2046.6
1368320 2046.6
1368330 2037.6
1368340 2033.7
1368350 2033.7
1368360 2031.1
1368370 2032.4
1368380 2032.4
1368390 2040.9
1368400 2048.9
1368410 2048.9
1368420 2058.2
1368430 2064.2
1368440 2066.4
1368450 2066.4
1368460 2071.3
1368470 2078.6
1368480 2078.6
1368490 2083.2
1368500 2085.2
1368510 2085.2
1368520 2087.2
1368530 2089.8
1368540 2089.8
1368550 2091.2
1368560 2090.8
1368570 2090.8
1368580 2086.0
1368590 2081.2
1368600 2081.2
1368610 2081.7
1368620 2081.9
1368630 2081.9
1368640 2082.2
1368650 2084.3
1368660 2086.5
1368670 2086.5
1368680 2095.7
1368690 2104.0
1368700 2104.0
1368710 2111.2
1368720 2119.6
1368730 2119.6
1368740 2130.2
1368750 2143.6
1368760 2143.6
1368770 2154.0
1368780 2161.8
1368790 2161.8
1368800 2169.6
1368810 2177.5
1368820 2177.5
1368830 2183.2
1368840 2188.4
1368850 2194.6
1368860 2194.6
1368870 2200.5
1368880 2206.3
1368890 2206.3
1368900 2208.8
1368910 2220.0
1368920 2220.0
1368930 2233.2
1368940 2236.4
1368950 2236.4
1368960 2241.6
1368970 2245.2
1368980 2245.2
1368990 2245.9
1369000 2248.7
1369010 2248.7
1369020 2250.4
1369030 2251.4
1369040 2251.4
1369050 2247.6
1369060 2220.4
1369070 2215.5
1369080 2215.5
1369090 2212.2
1369100 2207.4
1369110 2207.4
1369120 2205.3
1369130 2205.8
1369140 2205.8
1369150 2206.3
1369160 2207.1
1369170 2207.1
1369180 2207.0
1369190 2206.1
1369200 2206.1
1369210 2204.7
1369220 2202.8
1369230 2202.8
1369240 2201.9
1369250 2201.8
1369260 2201.9
1369270 2201.9
1369280 2202.8
1369290 2202.7
1369300 2202.7
1369310 2202.0
1369320 2201.0
1369330 2201.0
1369340 2200.0
1369350 2198.3
1369360 2198.3
1369370 2199.1
1369380 2200.9
1369390 2200.9
1369400 2202.0
1369410 2202.6
1369420 2202.6
1369430 2203.5
1369440 2203.5
1369450 2203.5
1369460 2201.5
1369470 2200.0
1369480 2199.7
1369490 2199.7
1369500 2198.9
1369510 2196.7
1369520 2196.7
1369530 2195.8
1369540 2194.1
1369550 2194.1
1369560 2192.2
1369570 2190.2
1369580 2190.2
1369590 2185.4
1369600 2184.2
1369610 2184.2
1369620 2191.6
1369630 2193.6
1369640 2193.6
1369650 2198.7
1369660 2203.5
1369670 2206.1
1369680 2206.1
1369690 2207.3
1369700 2207.3
1369710 2207.3
1369720 2210.4
1369730 2216.1
1369740 2216.1
1369750 2221.1
1369760 2223.7
1369770 2223.7
1369780 2224.3
1369790 2223.4
1369800 2223.4
1369810 2221.1
1369820 2217.2
1369830 2217.2
1369840 2214.2
1369850 2209.6
1369860 2209.6
1369870 2202.9
1369880 2194.8
1369890 2186.6
1369900 2186.6
1369910 2178.8
1369920 2171.4
1369930 2171.4
1369940 2163.1
1369950 2152.7
1369960 2152.7
1369970 2143.1
1369980 2133.2
1369990 2133.2
1370000 2125.4
1370010 2118.3
1370020 2118.3
1370030 2110.0
1370040 2096.8
1370050 2096.8
1370060 2087.4
1370070 2082.3
1370080 2082.3
1370090 2073.0
1370100 2064.9
1370110 2055.9
1370120 2055.9
1370130 2047.1
1370140 2040.5
1370150 2040.5
1370160 2035.5
1370170 2029.7
1370180 2029.7
1370190 2022.3
1370200 2014.6
1370210 2014.6
1370220 2008.2
1370230 2001.3
1370240 2001.3
1370250 1991.0
1370260 1977.1
1370270 1977.1
1370280 1958.0
1370290 1944.5
1370300 1935.8
1370310 1935.8
1370320 1929.9
1370330 1924.7
1370340 1924.7
1370350 1919.0
1370360 1912.8
1370370 1912.8
1370380 1898.8
1370390 1888.5
1370400 1888.5
1370410 1873.4
1370420 1851.7
1370430 1851.7
1370440 1837.4
1370450 1824.6
1370460 1824.6
1370470 1817.3
1370480 1810.4
1370490 1810.4
1370500 1803.5
1370510 1796.3
1370520 1789.4
1370530 1789.4
1370540 1781.6
1370550 1773.4
1370560 1773.4
1370570 1765.2
1370580 1754.8
1370590 1754.8
1370600 1735.6
1370610 1697.3
1370620 1697.3
1370630 1667.2
1370640 1639.0
1370650 1639.0
1370660 1624.2
1370670 1617.1
1370680 1617.1
1370690 1608.5
1370700 1600.3
1370710 1591.6
1370720 1591.6
1370730 1583.3
1370740 1575.0
1370750 1575.0
1370760 1567.2
1370770 1559.4
1370780 1559.4
1370790 1551.7
1370800 1544.5
1370810 1544.5
1370820 1537.5
1370830 1530.6
1370840 1530.6
1370850 1523.9
1370860 1517.3
1370870 1517.3
1370880 1510.9
1370890 1504.9
1370900 1504.9
1370910 1499.0
1370920 1493.1
1370930 1486.8
1370940 1486.8
1370950 1480.1
1370960 1473.3
1370970 1473.3
1370980 1465.8
1370990 1458.0
1371000 1458.0
1371010 1451.0
1371020 1444.8
1371030 1444.8
1371040 1440.7
1371050 1436.4
1371060 1436.4
1371070 1432.9
1371080 1428.5
1371090 1428.5
1371100 1424.8
1371110 1421.7
1371120 1418.6
1371130 1418.6
1371140 1416.5
1371150 1414.4
1371160 1414.4
1371170 1412.4
1371180 1410.5
1371190 1410.5
1371200 1409.0
1371210 1407.4
1371220 1407.4
1371230 1406.0
1371240 1404.9
1371250 1404.9
1371260 1404.3
1371270 1403.8
1371280 1403.7
1371290 1402.9
1371300 1401.7
1371310 1401.7
1371320 1401.2
1371330 1400.6
1371340 1400.2
1371350 1400.2
1371360 1399.8
1371370 1399.5
1371380 1399.5
1371390 1399.0
1371400 1397.9
1371410 1397.9
1371420 1396.8
1371430 1395.7
1371440 1395.7
1371450 1396.2
1371460 1397.3
1371470 1397.3
1371480 1397.8
1371490 1398.4
1371500 1398.4
1371510 1398.9
1371520 1399.3
1371530 1399.3
1371540 1399.3
1371550 1399.5
1371560 1399.7
1371570 1399.7
1371580 1399.8
1371590 1399.8
1371600 1399.8
1371610 1399.6
1371620 1399.4
1371630 1399.4
1371640 1399.5
1371650 1400.7
1371660 1400.7
1371670 1403.4
1371680 1405.9
1371690 1405.9
1371700 1408.6
1371710 1411.2
1371720 1411.2
1371730 1414.0
1371740 1417.0
1371750 1418.5
1371760 1418.5
1371770 1417.5
1371780 1416.2
1371790 1416.2
1371800 1413.9
1371810 1411.9
1371820 1411.9
1371830 1411.3
1371840 1411.4
1371850 1411.4
1371860 1412.1
1371870 1412.8
1371880 1412.8
1371890 1413.7
1371900 1413.7
1371910 1413.7
1371920 1412.6
1371930 1410.5
1371940 1410.5
1371950 1408.6
1371960 1406.9
1371970 1405.7
1371980 1405.7
1371990 1405.2
1372000 1405.0
1372010 1405.0
1372020 1405.0
1372030 1404.7
1372040 1404.7
1372050 1404.2
1372060 1403.2
1372070 1403.2
1372080 1402.0
1372090 1400.4
1372100 1400.4
1372110 1399.3
1372120 1399.0
1372130 1399.0
1372140 1399.5
1372150 1399.9
1372160 1400.7
1372170 1400.7
1372180 1402.2
1372190 1403.9
1372200 1403.9
1372210 1403.5
1372220 1402.1
1372230 1402.1
1372240 1400.4
1372250 1399.0
1372260 1399.0
1372270 1398.1
1372280 1398.3
1372290 1398.3
1372300 1398.6
1372310 1398.1
1372320 1398.1
1372330 1396.3
1372340 1395.1
1372350 1395.1
1372360 1394.6
1372370 1393.9
1372380 1392.6
1372390 1392.6
1372400 1389.3
1372410 1388.5
1372420 1388.5
1372430 1387.9
1372440 1387.0
1372450 1387.0
1372460 1385.2
1372470 1382.6
1372480 1382.6
1372490 1380.6
1372500 1378.3
1372510 1378.3
1372520 1381.7
1372530 1380.8
1372540 1380.8
1372550 1377.6
1372560 1374.7
1372570 1370.7
1372580 1370.7
1372590 1368.8
1372600 1364.9
1372610 1364.9
1372620 1362.6
1372630 1362.4
1372640 1362.4
1372650 1362.3
1372660 1363.0
1372670 1363.0
1372680 1364.6
1372690 1367.0
1372700 1367.0
1372710 1369.4
1372720 1368.8
1372730 1368.8
1372740 1363.5
1372750 1359.7
1372760 1359.7
1372770 1356.7
1372780 1353.2
1372790 1348.4
1372800 1348.4
1372810 1343.4
1372820 1341.0
1372830 1341.0
1372840 1338.2
1372850 1334.9
1372860 1334.9
1372870 1335.5
1372880 1341.5
1372890 1341.5
1372900 1346.4
1372910 1347.7
1372920 1347.7
1372930 1348.5
1372940 1349.0
1372950 1349.0
1372960 1348.5
1372970 1346.2
1372980 1346.2
1372990 1342.1
1373000 1338.9
1373010 1335.0
1373020 1335.0
1373030 1336.5
1373040 1337.5
1373050 1337.5
1373060 1339.6
1373070 1344.6
1373080 1344.6
1373090 1348.3
1373100 1349.2
1373110 1349.2
1373120 1349.5
1373130 1349.5
1373140 1349.5
1373150 1349.6
1373160 1349.7
1373170 1349.7
1373180 1350.2
1373190 1351.7
1373200 1352.7
1373210 1352.7
1373220 1352.7
1373230 1352.0
1373240 1352.0
1373250 1349.7
1373260 1347.2
1373270 1347.2
1373280 1345.7
1373290 1344.8
1373300 1344.8
1373310 1344.5
1373320 1345.1
1373330 1345.1
1373340 1344.8
1373350 1343.2
1373360 1343.2
1373370 1339.9
1373380 1336.3
1373390 1336.3
1373400 1333.5
1373410 1334.2
1373420 1335.5
1373430 1335.5
1373440 1337.8
1373450 1341.9
1373460 1341.9
1373470 1346.9
1373480 1351.8
1373490 1351.8
1373500 1357.4
1373510 1362.0
1373520 1362.0
1373530 1372.5
1373540 1376.6
1373550 1376.6
1373560 1381.6
1373570 1385.5
1373580 1385.5
1373590 1389.6
1373600 1393.4
1373610 1397.4
1373620 1397.4
1373630 1401.9
1373640 1406.5
1373650 1406.5
1373660 1410.6
1373670 1414.4
1373680 1414.4
1373690 1417.2
1373700 1419.8
1373710 1419.8
1373720 1422.3
1373730 1424.5
1373740 1424.5
1373750 1428.6
1373760 1432.5
1373770 1432.5
1373780 1434.9
1373790 1435.5
1373800 1435.5
1373810 1434.8
1373820 1433.8
1373830 1434.6
1373840 1434.6
1373850 1438.9
1373860 1447.7
1373870 1447.7
1373880 1454.0
1373890 1456.9
1373900 1456.9
1373910 1459.4
1373920 1460.3
1373930 1460.3
1373940 1456.4
1373950 1452.3
1373960 1452.3
1373970 1452.5
1373980 1452.4
1373990 1452.4
1374000 1451.9
1374010 1452.0
1374020 1452.1
1374030 1452.1
1374040 1451.0
1374050 1450.2
1374060 1450.2
1374070 1450.0
1374080 1450.2
1374090 1450.2
1374100 1450.7
1374110 1453.2
1374120 1453.2
1374130 1456.2
1374140 1461.7
1374150 1461.7
1374160 1465.5
1374170 1461.9
1374180 1461.9
1374190 1456.0
1374200 1448.8
1374210 1448.8
1374220 1441.8
1374230 1433.9
1374240 1425.8
1374250 1425.8
1374260 1418.8
1374270 1412.1
1374280 1412.1
1374290 1406.7
1374300 1403.4
1374310 1403.4
1374320 1400.4
1374330 1398.1
1374340 1398.1
1374350 1395.7
1374360 1393.3
1374370 1393.3
1374380 1391.3
1374390 1388.5
1374400 1388.5
1374410 1383.3
1374420 1377.9
1374430 1377.9
1374440 1373.1
1374450 1368.8
1374460 1365.9
1374470 1365.9
1374480 1363.6
1374490 1363.0
1374500 1363.0
1374510 1363.9
1374520 1365.3
1374530 1365.3
1374540 1365.6
1374550 1365.0
1374560 1365.0
1374570 1365.4
1374580 1365.4
1374590 1365.4
1374600 1365.9
1374610 1366.2
1374620 1366.2
1374630 1365.8
1374640 1364.1
1374650 1361.3
1374660 1361.3
1374670 1361.8
1374680 1370.0
1374690 1370.0
1374700 1372.0
1374710 1370.4
1374720 1370.4
1374730 1366.3
1374740 1362.1
1374750 1362.1
1374760 1358.4
1374770 1355.4
1374780 1355.4
1374790 1352.7
1374800 1350.9
1374810 1350.9
1374820 1351.5
1374830 1352.8
1374840 1352.8
1374850 1354.2
1374860 1355.9
1374870 1357.4
1374880 1357.4
1374890 1358.9
1374900 1360.3
1374910 1360.3
1374920 1361.6
1374930 1362.4
1374940 1362.4
1374950 1362.4
1374960 1363.0
1374970 1363.0
1374980 1362.8
1374990 1362.0
1375000 1362.0
1375010 1361.9
1375020 1361.4
1375030 1361.4
1375040 1361.6
1375050 1359.7
1375060 1358.8
1375070 1358.8
1375080 1358.5
1375090 1357.4
1375100 1357.4
1375110 1356.1
1375120 1353.5
1375130 1353.5
1375140 1351.7
1375150 1350.5
1375160 1350.5
1375170 1349.0
1375180 1347.7
1375190 1347.7
1375200 1346.2
1375210 1344.1
1375220 1344.1
1375230 1341.8
1375240 1339.5
1375250 1339.5
1375260 1337.2
1375270 1335.5
1375280 1333.7
1375290 1333.7
1375300 1331.7
1375310 1329.7
1375320 1329.7
1375330 1328.3
1375340 1327.4
1375350 1327.4
1375360 1326.2
1375370 1324.4
1375380 1324.4
1375390 1323.0
1375400 1321.4
1375410 1321.4
1375420 1319.6
1375430 1318.3
1375440 1318.3
1375450 1317.4
1375460 1316.3
1375470 1315.6
1375480 1315.6
1375490 1315.2
1375500 1314.9
1375510 1314.9
1375520 1314.7
1375530 1314.7
1375540 1314.7
1375550 1314.6
1375560 1314.6
1375570 1314.6
1375580 1314.5
1375590 1314.5
1375600 1314.5
1375610 1315.0
1375620 1315.5
1375630 1315.5
1375640 1316.2
1375650 1316.7
1375660 1316.7
1375670 1317.7
1375680 1319.1
1375690 1319.2
1375700 1319.2
1375710 1319.2
1375720 1319.6
1375730 1319.6
1375740 1321.8
1375750 1324.7
1375760 1324.7
1375770 1326.6
1375780 1327.9
1375790 1327.9
1375800 1328.1
1375810 1326.8
1375820 1326.8
1375830 1326.1
1375840 1325.5
1375850 1325.5
1375860 1324.9
1375870 1324.6
1375880 1324.6
1375890 1324.3
1375900 1323.8
1375910 1323.4
1375920 1323.4
1375930 1322.8
1375940 1321.8
1375950 1321.8
1375960 1321.0
1375970 1319.9
1375980 1319.9
1375990 1318.9
1376000 1318.0
1376010 1318.0
1376020 1316.1
1376030 1316.3
1376040 1316.3
1376050 1317.0
1376060 1317.4
1376070 1317.4
1376080 1317.4
1376090 1317.1
1376100 1316.5
1376110 1316.5
1376120 1314.9
1376130 1311.7
1376140 1311.7
1376150 1309.6
1376160 1306.4
1376170 1306.4
1376180 1303.6
1376190 1301.0
1376200 1301.0
1376210 1298.2
1376220 1294.6
1376230 1294.6
1376240 1292.6
1376250 1291.8
1376260 1291.8
1376270 1290.5
1376280 1289.6
1376290 1289.6
1376300 1289.6
1376310 1289.9
1376320 1290.6
1376330 1290.6
1376340 1291.0
1376350 1291.1
1376360 1291.1
1376370 1291.0
1376380 1290.9
1376390 1290.9
1376400 1290.7
1376410 1290.4
1376420 1290.4
1376430 1290.1
1376440 1289.8
1376450 1289.8
1376460 1289.6
1376470 1289.4
1376480 1289.4
1376490 1289.2
1376500 1289.0
1376510 1288.7
1376520 1288.7
1376530 1288.6
1376540 1288.0
1376550 1288.0
1376560 1287.0
1376570 1286.5
1376580 1286.5
1376590 1286.0
1376600 1285.9
1376610 1285.9
1376620 1286.3
1376630 1286.4
1376640 1286.4
1376650 1286.7
1376660 1286.7
1376670 1286.7
1376680 1286.9
1376690 1286.9
1376700 1286.9
1376710 1286.6
1376720 1286.5
1376730 1286.4
1376740 1286.4
1376750 1286.3
1376760 1286.4
1376770 1286.4
1376780 1286.6
1376790 1286.6
1376800 1286.6
1376810 1286.9
1376820 1287.8
1376830 1287.8
1376840 1288.4
1376850 1287.1
1376860 1287.1
1376870 1288.5
1376880 1288.7
1376890 1288.7
1376900 1289.3
1376910 1289.1
1376920 1289.6
1376930 1289.6
1376940 1288.2
1376950 1286.2
1376960 1286.2
1376970 1284.2
1376980 1282.7
1376990 1282.7
1377000 1281.0
1377010 1278.1
1377020 1278.1
1377030 1279.3
1377040 1280.9
1377050 1280.9
1377060 1280.8
1377070 1280.7
1377080 1280.7
1377090 1280.8
1377100 1281.3
1377110 1281.3
1377120 1282.3
1377130 1283.8
1377140 1285.9
1377150 1285.9
1377160 1287.7
1377170 1288.4
1377180 1288.4
1377190 1288.8
1377200 1289.0
1377210 1289.0
1377220 1289.2
1377230 1289.5
1377240 1289.5
1377250 1290.0
1377260 1291.2
1377270 1291.2
1377280 1293.3
1377290 1295.9
1377300 1295.9
1377310 1297.4
1377320 1296.0
1377330 1296.0
1377340 1294.2
1377350 1292.6
1377360 1291.7
1377370 1291.7
1377380 1291.2
1377390 1290.8
1377400 1290.8
1377410 1290.5
1377420 1290.1
1377430 1290.1
1377440 1290.0
1377450 1290.6
1377460 1290.6
1377470 1291.9
1377480 1294.3
1377490 1294.3
1377500 1296.2
1377510 1297.2
1377520 1297.2
1377530 1297.4
1377540 1297.2
1377550 1297.3
1377560 1297.3
1377570 1299.7
1377580 1302.3
1377590 1302.3
1377600 1303.6
1377610 1303.6
1377620 1303.6
1377630 1302.9
1377640 1298.5
1377650 1298.5
1377660 1292.0
1377670 1290.0
1377680 1290.0
1377690 1291.3
1377700 1294.5
1377710 1294.5
1377720 1298.2
1377730 1300.5
1377740 1300.5
1377750 1300.0
1377760 1300.5
1377770 1301.1
1377780 1301.1
1377790 1301.3
1377800 1301.2
1377810 1301.2
1377820 1301.2
1377830 1301.4
1377840 1301.4
1377850 1301.7
1377860 1302.2
1377870 1302.2
1377880 1302.8
1377890 1303.1
1377900 1303.1
1377910 1303.3
1377920 1303.3
1377930 1303.3
1377940 1303.2
1377950 1302.8
1377960 1302.4
1377970 1302.4
1377980 1302.0
1377990 1301.5
1378000 1301.5
1378010 1299.3
1378020 1297.3
1378030 1297.3
1378040 1296.2
1378050 1295.3
1378060 1295.3
1378070 1293.1
1378080 1291.2
1378090 1291.2
1378100 1289.6
1378110 1287.7
1378120 1287.7
1378130 1284.1
1378140 1280.3
1378150 1280.3
1378160 1276.4
1378170 1272.7
1378180 1268.9
1378190 1263.8
1378200 1263.8
1378210 1264.4
1378220 1264.4
1378230 1266.0
1378240 1269.0
1378250 1269.0
1378260 1272.7
1378270 1277.1
1378280 1277.1
1378290 1281.7
1378300 1285.2
1378310 1285.2
1378320 1285.7
1378330 1285.1
1378340 1285.1
1378350 1284.0
1378360 1281.8
1378370 1279.3
1378380 1279.3
1378390 1278.1
1378400 1277.4
1378410 1277.4
1378420 1274.8
1378430 1271.5
1378440 1271.5
1378450 1269.6
1378460 1268.0
1378470 1268.0
1378480 1266.4
1378490 1265.1
1378500 1265.1
1378510 1263.5
1378520 1261.9
1378530 1261.9
1378540 1260.3
1378550 1259.1
1378560 1259.1
1378570 1258.9
1378580 1259.3
1378590 1260.0
1378600 1260.0
1378610 1260.6
1378620 1261.4
1378630 1261.4
1378640 1261.6
1378650 1261.5
1378660 1261.5
1378670 1261.2
1378680 1260.9
1378690 1260.9
1378700 1260.5
1378710 1260.0
1378720 1260.0
1378730 1260.1
1378740 1259.6
1378750 1259.6
1378760 1259.5
1378770 1259.5
1378780 1259.5
1378790 1259.2
1378800 1258.7
1378810 1257.9
1378820 1257.9
1378830 1257.2
1378840 1256.3
1378850 1256.3
1378860 1255.3
1378870 1255.0
1378880 1255.0
1378890 1255.1
1378900 1255.0
1378910 1255.0
1378920 1255.4
1378930 1257.2
1378940 1257.2
1378950 1257.0
1378960 1256.5
1378970 1256.5
1378980 1256.3
1378990 1256.2
1379000 1256.2
1379010 1256.2
1379020 1256.3
1379030 1256.3
1379040 1256.3
1379050 1256.4
1379060 1256.2
1379070 1256.2
1379080 1255.8
1379090 1255.2
1379100 1255.2
1379110 1254.3
1379120 1252.4
1379130 1252.4
1379140 1251.2
1379150 1252.3
1379160 1252.3
1379170 1254.1
1379180 1254.7
1379190 1254.7
1379200 1254.8
1379210 1254.7
1379220 1254.5
1379230 1254.5
1379240 1254.5
1379250 1254.4
1379260 1254.4
1379270 1256.0
1379280 1256.8
1379290 1256.8
1379300 1256.1
1379310 1255.3
1379320 1255.3
1379330 1254.5
1379340 1253.9
1379350 1253.9
1379360 1253.5
1379370 1252.8
1379380 1249.4
1379390 1247.9
1379400 1246.7
1379410 1246.2
1379420 1246.2
1379430 1245.9
1379440 1245.6
1379450 1245.6
1379460 1245.6
1379470 1246.0
1379480 1246.0
1379490 1245.7
1379500 1244.9
1379510 1244.9
1379520 1244.4
1379530 1244.1
1379540 1244.1
1379550 1244.5
1379560 1245.6
1379570 1245.6
1379580 1247.5
1379590 1249.9
1379600 1249.9
1379610 1252.7
1379620 1255.8
1379630 1259.3
1379640 1259.3
1379650 1261.9
1379660 1263.3
1379670 1263.3
1379680 1264.6
1379690 1266.2
1379700 1266.2
1379710 1268.1
1379720 1269.9
1379730 1269.9
1379740 1271.0
1379750 1272.0
1379760 1272.0
1379770 1273.3
1379780 1273.5
1379790 1273.5
1379800 1272.9
1379810 1273.0
1379820 1273.1
1379830 1273.1
1379840 1274.0
1379850 1275.7
1379860 1275.7
1379870 1276.9
1379880 1278.0
1379890 1278.0
1379900 1279.1
1379910 1280.1
1379920 1280.1
1379930 1280.8
1379940 1281.8
1379950 1281.8
1379960 1283.1
1379970 1284.4
1379980 1284.4
1379990 1285.6
