1360000 2848.6
1360010 2848.6
1360020 2842.1
1360030 2838.7
1360040 2838.7
1360050 2833.4
1360060 2826.4
1360070 2818.9
1360080 2816.0
1360090 2812.2
1360100 2809.0
1360110 2809.0
1360120 2803.2
1360130 2797.5
1360140 2797.5
1360150 2792.9
1360160 2788.7
1360170 2788.7
1360180 2783.2
1360190 2778.4
1360200 2778.4
1360210 2773.2
1360220 2764.9
1360230 2764.9
1360240 2754.5
1360250 2743.9
1360260 2743.9
1360270 2736.0
1360280 2729.4
1360290 2725.5
1360300 2725.5
1360310 2724.2
1360320 2722.0
1360330 2722.0
1360340 2717.4
1360350 2711.8
1360360 2711.8
1360370 2707.1
1360380 2702.7
1360390 2702.7
1360400 2699.3
1360410 2695.9
1360420 2695.9
1360430 2691.7
1360440 2685.9
1360450 2685.9
1360460 2682.7
1360470 2679.4
1360480 2673.7
1360490 2673.7
1360500 2666.7
1360510 2659.7
1360520 2659.7
1360530 2654.3
1360540 2650.0
1360550 2650.0
1360560 2647.5
1360570 2643.0
1360580 2643.0
1360590 2638.7
1360600 2635.5
1360610 2635.5
1360620 2633.9
1360630 2630.2
1360640 2630.2
1360650 2623.8
1360660 2617.3
1360670 2617.3
1360680 2611.2
1360690 2604.6
1360700 2597.6
1360710 2597.6
1360720 2591.1
1360730 2585.6
1360740 2585.6
1360750 2580.3
1360760 2574.6
1360770 2574.6
1360780 2569.2
1360790 2562.2
1360800 2562.2
1360810 2555.1
1360820 2544.9
1360830 2544.9
1360840 2538.4
1360850 2530.1
1360860 2530.1
1360870 2522.4
1360880 2514.5
1360890 2514.5
1360900 2505.3
1360910 2495.1
1360920 2484.0
1360930 2484.0
1360940 2473.1
1360950 2463.5
1360960 2463.5
1360970 2453.5
1360980 2441.8
1360990 2441.8
1361000 2429.0
1361010 2418.7
1361020 2418.7
1361030 2408.1
1361040 2396.3
1361050 2396.3
1361060 2386.5
1361070 2375.8
1361080 2375.8
1361090 2366.3
1361100 2355.5
1361110 2346.5
1361120 2346.5
1361130 2336.1
1361140 2325.4
1361150 2325.4
1361160 2317.1
1361170 2309.0
1361180 2309.0
1361190 2301.2
1361200 2297.4
1361210 2297.4
1361220 2293.1
1361230 2286.7
1361240 2286.7
1361250 2279.9
1361260 2272.7
1361270 2272.7
1361280 2266.7
1361290 2260.8
1361300 2260.8
1361310 2256.8
1361320 2253.0
1361330 2248.6
1361340 2248.6
1361350 2244.7
1361360 2242.2
1361370 2242.2
1361380 2239.5
1361390 2237.2
1361400 2237.2
1361410 2234.5
1361420 2231.5
1361430 2231.5
1361440 2228.8
1361450 2226.3
1361460 2226.3
1361470 2223.5
1361480 2220.5
1361490 2220.5
1361500 2217.6
1361510 2214.8
1361520 2214.8
1361530 2212.2
1361540 2209.6
1361550 2207.1
1361560 2207.1
1361570 2204.2
1361580 2201.6
1361590 2201.6
1361600 2199.2
1361610 2197.1
1361620 2197.1
1361630 2195.8
1361640 2194.6
1361650 2194.6
1361660 2193.5
1361670 2192.5
1361680 2192.5
1361690 2191.6
1361700 2191.2
1361710 2191.2
1361720 2190.5
1361730 2190.3
1361740 2189.7
1361750 2189.7
1361760 2188.8
1361770 2188.6
1361780 2188.6
1361790 2189.0
1361800 2189.4
1361810 2189.4
1361820 2190.0
1361830 2191.0
1361840 2191.0
1361850 2191.8
1361860 2193.0
1361870 2193.0
1361880 2194.5
1361890 2196.4
1361900 2196.4
1361910 2198.4
1361920 2199.9
1361930 2199.9
1361940 2202.0
1361950 2203.6
1361960 2205.4
1361970 2205.4
1361980 2207.2
1361990 2208.5
1362000 2208.5
1362010 2211.5
1362020 2214.5
1362030 2214.5
1362040 2217.4
1362050 2220.7
1362060 2220.7
1362070 2223.7
1362080 2226.3
1362090 2226.3
1362100 2230.7
1362110 2234.8
1362120 2234.8
1362130 2235.4
1362140 2240.5
1362150 2240.5
1362160 2245.6
1362170 2251.8
1362180 2258.5
1362190 2258.5
1362200 2265.4
1362210 2272.2
1362220 2272.2
1362230 2278.1
1362240 2284.4
1362250 2284.4
1362260 2296.9
1362270 2309.2
1362280 2309.2
1362290 2317.5
1362300 2323.7
1362310 2323.7
1362320 2331.2
1362330 2336.9
1362340 2336.9
1362350 2344.6
1362360 2354.6
1362370 2362.5
1362380 2362.5
1362390 2367.2
1362400 2373.7
1362410 2373.7
1362420 2382.0
1362430 2391.1
1362440 2391.1
1362450 2400.8
1362460 2409.7
1362470 2409.7
1362480 2415.2
1362490 2420.1
1362500 2420.1
1362510 2423.8
1362520 2427.5
1362530 2427.5
1362540 2431.2
1362550 2434.9
1362560 2434.9
1362570 2438.2
1362580 2441.9
1362590 2446.1
1362600 2446.1
1362610 2450.6
1362620 2455.3
1362630 2455.3
1362640 2460.4
1362650 2466.0
1362660 2466.0
1362670 2471.5
1362680 2476.4
1362690 2476.4
1362700 2481.7
1362710 2487.2
1362720 2487.2
1362730 2492.2
1362740 2497.2
1362750 2497.2
1362760 2502.4
1362770 2507.6
1362780 2507.6
1362790 2513.7
1362800 2521.8
1362810 2531.8
1362820 2531.8
1362830 2540.8
1362840 2549.5
1362850 2549.5
1362860 2557.5
1362870 2566.6
1362880 2566.6
1362890 2574.9
1362900 2581.4
1362910 2581.4
1362920 2586.8
1362930 2592.3
1362940 2592.3
1362950 2596.7
1362960 2600.5
1362970 2600.5
1362980 2605.1
1362990 2609.8
1363000 2614.8
1363010 2614.8
1363020 2619.8
1363030 2625.8
1363040 2625.8
1363050 2632.2
1363060 2638.7
1363070 2638.7
1363080 2645.5
1363090 2652.4
1363100 2652.4
1363110 2659.3
1363120 2666.2
1363130 2666.2
1363140 2673.0
1363150 2679.3
1363160 2679.3
1363170 2683.8
1363180 2689.9
1363190 2689.9
1363200 2696.0
1363210 2701.9
1363220 2707.9
1363230 2707.9
1363240 2711.9
1363250 2713.4
1363260 2713.4
1363270 2715.4
1363280 2717.5
1363290 2717.5
1363300 2718.9
1363310 2719.7
1363320 2719.7
1363330 2719.7
1363340 2719.6
1363350 2719.6
1363360 2720.4
1363370 2723.1
1363380 2723.1
1363390 2726.5
1363400 2730.7
1363410 2730.7
1363420 2735.1
1363430 2738.6
1363440 2742.6
1363450 2742.6
1363460 2747.0
1363470 2752.3
1363480 2752.3
1363490 2758.5
1363500 2764.7
1363510 2764.7
1363520 2770.6
1363530 2776.5
1363540 2776.5
1363550 2782.2
1363560 2787.9
1363570 2787.9
1363580 2792.8
1363590 2801.8
1363600 2801.8
1363610 2812.4
1363620 2821.1
1363630 2829.1
1363640 2829.1
1363650 2836.6
1363660 2843.0
1363670 2843.0
1363680 2849.1
1363690 2856.2
1363700 2856.2
1363710 2864.7
1363720 2877.3
1363730 2877.3
1363740 2894.2
1363750 2907.1
1363760 2907.1
1363770 2921.2
1363780 2936.4
1363790 2936.4
1363800 2942.1
1363810 2943.2
1363820 2943.2
1363830 2949.5
1363840 2952.9
1363850 2955.8
1363860 2955.8
1363870 2962.2
1363880 2975.3
1363890 2975.3
1363900 2988.4
1363910 3003.2
1363920 3003.2
1363930 3024.2
1363940 3046.5
1363950 3046.5
1363960 3064.2
1363970 3076.4
1363980 3076.4
1363990 3090.0
1364000 3099.0
1364010 3099.0
1364020 3096.0
1364030 3096.1
1364040 3096.1
1364050 3100.8
1364060 3107.9
1364070 3116.7
1364080 3116.7
1364090 3130.4
1364100 3145.5
1364110 3145.5
1364120 3155.8
1364130 3161.5
1364140 3161.5
1364150 3163.7
1364160 3165.3
1364170 3165.3
1364180 3166.9
1364190 3168.8
1364200 3168.8
1364210 3170.9
1364220 3167.4
1364230 3167.4
1364240 3169.7
1364250 3172.1
1364260 3174.7
1364270 3174.7
1364280 3171.0
1364290 3152.6
1364300 3152.6
1364310 3142.1
1364320 3130.7
1364330 3130.7
1364340 3119.6
1364350 3108.9
1364360 3108.9
1364370 3093.7
1364380 3082.4
1364390 3082.4
1364400 3076.3
1364410 3069.1
1364420 3069.1
1364430 3059.6
1364440 3054.6
1364450 3054.6
1364460 3051.9
1364470 3049.4
1364480 3046.9
1364490 3046.9
1364500 3044.4
1364510 3040.9
1364520 3040.9
1364530 3038.9
1364540 3038.0
1364550 3038.0
1364560 3038.4
1364570 3042.3
1364580 3042.3
1364590 3051.9
1364600 3046.6
1364610 3046.6
1364620 3044.0
1364630 3041.1
1364640 3041.1
1364650 3033.8
1364660 3027.6
1364670 3027.6
1364680 3021.9
1364690 3016.8
1364700 3011.8
1364710 3011.8
1364720 3005.0
1364730 2997.0
1364740 2997.0
1364750 2989.3
1364760 2983.8
1364770 2983.8
1364780 2980.0
1364790 2976.3
1364800 2976.3
1364810 2973.2
1364820 2969.1
1364830 2969.1
1364840 2964.6
1364850 2958.9
1364860 2958.9
1364870 2951.0
1364880 2942.4
1364890 2933.1
1364900 2933.1
1364910 2922.4
1364920 2914.3
1364930 2914.3
1364940 2907.4
1364950 2901.4
1364960 2901.4
1364970 2896.0
1364980 2891.7
1364990 2891.7
1365000 2888.1
1365010 2885.1
1365020 2885.1
1365030 2882.6
1365040 2880.8
1365050 2880.8
1365060 2879.7
1365070 2879.1
1365080 2879.1
1365090 2878.6
1365100 2878.7
1365110 2878.9
1365120 2878.9
1365130 2879.2
1365140 2880.2
1365150 2880.2
1365160 2881.6
1365170 2883.6
1365180 2883.6
1365190 2884.7
1365200 2885.4
1365210 2885.4
1365220 2885.5
1365230 2885.4
1365240 2885.4
1365250 2885.6
1365260 2886.8
1365270 2883.5
1365280 2884.5
1365290 2883.6
1365300 2883.6
1365310 2882.1
1365320 2876.7
1365330 2871.9
1365340 2871.9
1365350 2871.1
1365360 2871.9
1365370 2871.9
1365380 2873.6
1365390 2876.0
1365400 2876.0
1365410 2880.2
1365420 2885.0
1365430 2885.0
1365440 2891.1
1365450 2897.9
1365460 2897.9
1365470 2904.5
1365480 2911.6
1365490 2911.6
1365500 2918.9
1365510 2926.1
1365520 2936.0
1365530 2936.0
1365540 2960.7
1365550 2986.7
1365560 2986.7
1365570 2981.3
1365580 2971.8
1365590 2971.8
1365600 2964.8
1365610 2961.1
1365620 2961.1
1365630 2961.2
1365640 2961.2
1365650 2961.2
1365660 2961.4
1365670 2962.5
1365680 2962.5
1365690 2964.1
1365700 2965.6
1365710 2965.6
1365720 2967.2
1365730 2968.1
1365740 2968.3
1365750 2968.3
1365760 2967.8
1365770 2966.1
1365780 2966.1
1365790 2963.4
1365800 2961.9
1365810 2961.9
1365820 2960.9
1365830 2963.2
1365840 2963.2
1365850 2971.3
1365860 2973.9
1365870 2973.9
1365880 2977.5
1365890 2985.0
1365900 2985.0
1365910 3009.1
1365920 3026.5
1365930 3026.5
1365940 3034.1
1365950 3043.3
1365960 3050.6
1365970 3050.6
1365980 3050.7
1365990 3052.6
1366000 3052.6
1366010 3055.9
1366020 3060.0
1366030 3060.0
1366040 3065.0
1366050 3069.3
1366060 3069.3
1366070 3054.3
1366080 3039.7
1366090 3039.7
1366100 3029.9
1366110 3015.1
1366120 3015.1
1366130 3001.4
1366140 2994.4
1366150 2988.8
1366160 2988.8
1366170 2986.5
1366180 2983.6
1366190 2983.6
1366200 2977.9
1366210 2971.9
1366220 2971.9
1366230 2968.2
1366240 2964.4
1366250 2964.4
1366260 2961.0
1366270 2958.5
1366280 2958.5
1366290 2955.9
1366300 2952.9
1366310 2952.9
1366320 2950.1
1366330 2949.0
1366340 2947.6
1366350 2947.8
1366360 2949.3
1366370 2950.2
1366380 2950.2
1366390 2950.0
1366400 2950.1
1366410 2950.1
1366420 2950.5
1366430 2950.7
1366440 2950.7
1366450 2951.7
1366460 2953.7
1366470 2953.7
1366480 2955.4
1366490 2955.6
1366500 2955.6
1366510 2955.4
1366520 2954.2
1366530 2954.2
1366540 2952.3
1366550 2949.3
1366560 2949.3
1366570 2945.5
1366580 2941.4
1366590 2935.7
1366600 2935.7
1366610 2927.9
1366620 2920.6
1366630 2920.6
1366640 2913.9
1366650 2908.1
1366660 2908.1
1366670 2903.0
1366680 2898.2
1366690 2898.2
1366700 2894.3
1366710 2892.2
1366720 2892.2
1366730 2890.4
1366740 2888.6
1366750 2888.6
1366760 2887.1
1366770 2886.5
1366780 2885.8
1366790 2885.8
1366800 2884.5
1366810 2883.1
1366820 2883.1
1366830 2880.1
1366840 2876.0
1366850 2876.0
1366860 2872.4
1366870 2868.9
1366880 2868.9
1366890 2865.5
1366900 2862.6
1366910 2862.6
1366920 2859.9
1366930 2857.1
1366940 2857.1
1366950 2854.6
1366960 2852.5
1366970 2852.5
1366980 2851.2
1366990 2850.3
1367000 2848.8
1367010 2848.8
1367020 2847.8
1367030 2848.1
1367040 2848.1
1367050 2850.0
1367060 2849.2
1367070 2849.2
1367080 2848.1
1367090 2846.4
1367100 2846.4
1367110 2842.8
1367120 2838.5
1367130 2838.5
1367140 2835.8
1367150 2835.1
1367160 2835.1
1367170 2835.3
1367180 2839.5
1367190 2839.5
1367200 2839.9
1367210 2837.5
1367220 2838.9
1367230 2838.9
1367240 2840.8
1367250 2841.1
1367260 2841.1
1367270 2841.4
1367280 2840.6
1367290 2840.6
1367300 2841.6
1367310 2843.4
1367320 2843.4
1367330 2845.7
1367340 2849.0
1367350 2849.0
1367360 2853.2
1367370 2858.2
1367380 2858.2
1367390 2863.5
1367400 2869.6
1367410 2877.0
1367420 2870.9
1367430 2876.0
1367440 2881.1
1367450 2881.1
1367460 2888.3
1367470 2891.4
1367480 2891.4
1367490 2896.5
1367500 2899.4
1367510 2899.4
1367520 2902.3
1367530 2898.5
1367540 2898.5
1367550 2895.3
1367560 2891.1
1367570 2891.1
1367580 2886.5
1367590 2883.0
1367600 2883.0
1367610 2879.4
1367620 2875.7
1367630 2872.6
1367640 2872.6
1367650 2870.1
1367660 2867.8
1367670 2867.8
1367680 2865.2
1367690 2862.0
1367700 2862.0
1367710 2859.2
1367720 2856.3
1367730 2856.3
1367740 2853.3
1367750 2850.5
1367760 2850.5
1367770 2847.5
1367780 2843.8
1367790 2843.8
1367800 2839.3
1367810 2834.2
1367820 2828.1
1367830 2828.1
1367840 2821.8
1367850 2816.8
1367860 2816.8
1367870 2812.1
1367880 2808.1
1367890 2808.1
1367900 2805.2
1367910 2803.4
1367920 2803.4
1367930 2801.7
1367940 2799.8
1367950 2799.8
1367960 2796.5
1367970 2791.7
1367980 2791.7
1367990 2785.8
1368000 2779.1
1368010 2779.1
1368020 2773.7
1368030 2769.5
1368040 2766.2
1368050 2766.2
1368060 2762.6
1368070 2758.7
1368080 2758.7
1368090 2755.3
1368100 2750.1
1368110 2750.1
1368120 2746.3
1368130 2742.8
1368140 2742.8
1368150 2739.8
1368160 2736.4
1368170 2736.4
1368180 2732.3
1368190 2725.8
1368200 2725.8
1368210 2718.4
1368220 2707.5
1368230 2707.5
1368240 2696.6
1368250 2688.5
1368260 2679.3
1368270 2679.3
1368280 2666.3
1368290 2652.5
1368300 2652.5
1368310 2638.2
1368320 2628.4
1368330 2628.4
1368340 2616.7
1368350 2608.0
1368360 2608.0
1368370 2602.1
1368380 2595.8
1368390 2595.8
1368400 2589.7
1368410 2583.1
1368420 2583.1
1368430 2576.6
1368440 2570.6
1368450 2564.6
1368460 2564.6
1368470 2559.0
1368480 2553.7
1368490 2553.7
1368500 2547.2
1368510 2542.8
1368520 2542.8
1368530 2538.3
1368540 2533.3
1368550 2533.3
1368560 2528.3
1368570 2523.9
1368580 2523.9
1368590 2520.0
1368600 2515.9
1368610 2515.9
1368620 2512.0
1368630 2508.1
1368640 2508.1
1368650 2503.7
1368660 2499.1
1368670 2495.3
1368680 2495.3
1368690 2491.9
1368700 2488.6
1368710 2488.6
1368720 2484.9
1368730 2480.4
1368740 2480.4
1368750 2475.9
1368760 2472.8
1368770 2472.8
1368780 2470.7
1368790 2466.6
1368800 2466.6
1368810 2460.1
1368820 2453.9
1368830 2453.9
1368840 2448.7
1368850 2443.3
1368860 2443.3
1368870 2438.5
1368880 2434.0
1368890 2429.5
1368900 2429.5
1368910 2425.1
1368920 2421.0
1368930 2421.0
1368940 2417.5
1368950 2413.5
1368960 2413.5
1368970 2409.1
1368980 2404.6
1368990 2404.6
1369000 2400.2
1369010 2396.0
1369020 2396.0
1369030 2391.6
1369040 2388.0
1369050 2388.0
1369060 2385.9
1369070 2383.6
1369080 2380.4
1369090 2380.4
1369100 2376.2
1369110 2371.4
1369120 2371.4
1369130 2365.6
1369140 2359.3
1369150 2359.3
1369160 2353.8
1369170 2351.2
1369180 2351.2
1369190 2349.8
1369200 2347.8
1369210 2347.8
1369220 2344.5
1369230 2341.0
1369240 2341.0
1369250 2337.4
1369260 2333.5
1369270 2333.5
1369280 2328.8
1369290 2323.5
1369300 2318.6
1369310 2318.6
1369320 2313.1
1369330 2306.5
1369340 2306.5
1369350 2299.3
1369360 2292.1
1369370 2292.1
1369380 2284.8
1369390 2277.1
1369400 2277.1
1369410 2269.5
1369420 2262.4
1369430 2262.4
1369440 2255.1
1369450 2247.6
1369460 2247.6
1369470 2237.1
1369480 2226.6
1369490 2226.6
1369500 2218.0
1369510 2210.3
1369520 2203.1
1369530 2203.1
1369540 2196.3
1369550 2189.6
1369560 2189.6
1369570 2183.2
1369580 2175.5
1369590 2175.5
1369600 2163.7
1369610 2155.8
1369620 2155.8
1369630 2147.5
1369640 2135.7
1369650 2135.7
1369660 2122.7
1369670 2112.1
1369680 2112.1
1369690 2085.6
1369700 2031.6
1369710 2011.9
1369720 2011.9
1369730 1997.2
1369740 1984.7
1369750 1984.7
1369760 1973.1
1369770 1964.3
1369780 1964.3
1369790 1956.5
1369800 1946.5
1369810 1946.5
1369820 1936.5
1369830 1928.2
1369840 1928.2
1369850 1920.2
1369860 1912.3
1369870 1912.3
1369880 1904.5
1369890 1897.2
1369900 1897.2
1369910 1890.1
1369920 1883.8
1369930 1879.7
1369940 1879.7
1369950 1877.7
1369960 1872.1
1369970 1872.1
1369980 1863.2
1369990 1854.2
1370000 1854.2
1370010 1845.6
1370020 1834.7
1370030 1834.7
1370040 1822.6
1370050 1808.5
1370060 1808.5
1370070 1796.7
1370080 1788.2
1370090 1788.2
1370100 1780.1
1370110 1773.8
1370120 1773.8
1370130 1768.3
1370140 1761.8
1370150 1755.6
1370160 1755.6
1370170 1748.8
1370180 1742.1
1370190 1742.1
1370200 1735.6
1370210 1728.9
1370220 1728.9
1370230 1722.3
1370240 1715.6
1370250 1715.6
1370260 1709.3
1370270 1703.4
1370280 1703.4
1370290 1697.0
1370300 1691.1
1370310 1691.1
1370320 1685.2
1370330 1679.6
1370340 1674.0
1370350 1674.0
1370360 1667.8
1370370 1661.7
1370380 1661.7
1370390 1656.2
1370400 1651.1
1370410 1651.1
1370420 1644.8
1370430 1637.8
1370440 1637.8
1370450 1631.6
1370460 1625.0
1370470 1625.0
1370480 1617.3
1370490 1610.8
1370500 1610.8
1370510 1604.1
1370520 1597.4
1370530 1597.4
1370540 1590.9
1370550 1585.3
1370560 1580.3
1370570 1580.3
1370580 1576.2
1370590 1571.4
1370600 1571.4
1370610 1566.7
1370620 1562.2
1370630 1562.2
1370640 1557.1
1370650 1550.8
1370660 1550.8
1370670 1542.5
1370680 1535.1
1370690 1535.1
1370700 1530.5
1370710 1530.9
1370720 1530.9
1370730 1539.7
1370740 1546.1
1370750 1546.1
1370760 1549.8
1370770 1550.4
1370780 1552.9
1370790 1552.9
1370800 1556.2
1370810 1560.3
1370820 1560.3
1370830 1561.7
1370840 1560.1
1370850 1560.1
1370860 1561.7
1370870 1564.8
1370880 1564.8
1370890 1567.1
1370900 1569.4
1370910 1569.4
1370920 1571.9
1370930 1575.6
1370940 1575.6
1370950 1578.6
1370960 1582.1
1370970 1586.4
1370980 1586.4
1370990 1591.7
1371000 1597.4
1371010 1597.4
1371020 1602.6
1371030 1607.5
1371040 1607.5
1371050 1612.6
1371060 1618.6
1371070 1618.6
1371080 1625.4
1371090 1632.2
1371100 1632.2
1371110 1639.2
1371120 1646.3
1371130 1646.3
1371140 1655.0
1371150 1662.4
1371160 1662.4
1371170 1669.7
1371180 1677.8
1371190 1685.4
1371200 1685.4
1371210 1691.8
1371220 1697.7
1371230 1697.7
1371240 1704.6
1371250 1712.9
1371260 1712.9
1371270 1724.0
1371280 1736.6
1371290 1736.6
1371300 1746.6
1371310 1786.5
1371320 1786.5
1371330 1829.2
1371340 1855.9
1371350 1855.9
1371360 1879.5
1371370 1892.3
1371380 1892.3
1371390 1897.9
1371400 1907.4
1371410 1917.8
1371420 1917.8
1371430 1926.9
1371440 1934.6
1371450 1934.6
1371460 1946.4
1371470 1963.1
1371480 1963.1
1371490 1975.4
1371500 1984.3
1371510 1984.3
1371520 1991.2
1371530 1999.9
1371540 1999.9
1371550 2010.0
1371560 2021.0
1371570 2021.0
1371580 2028.6
1371590 2038.5
1371600 2050.8
1371610 2050.8
1371620 2062.9
1371630 2073.2
1371640 2073.2
1371650 2085.3
1371660 2094.6
1371670 2094.6
1371680 2103.8
1371690 2122.8
1371700 2122.8
1371710 2143.9
1371720 2156.4
1371730 2156.4
1371740 2162.6
1371750 2166.5
1371760 2166.5
1371770 2171.2
1371780 2176.5
1371790 2176.5
1371800 2181.2
1371810 2185.3
1371820 2189.1
1371830 2180.5
1371840 2183.5
1371850 2186.1
1371860 2186.1
1371870 2189.0
1371880 2190.0
1371890 2190.0
1371900 2192.1
1371910 2197.0
1371920 2197.0
1371930 2199.6
1371940 2198.4
1371950 2198.4
1371960 2196.0
1371970 2193.8
1371980 2193.8
1371990 2193.2
1372000 2191.1
1372010 2191.1
1372020 2186.3
1372030 2182.3
1372040 2173.8
1372050 2173.8
1372060 2167.4
1372070 2164.3
1372080 2164.3
1372090 2163.0
1372100 2161.3
1372110 2161.3
1372120 2143.0
1372130 2107.8
1372140 2107.8
1372150 2097.2
1372160 2087.8
1372170 2087.8
1372180 2076.1
1372190 2061.7
1372200 2061.7
1372210 2044.8
1372220 2021.6
1372230 2003.7
1372240 2003.7
1372250 1991.0
1372260 1979.1
1372270 1979.1
1372280 1969.4
1372290 1957.8
1372300 1957.8
1372310 1946.0
1372320 1939.5
1372330 1939.5
1372340 1934.1
1372350 1930.8
1372360 1930.8
1372370 1924.2
1372380 1910.1
1372390 1910.1
1372400 1896.9
1372410 1846.3
1372420 1846.3
1372430 1761.3
1372440 1736.1
1372450 1713.2
1372460 1713.2
1372470 1689.4
1372480 1671.8
1372490 1671.8
1372500 1663.2
1372510 1656.6
1372520 1656.6
1372530 1649.5
1372540 1641.9
1372550 1641.9
1372560 1633.7
1372570 1625.5
1372580 1625.5
1372590 1618.1
1372600 1611.2
1372610 1611.2
1372620 1604.8
1372630 1599.5
1372640 1599.5
1372650 1595.2
1372660 1590.0
1372670 1584.2
1372680 1584.2
1372690 1577.7
1372700 1575.5
1372710 1575.5
1372720 1579.1
1372730 1582.2
1372740 1582.2
1372750 1585.0
1372760 1587.9
1372770 1587.9
1372780 1590.8
1372790 1594.1
1372800 1594.1
1372810 1596.8
1372820 1598.2
1372830 1598.2
1372840 1600.2
1372850 1604.9
1372860 1607.1
1372870 1607.1
1372880 1609.6
1372890 1613.4
1372900 1613.4
1372910 1617.8
1372920 1621.1
1372930 1621.1
1372940 1624.2
1372950 1623.6
1372960 1623.6
1372970 1626.7
1372980 1632.9
1372990 1632.9
1373000 1638.3
1373010 1642.8
1373020 1642.8
1373030 1647.8
1373040 1652.1
1373050 1652.1
1373060 1656.1
1373070 1663.3
1373080 1673.5
1373090 1673.5
1373100 1683.9
1373110 1694.3
1373120 1694.3
1373130 1704.8
1373140 1716.2
1373150 1716.2
1373160 1726.2
1373170 1735.2
1373180 1735.2
1373190 1743.5
1373200 1750.7
1373210 1750.7
1373220 1760.5
1373230 1769.2
1373240 1769.2
1373250 1774.7
1373260 1778.4
1373270 1780.4
1373280 1780.4
1373290 1784.1
1373300 1790.3
1373310 1790.3
1373320 1797.9
1373330 1805.5
1373340 1805.5
1373350 1814.2
1373360 1826.2
1373370 1826.2
1373380 1841.4
1373390 1852.9
1373400 1852.9
1373410 1862.0
1373420 1873.8
1373430 1873.8
1373440 1890.8
1373450 1904.6
1373460 1904.6
1373470 1914.5
1373480 1923.6
1373490 1932.9
1373500 1932.9
1373510 1942.2
1373520 1950.2
1373530 1950.2
1373540 1957.9
1373550 1965.9
1373560 1965.9
1373570 1973.7
1373580 1981.6
1373590 1981.6
1373600 1989.2
1373610 1996.9
1373620 1996.9
1373630 2004.1
1373640 2010.9
1373650 2010.9
1373660 2017.2
1373670 2023.5
1373680 2023.5
1373690 2029.4
1373700 2035.2
1373710 2040.8
1373720 2040.8
1373730 2046.3
1373740 2052.0
1373750 2052.0
1373760 2058.8
1373770 2066.8
1373780 2066.8
1373790 2074.3
1373800 2081.1
1373810 2081.1
1373820 2087.0
1373830 2092.9
1373840 2092.9
1373850 2096.4
1373860 2095.7
1373870 2095.7
1373880 2093.5
1373890 2090.5
1373900 2089.3
1373910 2089.3
1373920 2089.0
1373930 2086.6
1373940 2086.6
1373950 2082.3
1373960 2077.1
1373970 2077.1
1373980 2072.6
1373990 2070.2
1374000 2070.2
1374010 2068.5
1374020 2067.4
1374030 2067.4
1374040 2066.8
1374050 2064.8
1374060 2064.8
1374070 2062.3
1374080 2059.6
1374090 2052.1
1374100 2049.7
1374110 2048.1
1374120 2047.6
1374130 2047.6
1374140 2048.1
1374150 2048.7
1374160 2048.7
1374170 2050.6
1374180 2053.7
1374190 2053.7
1374200 2056.8
1374210 2059.0
1374220 2059.0
1374230 2061.0
1374240 2063.4
1374250 2063.4
1374260 2065.7
1374270 2068.1
1374280 2068.1
1374290 2070.0
1374300 2071.2
1374310 2071.2
1374320 2073.1
1374330 2073.0
1374340 2073.4
1374350 2073.4
1374360 2073.3
1374370 2073.3
1374380 2073.3
1374390 2072.7
1374400 2071.2
1374410 2071.2
1374420 2067.8
1374430 2064.6
1374440 2064.6
1374450 2062.7
1374460 2061.2
1374470 2061.2
1374480 2061.6
1374490 2062.5
1374500 2062.5
1374510 2063.6
1374520 2064.6
1374530 2065.4
1374540 2065.4
1374550 2065.8
1374560 2066.4
1374570 2066.4
1374580 2067.6
1374590 2068.4
1374600 2068.4
1374610 2069.5
1374620 2070.0
1374630 2070.0
1374640 2070.3
1374650 2070.5
1374660 2070.5
1374670 2069.6
1374680 2069.0
1374690 2069.0
1374700 2068.7
1374710 2067.5
1374720 2067.5
1374730 2066.5
1374740 2066.2
1374750 2063.4
1374760 2063.4
1374770 2054.6
1374780 2045.0
1374790 2045.0
1374800 2036.5
1374810 2030.2
1374820 2030.2
1374830 2026.0
1374840 2022.7
1374850 2022.7
1374860 2018.9
1374870 2015.6
1374880 2015.6
1374890 2014.4
1374900 2012.7
1374910 2012.7
1374920 2011.8
1374930 2011.1
1374940 2011.1
1374950 2009.5
1374960 2008.0
1374970 2007.3
1374980 2007.3
1374990 2007.3
1375000 2006.6
1375010 2006.6
1375020 2006.4
1375030 2005.0
1375040 2005.0
1375050 2001.3
1375060 2005.5
1375070 2005.5
1375080 2011.1
1375090 2018.8
1375100 2018.8
1375110 2032.3
1375120 2042.8
1375130 2042.8
1375140 2052.8
1375150 2061.7
1375160 2070.8
1375170 2070.8
1375180 2080.1
1375190 2090.4
1375200 2090.4
1375210 2103.0
1375220 2114.5
1375230 2114.5
1375240 2123.8
1375250 2127.5
1375260 2127.5
1375270 2131.2
1375280 2131.8
1375290 2131.8
1375300 2131.3
1375310 2133.8
1375320 2133.8
1375330 2139.0
1375340 2142.6
1375350 2142.6
1375360 2145.1
1375370 2147.2
1375380 2148.4
1375390 2148.4
1375400 2153.8
1375410 2159.8
1375420 2159.8
1375430 2164.5
1375440 2169.6
1375450 2169.6
1375460 2175.1
1375470 2180.1
1375480 2180.1
1375490 2184.8
1375500 2188.5
1375510 2188.5
1375520 2191.0
1375530 2191.5
1375540 2191.5
1375550 2188.3
1375560 2185.8
1375570 2185.8
1375580 2185.4
1375590 2186.6
1375600 2188.4
1375610 2188.4
1375620 2189.1
1375630 2188.8
1375640 2188.8
1375650 2187.6
1375660 2184.9
1375670 2184.9
1375680 2181.9
1375690 2179.9
1375700 2179.9
1375710 2179.5
1375720 2180.4
1375730 2180.4
1375740 2181.5
1375750 2182.5
1375760 2182.5
1375770 2184.0
1375780 2185.2
1375790 2185.8
1375800 2185.8
1375810 2185.4
1375820 2182.6
1375830 2182.6
1375840 2179.1
1375850 2178.9
1375860 2178.9
1375870 2180.7
1375880 2180.5
1375890 2180.5
1375900 2180.2
1375910 2179.4
1375920 2179.4
1375930 2179.1
1375940 2178.7
1375950 2178.7
1375960 2177.9
1375970 2174.8
1375980 2174.8
1375990 2172.0
1376000 2171.4
1376010 2173.8
1376020 2173.8
1376030 2173.5
1376040 2170.1
1376050 2170.1
1376060 2165.1
1376070 2162.1
1376080 2162.1
1376090 2161.2
1376100 2162.2
1376110 2162.2
1376120 2160.5
1376130 2161.3
1376140 2161.3
1376150 2160.8
1376160 2162.3
1376170 2162.3
1376180 2163.6
1376190 2162.9
1376200 2162.9
1376210 2162.8
1376220 2167.5
1376230 2177.6
1376240 2177.6
1376250 2190.3
1376260 2193.9
1376270 2193.9
1376280 2188.9
1376290 2184.9
1376300 2184.9
1376310 2183.2
1376320 2178.2
1376330 2178.2
1376340 2173.8
1376350 2170.1
1376360 2170.1
1376370 2168.0
1376380 2168.4
1376390 2168.4
1376400 2167.3
1376410 2156.2
1376420 2155.6
1376430 2155.6
1376440 2155.9
1376450 2155.8
1376460 2155.8
1376470 2157.7
1376480 2159.6
1376490 2159.6
1376500 2158.0
1376510 2153.6
1376520 2153.6
1376530 2150.5
1376540 2150.9
1376550 2150.9
1376560 2155.5
1376570 2160.0
1376580 2160.0
1376590 2159.9
1376600 2159.8
1376610 2159.8
1376620 2159.0
1376630 2153.6
1376640 2147.4
1376650 2147.4
1376660 2148.7
1376670 2147.2
1376680 2147.2
1376690 2143.0
1376700 2142.2
1376710 2142.2
1376720 2141.8
1376730 2138.7
1376740 2138.7
1376750 2138.3
1376760 2136.2
1376770 2136.2
1376780 2135.6
1376790 2133.0
1376800 2133.0
1376810 2126.7
1376820 2120.9
1376830 2120.9
1376840 2118.7
1376850 2119.7
1376860 2116.4
1376870 2116.4
1376880 2113.9
1376890 2114.5
1376900 2114.5
1376910 2115.0
1376920 2116.0
1376930 2116.0
1376940 2117.3
1376950 2117.1
1376960 2117.1
1376970 2118.3
1376980 2120.6
1376990 2120.6
1377000 2120.1
1377010 2123.9
1377020 2123.9
1377030 2127.7
1377040 2131.3
1377050 2132.2
1377060 2132.2
1377070 2137.4
1377080 2137.9
1377090 2137.9
1377100 2133.2
1377110 2127.1
1377120 2127.1
1377130 2123.9
1377140 2130.6
1377150 2130.6
1377160 2134.0
1377170 2135.8
1377180 2135.8
1377190 2137.2
1377200 2138.3
1377210 2138.3
1377220 2139.1
1377230 2139.1
1377240 2139.1
1377250 2138.8
1377260 2138.9
1377270 2140.1
1377280 2140.1
1377290 2141.6
1377300 2143.2
1377310 2143.2
1377320 2144.8
1377330 2146.8
1377340 2146.8
1377350 2147.9
1377360 2150.2
1377370 2150.2
1377380 2152.8
1377390 2155.4
1377400 2155.4
1377410 2157.0
1377420 2155.5
1377430 2155.5
1377440 2151.0
1377450 2142.8
1377460 2142.8
1377470 2122.4
1377480 2120.2
1377490 2128.6
1377500 2128.6
1377510 2128.3
1377520 2121.2
1377530 2121.2
1377540 2123.7
1377550 2128.0
1377560 2128.0
1377570 2130.0
1377580 2128.9
1377590 2115.1
1377600 2121.9
1377610 2123.4
1377620 2123.4
1377630 2122.9
1377640 2118.6
1377650 2118.6
1377660 2108.3
1377670 2093.7
1377680 2071.8
1377690 2071.8
1377700 2063.5
1377710 2057.0
1377720 2057.0
1377730 2049.9
1377740 2042.8
1377750 2042.8
1377760 2035.9
1377770 2028.5
1377780 2028.5
1377790 2022.0
1377800 2012.4
1377810 2012.4
1377820 1999.6
1377830 1992.4
1377840 1992.4
1377850 1986.4
1377860 1982.3
1377870 1982.3
1377880 1979.5
1377890 1976.2
1377900 1972.4
1377910 1972.4
1377920 1968.6
1377930 1964.8
1377940 1964.8
1377950 1962.2
1377960 1961.1
1377970 1961.1
1377980 1959.8
1377990 1957.6
1378000 1957.6
1378010 1953.1
1378020 1948.7
1378030 1948.7
1378040 1947.9
1378050 1953.7
1378060 1953.7
1378070 1950.5
1378080 1943.1
1378090 1943.1
1378100 1934.4
1378110 1929.3
1378120 1924.6
1378130 1924.6
1378140 1913.9
1378150 1904.4
1378160 1904.4
1378170 1905.7
1378180 1908.6
1378190 1908.6
1378200 1912.0
1378210 1920.4
1378220 1920.4
1378230 1924.9
1378240 1924.3
1378250 1924.3
1378260 1923.9
1378270 1921.9
1378280 1921.9
1378290 1922.7
1378300 1928.2
1378310 1941.0
1378320 1941.0
1378330 1937.3
1378340 1931.8
1378350 1931.8
1378360 1925.0
1378370 1921.3
1378380 1921.3
1378390 1920.2
1378400 1917.8
1378410 1917.8
1378420 1915.5
1378430 1917.6
1378440 1917.6
1378450 1919.0
1378460 1919.1
1378470 1919.1
1378480 1919.4
1378490 1920.4
1378500 1920.4
1378510 1923.5
1378520 1930.2
1378530 1934.6
1378540 1934.6
1378550 1938.9
1378560 1943.1
1378570 1943.1
1378580 1948.8
1378590 1956.3
1378600 1956.3
1378610 1961.2
1378620 1966.4
1378630 1966.4
1378640 1973.6
1378650 1977.2
1378660 1977.2
1378670 1981.5
1378680 1991.8
1378690 1991.8
1378700 2002.1
1378710 2009.0
1378720 2009.0
1378730 2013.7
1378740 2017.7
1378750 2021.3
1378760 2021.3
1378770 2025.9
1378780 2025.0
1378790 2025.0
1378800 2031.3
1378810 2035.1
1378820 2035.1
1378830 2036.6
1378840 2038.2
1378850 2038.2
1378860 2040.6
1378870 2039.6
1378880 2039.6
1378890 2044.4
1378900 2054.6
1378910 2054.6
1378920 2058.4
1378930 2059.4
1378940 2065.5
1378950 2065.5
1378960 2070.4
1378970 2070.0
1378980 2070.0
1378990 2072.0
1379000 2073.0
1379010 2073.0
1379020 2073.6
1379030 2072.0
1379040 2072.0
1379050 2072.1
1379060 2074.3
1379070 2074.3
1379080 2076.4
1379090 2080.1
1379100 2080.1
1379110 2082.6
1379120 2081.0
1379130 2081.0
1379140 2080.2
1379150 2081.2
1379160 2082.8
1379170 2082.8
1379180 2083.8
1379190 2084.8
1379200 2084.8
1379210 2086.0
1379220 2086.6
1379230 2086.6
1379240 2086.9
1379250 2086.8
1379260 2086.8
1379270 2085.6
1379280 2085.0
1379290 2085.0
1379300 2086.8
1379310 2087.4
1379320 2087.4
1379330 2089.2
1379340 2093.8
1379350 2099.2
1379360 2099.2
1379370 2105.0
1379380 2110.2
1379390 2110.2
1379400 2114.3
1379410 2120.7
1379420 2120.7
1379430 2124.8
1379440 2126.3
1379450 2126.3
1379460 2126.0
1379470 2125.4
1379480 2125.4
1379490 2127.2
1379500 2131.6
1379510 2131.6
1379520 2135.3
1379530 2138.2
1379540 2138.2
1379550 2141.7
1379560 2145.4
1379570 2149.2
1379580 2149.2
1379590 2154.1
1379600 2159.4
1379610 2159.4
1379620 2162.9
1379630 2165.0
1379640 2165.0
1379650 2166.4
1379660 2167.1
1379670 2167.1
1379680 2166.4
1379690 2165.8
1379700 2165.8
1379710 2163.8
1379720 2154.4
1379730 2154.4
1379740 2149.4
1379750 2158.0
1379760 2158.0
1379770 2162.9
1379780 2168.4
1379790 2173.9
1379800 2173.9
1379810 2177.8
1379820 2179.6
1379830 2179.6
1379840 2180.2
1379850 2179.6
1379860 2179.6
1379870 2179.8
1379880 2179.6
1379890 2179.6
1379900 2178.9
1379910 2177.1
1379920 2177.1
1379930 2178.1
1379940 2174.1
1379950 2174.1
1379960 2168.9
1379970 2165.5
1379980 2157.9
1379990 2157.9
