1360000 2810.2
1360010 2810.2
1360020 2806.6
1360030 2803.2
1360040 2803.2
1360050 2795.4
1360060 2788.4
1360070 2788.4
1360080 2785.0
1360090 2779.7
1360100 2779.7
1360110 2774.7
1360120 2770.7
1360130 2770.7
1360140 2766.2
1360150 2759.3
1360160 2759.3
1360170 2753.5
1360180 2748.8
1360190 2744.0
1360200 2744.0
1360210 2740.2
1360220 2736.9
1360230 2736.9
1360240 2734.6
1360250 2731.1
1360260 2731.1
1360270 2728.4
1360280 2727.5
1360290 2727.5
1360300 2723.4
1360310 2717.0
1360320 2717.0
1360330 2710.2
1360340 2703.1
1360350 2703.1
1360360 2698.8
1360370 2697.1
1360380 2692.9
1360390 2692.9
1360400 2688.4
1360410 2683.1
1360420 2683.1
1360430 2677.6
1360440 2672.4
1360450 2672.4
1360460 2666.6
1360470 2659.4
1360480 2659.4
1360490 2654.2
1360500 2648.5
1360510 2648.5
1360520 2644.5
1360530 2641.0
1360540 2641.0
1360550 2636.2
1360560 2630.0
1360570 2630.0
1360580 2623.3
1360590 2616.1
1360600 2609.5
1360610 2609.5
1360620 2602.5
1360630 2596.1
1360640 2596.1
1360650 2590.2
1360660 2584.7
1360670 2584.7
1360680 2579.1
1360690 2573.5
1360700 2573.5
1360710 2568.2
1360720 2563.1
1360730 2563.1
1360740 2557.7
1360750 2552.3
1360760 2552.3
1360770 2546.9
1360780 2541.7
1360790 2541.7
1360800 2536.6
1360810 2531.6
1360820 2526.4
1360830 2526.4
1360840 2521.6
1360850 2517.2
1360860 2517.2
1360870 2512.6
1360880 2508.1
1360890 2508.1
1360900 2504.8
1360910 2497.9
1360920 2497.9
1360930 2489.6
1360940 2484.3
1360950 2484.3
1360960 2480.5
1360970 2474.3
1360980 2474.3
1360990 2466.2
1361000 2458.7
1361010 2451.1
1361020 2451.1
1361030 2442.8
1361040 2434.5
1361050 2434.5
1361060 2427.8
1361070 2420.6
1361080 2420.6
1361090 2413.8
1361100 2407.6
1361110 2407.6
1361120 2400.7
1361130 2394.1
1361140 2394.1
1361150 2387.6
1361160 2379.2
1361170 2379.2
1361180 2369.4
1361190 2359.3
1361200 2359.3
1361210 2352.5
1361220 2345.4
1361230 2338.4
1361240 2338.4
1361250 2329.1
1361260 2319.8
1361270 2319.8
1361280 2313.6
1361290 2305.8
1361300 2305.8
1361310 2298.6
1361320 2292.6
1361330 2292.6
1361340 2287.5
1361350 2281.8
1361360 2281.8
1361370 2275.0
1361380 2269.3
1361390 2269.3
1361400 2266.9
1361410 2264.2
1361420 2264.2
1361430 2263.0
1361440 2262.1
1361450 2260.1
1361460 2260.1
1361470 2259.2
1361480 2258.9
1361490 2258.9
1361500 2260.0
1361510 2258.9
1361520 2258.9
1361530 2258.4
1361540 2258.2
1361550 2258.2
1361560 2258.2
1361570 2261.0
1361580 2261.0
1361590 2263.2
1361600 2264.8
1361610 2264.8
1361620 2265.4
1361630 2265.9
1361640 2268.4
1361650 2268.4
1361660 2271.6
1361670 2277.0
1361680 2277.0
1361690 2284.3
1361700 2290.7
1361710 2290.7
1361720 2295.8
1361730 2301.7
1361740 2301.7
1361750 2309.0
1361760 2316.0
1361770 2316.0
1361780 2321.9
1361790 2328.1
1361800 2328.1
1361810 2335.4
1361820 2341.2
1361830 2341.2
1361840 2347.2
1361850 2356.5
1361860 2366.4
1361870 2366.4
1361880 2374.3
1361890 2380.1
1361900 2380.1
1361910 2383.5
1361920 2387.0
1361930 2387.0
1361940 2391.8
1361950 2397.8
1361960 2397.8
1361970 2400.8
1361980 2403.5
1361990 2403.5
1362000 2406.4
1362010 2408.8
1362020 2408.8
1362030 2411.5
1362040 2417.0
1362050 2417.0
1362060 2423.6
1362070 2429.5
1362080 2436.3
1362090 2436.3
1362100 2444.4
1362110 2451.3
1362120 2451.3
1362130 2457.2
1362140 2462.8
1362150 2462.8
1362160 2467.5
1362170 2470.9
1362180 2470.9
1362190 2474.8
1362200 2480.6
1362210 2480.6
1362220 2487.5
1362230 2495.1
1362240 2495.1
1362250 2501.2
1362260 2505.9
1362270 2511.2
1362280 2511.2
1362290 2517.8
1362300 2524.5
1362310 2524.5
1362320 2533.5
1362330 2540.4
1362340 2540.4
1362350 2546.1
1362360 2553.5
1362370 2553.5
1362380 2561.2
1362390 2568.3
1362400 2568.3
1362410 2575.2
1362420 2581.7
1362430 2581.7
1362440 2586.4
1362450 2592.3
1362460 2592.3
1362470 2603.4
1362480 2615.3
1362490 2632.9
1362500 2632.9
1362510 2642.2
1362520 2644.9
1362530 2644.9
1362540 2648.5
1362550 2658.0
1362560 2658.0
1362570 2668.1
1362580 2675.3
1362590 2675.3
1362600 2679.1
1362610 2683.0
1362620 2683.0
1362630 2687.7
1362640 2689.9
1362650 2689.9
1362660 2688.3
1362670 2690.9
1362680 2690.9
1362690 2694.2
1362700 2697.6
1362710 2701.4
1362720 2701.4
1362730 2704.8
1362740 2707.9
1362750 2707.9
1362760 2710.4
1362770 2712.9
1362780 2712.9
1362790 2715.3
1362800 2717.8
1362810 2717.8
1362820 2720.5
1362830 2724.0
1362840 2724.0
1362850 2725.2
1362860 2723.9
1362870 2723.9
1362880 2724.0
1362890 2724.1
1362900 2723.9
1362910 2723.9
1362920 2723.3
1362930 2722.5
1362940 2722.5
1362950 2722.9
1362960 2723.1
1362970 2723.1
1362980 2721.3
1362990 2720.1
1363000 2720.1
1363010 2720.3
1363020 2720.5
1363030 2720.5
1363040 2719.9
1363050 2719.8
1363060 2719.8
1363070 2720.7
1363080 2721.4
1363090 2721.4
1363100 2722.9
1363110 2724.3
1363120 2726.3
1363130 2726.3
1363140 2729.8
1363150 2733.8
1363160 2733.8
1363170 2738.3
1363180 2743.1
1363190 2743.1
1363200 2748.5
1363210 2754.3
1363220 2754.3
1363230 2760.2
1363240 2766.5
1363250 2766.5
1363260 2773.1
1363270 2779.9
1363280 2779.9
1363290 2786.6
1363300 2791.4
1363310 2791.4
1363320 2794.2
1363330 2796.4
1363340 2799.0
1363350 2799.0
1363360 2802.8
1363370 2807.0
1363380 2807.0
1363390 2811.7
1363400 2816.1
1363410 2816.1
1363420 2820.6
1363430 2826.0
1363440 2826.0
1363450 2831.2
1363460 2835.0
1363470 2835.0
1363480 2838.2
1363490 2840.8
1363500 2840.8
1363510 2842.3
1363520 2844.2
1363530 2844.2
1363540 2846.1
1363550 2848.1
1363560 2850.8
1363570 2850.8
1363580 2854.6
1363590 2857.8
1363600 2857.8
1363610 2859.8
1363620 2861.9
1363630 2861.9
1363640 2864.7
1363650 2867.4
1363660 2867.4
1363670 2869.2
1363680 2870.6
1363690 2870.6
1363700 2872.7
1363710 2871.7
1363720 2871.7
1363730 2873.3
1363740 2875.0
1363750 2877.4
1363760 2877.4
1363770 2879.4
1363780 2880.6
1363790 2880.6
1363800 2881.1
1363810 2881.7
1363820 2881.7
1363830 2882.0
1363840 2882.0
1363850 2882.0
1363860 2881.7
1363870 2882.1
1363880 2882.1
1363890 2884.1
1363900 2888.0
1363910 2888.0
1363920 2890.2
1363930 2892.5
1363940 2892.5
1363950 2895.0
1363960 2898.6
1363970 2902.4
1363980 2902.4
1363990 2906.7
1364000 2913.0
1364010 2913.0
1364020 2917.3
1364030 2920.5
1364040 2920.5
1364050 2926.7
1364060 2932.4
1364070 2932.4
1364080 2938.1
1364090 2942.1
1364100 2942.1
1364110 2945.0
1364120 2946.7
1364130 2946.7
1364140 2948.3
1364150 2950.6
1364160 2950.6
1364170 2953.9
1364180 2957.4
1364190 2958.5
1364200 2958.5
1364210 2960.2
1364220 2963.4
1364230 2963.4
1364240 2966.0
1364250 2969.4
1364260 2969.4
1364270 2973.4
1364280 2975.6
1364290 2975.6
1364300 2976.9
1364310 2979.2
1364320 2979.2
1364330 2981.6
1364340 2982.5
1364350 2982.5
1364360 2982.4
1364370 2980.8
1364380 2981.0
1364390 2981.0
1364400 2982.7
1364410 2985.2
1364420 2985.2
1364430 2987.9
1364440 2990.9
1364450 2990.9
1364460 2994.2
1364470 2997.6
1364480 2997.6
1364490 3001.1
1364500 3004.9
1364510 3004.9
1364520 3008.8
1364530 3012.9
1364540 3012.9
1364550 3017.0
1364560 3021.3
1364570 3021.3
1364580 3025.8
1364590 3030.4
1364600 3035.1
1364610 3035.1
1364620 3039.9
1364630 3044.7
1364640 3044.7
1364650 3049.5
1364660 3055.0
1364670 3055.0
1364680 3060.9
1364690 3067.0
1364700 3067.0
1364710 3073.9
1364720 3089.8
1364730 3089.8
1364740 3107.0
1364750 3111.1
1364760 3106.9
1364770 3103.1
1364780 3097.8
1364790 3097.8
1364800 3094.0
1364810 3092.6
1364820 3093.4
1364830 3093.4
1364840 3094.4
1364850 3095.3
1364860 3095.3
1364870 3096.6
1364880 3098.2
1364890 3098.2
1364900 3099.3
1364910 3102.9
1364920 3102.9
1364930 3108.2
1364940 3110.9
1364950 3110.9
1364960 3112.1
1364970 3110.0
1364980 3110.0
1364990 3106.0
1365000 3100.8
1365010 3095.2
1365020 3095.2
1365030 3090.8
1365040 3087.1
1365050 3087.1
1365060 3082.2
1365070 3076.0
1365080 3076.0
1365090 3075.9
1365100 3078.1
1365110 3078.1
1365120 3080.7
1365130 3080.9
1365140 3080.9
1365150 3080.5
1365160 3082.4
1365170 3082.4
1365180 3084.7
1365190 3086.7
1365200 3086.7
1365210 3087.0
1365220 3083.5
1365230 3078.9
1365240 3078.9
1365250 3075.8
1365260 3071.4
1365270 3071.4
1365280 3066.2
1365290 3061.9
1365300 3061.9
1365310 3059.2
1365320 3057.3
1365330 3057.3
1365340 3055.7
1365350 3053.9
1365360 3053.9
1365370 3052.1
1365380 3050.7
1365390 3050.7
1365400 3049.4
1365410 3048.5
1365420 3048.5
1365430 3047.4
1365440 3046.5
1365450 3045.3
1365460 3045.3
1365470 3044.9
1365480 3044.4
1365490 3044.4
1365500 3043.8
1365510 3043.2
1365520 3043.2
1365530 3042.6
1365540 3041.8
1365550 3041.8
1365560 3040.9
1365570 3039.9
1365580 3039.9
1365590 3038.8
1365600 3037.8
1365610 3037.8
1365620 3037.0
1365630 3036.7
1365640 3036.9
1365650 3036.9
1365660 3037.1
1365670 3036.6
1365680 3036.6
1365690 3036.4
1365700 3036.2
1365710 3036.2
1365720 3036.1
1365730 3036.7
1365740 3036.7
1365750 3037.7
1365760 3038.8
1365770 3038.8
1365780 3040.3
1365790 3042.1
1365800 3042.1
1365810 3045.5
1365820 3060.0
1365830 3060.0
1365840 3061.9
1365850 3060.0
1365860 3051.6
1365870 3051.6
1365880 3042.5
1365890 3034.4
1365900 3034.4
1365910 3027.2
1365920 3018.2
1365930 3018.2
1365940 3014.5
1365950 3007.5
1365960 3007.5
1365970 3001.8
1365980 2993.5
1365990 2993.5
1366000 2983.1
1366010 2975.0
1366020 2975.0
1366030 2968.7
1366040 2962.3
1366050 2962.3
1366060 2954.7
1366070 2947.2
1366080 2938.9
1366090 2938.9
1366100 2931.8
1366110 2926.4
1366120 2926.4
1366130 2921.7
1366140 2917.7
1366150 2917.7
1366160 2914.4
1366170 2911.2
1366180 2911.2
1366190 2908.0
1366200 2904.4
1366210 2904.4
1366220 2900.0
1366230 2895.8
1366240 2895.8
1366250 2891.3
1366260 2886.8
1366270 2881.9
1366280 2881.9
1366290 2876.5
1366300 2870.8
1366310 2870.8
1366320 2865.0
1366330 2859.1
1366340 2859.1
1366350 2853.3
1366360 2847.7
1366370 2847.7
1366380 2842.7
1366390 2837.9
1366400 2837.9
1366410 2833.5
1366420 2829.3
1366430 2829.3
1366440 2825.3
1366450 2821.8
1366460 2821.8
1366470 2818.7
1366480 2815.5
1366490 2812.2
1366500 2812.2
1366510 2808.9
1366520 2805.3
1366530 2805.3
1366540 2801.2
1366550 2798.1
1366560 2798.1
1366570 2795.6
1366580 2793.1
1366590 2793.1
1366600 2790.6
1366610 2788.9
1366620 2788.9
1366630 2786.9
1366640 2784.3
1366650 2784.3
1366660 2781.4
1366670 2778.4
1366680 2778.4
1366690 2776.0
1366700 2773.1
1366710 2769.3
1366720 2769.3
1366730 2766.0
1366740 2762.6
1366750 2762.6
1366760 2756.5
1366770 2751.4
1366780 2751.4
1366790 2744.9
1366800 2736.9
1366810 2736.9
1366820 2729.8
1366830 2724.0
1366840 2724.0
1366850 2719.2
1366860 2713.7
1366870 2713.7
1366880 2707.5
1366890 2702.7
1366900 2702.7
1366910 2697.3
1366920 2693.4
1366930 2690.6
1366940 2690.6
1366950 2686.1
1366960 2682.6
1366970 2682.6
1366980 2677.5
1366990 2668.6
1367000 2668.6
1367010 2659.6
1367020 2654.9
1367030 2654.9
1367040 2651.4
1367050 2647.9
1367060 2647.9
1367070 2645.3
1367080 2643.5
1367090 2643.5
1367100 2641.8
1367110 2640.3
1367120 2639.3
1367130 2639.3
1367140 2638.5
1367150 2637.1
1367160 2637.1
1367170 2636.3
1367180 2635.6
1367190 2635.6
1367200 2635.0
1367210 2634.9
1367220 2634.9
1367230 2634.2
1367240 2634.7
1367250 2634.7
1367260 2634.2
1367270 2631.6
1367280 2631.6
1367290 2628.4
1367300 2624.7
1367310 2624.7
1367320 2618.8
1367330 2610.4
1367340 2603.5
1367350 2603.5
1367360 2596.7
1367370 2592.2
1367380 2592.2
1367390 2589.4
1367400 2586.9
1367410 2586.9
1367420 2585.1
1367430 2583.6
1367440 2583.6
1367450 2582.2
1367460 2580.6
1367470 2580.6
1367480 2580.4
1367490 2581.9
1367500 2581.9
1367510 2583.9
1367520 2584.5
1367530 2584.5
1367540 2583.9
1367550 2583.4
1367560 2586.3
1367570 2586.3
1367580 2585.8
1367590 2583.3
1367600 2583.3
1367610 2581.4
1367620 2579.7
1367630 2579.7
1367640 2576.3
1367650 2571.8
1367660 2571.8
1367670 2568.2
1367680 2566.4
1367690 2566.4
1367700 2565.0
1367710 2563.2
1367720 2563.2
1367730 2562.6
1367740 2560.9
1367750 2556.1
1367760 2556.1
1367770 2556.8
1367780 2561.3
1367790 2561.3
1367800 2563.4
1367810 2569.5
1367820 2569.5
1367830 2574.4
1367840 2571.1
1367850 2571.1
1367860 2566.1
1367870 2559.8
1367880 2559.8
1367890 2544.5
1367900 2525.4
1367910 2525.4
1367920 2516.9
1367930 2524.6
1367940 2524.6
1367950 2530.6
1367960 2531.6
1367970 2537.8
1367980 2547.6
1367990 2551.4
1368000 2555.6
1368010 2555.6
1368020 2559.8
1368030 2561.2
1368040 2561.2
1368050 2557.3
1368060 2559.0
1368070 2559.0
1368080 2560.5
1368090 2552.3
1368100 2552.3
1368110 2548.4
1368120 2545.7
1368130 2545.7
1368140 2547.5
1368150 2554.8
1368160 2554.8
1368170 2568.5
1368180 2578.4
1368190 2587.0
1368200 2587.0
1368210 2593.6
1368220 2595.9
1368230 2595.9
1368240 2596.6
1368250 2602.5
1368260 2602.5
1368270 2606.8
1368280 2608.3
1368290 2608.3
1368300 2610.1
1368310 2611.0
1368320 2611.0
1368330 2611.4
1368340 2611.9
1368350 2611.9
1368360 2615.9
1368370 2620.3
1368380 2624.6
1368390 2624.6
1368400 2625.6
1368410 2625.3
1368420 2625.3
1368430 2622.1
1368440 2616.1
1368450 2616.1
1368460 2610.1
1368470 2602.9
1368480 2602.9
1368490 2594.9
1368500 2585.9
1368510 2585.9
1368520 2574.8
1368530 2562.8
1368540 2562.8
1368550 2552.8
1368560 2545.4
1368570 2545.4
1368580 2539.2
1368590 2532.5
1368600 2527.3
1368610 2527.3
1368620 2523.2
1368630 2519.0
1368640 2519.0
1368650 2515.0
1368660 2511.0
1368670 2511.0
1368680 2509.1
1368690 2504.5
1368700 2504.5
1368710 2497.0
1368720 2490.3
1368730 2490.3
1368740 2484.9
1368750 2479.2
1368760 2479.2
1368770 2471.5
1368780 2464.3
1368790 2464.3
1368800 2458.7
1368810 2455.1
1368820 2450.6
1368830 2450.6
1368840 2444.6
1368850 2439.1
1368860 2439.1
1368870 2435.2
1368880 2431.8
1368890 2431.8
1368900 2427.6
1368910 2422.9
1368920 2422.9
1368930 2418.1
1368940 2414.3
1368950 2414.3
1368960 2409.9
1368970 2405.0
1368980 2405.0
1368990 2400.2
1369000 2395.8
1369010 2390.7
1369020 2390.7
1369030 2384.8
1369040 2378.4
1369050 2378.4
1369060 2372.9
1369070 2363.5
1369080 2363.5
1369090 2358.9
1369100 2354.6
1369110 2354.6
1369120 2350.8
1369130 2345.4
1369140 2345.4
1369150 2336.5
1369160 2325.9
1369170 2325.9
1369180 2313.0
1369190 2300.8
1369200 2300.8
1369210 2293.0
1369220 2285.5
1369230 2277.5
1369240 2277.5
1369250 2271.4
1369260 2266.5
1369270 2266.5
1369280 2259.2
1369290 2252.3
1369300 2252.3
1369310 2243.6
1369320 2233.4
1369330 2233.4
1369340 2219.8
1369350 2202.1
1369360 2202.1
1369370 2187.9
1369380 2174.4
1369390 2174.4
1369400 2163.7
1369410 2154.8
1369420 2154.8
1369430 2145.8
1369440 2136.1
1369450 2127.4
1369460 2127.4
1369470 2119.3
1369480 2112.6
1369490 2112.6
1369500 2105.1
1369510 2097.3
1369520 2097.3
1369530 2089.7
1369540 2081.9
1369550 2081.9
1369560 2074.1
1369570 2067.0
1369580 2067.0
1369590 2060.3
1369600 2053.5
1369610 2053.5
1369620 2046.8
1369630 2038.9
1369640 2030.6
1369650 2030.6
1369660 2021.9
1369670 2010.6
1369680 2010.6
1369690 1996.2
1369700 1951.3
1369710 1951.3
1369720 1909.7
1369730 1894.9
1369740 1894.9
1369750 1885.9
1369760 1878.5
1369770 1878.5
1369780 1871.0
1369790 1863.5
1369800 1863.5
1369810 1855.8
1369820 1848.0
1369830 1848.0
1369840 1840.0
1369850 1832.1
1369860 1824.5
1369870 1824.5
1369880 1817.0
1369890 1809.7
1369900 1809.7
1369910 1801.9
1369920 1794.1
1369930 1794.1
1369940 1787.2
1369950 1779.7
1369960 1779.7
1369970 1772.3
1369980 1764.8
1369990 1764.8
1370000 1757.8
1370010 1750.7
1370020 1750.7
1370030 1743.8
1370040 1736.9
1370050 1736.9
1370060 1730.1
1370070 1723.5
1370080 1717.1
1370090 1717.1
1370100 1710.7
1370110 1704.3
1370120 1704.3
1370130 1698.0
1370140 1691.5
1370150 1691.5
1370160 1685.3
1370170 1679.4
1370180 1679.4
1370190 1673.5
1370200 1667.6
1370210 1667.6
1370220 1662.2
1370230 1656.7
1370240 1656.7
1370250 1651.5
1370260 1646.5
1370270 1641.7
1370280 1641.7
1370290 1636.7
1370300 1631.8
1370310 1631.8
1370320 1630.7
1370330 1633.4
1370340 1633.4
1370350 1636.3
1370360 1638.9
1370370 1638.9
1370380 1642.4
1370390 1646.8
1370400 1646.8
1370410 1651.4
1370420 1655.9
1370430 1655.9
1370440 1660.3
1370450 1664.7
1370460 1664.7
1370470 1669.2
1370480 1673.6
1370490 1678.0
1370500 1678.0
1370510 1682.0
1370520 1685.3
1370530 1685.3
1370540 1688.3
1370550 1693.2
1370560 1693.2
1370570 1699.3
1370580 1708.4
1370590 1708.4
1370600 1719.0
1370610 1730.8
1370620 1730.8
1370630 1742.7
1370640 1752.8
1370650 1752.8
1370660 1763.0
1370670 1770.6
1370680 1770.6
1370690 1777.6
1370700 1783.7
1370710 1787.2
1370720 1787.2
1370730 1792.4
1370740 1800.3
1370750 1800.3
1370760 1807.8
1370770 1820.9
1370780 1820.9
1370790 1838.8
1370800 1855.0
1370810 1855.0
1370820 1868.1
1370830 1877.0
1370840 1877.0
1370850 1884.9
1370860 1894.5
1370870 1894.5
1370880 1901.7
1370890 1908.5
1370900 1917.8
1370910 1917.8
1370920 1929.0
1370930 1939.3
1370940 1939.3
1370950 1948.7
1370960 1959.1
1370970 1959.1
1370980 1967.5
1370990 1973.2
1371000 1973.2
1371010 1982.2
1371020 1994.9
1371030 1994.9
1371040 2006.5
1371050 2015.6
1371060 2015.6
1371070 2024.4
1371080 2034.6
1371090 2034.6
1371100 2044.9
1371110 2051.3
1371120 2056.0
1371130 2056.0
1371140 2060.3
1371150 2063.1
1371160 2063.1
1371170 2067.3
1371180 2071.0
1371190 2071.0
1371200 2071.2
1371210 2078.3
1371220 2078.3
1371230 2084.5
1371240 2089.3
1371250 2089.3
1371260 2096.4
1371270 2104.2
1371280 2096.2
1371290 2101.8
1371300 2106.8
1371310 2106.8
1371320 2114.4
1371330 2121.3
1371340 2129.4
1371350 2129.4
1371360 2137.3
1371370 2141.6
1371380 2141.6
1371390 2147.5
1371400 2156.7
1371410 2156.7
1371420 2161.8
1371430 2165.7
1371440 2165.7
1371450 2172.1
1371460 2179.5
1371470 2179.5
1371480 2183.9
1371490 2191.5
1371500 2191.5
1371510 2201.4
1371520 2211.8
1371530 2211.8
1371540 2221.0
1371550 2228.8
1371560 2238.5
1371570 2238.5
1371580 2247.7
1371590 2256.3
1371600 2256.3
1371610 2265.9
1371620 2275.4
1371630 2275.4
1371640 2283.4
1371650 2289.3
1371660 2289.3
1371670 2293.9
1371680 2297.4
1371690 2297.4
1371700 2301.8
1371710 2308.3
1371720 2308.3
1371730 2316.4
1371740 2321.8
1371750 2322.2
1371760 2322.2
1371770 2321.6
1371780 2309.4
1371790 2309.4
1371800 2291.5
1371810 2271.2
1371820 2271.2
1371830 2247.4
1371840 2236.1
1371850 2236.1
1371860 2231.3
1371870 2217.2
1371880 2217.2
1371890 2206.5
1371900 2193.8
1371910 2193.8
1371920 2184.1
1371930 2173.6
1371940 2173.6
1371950 2162.6
1371960 2150.0
1371970 2135.8
1371980 2135.8
1371990 2121.4
1372000 2111.9
1372010 2111.9
1372020 2116.2
1372030 2121.1
1372040 2121.1
1372050 2121.0
1372060 2115.1
1372070 2115.1
1372080 2107.3
1372090 2093.3
1372100 2093.3
1372110 2068.3
1372120 2043.9
1372130 2043.9
1372140 2027.2
1372150 2010.6
1372160 2010.6
1372170 1995.6
1372180 1988.0
1372190 1981.7
1372200 1981.7
1372210 1972.3
1372220 1958.3
1372230 1958.3
1372240 1951.2
1372250 1944.8
1372260 1944.8
1372270 1936.2
1372280 1926.2
1372290 1926.2
1372300 1916.4
1372310 1907.5
1372320 1907.5
1372330 1897.8
1372340 1889.0
1372350 1889.0
1372360 1880.2
1372370 1871.5
1372380 1862.6
1372390 1862.6
1372400 1854.1
1372410 1846.2
1372420 1846.2
1372430 1838.0
1372440 1829.6
1372450 1829.6
1372460 1821.4
1372470 1813.3
1372480 1813.3
1372490 1805.6
1372500 1798.1
1372510 1798.1
1372520 1791.2
1372530 1784.1
1372540 1784.1
1372550 1777.3
1372560 1769.4
1372570 1769.4
1372580 1764.0
1372590 1761.1
1372600 1754.4
1372610 1754.4
1372620 1747.6
1372630 1742.4
1372640 1742.4
1372650 1737.7
1372660 1733.2
1372670 1733.2
1372680 1729.1
1372690 1724.4
1372700 1724.4
1372710 1720.4
1372720 1713.9
1372730 1713.9
1372740 1709.0
1372750 1703.3
1372760 1703.3
1372770 1695.8
1372780 1689.6
1372790 1689.6
1372800 1682.0
1372810 1679.5
1372820 1686.0
1372830 1686.0
1372840 1693.0
1372850 1698.9
1372860 1698.9
1372870 1701.7
1372880 1703.0
1372890 1703.0
1372900 1706.2
1372910 1711.7
1372920 1711.7
1372930 1718.6
1372940 1725.2
1372950 1725.2
1372960 1730.8
1372970 1736.4
1372980 1736.4
1372990 1744.0
1373000 1751.0
1373010 1763.4
1373020 1763.4
1373030 1776.5
1373040 1789.9
1373050 1789.9
1373060 1801.8
1373070 1812.8
1373080 1812.8
1373090 1823.7
1373100 1831.9
1373110 1831.9
1373120 1839.9
1373130 1848.2
1373140 1848.2
1373150 1858.1
1373160 1871.0
1373170 1871.0
1373180 1885.2
1373190 1898.4
1373200 1898.4
1373210 1907.8
1373220 1915.0
1373230 1922.0
1373240 1922.0
1373250 1928.8
1373260 1935.2
1373270 1935.2
1373280 1943.3
1373290 1953.2
1373300 1953.2
1373310 1963.0
1373320 1971.8
1373330 1971.8
1373340 1982.0
1373350 1987.8
1373360 1987.8
1373370 1993.8
1373380 1998.8
1373390 1998.8
1373400 2005.1
1373410 2012.4
1373420 2012.4
1373430 2017.2
1373440 2021.7
1373450 2026.0
1373460 2026.0
1373470 2030.2
1373480 2035.1
1373490 2035.1
1373500 2040.6
1373510 2046.2
1373520 2046.2
1373530 2052.3
1373540 2056.3
1373550 2056.3
1373560 2062.0
1373570 2066.5
1373580 2066.5
1373590 2070.4
1373600 2075.9
1373610 2075.9
1373620 2082.8
1373630 2088.6
1373640 2095.3
1373650 2095.3
1373660 2102.7
1373670 2109.4
1373680 2109.4
1373690 2115.9
1373700 2123.2
1373710 2123.2
1373720 2129.9
1373730 2139.1
1373740 2139.1
1373750 2151.3
1373760 2165.9
1373770 2165.9
1373780 2177.3
1373790 2187.6
1373800 2187.6
1373810 2196.9
1373820 2206.0
1373830 2206.0
1373840 2214.4
1373850 2220.3
1373860 2224.7
1373870 2224.7
1373880 2231.1
1373890 2234.8
1373900 2234.8
1373910 2242.9
1373920 2251.5
1373930 2251.5
1373940 2250.8
1373950 2251.6
1373960 2251.6
1373970 2255.7
1373980 2264.9
1373990 2264.9
1374000 2276.9
1374010 2293.0
1374020 2293.0
1374030 2309.9
1374040 2327.9
1374050 2327.9
1374060 2338.4
1374070 2346.1
1374080 2353.8
1374090 2353.8
1374100 2361.9
1374110 2370.2
1374120 2370.2
1374130 2378.2
1374140 2386.8
1374150 2386.8
1374160 2396.6
1374170 2407.2
1374180 2407.2
1374190 2416.1
1374200 2423.4
1374210 2423.4
1374220 2429.6
1374230 2436.2
1374240 2436.2
1374250 2443.7
1374260 2451.5
1374270 2458.9
1374280 2458.9
1374290 2466.6
1374300 2473.1
1374310 2473.1
1374320 2475.8
1374330 2480.0
1374340 2480.0
1374350 2485.9
1374360 2492.8
1374370 2492.8
1374380 2499.9
1374390 2506.9
1374400 2506.9
1374410 2513.6
1374420 2519.9
1374430 2519.9
1374440 2526.6
1374450 2532.8
1374460 2532.8
1374470 2537.1
1374480 2537.4
1374490 2535.8
1374500 2535.8
1374510 2535.2
1374520 2532.4
1374530 2532.4
1374540 2523.6
1374550 2519.4
1374560 2519.4
1374570 2521.9
1374580 2527.0
1374590 2527.0
1374600 2528.8
1374610 2521.8
1374620 2521.8
1374630 2517.4
1374640 2511.7
1374650 2511.7
1374660 2508.9
1374670 2507.8
1374680 2507.8
1374690 2495.8
1374700 2495.2
1374710 2495.8
1374720 2495.8
1374730 2498.0
1374740 2497.1
1374750 2497.1
1374760 2497.6
1374770 2499.2
1374780 2499.2
1374790 2501.3
1374800 2501.9
1374810 2501.9
1374820 2500.5
1374830 2497.9
1374840 2497.9
1374850 2494.6
1374860 2493.1
1374870 2493.1
1374880 2493.4
1374890 2493.1
1374900 2493.1
1374910 2490.4
1374920 2486.1
1374930 2478.2
1374940 2478.2
1374950 2471.9
1374960 2463.6
1374970 2463.6
1374980 2454.7
1374990 2449.4
1375000 2449.4
1375010 2446.2
1375020 2445.8
1375030 2445.8
1375040 2444.4
1375050 2438.1
1375060 2438.1
1375070 2434.9
1375080 2439.7
1375090 2439.7
1375100 2442.5
1375110 2444.2
1375120 2442.5
1375130 2442.5
1375140 2438.9
1375150 2435.7
1375160 2435.7
1375170 2430.9
1375180 2425.5
1375190 2425.5
1375200 2420.7
1375210 2415.5
1375220 2415.5
1375230 2413.5
1375240 2417.7
1375250 2417.7
1375260 2416.6
1375270 2414.7
1375280 2414.7
1375290 2410.8
1375300 2407.9
1375310 2407.9
1375320 2407.7
1375330 2408.8
1375340 2410.2
1375350 2410.2
1375360 2411.7
1375370 2412.6
1375380 2412.6
1375390 2414.4
1375400 2417.1
1375410 2417.1
1375420 2419.6
1375430 2420.5
1375440 2420.5
1375450 2419.9
1375460 2418.6
1375470 2418.6
1375480 2417.5
1375490 2416.8
1375500 2416.8
1375510 2412.0
1375520 2414.3
1375530 2414.3
1375540 2415.6
1375550 2416.1
1375560 2416.5
1375570 2416.5
1375580 2418.9
1375590 2422.2
1375600 2422.2
1375610 2426.0
1375620 2430.8
1375630 2430.8
1375640 2434.7
1375650 2437.6
1375660 2437.6
1375670 2441.8
1375680 2445.8
1375690 2445.8
1375700 2449.9
1375710 2453.7
1375720 2453.7
1375730 2457.8
1375740 2462.0
1375750 2466.5
1375760 2466.5
1375770 2470.6
1375780 2474.5
1375790 2474.5
1375800 2477.8
1375810 2480.4
1375820 2480.4
1375830 2482.8
1375840 2481.8
1375850 2481.8
1375860 2488.6
1375870 2497.1
1375880 2497.1
1375890 2509.3
1375900 2519.2
1375910 2519.2
1375920 2529.3
1375930 2541.7
1375940 2541.7
1375950 2548.9
1375960 2552.7
1375970 2556.8
1375980 2556.8
1375990 2561.4
1376000 2566.2
1376010 2566.2
1376020 2572.5
1376030 2580.1
1376040 2580.1
1376050 2591.0
1376060 2601.9
1376070 2601.9
1376080 2609.2
1376090 2619.0
1376100 2619.0
1376110 2629.7
1376120 2642.7
1376130 2642.7
1376140 2656.9
1376150 2664.2
1376160 2664.2
1376170 2659.8
1376180 2659.6
1376190 2652.9
1376200 2652.9
1376210 2647.2
1376220 2645.9
1376230 2645.9
1376240 2646.3
1376250 2650.9
1376260 2650.9
1376270 2659.0
1376280 2667.1
1376290 2667.1
1376300 2673.0
1376310 2674.9
1376320 2674.9
1376330 2671.0
1376340 2665.0
1376350 2665.0
1376360 2655.6
1376370 2646.8
1376380 2641.2
1376390 2641.2
1376400 2637.5
1376410 2639.4
1376420 2639.4
1376430 2643.2
1376440 2644.9
1376450 2644.9
1376460 2640.2
1376470 2632.1
1376480 2632.1
1376490 2623.2
1376500 2614.9
1376510 2614.9
1376520 2607.8
1376530 2600.2
1376540 2600.2
1376550 2595.5
1376560 2595.4
1376570 2595.4
1376580 2596.9
1376590 2598.7
1376600 2600.4
1376610 2600.4
1376620 2600.5
1376630 2599.6
1376640 2599.6
1376650 2598.8
1376660 2596.9
1376670 2596.9
1376680 2596.1
1376690 2595.8
1376700 2595.8
1376710 2595.3
1376720 2595.2
1376730 2595.2
1376740 2596.4
1376750 2599.1
1376760 2599.1
1376770 2601.4
1376780 2602.6
1376790 2602.6
1376800 2601.8
1376810 2598.6
1376820 2597.0
1376830 2597.0
1376840 2596.3
1376850 2594.8
1376860 2594.8
1376870 2592.9
1376880 2589.5
1376890 2589.5
1376900 2585.8
1376910 2582.6
1376920 2582.6
1376930 2577.7
1376940 2571.5
1376950 2571.5
1376960 2565.9
1376970 2562.0
1376980 2562.0
1376990 2560.9
1377000 2560.0
1377010 2557.5
1377020 2550.9
1377030 2549.5
1377040 2546.7
1377050 2546.7
1377060 2542.2
1377070 2536.7
1377080 2536.7
1377090 2531.4
1377100 2525.2
1377110 2525.2
1377120 2518.2
1377130 2509.8
1377140 2509.8
1377150 2502.3
1377160 2495.0
1377170 2495.0
1377180 2487.7
1377190 2478.8
1377200 2478.8
1377210 2467.7
1377220 2456.8
1377230 2446.8
1377240 2446.8
1377250 2436.8
1377260 2426.1
1377270 2426.1
1377280 2416.6
1377290 2407.6
1377300 2407.6
1377310 2399.0
1377320 2390.8
1377330 2390.8
1377340 2383.0
1377350 2375.2
1377360 2375.2
1377370 2367.6
1377380 2359.9
1377390 2359.9
1377400 2352.1
1377410 2344.3
1377420 2344.3
1377430 2337.1
1377440 2330.3
1377450 2323.7
1377460 2323.7
1377470 2317.1
1377480 2310.3
1377490 2310.3
1377500 2304.1
1377510 2298.2
1377520 2298.2
1377530 2291.8
1377540 2284.8
1377550 2284.8
1377560 2276.6
1377570 2268.6
1377580 2268.6
1377590 2261.3
1377600 2254.7
1377610 2254.7
1377620 2248.2
1377630 2241.3
1377640 2234.7
1377650 2234.7
1377660 2229.0
1377670 2223.2
1377680 2223.2
1377690 2217.3
1377700 2211.1
1377710 2211.1
1377720 2204.9
1377730 2198.7
1377740 2198.7
1377750 2192.7
1377760 2186.6
1377770 2186.6
1377780 2180.3
1377790 2174.6
1377800 2174.6
1377810 2167.7
1377820 2160.8
1377830 2160.8
1377840 2153.7
1377850 2145.9
1377860 2139.5
1377870 2139.5
1377880 2134.0
1377890 2128.0
1377900 2128.0
1377910 2122.1
1377920 2117.0
1377930 2117.0
1377940 2111.6
1377950 2105.0
1377960 2105.0
1377970 2099.5
1377980 2094.6
1377990 2094.6
1378000 2089.8
1378010 2086.0
1378020 2086.0
1378030 2083.4
1378040 2081.2
1378050 2081.2
1378060 2078.6
1378070 2074.6
1378080 2069.8
1378090 2069.8
1378100 2070.2
1378110 2074.6
1378120 2074.6
1378130 2076.5
1378140 2076.6
1378150 2076.6
1378160 2078.0
1378170 2082.8
1378180 2082.8
1378190 2088.6
1378200 2094.9
1378210 2094.9
1378220 2100.5
1378230 2105.8
1378240 2105.8
1378250 2111.7
1378260 2116.9
1378270 2120.8
1378280 2120.8
1378290 2125.5
1378300 2129.5
1378310 2129.5
1378320 2134.3
1378330 2140.4
1378340 2140.4
1378350 2147.0
1378360 2153.9
1378370 2153.9
1378380 2159.7
1378390 2166.3
1378400 2166.3
1378410 2174.4
1378420 2180.0
1378430 2180.0
1378440 2185.1
1378450 2190.9
1378460 2190.9
1378470 2195.9
1378480 2201.5
1378490 2207.9
1378500 2207.9
1378510 2215.4
1378520 2222.5
1378530 2222.5
1378540 2227.7
1378550 2233.2
1378560 2233.2
1378570 2239.3
1378580 2245.0
1378590 2245.0
1378600 2249.6
1378610 2254.6
1378620 2254.6
1378630 2260.1
1378640 2265.5
1378650 2265.5
1378660 2270.7
1378670 2276.1
1378680 2276.1
1378690 2287.7
1378700 2298.0
1378710 2306.1
1378720 2306.1
1378730 2311.1
1378740 2315.7
1378750 2315.7
1378760 2320.4
1378770 2325.6
1378780 2325.6
1378790 2332.0
1378800 2339.0
1378810 2339.0
1378820 2347.5
1378830 2356.6
1378840 2356.6
1378850 2365.9
1378860 2374.1
1378870 2374.1
1378880 2382.0
1378890 2389.4
1378900 2389.4
1378910 2397.2
1378920 2405.0
1378930 2413.9
1378940 2413.9
1378950 2424.2
1378960 2432.0
1378970 2432.0
1378980 2441.0
1378990 2448.1
1379000 2448.1
1379010 2454.6
1379020 2462.3
1379030 2462.3
1379040 2469.0
1379050 2475.5
1379060 2475.5
1379070 2482.6
1379080 2489.2
1379090 2489.2
1379100 2495.2
1379110 2503.1
1379120 2510.8
1379130 2510.8
1379140 2516.9
1379150 2521.7
1379160 2521.7
1379170 2526.5
1379180 2530.3
1379190 2530.3
1379200 2533.4
1379210 2536.3
1379220 2536.3
1379230 2539.7
1379240 2542.0
1379250 2542.0
1379260 2543.1
1379270 2544.5
1379280 2544.5
1379290 2546.5
1379300 2548.4
1379310 2548.4
1379320 2549.6
1379330 2550.9
1379340 2551.8
1379350 2551.8
1379360 2553.3
1379370 2554.0
1379380 2554.0
1379390 2550.3
1379400 2538.3
1379410 2538.3
1379420 2536.2
1379430 2536.0
1379440 2536.0
1379450 2537.7
1379460 2541.0
1379470 2541.0
1379480 2545.2
1379490 2548.2
1379500 2548.2
1379510 2553.8
1379520 2561.4
1379530 2561.4
1379540 2569.7
1379550 2579.2
1379560 2590.2
1379570 2590.2
1379580 2599.4
1379590 2603.9
1379600 2603.9
1379610 2607.6
1379620 2609.2
1379630 2609.2
1379640 2611.8
1379650 2614.2
1379660 2614.2
1379670 2616.4
1379680 2618.3
1379690 2618.3
1379700 2619.7
1379710 2619.9
1379720 2619.9
1379730 2620.3
1379740 2621.0
1379750 2622.0
1379760 2622.0
1379770 2622.2
1379780 2622.1
1379790 2622.1
1379800 2622.3
1379810 2622.8
1379820 2622.8
1379830 2621.5
1379840 2619.0
1379850 2619.0
1379860 2616.0
1379870 2615.7
1379880 2615.7
1379890 2616.5
1379900 2615.8
1379910 2615.8
1379920 2615.2
1379930 2613.8
1379940 2613.8
1379950 2612.1
1379960 2609.2
1379970 2603.6
1379980 2603.6
1379990 2596.8
