1360000 2865.4
1360010 2861.6
1360020 2861.6
1360030 2857.7
1360040 2853.8
1360050 2853.8
1360060 2850.1
1360070 2846.5
1360080 2846.5
1360090 2842.6
1360100 2838.3
1360110 2834.3
1360120 2834.3
1360130 2830.4
1360140 2826.7
1360150 2826.7
1360160 2823.1
1360170 2819.0
1360180 2819.0
1360190 2814.8
1360200 2811.2
1360210 2811.2
1360220 2807.0
1360230 2801.3
1360240 2801.3
1360250 2794.2
1360260 2786.9
1360270 2786.9
1360280 2779.5
1360290 2772.5
1360300 2772.5
1360310 2767.0
1360320 2761.9
1360330 2756.3
1360340 2756.3
1360350 2751.0
1360360 2745.4
1360370 2745.4
1360380 2739.2
1360390 2733.7
1360400 2733.7
1360410 2729.9
1360420 2726.1
1360430 2726.1
1360440 2720.8
1360450 2714.8
1360460 2714.8
1360470 2708.3
1360480 2701.5
1360490 2701.5
1360500 2695.3
1360510 2690.7
1360520 2684.1
1360530 2684.1
1360540 2679.8
1360550 2675.3
1360560 2675.3
1360570 2669.1
1360580 2662.7
1360590 2662.7
1360600 2656.3
1360610 2650.1
1360620 2650.1
1360630 2644.3
1360640 2638.4
1360650 2638.4
1360660 2632.5
1360670 2624.5
1360680 2624.5
1360690 2617.2
1360700 2608.7
1360710 2608.7
1360720 2601.8
1360730 2594.7
1360740 2584.5
1360750 2584.5
1360760 2574.2
1360770 2561.3
1360780 2561.3
1360790 2543.4
1360800 2531.2
1360810 2531.2
1360820 2511.0
1360830 2503.2
1360840 2503.2
1360850 2495.1
1360860 2485.3
1360870 2485.3
1360880 2477.2
1360890 2471.9
1360900 2471.9
1360910 2461.4
1360920 2451.5
1360930 2451.5
1360940 2442.3
1360950 2433.9
1360960 2423.4
1360970 2423.4
1360980 2414.9
1360990 2408.8
1361000 2408.8
1361010 2404.9
1361020 2398.6
1361030 2398.6
1361040 2390.7
1361050 2384.0
1361060 2384.0
1361070 2381.6
1361080 2380.7
1361090 2380.7
1361100 2376.5
1361110 2369.3
1361120 2369.3
1361130 2361.1
1361140 2353.1
1361150 2345.1
1361160 2345.1
1361170 2335.9
1361180 2329.9
1361190 2329.9
1361200 2324.0
1361210 2319.0
1361220 2319.0
1361230 2312.0
1361240 2305.2
1361250 2305.2
1361260 2297.3
1361270 2291.5
1361280 2291.5
1361290 2288.9
1361300 2285.1
1361310 2285.1
1361320 2280.8
1361330 2276.1
1361340 2276.1
1361350 2270.8
1361360 2264.8
1361370 2259.4
1361380 2259.4
1361390 2254.5
1361400 2250.0
1361410 2250.0
1361420 2245.1
1361430 2240.2
1361440 2240.2
1361450 2235.2
1361460 2231.0
1361470 2231.0
1361480 2227.8
1361490 2224.9
1361500 2224.9
1361510 2222.7
1361520 2219.9
1361530 2219.9
1361540 2218.3
1361550 2218.0
1361560 2218.0
1361570 2218.1
1361580 2217.1
1361590 2215.5
1361600 2215.5
1361610 2214.2
1361620 2213.0
1361630 2213.0
1361640 2210.4
1361650 2208.3
1361660 2208.3
1361670 2207.7
1361680 2209.7
1361690 2209.7
1361700 2213.1
1361710 2216.1
1361720 2216.1
1361730 2218.7
1361740 2221.6
1361750 2221.6
1361760 2227.0
1361770 2228.5
1361780 2226.9
1361790 2226.9
1361800 2225.8
1361810 2226.2
1361820 2226.2
1361830 2227.9
1361840 2230.0
1361850 2226.3
1361860 2229.8
1361870 2232.4
1361880 2232.4
1361890 2234.5
1361900 2237.4
1361910 2237.4
1361920 2241.4
1361930 2246.3
1361940 2246.3
1361950 2250.9
1361960 2255.3
1361970 2255.3
1361980 2260.1
1361990 2263.9
1362000 2268.3
1362010 2268.3
1362020 2273.1
1362030 2278.7
1362040 2278.7
1362050 2284.4
1362060 2290.1
1362070 2290.1
1362080 2295.7
1362090 2300.6
1362100 2300.6
1362110 2304.6
1362120 2308.9
1362130 2308.9
1362140 2312.5
1362150 2316.1
1362160 2316.1
1362170 2320.5
1362180 2325.1
1362190 2325.1
1362200 2330.0
1362210 2334.8
1362220 2339.5
1362230 2339.5
1362240 2343.0
1362250 2348.5
1362260 2348.5
1362270 2357.5
1362280 2365.0
1362290 2365.0
1362300 2370.4
1362310 2376.9
1362320 2376.9
1362330 2386.3
1362340 2393.6
1362350 2393.6
1362360 2398.6
1362370 2401.7
1362380 2401.7
1362390 2406.5
1362400 2411.7
1362410 2417.5
1362420 2417.5
1362430 2422.5
1362440 2427.4
1362450 2427.4
1362460 2433.0
1362470 2439.1
1362480 2439.1
1362490 2444.8
1362500 2449.2
1362510 2449.2
1362520 2453.0
1362530 2456.4
1362540 2456.4
1362550 2459.5
1362560 2463.8
1362570 2463.8
1362580 2467.4
1362590 2472.7
1362600 2472.7
1362610 2478.0
1362620 2481.3
1362630 2486.5
1362640 2486.5
1362650 2490.9
1362660 2495.6
1362670 2495.6
1362680 2503.3
1362690 2513.5
1362700 2513.5
1362710 2522.1
1362720 2527.6
1362730 2527.6
1362740 2533.2
1362750 2540.3
1362760 2540.3
1362770 2548.1
1362780 2556.7
1362790 2556.7
1362800 2565.7
1362810 2572.2
1362820 2572.2
1362830 2576.8
1362840 2583.2
1362850 2589.5
1362860 2589.5
1362870 2596.8
1362880 2603.3
1362890 2594.7
1362900 2598.0
1362910 2603.9
1362920 2603.9
1362930 2610.4
1362940 2617.0
1362950 2617.0
1362960 2623.0
1362970 2628.0
1362980 2628.0
1362990 2631.3
1363000 2634.5
1363010 2634.5
1363020 2640.1
1363030 2645.1
1363040 2648.9
1363050 2648.9
1363060 2652.8
1363070 2657.9
1363080 2657.9
1363090 2662.7
1363100 2667.0
1363110 2667.0
1363120 2671.5
1363130 2676.8
1363140 2676.8
1363150 2682.2
1363160 2687.7
1363170 2687.7
1363180 2693.8
1363190 2699.9
1363200 2699.9
1363210 2705.2
1363220 2709.8
1363230 2709.8
1363240 2714.4
1363250 2719.0
1363260 2724.1
1363270 2724.1
1363280 2729.4
1363290 2734.6
1363300 2734.6
1363310 2739.4
1363320 2744.1
1363330 2744.1
1363340 2749.1
1363350 2752.9
1363360 2752.9
1363370 2755.2
1363380 2757.2
1363390 2757.2
1363400 2759.4
1363410 2761.7
1363420 2761.7
1363430 2764.3
1363440 2767.1
1363450 2767.1
1363460 2769.4
1363470 2771.6
1363480 2773.7
1363490 2773.7
1363500 2775.4
1363510 2776.8
1363520 2776.8
1363530 2777.9
1363540 2779.1
1363550 2779.1
1363560 2780.5
1363570 2782.4
1363580 2782.4
1363590 2784.4
1363600 2786.5
1363610 2786.5
1363620 2788.8
1363630 2791.0
1363640 2791.0
1363650 2793.2
1363660 2795.4
1363670 2797.5
1363680 2797.5
1363690 2799.5
1363700 2801.3
1363710 2801.3
1363720 2803.0
1363730 2804.6
1363740 2804.6
1363750 2807.1
1363760 2810.4
1363770 2810.4
1363780 2814.0
1363790 2818.1
1363800 2818.1
1363810 2822.2
1363820 2825.5
1363830 2825.5
1363840 2828.4
1363850 2831.9
1363860 2831.9
1363870 2835.4
1363880 2839.1
1363890 2842.9
1363900 2842.9
1363910 2846.9
1363920 2851.2
1363930 2853.5
1363940 2858.1
1363950 2863.1
1363960 2863.1
1363970 2868.8
1363980 2874.1
1363990 2874.1
1364000 2881.0
1364010 2889.3
1364020 2889.3
1364030 2897.4
1364040 2904.9
1364050 2904.9
1364060 2911.8
1364070 2918.8
1364080 2918.8
1364090 2926.5
1364100 2937.2
1364110 2952.9
1364120 2952.9
1364130 2972.2
1364140 2995.1
1364150 2995.1
1364160 3008.6
1364170 3017.9
1364180 3017.9
1364190 3026.8
1364200 3033.9
1364210 3033.9
1364220 3040.1
1364230 3046.2
1364240 3046.2
1364250 3052.3
1364260 3059.5
1364270 3059.5
1364280 3065.0
1364290 3069.5
1364300 3075.0
1364310 3075.0
1364320 3081.5
1364330 3094.8
1364340 3094.8
1364350 3110.6
1364360 3131.4
1364370 3131.4
1364380 3150.5
1364390 3152.1
1364400 3152.1
1364410 3153.1
1364420 3160.5
1364430 3160.5
1364440 3169.1
1364450 3182.4
1364460 3182.4
1364470 3194.0
1364480 3191.2
1364490 3191.2
1364500 3183.2
1364510 3172.9
1364520 3164.2
1364530 3164.2
1364540 3153.5
1364550 3142.9
1364560 3142.9
1364570 3133.5
1364580 3123.9
1364590 3123.9
1364600 3119.5
1364610 3113.1
1364620 3113.1
1364630 3102.6
1364640 3091.6
1364650 3091.6
1364660 3074.7
1364670 3059.6
1364680 3059.6
1364690 3047.8
1364700 3033.9
1364710 3033.9
1364720 3019.0
1364730 3008.1
1364740 3000.6
1364750 3000.6
1364760 2993.4
1364770 2986.5
1364780 2986.5
1364790 2980.0
1364800 2973.4
1364810 2973.4
1364820 2966.7
1364830 2960.7
1364840 2960.7
1364850 2954.5
1364860 2949.3
1364870 2949.3
1364880 2945.5
1364890 2940.6
1364900 2940.6
1364910 2936.4
1364920 2931.8
1364930 2925.9
1364940 2925.9
1364950 2921.3
1364960 2918.6
1364970 2918.6
1364980 2917.7
1364990 2916.9
1365000 2916.9
1365010 2916.9
1365020 2916.9
1365030 2916.9
1365040 2917.3
1365050 2920.0
1365060 2920.0
1365070 2922.3
1365080 2927.4
1365090 2927.4
1365100 2930.6
1365110 2929.1
1365120 2929.1
1365130 2927.1
1365140 2928.0
1365150 2932.5
1365160 2932.5
1365170 2934.1
1365180 2934.6
1365190 2934.6
1365200 2936.4
1365210 2939.1
1365220 2939.1
1365230 2941.2
1365240 2943.4
1365250 2943.4
1365260 2945.0
1365270 2946.6
1365280 2946.6
1365290 2949.3
1365300 2952.1
1365310 2952.1
1365320 2954.9
1365330 2957.8
1365340 2957.8
1365350 2960.9
1365360 2964.8
1365370 2970.3
1365380 2970.3
1365390 2980.9
1365400 2984.5
1365410 2984.5
1365420 2990.7
1365430 2995.3
1365440 2995.3
1365450 2996.4
1365460 3000.0
1365470 3000.0
1365480 3007.0
1365490 3018.2
1365500 3018.2
1365510 3039.6
1365520 3081.1
1365530 3081.1
1365540 3096.5
1365550 3103.6
1365560 3106.2
1365570 3106.2
1365580 3109.4
1365590 3114.4
1365600 3114.4
1365610 3118.9
1365620 3125.6
1365630 3125.6
1365640 3136.0
1365650 3148.7
1365660 3148.7
1365670 3153.6
1365680 3155.6
1365690 3155.6
1365700 3154.9
1365710 3150.9
1365720 3150.9
1365730 3147.3
1365740 3146.3
1365750 3146.3
1365760 3144.9
1365770 3140.1
1365780 3132.2
1365790 3132.2
1365800 3129.6
1365810 3139.4
1365820 3139.4
1365830 3160.5
1365840 3180.2
1365850 3180.2
1365860 3186.8
1365870 3188.2
1365880 3188.2
1365890 3191.0
1365900 3194.5
1365910 3194.5
1365920 3185.8
1365930 3169.7
1365940 3169.7
1365950 3156.5
1365960 3138.3
1365970 3138.3
1365980 3120.3
1365990 3103.1
1366000 3085.6
1366010 3085.6
1366020 3075.5
1366030 3069.7
1366040 3069.7
1366050 3054.2
1366060 3047.4
1366070 3047.4
1366080 3040.3
1366090 3032.7
1366100 3032.7
1366110 3024.8
1366120 3019.2
1366130 3019.2
1366140 3014.0
1366150 3009.1
1366160 3009.1
1366170 3005.1
1366180 3001.6
1366190 2998.4
1366200 2998.4
1366210 2995.9
1366220 2993.3
1366230 2993.3
1366240 2990.8
1366250 2989.6
1366260 2989.6
1366270 2990.0
1366280 2992.1
1366290 2992.1
1366300 2995.1
1366310 2997.9
1366320 2997.9
1366330 3001.2
1366340 3005.8
1366350 3005.8
1366360 3011.3
1366370 3019.1
1366380 3019.1
1366390 3032.4
1366400 3047.1
1366410 3054.6
1366420 3054.6
1366430 3061.4
1366440 3068.6
1366450 3068.6
1366460 3073.6
1366470 3074.4
1366480 3074.4
1366490 3073.0
1366500 3071.0
1366510 3071.0
1366520 3068.6
1366530 3066.3
1366540 3066.3
1366550 3063.8
1366560 3061.2
1366570 3061.2
1366580 3058.6
1366590 3055.7
1366600 3055.7
1366610 3052.7
1366620 3049.4
1366630 3045.9
1366640 3045.9
1366650 3042.0
1366660 3037.9
1366670 3037.9
1366680 3033.4
1366690 3028.6
1366700 3028.6
1366710 3023.5
1366720 3018.1
1366730 3018.1
1366740 3012.7
1366750 3007.8
1366760 3007.8
1366770 3003.7
1366780 2999.7
1366790 2999.7
1366800 2996.1
1366810 2993.0
1366820 2990.2
1366830 2990.2
1366840 2987.2
1366850 2984.2
1366860 2984.2
1366870 2981.0
1366880 2977.4
1366890 2977.4
1366900 2973.7
1366910 2970.0
1366920 2970.0
1366930 2966.1
1366940 2962.1
1366950 2962.1
1366960 2958.0
1366970 2953.4
1366980 2953.4
1366990 2948.8
1367000 2944.4
1367010 2944.4
1367020 2940.4
1367030 2936.8
1367040 2933.0
1367050 2933.0
1367060 2928.8
1367070 2924.6
1367080 2924.6
1367090 2920.5
1367100 2917.0
1367110 2917.0
1367120 2914.3
1367130 2914.4
1367140 2914.4
1367150 2913.7
1367160 2912.8
1367170 2912.8
1367180 2911.7
1367190 2910.5
1367200 2910.5
1367210 2909.5
1367220 2908.5
1367230 2908.5
1367240 2907.3
1367250 2905.6
1367260 2904.0
1367270 2904.0
1367280 2902.1
1367290 2900.3
1367300 2900.3
1367310 2899.1
1367320 2898.2
1367330 2898.2
1367340 2897.5
1367350 2896.7
1367360 2896.7
1367370 2895.2
1367380 2893.6
1367390 2893.6
1367400 2890.9
1367410 2888.3
1367420 2888.3
1367430 2885.8
1367440 2882.8
1367450 2878.4
1367460 2878.4
1367470 2873.4
1367480 2868.4
1367490 2868.4
1367500 2864.6
1367510 2860.9
1367520 2860.9
1367530 2856.6
1367540 2851.3
1367550 2851.3
1367560 2846.8
1367570 2843.3
1367580 2843.3
1367590 2840.0
1367600 2836.8
1367610 2836.8
1367620 2832.8
1367630 2828.7
1367640 2828.7
1367650 2825.5
1367660 2823.5
1367670 2822.3
1367680 2822.3
1367690 2821.6
1367700 2820.2
1367710 2820.2
1367720 2818.3
1367730 2815.5
1367740 2815.5
1367750 2812.7
1367760 2810.8
1367770 2810.8
1367780 2808.2
1367790 2804.7
1367800 2804.7
1367810 2800.8
1367820 2797.9
1367830 2797.9
1367840 2794.8
1367850 2791.6
1367860 2791.6
1367870 2788.8
1367880 2786.3
1367890 2782.3
1367900 2782.3
1367910 2778.6
1367920 2774.7
1367930 2774.7
1367940 2772.5
1367950 2772.8
1367960 2772.8
1367970 2772.5
1367980 2769.6
1367990 2769.6
1368000 2765.4
1368010 2761.6
1368020 2761.6
1368030 2759.2
1368040 2757.4
1368050 2757.4
1368060 2753.5
1368070 2750.8
1368080 2746.6
1368090 2746.6
1368100 2743.9
1368110 2743.0
1368120 2743.0
1368130 2741.3
1368140 2738.7
1368150 2738.7
1368160 2736.7
1368170 2733.9
1368180 2733.9
1368190 2730.2
1368200 2725.5
1368210 2726.8
1368220 2722.4
1368230 2717.3
1368240 2717.3
1368250 2712.0
1368260 2707.7
1368270 2707.7
1368280 2703.5
1368290 2697.7
1368300 2693.2
1368310 2693.2
1368320 2690.2
1368330 2687.7
1368340 2687.7
1368350 2683.9
1368360 2680.0
1368370 2680.0
1368380 2676.7
1368390 2670.5
1368400 2670.5
1368410 2661.2
1368420 2651.5
1368430 2651.5
1368440 2644.0
1368450 2638.8
1368460 2638.8
1368470 2633.3
1368480 2627.2
1368490 2627.2
1368500 2619.6
1368510 2611.2
1368520 2603.0
1368530 2603.0
1368540 2595.6
1368550 2588.6
1368560 2588.6
1368570 2581.3
1368580 2575.0
1368590 2575.0
1368600 2569.0
1368610 2562.8
1368620 2562.8
1368630 2556.9
1368640 2550.4
1368650 2550.4
1368660 2544.0
1368670 2538.1
1368680 2538.1
1368690 2532.9
1368700 2528.2
1368710 2524.3
1368720 2524.3
1368730 2520.6
1368740 2516.3
1368750 2516.3
1368760 2510.7
1368770 2505.6
1368780 2505.6
1368790 2499.8
1368800 2492.3
1368810 2492.3
1368820 2483.8
1368830 2477.2
1368840 2477.2
1368850 2467.0
1368860 2456.6
1368870 2456.6
1368880 2445.9
1368890 2439.6
1368900 2439.6
1368910 2436.6
1368920 2432.6
1368930 2424.8
1368940 2424.8
1368950 2417.6
1368960 2413.8
1368970 2413.8
1368980 2410.2
1368990 2405.2
1369000 2405.2
1369010 2397.6
1369020 2388.5
1369030 2388.5
1369040 2382.5
1369050 2381.8
1369060 2381.8
1369070 2379.7
1369080 2375.8
1369090 2375.8
1369100 2373.0
1369110 2366.3
1369120 2366.3
1369130 2357.5
1369140 2348.5
1369150 2341.5
1369160 2341.5
1369170 2340.1
1369180 2341.1
1369190 2341.1
1369200 2339.6
1369210 2336.1
1369220 2336.1
1369230 2331.4
1369240 2326.9
1369250 2326.9
1369260 2322.1
1369270 2316.4
1369280 2316.4
1369290 2310.7
1369300 2304.5
1369310 2310.5
1369320 2304.1
1369330 2298.1
1369340 2291.8
1369350 2291.8
1369360 2284.4
1369370 2274.2
1369380 2274.2
1369390 2265.5
1369400 2257.2
1369410 2257.2
1369420 2248.5
1369430 2240.5
1369440 2240.5
1369450 2232.9
1369460 2225.1
1369470 2225.1
1369480 2217.1
1369490 2206.3
1369500 2206.3
1369510 2196.1
1369520 2187.2
1369530 2187.2
1369540 2179.6
1369550 2172.7
1369560 2165.7
1369570 2165.7
1369580 2158.5
1369590 2151.3
1369600 2151.3
1369610 2143.8
1369620 2135.6
1369630 2135.6
1369640 2127.3
1369650 2119.7
1369660 2119.7
1369670 2113.2
1369680 2106.7
1369690 2106.7
1369700 2098.5
1369710 2090.5
1369720 2090.5
1369730 2083.5
1369740 2077.0
1369750 2077.0
1369760 2068.5
1369770 2058.1
1369780 2027.7
1369790 2027.7
1369800 1978.3
1369810 1946.0
1369820 1946.0
1369830 1929.7
1369840 1913.3
1369850 1913.3
1369860 1901.2
1369870 1890.3
1369880 1890.3
1369890 1880.3
1369900 1870.6
1369910 1870.6
1369920 1860.4
1369930 1851.5
1369940 1851.5
1369950 1843.0
1369960 1834.9
1369970 1826.4
1369980 1826.4
1369990 1816.8
1370000 1808.1
1370010 1808.1
1370020 1799.7
1370030 1792.6
1370040 1792.6
1370050 1785.5
1370060 1775.2
1370070 1775.2
1370080 1765.9
1370090 1755.1
1370100 1755.1
1370110 1746.9
1370120 1738.2
1370130 1738.2
1370140 1728.6
1370150 1720.1
1370160 1720.1
1370170 1711.0
1370180 1701.9
1370190 1693.9
1370200 1693.9
1370210 1686.5
1370220 1678.9
1370230 1678.9
1370240 1671.8
1370250 1664.2
1370260 1664.2
1370270 1657.0
1370280 1649.8
1370290 1649.8
1370300 1642.8
1370310 1635.8
1370320 1635.8
1370330 1628.8
1370340 1622.2
1370350 1622.2
1370360 1615.4
1370370 1608.5
1370380 1601.8
1370390 1601.8
1370400 1594.8
1370410 1589.0
1370420 1589.0
1370430 1583.6
1370440 1578.3
1370450 1578.3
1370460 1571.3
1370470 1564.0
1370480 1564.0
1370490 1560.3
1370500 1558.7
1370510 1558.7
1370520 1557.1
1370530 1558.1
1370540 1558.1
1370550 1560.6
1370560 1563.9
1370570 1563.9
1370580 1567.0
1370590 1569.5
1370600 1572.0
1370610 1572.0
1370620 1573.8
1370630 1575.7
1370640 1575.7
1370650 1577.0
1370660 1579.1
1370670 1579.1
1370680 1581.4
1370690 1583.8
1370700 1583.8
1370710 1586.7
1370720 1589.9
1370730 1589.9
1370740 1594.1
1370750 1599.1
1370760 1599.1
1370770 1604.7
1370780 1610.6
1370790 1610.6
1370800 1616.2
1370810 1620.2
1370820 1624.6
1370830 1624.6
1370840 1629.7
1370850 1635.9
1370860 1635.9
1370870 1641.5
1370880 1647.0
1370890 1647.0
1370900 1653.7
1370910 1659.5
1370920 1659.5
1370930 1664.4
1370940 1669.1
1370950 1669.1
1370960 1675.0
1370970 1681.5
1370980 1681.5
1370990 1686.6
1371000 1691.7
1371010 1696.5
1371020 1696.5
1371030 1701.7
1371040 1707.1
1371050 1707.1
1371060 1714.1
1371070 1721.3
1371080 1721.3
1371090 1727.8
1371100 1734.2
1371110 1734.2
1371120 1741.5
1371130 1750.3
1371140 1750.3
1371150 1761.3
1371160 1773.1
1371170 1773.1
1371180 1781.8
1371190 1789.5
1371200 1789.5
1371210 1796.8
1371220 1803.5
1371230 1809.7
1371240 1809.7
1371250 1815.3
1371260 1822.3
1371270 1822.3
1371280 1832.0
1371290 1840.1
1371300 1840.1
1371310 1846.7
1371320 1853.9
1371330 1853.9
1371340 1863.3
1371350 1871.5
1371360 1871.5
1371370 1880.1
1371380 1888.2
1371390 1888.2
1371400 1894.9
1371410 1901.7
1371420 1901.7
1371430 1908.8
1371440 1913.9
1371450 1917.7
1371460 1917.7
1371470 1924.8
1371480 1931.8
1371490 1931.8
1371500 1938.2
1371510 1946.0
1371520 1946.0
1371530 1951.2
1371540 1967.8
1371550 1967.8
1371560 1991.8
1371570 2018.7
1371580 2018.7
1371590 2036.4
1371600 2038.6
1371610 2038.6
1371620 2040.9
1371630 2042.5
1371640 2040.9
1371650 2040.9
1371660 2038.9
1371670 2036.6
1371680 2036.6
1371690 2039.7
1371700 2053.4
1371710 2053.4
1371720 2072.0
1371730 2090.9
1371740 2090.9
1371750 2106.0
1371760 2118.9
1371770 2118.9
1371780 2134.9
1371790 2152.9
1371800 2152.9
1371810 2167.1
1371820 2179.2
1371830 2179.2
1371840 2191.4
1371850 2202.7
1371860 2213.7
1371870 2213.7
1371880 2225.8
1371890 2234.9
1371900 2234.9
1371910 2242.6
1371920 2245.3
1371930 2245.3
1371940 2244.5
1371950 2243.7
1371960 2243.7
1371970 2242.4
1371980 2239.8
1371990 2239.8
1372000 2236.4
1372010 2233.0
1372020 2233.0
1372030 2226.6
1372040 2219.7
1372050 2219.7
1372060 2212.5
1372070 2204.8
1372080 2197.9
1372090 2197.9
1372100 2189.5
1372110 2180.2
1372120 2180.2
1372130 2170.9
1372140 2161.1
1372150 2161.1
1372160 2146.4
1372170 2129.9
1372180 2129.9
1372190 2117.8
1372200 2102.1
1372210 2102.1
1372220 2077.5
1372230 2057.5
1372240 2057.5
1372250 2044.4
1372260 2034.2
1372270 2025.7
1372280 2025.7
1372290 2016.4
1372300 2008.4
1372310 2008.4
1372320 2000.8
1372330 1991.3
1372340 1991.3
1372350 1981.3
1372360 1968.7
1372370 1968.7
1372380 1945.2
1372390 1903.1
1372400 1903.1
1372410 1843.0
1372420 1783.7
1372430 1783.7
1372440 1763.5
1372450 1756.3
1372460 1756.3
1372470 1748.9
1372480 1741.2
1372490 1733.2
1372500 1733.2
1372510 1723.7
1372520 1713.8
1372530 1713.8
1372540 1703.9
1372550 1697.0
1372560 1697.0
1372570 1692.2
1372580 1686.1
1372590 1686.1
1372600 1681.2
1372610 1673.7
1372620 1673.7
1372630 1666.2
1372640 1658.3
1372650 1654.0
1372660 1644.1
1372670 1631.5
1372680 1631.5
1372690 1621.8
1372700 1621.7
1372710 1628.4
1372720 1628.4
1372730 1634.7
1372740 1640.6
1372750 1640.6
1372760 1645.2
1372770 1649.9
1372780 1649.9
1372790 1653.2
1372800 1657.2
1372810 1657.2
1372820 1660.6
1372830 1662.8
1372840 1662.8
1372850 1666.7
1372860 1670.1
1372870 1670.1
1372880 1674.1
1372890 1679.2
1372900 1683.4
1372910 1683.4
1372920 1688.0
1372930 1694.5
1372940 1694.5
1372950 1701.1
1372960 1706.9
1372970 1706.9
1372980 1711.7
1372990 1716.9
1373000 1716.9
1373010 1723.0
1373020 1729.3
1373030 1729.3
1373040 1736.5
1373050 1746.3
1373060 1746.3
1373070 1756.0
1373080 1768.8
1373090 1768.8
1373100 1784.0
1373110 1801.0
1373120 1816.1
1373130 1816.1
1373140 1826.1
1373150 1834.0
1373160 1834.0
1373170 1842.3
1373180 1850.9
1373190 1850.9
1373200 1859.3
1373210 1865.8
1373220 1865.8
1373230 1874.6
1373240 1885.2
1373250 1885.2
1373260 1894.6
1373270 1904.4
1373280 1904.4
1373290 1916.1
1373300 1926.8
1373310 1926.8
1373320 1934.4
1373330 1940.5
1373340 1945.9
1373350 1945.9
1373360 1950.2
1373370 1956.3
1373380 1956.3
1373390 1961.5
1373400 1970.2
1373410 1970.2
1373420 1985.5
1373430 2000.0
1373440 2000.0
1373450 2007.4
1373460 2014.9
1373470 2014.9
1373480 2023.9
1373490 2035.6
1373500 2035.6
1373510 2049.0
1373520 2058.6
1373530 2066.8
1373540 2066.8
1373550 2073.4
1373560 2075.2
1373570 2075.2
1373580 2077.1
1373590 2080.6
1373600 2080.6
1373610 2081.3
1373620 2085.3
1373630 2085.3
1373640 2094.1
1373650 2103.2
1373660 2103.2
1373670 2115.1
1373680 2122.3
1373690 2122.3
1373700 2125.3
1373710 2137.5
1373720 2137.5
1373730 2155.5
1373740 2169.2
1373750 2180.2
1373760 2180.2
1373770 2187.9
1373780 2190.3
1373790 2176.3
1373800 2184.8
1373810 2192.1
1373820 2192.1
1373830 2196.4
1373840 2196.8
1373850 2196.8
1373860 2193.6
1373870 2186.7
1373880 2186.7
1373890 2184.1
1373900 2186.0
1373910 2186.0
1373920 2189.5
1373930 2192.5
1373940 2192.5
1373950 2194.9
1373960 2197.4
1373970 2199.8
1373980 2199.8
1373990 2202.5
1374000 2205.8
1374010 2205.8
1374020 2210.8
1374030 2218.3
1374040 2218.3
1374050 2226.4
1374060 2233.3
1374070 2233.3
1374080 2240.4
1374090 2246.7
1374100 2246.7
1374110 2250.3
1374120 2253.0
1374130 2253.0
1374140 2253.9
1374150 2251.3
1374160 2245.0
1374170 2245.0
1374180 2237.0
1374190 2226.5
1374200 2226.5
1374210 2219.0
1374220 2209.3
1374230 2209.3
1374240 2200.7
1374250 2195.3
1374260 2195.3
1374270 2194.0
1374280 2194.2
1374290 2194.2
1374300 2193.4
1374310 2192.8
1374320 2192.8
1374330 2192.7
1374340 2194.1
1374350 2194.1
1374360 2195.8
1374370 2196.7
1374380 2196.5
1374390 2196.5
1374400 2195.9
1374410 2196.2
1374420 2196.2
1374430 2196.9
1374440 2197.7
1374450 2197.7
1374460 2197.7
1374470 2196.7
1374480 2196.7
1374490 2196.2
1374500 2195.4
1374510 2195.4
1374520 2195.4
1374530 2196.2
1374540 2196.2
1374550 2197.4
1374560 2198.8
1374570 2198.8
1374580 2200.7
1374590 2203.2
1374600 2204.2
1374610 2204.2
1374620 2204.2
1374630 2204.3
1374640 2204.3
1374650 2203.6
1374660 2203.0
1374670 2203.0
1374680 2203.0
1374690 2202.1
1374700 2202.1
1374710 2199.0
1374720 2194.0
1374730 2194.0
1374740 2189.0
1374750 2185.3
1374760 2185.3
1374770 2184.3
1374780 2184.0
1374790 2183.5
1374800 2183.5
1374810 2179.6
1374820 2175.9
1374830 2175.9
1374840 2173.0
1374850 2171.1
1374860 2171.1
1374870 2170.6
1374880 2170.1
1374890 2170.1
1374900 2167.7
1374910 2164.0
1374920 2164.0
1374930 2162.0
1374940 2152.5
1374950 2152.5
1374960 2151.8
1374970 2151.6
1374980 2151.6
1374990 2151.1
1375000 2149.6
1375010 2148.7
1375020 2148.7
1375030 2147.9
1375040 2146.4
1375050 2146.4
1375060 2145.5
1375070 2144.1
1375080 2144.1
1375090 2142.5
1375100 2144.5
1375110 2144.5
1375120 2146.5
1375130 2150.6
1375140 2150.6
1375150 2160.6
1375160 2174.4
1375170 2174.4
1375180 2184.6
1375190 2196.4
1375200 2196.4
1375210 2209.9
1375220 2220.5
1375230 2226.5
1375240 2226.5
1375250 2229.2
1375260 2231.1
1375270 2231.1
1375280 2231.5
1375290 2232.7
1375300 2232.7
1375310 2235.9
1375320 2238.2
1375330 2238.2
1375340 2240.6
1375350 2247.7
1375360 2247.7
1375370 2254.8
1375380 2256.4
1375390 2256.4
1375400 2252.6
1375410 2252.7
1375420 2256.8
1375430 2256.8
1375440 2256.6
1375450 2255.1
1375460 2255.1
1375470 2253.5
1375480 2251.7
1375490 2251.7
1375500 2253.5
1375510 2254.1
1375520 2254.1
1375530 2255.1
1375540 2256.0
1375550 2256.0
1375560 2257.1
1375570 2258.3
1375580 2258.3
1375590 2259.4
1375600 2260.7
1375610 2260.7
1375620 2262.3
1375630 2263.8
1375640 2265.4
1375650 2265.4
1375660 2267.1
1375670 2269.3
1375680 2269.3
1375690 2271.5
1375700 2273.7
1375710 2273.7
1375720 2276.8
1375730 2280.2
1375740 2280.2
1375750 2285.2
1375760 2290.6
1375770 2290.6
1375780 2295.1
1375790 2298.6
1375800 2298.6
1375810 2301.2
1375820 2303.5
1375830 2303.5
1375840 2306.1
1375850 2308.6
1375860 2311.2
1375870 2311.2
1375880 2313.9
1375890 2316.2
1375900 2316.2
1375910 2318.5
1375920 2320.9
1375930 2320.9
1375940 2323.9
1375950 2326.7
1375960 2326.7
1375970 2328.6
1375980 2330.5
1375990 2330.5
1376000 2331.2
1376010 2331.3
1376020 2331.3
1376030 2332.2
1376040 2333.7
1376050 2335.6
1376060 2335.6
1376070 2337.9
1376080 2339.6
1376090 2339.6
1376100 2335.6
1376110 2339.4
1376120 2339.4
1376130 2341.2
1376140 2341.7
1376150 2341.7
1376160 2341.2
1376170 2341.8
1376180 2341.8
1376190 2343.0
1376200 2338.6
1376210 2338.6
1376220 2332.4
1376230 2330.8
1376240 2330.8
1376250 2330.4
1376260 2327.9
1376270 2326.6
1376280 2326.6
1376290 2327.0
1376300 2326.8
1376310 2326.8
1376320 2327.0
1376330 2327.3
1376340 2327.3
1376350 2325.8
1376360 2325.0
1376370 2325.0
1376380 2325.9
1376390 2326.9
1376400 2326.9
1376410 2326.5
1376420 2325.1
1376430 2325.1
1376440 2323.3
1376450 2321.7
1376460 2321.7
1376470 2319.4
1376480 2316.5
1376490 2312.7
1376500 2312.7
1376510 2309.6
1376520 2307.1
1376530 2307.1
1376540 2305.1
1376550 2305.1
1376560 2305.1
1376570 2305.1
1376580 2305.1
1376590 2305.1
1376600 2304.4
1376610 2307.2
1376620 2307.2
1376630 2310.4
1376640 2310.1
1376650 2310.1
1376660 2309.7
1376670 2309.9
1376680 2310.2
1376690 2310.2
1376700 2309.9
1376710 2309.3
1376720 2309.3
1376730 2308.3
1376740 2304.7
1376750 2304.7
1376760 2302.5
1376770 2302.2
1376780 2302.2
1376790 2301.8
1376800 2301.7
1376810 2301.7
1376820 2306.2
1376830 2309.1
1376840 2309.1
1376850 2309.4
1376860 2307.6
1376870 2307.6
1376880 2306.3
1376890 2305.2
1376900 2303.9
1376910 2303.9
1376920 2304.2
1376930 2302.7
1376940 2302.7
1376950 2301.1
1376960 2301.2
1376970 2301.2
1376980 2300.7
1376990 2297.3
1377000 2297.3
1377010 2294.3
1377020 2294.3
1377030 2294.3
1377040 2294.8
1377050 2295.1
1377060 2295.1
1377070 2296.1
1377080 2296.3
1377090 2296.3
1377100 2296.1
1377110 2296.9
1377120 2297.9
1377130 2297.9
1377140 2299.4
1377150 2300.7
1377160 2300.7
1377170 2302.1
1377180 2303.0
1377190 2303.0
1377200 2303.1
1377210 2302.7
1377220 2302.7
1377230 2302.9
1377240 2304.3
1377250 2304.3
1377260 2305.8
1377270 2299.7
1377280 2299.7
1377290 2300.2
1377300 2300.4
1377310 2302.1
1377320 2302.1
1377330 2303.0
1377340 2303.3
1377350 2303.3
1377360 2303.2
1377370 2302.7
1377380 2302.7
1377390 2301.5
1377400 2300.1
1377410 2300.1
1377420 2297.2
1377430 2293.1
1377440 2293.1
1377450 2293.2
1377460 2292.8
1377470 2292.8
1377480 2290.5
1377490 2290.6
1377500 2290.6
1377510 2292.9
1377520 2294.4
1377530 2292.4
1377540 2292.4
1377550 2287.3
1377560 2284.8
1377570 2284.8
1377580 2282.6
1377590 2281.1
1377600 2281.1
1377610 2280.8
1377620 2280.2
1377630 2280.2
1377640 2276.6
1377650 2270.5
1377660 2270.5
1377670 2259.6
1377680 2249.7
1377690 2249.7
1377700 2241.1
1377710 2233.6
1377720 2233.6
1377730 2227.3
1377740 2222.0
1377750 2214.0
1377760 2214.0
1377770 2201.5
1377780 2189.6
1377790 2189.6
1377800 2178.9
1377810 2169.4
1377820 2169.4
1377830 2161.6
1377840 2150.7
1377850 2150.7
1377860 2130.4
1377870 2112.6
1377880 2112.6
1377890 2093.7
1377900 2085.2
1377910 2085.2
1377920 2080.0
1377930 2077.0
1377940 2075.0
1377950 2075.0
1377960 2074.0
1377970 2074.4
1377980 2074.4
1377990 2072.6
1378000 2073.5
1378010 2073.5
1378020 2074.4
1378030 2071.1
1378040 2071.1
1378050 2064.1
1378060 2057.2
1378070 2057.2
1378080 2050.2
1378090 2041.8
1378100 2041.8
1378110 2033.5
1378120 2025.8
1378130 2025.8
1378140 2021.7
1378150 2017.9
1378160 2019.2
1378170 2019.2
1378180 2025.9
1378190 2031.8
1378200 2031.8
1378210 2034.9
1378220 2036.7
1378230 2036.7
1378240 2037.8
1378250 2038.7
1378260 2038.7
1378270 2040.6
1378280 2044.6
1378290 2044.6
1378300 2048.3
1378310 2045.8
1378320 2045.8
1378330 2041.8
1378340 2041.3
1378350 2041.3
1378360 2040.8
1378370 2041.0
1378380 2042.4
1378390 2042.4
1378400 2043.6
1378410 2044.5
1378420 2044.5
1378430 2050.0
1378440 2053.2
1378450 2053.2
1378460 2049.0
1378470 2050.7
1378480 2050.7
1378490 2054.1
1378500 2061.4
1378510 2061.4
1378520 2069.8
1378530 2087.6
1378540 2087.6
1378550 2097.2
1378560 2101.4
1378570 2105.3
1378580 2105.3
1378590 2107.2
1378600 2109.1
1378610 2109.1
1378620 2111.3
1378630 2113.5
1378640 2113.5
1378650 2116.4
1378660 2120.2
1378670 2120.2
1378680 2123.2
1378690 2126.9
1378700 2126.9
1378710 2129.6
1378720 2132.9
1378730 2132.9
1378740 2136.3
1378750 2141.3
1378760 2141.3
1378770 2148.8
1378780 2156.9
1378790 2161.8
1378800 2161.8
1378810 2164.6
1378820 2165.9
1378830 2165.9
1378840 2168.7
1378850 2171.7
1378860 2171.7
1378870 2175.6
1378880 2176.4
1378890 2176.4
1378900 2176.4
1378910 2176.0
1378920 2176.0
1378930 2176.0
1378940 2180.7
1378950 2180.7
1378960 2185.8
1378970 2190.0
1378980 2190.0
1378990 2196.3
1379000 2202.7
1379010 2208.0
1379020 2208.0
1379030 2212.6
1379040 2217.7
1379050 2217.7
1379060 2222.2
1379070 2225.7
1379080 2225.7
1379090 2227.4
1379100 2227.8
1379110 2227.8
1379120 2228.7
1379130 2230.1
1379140 2230.1
1379150 2230.6
1379160 2230.8
1379170 2230.8
1379180 2231.7
1379190 2232.2
1379200 2232.9
1379210 2232.9
1379220 2234.2
1379230 2237.3
1379240 2237.3
1379250 2240.1
1379260 2242.3
1379270 2242.3
1379280 2244.7
1379290 2246.3
1379300 2246.3
1379310 2247.3
1379320 2249.4
1379330 2249.4
1379340 2251.0
1379350 2252.1
1379360 2252.1
1379370 2252.5
1379380 2253.2
1379390 2253.2
1379400 2257.5
1379410 2267.7
1379420 2280.6
1379430 2280.6
1379440 2284.9
1379450 2288.0
1379460 2288.0
1379470 2295.4
1379480 2303.4
1379490 2303.4
1379500 2307.7
1379510 2310.7
1379520 2310.7
1379530 2313.0
1379540 2314.4
1379550 2314.4
1379560 2316.7
1379570 2319.3
1379580 2319.3
1379590 2316.8
1379600 2313.7
1379610 2313.7
1379620 2312.6
1379630 2313.0
1379640 2313.9
1379650 2313.9
1379660 2306.9
1379670 2312.7
1379680 2312.7
1379690 2315.7
1379700 2316.4
1379710 2316.4
1379720 2316.9
1379730 2317.0
1379740 2317.0
1379750 2317.7
1379760 2317.1
1379770 2317.1
1379780 2315.9
1379790 2314.6
1379800 2314.6
1379810 2312.3
1379820 2316.1
1379830 2321.8
1379840 2321.8
1379850 2322.7
1379860 2323.6
1379870 2323.6
1379880 2324.8
1379890 2325.1
1379900 2325.1
1379910 2325.2
1379920 2325.6
1379930 2325.6
1379940 2324.1
1379950 2321.2
1379960 2321.2
1379970 2319.2
1379980 2316.8
1379990 2316.8
