1360000 2807.7
1360010 2803.7
1360020 2799.5
1360030 2799.5
1360040 2795.8
1360050 2792.3
1360060 2792.3
1360070 2787.7
1360080 2781.9
1360090 2781.9
1360100 2775.5
1360110 2769.3
1360120 2769.3
1360130 2760.7
1360140 2752.5
1360150 2752.5
1360160 2745.2
1360170 2738.0
1360180 2730.7
1360190 2730.7
1360200 2723.5
1360210 2716.9
1360220 2716.9
1360230 2711.5
1360240 2704.4
1360250 2704.4
1360260 2698.0
1360270 2692.0
1360280 2692.0
1360290 2685.3
1360300 2679.0
1360310 2679.0
1360320 2672.9
1360330 2666.5
1360340 2666.5
1360350 2659.3
1360360 2651.6
1360370 2651.6
1360380 2644.6
1360390 2638.3
1360400 2632.4
1360410 2632.4
1360420 2627.0
1360430 2621.7
1360440 2621.7
1360450 2616.6
1360460 2610.8
1360470 2610.8
1360480 2604.1
1360490 2599.7
1360500 2599.7
1360510 2593.5
1360520 2585.8
1360530 2585.8
1360540 2581.3
1360550 2578.1
1360560 2578.1
1360570 2575.1
1360580 2570.8
1360590 2564.3
1360600 2564.3
1360610 2559.1
1360620 2553.3
1360630 2553.3
1360640 2544.5
1360650 2536.8
1360660 2536.8
1360670 2530.3
1360680 2525.8
1360690 2525.8
1360700 2521.9
1360710 2518.3
1360720 2518.3
1360730 2514.4
1360740 2509.9
1360750 2509.9
1360760 2505.9
1360770 2502.0
1360780 2502.0
1360790 2497.4
1360800 2493.0
1360810 2488.4
1360820 2488.4
1360830 2484.1
1360840 2479.7
1360850 2479.7
1360860 2473.9
1360870 2472.3
1360880 2472.3
1360890 2468.0
1360900 2464.0
1360910 2464.0
1360920 2460.0
1360930 2456.6
1360940 2456.6
1360950 2453.2
1360960 2450.1
1360970 2450.1
1360980 2447.1
1360990 2444.5
1361000 2444.5
1361010 2441.3
1361020 2438.3
1361030 2434.9
1361040 2434.9
1361050 2431.3
1361060 2427.7
1361070 2427.7
1361080 2424.4
1361090 2421.9
1361100 2421.9
1361110 2419.2
1361120 2415.0
1361130 2415.0
1361140 2410.6
1361150 2405.7
1361160 2405.7
1361170 2402.2
1361180 2398.8
1361190 2398.8
1361200 2395.7
1361210 2393.9
1361220 2393.9
1361230 2393.9
1361240 2394.4
1361250 2393.6
1361260 2393.6
1361270 2392.2
1361280 2390.6
1361290 2390.6
1361300 2388.9
1361310 2388.3
1361320 2388.3
1361330 2387.4
1361340 2386.8
1361350 2386.8
1361360 2386.7
1361370 2386.1
1361380 2386.1
1361390 2385.6
1361400 2385.7
1361410 2385.7
1361420 2386.4
1361430 2386.0
1361440 2385.7
1361450 2385.7
1361460 2386.2
1361470 2387.0
1361480 2387.0
1361490 2389.1
1361500 2390.6
1361510 2390.6
1361520 2391.5
1361530 2394.5
1361540 2394.5
1361550 2400.4
1361560 2407.1
1361570 2407.1
1361580 2414.4
1361590 2421.4
1361600 2421.4
1361610 2428.5
1361620 2435.3
1361630 2435.3
1361640 2441.0
1361650 2446.6
1361660 2451.7
1361670 2451.7
1361680 2457.2
1361690 2463.6
1361700 2463.6
1361710 2471.3
1361720 2477.0
1361730 2477.0
1361740 2482.2
1361750 2486.1
1361760 2486.1
1361770 2490.0
1361780 2494.9
1361790 2494.9
1361800 2500.0
1361810 2507.1
1361820 2507.1
1361830 2522.6
1361840 2537.9
1361850 2537.9
1361860 2546.2
1361870 2559.5
1361880 2583.0
1361890 2583.0
1361900 2588.2
1361910 2598.8
1361920 2598.8
1361930 2605.9
1361940 2613.7
1361950 2613.7
1361960 2622.6
1361970 2629.5
1361980 2629.5
1361990 2634.3
1362000 2636.5
1362010 2636.5
1362020 2640.8
1362030 2645.2
1362040 2645.2
1362050 2651.7
1362060 2659.1
1362070 2662.6
1362080 2662.6
1362090 2667.1
1362100 2673.8
1362110 2673.8
1362120 2680.1
1362130 2684.4
1362140 2684.4
1362150 2691.1
1362160 2698.8
1362170 2698.8
1362180 2706.1
1362190 2711.0
1362200 2711.0
1362210 2716.0
1362220 2721.1
1362230 2721.1
1362240 2725.4
1362250 2729.1
1362260 2729.1
1362270 2732.0
1362280 2734.8
1362290 2737.5
1362300 2737.5
1362310 2741.1
1362320 2745.1
1362330 2745.1
1362340 2749.7
1362350 2754.4
1362360 2754.4
1362370 2757.7
1362380 2758.3
1362390 2758.3
1362400 2760.6
1362410 2765.0
1362420 2765.0
1362430 2769.1
1362440 2772.8
1362450 2772.8
1362460 2775.2
1362470 2777.5
1362480 2777.5
1362490 2779.7
1362500 2782.5
1362510 2785.7
1362520 2785.7
1362530 2789.1
1362540 2792.1
1362550 2792.1
1362560 2794.7
1362570 2796.6
1362580 2796.6
1362590 2800.1
1362600 2803.5
1362610 2803.5
1362620 2806.2
1362630 2808.7
1362640 2808.7
1362650 2811.1
1362660 2814.0
1362670 2814.0
1362680 2817.5
1362690 2821.1
1362700 2823.0
1362710 2823.0
1362720 2825.1
1362730 2826.9
1362740 2826.9
1362750 2828.8
1362760 2831.4
1362770 2831.4
1362780 2833.9
1362790 2835.7
1362800 2835.7
1362810 2837.1
1362820 2838.0
1362830 2838.0
1362840 2838.3
1362850 2839.3
1362860 2839.3
1362870 2840.9
1362880 2842.0
1362890 2842.0
1362900 2843.9
1362910 2847.6
1362920 2852.2
1362930 2852.2
1362940 2860.7
1362950 2868.3
1362960 2868.3
1362970 2875.1
1362980 2880.8
1362990 2880.8
1363000 2884.8
1363010 2889.8
1363020 2889.8
1363030 2894.0
1363040 2899.7
1363050 2899.7
1363060 2905.8
1363070 2910.3
1363080 2910.3
1363090 2914.5
1363100 2918.4
1363110 2918.4
1363120 2920.6
1363130 2921.2
1363140 2921.1
1363150 2921.1
1363160 2921.9
1363170 2922.6
1363180 2922.6
1363190 2922.3
1363200 2922.5
1363210 2922.5
1363220 2923.1
1363230 2924.7
1363240 2924.7
1363250 2926.3
1363260 2927.2
1363270 2927.2
1363280 2928.4
1363290 2930.7
1363300 2930.7
1363310 2933.7
1363320 2937.2
1363330 2937.2
1363340 2941.0
1363350 2944.7
1363360 2947.6
1363370 2947.6
1363380 2948.8
1363390 2949.3
1363400 2949.3
1363410 2950.0
1363420 2950.5
1363430 2950.5
1363440 2950.8
1363450 2950.7
1363460 2950.7
1363470 2950.6
1363480 2950.4
1363490 2950.4
1363500 2950.0
1363510 2949.6
1363520 2949.6
1363530 2949.4
1363540 2950.7
1363550 2952.9
1363560 2952.9
1363570 2953.3
1363580 2954.7
1363590 2954.7
1363600 2955.1
1363610 2956.2
1363620 2956.2
1363630 2957.8
1363640 2959.5
1363650 2959.5
1363660 2961.4
1363670 2965.1
1363680 2965.1
1363690 2968.8
1363700 2972.2
1363710 2972.2
1363720 2976.7
1363730 2981.9
1363740 2981.9
1363750 2986.5
1363760 2990.5
1363770 2994.2
1363780 2994.2
1363790 2997.2
1363800 3000.9
1363810 3000.9
1363820 3003.8
1363830 3006.6
1363840 3006.6
1363850 3008.7
1363860 3010.5
1363870 3010.5
1363880 3013.5
1363890 3016.2
1363900 3016.2
1363910 3016.6
1363920 3015.8
1363930 3015.8
1363940 3014.0
1363950 3011.8
1363960 3011.8
1363970 3010.5
1363980 3004.8
1363990 3002.7
1364000 3002.7
1364010 3001.9
1364020 3002.2
1364030 3002.2
1364040 3003.7
1364050 3006.0
1364060 3006.0
1364070 3007.4
1364080 3008.4
1364090 3008.4
1364100 3009.7
1364110 3011.1
1364120 3011.1
1364130 3012.6
1364140 3015.2
1364150 3015.2
1364160 3018.8
1364170 3022.6
1364180 3026.9
1364190 3026.9
1364200 3032.4
1364210 3036.8
1364220 3036.8
1364230 3039.8
1364240 3044.7
1364250 3044.7
1364260 3053.0
1364270 3064.9
1364280 3064.9
1364290 3074.7
1364300 3081.1
1364310 3081.1
1364320 3086.5
1364330 3092.9
1364340 3092.9
1364350 3098.1
1364360 3102.8
1364370 3102.8
1364380 3108.9
1364390 3114.2
1364400 3118.6
1364410 3118.6
1364420 3124.0
1364430 3131.1
1364440 3131.1
1364450 3140.1
1364460 3150.0
1364470 3150.0
1364480 3157.2
1364490 3165.4
1364500 3165.4
1364510 3173.4
1364520 3182.7
1364530 3182.7
1364540 3192.3
1364550 3199.5
1364560 3199.5
1364570 3204.7
1364580 3208.5
1364590 3208.5
1364600 3211.9
1364610 3218.5
1364620 3218.2
1364630 3218.2
1364640 3218.1
1364650 3218.8
1364660 3218.8
1364670 3216.3
1364680 3211.6
1364690 3211.6
1364700 3201.8
1364710 3193.5
1364720 3193.5
1364730 3181.0
1364740 3168.5
1364750 3168.5
1364760 3160.7
1364770 3154.0
1364780 3154.0
1364790 3147.5
1364800 3141.4
1364810 3141.4
1364820 3135.5
1364830 3130.0
1364840 3124.9
1364850 3124.9
1364860 3119.9
1364870 3114.8
1364880 3114.8
1364890 3109.7
1364900 3104.8
1364910 3104.8
1364920 3099.9
1364930 3094.9
1364940 3094.9
1364950 3090.2
1364960 3085.8
1364970 3085.8
1364980 3081.6
1364990 3077.4
1365000 3077.4
1365010 3073.1
1365020 3068.5
1365030 3063.7
1365040 3062.2
1365050 3057.2
1365060 3052.4
1365070 3052.4
1365080 3048.2
1365090 3044.5
1365100 3044.5
1365110 3041.7
1365120 3039.6
1365130 3039.6
1365140 3038.1
1365150 3037.1
1365160 3037.1
1365170 3036.3
1365180 3035.9
1365190 3035.9
1365200 3035.8
1365210 3035.9
1365220 3035.9
1365230 3036.0
1365240 3036.1
1365250 3036.1
1365260 3036.1
1365270 3035.9
1365280 3035.7
1365290 3035.7
1365300 3035.2
1365310 3034.6
1365320 3034.6
1365330 3033.8
1365340 3032.7
1365350 3032.7
1365360 3031.4
1365370 3029.9
1365380 3029.9
1365390 3028.2
1365400 3026.2
1365410 3026.2
1365420 3024.1
1365430 3021.8
1365440 3021.8
1365450 3019.4
1365460 3016.9
1365470 3014.2
1365480 3014.2
1365490 3011.4
1365500 3008.3
1365510 3008.3
1365520 3005.1
1365530 3001.7
1365540 3001.7
1365550 2998.2
1365560 2994.5
1365570 2994.5
1365580 2990.4
1365590 2986.1
1365600 2986.1
1365610 2982.1
1365620 2978.8
1365630 2978.8
1365640 2974.4
1365650 2969.2
1365660 2965.8
1365670 2965.8
1365680 2961.5
1365690 2959.8
1365700 2959.8
1365710 2958.5
1365720 2955.0
1365730 2955.0
1365740 2952.4
1365750 2949.2
1365760 2949.2
1365770 2944.2
1365780 2936.9
1365790 2936.9
1365800 2932.9
1365810 2930.1
1365820 2930.1
1365830 2927.3
1365840 2928.3
1365850 2928.3
1365860 2922.3
1365870 2917.3
1365880 2917.9
1365890 2917.9
1365900 2914.5
1365910 2908.2
1365920 2908.2
1365930 2905.5
1365940 2900.1
1365950 2900.1
1365960 2896.5
1365970 2890.0
1365980 2890.0
1365990 2883.4
1366000 2877.2
1366010 2877.2
1366020 2873.4
1366030 2867.0
1366040 2867.0
1366050 2863.3
1366060 2856.8
1366070 2856.8
1366080 2851.4
1366090 2845.2
1366100 2845.0
1366110 2845.0
1366120 2840.6
1366130 2841.3
1366140 2841.3
1366150 2841.9
1366160 2839.3
1366170 2839.3
1366180 2837.2
1366190 2838.3
1366200 2838.3
1366210 2838.5
1366220 2840.9
1366230 2840.9
1366240 2840.5
1366250 2833.8
1366260 2833.8
1366270 2826.0
1366280 2820.4
1366290 2820.4
1366300 2816.1
1366310 2812.6
1366320 2810.4
1366330 2810.4
1366340 2807.3
1366350 2804.1
1366360 2804.1
1366370 2800.8
1366380 2797.4
1366390 2797.4
1366400 2794.0
1366410 2789.9
1366420 2789.9
1366430 2786.1
1366440 2782.5
1366450 2782.5
1366460 2778.2
1366470 2774.0
1366480 2774.0
1366490 2769.7
1366500 2765.4
1366510 2762.6
1366520 2762.6
1366530 2760.3
1366540 2757.2
1366550 2757.2
1366560 2750.9
1366570 2744.1
1366580 2744.1
1366590 2737.4
1366600 2731.6
1366610 2731.6
1366620 2726.8
1366630 2722.9
1366640 2722.9
1366650 2719.6
1366660 2714.0
1366670 2714.0
1366680 2707.2
1366690 2701.6
1366700 2701.6
1366710 2695.1
1366720 2688.5
1366730 2682.4
1366740 2682.4
1366750 2675.8
1366760 2669.0
1366770 2669.0
1366780 2662.5
1366790 2656.2
1366800 2656.2
1366810 2650.7
1366820 2645.4
1366830 2645.4
1366840 2640.9
1366850 2636.5
1366860 2636.5
1366870 2631.5
1366880 2623.8
1366890 2623.8
1366900 2617.8
1366910 2611.1
1366920 2611.1
1366930 2600.6
1366940 2588.8
1366950 2579.3
1366960 2579.3
1366970 2569.0
1366980 2559.8
1366990 2559.8
1367000 2552.3
1367010 2545.7
1367020 2545.7
1367030 2535.6
1367040 2524.6
1367050 2524.6
1367060 2518.0
1367070 2513.1
1367080 2513.1
1367090 2507.2
1367100 2500.2
1367110 2500.2
1367120 2493.5
1367130 2487.3
1367140 2480.9
1367150 2480.9
1367160 2474.5
1367170 2468.7
1367180 2468.1
1367190 2462.6
1367200 2457.5
1367210 2457.5
1367220 2452.6
1367230 2447.4
1367240 2447.4
1367250 2442.5
1367260 2438.1
1367270 2438.1
1367280 2434.1
1367290 2430.1
1367300 2430.1
1367310 2426.3
1367320 2422.8
1367330 2422.8
1367340 2419.3
1367350 2415.7
1367360 2412.5
1367370 2412.5
1367380 2409.7
1367390 2406.9
1367400 2406.9
1367410 2404.3
1367420 2402.0
1367430 2402.0
1367440 2400.0
1367450 2398.3
1367460 2398.3
1367470 2397.1
1367480 2395.9
1367490 2395.9
1367500 2394.6
1367510 2393.3
1367520 2393.3
1367530 2391.8
1367540 2389.5
1367550 2389.5
1367560 2386.5
1367570 2383.0
1367580 2379.4
1367590 2379.4
1367600 2375.8
1367610 2372.2
1367620 2372.2
1367630 2368.4
1367640 2364.3
1367650 2364.3
1367660 2360.5
1367670 2356.3
1367680 2356.3
1367690 2352.4
1367700 2348.7
1367710 2348.7
1367720 2343.9
1367730 2339.8
1367740 2339.8
1367750 2336.6
1367760 2332.9
1367770 2329.1
1367780 2329.1
1367790 2326.7
1367800 2324.2
1367810 2324.2
1367820 2321.1
1367830 2318.5
1367840 2318.5
1367850 2315.7
1367860 2312.0
1367870 2312.0
1367880 2307.3
1367890 2301.9
1367900 2301.9
1367910 2297.3
1367920 2293.3
1367930 2293.3
1367940 2290.4
1367950 2287.8
1367960 2287.8
1367970 2285.4
1367980 2284.3
1367990 2283.4
1368000 2283.4
1368010 2281.0
1368020 2277.1
1368030 2277.1
1368040 2273.8
1368050 2272.3
1368060 2272.3
1368070 2272.8
1368080 2272.7
1368090 2272.7
1368100 2270.4
1368110 2268.0
1368120 2268.0
1368130 2265.9
1368140 2261.6
1368150 2261.6
1368160 2256.2
1368170 2253.1
1368180 2253.1
1368190 2251.1
1368200 2247.4
1368210 2243.9
1368220 2243.9
1368230 2241.0
1368240 2238.2
1368250 2238.2
1368260 2237.6
1368270 2236.3
1368280 2236.3
1368290 2234.6
1368300 2232.7
1368310 2232.7
1368320 2230.8
1368330 2229.2
1368340 2229.2
1368350 2227.7
1368360 2226.4
1368370 2226.4
1368380 2224.7
1368390 2223.1
1368400 2223.1
1368410 2221.7
1368420 2220.2
1368430 2218.6
1368440 2218.6
1368450 2217.1
1368460 2216.0
1368470 2216.0
1368480 2215.3
1368490 2213.9
1368500 2213.9
1368510 2212.4
1368520 2212.2
1368530 2212.2
1368540 2211.7
1368550 2210.3
1368560 2210.3
1368570 2208.7
1368580 2207.7
1368590 2207.7
1368600 2206.9
1368610 2206.4
1368620 2205.4
1368630 2205.4
1368640 2204.7
1368650 2204.1
1368660 2204.1
1368670 2203.4
1368680 2202.9
1368690 2202.9
1368700 2202.4
1368710 2201.2
1368720 2201.2
1368730 2201.1
1368740 2201.5
1368750 2201.5
1368760 2201.9
1368770 2202.0
1368780 2202.0
1368790 2201.4
1368800 2200.3
1368810 2200.3
1368820 2200.3
1368830 2200.3
1368840 2199.7
1368850 2199.7
1368860 2199.5
1368870 2197.6
1368880 2197.6
1368890 2194.7
1368900 2194.0
1368910 2194.0
1368920 2192.3
1368930 2191.0
1368940 2191.0
1368950 2191.8
1368960 2192.7
1368970 2192.7
1368980 2190.7
1368990 2185.1
1369000 2185.1
1369010 2177.9
1369020 2171.7
1369030 2171.7
1369040 2168.3
1369050 2163.4
1369060 2156.9
1369070 2156.9
1369080 2147.7
1369090 2137.7
1369100 2137.7
1369110 2131.8
1369120 2128.9
1369130 2128.9
1369140 2126.3
1369150 2124.8
1369160 2124.8
1369170 2123.9
1369180 2122.8
1369190 2122.8
1369200 2121.7
1369210 2119.0
1369220 2119.0
1369230 2117.6
1369240 2115.9
1369250 2113.6
1369260 2113.6
1369270 2109.8
1369280 2103.3
1369290 2103.3
1369300 2099.3
1369310 2096.7
1369320 2096.7
1369330 2094.3
1369340 2088.8
1369350 2088.8
1369360 2079.3
1369370 2083.4
1369380 2083.4
1369390 2090.0
1369400 2088.1
1369410 2088.1
1369420 2084.9
1369430 2081.0
1369440 2081.0
1369450 2077.3
1369460 2076.4
1369470 2074.1
1369480 2074.1
1369490 2069.7
1369500 2064.2
1369510 2064.2
1369520 2057.6
1369530 2050.7
1369540 2050.7
1369550 2043.8
1369560 2037.5
1369570 2037.5
1369580 2031.3
1369590 2024.2
1369600 2024.2
1369610 2015.2
1369620 2007.1
1369630 2007.1
1369640 1999.7
1369650 1989.3
1369660 1989.3
1369670 1977.5
1369680 1967.4
1369690 1957.4
1369700 1957.4
1369710 1947.8
1369720 1938.4
1369730 1938.4
1369740 1928.2
1369750 1918.2
1369760 1918.2
1369770 1907.8
1369780 1896.3
1369790 1896.3
1369800 1887.5
1369810 1879.4
1369820 1879.4
1369830 1871.6
1369840 1863.0
1369850 1863.0
1369860 1855.0
1369870 1846.9
1369880 1846.9
1369890 1839.1
1369900 1828.8
1369910 1816.3
1369920 1816.3
1369930 1807.8
1369940 1801.7
1369950 1801.7
1369960 1796.7
1369970 1791.5
1369980 1791.5
1369990 1786.5
1370000 1784.1
1370010 1784.1
1370020 1783.1
1370030 1786.1
1370040 1786.1
1370050 1788.5
1370060 1791.8
1370070 1791.8
1370080 1796.8
1370090 1798.0
1370100 1797.5
1370110 1797.5
1370120 1799.1
1370130 1801.4
1370140 1801.4
1370150 1804.4
1370160 1809.9
1370170 1809.9
1370180 1815.2
1370190 1819.0
1370200 1819.0
1370210 1822.5
1370220 1824.9
1370230 1824.9
1370240 1827.3
1370250 1828.3
1370260 1828.3
1370270 1827.9
1370280 1828.1
1370290 1828.1
1370300 1831.7
1370310 1837.1
1370320 1846.6
1370330 1846.6
1370340 1856.1
1370350 1867.5
1370360 1867.5
1370370 1880.4
1370380 1888.5
1370390 1888.5
1370400 1894.6
1370410 1900.4
1370420 1900.4
1370430 1907.7
1370440 1919.0
1370450 1919.0
1370460 1917.2
1370470 1921.7
1370480 1921.7
1370490 1928.4
1370500 1942.7
1370510 1942.7
1370520 1954.3
1370530 1964.6
1370540 1975.7
1370550 1975.7
1370560 1988.2
1370570 2003.7
1370580 2003.7
1370590 2017.3
1370600 2024.0
1370610 2024.0
1370620 2029.1
1370630 2033.0
1370640 2033.0
1370650 2037.3
1370660 2042.8
1370670 2042.8
1370680 2045.6
1370690 2049.4
1370700 2049.4
1370710 2056.0
1370720 2062.0
1370730 2068.4
1370740 2068.4
1370750 2073.5
1370760 2078.3
1370770 2078.3
1370780 2084.0
1370790 2088.9
1370800 2088.9
1370810 2089.3
1370820 2085.8
1370830 2085.8
1370840 2085.7
1370850 2090.1
1370860 2090.1
1370870 2096.3
1370880 2102.3
1370890 2102.3
1370900 2114.0
1370910 2132.8
1370920 2132.8
1370930 2154.3
1370940 2165.0
1370950 2172.3
1370960 2172.3
1370970 2178.7
1370980 2187.1
1370990 2187.1
1371000 2197.5
1371010 2209.9
1371020 2209.9
1371030 2222.3
1371040 2231.5
1371050 2231.5
1371060 2239.0
1371070 2245.7
1371080 2245.7
1371090 2252.7
1371100 2260.6
1371110 2260.6
1371120 2267.4
1371130 2273.2
1371140 2273.2
1371150 2279.3
1371160 2286.1
1371170 2292.6
1371180 2292.6
1371190 2297.8
1371200 2304.7
1371210 2304.7
1371220 2313.0
1371230 2319.7
1371240 2319.7
1371250 2325.6
1371260 2331.6
1371270 2331.6
1371280 2337.0
1371290 2343.0
1371300 2343.0
1371310 2349.7
1371320 2356.3
1371330 2356.3
1371340 2361.4
1371350 2365.9
1371360 2371.7
1371370 2371.7
1371380 2378.0
1371390 2383.1
1371400 2383.1
1371410 2388.0
1371420 2392.9
1371430 2392.9
1371440 2397.8
1371450 2403.2
1371460 2403.2
1371470 2409.1
1371480 2415.7
1371490 2415.7
1371500 2422.5
1371510 2429.2
1371520 2429.2
1371530 2435.6
1371540 2441.9
1371550 2441.9
1371560 2447.8
1371570 2452.9
1371580 2451.0
1371590 2451.0
1371600 2456.1
1371610 2462.3
1371620 2462.3
1371630 2468.7
1371640 2475.0
1371650 2475.0
1371660 2480.9
1371670 2486.9
1371680 2486.9
1371690 2492.9
1371700 2493.8
1371710 2493.8
1371720 2487.4
1371730 2478.2
1371740 2478.2
1371750 2469.3
1371760 2461.5
1371770 2461.5
1371780 2454.5
1371790 2447.7
1371800 2440.4
1371810 2440.4
1371820 2432.7
1371830 2425.6
1371840 2425.6
1371850 2417.8
1371860 2409.7
1371870 2409.7
1371880 2400.8
1371890 2390.7
1371900 2390.7
1371910 2380.7
1371920 2370.3
1371930 2370.3
1371940 2361.2
1371950 2351.7
1371960 2351.7
1371970 2341.2
1371980 2333.0
1371990 2333.0
1372000 2324.9
1372010 2316.2
1372020 2305.3
1372030 2305.3
1372040 2294.6
1372050 2284.3
1372060 2284.3
1372070 2277.2
1372080 2273.9
1372090 2273.9
1372100 2269.5
1372110 2264.0
1372120 2264.0
1372130 2254.7
1372140 2242.5
1372150 2242.5
1372160 2228.5
1372170 2216.8
1372180 2216.8
1372190 2205.2
1372200 2195.0
1372210 2186.0
1372220 2186.0
1372230 2174.8
1372240 2164.3
1372250 2164.3
1372260 2154.5
1372270 2146.0
1372280 2146.0
1372290 2138.4
1372300 2130.6
1372310 2130.6
1372320 2122.1
1372330 2112.2
1372340 2112.2
1372350 2101.8
1372360 2093.0
1372370 2093.0
1372380 2085.7
1372390 2064.5
1372400 2064.5
1372410 2039.5
1372420 2005.4
1372430 1956.4
1372440 1956.4
1372450 1931.5
1372460 1922.6
1372470 1922.6
1372480 1914.6
1372490 1906.0
1372500 1906.0
1372510 1898.0
1372520 1891.6
1372530 1891.6
1372540 1885.9
1372550 1881.0
1372560 1881.0
1372570 1876.4
1372580 1871.4
1372590 1871.4
1372600 1866.8
1372610 1862.5
1372620 1862.5
1372630 1858.6
1372640 1854.5
1372650 1849.8
1372660 1849.8
1372670 1845.1
1372680 1840.9
1372690 1840.9
1372700 1833.0
1372710 1830.5
1372720 1830.5
1372730 1829.1
1372740 1819.0
1372750 1819.0
1372760 1802.8
1372770 1785.9
1372780 1785.9
1372790 1773.2
1372800 1770.0
1372810 1770.0
1372820 1767.3
1372830 1764.4
1372840 1761.6
1372850 1761.6
1372860 1759.1
1372870 1756.3
1372880 1756.3
1372890 1753.8
1372900 1758.5
1372910 1758.5
1372920 1761.8
1372930 1766.4
1372940 1766.4
1372950 1769.6
1372960 1776.7
1372970 1776.7
1372980 1779.3
1372990 1786.2
1373000 1786.2
1373010 1794.4
1373020 1802.2
1373030 1802.2
1373040 1811.9
1373050 1835.4
1373060 1849.6
1373070 1849.6
1373080 1855.6
1373090 1861.8
1373100 1861.8
1373110 1868.5
1373120 1875.3
1373130 1875.3
1373140 1880.7
1373150 1885.8
1373160 1885.8
1373170 1890.9
1373180 1895.9
1373190 1895.9
1373200 1901.4
1373210 1908.0
1373220 1908.0
1373230 1919.3
1373240 1939.7
1373250 1939.7
1373260 1949.2
1373270 1960.0
1373280 1967.9
1373290 1967.9
1373300 1973.5
1373310 1979.7
1373320 1979.7
1373330 1986.8
1373340 1994.4
1373350 1994.4
1373360 2002.9
1373370 2013.9
1373380 2013.9
1373390 2027.4
1373400 2038.2
1373410 2038.2
1373420 2049.1
1373430 2060.2
1373440 2060.2
1373450 2072.4
1373460 2088.4
1373470 2088.4
1373480 2097.2
1373490 2104.7
1373500 2111.7
1373510 2111.7
1373520 2118.0
1373530 2124.0
1373540 2124.0
1373550 2131.8
1373560 2140.0
1373570 2140.0
1373580 2148.4
1373590 2155.6
1373600 2155.6
1373610 2164.5
1373620 2172.0
1373630 2172.0
1373640 2178.2
1373650 2184.2
1373660 2184.2
1373670 2190.9
1373680 2198.2
1373690 2205.9
1373700 2205.9
1373710 2213.7
1373720 2222.0
1373730 2222.0
1373740 2230.1
1373750 2238.1
1373760 2238.1
1373770 2245.9
1373780 2254.0
1373790 2254.0
1373800 2262.3
1373810 2270.8
1373820 2270.8
1373830 2279.7
1373840 2290.4
1373850 2290.4
1373860 2299.7
1373870 2308.9
1373880 2308.9
1373890 2317.5
1373900 2327.5
1373910 2337.3
1373920 2337.3
1373930 2347.3
1373940 2356.8
1373950 2356.8
1373960 2364.5
1373970 2372.2
1373980 2372.2
1373990 2380.7
1374000 2389.5
1374010 2389.5
1374020 2398.6
1374030 2408.0
1374040 2408.0
1374050 2416.3
1374060 2424.3
1374070 2424.3
1374080 2432.9
1374090 2442.2
1374100 2442.2
1374110 2451.8
1374120 2460.0
1374130 2468.2
1374140 2468.2
1374150 2476.1
1374160 2483.6
1374170 2483.6
1374180 2491.7
1374190 2500.3
1374200 2500.3
1374210 2508.1
1374220 2517.3
1374230 2517.3
1374240 2528.4
1374250 2537.2
1374260 2537.2
1374270 2544.6
1374280 2552.4
1374290 2552.4
1374300 2558.6
1374310 2565.1
1374320 2571.6
1374330 2571.6
1374340 2577.3
1374350 2579.9
1374360 2579.9
1374370 2586.0
1374380 2591.2
1374390 2591.2
1374400 2597.4
1374410 2605.0
1374420 2605.0
1374430 2611.5
1374440 2619.7
1374450 2619.7
1374460 2627.6
1374470 2634.4
1374480 2634.4
1374490 2641.1
1374500 2648.0
1374510 2648.0
1374520 2655.5
1374530 2663.5
1374540 2671.4
1374550 2671.4
1374560 2679.2
1374570 2686.9
1374580 2686.9
1374590 2694.7
1374600 2703.2
1374610 2703.2
1374620 2711.4
1374630 2719.4
1374640 2719.4
1374650 2727.6
1374660 2736.1
1374670 2736.1
1374680 2744.9
1374690 2753.8
1374700 2753.8
1374710 2762.5
1374720 2771.4
1374730 2771.4
1374740 2779.9
1374750 2788.4
1374760 2796.3
1374770 2796.3
1374780 2787.1
1374790 2772.9
1374800 2772.9
1374810 2764.3
1374820 2754.4
1374830 2754.4
1374840 2739.9
1374850 2709.2
1374860 2709.2
1374870 2691.7
1374880 2679.5
1374890 2679.5
1374900 2669.4
1374910 2661.4
1374920 2661.4
1374930 2653.2
1374940 2645.5
1374950 2645.5
1374960 2638.0
1374970 2630.7
1374980 2623.9
1374990 2621.8
1375000 2615.3
1375010 2609.1
1375020 2609.1
1375030 2603.4
1375040 2598.1
1375050 2598.1
1375060 2593.6
1375070 2590.7
1375080 2590.7
1375090 2589.8
1375100 2590.1
1375110 2590.1
1375120 2591.5
1375130 2593.5
1375140 2593.5
1375150 2596.6
1375160 2600.2
1375170 2602.9
1375180 2602.9
1375190 2605.2
1375200 2609.0
1375210 2609.0
1375220 2611.5
1375230 2612.9
1375240 2612.9
1375250 2613.5
1375260 2614.2
1375270 2614.2
1375280 2617.1
1375290 2619.7
1375300 2619.7
1375310 2621.2
1375320 2621.7
1375330 2621.7
1375340 2621.6
1375350 2620.4
1375360 2620.4
1375370 2617.8
1375380 2615.7
1375390 2616.8
1375400 2616.8
1375410 2618.4
1375420 2619.2
1375430 2619.2
1375440 2619.4
1375450 2620.2
1375460 2620.2
1375470 2622.1
1375480 2624.6
1375490 2624.6
1375500 2622.5
1375510 2624.7
1375520 2624.7
1375530 2629.5
1375540 2632.5
1375550 2632.5
1375560 2635.2
1375570 2637.4
1375580 2637.4
1375590 2639.6
1375600 2645.4
1375610 2654.1
1375620 2654.1
1375630 2662.2
1375640 2668.7
1375650 2668.7
1375660 2675.0
1375670 2680.6
1375680 2680.6
1375690 2685.8
1375700 2691.3
1375710 2691.3
1375720 2697.1
1375730 2703.0
1375740 2703.0
1375750 2709.1
1375760 2715.2
1375770 2715.2
1375780 2721.6
1375790 2728.1
1375800 2735.1
1375810 2735.1
1375820 2742.2
1375830 2749.0
1375840 2749.0
1375850 2755.3
1375860 2761.4
1375870 2761.4
1375880 2767.7
1375890 2773.7
1375900 2773.7
1375910 2780.3
1375920 2787.2
1375930 2787.2
1375940 2793.6
1375950 2799.8
1375960 2799.8
1375970 2807.7
1375980 2815.9
1375990 2815.9
1376000 2823.3
1376010 2830.5
1376020 2837.6
1376030 2837.6
1376040 2845.1
1376050 2852.5
1376060 2852.5
1376070 2859.1
1376080 2863.9
1376090 2863.9
1376100 2868.4
1376110 2874.5
1376120 2874.5
1376130 2882.6
1376140 2891.4
1376150 2885.7
1376160 2893.2
1376170 2902.1
1376180 2902.1
1376190 2912.0
1376200 2923.0
1376210 2923.0
1376220 2932.5
1376230 2939.5
1376240 2939.1
1376250 2939.1
1376260 2931.8
1376270 2924.0
1376280 2924.0
1376290 2916.3
1376300 2908.7
1376310 2908.7
1376320 2901.4
1376330 2893.0
1376340 2893.0
1376350 2884.1
1376360 2875.5
1376370 2875.5
1376380 2866.9
1376390 2857.8
1376400 2857.8
1376410 2848.2
1376420 2838.5
1376430 2838.5
1376440 2828.4
1376450 2816.6
1376460 2803.1
1376470 2803.1
1376480 2789.6
1376490 2776.5
1376500 2776.5
1376510 2766.2
1376520 2757.3
1376530 2757.3
1376540 2748.8
1376550 2739.6
1376560 2739.6
1376570 2730.4
1376580 2721.6
1376590 2721.6
1376600 2713.3
1376610 2706.1
1376620 2706.1
1376630 2699.3
1376640 2692.6
1376650 2685.6
1376660 2685.6
1376670 2678.8
1376680 2672.2
1376690 2672.2
1376700 2665.9
1376710 2660.0
1376720 2660.0
1376730 2654.3
1376740 2648.6
1376750 2648.6
1376760 2643.0
1376770 2637.7
1376780 2637.7
1376790 2633.2
1376800 2629.5
1376810 2629.5
1376820 2625.3
1376830 2620.1
1376840 2620.1
1376850 2613.8
1376860 2607.4
1376870 2604.1
1376880 2604.1
1376890 2600.3
1376900 2595.2
1376910 2595.2
1376920 2588.7
1376930 2582.7
1376940 2582.7
1376950 2578.3
1376960 2574.6
1376970 2574.6
1376980 2570.5
1376990 2565.2
1377000 2565.2
1377010 2559.4
1377020 2554.0
1377030 2554.0
1377040 2548.5
1377050 2543.0
1377060 2543.0
1377070 2538.7
1377080 2534.1
1377090 2528.3
1377100 2528.3
1377110 2522.5
1377120 2516.9
1377130 2516.9
1377140 2510.9
1377150 2504.9
1377160 2504.9
1377170 2498.9
1377180 2493.8
1377190 2493.8
1377200 2488.5
1377210 2482.2
1377220 2482.2
1377230 2476.5
1377240 2471.3
1377250 2471.3
1377260 2465.8
1377270 2459.5
1377280 2453.1
1377290 2453.1
1377300 2447.0
1377310 2442.4
1377320 2442.4
1377330 2432.6
1377340 2427.9
1377350 2427.9
1377360 2422.2
1377370 2415.1
1377380 2415.1
1377390 2407.8
1377400 2401.2
1377410 2401.2
1377420 2395.2
1377430 2388.5
1377440 2388.5
1377450 2380.7
1377460 2373.4
1377470 2373.4
1377480 2367.1
1377490 2361.0
1377500 2352.9
1377510 2352.9
1377520 2343.9
1377530 2334.7
1377540 2334.7
1377550 2326.4
1377560 2319.7
1377570 2319.7
1377580 2313.2
1377590 2306.3
1377600 2306.3
1377610 2299.1
1377620 2290.9
1377630 2290.9
1377640 2283.1
1377650 2275.6
1377660 2275.6
1377670 2266.7
1377680 2257.6
1377690 2257.6
1377700 2248.1
1377710 2239.0
1377720 2230.0
1377730 2230.0
1377740 2221.1
1377750 2211.8
1377760 2211.8
1377770 2203.7
1377780 2196.5
1377790 2196.5
1377800 2189.3
1377810 2182.0
1377820 2182.0
1377830 2174.8
1377840 2168.3
1377850 2168.3
1377860 2162.0
1377870 2155.7
1377880 2155.7
1377890 2149.8
1377900 2144.6
1377910 2139.3
1377920 2139.3
1377930 2134.1
1377940 2129.1
1377950 2129.1
1377960 2124.9
1377970 2121.3
1377980 2121.3
1377990 2118.2
1378000 2116.0
1378010 2116.0
1378020 2114.1
1378030 2111.5
1378040 2111.5
1378050 2106.7
1378060 2106.3
1378070 2106.3
1378080 2107.6
1378090 2108.9
1378100 2108.9
1378110 2109.9
1378120 2111.0
1378130 2111.6
1378140 2111.6
1378150 2112.3
1378160 2113.2
1378170 2113.2
1378180 2114.4
1378190 2115.9
1378200 2115.9
1378210 2119.0
1378220 2123.6
1378230 2123.6
1378240 2129.4
1378250 2136.3
1378260 2136.3
1378270 2144.7
1378280 2154.6
1378290 2154.6
1378300 2163.1
1378310 2169.9
1378320 2169.9
1378330 2176.5
1378340 2185.0
1378350 2190.6
1378360 2190.6
1378370 2195.5
1378380 2200.9
1378390 2200.9
1378400 2206.1
1378410 2211.9
1378420 2211.9
1378430 2219.2
1378440 2225.8
1378450 2225.8
1378460 2231.6
1378470 2237.4
1378480 2237.4
1378490 2242.6
1378500 2247.1
1378510 2244.2
1378520 2250.5
1378530 2257.4
1378540 2257.4
1378550 2264.4
1378560 2270.7
1378570 2276.6
1378580 2276.6
1378590 2281.9
1378600 2287.3
1378610 2287.3
1378620 2291.8
1378630 2296.1
1378640 2296.1
1378650 2300.5
1378660 2304.7
1378670 2304.7
1378680 2308.8
1378690 2312.9
1378700 2312.9
1378710 2317.1
1378720 2321.2
1378730 2321.2
1378740 2325.7
1378750 2330.1
1378760 2335.4
1378770 2335.4
1378780 2341.1
1378790 2346.7
1378800 2346.7
1378810 2352.3
1378820 2358.4
1378830 2358.4
1378840 2365.3
1378850 2372.5
1378860 2372.5
1378870 2379.6
1378880 2386.1
1378890 2386.1
1378900 2392.1
1378910 2398.4
1378920 2398.4
1378930 2406.0
1378940 2413.5
1378950 2413.5
1378960 2421.7
1378970 2433.3
1378980 2444.2
1378990 2444.2
1379000 2454.5
1379010 2465.4
1379020 2465.4
1379030 2476.4
1379040 2484.6
1379050 2484.6
1379060 2491.4
1379070 2498.2
1379080 2498.2
1379090 2504.3
1379100 2510.1
1379110 2510.1
1379120 2516.2
1379130 2523.1
1379140 2523.1
1379150 2531.7
1379160 2541.4
1379170 2541.4
1379180 2549.0
1379190 2559.9
1379200 2571.2
1379210 2571.2
1379220 2580.6
1379230 2586.8
1379240 2586.8
1379250 2593.2
1379260 2599.8
1379270 2599.8
1379280 2605.9
1379290 2611.7
1379300 2611.7
1379310 2617.7
1379320 2625.2
1379330 2625.2
1379340 2633.6
1379350 2641.2
1379360 2641.2
1379370 2648.5
1379380 2656.5
1379390 2663.6
1379400 2663.6
1379410 2671.1
1379420 2678.2
1379430 2678.2
1379440 2683.7
1379450 2690.6
1379460 2690.6
1379470 2697.3
1379480 2705.8
1379490 2705.8
1379500 2716.2
1379510 2725.7
1379520 2725.7
1379530 2735.0
1379540 2743.3
1379550 2743.3
1379560 2751.5
1379570 2760.2
1379580 2760.2
1379590 2769.7
1379600 2778.6
1379610 2786.4
1379620 2786.4
1379630 2794.5
1379640 2802.9
1379650 2802.9
1379660 2811.1
1379670 2820.0
1379680 2820.0
1379690 2827.7
1379700 2834.4
1379710 2834.4
1379720 2840.2
1379730 2847.9
1379740 2847.9
1379750 2856.0
1379760 2865.4
1379770 2865.4
1379780 2876.9
1379790 2887.8
1379800 2887.8
1379810 2899.2
1379820 2911.1
1379830 2921.0
1379840 2921.0
1379850 2930.5
1379860 2941.4
1379870 2941.4
1379880 2952.6
1379890 2962.0
1379900 2962.0
1379910 2969.5
1379920 2976.8
1379930 2976.8
1379940 2984.5
1379950 2990.2
1379960 2990.2
1379970 2988.2
1379980 2982.3
1379990 2982.3
