1360000 2925.9
1360010 2915.6
1360020 2902.2
1360030 2902.2
1360040 2883.3
1360050 2865.9
1360060 2865.9
1360070 2854.3
1360080 2846.2
1360090 2846.2
1360100 2839.2
1360110 2833.3
1360120 2831.7
1360130 2825.6
1360140 2820.4
1360150 2820.4
1360160 2814.5
1360170 2808.4
1360180 2808.4
1360190 2801.4
1360200 2792.6
1360210 2792.6
1360220 2784.0
1360230 2777.5
1360240 2772.2
1360250 2772.2
1360260 2768.6
1360270 2762.0
1360280 2762.0
1360290 2753.2
1360300 2746.5
1360310 2746.5
1360320 2742.2
1360330 2736.5
1360340 2736.5
1360350 2728.9
1360360 2719.8
1360370 2719.8
1360380 2711.2
1360390 2703.5
1360400 2703.5
1360410 2697.1
1360420 2693.2
1360430 2693.2
1360440 2685.8
1360450 2675.7
1360460 2663.5
1360470 2663.5
1360480 2652.6
1360490 2637.8
1360500 2637.8
1360510 2626.9
1360520 2619.7
1360530 2619.7
1360540 2614.0
1360550 2608.7
1360560 2608.7
1360570 2601.7
1360580 2589.7
1360590 2589.7
1360600 2579.2
1360610 2570.5
1360620 2570.5
1360630 2562.0
1360640 2553.2
1360650 2543.4
1360660 2543.4
1360670 2535.1
1360680 2531.9
1360690 2531.9
1360700 2524.5
1360710 2512.2
1360720 2512.2
1360730 2497.3
1360740 2489.0
1360750 2489.0
1360760 2483.4
1360770 2475.9
1360780 2475.9
1360790 2469.6
1360800 2464.2
1360810 2464.2
1360820 2459.7
1360830 2456.2
1360840 2456.2
1360850 2454.4
1360860 2454.6
1360870 2454.5
1360880 2454.5
1360890 2449.9
1360900 2442.8
1360910 2442.8
1360920 2436.2
1360930 2431.6
1360940 2431.6
1360950 2428.9
1360960 2427.4
1360970 2427.4
1360980 2426.4
1360990 2425.5
1361000 2425.5
1361010 2425.6
1361020 2424.7
1361030 2424.7
1361040 2423.3
1361050 2421.9
1361060 2421.9
1361070 2421.6
1361080 2420.5
1361090 2420.5
1361100 2420.5
1361110 2421.2
1361120 2422.8
1361130 2422.8
1361140 2418.1
1361150 2418.2
1361160 2418.2
1361170 2413.4
1361180 2410.9
1361190 2410.9
1361200 2413.3
1361210 2412.8
1361220 2412.8
1361230 2415.3
1361240 2417.0
1361250 2417.0
1361260 2417.6
1361270 2418.8
1361280 2418.8
1361290 2423.1
1361300 2424.7
1361310 2424.2
1361320 2424.2
1361330 2422.2
1361340 2423.3
1361350 2423.3
1361360 2425.4
1361370 2426.5
1361380 2426.5
1361390 2428.7
1361400 2432.4
1361410 2432.4
1361420 2434.6
1361430 2438.6
1361440 2438.6
1361450 2444.4
1361460 2449.4
1361470 2449.4
1361480 2450.7
1361490 2452.2
1361500 2456.6
1361510 2456.6
1361520 2464.7
1361530 2471.0
1361540 2471.0
1361550 2474.8
1361560 2479.7
1361570 2479.7
1361580 2485.0
1361590 2488.7
1361600 2488.7
1361610 2492.7
1361620 2495.8
1361630 2495.8
1361640 2501.9
1361650 2508.6
1361660 2508.6
1361670 2513.9
1361680 2517.5
1361690 2517.5
1361700 2522.4
1361710 2528.6
1361720 2533.8
1361730 2533.8
1361740 2539.2
1361750 2545.9
1361760 2545.9
1361770 2552.9
1361780 2559.9
1361790 2559.9
1361800 2566.9
1361810 2573.8
1361820 2573.8
1361830 2581.1
1361840 2588.2
1361850 2588.2
1361860 2595.3
1361870 2602.8
1361880 2602.8
1361890 2611.3
1361900 2620.1
1361910 2620.1
1361920 2630.1
1361930 2645.1
1361940 2653.6
1361950 2653.6
1361960 2660.9
1361970 2668.9
1361980 2668.9
1361990 2677.0
1362000 2684.8
1362010 2684.8
1362020 2692.0
1362030 2697.5
1362040 2697.5
1362050 2702.1
1362060 2706.0
1362070 2706.0
1362080 2710.8
1362090 2716.9
1362100 2716.9
1362110 2724.4
1362120 2732.2
1362130 2732.2
1362140 2739.3
1362150 2745.6
1362160 2750.9
1362170 2748.9
1362180 2752.8
1362190 2756.4
1362200 2756.4
1362210 2759.5
1362220 2763.6
1362230 2763.6
1362240 2768.8
1362250 2773.3
1362260 2773.3
1362270 2778.2
1362280 2783.8
1362290 2783.8
1362300 2788.9
1362310 2792.3
1362320 2792.3
1362330 2795.5
1362340 2798.6
1362350 2801.8
1362360 2801.8
1362370 2805.7
1362380 2808.9
1362390 2808.9
1362400 2811.6
1362410 2814.0
1362420 2814.0
1362430 2816.7
1362440 2819.3
1362450 2819.3
1362460 2822.2
1362470 2824.7
1362480 2824.7
1362490 2825.5
1362500 2827.1
1362510 2827.1
1362520 2829.1
1362530 2831.4
1362540 2831.4
1362550 2834.0
1362560 2836.7
1362570 2839.6
1362580 2839.6
1362590 2842.5
1362600 2845.5
1362610 2845.5
1362620 2848.3
1362630 2851.3
1362640 2851.3
1362650 2854.4
1362660 2857.3
1362670 2857.3
1362680 2860.3
1362690 2863.2
1362700 2863.2
1362710 2866.3
1362720 2869.3
1362730 2869.3
1362740 2872.6
1362750 2876.1
1362760 2876.1
1362770 2879.8
1362780 2883.6
1362790 2887.5
1362800 2887.5
1362810 2891.3
1362820 2895.0
1362830 2895.0
1362840 2898.6
1362850 2901.9
1362860 2901.9
1362870 2905.2
1362880 2908.4
1362890 2908.4
1362900 2911.4
1362910 2914.3
1362920 2914.3
1362930 2917.4
1362940 2920.3
1362950 2920.3
1362960 2923.1
1362970 2926.0
1362980 2928.5
1362990 2928.5
1363000 2931.0
1363010 2933.3
1363020 2933.3
1363030 2935.7
1363040 2938.0
1363050 2938.0
1363060 2940.3
1363070 2942.7
1363080 2942.7
1363090 2945.5
1363100 2948.7
1363110 2948.7
1363120 2952.1
1363130 2955.4
1363140 2955.4
1363150 2958.6
1363160 2961.5
1363170 2961.5
1363180 2964.3
1363190 2967.0
1363200 2969.6
1363210 2971.3
1363220 2973.8
1363230 2976.2
1363240 2976.2
1363250 2978.7
1363260 2981.2
1363270 2981.2
1363280 2983.6
1363290 2985.7
1363300 2985.7
1363310 2987.5
1363320 2988.8
1363330 2988.8
1363340 2989.9
1363350 2990.9
1363360 2990.9
1363370 2991.9
1363380 2992.9
1363390 2992.9
1363400 2994.1
1363410 2995.5
1363420 2997.2
1363430 2997.2
1363440 2999.1
1363450 3001.4
1363460 3001.4
1363470 3004.1
1363480 3007.0
1363490 3007.0
1363500 3010.0
1363510 3012.9
1363520 3012.9
1363530 3015.9
1363540 3019.0
1363550 3019.0
1363560 3022.2
1363570 3025.4
1363580 3025.4
1363590 3028.8
1363600 3032.1
1363610 3032.1
1363620 3035.2
1363630 3038.3
1363640 3041.3
1363650 3041.3
1363660 3044.3
1363670 3047.2
1363680 3047.2
1363690 3049.9
1363700 3052.6
1363710 3052.6
1363720 3055.1
1363730 3057.7
1363740 3057.7
1363750 3060.3
1363760 3062.9
1363770 3062.9
1363780 3065.7
1363790 3068.5
1363800 3068.5
1363810 3071.4
1363820 3074.5
1363830 3077.7
1363840 3077.7
1363850 3080.9
1363860 3084.1
1363870 3084.1
1363880 3087.3
1363890 3090.7
1363900 3090.7
1363910 3094.1
1363920 3097.7
1363930 3097.7
1363940 3101.4
1363950 3105.2
1363960 3105.2
1363970 3109.0
1363980 3112.7
1363990 3112.7
1364000 3116.5
1364010 3120.3
1364020 3120.3
1364030 3124.1
1364040 3127.9
1364050 3131.8
1364060 3131.8
1364070 3135.6
1364080 3139.5
1364090 3139.5
1364100 3143.9
1364110 3148.2
1364120 3148.2
1364130 3152.5
1364140 3156.8
1364150 3156.8
1364160 3161.3
1364170 3165.7
1364180 3165.7
1364190 3170.2
1364200 3174.6
1364210 3174.6
1364220 3179.0
1364230 3183.3
1364240 3183.3
1364250 3187.7
1364260 3195.3
1364270 3200.1
1364280 3200.1
1364290 3205.3
1364300 3211.1
1364310 3211.1
1364320 3217.1
1364330 3222.8
1364340 3222.8
1364350 3229.2
1364360 3237.9
1364370 3237.9
1364380 3248.1
1364390 3257.1
1364400 3257.1
1364410 3265.4
1364420 3273.5
1364430 3273.5
1364440 3281.0
1364450 3287.9
1364460 3287.9
1364470 3293.9
1364480 3298.8
1364490 3302.8
1364500 3302.8
1364510 3306.4
1364520 3310.0
1364530 3310.0
1364540 3308.6
1364550 3300.4
1364560 3300.4
1364570 3296.6
1364580 3293.9
1364590 3293.9
1364600 3291.5
1364610 3289.1
1364620 3289.1
1364630 3286.7
1364640 3284.0
1364650 3284.0
1364660 3281.1
1364670 3278.0
1364680 3274.3
1364690 3274.3
1364700 3270.0
1364710 3264.8
1364720 3264.8
1364730 3259.7
1364740 3250.5
1364750 3250.5
1364760 3227.1
1364770 3210.3
1364780 3210.3
1364790 3200.0
1364800 3188.3
1364810 3188.3
1364820 3166.8
1364830 3154.1
1364840 3154.1
1364850 3145.9
1364860 3129.8
1364870 3129.8
1364880 3112.1
1364890 3101.1
1364900 3086.0
1364910 3086.0
1364920 3071.5
1364930 3057.9
1364940 3057.9
1364950 3045.8
1364960 3035.4
1364970 3035.4
1364980 3026.6
1364990 3020.8
1365000 3020.8
1365010 3015.1
1365020 3009.6
1365030 3009.6
1365040 3004.1
1365050 2998.5
1365060 2998.5
1365070 2993.1
1365080 2987.4
1365090 2987.4
1365100 2981.8
1365110 2976.6
1365120 2971.6
1365130 2971.6
1365140 2966.6
1365150 2961.6
1365160 2961.6
1365170 2957.0
1365180 2952.8
1365190 2952.8
1365200 2949.1
1365210 2945.4
1365220 2945.4
1365230 2941.7
1365240 2937.8
1365250 2937.8
1365260 2933.5
1365270 2929.0
1365280 2929.0
1365290 2924.6
1365300 2920.1
1365310 2920.1
1365320 2915.0
1365330 2910.5
1365340 2905.8
1365350 2905.8
1365360 2901.1
1365370 2896.3
1365380 2896.3
1365390 2891.8
1365400 2887.4
1365410 2887.4
1365420 2882.9
1365430 2878.4
1365440 2878.4
1365450 2873.6
1365460 2869.3
1365470 2869.3
1365480 2866.8
1365490 2864.7
1365500 2864.7
1365510 2860.6
1365520 2853.7
1365530 2847.0
1365540 2847.0
1365550 2840.8
1365560 2833.5
1365570 2833.5
1365580 2826.1
1365590 2818.6
1365600 2818.6
1365610 2812.0
1365620 2808.8
1365630 2808.8
1365640 2806.5
1365650 2804.1
1365660 2804.1
1365670 2801.7
1365680 2799.2
1365690 2799.2
1365700 2796.8
1365710 2794.5
1365720 2794.5
1365730 2792.3
1365740 2790.1
1365750 2788.0
1365760 2788.0
1365770 2786.1
1365780 2783.8
1365790 2783.8
1365800 2781.6
1365810 2779.4
1365820 2779.4
1365830 2777.0
1365840 2775.5
1365850 2775.5
1365860 2774.7
1365870 2775.0
1365880 2775.0
1365890 2775.5
1365900 2775.8
1365910 2775.8
1365920 2776.0
1365930 2775.8
1365940 2775.8
1365950 2775.7
1365960 2775.1
1365970 2774.2
1365980 2774.2
1365990 2773.1
1366000 2771.6
1366010 2771.6
1366020 2770.1
1366030 2769.1
1366040 2769.1
1366050 2768.3
1366060 2768.2
1366070 2768.2
1366080 2768.7
1366090 2768.9
1366100 2768.9
1366110 2767.9
1366120 2766.2
1366130 2766.2
1366140 2764.4
1366150 2763.0
1366160 2763.0
1366170 2761.9
1366180 2760.4
1366190 2759.0
1366200 2759.0
1366210 2757.4
1366220 2756.0
1366230 2756.0
1366240 2755.3
1366250 2755.9
1366260 2755.9
1366270 2757.9
1366280 2759.1
1366290 2759.1
1366300 2758.3
1366310 2757.1
1366320 2757.1
1366330 2755.7
1366340 2754.1
1366350 2754.1
1366360 2754.6
1366370 2756.0
1366380 2755.9
1366390 2751.6
1366400 2750.2
1366410 2751.6
1366420 2751.6
1366430 2752.1
1366440 2750.5
1366450 2750.5
1366460 2749.1
1366470 2747.0
1366480 2747.0
1366490 2745.8
1366500 2746.2
1366510 2746.2
1366520 2746.6
1366530 2747.1
1366540 2747.1
1366550 2748.4
1366560 2748.8
1366570 2748.8
1366580 2746.2
1366590 2739.3
1366600 2732.6
1366610 2732.6
1366620 2729.6
1366630 2723.3
1366640 2723.3
1366650 2717.7
1366660 2716.4
1366670 2716.4
1366680 2716.5
1366690 2713.5
1366700 2713.5
1366710 2710.5
1366720 2704.0
1366730 2704.0
1366740 2696.2
1366750 2691.9
1366760 2691.9
1366770 2690.4
1366780 2686.8
1366790 2686.8
1366800 2683.0
1366810 2675.4
1366820 2669.5
1366830 2669.5
1366840 2668.2
1366850 2670.0
1366860 2670.0
1366870 2670.1
1366880 2665.9
1366890 2665.9
1366900 2660.4
1366910 2655.6
1366920 2655.6
1366930 2650.8
1366940 2648.1
1366950 2648.1
1366960 2641.3
1366970 2636.4
1366980 2636.4
1366990 2636.3
1367000 2635.8
1367010 2635.8
1367020 2635.2
1367030 2632.4
1367040 2629.8
1367050 2629.8
1367060 2626.5
1367070 2621.6
1367080 2621.6
1367090 2616.5
1367100 2613.6
1367110 2613.6
1367120 2611.6
1367130 2608.7
1367140 2608.7
1367150 2603.7
1367160 2598.7
1367170 2598.7
1367180 2595.9
1367190 2593.7
1367200 2593.7
1367210 2591.3
1367220 2587.8
1367230 2584.7
1367240 2584.7
1367250 2581.0
1367260 2577.2
1367270 2577.2
1367280 2575.5
1367290 2573.1
1367300 2573.1
1367310 2569.5
1367320 2563.7
1367330 2563.7
1367340 2556.2
1367350 2546.1
1367360 2546.1
1367370 2537.8
1367380 2529.5
1367390 2529.5
1367400 2523.9
1367410 2518.7
1367420 2518.7
1367430 2515.1
1367440 2513.0
1367450 2512.1
1367460 2505.7
1367470 2505.1
1367480 2504.7
1367490 2504.7
1367500 2507.0
1367510 2512.4
1367520 2512.4
1367530 2517.6
1367540 2525.3
1367550 2525.3
1367560 2529.7
1367570 2533.3
1367580 2533.3
1367590 2537.1
1367600 2538.8
1367610 2538.8
1367620 2539.6
1367630 2541.4
1367640 2541.4
1367650 2543.6
1367660 2545.7
1367670 2547.1
1367680 2547.1
1367690 2549.5
1367700 2551.9
1367710 2551.9
1367720 2553.0
1367730 2552.5
1367740 2552.5
1367750 2552.3
1367760 2552.4
1367770 2552.4
1367780 2552.7
1367790 2554.7
1367800 2554.7
1367810 2554.9
1367820 2553.7
1367830 2553.7
1367840 2552.1
1367850 2551.3
1367860 2551.3
1367870 2552.2
1367880 2552.7
1367890 2553.0
1367900 2553.0
1367910 2553.3
1367920 2553.1
1367930 2553.1
1367940 2552.4
1367950 2552.4
1367960 2552.4
1367970 2551.4
1367980 2549.2
1367990 2549.2
1368000 2546.6
1368010 2542.3
1368020 2542.3
1368030 2537.1
1368040 2531.1
1368050 2531.1
1368060 2525.3
1368070 2521.3
1368080 2519.8
1368090 2519.8
1368100 2520.2
1368110 2522.3
1368120 2522.3
1368130 2525.8
1368140 2527.2
1368150 2527.2
1368160 2529.0
1368170 2529.4
1368180 2529.4
1368190 2529.0
1368200 2529.5
1368210 2529.5
1368220 2529.5
1368230 2528.9
1368240 2528.9
1368250 2528.3
1368260 2528.9
1368270 2528.9
1368280 2528.6
1368290 2526.2
1368300 2521.3
1368310 2521.3
1368320 2515.5
1368330 2511.1
1368340 2511.1
1368350 2506.6
1368360 2500.8
1368370 2500.8
1368380 2493.4
1368390 2486.4
1368400 2486.4
1368410 2480.5
1368420 2473.7
1368430 2473.7
1368440 2465.9
1368450 2456.0
1368460 2456.0
1368470 2446.3
1368480 2438.7
1368490 2438.7
1368500 2431.1
1368510 2423.7
1368520 2417.6
1368530 2417.6
1368540 2412.8
1368550 2410.0
1368560 2410.0
1368570 2404.2
1368580 2397.0
1368590 2397.0
1368600 2387.0
1368610 2375.3
1368620 2375.3
1368630 2363.5
1368640 2351.2
1368650 2351.2
1368660 2342.4
1368670 2336.4
1368680 2336.4
1368690 2330.7
1368700 2323.5
1368710 2323.5
1368720 2314.5
1368730 2307.2
1368740 2299.4
1368750 2299.4
1368760 2291.9
1368770 2283.0
1368780 2283.0
1368790 2271.3
1368800 2261.9
1368810 2261.9
1368820 2253.8
1368830 2246.1
1368840 2246.1
1368850 2240.0
1368860 2232.9
1368870 2232.9
1368880 2224.3
1368890 2217.1
1368900 2217.1
1368910 2212.7
1368920 2210.2
1368930 2209.0
1368940 2209.0
1368950 2208.5
1368960 2208.3
1368970 2208.3
1368980 2207.9
1368990 2207.7
1369000 2207.7
1369010 2207.4
1369020 2207.3
1369030 2207.3
1369040 2206.6
1369050 2203.1
1369060 2203.1
1369070 2197.9
1369080 2192.7
1369090 2192.7
1369100 2187.6
1369110 2183.7
1369120 2183.7
1369130 2180.0
1369140 2173.8
1369150 2167.8
1369160 2167.8
1369170 2163.0
1369180 2157.6
1369190 2157.6
1369200 2149.3
1369210 2142.2
1369220 2142.2
1369230 2133.9
1369240 2126.7
1369250 2126.7
1369260 2120.9
1369270 2117.2
1369280 2117.2
1369290 2113.4
1369300 2108.6
1369310 2108.6
1369320 2101.6
1369330 2095.6
1369340 2095.6
1369350 2090.3
1369360 2083.1
1369370 2075.3
1369380 2075.3
1369390 2067.2
1369400 2059.1
1369410 2059.1
1369420 2052.9
1369430 2049.2
1369440 2049.2
1369450 2044.7
1369460 2036.4
1369470 2036.4
1369480 2030.0
1369490 2025.0
1369500 2025.0
1369510 2019.4
1369520 2016.5
1369530 2016.5
1369540 2015.1
1369550 2010.8
1369560 2010.8
1369570 2005.0
1369580 2000.6
1369590 1998.1
1369600 1998.1
1369610 1996.0
1369620 1993.1
1369630 1993.1
1369640 1988.7
1369650 1981.0
1369660 1981.0
1369670 1972.9
1369680 1963.2
1369690 1963.2
1369700 1954.5
1369710 1944.1
1369720 1944.1
1369730 1934.2
1369740 1925.0
1369750 1925.0
1369760 1913.6
1369770 1914.4
1369780 1924.4
1369790 1924.4
1369800 1927.7
1369810 1931.6
1369820 1931.6
1369830 1936.2
1369840 1940.1
1369850 1940.1
1369860 1939.8
1369870 1934.7
1369880 1934.7
1369890 1933.2
1369900 1932.0
1369910 1932.0
1369920 1933.7
1369930 1936.3
1369940 1936.3
1369950 1938.0
1369960 1940.1
1369970 1940.1
1369980 1943.0
1369990 1948.3
1370000 1954.8
1370010 1954.8
1370020 1961.8
1370030 1968.6
1370040 1968.6
1370050 1974.1
1370060 1978.9
1370070 1978.9
1370080 1983.2
1370090 1986.8
1370100 1986.8
1370110 1991.5
1370120 1998.0
1370130 1998.0
1370140 2004.8
1370150 2011.5
1370160 2011.5
1370170 2017.9
1370180 2025.1
1370190 2025.1
1370200 2032.1
1370210 2038.6
1370220 2044.8
1370230 2044.8
1370240 2051.8
1370250 2057.9
1370260 2057.9
1370270 2063.1
1370280 2068.8
1370290 2068.8
1370300 2073.6
1370310 2077.4
1370320 2077.4
1370330 2080.6
1370340 2083.6
1370350 2083.6
1370360 2087.0
1370370 2090.1
1370380 2090.1
1370390 2092.9
1370400 2096.3
1370410 2100.0
1370420 2100.0
1370430 2104.6
1370440 2110.2
1370450 2110.2
1370460 2116.3
1370470 2120.3
1370480 2120.3
1370490 2124.5
1370500 2129.3
1370510 2129.3
1370520 2134.8
1370530 2139.5
1370540 2139.5
1370550 2146.1
1370560 2152.6
1370570 2152.6
1370580 2159.2
1370590 2165.9
1370600 2165.9
1370610 2171.5
1370620 2175.9
1370630 2180.5
1370640 2180.5
1370650 2183.8
1370660 2188.0
1370670 2188.0
1370680 2192.1
1370690 2197.0
1370700 2197.0
1370710 2202.1
1370720 2207.5
1370730 2207.5
1370740 2213.4
1370750 2220.2
1370760 2217.1
1370770 2223.3
1370780 2230.6
1370790 2230.6
1370800 2237.8
1370810 2245.1
1370820 2245.1
1370830 2251.5
1370840 2257.8
1370850 2264.5
1370860 2264.5
1370870 2272.4
1370880 2280.7
1370890 2280.7
1370900 2291.2
1370910 2301.1
1370920 2301.1
1370930 2310.1
1370940 2318.1
1370950 2318.1
1370960 2328.2
1370970 2339.0
1370980 2339.0
1370990 2350.1
1371000 2363.4
1371010 2363.4
1371020 2376.7
1371030 2386.0
1371040 2386.0
1371050 2393.0
1371060 2399.5
1371070 2406.4
1371080 2406.4
1371090 2414.0
1371100 2421.7
1371110 2421.7
1371120 2429.4
1371130 2436.3
1371140 2436.3
1371150 2443.0
1371160 2449.6
1371170 2449.6
1371180 2455.9
1371190 2462.2
1371200 2462.2
1371210 2468.9
1371220 2475.5
1371230 2475.5
1371240 2481.3
1371250 2486.5
1371260 2492.7
1371270 2492.7
1371280 2510.0
1371290 2522.1
1371300 2522.1
1371310 2528.2
1371320 2534.8
1371330 2534.8
1371340 2542.3
1371350 2548.2
1371360 2548.2
1371370 2555.4
1371380 2562.6
1371390 2562.6
1371400 2572.4
1371410 2583.4
1371420 2583.4
1371430 2592.5
1371440 2599.8
1371450 2599.8
1371460 2606.6
1371470 2614.6
1371480 2625.1
1371490 2625.1
1371500 2638.1
1371510 2652.9
1371520 2652.9
1371530 2666.8
1371540 2679.7
1371550 2679.7
1371560 2680.3
1371570 2672.9
1371580 2672.9
1371590 2664.5
1371600 2657.8
1371610 2657.8
1371620 2651.3
1371630 2643.5
1371640 2643.5
1371650 2636.9
1371660 2633.0
1371670 2633.0
1371680 2627.0
1371690 2623.0
1371700 2622.4
1371710 2622.4
1371720 2617.2
1371730 2606.9
1371740 2606.9
1371750 2598.3
1371760 2595.7
1371770 2595.7
1371780 2599.1
1371790 2593.0
1371800 2593.0
1371810 2583.9
1371820 2579.3
1371830 2579.3
1371840 2574.7
1371850 2558.3
1371860 2558.3
1371870 2536.7
1371880 2512.7
1371890 2512.7
1371900 2505.0
1371910 2495.2
1371920 2483.7
1371930 2483.7
1371940 2471.1
1371950 2460.9
1371960 2460.9
1371970 2453.7
1371980 2447.1
1371990 2447.1
1372000 2440.9
1372010 2435.1
1372020 2435.1
1372030 2429.7
1372040 2425.4
1372050 2425.4
1372060 2422.9
1372070 2419.9
1372080 2419.9
1372090 2413.2
1372100 2406.4
1372110 2398.7
1372120 2398.7
1372130 2389.5
1372140 2384.8
1372150 2384.8
1372160 2377.2
1372170 2368.2
1372180 2368.2
1372190 2358.5
1372200 2350.3
1372210 2350.3
1372220 2344.0
1372230 2334.6
1372240 2334.6
1372250 2323.6
1372260 2314.7
1372270 2314.7
1372280 2303.1
1372290 2288.9
1372300 2288.9
1372310 2274.8
1372320 2262.2
1372330 2247.9
1372340 2247.9
1372350 2235.6
1372360 2225.5
1372370 2225.5
1372380 2216.3
1372390 2211.8
1372400 2211.8
1372410 2208.4
1372420 2204.1
1372430 2204.1
1372440 2199.7
1372450 2195.3
1372460 2195.3
1372470 2184.2
1372480 2172.7
1372490 2172.7
1372500 2166.5
1372510 2164.6
1372520 2164.6
1372530 2159.6
1372540 2157.2
1372550 2152.8
1372560 2152.8
1372570 2144.0
1372580 2130.8
1372590 2130.8
1372600 2116.9
1372610 2102.9
1372620 2102.9
1372630 2092.7
1372640 2085.8
1372650 2085.8
1372660 2079.4
1372670 2071.9
1372680 2071.9
1372690 2059.5
1372700 2044.2
1372710 2044.2
1372720 2029.6
1372730 2020.0
1372740 2020.0
1372750 2007.9
1372760 1996.6
1372770 1985.2
1372780 1985.2
1372790 1980.0
1372800 1974.9
1372810 1974.9
1372820 1970.6
1372830 1964.4
1372840 1964.4
1372850 1965.4
1372860 1978.7
1372870 1978.7
1372880 1991.7
1372890 1990.8
1372900 1990.8
1372910 1989.9
1372920 1989.2
1372930 1989.2
1372940 1989.5
1372950 1990.5
1372960 1991.7
1372970 1991.7
1372980 1995.9
1372990 2001.2
1373000 2001.2
1373010 1997.3
1373020 2000.5
1373030 2000.5
1373040 2005.2
1373050 2010.2
1373060 2010.2
1373070 2019.3
1373080 2026.6
1373090 2026.6
1373100 2032.8
1373110 2038.5
1373120 2038.5
1373130 2044.3
1373140 2049.5
1373150 2049.5
1373160 2055.7
1373170 2063.4
1373180 2067.8
1373190 2067.8
1373200 2071.0
1373210 2079.7
1373220 2079.7
1373230 2091.9
1373240 2097.8
1373250 2097.8
1373260 2102.9
1373270 2108.0
1373280 2108.0
1373290 2112.2
1373300 2115.9
1373310 2115.9
1373320 2120.5
1373330 2127.5
1373340 2127.5
1373350 2134.9
1373360 2141.4
1373370 2141.4
1373380 2147.4
1373390 2153.5
1373400 2159.6
1373410 2159.6
1373420 2166.5
1373430 2175.3
1373440 2175.3
1373450 2183.3
1373460 2193.9
1373470 2193.9
1373480 2202.8
1373490 2210.2
1373500 2210.2
1373510 2216.4
1373520 2222.7
1373530 2222.7
1373540 2227.3
1373550 2231.5
1373560 2231.5
1373570 2235.3
1373580 2239.3
1373590 2239.3
1373600 2242.4
1373610 2245.0
1373620 2247.2
1373630 2247.2
1373640 2251.1
1373650 2255.3
1373660 2255.3
1373670 2258.8
1373680 2263.6
1373690 2263.6
1373700 2268.7
1373710 2274.3
1373720 2274.3
1373730 2280.2
1373740 2286.6
1373750 2286.6
1373760 2293.0
1373770 2298.8
1373780 2298.8
1373790 2304.6
1373800 2310.5
1373810 2316.7
1373820 2316.7
1373830 2323.5
1373840 2330.5
1373850 2330.5
1373860 2337.4
1373870 2344.3
1373880 2344.3
1373890 2351.6
1373900 2359.2
1373910 2359.2
1373920 2367.0
1373930 2375.1
1373940 2375.1
1373950 2383.2
1373960 2391.3
1373970 2391.3
1373980 2400.0
1373990 2409.9
1374000 2409.9
1374010 2422.1
1374020 2430.9
1374030 2436.0
1374040 2436.0
1374050 2441.5
1374060 2447.9
1374070 2447.9
1374080 2454.6
1374090 2461.4
1374100 2461.4
1374110 2468.1
1374120 2475.0
1374130 2475.0
1374140 2482.1
1374150 2481.4
1374160 2481.4
1374170 2484.9
1374180 2488.5
1374190 2488.5
1374200 2492.9
1374210 2498.3
1374220 2498.3
1374230 2502.4
1374240 2506.2
1374250 2510.4
1374260 2510.4
1374270 2514.2
1374280 2518.3
1374290 2518.3
1374300 2523.3
1374310 2528.7
1374320 2528.7
1374330 2534.0
1374340 2539.8
1374350 2539.8
1374360 2546.3
1374370 2553.7
1374380 2553.7
1374390 2559.8
1374400 2566.1
1374410 2566.1
1374420 2572.4
1374430 2580.2
1374440 2580.2
1374450 2587.3
1374460 2593.6
1374470 2597.9
1374480 2597.9
1374490 2602.0
1374500 2606.4
1374510 2606.4
1374520 2611.3
1374530 2616.5
1374540 2616.5
1374550 2621.9
1374560 2627.4
1374570 2627.4
1374580 2632.4
1374590 2638.0
1374600 2638.0
1374610 2644.2
1374620 2650.8
1374630 2650.8
1374640 2657.3
1374650 2664.3
1374660 2671.4
1374670 2671.4
1374680 2678.5
1374690 2685.6
1374700 2685.6
1374710 2692.9
1374720 2700.6
1374730 2700.6
1374740 2708.4
1374750 2715.9
1374760 2715.9
1374770 2723.4
1374780 2731.0
1374790 2731.0
1374800 2739.3
1374810 2749.4
1374820 2749.4
1374830 2760.5
1374840 2770.5
1374850 2770.5
1374860 2780.0
1374870 2788.2
1374880 2795.8
1374890 2795.8
1374900 2805.1
1374910 2814.3
1374920 2814.3
1374930 2823.5
1374940 2832.9
1374950 2832.9
1374960 2842.7
1374970 2854.1
1374980 2854.1
1374990 2865.3
1375000 2875.9
1375010 2875.9
1375020 2886.9
1375030 2897.8
1375040 2897.8
1375050 2907.4
1375060 2913.8
1375070 2913.8
1375080 2915.6
1375090 2915.4
1375100 2913.5
1375110 2913.5
1375120 2911.2
1375130 2908.6
1375140 2908.6
1375150 2905.5
1375160 2902.9
1375170 2902.9
1375180 2900.2
1375190 2897.6
1375200 2897.6
1375210 2896.4
1375220 2894.9
1375230 2894.9
1375240 2893.2
1375250 2891.7
1375260 2891.7
1375270 2890.9
1375280 2888.5
1375290 2888.5
1375300 2861.9
1375310 2862.1
1375320 2864.7
1375330 2864.7
1375340 2860.1
1375350 2861.5
1375360 2861.5
1375370 2868.9
1375380 2872.4
1375390 2872.4
1375400 2875.6
1375410 2878.3
1375420 2878.3
1375430 2884.0
1375440 2890.1
1375450 2890.1
1375460 2898.7
1375470 2909.8
1375480 2909.8
1375490 2920.4
1375500 2936.7
1375510 2945.0
1375520 2945.0
1375530 2950.7
1375540 2955.4
1375550 2955.4
1375560 2958.0
1375570 2963.0
1375580 2963.0
1375590 2971.6
1375600 2976.0
1375610 2976.0
1375620 2978.5
1375630 2987.3
1375640 2987.3
1375650 3003.4
1375660 3013.2
1375670 3013.2
1375680 3020.5
1375690 3026.8
1375700 3026.8
1375710 3033.1
1375720 3037.7
1375730 3042.1
1375740 3042.1
1375750 3046.4
1375760 3048.4
1375770 3048.4
1375780 3050.2
1375790 3052.3
1375800 3052.3
1375810 3060.9
1375820 3066.7
1375830 3066.7
1375840 3073.5
1375850 3082.3
1375860 3082.3
1375870 3090.4
1375880 3101.5
1375890 3101.5
1375900 3115.1
1375910 3121.1
1375920 3121.1
1375930 3112.3
1375940 3101.3
1375950 3088.7
1375960 3088.7
1375970 3078.1
1375980 3066.0
1375990 3066.0
1376000 3056.2
1376010 3044.1
1376020 3044.1
1376030 3030.9
1376040 3020.5
1376050 3020.5
1376060 3009.6
1376070 3000.1
1376080 3000.1
1376090 2988.6
1376100 2975.0
1376110 2975.0
1376120 2956.4
1376130 2934.9
1376140 2916.7
1376150 2916.7
1376160 2905.4
1376170 2895.9
1376180 2895.9
1376190 2884.5
1376200 2872.6
1376210 2872.6
1376220 2864.3
1376230 2855.8
1376240 2855.8
1376250 2847.5
1376260 2839.7
1376270 2839.7
1376280 2830.8
1376290 2823.1
1376300 2823.1
1376310 2816.0
1376320 2809.3
1376330 2809.3
1376340 2803.2
1376350 2797.6
1376360 2791.5
1376370 2791.5
1376380 2784.9
1376390 2778.3
1376400 2778.3
1376410 2772.7
1376420 2766.8
1376430 2766.8
1376440 2761.1
1376450 2755.8
1376460 2759.1
1376470 2754.5
1376480 2749.5
1376490 2749.5
1376500 2743.8
1376510 2737.9
1376520 2737.9
1376530 2732.1
1376540 2726.1
1376550 2726.1
1376560 2720.3
1376570 2714.7
1376580 2708.8
1376590 2708.8
1376600 2702.8
1376610 2697.1
1376620 2697.1
1376630 2691.7
1376640 2686.4
1376650 2686.4
1376660 2680.9
1376670 2675.5
1376680 2675.5
1376690 2670.0
1376700 2664.3
1376710 2664.3
1376720 2658.7
1376730 2653.0
1376740 2653.0
1376750 2647.2
1376760 2641.5
1376770 2641.5
1376780 2636.1
1376790 2630.6
1376800 2625.3
1376810 2625.3
1376820 2620.1
1376830 2615.2
1376840 2615.2
1376850 2610.1
1376860 2605.3
1376870 2605.3
1376880 2601.0
1376890 2597.1
1376900 2597.1
1376910 2593.1
1376920 2589.3
1376930 2589.3
1376940 2585.8
1376950 2582.7
1376960 2582.7
1376970 2579.9
1376980 2577.7
1376990 2576.7
1377000 2576.7
1377010 2575.2
1377020 2569.1
1377030 2569.1
1377040 2564.6
1377050 2561.3
1377060 2561.3
1377070 2560.6
1377080 2558.2
1377090 2558.2
1377100 2553.6
1377110 2548.4
1377120 2548.4
1377130 2543.1
1377140 2538.3
1377150 2538.3
1377160 2533.1
1377170 2525.9
1377180 2525.9
1377190 2520.1
1377200 2516.2
1377210 2512.3
1377220 2512.3
1377230 2508.1
1377240 2503.2
1377250 2503.2
1377260 2498.8
1377270 2494.3
1377280 2494.3
1377290 2488.4
1377300 2482.4
1377310 2482.4
1377320 2477.2
1377330 2471.8
1377340 2471.8
1377350 2465.6
1377360 2459.0
1377370 2459.0
1377380 2454.4
1377390 2448.2
1377400 2448.2
1377410 2440.4
1377420 2429.1
1377430 2420.2
1377440 2420.2
1377450 2410.7
1377460 2403.0
1377470 2403.0
1377480 2395.9
1377490 2388.6
1377500 2388.6
1377510 2380.4
1377520 2370.7
1377530 2370.7
1377540 2363.2
1377550 2356.6
1377560 2356.6
1377570 2349.9
1377580 2343.1
1377590 2343.1
1377600 2336.2
1377610 2330.0
1377620 2330.0
1377630 2322.2
1377640 2312.2
1377650 2305.1
1377660 2305.1
1377670 2298.6
1377680 2292.5
1377690 2292.5
1377700 2286.2
1377710 2280.0
1377720 2280.0
1377730 2272.6
1377740 2264.9
1377750 2264.9
1377760 2258.8
1377770 2253.2
1377780 2253.2
1377790 2246.5
1377800 2239.9
1377810 2239.9
1377820 2234.7
1377830 2228.7
1377840 2222.2
1377850 2222.2
1377860 2216.0
1377870 2209.7
1377880 2209.7
1377890 2205.7
1377900 2200.6
1377910 2200.6
1377920 2194.1
1377930 2186.8
1377940 2186.8
1377950 2179.9
1377960 2174.5
1377970 2174.5
1377980 2170.2
1377990 2167.1
1378000 2167.1
1378010 2164.3
1378020 2162.1
1378030 2162.1
1378040 2160.2
1378050 2158.3
1378060 2156.9
1378070 2156.9
1378080 2155.5
1378090 2154.2
1378100 2154.2
1378110 2152.8
1378120 2151.3
1378130 2151.3
1378140 2150.0
1378150 2148.8
1378160 2148.8
1378170 2148.1
1378180 2147.8
1378190 2147.8
1378200 2147.7
1378210 2147.7
1378220 2147.7
1378230 2147.4
1378240 2147.4
1378250 2147.4
1378260 2148.2
1378270 2148.8
1378280 2149.7
1378290 2149.7
1378300 2151.0
1378310 2152.7
1378320 2152.7
1378330 2154.6
1378340 2156.8
1378350 2156.8
1378360 2159.3
1378370 2162.1
1378380 2162.1
1378390 2165.2
1378400 2169.1
1378410 2169.1
1378420 2172.7
1378430 2175.8
1378440 2175.8
1378450 2179.7
1378460 2183.7
1378470 2183.7
1378480 2188.2
1378490 2194.3
1378500 2201.4
1378510 2201.4
1378520 2210.0
1378530 2217.8
1378540 2217.8
1378550 2224.1
1378560 2230.6
1378570 2230.6
1378580 2236.8
1378590 2242.9
1378600 2242.9
1378610 2249.8
1378620 2256.2
1378630 2256.2
1378640 2263.5
1378650 2271.4
1378660 2271.4
1378670 2277.3
1378680 2282.7
1378690 2288.6
1378700 2288.6
1378710 2294.4
1378720 2300.1
1378730 2300.1
1378740 2306.2
1378750 2312.3
1378760 2312.3
1378770 2318.1
1378780 2323.7
1378790 2323.7
1378800 2329.4
1378810 2335.0
1378820 2335.0
1378830 2337.7
1378840 2342.7
1378850 2342.7
1378860 2347.8
1378870 2352.5
1378880 2352.5
1378890 2356.7
1378900 2361.2
1378910 2365.4
1378920 2365.4
1378930 2369.7
1378940 2374.4
1378950 2374.4
1378960 2379.0
1378970 2383.1
1378980 2383.1
1378990 2387.3
1379000 2390.5
1379010 2390.5
1379020 2392.8
1379030 2395.2
1379040 2395.2
1379050 2398.6
1379060 2403.1
1379070 2403.1
1379080 2409.2
1379090 2417.1
1379100 2417.1
1379110 2424.3
1379120 2430.7
1379130 2436.4
1379140 2436.4
1379150 2441.3
1379160 2446.6
1379170 2446.6
1379180 2452.8
1379190 2458.3
1379200 2458.3
1379210 2464.1
1379220 2470.4
1379230 2470.4
1379240 2476.1
1379250 2481.4
1379260 2481.4
1379270 2487.5
1379280 2493.3
1379290 2493.3
1379300 2497.9
1379310 2501.9
1379320 2501.9
1379330 2505.9
1379340 2510.4
1379350 2515.4
1379360 2515.4
1379370 2521.7
1379380 2529.7
1379390 2529.7
1379400 2538.6
1379410 2547.6
1379420 2547.6
1379430 2554.1
1379440 2559.8
1379450 2559.8
1379460 2565.2
1379470 2570.7
1379480 2570.7
1379490 2576.2
1379500 2581.0
1379510 2581.0
1379520 2585.7
1379530 2590.9
1379540 2596.5
1379550 2596.5
1379560 2602.3
1379570 2608.0
1379580 2608.0
1379590 2612.3
1379600 2616.6
1379610 2616.6
1379620 2620.4
1379630 2623.4
1379640 2623.4
1379650 2626.1
1379660 2628.5
1379670 2628.5
1379680 2631.1
1379690 2634.8
1379700 2634.8
1379710 2638.4
1379720 2642.0
1379730 2642.0
1379740 2645.5
1379750 2649.0
1379760 2652.7
1379770 2652.7
1379780 2656.2
1379790 2659.0
1379800 2659.0
1379810 2661.6
1379820 2664.2
1379830 2664.2
1379840 2666.9
1379850 2669.4
1379860 2669.4
1379870 2672.2
1379880 2675.0
1379890 2675.0
1379900 2677.7
1379910 2680.8
1379920 2680.8
1379930 2684.2
1379940 2687.7
1379950 2687.7
1379960 2691.5
1379970 2695.3
1379980 2699.4
1379990 2699.4
