1360000 2933.2
1360010 2920.0
1360020 2920.0
1360030 2909.7
1360040 2895.2
1360050 2878.7
1360060 2878.7
1360070 2861.1
1360080 2847.4
1360090 2847.4
1360100 2839.8
1360110 2833.6
1360120 2833.6
1360130 2827.9
1360140 2821.1
1360150 2821.1
1360160 2813.8
1360170 2807.7
1360180 2807.7
1360190 2800.4
1360200 2791.9
1360210 2791.9
1360220 2783.9
1360230 2774.5
1360240 2774.5
1360250 2764.9
1360260 2756.8
1360270 2750.7
1360280 2750.7
1360290 2744.8
1360300 2739.0
1360310 2739.0
1360320 2733.3
1360330 2726.3
1360340 2726.3
1360350 2719.1
1360360 2711.8
1360370 2711.8
1360380 2703.9
1360390 2696.2
1360400 2691.3
1360410 2684.3
1360420 2676.3
1360430 2676.3
1360440 2667.5
1360450 2661.0
1360460 2655.1
1360470 2655.1
1360480 2648.3
1360490 2636.6
1360500 2636.6
1360510 2625.1
1360520 2613.4
1360530 2613.4
1360540 2604.4
1360550 2596.9
1360560 2596.9
1360570 2590.8
1360580 2583.6
1360590 2583.6
1360600 2574.0
1360610 2565.1
1360620 2565.1
1360630 2556.1
1360640 2547.4
1360650 2547.4
1360660 2539.5
1360670 2531.5
1360680 2520.8
1360690 2520.8
1360700 2509.5
1360710 2502.4
1360720 2502.4
1360730 2495.9
1360740 2489.4
1360750 2489.4
1360760 2482.2
1360770 2473.4
1360780 2473.4
1360790 2466.6
1360800 2461.7
1360810 2461.7
1360820 2456.3
1360830 2450.6
1360840 2450.6
1360850 2446.4
1360860 2444.2
1360870 2444.2
1360880 2443.5
1360890 2441.5
1360900 2438.9
1360910 2438.9
1360920 2435.0
1360930 2431.2
1360940 2431.2
1360950 2428.6
1360960 2426.4
1360970 2426.4
1360980 2424.4
1360990 2422.8
1361000 2422.8
1361010 2421.9
1361020 2422.2
1361030 2422.2
1361040 2422.5
1361050 2420.7
1361060 2420.7
1361070 2416.7
1361080 2413.1
1361090 2413.1
1361100 2412.9
1361110 2410.0
1361120 2411.7
1361130 2411.7
1361140 2410.2
1361150 2408.0
1361160 2408.0
1361170 2404.7
1361180 2403.5
1361190 2403.5
1361200 2404.9
1361210 2405.4
1361220 2405.4
1361230 2407.3
1361240 2409.3
1361250 2409.3
1361260 2410.9
1361270 2414.9
1361280 2414.9
1361290 2419.0
1361300 2420.2
1361310 2420.9
1361320 2420.9
1361330 2419.1
1361340 2416.9
1361350 2416.9
1361360 2417.8
1361370 2419.9
1361380 2419.9
1361390 2422.3
1361400 2424.2
1361410 2424.2
1361420 2425.8
1361430 2427.5
1361440 2427.5
1361450 2432.9
1361460 2438.3
1361470 2438.3
1361480 2442.6
1361490 2445.6
1361500 2445.6
1361510 2448.6
1361520 2453.2
1361530 2457.3
1361540 2457.3
1361550 2461.4
1361560 2466.4
1361570 2466.4
1361580 2471.6
1361590 2476.7
1361600 2476.7
1361610 2482.8
1361620 2490.0
1361630 2490.0
1361640 2496.3
1361650 2501.9
1361660 2501.9
1361670 2507.6
1361680 2513.3
1361690 2513.3
1361700 2518.9
1361710 2525.2
1361720 2525.2
1361730 2532.3
1361740 2539.4
1361750 2546.6
1361760 2546.6
1361770 2554.2
1361780 2561.8
1361790 2561.8
1361800 2569.7
1361810 2577.9
1361820 2577.9
1361830 2586.5
1361840 2595.0
1361850 2595.0
1361860 2603.1
1361870 2611.2
1361880 2611.2
1361890 2619.1
1361900 2626.9
1361910 2626.9
1361920 2636.0
1361930 2644.4
1361940 2644.4
1361950 2652.4
1361960 2660.2
1361970 2667.1
1361980 2667.1
1361990 2674.5
1362000 2682.6
1362010 2682.6
1362020 2689.7
1362030 2694.4
1362040 2694.4
1362050 2698.6
1362060 2703.3
1362070 2703.3
1362080 2709.7
1362090 2716.8
1362100 2716.8
1362110 2723.9
1362120 2731.0
1362130 2731.0
1362140 2737.9
1362150 2743.6
1362160 2749.3
1362170 2749.3
1362180 2754.7
1362190 2760.8
1362200 2760.8
1362210 2767.9
1362220 2774.5
1362230 2774.5
1362240 2784.2
1362250 2791.3
1362260 2791.3
1362270 2794.8
1362280 2799.7
1362290 2799.7
1362300 2805.3
1362310 2808.0
1362320 2808.0
1362330 2810.5
1362340 2813.5
1362350 2813.5
1362360 2815.2
1362370 2817.2
1362380 2820.1
1362390 2820.1
1362400 2823.5
1362410 2825.8
1362420 2825.8
1362430 2828.6
1362440 2831.1
1362450 2831.1
1362460 2839.3
1362470 2841.4
1362480 2841.4
1362490 2843.9
1362500 2846.4
1362510 2846.4
1362520 2848.0
1362530 2848.9
1362540 2848.9
1362550 2848.7
1362560 2849.6
1362570 2849.6
1362580 2851.4
1362590 2853.7
1362600 2856.3
1362610 2856.3
1362620 2859.1
1362630 2861.4
1362640 2861.4
1362650 2863.8
1362660 2866.3
1362670 2866.3
1362680 2868.9
1362690 2871.6
1362700 2871.6
1362710 2874.3
1362720 2877.0
1362730 2877.0
1362740 2879.8
1362750 2882.7
1362760 2882.7
1362770 2885.5
1362780 2888.5
1362790 2888.5
1362800 2891.7
1362810 2895.2
1362820 2899.2
1362830 2899.2
1362840 2903.3
1362850 2907.5
1362860 2907.5
1362870 2911.4
1362880 2915.3
1362890 2915.3
1362900 2918.9
1362910 2922.3
1362920 2922.3
1362930 2925.7
1362940 2928.9
1362950 2928.9
1362960 2931.9
1362970 2934.7
1362980 2934.7
1362990 2937.5
1363000 2940.0
1363010 2942.4
1363020 2942.4
1363030 2944.6
1363040 2946.7
1363050 2946.7
1363060 2948.9
1363070 2951.0
1363080 2951.0
1363090 2953.2
1363100 2955.5
1363110 2955.5
1363120 2958.1
1363130 2960.8
1363140 2960.8
1363150 2963.6
1363160 2966.4
1363170 2966.4
1363180 2969.0
1363190 2971.5
1363200 2971.5
1363210 2973.7
1363220 2975.8
1363230 2977.9
1363240 2977.9
1363250 2979.8
1363260 2981.3
1363270 2981.3
1363280 2981.8
1363290 2982.5
1363300 2982.5
1363310 2984.7
1363320 2988.0
1363330 2988.0
1363340 2990.1
1363350 2991.3
1363360 2991.3
1363370 2992.5
1363380 2993.7
1363390 2993.7
1363400 2995.1
1363410 2996.8
1363420 2996.8
1363430 2998.8
1363440 3001.1
1363450 3003.7
1363460 3003.7
1363470 3006.5
1363480 3009.5
1363490 3009.5
1363500 3012.6
1363510 3017.1
1363520 3017.1
1363530 3020.3
1363540 3023.5
1363550 3023.5
1363560 3026.7
1363570 3030.0
1363580 3030.0
1363590 3033.2
1363600 3036.4
1363610 3036.4
1363620 3039.4
1363630 3042.3
1363640 3042.3
1363650 3045.3
1363660 3048.2
1363670 3051.0
1363680 3051.0
1363690 3053.6
1363700 3056.1
1363710 3056.1
1363720 3058.4
1363730 3060.7
1363740 3060.7
1363750 3062.9
1363760 3065.2
1363770 3065.2
1363780 3067.6
1363790 3070.0
1363800 3070.0
1363810 3072.8
1363820 3075.6
1363830 3075.6
1363840 3078.7
1363850 3081.8
1363860 3085.2
1363870 3085.2
1363880 3088.5
1363890 3092.0
1363900 3092.0
1363910 3095.9
1363920 3099.9
1363930 3099.9
1363940 3104.1
1363950 3108.2
1363960 3108.2
1363970 3112.4
1363980 3116.5
1363990 3116.5
1364000 3120.7
1364010 3124.9
1364020 3124.9
1364030 3129.1
1364040 3133.2
1364050 3133.2
1364060 3137.3
1364070 3141.5
1364080 3145.8
1364090 3145.8
1364100 3150.1
1364110 3154.4
1364120 3154.4
1364130 3158.9
1364140 3163.5
1364150 3163.5
1364160 3168.0
1364170 3172.7
1364180 3172.7
1364190 3177.5
1364200 3182.2
1364210 3182.2
1364220 3186.9
1364230 3191.7
1364240 3191.7
1364250 3196.3
1364260 3201.0
1364270 3201.0
1364280 3205.9
1364290 3211.0
1364300 3216.3
1364310 3216.3
1364320 3222.0
1364330 3227.9
1364340 3227.9
1364350 3234.0
1364360 3240.6
1364370 3240.6
1364380 3248.7
1364390 3257.1
1364400 3257.1
1364410 3263.8
1364420 3271.2
1364430 3271.2
1364440 3280.0
1364450 3288.5
1364460 3288.5
1364470 3296.3
1364480 3303.1
1364490 3303.1
1364500 3307.2
1364510 3307.4
1364520 3302.6
1364530 3302.6
1364540 3296.0
1364550 3291.9
1364560 3288.6
1364570 3285.8
1364580 3283.1
1364590 3283.1
1364600 3280.7
1364610 3278.5
1364620 3278.5
1364630 3276.1
1364640 3273.7
1364650 3273.7
1364660 3271.3
1364670 3268.6
1364680 3268.6
1364690 3265.7
1364700 3262.5
1364710 3258.8
1364720 3258.8
1364730 3254.9
1364740 3250.7
1364750 3250.7
1364760 3246.3
1364770 3239.2
1364780 3239.2
1364790 3228.3
1364800 3217.7
1364810 3217.7
1364820 3207.1
1364830 3196.5
1364840 3196.5
1364850 3176.4
1364860 3152.9
1364870 3152.9
1364880 3135.8
1364890 3117.8
1364900 3117.8
1364910 3101.3
1364920 3090.4
1364930 3079.6
1364940 3079.6
1364950 3067.5
1364960 3055.9
1364970 3055.9
1364980 3042.3
1364990 3024.4
1365000 3024.4
1365010 3015.5
1365020 3008.6
1365030 3008.6
1365040 3002.0
1365050 2995.6
1365060 2995.6
1365070 2989.6
1365080 2983.8
1365090 2983.8
1365100 2978.3
1365110 2973.0
1365120 2973.0
1365130 2968.0
1365140 2963.0
1365150 2958.4
1365160 2958.4
1365170 2954.0
1365180 2949.5
1365190 2949.5
1365200 2945.4
1365210 2941.4
1365220 2941.4
1365230 2937.5
1365240 2933.6
1365250 2933.6
1365260 2930.0
1365270 2926.0
1365280 2926.0
1365290 2921.8
1365300 2917.7
1365310 2917.7
1365320 2913.5
1365330 2908.9
1365340 2904.0
1365350 2904.0
1365360 2898.9
1365370 2893.4
1365380 2893.4
1365390 2888.1
1365400 2883.0
1365410 2883.0
1365420 2878.5
1365430 2875.4
1365440 2875.4
1365450 2870.2
1365460 2862.9
1365470 2862.9
1365480 2858.3
1365490 2855.1
1365500 2855.1
1365510 2853.0
1365520 2850.8
1365530 2850.8
1365540 2846.9
1365550 2838.3
1365560 2830.8
1365570 2830.8
1365580 2824.3
1365590 2817.7
1365600 2817.7
1365610 2809.9
1365620 2804.6
1365630 2804.6
1365640 2802.9
1365650 2801.6
1365660 2801.6
1365670 2799.9
1365680 2798.1
1365690 2798.1
1365700 2796.3
1365710 2794.3
1365720 2794.3
1365730 2792.3
1365740 2790.2
1365750 2790.2
1365760 2787.7
1365770 2785.2
1365780 2782.8
1365790 2782.8
1365800 2780.4
1365810 2778.1
1365820 2778.1
1365830 2775.9
1365840 2773.8
1365850 2773.8
1365860 2771.8
1365870 2769.8
1365880 2769.8
1365890 2768.1
1365900 2766.6
1365910 2766.6
1365920 2765.5
1365930 2766.1
1365940 2766.1
1365950 2767.1
1365960 2767.9
1365970 2767.9
1365980 2768.9
1365990 2768.2
1366000 2765.5
1366010 2765.5
1366020 2764.9
1366030 2766.0
1366040 2766.0
1366050 2765.6
1366060 2763.7
1366070 2763.7
1366080 2760.8
1366090 2760.0
1366100 2760.0
1366110 2760.9
1366120 2759.1
1366130 2759.1
1366140 2756.3
1366150 2753.6
1366160 2753.6
1366170 2751.1
1366180 2748.6
1366190 2745.8
1366200 2745.8
1366210 2744.1
1366220 2744.6
1366230 2744.6
1366240 2747.2
1366250 2750.4
1366260 2750.4
1366270 2752.1
1366280 2751.6
1366290 2751.6
1366300 2750.8
1366310 2749.0
1366320 2749.0
1366330 2747.8
1366340 2747.0
1366350 2747.0
1366360 2745.5
1366370 2743.6
1366380 2743.6
1366390 2742.2
1366400 2741.0
1366410 2740.2
1366420 2740.2
1366430 2739.3
1366440 2738.4
1366450 2738.4
1366460 2737.8
1366470 2737.0
1366480 2737.0
1366490 2737.2
1366500 2738.0
1366510 2738.0
1366520 2738.2
1366530 2737.6
1366540 2737.6
1366550 2737.6
1366560 2738.5
1366570 2738.5
1366580 2739.9
1366590 2738.0
1366600 2738.0
1366610 2732.5
1366620 2727.2
1366630 2724.4
1366640 2724.4
1366650 2717.3
1366660 2709.9
1366670 2709.9
1366680 2704.8
1366690 2699.5
1366700 2699.5
1366710 2695.0
1366720 2692.9
1366730 2692.9
1366740 2692.7
1366750 2691.3
1366760 2691.3
1366770 2686.6
1366780 2679.7
1366790 2679.7
1366800 2670.5
1366810 2664.2
1366820 2664.2
1366830 2659.2
1366840 2655.6
1366850 2655.8
1366860 2655.8
1366870 2655.7
1366880 2654.5
1366890 2654.5
1366900 2652.2
1366910 2648.0
1366920 2648.0
1366930 2641.1
1366940 2634.1
1366950 2634.1
1366960 2630.4
1366970 2627.5
1366980 2627.5
1366990 2623.8
1367000 2620.7
1367010 2620.7
1367020 2617.9
1367030 2615.8
1367040 2612.6
1367050 2612.6
1367060 2609.5
1367070 2604.8
1367080 2604.8
1367090 2600.1
1367100 2593.4
1367110 2593.4
1367120 2589.4
1367130 2589.5
1367140 2589.5
1367150 2589.0
1367160 2585.8
1367170 2585.8
1367180 2581.3
1367190 2579.9
1367200 2579.9
1367210 2579.9
1367220 2578.0
1367230 2578.0
1367240 2571.8
1367250 2565.0
1367260 2560.0
1367270 2560.0
1367280 2554.9
1367290 2549.5
1367300 2549.5
1367310 2548.0
1367320 2541.4
1367330 2541.4
1367340 2534.3
1367350 2529.4
1367360 2529.4
1367370 2522.9
1367380 2515.5
1367390 2515.5
1367400 2508.8
1367410 2503.5
1367420 2503.5
1367430 2499.6
1367440 2496.4
1367450 2496.4
1367460 2494.4
1367470 2494.1
1367480 2496.1
1367490 2496.1
1367500 2501.0
1367510 2507.1
1367520 2507.1
1367530 2512.5
1367540 2518.8
1367550 2518.8
1367560 2525.1
1367570 2529.3
1367580 2529.3
1367590 2532.6
1367600 2535.6
1367610 2535.6
1367620 2538.6
1367630 2541.5
1367640 2541.5
1367650 2545.2
1367660 2547.3
1367670 2547.3
1367680 2547.9
1367690 2548.4
1367700 2549.6
1367710 2549.6
1367720 2550.1
1367730 2548.2
1367740 2548.2
1367750 2546.1
1367760 2545.2
1367770 2541.4
1367780 2540.3
1367790 2540.5
1367800 2540.5
1367810 2539.3
1367820 2538.4
1367830 2538.4
1367840 2537.3
1367850 2537.1
1367860 2537.1
1367870 2537.6
1367880 2538.0
1367890 2537.9
1367900 2537.9
1367910 2537.5
1367920 2537.5
1367930 2537.5
1367940 2538.4
1367950 2538.4
1367960 2538.4
1367970 2536.0
1367980 2533.6
1367990 2533.6
1368000 2531.6
1368010 2528.0
1368020 2528.0
1368030 2524.6
1368040 2521.7
1368050 2521.7
1368060 2518.1
1368070 2515.3
1368080 2515.3
1368090 2516.6
1368100 2519.4
1368110 2521.4
1368120 2521.4
1368130 2522.8
1368140 2525.0
1368150 2525.0
1368160 2525.1
1368170 2525.9
1368180 2525.9
1368190 2525.9
1368200 2526.1
1368210 2526.1
1368220 2526.2
1368230 2523.7
1368240 2523.7
1368250 2518.4
1368260 2513.3
1368270 2513.3
1368280 2510.3
1368290 2507.5
1368300 2507.5
1368310 2503.3
1368320 2499.3
1368330 2497.4
1368340 2497.4
1368350 2495.7
1368360 2491.2
1368370 2491.2
1368380 2484.2
1368390 2477.5
1368400 2477.5
1368410 2472.9
1368420 2468.1
1368430 2468.1
1368440 2461.4
1368450 2455.0
1368460 2455.0
1368470 2447.6
1368480 2441.0
1368490 2441.0
1368500 2437.4
1368510 2431.2
1368520 2431.2
1368530 2422.5
1368540 2414.9
1368550 2409.6
1368560 2409.6
1368570 2404.7
1368580 2398.1
1368590 2398.1
1368600 2392.0
1368610 2383.3
1368620 2383.3
1368630 2370.8
1368640 2359.9
1368650 2359.9
1368660 2349.6
1368670 2341.1
1368680 2341.1
1368690 2334.5
1368700 2327.0
1368710 2327.0
1368720 2319.0
1368730 2312.0
1368740 2304.1
1368750 2304.1
1368760 2292.8
1368770 2279.8
1368780 2279.8
1368790 2269.2
1368800 2259.3
1368810 2259.3
1368820 2250.2
1368830 2242.8
1368840 2242.8
1368850 2237.2
1368860 2231.7
1368870 2231.7
1368880 2226.3
1368890 2217.5
1368900 2217.5
1368910 2209.7
1368920 2207.6
1368930 2207.6
1368940 2207.4
1368950 2207.4
1368960 2207.1
1368970 2207.1
1368980 2206.5
1368990 2206.6
1369000 2206.6
1369010 2207.2
1369020 2207.0
1369030 2207.0
1369040 2204.5
1369050 2200.8
1369060 2200.8
1369070 2196.6
1369080 2192.0
1369090 2192.0
1369100 2186.6
1369110 2180.5
1369120 2180.5
1369130 2174.9
1369140 2170.0
1369150 2170.0
1369160 2163.3
1369170 2156.9
1369180 2150.8
1369190 2150.8
1369200 2143.4
1369210 2134.4
1369220 2134.4
1369230 2126.6
1369240 2120.4
1369250 2120.4
1369260 2115.4
1369270 2109.9
1369280 2109.9
1369290 2102.3
1369300 2095.7
1369310 2095.7
1369320 2089.1
1369330 2083.3
1369340 2083.3
1369350 2077.3
1369360 2071.3
1369370 2071.3
1369380 2064.0
1369390 2055.7
1369400 2046.9
1369410 2046.9
1369420 2040.5
1369430 2035.8
1369440 2035.8
1369450 2031.6
1369460 2025.9
1369470 2025.9
1369480 2021.9
1369490 2019.0
1369500 2019.0
1369510 2015.7
1369520 2012.6
1369530 2012.6
1369540 2008.7
1369550 2003.9
1369560 2003.9
1369570 1998.0
1369580 1995.1
1369590 1992.3
1369600 1992.3
1369610 1989.1
1369620 1984.7
1369630 1984.7
1369640 1980.0
1369650 1972.5
1369660 1972.5
1369670 1963.5
1369680 1955.4
1369690 1955.4
1369700 1948.8
1369710 1942.1
1369720 1942.1
1369730 1933.2
1369740 1922.2
1369750 1922.2
1369760 1913.6
1369770 1909.2
1369780 1909.2
1369790 1918.5
1369800 1920.0
1369810 1921.0
1369820 1921.0
1369830 1922.5
1369840 1923.7
1369850 1923.7
1369860 1923.4
1369870 1921.1
1369880 1921.1
1369890 1920.5
1369900 1924.1
1369910 1924.1
1369920 1928.1
1369930 1932.0
1369940 1932.0
1369950 1936.2
1369960 1941.4
1369970 1941.4
1369980 1945.5
1369990 1949.3
1370000 1949.3
1370010 1954.9
1370020 1960.0
1370030 1964.8
1370040 1964.8
1370050 1969.6
1370060 1974.8
1370070 1974.8
1370080 1979.8
1370090 1983.6
1370100 1983.6
1370110 1987.4
1370120 1992.8
1370130 1992.8
1370140 2000.7
1370150 2009.0
1370160 2009.0
1370170 2016.8
1370180 2024.2
1370190 2024.2
1370200 2031.3
1370210 2038.5
1370220 2045.1
1370230 2045.1
1370240 2051.1
1370250 2056.5
1370260 2056.5
1370270 2062.0
1370280 2067.6
1370290 2067.6
1370300 2072.3
1370310 2076.3
1370320 2076.3
1370330 2080.4
1370340 2084.3
1370350 2084.3
1370360 2088.3
1370370 2091.3
1370380 2091.3
1370390 2093.8
1370400 2096.9
1370410 2096.9
1370420 2098.5
1370430 2100.1
1370440 2103.1
1370450 2103.1
1370460 2107.5
1370470 2113.2
1370480 2113.2
1370490 2117.1
1370500 2121.9
1370510 2121.9
1370520 2126.6
1370530 2134.5
1370540 2134.5
1370550 2143.4
1370560 2151.9
1370570 2151.9
1370580 2157.9
1370590 2162.0
1370600 2162.0
1370610 2167.0
1370620 2172.6
1370630 2172.6
1370640 2177.1
1370650 2181.3
1370660 2186.0
1370670 2186.0
1370680 2191.8
1370690 2196.8
1370700 2196.8
1370710 2201.4
1370720 2206.0
1370730 2206.0
1370740 2209.8
1370750 2213.1
1370760 2213.1
1370770 2217.4
1370780 2223.1
1370790 2223.1
1370800 2229.8
1370810 2237.0
1370820 2237.0
1370830 2246.2
1370840 2256.9
1370850 2256.9
1370860 2268.6
1370870 2279.7
1370880 2293.5
1370890 2293.5
1370900 2307.6
1370910 2318.8
1370920 2318.8
1370930 2326.8
1370940 2338.9
1370950 2338.9
1370960 2348.8
1370970 2359.7
1370980 2359.7
1370990 2370.1
1371000 2378.1
1371010 2378.1
1371020 2384.9
1371030 2393.3
1371040 2393.3
1371050 2401.0
1371060 2409.0
1371070 2419.6
1371080 2419.6
1371090 2425.6
1371100 2431.4
1371110 2431.4
1371120 2437.6
1371130 2444.5
1371140 2444.5
1371150 2451.2
1371160 2457.3
1371170 2457.3
1371180 2463.3
1371190 2469.7
1371200 2469.7
1371210 2476.6
1371220 2483.4
1371230 2483.4
1371240 2489.2
1371250 2495.2
1371260 2495.2
1371270 2501.4
1371280 2508.2
1371290 2515.3
1371300 2515.3
1371310 2521.8
1371320 2528.9
1371330 2528.9
1371340 2537.4
1371350 2547.2
1371360 2547.2
1371370 2558.2
1371380 2567.7
1371390 2567.7
1371400 2575.6
1371410 2583.5
1371420 2583.5
1371430 2592.4
1371440 2603.9
1371450 2603.9
1371460 2615.9
1371470 2630.4
1371480 2630.4
1371490 2645.3
1371500 2658.9
1371510 2670.2
1371520 2670.2
1371530 2689.6
1371540 2711.5
1371550 2711.5
1371560 2711.0
1371570 2702.1
1371580 2702.1
1371590 2694.7
1371600 2685.3
1371610 2685.3
1371620 2679.0
1371630 2675.7
1371640 2675.7
1371650 2670.8
1371660 2662.6
1371670 2662.6
1371680 2658.7
1371690 2654.9
1371700 2654.9
1371710 2643.9
1371720 2637.0
1371730 2631.5
1371740 2631.5
1371750 2628.1
1371760 2627.1
1371770 2627.1
1371780 2622.4
1371790 2610.9
1371800 2610.9
1371810 2598.6
1371820 2585.4
1371830 2585.4
1371840 2568.6
1371850 2549.3
1371860 2549.3
1371870 2524.0
1371880 2510.5
1371890 2510.5
1371900 2502.1
1371910 2493.3
1371920 2483.8
1371930 2483.8
1371940 2472.2
1371950 2463.7
1371960 2463.7
1371970 2456.6
1371980 2449.8
1371990 2449.8
1372000 2443.1
1372010 2436.8
1372020 2436.8
1372030 2430.9
1372040 2425.9
1372050 2425.9
1372060 2421.4
1372070 2417.2
1372080 2417.2
1372090 2409.3
1372100 2400.4
1372110 2400.4
1372120 2391.8
1372130 2383.6
1372140 2376.2
1372150 2376.2
1372160 2369.5
1372170 2363.4
1372180 2363.4
1372190 2353.2
1372200 2341.9
1372210 2341.9
1372220 2332.5
1372230 2324.5
1372240 2324.5
1372250 2316.1
1372260 2304.7
1372270 2304.7
1372280 2292.7
1372290 2282.7
1372300 2282.7
1372310 2270.1
1372320 2256.1
1372330 2256.1
1372340 2243.9
1372350 2227.0
1372360 2213.0
1372370 2213.0
1372380 2200.6
1372390 2194.0
1372400 2194.0
1372410 2189.0
1372420 2185.6
1372430 2185.6
1372440 2181.2
1372450 2172.7
1372460 2172.7
1372470 2161.2
1372480 2150.0
1372490 2150.0
1372500 2140.2
1372510 2131.0
1372520 2131.0
1372530 2126.9
1372540 2124.4
1372550 2124.4
1372560 2117.1
1372570 2108.1
1372580 2097.1
1372590 2097.1
1372600 2087.6
1372610 2079.8
1372620 2079.8
1372630 2070.6
1372640 2061.3
1372650 2061.3
1372660 2049.0
1372670 2037.4
1372680 2037.4
1372690 2029.8
1372700 2020.1
1372710 2020.1
1372720 2007.1
1372730 1995.6
1372740 1995.6
1372750 1985.1
1372760 1975.7
1372770 1970.4
1372780 1970.4
1372790 1966.9
1372800 1962.3
1372810 1962.3
1372820 1954.1
1372830 1956.0
1372840 1956.0
1372850 1979.0
1372860 1990.6
1372870 1990.6
1372880 1992.0
1372890 1990.4
1372900 1990.4
1372910 1987.5
1372920 1987.4
1372930 1987.4
1372940 1988.5
1372950 1989.9
1372960 1989.9
1372970 1989.3
1372980 1987.8
1372990 1989.0
1373000 1989.0
1373010 1990.2
1373020 1992.8
1373030 1992.8
1373040 1997.1
1373050 2003.3
1373060 2003.3
1373070 2011.0
1373080 2017.7
1373090 2017.7
1373100 2025.1
1373110 2031.7
1373120 2031.7
1373130 2036.7
1373140 2041.1
1373150 2041.1
1373160 2045.9
1373170 2052.3
1373180 2052.3
1373190 2056.8
1373200 2059.2
1373210 2070.2
1373220 2070.2
1373230 2084.0
1373240 2088.6
1373250 2088.6
1373260 2091.5
1373270 2094.7
1373280 2094.7
1373290 2099.6
1373300 2106.9
1373310 2106.9
1373320 2108.4
1373330 2115.6
1373340 2115.6
1373350 2123.5
1373360 2132.0
1373370 2132.0
1373380 2138.3
1373390 2145.5
1373400 2145.5
1373410 2153.4
1373420 2160.3
1373430 2169.2
1373440 2169.2
1373450 2177.4
1373460 2185.6
1373470 2185.6
1373480 2197.9
1373490 2205.8
1373500 2205.8
1373510 2212.5
1373520 2218.1
1373530 2218.1
1373540 2223.2
1373550 2227.5
1373560 2227.5
1373570 2231.9
1373580 2236.8
1373590 2236.8
1373600 2240.2
1373610 2243.6
1373620 2247.2
1373630 2247.2
1373640 2251.0
1373650 2255.1
1373660 2255.1
1373670 2259.4
1373680 2263.8
1373690 2263.8
1373700 2268.1
1373710 2272.8
1373720 2272.8
1373730 2278.1
1373740 2283.7
1373750 2283.7
1373760 2288.9
1373770 2294.5
1373780 2294.5
1373790 2300.2
1373800 2306.1
1373810 2306.1
1373820 2312.3
1373830 2318.5
1373840 2324.8
1373850 2324.8
1373860 2331.6
1373870 2339.3
1373880 2339.3
1373890 2348.7
1373900 2355.7
1373910 2355.7
1373920 2362.5
1373930 2372.3
1373940 2372.3
1373950 2380.8
1373960 2387.3
1373970 2387.3
1373980 2394.8
1373990 2402.2
1374000 2402.2
1374010 2408.6
1374020 2414.8
1374030 2414.8
1374040 2421.5
1374050 2428.2
1374060 2434.7
1374070 2434.7
1374080 2441.1
1374090 2447.5
1374100 2447.5
1374110 2453.5
1374120 2458.6
1374130 2458.6
1374140 2463.3
1374150 2467.4
1374160 2467.4
1374170 2470.6
1374180 2474.8
1374190 2474.8
1374200 2479.4
1374210 2483.7
1374220 2483.7
1374230 2487.6
1374240 2491.7
1374250 2491.7
1374260 2496.1
1374270 2500.8
1374280 2506.2
1374290 2506.2
1374300 2512.6
1374310 2518.9
1374320 2518.9
1374330 2524.9
1374340 2530.3
1374350 2530.3
1374360 2535.5
1374370 2542.1
1374380 2542.1
1374390 2549.8
1374400 2555.6
1374410 2555.6
1374420 2561.2
1374430 2567.4
1374440 2567.4
1374450 2573.6
1374460 2579.8
1374470 2580.1
1374480 2580.1
1374490 2585.8
1374500 2590.7
1374510 2590.7
1374520 2596.2
1374530 2602.5
1374540 2602.5
1374550 2609.1
1374560 2615.7
1374570 2615.7
1374580 2622.3
1374590 2629.1
1374600 2629.1
1374610 2636.4
1374620 2643.7
1374630 2643.7
1374640 2651.0
1374650 2658.3
1374660 2658.3
1374670 2665.7
1374680 2673.3
1374690 2681.4
1374700 2681.4
1374710 2689.8
1374720 2698.7
1374730 2698.7
1374740 2707.2
1374750 2715.8
1374760 2715.8
1374770 2725.1
1374780 2734.2
1374790 2734.2
1374800 2743.0
1374810 2751.8
1374820 2751.8
1374830 2761.4
1374840 2773.0
1374850 2773.0
1374860 2784.7
1374870 2795.6
1374880 2795.6
1374890 2805.4
1374900 2816.0
1374910 2826.8
1374920 2826.8
1374930 2837.7
1374940 2849.3
1374950 2849.3
1374960 2859.1
1374970 2868.4
1374980 2868.4
1374990 2878.4
1375000 2890.0
1375010 2890.0
1375020 2896.0
1375030 2897.2
1375040 2897.2
1375050 2897.3
1375060 2895.2
1375070 2895.2
1375080 2893.6
1375090 2891.7
1375100 2891.7
1375110 2889.1
1375120 2884.2
1375130 2874.2
1375140 2874.2
1375150 2863.9
1375160 2858.7
1375170 2858.7
1375180 2858.6
1375190 2859.4
1375200 2859.4
1375210 2859.8
1375220 2859.8
1375230 2859.8
1375240 2858.1
1375250 2853.5
1375260 2853.5
1375270 2843.4
1375280 2832.5
1375290 2832.5
1375300 2831.6
1375310 2831.9
1375320 2832.1
1375330 2832.1
1375340 2833.8
1375350 2836.7
1375360 2836.7
1375370 2839.4
1375380 2842.7
1375390 2842.7
1375400 2846.9
1375410 2851.4
1375420 2851.4
1375430 2856.5
1375440 2863.0
1375450 2863.0
1375460 2873.7
1375470 2891.3
1375480 2891.3
1375490 2910.8
1375500 2920.1
1375510 2920.1
1375520 2923.6
1375530 2924.7
1375540 2927.3
1375550 2927.3
1375560 2928.8
1375570 2934.4
1375580 2934.4
1375590 2943.5
1375600 2957.9
1375610 2957.9
1375620 2970.9
1375630 2977.6
1375640 2977.6
1375650 2983.9
1375660 2991.8
1375670 2991.8
1375680 2997.6
1375690 3002.3
1375700 3002.3
1375710 3005.0
1375720 3003.4
1375730 3003.4
1375740 2999.3
1375750 3004.8
1375760 3008.2
1375770 3008.2
1375780 3013.4
1375790 3020.9
1375800 3020.9
1375810 3036.3
1375820 3055.0
1375830 3055.0
1375840 3065.5
1375850 3074.1
1375860 3074.1
1375870 3081.5
1375880 3088.6
1375890 3088.6
1375900 3096.3
1375910 3104.3
1375920 3104.3
1375930 3112.2
1375940 3102.1
1375950 3087.7
1375960 3087.7
1375970 3075.8
1375980 3065.7
1375990 3065.7
1376000 3054.9
1376010 3043.8
1376020 3043.8
1376030 3033.3
1376040 3021.9
1376050 3021.9
1376060 3010.7
1376070 3003.2
1376080 3003.2
1376090 2996.1
1376100 2984.7
1376110 2984.7
1376120 2974.4
1376130 2965.3
1376140 2965.3
1376150 2947.5
1376160 2925.4
1376170 2908.5
1376180 2908.5
1376190 2897.6
1376200 2888.6
1376210 2888.6
1376220 2870.6
1376230 2859.4
1376240 2859.4
1376250 2851.7
1376260 2845.2
1376270 2845.2
1376280 2839.0
1376290 2832.8
1376300 2832.8
1376310 2826.5
1376320 2820.2
1376330 2820.2
1376340 2813.9
1376350 2807.7
1376360 2807.7
1376370 2801.7
1376380 2795.6
1376390 2789.7
1376400 2789.7
1376410 2783.8
1376420 2778.2
1376430 2778.2
1376440 2773.4
1376450 2769.5
1376460 2769.5
1376470 2765.3
1376480 2758.9
1376490 2758.9
1376500 2752.4
1376510 2744.8
1376520 2744.8
1376530 2738.3
1376540 2732.2
1376550 2732.2
1376560 2726.1
1376570 2720.0
1376580 2720.0
1376590 2714.1
1376600 2708.3
1376610 2702.5
1376620 2702.5
1376630 2696.5
1376640 2690.6
1376650 2690.6
1376660 2684.5
1376670 2678.4
1376680 2678.4
1376690 2672.6
1376700 2666.5
1376710 2666.5
1376720 2660.3
1376730 2654.2
1376740 2654.2
1376750 2648.2
1376760 2642.2
1376770 2642.2
1376780 2636.5
1376790 2631.2
1376800 2625.5
1376810 2625.5
1376820 2620.0
1376830 2614.5
1376840 2614.5
1376850 2609.2
1376860 2604.4
1376870 2604.4
1376880 2599.4
1376890 2594.7
1376900 2594.7
1376910 2590.3
1376920 2586.2
1376930 2586.2
1376940 2582.4
1376950 2578.8
1376960 2578.8
1376970 2575.3
1376980 2572.0
1376990 2572.0
1377000 2569.2
1377010 2566.7
1377020 2564.1
1377030 2564.1
1377040 2561.9
1377050 2559.9
1377060 2559.9
1377070 2557.5
1377080 2554.9
1377090 2554.9
1377100 2551.7
1377110 2547.5
1377120 2547.5
1377130 2543.3
1377140 2539.7
1377150 2539.7
1377160 2534.7
1377170 2530.2
1377180 2530.2
1377190 2526.2
1377200 2521.4
1377210 2521.4
1377220 2515.3
1377230 2510.1
1377240 2506.6
1377250 2506.6
1377260 2502.1
1377270 2496.7
1377280 2496.7
1377290 2490.2
1377300 2482.9
1377310 2482.9
1377320 2476.8
1377330 2471.7
1377340 2471.7
1377350 2467.2
1377360 2462.6
1377370 2462.6
1377380 2457.1
1377390 2452.3
1377400 2452.3
1377410 2446.6
1377420 2439.1
1377430 2439.1
1377440 2432.4
1377450 2425.9
1377460 2419.8
1377470 2419.8
1377480 2411.6
1377490 2403.8
1377500 2403.8
1377510 2396.1
1377520 2389.1
1377530 2389.1
1377540 2383.2
1377550 2377.2
1377560 2377.2
1377570 2369.9
1377580 2358.5
1377590 2358.5
1377600 2348.2
1377610 2340.0
1377620 2340.0
1377630 2333.5
1377640 2327.4
1377650 2321.5
1377660 2321.5
1377670 2315.1
1377680 2309.2
1377690 2309.2
1377700 2303.1
1377710 2294.9
1377720 2294.9
1377730 2286.0
1377740 2281.2
1377750 2281.2
1377760 2274.7
1377770 2265.8
1377780 2265.8
1377790 2257.2
1377800 2248.3
1377810 2248.3
1377820 2238.7
1377830 2229.4
1377840 2229.4
1377850 2221.1
1377860 2213.1
1377870 2205.4
1377880 2205.4
1377890 2198.9
1377900 2192.2
1377910 2192.2
1377920 2186.5
1377930 2181.8
1377940 2181.8
1377950 2177.8
1377960 2174.1
1377970 2173.1
1377980 2170.1
1377990 2167.6
1378000 2167.6
1378010 2165.0
1378020 2162.8
1378030 2162.8
1378040 2160.9
1378050 2158.6
1378060 2158.6
1378070 2156.5
1378080 2154.7
1378090 2153.2
1378100 2153.2
1378110 2151.8
1378120 2150.5
1378130 2150.5
1378140 2149.4
1378150 2148.7
1378160 2148.7
1378170 2148.1
1378180 2147.9
1378190 2147.9
1378200 2147.5
1378210 2147.3
1378220 2147.3
1378230 2147.4
1378240 2147.7
1378250 2147.7
1378260 2148.2
1378270 2148.6
1378280 2148.6
1378290 2149.1
1378300 2150.3
1378310 2152.5
1378320 2152.5
1378330 2154.5
1378340 2156.3
1378350 2156.3
1378360 2158.2
1378370 2160.0
1378380 2160.0
1378390 2162.4
1378400 2165.2
1378410 2165.2
1378420 2168.4
1378430 2171.5
1378440 2171.5
1378450 2175.9
1378460 2181.6
1378470 2181.6
1378480 2187.3
1378490 2194.0
1378500 2201.5
1378510 2201.5
1378520 2209.9
1378530 2218.5
1378540 2218.5
1378550 2226.4
1378560 2233.7
1378570 2233.7
1378580 2240.6
1378590 2247.3
1378600 2247.3
1378610 2253.0
1378620 2258.2
1378630 2258.2
1378640 2263.8
1378650 2268.8
1378660 2268.8
1378670 2272.6
1378680 2276.9
1378690 2276.9
1378700 2282.1
1378710 2288.4
1378720 2295.0
1378730 2295.0
1378740 2301.9
1378750 2308.2
1378760 2308.2
1378770 2313.7
1378780 2317.9
1378790 2317.9
1378800 2320.9
1378810 2323.6
1378820 2323.6
1378830 2327.3
1378840 2331.7
1378850 2331.7
1378860 2336.6
1378870 2340.7
1378880 2340.7
1378890 2345.6
1378900 2351.5
1378910 2351.5
1378920 2356.9
1378930 2361.6
1378940 2365.8
1378950 2365.8
1378960 2370.8
1378970 2376.8
1378980 2376.8
1378990 2382.9
1379000 2388.7
1379010 2388.7
1379020 2395.6
1379030 2402.7
1379040 2402.7
1379050 2409.8
1379060 2416.2
1379070 2416.2
1379080 2422.8
1379090 2429.0
1379100 2429.0
1379110 2433.3
1379120 2437.7
1379130 2437.7
1379140 2442.4
1379150 2447.4
1379160 2452.8
1379170 2452.2
1379180 2457.0
1379190 2462.1
1379200 2462.1
1379210 2467.5
1379220 2473.3
1379230 2473.3
1379240 2479.2
1379250 2485.4
1379260 2485.4
1379270 2491.4
1379280 2496.8
1379290 2496.8
1379300 2501.7
1379310 2506.4
1379320 2506.4
1379330 2510.2
1379340 2514.4
1379350 2518.6
1379360 2518.6
1379370 2523.2
1379380 2529.0
1379390 2529.0
1379400 2536.4
1379410 2544.4
1379420 2544.4
1379430 2552.9
1379440 2560.4
1379450 2560.4
1379460 2565.4
1379470 2570.3
1379480 2570.3
1379490 2575.3
1379500 2580.1
1379510 2580.1
1379520 2585.6
1379530 2591.2
1379540 2591.2
1379550 2596.1
1379560 2600.1
1379570 2603.9
1379580 2603.9
1379590 2607.8
1379600 2611.3
1379610 2611.3
1379620 2614.8
1379630 2618.0
1379640 2618.0
1379650 2621.2
1379660 2623.8
1379670 2623.8
1379680 2626.4
1379690 2629.7
1379700 2629.7
1379710 2633.6
1379720 2637.5
1379730 2637.5
1379740 2641.1
1379750 2644.7
1379760 2644.7
1379770 2648.5
1379780 2652.5
1379790 2656.4
1379800 2656.4
1379810 2660.4
1379820 2664.5
1379830 2664.5
1379840 2668.7
1379850 2673.6
1379860 2673.6
1379870 2677.7
1379880 2680.7
1379890 2680.7
1379900 2683.5
1379910 2687.2
1379920 2687.2
1379930 2691.4
1379940 2695.3
1379950 2695.3
1379960 2699.3
1379970 2703.8
1379980 2703.8
1379990 2708.0
