1360000 2926.1
1360010 2909.2
1360020 2891.7
1360030 2891.7
1360040 2877.6
1360050 2869.7
1360060 2869.7
1360070 2863.2
1360080 2857.3
1360090 2857.3
1360100 2852.5
1360110 2847.8
1360120 2847.8
1360130 2842.5
1360140 2837.0
1360150 2837.0
1360160 2831.7
1360170 2827.4
1360180 2823.8
1360190 2823.8
1360200 2820.7
1360210 2817.6
1360220 2817.6
1360230 2811.4
1360240 2802.6
1360250 2802.6
1360260 2795.9
1360270 2785.5
1360280 2785.5
1360290 2775.1
1360300 2769.5
1360310 2769.5
1360320 2764.0
1360330 2758.2
1360340 2758.2
1360350 2753.1
1360360 2747.9
1360370 2747.9
1360380 2741.9
1360390 2735.3
1360400 2726.4
1360410 2726.4
1360420 2717.4
1360430 2708.3
1360440 2708.3
1360450 2694.2
1360460 2680.2
1360470 2680.2
1360480 2665.9
1360490 2651.7
1360500 2651.7
1360510 2639.4
1360520 2631.2
1360530 2631.2
1360540 2623.8
1360550 2617.2
1360560 2617.2
1360570 2611.1
1360580 2602.0
1360590 2602.0
1360600 2589.7
1360610 2580.7
1360620 2573.7
1360630 2573.7
1360640 2565.7
1360650 2556.3
1360660 2556.3
1360670 2545.2
1360680 2533.7
1360690 2533.7
1360700 2524.2
1360710 2515.6
1360720 2515.6
1360730 2508.1
1360740 2502.9
1360750 2502.9
1360760 2496.8
1360770 2489.3
1360780 2489.3
1360790 2481.3
1360800 2475.8
1360810 2475.8
1360820 2471.3
1360830 2466.2
1360840 2462.4
1360850 2462.4
1360860 2458.9
1360870 2454.4
1360880 2454.4
1360890 2449.9
1360900 2444.2
1360910 2444.2
1360920 2439.3
1360930 2437.5
1360940 2437.5
1360950 2437.1
1360960 2437.7
1360970 2437.7
1360980 2437.7
1360990 2440.0
1361000 2440.0
1361010 2439.4
1361020 2437.6
1361030 2436.0
1361040 2436.0
1361050 2435.0
1361060 2433.0
1361070 2433.0
1361080 2431.0
1361090 2431.7
1361100 2431.7
1361110 2432.2
1361120 2430.7
1361130 2430.7
1361140 2430.6
1361150 2430.2
1361160 2430.2
1361170 2428.7
1361180 2427.6
1361190 2427.6
1361200 2426.9
1361210 2427.3
1361220 2427.3
1361230 2423.3
1361240 2425.8
1361250 2429.0
1361260 2429.0
1361270 2430.9
1361280 2431.8
1361290 2431.8
1361300 2435.5
1361310 2440.5
1361320 2440.5
1361330 2443.1
1361340 2445.0
1361350 2445.0
1361360 2446.7
1361370 2448.5
1361380 2448.5
1361390 2452.1
1361400 2454.8
1361410 2454.8
1361420 2457.2
1361430 2460.3
1361440 2460.3
1361450 2464.4
1361460 2468.6
1361470 2471.7
1361480 2471.7
1361490 2474.4
1361500 2478.8
1361510 2478.8
1361520 2484.9
1361530 2490.5
1361540 2490.5
1361550 2495.5
1361560 2500.7
1361570 2500.7
1361580 2504.8
1361590 2508.6
1361600 2508.6
1361610 2512.6
1361620 2517.3
1361630 2517.3
1361640 2521.2
1361650 2524.4
1361660 2524.4
1361670 2529.6
1361680 2535.4
1361690 2540.3
1361700 2540.3
1361710 2544.4
1361720 2548.4
1361730 2548.4
1361740 2553.4
1361750 2558.1
1361760 2558.1
1361770 2563.6
1361780 2568.9
1361790 2568.9
1361800 2573.3
1361810 2577.3
1361820 2577.3
1361830 2580.8
1361840 2584.1
1361850 2584.1
1361860 2588.9
1361870 2596.3
1361880 2603.9
1361890 2603.9
1361900 2611.2
1361910 2621.8
1361920 2621.8
1361930 2641.2
1361940 2654.4
1361950 2654.4
1361960 2663.5
1361970 2670.3
1361980 2670.3
1361990 2677.4
1362000 2684.7
1362010 2684.7
1362020 2691.6
1362030 2697.4
1362040 2697.4
1362050 2704.0
1362060 2711.4
1362070 2711.4
1362080 2718.7
1362090 2725.1
1362100 2731.7
1362110 2731.7
1362120 2737.9
1362130 2743.1
1362140 2743.1
1362150 2747.0
1362160 2749.1
1362170 2749.1
1362180 2749.6
1362190 2749.1
1362200 2749.1
1362210 2751.0
1362220 2754.3
1362230 2754.3
1362240 2757.9
1362250 2761.6
1362260 2761.6
1362270 2765.0
1362280 2768.0
1362290 2768.0
1362300 2770.7
1362310 2774.5
1362320 2777.8
1362330 2777.8
1362340 2780.0
1362350 2781.6
1362360 2781.6
1362370 2782.5
1362380 2784.1
1362390 2784.1
1362400 2787.3
1362410 2793.3
1362420 2793.3
1362430 2799.7
1362440 2802.4
1362450 2802.4
1362460 2799.6
1362470 2799.0
1362480 2799.0
1362490 2800.9
1362500 2802.7
1362510 2802.7
1362520 2805.0
1362530 2808.6
1362540 2811.9
1362550 2811.9
1362560 2814.7
1362570 2817.4
1362580 2817.4
1362590 2819.9
1362600 2822.8
1362610 2822.8
1362620 2825.8
1362630 2828.7
1362640 2828.7
1362650 2831.9
1362660 2835.3
1362670 2835.3
1362680 2838.8
1362690 2842.2
1362700 2842.2
1362710 2845.7
1362720 2849.3
1362730 2852.9
1362740 2852.9
1362750 2856.8
1362760 2860.9
1362770 2860.9
1362780 2865.2
1362790 2869.5
1362800 2869.5
1362810 2873.4
1362820 2877.1
1362830 2877.1
1362840 2880.9
1362850 2883.8
1362860 2883.8
1362870 2886.1
1362880 2888.4
1362890 2888.4
1362900 2890.6
1362910 2892.7
1362920 2892.7
1362930 2895.1
1362940 2897.6
1362950 2899.8
1362960 2899.8
1362970 2908.8
1362980 2910.6
1362990 2910.6
1363000 2913.3
1363010 2915.9
1363020 2915.9
1363030 2918.7
1363040 2921.4
1363050 2921.4
1363060 2924.2
1363070 2927.4
1363080 2927.4
1363090 2931.1
1363100 2934.9
1363110 2934.9
1363120 2938.9
1363130 2943.0
1363140 2943.0
1363150 2946.0
1363160 2949.7
1363170 2953.1
1363180 2953.1
1363190 2955.9
1363200 2959.0
1363210 2959.0
1363220 2961.8
1363230 2964.3
1363240 2964.3
1363250 2966.8
1363260 2969.1
1363270 2969.1
1363280 2971.2
1363290 2973.1
1363300 2973.1
1363310 2974.9
1363320 2976.6
1363330 2976.6
1363340 2978.3
1363350 2979.9
1363360 2979.9
1363370 2981.4
1363380 2982.8
1363390 2984.3
1363400 2984.3
1363410 2985.8
1363420 2987.5
1363430 2987.5
1363440 2989.8
1363450 2992.4
1363460 2992.4
1363470 2995.3
1363480 2998.3
1363490 2998.3
1363500 3001.2
1363510 3003.9
1363520 3003.9
1363530 3006.8
1363540 3009.7
1363550 3009.7
1363560 3012.7
1363570 3016.1
1363580 3019.4
1363590 3019.4
1363600 3022.7
1363610 3026.2
1363620 3026.2
1363630 3029.4
1363640 3032.7
1363650 3032.7
1363660 3035.7
1363670 3038.8
1363680 3038.8
1363690 3041.8
1363700 3044.8
1363710 3044.8
1363720 3047.8
1363730 3050.8
1363740 3050.8
1363750 3053.9
1363760 3057.2
1363770 3057.2
1363780 3060.8
1363790 3064.5
1363800 3068.1
1363810 3068.1
1363820 3071.8
1363830 3075.3
1363840 3075.3
1363850 3078.6
1363860 3081.8
1363870 3081.8
1363880 3085.1
1363890 3088.3
1363900 3088.3
1363910 3091.5
1363920 3094.8
1363930 3094.8
1363940 3098.2
1363950 3101.7
1363960 3101.7
1363970 3105.1
1363980 3108.6
1363990 3108.6
1364000 3112.2
1364010 3116.4
1364020 3120.0
1364030 3120.0
1364040 3123.6
1364050 3127.1
1364060 3127.1
1364070 3130.7
1364080 3134.4
1364090 3134.4
1364100 3138.1
1364110 3141.9
1364120 3141.9
1364130 3145.8
1364140 3149.6
1364150 3149.6
1364160 3153.3
1364170 3157.0
1364180 3157.0
1364190 3160.8
1364200 3164.4
1364210 3164.4
1364220 3167.8
1364230 3171.3
1364240 3175.6
1364250 3175.6
1364260 3180.2
1364270 3184.9
1364280 3184.9
1364290 3190.5
1364300 3197.5
1364310 3197.5
1364320 3208.0
1364330 3218.5
1364340 3218.5
1364350 3227.4
1364360 3235.1
1364370 3235.1
1364380 3242.2
1364390 3249.4
1364400 3249.4
1364410 3256.9
1364420 3264.2
1364430 3270.3
1364440 3270.3
1364450 3276.1
1364460 3282.2
1364470 3282.2
1364480 3289.0
1364490 3295.5
1364500 3295.5
1364510 3301.9
1364520 3308.6
1364530 3308.6
1364540 3315.2
1364550 3322.3
1364560 3322.3
1364570 3329.0
1364580 3332.9
1364590 3332.9
1364600 3330.5
1364610 3324.7
1364620 3324.7
1364630 3321.5
1364640 3318.4
1364650 3313.9
1364660 3313.9
1364670 3307.9
1364680 3298.8
1364690 3298.8
1364700 3287.4
1364710 3269.7
1364720 3269.7
1364730 3253.0
1364740 3236.9
1364750 3236.9
1364760 3211.6
1364770 3192.9
1364780 3192.9
1364790 3162.3
1364800 3141.3
1364810 3141.3
1364820 3129.9
1364830 3120.6
1364840 3120.6
1364850 3114.4
1364860 3107.9
1364870 3098.5
1364880 3098.5
1364890 3091.2
1364900 3081.6
1364910 3081.6
1364920 3067.6
1364930 3058.3
1364940 3058.3
1364950 3050.6
1364960 3042.8
1364970 3042.8
1364980 3034.9
1364990 3028.2
1365000 3028.2
1365010 3022.3
1365020 3016.9
1365030 3016.9
1365040 3011.9
1365050 3006.3
1365060 3006.3
1365070 2999.5
1365080 2994.1
1365090 2988.7
1365100 2988.7
1365110 2983.5
1365120 2978.3
1365130 2978.3
1365140 2973.4
1365150 2968.5
1365160 2968.5
1365170 2963.7
1365180 2959.2
1365190 2959.2
1365200 2954.6
1365210 2950.3
1365220 2950.3
1365230 2946.2
1365240 2942.0
1365250 2942.0
1365260 2937.6
1365270 2933.3
1365280 2928.9
1365290 2928.9
1365300 2924.4
1365310 2919.9
1365320 2919.9
1365330 2915.2
1365340 2910.4
1365350 2910.4
1365360 2905.7
1365370 2901.3
1365380 2901.3
1365390 2897.4
1365400 2894.5
1365410 2894.5
1365420 2892.4
1365430 2890.3
1365440 2890.3
1365450 2887.6
1365460 2883.5
1365470 2883.5
1365480 2878.0
1365490 2872.3
1365500 2868.5
1365510 2868.5
1365520 2863.9
1365530 2856.8
1365540 2856.8
1365550 2845.6
1365560 2834.3
1365570 2834.3
1365580 2826.9
1365590 2820.9
1365600 2820.9
1365610 2816.2
1365620 2812.5
1365630 2812.5
1365640 2809.3
1365650 2806.7
1365660 2806.7
1365670 2804.5
1365680 2802.8
1365690 2802.8
1365700 2800.9
1365710 2798.8
1365720 2796.8
1365730 2796.8
1365740 2794.8
1365750 2793.2
1365760 2793.2
1365770 2792.4
1365780 2792.4
1365790 2792.4
1365800 2792.4
1365810 2792.9
1365820 2792.9
1365830 2793.2
1365840 2793.2
1365850 2793.2
1365860 2793.7
1365870 2794.9
1365880 2794.9
1365890 2794.3
1365900 2794.1
1365910 2794.1
1365920 2794.6
1365930 2795.6
1365940 2794.3
1365950 2794.3
1365960 2792.5
1365970 2790.4
1365980 2790.4
1365990 2789.7
1366000 2790.1
1366010 2790.1
1366020 2791.0
1366030 2790.4
1366040 2790.4
1366050 2789.5
1366060 2789.4
1366070 2789.4
1366080 2788.1
1366090 2786.5
1366100 2786.5
1366110 2785.8
1366120 2786.2
1366130 2780.8
1366140 2780.8
1366150 2780.0
1366160 2779.1
1366170 2779.1
1366180 2778.9
1366190 2777.6
1366200 2777.6
1366210 2775.2
1366220 2773.4
1366230 2773.4
1366240 2771.7
1366250 2770.2
1366260 2770.2
1366270 2769.6
1366280 2768.8
1366290 2768.8
1366300 2767.9
1366310 2767.4
1366320 2767.4
1366330 2765.7
1366340 2764.3
1366350 2765.6
1366360 2765.6
1366370 2768.9
1366380 2769.0
1366390 2769.0
1366400 2769.8
1366410 2770.1
1366420 2770.1
1366430 2770.5
1366440 2770.7
1366450 2770.7
1366460 2768.3
1366470 2764.9
1366480 2764.9
1366490 2765.1
1366500 2765.2
1366510 2765.2
1366520 2763.5
1366530 2758.8
1366540 2758.8
1366550 2754.1
1366560 2750.9
1366570 2748.5
1366580 2748.5
1366590 2744.7
1366600 2741.6
1366610 2741.6
1366620 2738.9
1366630 2735.4
1366640 2735.4
1366650 2733.3
1366660 2729.7
1366670 2729.7
1366680 2725.0
1366690 2721.5
1366700 2721.5
1366710 2718.4
1366720 2717.8
1366730 2717.8
1366740 2714.6
1366750 2712.4
1366760 2707.6
1366770 2707.6
1366780 2702.2
1366790 2698.1
1366800 2698.1
1366810 2695.8
1366820 2691.8
1366830 2691.8
1366840 2687.5
1366850 2683.8
1366860 2683.8
1366870 2682.7
1366880 2683.8
1366890 2683.8
1366900 2682.6
1366910 2678.4
1366920 2678.4
1366930 2673.4
1366940 2672.7
1366950 2672.7
1366960 2673.6
1366970 2669.9
1366980 2665.8
1366990 2665.8
1367000 2661.4
1367010 2655.9
1367020 2655.9
1367030 2654.5
1367040 2651.5
1367050 2651.5
1367060 2648.8
1367070 2645.8
1367080 2645.8
1367090 2643.0
1367100 2640.4
1367110 2640.4
1367120 2635.3
1367130 2630.6
1367140 2630.6
1367150 2626.7
1367160 2623.8
1367170 2623.8
1367180 2620.8
1367190 2619.0
1367200 2616.6
1367210 2611.2
1367220 2607.3
1367230 2604.7
1367240 2604.7
1367250 2603.6
1367260 2604.4
1367270 2604.4
1367280 2604.1
1367290 2603.1
1367300 2603.1
1367310 2599.5
1367320 2594.0
1367330 2594.0
1367340 2586.3
1367350 2578.9
1367360 2578.9
1367370 2572.6
1367380 2569.5
1367390 2569.5
1367400 2565.4
1367410 2558.6
1367420 2548.0
1367430 2548.0
1367440 2543.4
1367450 2540.3
1367460 2540.3
1367470 2536.9
1367480 2535.0
1367490 2535.0
1367500 2532.9
1367510 2530.7
1367520 2530.7
1367530 2530.7
1367540 2534.6
1367550 2534.6
1367560 2539.3
1367570 2544.6
1367580 2544.6
1367590 2549.7
1367600 2554.2
1367610 2557.7
1367620 2557.7
1367630 2560.2
1367640 2561.4
1367650 2561.4
1367660 2561.6
1367670 2560.7
1367680 2560.7
1367690 2561.7
1367700 2562.4
1367710 2562.4
1367720 2563.8
1367730 2567.3
1367740 2567.3
1367750 2570.2
1367760 2569.8
1367770 2569.8
1367780 2568.3
1367790 2568.4
1367800 2568.4
1367810 2569.7
1367820 2573.1
1367830 2574.7
1367840 2574.7
1367850 2575.4
1367860 2575.8
1367870 2575.8
1367880 2575.8
1367890 2577.1
1367900 2577.1
1367910 2578.1
1367920 2576.4
1367930 2576.4
1367940 2573.6
1367950 2570.6
1367960 2570.6
1367970 2568.6
1367980 2565.2
1367990 2565.2
1368000 2559.5
1368010 2552.7
1368020 2552.7
1368030 2546.2
1368040 2541.5
1368050 2539.0
1368060 2539.0
1368070 2538.0
1368080 2537.2
1368090 2537.2
1368100 2536.8
1368110 2538.6
1368120 2538.6
1368130 2542.3
1368140 2546.0
1368150 2546.0
1368160 2551.1
1368170 2558.0
1368180 2558.0
1368190 2564.5
1368200 2569.4
1368210 2569.4
1368220 2571.6
1368230 2571.9
1368240 2571.9
1368250 2568.2
1368260 2557.8
1368270 2548.2
1368280 2548.2
1368290 2543.0
1368300 2535.2
1368310 2535.2
1368320 2528.0
1368330 2518.1
1368340 2518.1
1368350 2507.1
1368360 2498.0
1368370 2498.0
1368380 2489.7
1368390 2482.0
1368400 2482.0
1368410 2473.7
1368420 2464.1
1368430 2464.1
1368440 2456.1
1368450 2449.4
1368460 2441.7
1368470 2441.7
1368480 2433.0
1368490 2426.3
1368500 2426.3
1368510 2419.9
1368520 2413.2
1368530 2413.2
1368540 2405.3
1368550 2395.6
1368560 2395.6
1368570 2383.8
1368580 2374.4
1368590 2374.4
1368600 2365.6
1368610 2357.8
1368620 2357.8
1368630 2351.0
1368640 2344.0
1368650 2344.0
1368660 2336.6
1368670 2329.6
1368680 2322.3
1368690 2322.3
1368700 2316.0
1368710 2309.4
1368720 2309.4
1368730 2301.7
1368740 2293.4
1368750 2293.4
1368760 2285.0
1368770 2276.9
1368780 2276.9
1368790 2271.0
1368800 2262.7
1368810 2262.7
1368820 2254.9
1368830 2248.1
1368840 2248.1
1368850 2239.8
1368860 2231.7
1368870 2231.7
1368880 2225.6
1368890 2220.6
1368900 2216.6
1368910 2216.6
1368920 2214.0
1368930 2212.9
1368940 2212.9
1368950 2213.0
1368960 2213.6
1368970 2213.6
1368980 2213.8
1368990 2213.2
1369000 2213.2
1369010 2212.2
1369020 2209.8
1369030 2209.8
1369040 2206.6
1369050 2202.7
1369060 2202.7
1369070 2199.2
1369080 2196.8
1369090 2196.8
1369100 2192.3
1369110 2187.0
1369120 2182.3
1369130 2182.3
1369140 2176.5
1369150 2169.7
1369160 2169.7
1369170 2163.3
1369180 2156.5
1369190 2156.5
1369200 2148.8
1369210 2142.6
1369220 2142.6
1369230 2137.4
1369240 2132.5
1369250 2132.5
1369260 2128.3
1369270 2125.3
1369280 2125.3
1369290 2119.8
1369300 2112.9
1369310 2107.1
1369320 2107.1
1369330 2102.5
1369340 2094.5
1369350 2094.5
1369360 2086.8
1369370 2079.5
1369380 2079.5
1369390 2070.7
1369400 2063.6
1369410 2063.6
1369420 2058.3
1369430 2053.1
1369440 2053.1
1369450 2045.8
1369460 2038.0
1369470 2038.0
1369480 2031.2
1369490 2026.0
1369500 2026.0
1369510 2021.1
1369520 2018.7
1369530 2017.1
1369540 2017.1
1369550 2015.1
1369560 2012.3
1369570 2012.3
1369580 2008.9
1369590 2002.0
1369600 2002.0
1369610 1994.6
1369620 1989.3
1369630 1989.3
1369640 1984.7
1369650 1973.7
1369660 1973.7
1369670 1962.8
1369680 1954.2
1369690 1954.2
1369700 1947.2
1369710 1941.1
1369720 1941.1
1369730 1935.9
1369740 1929.0
1369750 1918.8
1369760 1918.8
1369770 1924.4
1369780 1934.3
1369790 1934.3
1369800 1937.4
1369810 1940.5
1369820 1940.5
1369830 1944.5
1369840 1948.4
1369850 1948.4
1369860 1950.4
1369870 1950.8
1369880 1950.8
1369890 1949.3
1369900 1947.3
1369910 1947.3
1369920 1947.3
1369930 1947.1
1369940 1947.1
1369950 1947.8
1369960 1949.9
1369970 1953.3
1369980 1953.3
1369990 1958.1
1370000 1963.0
1370010 1963.0
1370020 1967.2
1370030 1971.5
1370040 1971.5
1370050 1976.3
1370060 1981.3
1370070 1981.3
1370080 1986.0
1370090 1990.4
1370100 1990.4
1370110 1995.0
1370120 2000.4
1370130 2000.4
1370140 2006.0
1370150 2011.7
1370160 2017.9
1370170 2017.9
1370180 2024.9
1370190 2031.7
1370200 2031.7
1370210 2038.4
1370220 2044.9
1370230 2044.9
1370240 2051.0
1370250 2057.1
1370260 2057.1
1370270 2063.7
1370280 2070.2
1370290 2070.2
1370300 2076.6
1370310 2082.6
1370320 2082.6
1370330 2088.3
1370340 2093.1
1370350 2093.1
1370360 2097.2
1370370 2101.7
1370380 2106.4
1370390 2106.4
1370400 2110.4
1370410 2113.0
1370420 2113.0
1370430 2115.1
1370440 2118.2
1370450 2118.2
1370460 2121.9
1370470 2126.2
1370480 2126.2
1370490 2131.1
1370500 2136.1
1370510 2136.1
1370520 2141.1
1370530 2145.3
1370540 2145.3
1370550 2150.1
1370560 2157.4
1370570 2157.4
1370580 2163.1
1370590 2169.0
1370600 2174.9
1370610 2174.9
1370620 2179.4
1370630 2183.4
1370640 2183.4
1370650 2188.7
1370660 2194.5
1370670 2194.5
1370680 2199.3
1370690 2203.8
1370700 2203.8
1370710 2208.5
1370720 2214.0
1370730 2214.0
1370740 2221.3
1370750 2230.0
1370760 2230.0
1370770 2238.6
1370780 2246.5
1370790 2246.5
1370800 2253.9
1370810 2259.7
1370820 2264.5
1370830 2264.5
1370840 2269.9
1370850 2275.3
1370860 2275.3
1370870 2280.7
1370880 2284.8
1370890 2284.8
1370900 2291.3
1370910 2297.3
1370920 2297.3
1370930 2304.1
1370940 2308.4
1370950 2308.4
1370960 2313.4
1370970 2320.7
1370980 2320.7
1370990 2329.5
1371000 2335.5
1371010 2343.4
1371020 2343.4
1371030 2357.0
1371040 2371.8
1371050 2371.8
1371060 2380.8
1371070 2390.8
1371080 2390.8
1371090 2401.2
1371100 2408.5
1371110 2408.5
1371120 2415.7
1371130 2423.5
1371140 2423.5
1371150 2431.6
1371160 2438.7
1371170 2438.7
1371180 2444.4
1371190 2449.1
1371200 2449.1
1371210 2453.1
1371220 2457.6
1371230 2464.1
1371240 2464.1
1371250 2472.1
1371260 2479.7
1371270 2479.7
1371280 2487.7
1371290 2495.7
1371300 2495.7
1371310 2503.5
1371320 2510.3
1371330 2510.3
1371340 2518.3
1371350 2529.7
1371360 2529.7
1371370 2549.3
1371380 2570.2
1371390 2570.2
1371400 2585.9
1371410 2596.9
1371420 2596.9
1371430 2606.4
1371440 2613.7
1371450 2622.7
1371460 2622.7
1371470 2636.9
1371480 2647.4
1371490 2647.4
1371500 2655.0
1371510 2666.0
1371520 2666.0
1371530 2674.3
1371540 2669.3
1371550 2669.3
1371560 2658.7
1371570 2648.1
1371580 2648.1
1371590 2639.0
1371600 2630.7
1371610 2633.2
1371620 2625.2
1371630 2617.5
1371640 2617.5
1371650 2609.3
1371660 2602.0
1371670 2595.3
1371680 2595.3
1371690 2588.0
1371700 2583.2
1371710 2583.2
1371720 2579.5
1371730 2575.3
1371740 2575.3
1371750 2570.3
1371760 2564.7
1371770 2564.7
1371780 2558.8
1371790 2551.0
1371800 2551.0
1371810 2544.1
1371820 2537.7
1371830 2537.7
1371840 2529.4
1371850 2520.8
1371860 2513.4
1371870 2513.4
1371880 2504.7
1371890 2495.6
1371900 2495.6
1371910 2486.6
1371920 2477.2
1371930 2477.2
1371940 2467.3
1371950 2457.7
1371960 2457.7
1371970 2450.5
1371980 2444.0
1371990 2444.0
1372000 2437.4
1372010 2431.9
1372020 2431.9
1372030 2427.0
1372040 2422.4
1372050 2422.4
1372060 2419.6
1372070 2417.0
1372080 2412.6
1372090 2412.6
1372100 2407.1
1372110 2401.6
1372120 2401.6
1372130 2396.0
1372140 2388.7
1372150 2388.7
1372160 2380.7
1372170 2371.6
1372180 2371.6
1372190 2362.6
1372200 2352.1
1372210 2352.1
1372220 2338.9
1372230 2325.1
1372240 2325.1
1372250 2314.7
1372260 2303.0
1372270 2303.0
1372280 2293.0
1372290 2282.1
1372300 2272.5
1372310 2272.5
1372320 2260.1
1372330 2251.5
1372340 2251.5
1372350 2246.1
1372360 2240.4
1372370 2240.4
1372380 2234.6
1372390 2228.9
1372400 2228.9
1372410 2222.5
1372420 2216.5
1372430 2216.5
1372440 2211.2
1372450 2204.3
1372460 2204.3
1372470 2192.7
1372480 2182.4
1372490 2182.4
1372500 2174.5
1372510 2165.3
1372520 2153.5
1372530 2153.5
1372540 2144.8
1372550 2138.9
1372560 2138.9
1372570 2130.0
1372580 2123.1
1372590 2123.1
1372600 2119.0
1372610 2117.2
1372620 2117.2
1372630 2110.9
1372640 2105.8
1372650 2105.8
1372660 2100.3
1372670 2090.0
1372680 2090.0
1372690 2073.1
1372700 2056.6
1372710 2046.1
1372720 2046.1
1372730 2037.6
1372740 2021.8
1372750 2021.8
1372760 2012.4
1372770 2005.2
1372780 2005.2
1372790 1998.7
1372800 1992.2
1372810 1992.2
1372820 1985.5
1372830 1978.3
1372840 1978.3
1372850 1970.3
1372860 1970.5
1372870 1970.5
1372880 1990.7
1372890 1995.5
1372900 1995.5
1372910 1998.5
1372920 2000.6
1372930 2001.0
1372940 2001.0
1372950 2000.8
1372960 1998.8
1372970 1998.8
1372980 2005.0
1372990 2011.6
1373000 2011.6
1373010 2016.4
1373020 2019.9
1373030 2019.9
1373040 2022.5
1373050 2025.5
1373060 2025.5
1373070 2030.5
1373080 2037.0
1373090 2037.0
1373100 2043.6
1373110 2050.9
1373120 2050.9
1373130 2058.5
1373140 2066.4
1373150 2073.4
1373160 2073.4
1373170 2079.1
1373180 2084.9
1373190 2084.9
1373200 2090.2
1373210 2095.0
1373220 2095.0
1373230 2101.1
1373240 2110.7
1373250 2110.7
1373260 2122.1
1373270 2130.7
1373280 2130.7
1373290 2139.1
1373300 2144.3
1373310 2144.3
1373320 2149.7
1373330 2154.8
1373340 2154.8
1373350 2160.4
1373360 2165.9
1373370 2170.6
1373380 2170.6
1373390 2175.5
1373400 2180.9
1373410 2180.9
1373420 2186.1
1373430 2192.0
1373440 2192.0
1373450 2198.8
1373460 2205.6
1373470 2205.6
1373480 2212.8
1373490 2219.6
1373500 2219.6
1373510 2225.4
1373520 2230.1
1373530 2230.1
1373540 2233.8
1373550 2235.6
1373560 2238.3
1373570 2238.3
1373580 2243.2
1373590 2248.9
1373600 2248.9
1373610 2256.2
1373620 2262.1
1373630 2262.1
1373640 2264.4
1373650 2266.4
1373660 2266.4
1373670 2269.6
1373680 2274.9
1373690 2274.9
1373700 2281.3
1373710 2288.5
1373720 2288.5
1373730 2296.8
1373740 2304.7
1373750 2304.7
1373760 2310.4
1373770 2316.1
1373780 2322.2
1373790 2322.2
1373800 2329.7
1373810 2336.5
1373820 2336.5
1373830 2342.8
1373840 2349.6
1373850 2349.6
1373860 2356.4
1373870 2357.4
1373880 2357.4
1373890 2362.6
1373900 2366.8
1373910 2366.8
1373920 2371.7
1373930 2384.8
1373940 2384.8
1373950 2397.5
1373960 2409.3
1373970 2409.3
1373980 2421.3
1373990 2434.3
1374000 2440.8
1374010 2440.8
1374020 2448.2
1374030 2455.3
1374040 2455.3
1374050 2462.0
1374060 2469.9
1374070 2469.9
1374080 2476.9
1374090 2483.4
1374100 2483.4
1374110 2494.1
1374120 2503.8
1374130 2503.8
1374140 2507.4
1374150 2507.4
1374160 2507.4
1374170 2513.2
1374180 2522.7
1374190 2522.7
1374200 2529.0
1374210 2534.0
1374220 2538.9
1374230 2538.9
1374240 2543.0
1374250 2548.0
1374260 2548.0
1374270 2552.0
1374280 2555.9
1374290 2555.9
1374300 2559.5
1374310 2562.8
1374320 2562.8
1374330 2566.5
1374340 2570.8
1374350 2570.8
1374360 2575.2
1374370 2580.1
1374380 2580.1
1374390 2586.3
1374400 2593.2
1374410 2600.1
1374420 2600.1
1374430 2606.2
1374440 2612.1
1374450 2612.1
1374460 2618.1
1374470 2624.5
1374480 2624.5
1374490 2630.6
1374500 2636.8
1374510 2636.8
1374520 2642.7
1374530 2648.4
1374540 2648.4
1374550 2653.7
1374560 2658.3
1374570 2658.3
1374580 2663.5
1374590 2669.3
1374600 2669.3
1374610 2674.6
1374620 2679.6
1374630 2684.0
1374640 2684.0
1374650 2688.1
1374660 2692.0
1374670 2692.0
1374680 2697.9
1374690 2704.5
1374700 2704.5
1374710 2711.2
1374720 2718.4
1374730 2718.4
1374740 2726.0
1374750 2733.8
1374760 2733.8
1374770 2741.3
1374780 2748.3
1374790 2748.3
1374800 2755.1
1374810 2762.6
1374820 2762.6
1374830 2770.5
1374840 2778.0
1374850 2785.4
1374860 2785.4
1374870 2794.4
1374880 2805.1
1374890 2805.1
1374900 2813.4
1374910 2821.8
1374920 2821.8
1374930 2832.8
1374940 2840.5
1374950 2840.5
1374960 2845.9
1374970 2854.4
1374980 2854.4
1374990 2865.8
1375000 2878.0
1375010 2878.0
1375020 2885.2
1375030 2891.3
1375040 2891.3
1375050 2901.8
1375060 2913.0
1375070 2921.2
1375080 2921.2
1375090 2930.1
1375100 2938.5
1375110 2938.5
1375120 2941.8
1375130 2941.8
1375140 2941.8
1375150 2941.2
1375160 2939.7
1375170 2939.7
1375180 2937.6
1375190 2935.7
1375200 2935.7
1375210 2934.7
1375220 2934.7
1375230 2934.7
1375240 2933.7
1375250 2932.3
1375260 2931.6
1375270 2931.6
1375280 2931.4
1375290 2931.4
1375300 2931.4
1375310 2932.3
1375320 2933.8
1375330 2933.8
1375340 2935.3
1375350 2936.9
1375360 2936.9
1375370 2939.7
1375380 2942.2
1375390 2942.2
1375400 2945.1
1375410 2948.0
1375420 2948.0
1375430 2951.4
1375440 2956.1
1375450 2956.1
1375460 2960.5
1375470 2965.0
1375480 2970.1
1375490 2970.1
1375500 2976.3
1375510 2982.1
1375520 2982.1
1375530 2987.2
1375540 2992.5
1375550 2992.5
1375560 2998.8
1375570 3005.9
1375580 3005.9
1375590 3012.2
1375600 3018.6
1375610 3018.6
1375620 3025.5
1375630 3031.0
1375640 3031.0
1375650 3035.9
1375660 3043.5
1375670 3043.5
1375680 3053.6
1375690 3059.8
1375700 3064.9
1375710 3064.9
1375720 3070.4
1375730 3079.0
1375740 3079.0
1375750 3088.4
1375760 3094.4
1375770 3094.4
1375780 3099.9
1375790 3105.7
1375800 3105.7
1375810 3110.5
1375820 3115.3
1375830 3115.3
1375840 3119.6
1375850 3125.3
1375860 3125.3
1375870 3129.0
1375880 3127.4
1375890 3118.0
1375900 3118.0
1375910 3106.4
1375920 3093.1
1375930 3093.1
1375940 3081.7
1375950 3071.0
1375960 3071.0
1375970 3060.1
1375980 3046.4
1375990 3046.4
1376000 3030.8
1376010 3019.1
1376020 3019.1
1376030 3008.9
1376040 2997.3
1376050 2997.3
1376060 2986.7
1376070 2976.5
1376080 2976.5
1376090 2964.9
1376100 2953.8
1376110 2940.4
1376120 2940.4
1376130 2927.9
1376140 2915.3
1376150 2915.3
1376160 2904.2
1376170 2892.9
1376180 2892.9
1376190 2879.4
1376200 2871.2
1376210 2871.2
1376220 2864.7
1376230 2858.9
1376240 2858.9
1376250 2852.8
1376260 2844.9
1376270 2844.9
1376280 2831.8
1376290 2818.7
1376300 2818.7
1376310 2809.4
1376320 2799.8
1376330 2792.7
1376340 2792.7
1376350 2786.5
1376360 2781.6
1376370 2781.6
1376380 2775.9
1376390 2769.7
1376400 2769.7
1376410 2763.7
1376420 2757.7
1376430 2757.7
1376440 2751.7
1376450 2745.9
1376460 2745.9
1376470 2740.5
1376480 2735.5
1376490 2735.5
1376500 2730.5
1376510 2725.3
1376520 2725.3
1376530 2719.7
1376540 2713.8
1376550 2708.5
1376560 2708.5
1376570 2703.4
1376580 2698.6
1376590 2698.6
1376600 2693.6
1376610 2688.6
1376620 2688.6
1376630 2683.7
1376640 2678.3
1376650 2678.3
1376660 2672.9
1376670 2668.0
1376680 2668.0
1376690 2663.1
1376700 2658.1
1376710 2658.1
1376720 2653.0
1376730 2648.2
1376740 2643.3
1376750 2643.3
1376760 2638.5
1376770 2634.0
1376780 2634.0
1376790 2629.1
1376800 2624.3
1376810 2624.3
1376820 2619.7
1376830 2615.1
1376840 2615.1
1376850 2610.6
1376860 2606.6
1376870 2606.6
1376880 2602.5
1376890 2598.4
1376900 2598.4
1376910 2594.5
1376920 2590.7
1376930 2590.7
1376940 2587.1
1376950 2583.8
1376960 2580.0
1376970 2580.0
1376980 2577.2
1376990 2574.2
1377000 2574.2
1377010 2571.2
1377020 2568.2
1377030 2568.2
1377040 2565.1
1377050 2562.1
1377060 2562.1
1377070 2559.0
1377080 2556.0
1377090 2556.0
1377100 2553.0
1377110 2549.1
1377120 2549.1
1377130 2544.8
1377140 2539.6
1377150 2539.6
1377160 2534.6
1377170 2529.6
1377180 2523.3
1377190 2523.3
1377200 2517.2
1377210 2510.2
1377220 2510.2
1377230 2504.1
1377240 2499.7
1377250 2499.7
1377260 2494.7
1377270 2488.5
1377280 2488.5
1377290 2483.5
1377300 2479.5
1377310 2479.5
1377320 2476.0
1377330 2473.0
1377340 2473.0
1377350 2470.0
1377360 2458.1
1377370 2458.1
1377380 2453.8
1377390 2449.8
1377400 2446.1
1377410 2446.1
1377420 2441.5
1377430 2435.5
1377440 2435.5
1377450 2428.8
1377460 2423.5
1377470 2423.5
1377480 2418.8
1377490 2410.7
1377500 2410.7
1377510 2400.1
1377520 2388.1
1377530 2388.1
1377540 2375.9
1377550 2366.9
1377560 2366.9
1377570 2359.7
1377580 2353.1
1377590 2347.0
1377600 2347.0
1377610 2340.9
1377620 2334.7
1377630 2334.7
1377640 2328.5
1377650 2322.8
1377660 2322.8
1377670 2317.0
1377680 2310.6
1377690 2310.6
1377700 2304.2
1377710 2297.5
1377720 2297.5
1377730 2290.9
1377740 2284.0
1377750 2284.0
1377760 2276.8
1377770 2269.4
1377780 2269.4
1377790 2262.3
1377800 2255.8
1377810 2249.9
1377820 2249.9
1377830 2244.0
1377840 2237.8
1377850 2237.8
1377860 2232.2
1377870 2225.9
1377880 2225.9
1377890 2218.4
1377900 2212.7
1377910 2212.7
1377920 2205.7
1377930 2197.8
1377940 2197.8
1377950 2191.2
1377960 2184.7
1377970 2184.7
1377980 2179.0
1377990 2173.9
1378000 2173.9
1378010 2170.8
1378020 2167.9
1378030 2164.3
1378040 2164.3
1378050 2161.0
1378060 2158.1
1378070 2158.1
1378080 2155.9
1378090 2154.3
1378100 2154.3
1378110 2153.0
1378120 2152.0
1378130 2152.0
1378140 2150.7
1378150 2149.6
1378160 2149.6
1378170 2149.2
1378180 2148.6
1378190 2148.6
1378200 2148.4
1378210 2148.2
1378220 2148.2
1378230 2148.0
1378240 2148.0
1378250 2147.9
1378260 2147.9
1378270 2148.2
1378280 2149.5
1378290 2149.5
1378300 2152.1
1378310 2158.0
1378320 2158.0
1378330 2174.3
1378340 2186.0
1378350 2186.0
1378360 2195.2
1378370 2203.3
1378380 2203.3
1378390 2205.5
1378400 2207.3
1378410 2207.3
1378420 2202.6
1378430 2196.8
1378440 2196.8
1378450 2196.8
1378460 2197.7
1378470 2200.1
1378480 2200.1
1378490 2204.1
1378500 2210.7
1378510 2210.7
1378520 2217.4
1378530 2223.9
1378540 2223.9
1378550 2230.0
1378560 2236.5
1378570 2236.5
1378580 2243.3
1378590 2247.9
1378600 2247.9
1378610 2253.4
1378620 2260.2
1378630 2260.2
1378640 2267.2
1378650 2273.7
1378660 2279.7
1378670 2279.7
1378680 2285.9
1378690 2292.6
1378700 2292.6
1378710 2299.8
1378720 2306.3
1378730 2306.3
1378740 2313.0
1378750 2321.3
1378760 2321.3
1378770 2328.9
1378780 2338.6
1378790 2338.6
1378800 2347.8
1378810 2354.4
1378820 2354.4
1378830 2360.5
1378840 2364.3
1378850 2364.3
1378860 2366.6
1378870 2370.8
1378880 2376.1
1378890 2376.1
1378900 2381.9
1378910 2387.3
1378920 2387.3
1378930 2391.8
1378940 2397.8
1378950 2397.8
1378960 2403.2
1378970 2409.0
1378980 2409.0
1378990 2414.7
1379000 2419.6
1379010 2419.6
1379020 2423.4
1379030 2426.5
1379040 2426.5
1379050 2429.4
1379060 2433.7
1379070 2433.7
1379080 2438.8
1379090 2443.7
1379100 2448.2
1379110 2448.2
1379120 2451.9
1379130 2455.8
1379140 2455.8
1379150 2460.2
1379160 2464.7
1379170 2464.7
1379180 2469.3
1379190 2473.1
1379200 2473.1
1379210 2476.8
1379220 2481.6
1379230 2481.6
1379240 2485.9
1379250 2489.4
1379260 2489.4
1379270 2491.9
1379280 2493.8
1379290 2496.4
1379300 2496.4
1379310 2500.6
1379320 2504.6
1379330 2504.6
1379340 2508.6
1379350 2513.1
1379360 2513.1
1379370 2517.6
1379380 2523.9
1379390 2523.9
1379400 2532.0
1379410 2540.5
1379420 2540.5
1379430 2546.6
1379440 2552.1
1379450 2552.1
1379460 2557.8
1379470 2563.7
1379480 2563.7
1379490 2571.3
1379500 2578.2
1379510 2584.3
1379520 2584.3
1379530 2588.7
1379540 2593.2
1379550 2593.2
1379560 2598.5
1379570 2603.9
1379580 2603.9
1379590 2608.9
1379600 2613.2
1379610 2613.2
1379620 2617.1
1379630 2620.8
1379640 2620.8
1379650 2625.5
1379660 2631.0
1379670 2631.0
1379680 2634.0
1379690 2636.4
1379700 2636.4
1379710 2637.5
1379720 2639.0
1379730 2642.3
1379740 2642.3
1379750 2646.9
1379760 2650.0
1379770 2650.0
1379780 2652.6
1379790 2654.8
1379800 2654.8
1379810 2657.0
1379820 2658.9
1379830 2658.9
1379840 2662.5
1379850 2666.7
1379860 2666.7
1379870 2669.5
1379880 2672.6
1379890 2672.6
1379900 2676.3
1379910 2679.6
1379920 2679.6
1379930 2682.4
1379940 2686.4
1379950 2691.5
1379960 2691.5
1379970 2697.4
1379980 2703.1
1379990 2703.1
