1360000 3038.2
1360010 3038.2
1360020 3032.8
1360030 3025.1
1360040 3025.1
1360050 3014.7
1360060 3001.8
1360070 3001.8
1360080 2988.3
1360090 2972.4
1360100 2972.4
1360110 2954.8
1360120 2942.8
1360130 2942.8
1360140 2933.3
1360150 2923.2
1360160 2923.2
1360170 2914.9
1360180 2905.9
1360190 2898.9
1360200 2898.9
1360210 2893.7
1360220 2885.8
1360230 2885.8
1360240 2876.6
1360250 2864.6
1360260 2864.6
1360270 2854.9
1360280 2849.5
1360290 2849.5
1360300 2846.0
1360310 2838.3
1360320 2838.3
1360330 2824.5
1360340 2809.1
1360350 2809.1
1360360 2795.2
1360370 2783.9
1360380 2783.9
1360390 2771.9
1360400 2760.5
1360410 2745.4
1360420 2745.4
1360430 2730.6
1360440 2714.5
1360450 2714.5
1360460 2699.6
1360470 2689.7
1360480 2689.7
1360490 2682.8
1360500 2676.4
1360510 2676.4
1360520 2670.5
1360530 2665.3
1360540 2665.3
1360550 2660.4
1360560 2655.3
1360570 2655.3
1360580 2650.4
1360590 2645.4
1360600 2645.4
1360610 2639.2
1360620 2631.4
1360630 2619.9
1360640 2619.9
1360650 2611.0
1360660 2600.2
1360670 2600.2
1360680 2596.3
1360690 2591.5
1360700 2591.5
1360710 2584.6
1360720 2576.8
1360730 2576.8
1360740 2567.8
1360750 2557.2
1360760 2557.2
1360770 2547.0
1360780 2539.4
1360790 2539.4
1360800 2531.3
1360810 2523.3
1360820 2523.3
1360830 2516.0
1360840 2507.5
1360850 2503.5
1360860 2503.5
1360870 2501.5
1360880 2499.1
1360890 2499.1
1360900 2497.4
1360910 2496.3
1360920 2496.3
1360930 2493.8
1360940 2492.7
1360950 2492.7
1360960 2488.7
1360970 2485.5
1360980 2485.5
1360990 2483.6
1361000 2481.3
1361010 2481.3
1361020 2479.5
1361030 2477.5
1361040 2476.0
1361050 2476.0
1361060 2474.1
1361070 2472.2
1361080 2472.2
1361090 2471.5
1361100 2472.6
1361110 2472.6
1361120 2474.5
1361130 2477.0
1361140 2477.0
1361150 2479.3
1361160 2481.5
1361170 2481.5
1361180 2483.7
1361190 2485.8
1361200 2485.8
1361210 2487.4
1361220 2489.1
1361230 2489.1
1361240 2490.7
1361250 2491.5
1361260 2493.1
1361270 2493.1
1361280 2494.6
1361290 2495.9
1361300 2495.9
1361310 2497.2
1361320 2498.5
1361330 2498.5
1361340 2499.8
1361350 2501.0
1361360 2501.0
1361370 2502.1
1361380 2503.4
1361390 2503.4
1361400 2504.5
1361410 2505.2
1361420 2505.2
1361430 2505.9
1361440 2507.0
1361450 2507.0
1361460 2509.3
1361470 2511.7
1361480 2514.2
1361490 2514.2
1361500 2517.6
1361510 2519.8
1361520 2519.8
1361530 2522.3
1361540 2525.2
1361550 2525.2
1361560 2528.5
1361570 2531.5
1361580 2531.5
1361590 2535.3
1361600 2539.5
1361610 2539.5
1361620 2543.0
1361630 2546.6
1361640 2546.6
1361650 2550.5
1361660 2554.7
1361670 2554.7
1361680 2558.4
1361690 2560.6
1361700 2562.2
1361710 2562.2
1361720 2564.0
1361730 2566.8
1361740 2566.8
1361750 2569.7
1361760 2572.8
1361770 2572.8
1361780 2576.6
1361790 2581.6
1361800 2581.6
1361810 2586.7
1361820 2592.2
1361830 2592.2
1361840 2597.4
1361850 2602.1
1361860 2602.1
1361870 2606.0
1361880 2610.5
1361890 2610.5
1361900 2614.7
1361910 2618.6
1361920 2622.7
1361930 2622.7
1361940 2624.6
1361950 2626.7
1361960 2626.7
1361970 2627.6
1361980 2628.6
1361990 2628.6
1362000 2630.0
1362010 2631.9
1362020 2631.9
1362030 2634.4
1362040 2637.3
1362050 2637.3
1362060 2640.3
1362070 2643.4
1362080 2643.4
1362090 2645.5
1362100 2646.2
1362110 2645.9
1362120 2645.9
1362130 2645.5
1362140 2646.0
1362150 2646.0
1362160 2646.5
1362170 2646.2
1362180 2646.2
1362190 2646.8
1362200 2649.2
1362210 2649.2
1362220 2651.9
1362230 2653.8
1362240 2653.8
1362250 2656.4
1362260 2659.6
1362270 2659.6
1362280 2662.9
1362290 2665.9
1362300 2665.9
1362310 2668.8
1362320 2672.3
1362330 2676.8
1362340 2676.8
1362350 2682.8
1362360 2687.1
1362370 2687.1
1362380 2689.5
1362390 2691.8
1362400 2691.8
1362410 2693.9
1362420 2696.6
1362430 2696.6
1362440 2700.1
1362450 2703.4
1362460 2703.4
1362470 2705.7
1362480 2709.5
1362490 2709.5
1362500 2713.3
1362510 2716.4
1362520 2716.4
1362530 2719.5
1362540 2722.5
1362550 2725.6
1362560 2725.6
1362570 2728.5
1362580 2731.2
1362590 2731.2
1362600 2733.7
1362610 2736.1
1362620 2736.1
1362630 2738.4
1362640 2740.7
1362650 2740.7
1362660 2742.8
1362670 2745.0
1362680 2745.0
1362690 2747.3
1362700 2749.7
1362710 2749.7
1362720 2754.3
1362730 2757.0
1362740 2757.0
1362750 2759.8
1362760 2762.6
1362770 2765.4
1362780 2765.4
1362790 2768.2
1362800 2771.0
1362810 2771.0
1362820 2773.8
1362830 2776.6
1362840 2776.6
1362850 2779.5
1362860 2782.4
1362870 2782.4
1362880 2785.4
1362890 2788.4
1362900 2788.4
1362910 2791.4
1362920 2794.5
1362930 2794.5
1362940 2797.4
1362950 2800.4
1362960 2803.3
1362970 2803.3
1362980 2806.2
1362990 2809.1
1363000 2809.1
1363010 2812.0
1363020 2814.9
1363030 2814.9
1363040 2817.9
1363050 2820.9
1363060 2820.9
1363070 2824.0
1363080 2827.1
1363090 2827.1
1363100 2830.2
1363110 2833.2
1363120 2833.2
1363130 2836.3
1363140 2839.3
1363150 2839.3
1363160 2842.2
1363170 2845.0
1363180 2847.9
1363190 2847.9
1363200 2850.8
1363210 2853.5
1363220 2853.5
1363230 2856.1
1363240 2858.7
1363250 2858.7
1363260 2861.0
1363270 2863.3
1363280 2863.3
1363290 2865.5
1363300 2867.6
1363310 2867.6
1363320 2869.6
1363330 2871.6
1363340 2871.6
1363350 2873.7
1363360 2875.9
1363370 2875.9
1363380 2878.1
1363390 2880.2
1363400 2882.3
1363410 2882.3
1363420 2884.4
1363430 2886.4
1363440 2886.4
1363450 2888.5
1363460 2890.7
1363470 2890.7
1363480 2892.9
1363490 2895.2
1363500 2895.2
1363510 2897.5
1363520 2899.9
1363530 2899.9
1363540 2902.4
1363550 2905.0
1363560 2905.0
1363570 2907.8
1363580 2910.6
1363590 2910.6
1363600 2913.6
1363610 2916.5
1363620 2919.4
1363630 2919.4
1363640 2922.4
1363650 2925.5
1363660 2925.5
1363670 2930.6
1363680 2938.9
1363690 2938.9
1363700 2944.9
1363710 2947.9
1363720 2947.9
1363730 2952.1
1363740 2953.6
1363750 2953.6
1363760 2953.5
1363770 2964.7
1363780 2964.7
1363790 2969.2
1363800 2971.8
1363810 2974.6
1363820 2974.6
1363830 2976.8
1363840 2979.9
1363850 2979.9
1363860 2986.7
1363870 2997.1
1363880 2997.1
1363890 3006.8
1363900 3015.6
1363910 3015.6
1363920 3023.1
1363930 3029.8
1363940 3029.8
1363950 3037.0
1363960 3042.9
1363970 3042.9
1363980 3049.8
1363990 3058.6
1364000 3058.6
1364010 3066.4
1364020 3071.9
1364030 3076.8
1364040 3076.8
1364050 3081.2
1364060 3085.3
1364070 3085.3
1364080 3089.1
1364090 3092.6
1364100 3092.6
1364110 3095.8
1364120 3099.1
1364130 3099.1
1364140 3102.5
1364150 3106.2
1364160 3106.2
1364170 3110.1
1364180 3114.2
1364190 3114.2
1364200 3118.6
1364210 3123.1
1364220 3123.1
1364230 3127.7
1364240 3132.7
1364250 3138.1
1364260 3138.1
1364270 3143.8
1364280 3149.8
1364290 3149.8
1364300 3156.1
1364310 3162.7
1364320 3162.7
1364330 3169.6
1364340 3176.9
1364350 3176.9
1364360 3184.2
1364370 3191.6
1364380 3191.6
1364390 3199.0
1364400 3206.5
1364410 3206.5
1364420 3214.0
1364430 3221.4
1364440 3221.4
1364450 3228.7
1364460 3236.0
1364470 3243.5
1364480 3243.5
1364490 3251.1
1364500 3259.1
1364510 3259.1
1364520 3266.3
1364530 3272.9
1364540 3272.9
1364550 3277.9
1364560 3283.1
1364570 3283.1
1364580 3288.6
1364590 3293.7
1364600 3293.7
1364610 3298.5
1364620 3304.0
1364630 3304.0
1364640 3304.6
1364650 3296.8
1364660 3291.8
1364670 3291.8
1364680 3283.5
1364690 3271.4
1364700 3271.4
1364710 3260.7
1364720 3250.8
1364730 3250.8
1364740 3239.5
1364750 3231.8
1364760 3231.8
1364770 3227.3
1364780 3224.3
1364790 3224.3
1364800 3219.8
1364810 3216.9
1364820 3208.6
1364830 3208.0
1364840 3208.9
1364850 3208.9
1364860 3208.6
1364870 3203.6
1364880 3202.1
1364890 3202.1
1364900 3200.8
1364910 3192.8
1364920 3192.8
1364930 3182.5
1364940 3173.6
1364950 3173.6
1364960 3165.0
1364970 3150.8
1364980 3150.8
1364990 3128.5
1365000 3108.2
1365010 3108.2
1365020 3089.1
1365030 3074.3
1365040 3074.3
1365050 3061.9
1365060 3053.4
1365070 3053.4
1365080 3045.5
1365090 3038.4
1365100 3032.6
1365110 3032.6
1365120 3028.2
1365130 3024.8
1365140 3024.8
1365150 3022.3
1365160 3018.3
1365170 3018.3
1365180 3013.1
1365190 3009.0
1365200 3009.0
1365210 3006.4
1365220 3003.8
1365230 3003.8
1365240 3001.9
1365250 2999.7
1365260 2999.7
1365270 2998.7
1365280 2999.4
1365290 2999.4
1365300 3000.9
1365310 3002.9
1365320 3000.8
1365330 3000.8
1365340 2994.0
1365350 2984.0
1365360 2984.0
1365370 2970.3
1365380 2957.4
1365390 2957.4
1365400 2945.4
1365410 2940.3
1365420 2940.3
1365430 2934.9
1365440 2930.0
1365450 2930.0
1365460 2925.7
1365470 2923.0
1365480 2923.0
1365490 2920.9
1365500 2919.0
1365510 2916.9
1365520 2916.9
1365530 2914.2
1365540 2910.3
1365550 2910.3
1365560 2906.8
1365570 2903.4
1365580 2903.4
1365590 2900.5
1365600 2897.8
1365610 2897.8
1365620 2895.5
1365630 2893.5
1365640 2893.5
1365650 2892.3
1365660 2891.9
1365670 2891.9
1365680 2891.9
1365690 2890.5
1365700 2890.5
1365710 2888.6
1365720 2886.7
1365730 2883.9
1365740 2883.9
1365750 2880.2
1365760 2876.7
1365770 2876.7
1365780 2873.8
1365790 2872.2
1365800 2872.2
1365810 2871.0
1365820 2868.6
1365830 2868.6
1365840 2867.4
1365850 2866.9
1365860 2866.9
1365870 2866.9
1365880 2863.5
1365890 2863.5
1365900 2864.9
1365910 2864.7
1365920 2864.7
1365930 2862.8
1365940 2859.3
1365950 2856.7
1365960 2856.7
1365970 2854.7
1365980 2854.5
1365990 2854.5
1366000 2855.5
1366010 2856.0
1366020 2856.0
1366030 2858.0
1366040 2858.5
1366050 2858.5
1366060 2856.6
1366070 2855.6
1366080 2855.6
1366090 2854.8
1366100 2854.8
1366110 2854.8
1366120 2854.5
1366130 2853.8
1366140 2853.8
1366150 2853.7
1366160 2854.7
1366170 2853.3
1366180 2853.3
1366190 2850.7
1366200 2848.9
1366210 2848.9
1366220 2847.4
1366230 2846.6
1366240 2846.6
1366250 2845.6
1366260 2843.3
1366270 2843.3
1366280 2841.5
1366290 2839.9
1366300 2839.9
1366310 2838.2
1366320 2837.0
1366330 2837.0
1366340 2836.7
1366350 2834.1
1366360 2832.5
1366370 2832.5
1366380 2830.2
1366390 2827.8
1366400 2827.8
1366410 2826.2
1366420 2824.0
1366430 2824.0
1366440 2823.0
1366450 2820.0
1366460 2820.0
1366470 2816.1
1366480 2813.0
1366490 2813.0
1366500 2809.5
1366510 2808.6
1366520 2808.6
1366530 2807.1
1366540 2804.0
1366550 2804.0
1366560 2800.6
1366570 2797.7
1366580 2795.5
1366590 2795.5
1366600 2791.5
1366610 2790.2
1366620 2790.2
1366630 2789.8
1366640 2788.8
1366650 2788.8
1366660 2784.9
1366670 2782.1
1366680 2782.1
1366690 2778.6
1366700 2775.3
1366710 2775.3
1366720 2775.1
1366730 2775.8
1366740 2775.8
1366750 2775.1
1366760 2771.4
1366770 2771.4
1366780 2765.9
1366790 2760.9
1366800 2757.7
1366810 2757.7
1366820 2757.5
1366830 2757.9
1366840 2757.9
1366850 2756.3
1366860 2752.8
1366870 2752.8
1366880 2746.2
1366890 2738.5
1366900 2738.5
1366910 2730.8
1366920 2728.0
1366930 2728.0
1366940 2726.2
1366950 2724.6
1366960 2720.4
1366970 2720.3
1366980 2719.6
1366990 2719.6
1367000 2719.3
1367010 2713.7
1367020 2703.4
1367030 2703.4
1367040 2696.0
1367050 2692.6
1367060 2692.6
1367070 2692.7
1367080 2693.6
1367090 2693.6
1367100 2692.6
1367110 2691.5
1367120 2691.5
1367130 2689.1
1367140 2687.9
1367150 2687.9
1367160 2689.3
1367170 2691.2
1367180 2691.2
1367190 2689.3
1367200 2686.0
1367210 2684.9
1367220 2684.9
1367230 2685.1
1367240 2683.1
1367250 2683.1
1367260 2679.4
1367270 2674.6
1367280 2674.6
1367290 2671.3
1367300 2669.7
1367310 2669.7
1367320 2668.0
1367330 2666.9
1367340 2666.9
1367350 2666.1
1367360 2665.3
1367370 2665.3
1367380 2661.6
1367390 2659.5
1367400 2659.5
1367410 2661.5
1367420 2661.4
1367430 2655.9
1367440 2655.9
1367450 2653.1
1367460 2647.2
1367470 2647.2
1367480 2641.7
1367490 2637.1
1367500 2637.1
1367510 2626.5
1367520 2615.4
1367530 2615.4
1367540 2609.7
1367550 2605.3
1367560 2605.3
1367570 2599.9
1367580 2595.6
1367590 2595.6
1367600 2594.6
1367610 2597.4
1367620 2597.4
1367630 2603.0
1367640 2609.2
1367650 2612.9
1367660 2612.9
1367670 2615.5
1367680 2616.4
1367690 2616.4
1367700 2615.5
1367710 2613.3
1367720 2613.3
1367730 2612.0
1367740 2611.8
1367750 2611.8
1367760 2612.6
1367770 2614.2
1367780 2614.2
1367790 2614.8
1367800 2615.0
1367810 2615.0
1367820 2616.6
1367830 2620.3
1367840 2620.3
1367850 2624.9
1367860 2630.3
1367870 2636.5
1367880 2636.5
1367890 2643.4
1367900 2650.9
1367910 2650.9
1367920 2657.9
1367930 2664.6
1367940 2664.6
1367950 2671.0
1367960 2677.2
1367970 2677.2
1367980 2683.1
1367990 2683.4
1368000 2683.4
1368010 2682.6
1368020 2681.9
1368030 2681.9
1368040 2675.7
1368050 2679.2
1368060 2683.4
1368070 2683.4
1368080 2679.1
1368090 2670.5
1368100 2670.5
1368110 2661.9
1368120 2651.4
1368130 2651.4
1368140 2641.6
1368150 2632.2
1368160 2632.2
1368170 2623.7
1368180 2615.5
1368190 2615.5
1368200 2606.0
1368210 2596.7
1368220 2596.7
1368230 2587.4
1368240 2578.0
1368250 2578.0
1368260 2568.3
1368270 2556.7
1368280 2544.9
1368290 2544.9
1368300 2533.4
1368310 2519.7
1368320 2519.7
1368330 2506.4
1368340 2496.8
1368350 2496.8
1368360 2488.1
1368370 2479.1
1368380 2479.1
1368390 2471.0
1368400 2463.2
1368410 2463.2
1368420 2455.7
1368430 2448.7
1368440 2448.7
1368450 2442.5
1368460 2436.7
1368470 2436.7
1368480 2430.9
1368490 2424.9
1368500 2419.0
1368510 2419.0
1368520 2411.4
1368530 2399.9
1368540 2399.9
1368550 2390.2
1368560 2382.4
1368570 2382.4
1368580 2374.3
1368590 2366.7
1368600 2366.7
1368610 2359.6
1368620 2352.8
1368630 2352.8
1368640 2346.9
1368650 2340.0
1368660 2340.0
1368670 2332.7
1368680 2325.5
1368690 2325.5
1368700 2318.8
1368710 2311.3
1368720 2301.8
1368730 2301.8
1368740 2293.7
1368750 2284.3
1368760 2284.3
1368770 2272.3
1368780 2262.7
1368790 2262.7
1368800 2254.7
1368810 2249.4
1368820 2249.4
1368830 2245.6
1368840 2245.5
1368850 2245.5
1368860 2248.0
1368870 2249.4
1368880 2249.4
1368890 2247.0
1368900 2242.8
1368910 2242.8
1368920 2238.8
1368930 2234.1
1368940 2229.5
1368950 2229.5
1368960 2224.7
1368970 2220.3
1368980 2220.3
1368990 2215.6
1369000 2210.8
1369010 2210.8
1369020 2206.1
1369030 2200.4
1369040 2200.4
1369050 2195.0
1369060 2190.9
1369070 2190.9
1369080 2187.2
1369090 2183.9
1369100 2183.9
1369110 2181.9
1369120 2179.2
1369130 2174.2
1369140 2174.2
1369150 2171.3
1369160 2168.0
1369170 2168.0
1369180 2166.1
1369190 2162.1
1369200 2162.1
1369210 2155.6
1369220 2148.6
1369230 2148.6
1369240 2141.4
1369250 2135.2
1369260 2135.2
1369270 2129.8
1369280 2122.4
1369290 2122.4
1369300 2114.2
1369310 2106.4
1369320 2106.4
1369330 2098.8
1369340 2090.9
1369350 2084.3
1369360 2084.3
1369370 2078.7
1369380 2072.1
1369390 2072.1
1369400 2066.0
1369410 2059.8
1369420 2059.8
1369430 2053.0
1369440 2046.2
1369450 2046.2
1369460 2040.1
1369470 2034.6
1369480 2034.6
1369490 2029.9
1369500 2025.8
1369510 2025.8
1369520 2022.3
1369530 2018.9
1369540 2018.9
1369550 2012.4
1369560 2003.1
1369570 1991.3
1369580 1991.3
1369590 1982.2
1369600 1979.8
1369610 1979.8
1369620 1986.2
1369630 1993.6
1369640 1993.6
1369650 1996.8
1369660 1997.1
1369670 1997.1
1369680 1996.0
1369690 1995.4
1369700 1995.4
1369710 1996.0
1369720 1995.6
1369730 1995.6
1369740 1993.1
1369750 1995.7
1369760 1995.7
1369770 1999.1
1369780 1998.4
1369790 1999.2
1369800 1999.2
1369810 2001.4
1369820 2004.3
1369830 2004.3
1369840 2007.7
1369850 2012.1
1369860 2012.1
1369870 2016.4
1369880 2021.3
1369890 2021.3
1369900 2026.8
1369910 2032.2
1369920 2032.2
1369930 2037.7
1369940 2042.6
1369950 2042.6
1369960 2046.9
1369970 2052.5
1369980 2058.5
1369990 2058.5
1370000 2064.7
1370010 2070.4
1370020 2070.4
1370030 2076.8
1370040 2083.3
1370050 2083.3
1370060 2091.6
1370070 2101.0
1370080 2101.0
1370090 2108.3
1370100 2117.1
1370110 2117.1
1370120 2124.8
1370130 2129.8
1370140 2129.8
1370150 2135.4
1370160 2141.5
1370170 2141.5
1370180 2147.3
1370190 2153.1
1370200 2161.5
1370210 2161.5
1370220 2170.6
1370230 2173.9
1370240 2173.9
1370250 2181.0
1370260 2187.4
1370270 2187.4
1370280 2193.8
1370290 2200.5
1370300 2200.5
1370310 2204.8
1370320 2208.6
1370330 2208.6
1370340 2213.8
1370350 2218.4
1370360 2218.4
1370370 2222.8
1370380 2227.2
1370390 2227.2
1370400 2233.2
1370410 2239.0
1370420 2244.1
1370430 2244.1
1370440 2248.6
1370450 2252.3
1370460 2252.3
1370470 2256.5
1370480 2261.0
1370490 2261.0
1370500 2265.9
1370510 2272.7
1370520 2272.7
1370530 2277.0
1370540 2280.5
1370550 2280.5
1370560 2285.0
1370570 2288.9
1370580 2288.9
1370590 2292.6
1370600 2296.5
1370610 2296.5
1370620 2299.4
1370630 2303.5
1370640 2308.4
1370650 2308.4
1370660 2313.7
1370670 2318.8
1370680 2318.8
1370690 2323.6
1370700 2328.0
1370710 2328.0
1370720 2331.5
1370730 2336.0
1370740 2336.0
1370750 2341.6
1370760 2346.6
1370770 2346.6
1370780 2349.7
1370790 2350.8
1370800 2350.8
1370810 2355.4
1370820 2359.9
1370830 2364.1
1370840 2364.1
1370850 2367.3
1370860 2370.0
1370870 2370.0
1370880 2374.3
1370890 2379.4
1370900 2379.4
1370910 2384.2
1370920 2388.3
1370930 2388.3
1370940 2390.8
1370950 2394.8
1370960 2394.8
1370970 2398.4
1370980 2401.4
1370990 2401.4
1371000 2404.2
1371010 2406.8
1371020 2406.8
1371030 2409.9
1371040 2413.1
1371050 2415.7
1371060 2415.7
1371070 2418.4
1371080 2420.0
1371090 2420.0
1371100 2423.0
1371110 2427.0
1371120 2427.0
1371130 2431.2
1371140 2435.1
1371150 2435.1
1371160 2437.7
1371170 2441.0
1371180 2441.0
1371190 2445.1
1371200 2449.3
1371210 2449.3
1371220 2453.1
1371230 2457.6
1371240 2457.6
1371250 2462.6
1371260 2468.7
1371270 2475.1
1371280 2475.1
1371290 2481.9
1371300 2489.0
1371310 2489.0
1371320 2494.7
1371330 2499.4
1371340 2499.4
1371350 2504.4
1371360 2510.9
1371370 2510.9
1371380 2518.2
1371390 2526.6
1371400 2526.6
1371410 2533.8
1371420 2540.8
1371430 2540.8
1371440 2547.1
1371450 2552.9
1371460 2552.9
1371470 2558.3
1371480 2564.8
1371490 2572.3
1371500 2572.3
1371510 2582.6
1371520 2590.7
1371530 2590.7
1371540 2594.6
1371550 2588.7
1371560 2588.7
1371570 2581.0
1371580 2573.7
1371590 2573.7
1371600 2566.1
1371610 2558.8
1371620 2558.8
1371630 2550.6
1371640 2543.4
1371650 2543.4
1371660 2536.6
1371670 2529.3
1371680 2522.8
1371690 2522.8
1371700 2517.7
1371710 2505.7
1371720 2505.7
1371730 2493.5
1371740 2482.5
1371750 2482.5
1371760 2475.5
1371770 2470.3
1371780 2470.3
1371790 2465.6
1371800 2460.8
1371810 2460.8
1371820 2455.9
1371830 2450.4
1371840 2450.4
1371850 2443.6
1371860 2436.5
1371870 2436.5
1371880 2429.8
1371890 2424.2
1371900 2418.7
1371910 2418.7
1371920 2413.0
1371930 2407.0
1371940 2407.0
1371950 2401.3
1371960 2395.3
1371970 2395.3
1371980 2388.3
1371990 2380.3
1372000 2380.3
1372010 2372.1
1372020 2364.9
1372030 2364.9
1372040 2357.9
1372050 2351.7
1372060 2351.7
1372070 2345.5
1372080 2339.0
1372090 2339.0
1372100 2332.3
1372110 2325.0
1372120 2318.0
1372130 2318.0
1372140 2311.3
1372150 2304.1
1372160 2304.1
1372170 2297.0
1372180 2287.8
1372190 2287.8
1372200 2276.6
1372210 2267.3
1372220 2267.3
1372230 2257.1
1372240 2248.4
1372250 2248.4
1372260 2241.1
1372270 2235.2
1372280 2235.2
1372290 2230.5
1372300 2225.6
1372310 2225.6
1372320 2220.7
1372330 2215.2
1372340 2209.8
1372350 2209.8
1372360 2204.2
1372370 2199.1
1372380 2199.1
1372390 2194.4
1372400 2190.1
1372410 2190.1
1372420 2185.8
1372430 2181.7
1372440 2181.7
1372450 2177.3
1372460 2171.7
1372470 2173.3
1372480 2165.8
1372490 2157.0
1372500 2157.0
1372510 2147.2
1372520 2137.4
1372530 2128.6
1372540 2128.6
1372550 2120.1
1372560 2111.9
1372570 2111.9
1372580 2103.5
1372590 2092.6
1372600 2092.6
1372610 2074.9
1372620 2064.4
1372630 2064.4
1372640 2056.8
1372650 2049.8
1372660 2049.8
1372670 2042.9
1372680 2037.2
1372690 2037.2
1372700 2031.2
1372710 2024.8
1372720 2024.8
1372730 2018.2
1372740 2012.2
1372750 2007.4
1372760 2007.4
1372770 2003.0
1372780 1999.8
1372790 1999.8
1372800 1997.9
1372810 1996.1
1372820 1996.1
1372830 1994.9
1372840 1993.7
1372850 1993.7
1372860 1992.8
1372870 1990.8
1372880 1990.8
1372890 1986.6
1372900 1988.8
1372910 1988.8
1372920 1996.3
1372930 2000.8
1372940 2000.8
1372950 2003.6
1372960 2005.8
1372970 2010.0
1372980 2010.0
1372990 2016.6
1373000 2023.2
1373010 2023.2
1373020 2030.1
1373030 2037.2
1373040 2037.2
1373050 2045.8
1373060 2053.1
1373070 2053.1
1373080 2060.9
1373090 2069.1
1373100 2069.1
1373110 2077.2
1373120 2086.4
1373130 2086.4
1373140 2102.3
1373150 2123.9
1373160 2123.9
1373170 2137.9
1373180 2142.9
1373190 2146.8
1373200 2146.8
1373210 2148.7
1373220 2151.5
1373230 2151.5
1373240 2155.1
1373250 2160.6
1373260 2160.6
1373270 2166.4
1373280 2172.5
1373290 2172.5
1373300 2179.1
1373310 2186.3
1373320 2186.3
1373330 2195.3
1373340 2202.8
1373350 2202.8
1373360 2209.2
1373370 2216.9
1373380 2225.0
1373390 2225.0
1373400 2232.6
1373410 2240.3
1373420 2240.3
1373430 2248.1
1373440 2255.6
1373450 2255.6
1373460 2263.1
1373470 2270.6
1373480 2270.6
1373490 2278.1
1373500 2284.9
1373510 2284.9
1373520 2286.3
1373530 2284.4
1373540 2284.4
1373550 2285.0
1373560 2286.6
1373570 2286.6
1373580 2286.6
1373590 2284.7
1373600 2285.5
1373610 2282.2
1373620 2287.2
1373630 2293.7
1373640 2293.7
1373650 2298.6
1373660 2301.4
1373670 2301.4
1373680 2304.2
1373690 2307.9
1373700 2307.9
1373710 2312.9
1373720 2318.7
1373730 2318.7
1373740 2325.8
1373750 2333.4
1373760 2333.4
1373770 2340.1
1373780 2346.3
1373790 2346.3
1373800 2351.9
1373810 2357.6
1373820 2363.1
1373830 2363.1
1373840 2368.4
1373850 2374.1
1373860 2374.1
1373870 2380.4
1373880 2387.2
1373890 2387.2
1373900 2393.7
1373910 2400.2
1373920 2400.2
1373930 2407.2
1373940 2414.2
1373950 2414.2
1373960 2420.6
1373970 2426.8
1373980 2426.8
1373990 2435.4
1374000 2445.4
1374010 2445.4
1374020 2453.6
1374030 2462.4
1374040 2469.8
1374050 2469.8
1374060 2476.8
1374070 2483.7
1374080 2483.7
1374090 2491.2
1374100 2504.2
1374110 2504.2
1374120 2518.8
1374130 2532.9
1374140 2532.9
1374150 2542.9
1374160 2546.3
1374170 2546.3
1374180 2548.3
1374190 2551.6
1374200 2551.6
1374210 2555.3
1374220 2558.0
1374230 2561.8
1374240 2561.8
1374250 2566.5
1374260 2571.5
1374270 2571.5
1374280 2575.8
1374290 2580.8
1374300 2580.8
1374310 2587.1
1374320 2591.0
1374330 2591.0
1374340 2596.1
1374350 2602.0
1374360 2602.0
1374370 2608.3
1374380 2614.3
1374390 2614.3
1374400 2619.9
1374410 2625.6
1374420 2625.6
1374430 2631.3
1374440 2637.7
1374450 2643.3
1374460 2643.3
1374470 2649.6
1374480 2656.3
1374490 2656.3
1374500 2662.8
1374510 2669.7
1374520 2669.7
1374530 2677.1
1374540 2685.0
1374550 2685.0
1374560 2693.4
1374570 2701.3
1374580 2701.3
1374590 2708.7
1374600 2716.1
1374610 2716.1
1374620 2724.7
1374630 2733.0
1374640 2733.0
1374650 2739.4
1374660 2746.2
1374670 2749.8
1374680 2749.8
1374690 2749.6
1374700 2753.1
1374710 2753.1
1374720 2757.7
1374730 2761.6
1374740 2761.6
1374750 2773.4
1374760 2778.5
1374770 2778.5
1374780 2784.3
1374790 2791.1
1374800 2791.1
1374810 2799.2
1374820 2808.7
1374830 2808.7
1374840 2816.0
1374850 2823.2
1374860 2823.2
1374870 2831.9
1374880 2841.0
1374890 2849.4
1374900 2849.4
1374910 2857.1
1374920 2866.5
1374930 2866.5
1374940 2876.2
1374950 2883.1
1374960 2883.1
1374970 2887.5
1374980 2891.2
1374990 2891.2
1375000 2893.7
1375010 2896.1
1375020 2896.1
1375030 2898.8
1375040 2903.6
1375050 2903.6
1375060 2908.9
1375070 2910.6
1375080 2913.4
1375090 2913.4
1375100 2916.9
1375110 2920.5
1375120 2920.5
1375130 2923.4
1375140 2926.1
1375150 2926.1
1375160 2930.3
1375170 2935.3
1375180 2935.3
1375190 2940.1
1375200 2944.8
1375210 2944.8
1375220 2944.4
1375230 2944.4
1375240 2944.4
1375250 2947.4
1375260 2954.7
1375270 2954.7
1375280 2960.5
1375290 2958.5
1375300 2949.6
1375310 2949.6
1375320 2940.2
1375330 2930.8
1375340 2930.8
1375350 2927.9
1375360 2925.2
1375370 2925.2
1375380 2922.6
1375390 2922.2
1375400 2922.2
1375410 2924.7
1375420 2931.8
1375430 2931.8
1375440 2939.3
1375450 2947.7
1375460 2947.7
1375470 2958.3
1375480 2972.7
1375490 2972.7
1375500 2989.2
1375510 3001.2
1375520 3014.2
1375530 3014.2
1375540 3018.6
1375550 3019.7
1375560 3019.7
1375570 3020.1
1375580 3020.5
1375590 3020.5
1375600 3021.2
1375610 3021.9
1375620 3021.9
1375630 3022.7
1375640 3023.3
1375650 3023.3
1375660 3023.2
1375670 3023.6
1375680 3023.6
1375690 3024.5
1375700 3025.9
1375710 3025.9
1375720 3027.8
1375730 3031.1
1375740 3034.6
1375750 3034.6
1375760 3037.3
1375770 3039.8
1375780 3039.8
1375790 3042.7
1375800 3044.9
1375810 3044.9
1375820 3047.7
1375830 3051.0
1375840 3051.0
1375850 3053.7
1375860 3051.9
1375870 3051.9
1375880 3047.1
1375890 3039.4
1375900 3039.4
1375910 3044.3
1375920 3030.1
1375930 3018.8
1375940 3018.8
1375950 3009.0
1375960 3004.8
1375970 3004.8
1375980 2994.7
1375990 2981.7
1376000 2981.7
1376010 2969.6
1376020 2950.5
1376030 2950.5
1376040 2934.5
1376050 2926.2
1376060 2926.2
1376070 2916.4
1376080 2908.1
1376090 2908.1
1376100 2901.1
1376110 2893.9
1376120 2893.9
1376130 2886.8
1376140 2880.0
1376150 2873.3
1376160 2873.3
1376170 2866.5
1376180 2860.0
1376190 2860.0
1376200 2853.4
1376210 2846.1
1376220 2846.1
1376230 2838.9
1376240 2832.2
1376250 2832.2
1376260 2825.9
1376270 2819.7
1376280 2819.7
1376290 2813.8
1376300 2808.1
1376310 2808.1
1376320 2802.8
1376330 2797.9
1376340 2797.9
1376350 2793.1
1376360 2788.6
1376370 2784.4
1376380 2784.4
1376390 2780.8
1376400 2778.4
1376410 2778.4
1376420 2776.7
1376430 2776.2
1376440 2776.2
1376450 2777.0
1376460 2779.9
1376470 2779.9
1376480 2786.0
1376490 2790.7
1376500 2790.7
1376510 2797.3
1376520 2805.5
1376530 2805.5
1376540 2812.9
1376550 2824.4
1376560 2824.4
1376570 2832.2
1376580 2828.6
1376590 2822.0
1376600 2822.0
1376610 2815.2
1376620 2808.6
1376630 2808.6
1376640 2802.0
1376650 2795.4
1376660 2795.4
1376670 2788.7
1376680 2782.1
1376690 2782.1
1376700 2775.2
1376710 2768.0
1376720 2768.0
1376730 2760.1
1376740 2750.0
1376750 2750.0
1376760 2730.7
1376770 2708.7
1376780 2688.7
1376790 2688.7
1376800 2678.0
1376810 2670.7
1376820 2670.7
1376830 2664.3
1376840 2659.5
1376850 2659.5
1376860 2654.1
1376870 2646.8
1376880 2646.8
1376890 2639.6
1376900 2635.7
1376910 2635.7
1376920 2632.7
1376930 2627.8
1376940 2627.8
1376950 2622.9
1376960 2618.6
1376970 2618.6
1376980 2615.1
1376990 2612.1
1377000 2610.6
1377010 2610.6
1377020 2608.1
1377030 2604.0
1377040 2604.0
1377050 2600.5
1377060 2595.5
1377070 2595.5
1377080 2590.8
1377090 2585.3
1377100 2585.3
1377110 2582.9
1377120 2580.4
1377130 2580.4
1377140 2579.6
1377150 2580.0
1377160 2580.0
1377170 2579.9
1377180 2578.3
1377190 2578.3
1377200 2575.7
1377210 2572.0
1377220 2568.8
1377230 2568.8
1377240 2565.0
1377250 2560.7
1377260 2560.7
1377270 2556.3
1377280 2552.2
1377290 2552.2
1377300 2547.1
1377310 2541.8
1377320 2541.8
1377330 2536.6
1377340 2532.4
1377350 2532.4
1377360 2529.4
1377370 2527.8
1377380 2527.8
1377390 2525.6
1377400 2521.5
1377410 2521.5
1377420 2516.8
1377430 2512.1
1377440 2506.4
1377450 2506.4
1377460 2499.9
1377470 2494.2
1377480 2494.2
1377490 2486.9
1377500 2479.0
1377510 2479.0
1377520 2474.1
1377530 2468.0
1377540 2468.0
1377550 2459.4
1377560 2451.3
1377570 2451.3
1377580 2442.9
1377590 2434.8
1377600 2434.8
1377610 2424.4
1377620 2410.9
1377630 2399.5
1377640 2399.5
1377650 2389.8
1377660 2380.6
1377670 2380.6
1377680 2373.3
1377690 2366.1
1377700 2366.1
1377710 2358.7
1377720 2351.3
1377730 2351.3
1377740 2343.9
1377750 2336.4
1377760 2336.4
1377770 2328.8
1377780 2320.2
1377790 2320.2
1377800 2313.4
1377810 2305.5
1377820 2305.5
1377830 2296.4
1377840 2285.0
1377850 2273.9
1377860 2273.9
1377870 2265.4
1377880 2258.8
1377890 2258.8
1377900 2253.2
1377910 2247.7
1377920 2247.7
1377930 2242.3
1377940 2237.1
1377950 2237.1
1377960 2232.9
1377970 2229.2
1377980 2229.2
1377990 2226.1
1378000 2223.4
1378010 2223.4
1378020 2218.8
1378030 2216.3
1378040 2216.3
1378050 2217.7
1378060 2221.2
1378070 2220.5
1378080 2220.5
1378090 2214.7
1378100 2210.3
1378110 2210.3
1378120 2208.6
1378130 2206.2
1378140 2206.2
1378150 2203.7
1378160 2206.0
1378170 2206.0
1378180 2209.8
1378190 2210.0
1378200 2210.0
1378210 2208.6
1378220 2209.6
1378230 2209.6
1378240 2211.7
1378250 2213.7
1378260 2213.7
1378270 2214.2
1378280 2218.9
1378290 2222.3
1378300 2222.3
1378310 2224.5
1378320 2228.0
1378330 2228.0
1378340 2232.8
1378350 2239.3
1378360 2239.3
1378370 2247.5
1378380 2255.3
1378390 2255.3
1378400 2262.7
1378410 2271.0
1378420 2271.0
1378430 2279.0
1378440 2286.0
1378450 2286.0
1378460 2293.7
1378470 2300.7
1378480 2308.3
1378490 2308.3
1378500 2317.3
1378510 2324.5
1378520 2324.5
1378530 2331.3
1378540 2338.8
1378550 2338.8
1378560 2347.6
1378570 2355.7
1378580 2355.7
1378590 2360.6
1378600 2365.5
1378610 2365.5
1378620 2369.7
1378630 2373.9
1378640 2373.9
1378650 2376.1
1378660 2378.3
1378670 2378.3
1378680 2380.4
1378690 2382.6
1378700 2386.1
1378710 2386.1
1378720 2388.5
1378730 2390.3
1378740 2390.3
1378750 2393.8
1378760 2399.1
1378770 2399.1
1378780 2404.3
1378790 2408.9
1378800 2408.9
1378810 2413.0
1378820 2416.5
1378830 2416.5
1378840 2420.2
1378850 2425.8
1378860 2425.8
1378870 2432.3
1378880 2440.4
1378890 2440.4
1378900 2448.4
1378910 2457.3
1378920 2467.2
1378930 2467.2
1378940 2474.6
1378950 2480.8
1378960 2480.8
1378970 2486.6
1378980 2491.6
1378990 2491.6
1379000 2497.8
1379010 2505.3
1379020 2505.3
1379030 2513.4
1379040 2521.7
1379050 2521.7
1379060 2525.2
1379070 2530.6
1379080 2530.6
1379090 2534.8
1379100 2536.1
1379110 2536.1
1379120 2538.1
1379130 2541.7
1379140 2546.4
1379150 2546.4
1379160 2550.6
1379170 2552.9
1379180 2552.9
1379190 2554.2
1379200 2555.9
1379210 2555.9
1379220 2556.5
1379230 2560.2
1379240 2560.2
1379250 2567.4
1379260 2573.1
1379270 2573.1
1379280 2576.8
1379290 2580.6
1379300 2580.6
1379310 2589.9
1379320 2597.7
1379330 2597.7
1379340 2600.1
1379350 2602.1
1379360 2604.2
1379370 2604.2
1379380 2604.4
1379390 2607.5
1379400 2607.5
1379410 2609.6
1379420 2610.8
1379430 2610.8
1379440 2612.1
1379450 2615.6
1379460 2615.6
1379470 2612.9
1379480 2617.8
1379490 2617.8
1379500 2622.1
1379510 2626.6
1379520 2626.6
1379530 2630.5
1379540 2633.7
1379550 2636.1
1379560 2636.1
1379570 2638.8
1379580 2643.6
1379590 2643.6
1379600 2658.4
1379610 2671.2
1379620 2671.2
1379630 2670.6
1379640 2676.6
1379650 2676.6
1379660 2678.5
1379670 2683.8
1379680 2683.8
1379690 2685.2
1379700 2688.6
1379710 2688.6
1379720 2696.8
1379730 2701.1
1379740 2701.1
1379750 2704.1
1379760 2707.9
1379770 2710.6
1379780 2710.6
1379790 2712.0
1379800 2714.0
1379810 2714.0
1379820 2717.7
1379830 2721.4
1379840 2721.4
1379850 2725.2
1379860 2729.2
1379870 2729.2
1379880 2732.7
1379890 2735.9
1379900 2735.9
1379910 2740.3
1379920 2744.9
1379930 2744.9
1379940 2748.9
1379950 2752.3
1379960 2752.3
1379970 2755.6
1379980 2758.9
1379990 2762.6
