1360000 2816.3
1360010 2819.8
1360020 2819.8
1360030 2822.8
1360040 2826.7
1360050 2826.7
1360060 2831.3
1360070 2831.2
1360080 2831.2
1360090 2827.2
1360100 2828.2
1360110 2828.2
1360120 2809.6
1360130 2796.9
1360140 2796.9
1360150 2793.9
1360160 2794.0
1360170 2794.0
1360180 2792.8
1360190 2789.5
1360200 2785.4
1360210 2785.4
1360220 2780.7
1360230 2776.0
1360240 2776.0
1360250 2767.2
1360260 2765.3
1360270 2765.3
1360280 2768.1
1360290 2769.5
1360300 2769.5
1360310 2770.5
1360320 2770.5
1360330 2770.5
1360340 2770.7
1360350 2773.0
1360360 2773.0
1360370 2776.1
1360380 2779.0
1360390 2781.6
1360400 2781.6
1360410 2783.8
1360420 2786.1
1360430 2786.1
1360440 2788.3
1360450 2789.7
1360460 2789.7
1360470 2789.0
1360480 2790.6
1360490 2790.6
1360500 2788.1
1360510 2786.8
1360520 2786.8
1360530 2789.0
1360540 2793.2
1360550 2793.2
1360560 2799.2
1360570 2811.1
1360580 2811.1
1360590 2817.9
1360600 2824.6
1360610 2831.2
1360620 2831.2
1360630 2837.6
1360640 2843.6
1360650 2843.6
1360660 2849.3
1360670 2854.6
1360680 2854.6
1360690 2859.7
1360700 2864.8
1360710 2864.8
1360720 2870.0
1360730 2875.4
1360740 2875.4
1360750 2880.6
1360760 2886.0
1360770 2886.0
1360780 2891.4
1360790 2897.2
1360800 2897.2
1360810 2903.0
1360820 2908.8
1360830 2914.6
1360840 2914.6
1360850 2920.4
1360860 2926.2
1360870 2926.2
1360880 2932.1
1360890 2938.0
1360900 2938.0
1360910 2945.6
1360920 2954.8
1360930 2954.8
1360940 2964.9
1360950 2974.9
1360960 2974.9
1360970 2985.1
1360980 2996.0
1360990 2996.0
1361000 3012.4
1361010 3030.1
1361020 3030.1
1361030 3041.2
1361040 3052.0
1361050 3062.0
1361060 3062.0
1361070 3073.9
1361080 3086.8
1361090 3086.8
1361100 3095.8
1361110 3102.3
1361120 3102.3
1361130 3108.8
1361140 3116.3
1361150 3116.3
1361160 3123.1
1361170 3129.5
1361180 3129.5
1361190 3135.8
1361200 3142.7
1361210 3142.7
1361220 3150.0
1361230 3156.8
1361240 3156.8
1361250 3163.5
1361260 3170.1
1361270 3177.0
1361280 3177.0
1361290 3184.9
1361300 3194.6
1361310 3194.6
1361320 3204.6
1361330 3213.6
1361340 3213.6
1361350 3212.6
1361360 3205.6
1361370 3205.6
1361380 3198.4
1361390 3186.7
1361400 3186.7
1361410 3172.4
1361420 3163.7
1361430 3163.7
1361440 3157.3
1361450 3151.7
1361460 3151.7
1361470 3146.9
1361480 3142.2
1361490 3137.6
1361500 3137.6
1361510 3132.7
1361520 3128.2
1361530 3128.2
1361540 3124.1
1361550 3120.1
1361560 3120.1
1361570 3116.4
1361580 3112.6
1361590 3109.8
1361600 3106.6
1361610 3103.8
1361620 3103.8
1361630 3101.7
1361640 3100.4
1361650 3100.4
1361660 3099.7
1361670 3100.0
1361680 3100.0
1361690 3100.4
1361700 3100.7
1361710 3100.7
1361720 3100.7
1361730 3100.0
1361740 3098.5
1361750 3098.5
1361760 3096.5
1361770 3094.7
1361780 3094.7
1361790 3092.5
1361800 3089.6
1361810 3089.6
1361820 3086.2
1361830 3083.6
1361840 3083.6
1361850 3082.4
1361860 3082.9
1361870 3082.9
1361880 3084.9
1361890 3087.3
1361900 3089.6
1361910 3089.6
1361920 3091.7
1361930 3093.6
1361940 3093.6
1361950 3095.3
1361960 3096.7
1361970 3096.7
1361980 3097.8
1361990 3098.7
1362000 3098.7
1362010 3099.3
1362020 3099.4
1362030 3099.4
1362040 3099.9
1362050 3100.9
1362060 3100.9
1362070 3102.4
1362080 3104.1
1362090 3104.1
1362100 3106.3
1362110 3108.6
1362120 3109.4
1362130 3109.4
1362140 3108.8
1362150 3107.3
1362160 3107.3
1362170 3105.2
1362180 3102.5
1362190 3102.5
1362200 3099.6
1362210 3097.0
1362220 3097.0
1362230 3094.6
1362240 3091.3
1362250 3091.3
1362260 3086.2
1362270 3080.8
1362280 3080.8
1362290 3079.0
1362300 3079.0
1362310 3079.0
1362320 3079.6
1362330 3079.9
1362340 3081.0
1362350 3081.0
1362360 3082.5
1362370 3083.4
1362380 3083.4
1362390 3083.6
1362400 3083.5
1362410 3083.5
1362420 3083.1
1362430 3081.9
1362440 3081.9
1362450 3076.7
1362460 3077.6
1362470 3077.6
1362480 3077.2
1362490 3076.6
1362500 3076.6
1362510 3077.4
1362520 3078.3
1362530 3078.3
1362540 3080.4
1362550 3080.7
1362560 3078.2
1362570 3078.2
1362580 3077.7
1362590 3077.8
1362600 3077.8
1362610 3075.6
1362620 3073.0
1362630 3067.1
1362640 3064.2
1362650 3061.5
1362660 3061.5
1362670 3058.9
1362680 3056.0
1362690 3056.0
1362700 3053.2
1362710 3050.8
1362720 3050.8
1362730 3049.7
1362740 3050.2
1362750 3050.2
1362760 3051.4
1362770 3051.9
1362780 3051.5
1362790 3051.5
1362800 3050.5
1362810 3049.4
1362820 3049.4
1362830 3049.0
1362840 3049.5
1362850 3049.5
1362860 3050.4
1362870 3050.9
1362880 3050.9
1362890 3050.9
1362900 3050.4
1362910 3050.4
1362920 3050.0
1362930 3050.7
1362940 3050.7
1362950 3050.8
1362960 3051.1
1362970 3051.1
1362980 3052.0
1362990 3053.5
1363000 3056.4
1363010 3056.4
1363020 3061.4
1363030 3067.3
1363040 3067.3
1363050 3071.4
1363060 3073.3
1363070 3073.3
1363080 3078.8
1363090 3083.8
1363100 3083.8
1363110 3086.1
1363120 3087.2
1363130 3087.2
1363140 3085.2
1363150 3083.6
1363160 3083.6
1363170 3084.0
1363180 3083.9
1363190 3085.3
1363200 3085.3
1363210 3092.2
1363220 3098.4
1363230 3098.4
1363240 3100.4
1363250 3101.3
1363260 3101.3
1363270 3101.5
1363280 3097.4
1363290 3097.4
1363300 3091.5
1363310 3097.8
1363320 3097.8
1363330 3102.0
1363340 3103.2
1363350 3103.2
1363360 3104.8
1363370 3106.5
1363380 3106.5
1363390 3108.1
1363400 3109.8
1363410 3111.4
1363420 3111.4
1363430 3111.9
1363440 3112.1
1363450 3112.1
1363460 3113.3
1363470 3116.2
1363480 3116.2
1363490 3121.1
1363500 3123.3
1363510 3123.3
1363520 3124.3
1363530 3125.6
1363540 3125.6
1363550 3127.2
1363560 3128.3
1363570 3128.3
1363580 3129.2
1363590 3130.0
1363600 3130.0
1363610 3130.8
1363620 3131.6
1363630 3132.7
1363640 3132.7
1363650 3133.9
1363660 3135.2
1363670 3134.8
1363680 3135.8
1363690 3135.9
1363700 3135.9
1363710 3135.7
1363720 3135.7
1363730 3135.7
1363740 3136.8
1363750 3136.8
1363760 3136.8
1363770 3135.0
1363780 3135.9
1363790 3135.9
1363800 3134.6
1363810 3136.4
1363820 3136.4
1363830 3137.5
1363840 3137.3
1363850 3138.3
1363860 3138.3
1363870 3140.1
1363880 3141.8
1363890 3141.8
1363900 3142.7
1363910 3143.6
1363920 3143.6
1363930 3145.1
1363940 3147.1
1363950 3147.1
1363960 3149.1
1363970 3151.0
1363980 3151.0
1363990 3153.0
1364000 3155.3
1364010 3155.3
1364020 3157.6
1364030 3160.0
1364040 3160.0
1364050 3162.8
1364060 3165.6
1364070 3168.2
1364080 3168.2
1364090 3170.7
1364100 3172.9
1364110 3172.9
1364120 3175.0
1364130 3177.1
1364140 3177.1
1364150 3179.2
1364160 3181.3
1364170 3181.3
1364180 3183.3
1364190 3185.0
1364200 3185.0
1364210 3186.5
1364220 3187.8
1364230 3187.8
1364240 3188.8
1364250 3189.7
1364260 3189.7
1364270 3190.9
1364280 3192.4
1364290 3194.7
1364300 3194.7
1364310 3197.2
1364320 3199.7
1364330 3199.7
1364340 3202.4
1364350 3205.2
1364360 3205.2
1364370 3208.3
1364380 3211.5
1364390 3211.5
1364400 3214.8
1364410 3218.2
1364420 3218.2
1364430 3221.7
1364440 3225.2
1364450 3225.2
1364460 3228.7
1364470 3232.4
1364480 3232.4
1364490 3236.0
1364500 3239.6
1364510 3243.1
1364520 3243.1
1364530 3246.5
1364540 3249.9
1364550 3249.9
1364560 3253.3
1364570 3256.6
1364580 3256.6
1364590 3259.9
1364600 3263.3
1364610 3263.3
1364620 3266.6
1364630 3270.0
1364640 3270.0
1364650 3273.5
1364660 3277.1
1364670 3277.1
1364680 3281.0
1364690 3285.9
1364700 3290.8
1364710 3290.8
1364720 3288.7
1364730 3270.4
1364740 3270.4
1364750 3256.0
1364760 3259.2
1364770 3259.2
1364780 3262.2
1364790 3260.6
1364800 3260.6
1364810 3247.6
1364820 3238.6
1364830 3238.6
1364840 3226.6
1364850 3212.9
1364860 3212.9
1364870 3197.1
1364880 3179.5
1364890 3179.5
1364900 3161.4
1364910 3138.9
1364920 3120.8
1364930 3120.8
1364940 3116.8
1364950 3111.1
1364960 3111.1
1364970 3101.8
1364980 3101.4
1364990 3101.4
1365000 3099.6
1365010 3080.6
1365020 3080.6
1365030 3056.0
1365040 3027.7
1365050 3027.7
1365060 3007.9
1365070 2992.9
1365080 2992.9
1365090 2982.3
1365100 2974.9
1365110 2974.9
1365120 2969.5
1365130 2966.0
1365140 2962.9
1365150 2962.9
1365160 2959.6
1365170 2956.2
1365180 2956.2
1365190 2953.1
1365200 2949.9
1365210 2949.9
1365220 2946.7
1365230 2943.2
1365240 2943.2
1365250 2937.0
1365260 2936.2
1365270 2936.2
1365280 2933.2
1365290 2929.7
1365300 2929.7
1365310 2926.8
1365320 2923.3
1365330 2923.3
1365340 2920.4
1365350 2914.5
1365360 2912.2
1365370 2912.2
1365380 2908.7
1365390 2905.2
1365400 2905.2
1365410 2900.7
1365420 2897.6
1365430 2897.6
1365440 2894.1
1365450 2889.7
1365460 2889.7
1365470 2883.7
1365480 2879.8
1365490 2879.8
1365500 2874.3
1365510 2869.4
1365520 2869.4
1365530 2864.7
1365540 2858.2
1365550 2858.2
1365560 2851.8
1365570 2846.9
1365580 2842.0
1365590 2842.0
1365600 2837.2
1365610 2832.3
1365620 2832.3
1365630 2827.5
1365640 2822.6
1365650 2822.6
1365660 2817.8
1365670 2813.0
1365680 2813.0
1365690 2808.1
1365700 2803.0
1365710 2803.0
1365720 2797.9
1365730 2792.8
1365740 2792.8
1365750 2788.1
1365760 2784.8
1365770 2784.8
1365780 2782.1
1365790 2776.1
1365800 2772.9
1365810 2772.9
1365820 2770.0
1365830 2766.7
1365840 2766.7
1365850 2762.5
1365860 2758.7
1365870 2758.7
1365880 2755.3
1365890 2752.4
1365900 2752.4
1365910 2749.3
1365920 2745.4
1365930 2745.4
1365940 2742.2
1365950 2738.9
1365960 2738.9
1365970 2735.9
1365980 2732.8
1365990 2728.6
1366000 2728.6
1366010 2721.9
1366020 2715.0
1366030 2715.0
1366040 2708.8
1366050 2703.3
1366060 2703.3
1366070 2697.8
1366080 2692.8
1366090 2692.8
1366100 2688.3
1366110 2684.8
1366120 2684.8
1366130 2681.8
1366140 2679.3
1366150 2679.3
1366160 2678.2
1366170 2677.5
1366180 2677.5
1366190 2676.6
1366200 2676.3
1366210 2674.8
1366220 2674.8
1366230 2670.0
1366240 2665.4
1366250 2665.4
1366260 2660.3
1366270 2651.9
1366280 2651.9
1366290 2641.8
1366300 2633.0
1366310 2633.0
1366320 2625.2
1366330 2615.8
1366340 2615.8
1366350 2608.4
1366360 2603.1
1366370 2603.1
1366380 2596.9
1366390 2589.5
1366400 2589.5
1366410 2582.9
1366420 2577.0
1366430 2572.6
1366440 2572.6
1366450 2569.8
1366460 2567.8
1366470 2567.8
1366480 2566.1
1366490 2564.7
1366500 2564.7
1366510 2563.6
1366520 2562.7
1366530 2562.7
1366540 2562.6
1366550 2563.2
1366560 2563.2
1366570 2563.7
1366580 2564.1
1366590 2564.1
1366600 2564.7
1366610 2565.1
1366620 2565.1
1366630 2565.5
1366640 2565.9
1366650 2566.5
1366660 2566.5
1366670 2566.5
1366680 2565.8
1366690 2565.8
1366700 2565.7
1366710 2566.3
1366720 2566.3
1366730 2567.1
1366740 2567.6
1366750 2567.6
1366760 2568.4
1366770 2569.7
1366780 2569.7
1366790 2571.6
1366800 2575.0
1366810 2575.0
1366820 2580.7
1366830 2587.4
1366840 2587.4
1366850 2595.0
1366860 2602.2
1366870 2609.5
1366880 2609.5
1366890 2615.5
1366900 2622.2
1366910 2622.2
1366920 2629.6
1366930 2636.0
1366940 2636.0
1366950 2641.6
1366960 2647.9
1366970 2647.9
1366980 2654.4
1366990 2658.1
1367000 2658.1
1367010 2660.0
1367020 2663.2
1367030 2663.2
1367040 2665.7
1367050 2667.7
1367060 2667.7
1367070 2668.5
1367080 2670.1
1367090 2672.0
1367100 2672.0
1367110 2674.0
1367120 2674.4
1367130 2674.4
1367140 2674.8
1367150 2674.8
1367160 2674.8
1367170 2674.6
1367180 2674.0
1367190 2674.0
1367200 2672.9
1367210 2671.0
1367220 2671.0
1367230 2665.9
1367240 2662.1
1367250 2662.1
1367260 2660.2
1367270 2658.8
1367280 2658.8
1367290 2658.7
1367300 2657.0
1367310 2653.2
1367320 2653.2
1367330 2648.6
1367340 2642.1
1367350 2642.1
1367360 2637.5
1367370 2631.0
1367380 2631.0
1367390 2622.4
1367400 2614.2
1367410 2614.2
1367420 2608.9
1367430 2607.2
1367440 2607.2
1367450 2606.6
1367460 2608.0
1367470 2608.0
1367480 2606.4
1367490 2603.0
1367500 2598.5
1367510 2598.5
1367520 2589.7
1367530 2583.8
1367540 2583.8
1367550 2575.8
1367560 2570.0
1367570 2570.0
1367580 2568.5
1367590 2562.6
1367600 2562.6
1367610 2558.6
1367620 2557.5
1367630 2557.5
1367640 2557.7
1367650 2560.0
1367660 2560.0
1367670 2561.1
1367680 2558.7
1367690 2558.7
1367700 2552.1
1367710 2542.9
1367720 2537.6
1367730 2537.6
1367740 2536.4
1367750 2529.8
1367760 2529.8
1367770 2516.9
1367780 2504.8
1367790 2504.8
1367800 2492.1
1367810 2481.3
1367820 2481.3
1367830 2466.6
1367840 2452.0
1367850 2452.0
1367860 2438.2
1367870 2421.9
1367880 2421.9
1367890 2407.3
1367900 2397.6
1367910 2397.6
1367920 2390.3
1367930 2382.2
1367940 2374.7
1367950 2374.7
1367960 2366.8
1367970 2359.1
1367980 2359.1
1367990 2350.5
1368000 2342.8
1368010 2342.8
1368020 2335.3
1368030 2327.8
1368040 2327.8
1368050 2320.6
1368060 2313.7
1368070 2313.7
1368080 2307.6
1368090 2301.4
1368100 2301.4
1368110 2295.9
1368120 2290.3
1368130 2290.3
1368140 2284.3
1368150 2279.8
1368160 2277.4
1368170 2277.4
1368180 2276.1
1368190 2274.9
1368200 2274.9
1368210 2274.0
1368220 2273.6
1368230 2273.6
1368240 2273.4
1368250 2273.4
1368260 2273.4
1368270 2273.7
1368280 2273.5
1368290 2273.5
1368300 2273.6
1368310 2273.5
1368320 2273.5
1368330 2273.8
1368340 2274.3
1368350 2274.3
1368360 2274.3
1368370 2274.4
1368380 2274.2
1368390 2274.2
1368400 2273.7
1368410 2273.8
1368420 2273.8
1368430 2274.0
1368440 2274.5
1368450 2274.5
1368460 2276.3
1368470 2278.4
1368480 2278.4
1368490 2280.1
1368500 2283.3
1368510 2283.3
1368520 2285.6
1368530 2288.0
1368540 2288.0
1368550 2290.5
1368560 2294.2
1368570 2294.2
1368580 2296.7
1368590 2298.9
1368600 2300.8
1368610 2300.8
1368620 2302.1
1368630 2303.8
1368640 2303.8
1368650 2307.9
1368660 2307.4
1368670 2307.4
1368680 2305.3
1368690 2304.0
1368700 2304.0
1368710 2304.6
1368720 2304.2
1368730 2304.2
1368740 2302.5
1368750 2301.6
1368760 2301.6
1368770 2300.4
1368780 2299.4
1368790 2298.4
1368800 2298.4
1368810 2297.7
1368820 2298.0
1368830 2298.0
1368840 2298.2
1368850 2298.3
1368860 2298.3
1368870 2296.9
1368880 2293.0
1368890 2293.0
1368900 2289.3
1368910 2287.5
1368920 2287.5
1368930 2286.8
1368940 2286.4
1368950 2286.4
1368960 2286.5
1368970 2286.1
1368980 2286.1
1368990 2287.0
1369000 2289.5
1369010 2289.7
1369020 2289.7
1369030 2288.3
1369040 2292.3
1369050 2292.3
1369060 2295.0
1369070 2299.6
1369080 2299.6
1369090 2305.6
1369100 2309.0
1369110 2309.0
1369120 2312.9
1369130 2318.4
1369140 2318.4
1369150 2324.5
1369160 2329.1
1369170 2329.1
1369180 2335.6
1369190 2342.9
1369200 2342.9
1369210 2349.5
1369220 2354.9
1369230 2360.5
1369240 2360.5
1369250 2367.3
1369260 2374.6
1369270 2374.6
1369280 2382.2
1369290 2388.1
1369300 2388.1
1369310 2393.3
1369320 2396.6
1369330 2396.6
1369340 2399.8
1369350 2403.6
1369360 2403.6
1369370 2405.2
1369380 2407.2
1369390 2407.2
1369400 2410.3
1369410 2415.4
1369420 2415.4
1369430 2420.8
1369440 2425.6
1369450 2429.2
1369460 2429.2
1369470 2433.8
1369480 2439.6
1369490 2439.6
1369500 2446.5
1369510 2453.7
1369520 2453.7
1369530 2459.3
1369540 2465.2
1369550 2465.2
1369560 2472.1
1369570 2476.8
1369580 2476.8
1369590 2480.0
1369600 2483.2
1369610 2483.2
1369620 2484.0
1369630 2485.1
1369640 2485.1
1369650 2486.3
1369660 2489.5
1369670 2493.2
1369680 2493.2
1369690 2494.4
1369700 2497.0
1369710 2497.0
1369720 2500.7
1369730 2503.9
1369740 2503.9
1369750 2507.3
1369760 2510.9
1369770 2510.9
1369780 2514.3
1369790 2517.5
1369800 2517.5
1369810 2520.7
1369820 2524.0
1369830 2524.0
1369840 2527.1
1369850 2531.4
1369860 2531.4
1369870 2535.7
1369880 2539.8
1369890 2544.1
1369900 2544.1
1369910 2548.4
1369920 2552.9
1369930 2552.9
1369940 2557.1
1369950 2560.8
1369960 2560.8
1369970 2564.1
1369980 2567.2
1369990 2567.2
1370000 2570.1
1370010 2573.0
1370020 2573.0
1370030 2577.1
1370040 2581.7
1370050 2581.7
1370060 2585.9
1370070 2590.0
1370080 2590.0
1370090 2596.6
1370100 2603.9
1370110 2610.9
1370120 2610.9
1370130 2613.9
1370140 2618.9
1370150 2618.9
1370160 2625.0
1370170 2631.4
1370180 2631.4
1370190 2637.1
1370200 2642.2
1370210 2642.2
1370220 2646.9
1370230 2652.0
1370240 2652.0
1370250 2656.3
1370260 2661.1
1370270 2661.1
1370280 2665.2
1370290 2666.0
1370300 2666.3
1370310 2666.3
1370320 2666.4
1370330 2667.1
1370340 2667.1
1370350 2668.7
1370360 2671.5
1370370 2671.5
1370380 2671.8
1370390 2672.0
1370400 2672.0
1370410 2672.0
1370420 2672.0
1370430 2672.0
1370440 2673.0
1370450 2674.6
1370460 2674.6
1370470 2675.2
1370480 2675.9
1370490 2675.9
1370500 2677.2
1370510 2678.6
1370520 2680.1
1370530 2680.1
1370540 2680.5
1370550 2678.8
1370560 2678.8
1370570 2679.2
1370580 2682.0
1370590 2682.0
1370600 2683.3
1370610 2684.4
1370620 2684.4
1370630 2684.7
1370640 2685.7
1370650 2685.7
1370660 2687.0
1370670 2685.2
1370680 2685.2
1370690 2683.1
1370700 2683.7
1370710 2683.7
1370720 2685.1
1370730 2686.8
1370740 2691.2
1370750 2691.2
1370760 2695.5
1370770 2699.3
1370780 2699.3
1370790 2704.7
1370800 2711.1
1370810 2711.1
1370820 2718.6
1370830 2726.8
1370840 2726.8
1370850 2732.6
1370860 2737.8
1370870 2737.8
1370880 2743.7
1370890 2750.7
1370900 2750.7
1370910 2758.3
1370920 2767.4
1370930 2767.4
1370940 2776.6
1370950 2785.0
1370960 2791.0
1370970 2791.0
1370980 2790.4
1370990 2785.3
1371000 2785.3
1371010 2775.5
1371020 2769.3
1371030 2769.3
1371040 2764.4
1371050 2759.7
1371060 2759.7
1371070 2755.3
1371080 2750.2
1371090 2750.2
1371100 2744.3
1371110 2737.8
1371120 2737.8
1371130 2730.3
1371140 2725.1
1371150 2725.1
1371160 2720.9
1371170 2717.1
1371180 2713.8
1371190 2713.8
1371200 2710.3
1371210 2705.8
1371220 2705.8
1371230 2702.9
1371240 2700.5
1371250 2703.9
1371260 2701.4
1371270 2697.5
1371280 2697.5
1371290 2694.9
1371300 2693.0
1371310 2693.0
1371320 2689.6
1371330 2685.5
1371340 2685.5
1371350 2681.7
1371360 2676.8
1371370 2676.8
1371380 2670.4
1371390 2662.3
1371400 2655.2
1371410 2655.2
1371420 2650.8
1371430 2647.7
1371440 2647.7
1371450 2643.9
1371460 2640.7
1371470 2640.7
1371480 2637.9
1371490 2634.2
1371500 2634.2
1371510 2631.7
1371520 2629.9
1371530 2629.9
1371540 2626.8
1371550 2623.7
1371560 2623.7
1371570 2620.4
1371580 2617.7
1371590 2614.9
1371600 2614.9
1371610 2610.7
1371620 2606.6
1371630 2606.6
1371640 2602.4
1371650 2597.5
1371660 2597.5
1371670 2593.8
1371680 2591.0
1371690 2591.0
1371700 2588.1
1371710 2584.8
1371720 2584.8
1371730 2581.7
1371740 2578.4
1371750 2578.4
1371760 2575.9
1371770 2573.8
1371780 2573.8
1371790 2569.9
1371800 2564.4
1371810 2554.4
1371820 2554.4
1371830 2544.4
1371840 2536.3
1371850 2536.3
1371860 2525.7
1371870 2516.2
1371880 2516.2
1371890 2508.9
1371900 2502.9
1371910 2502.9
1371920 2498.3
1371930 2493.4
1371940 2493.4
1371950 2487.5
1371960 2483.7
1371970 2483.7
1371980 2485.2
1371990 2486.3
1372000 2486.3
1372010 2487.1
1372020 2487.0
1372030 2486.3
1372040 2486.3
1372050 2485.0
1372060 2482.7
1372070 2482.7
1372080 2481.5
1372090 2480.6
1372100 2480.6
1372110 2477.7
1372120 2474.5
1372130 2474.5
1372140 2471.2
1372150 2466.6
1372160 2466.6
1372170 2461.9
1372180 2454.2
1372190 2454.2
1372200 2443.7
1372210 2436.3
1372220 2436.3
1372230 2427.5
1372240 2422.7
1372250 2418.3
1372260 2418.3
1372270 2409.2
1372280 2401.9
1372290 2401.9
1372300 2396.6
1372310 2389.3
1372320 2389.3
1372330 2384.3
1372340 2382.1
1372350 2382.1
1372360 2378.5
1372370 2366.0
1372380 2366.0
1372390 2357.6
1372400 2344.9
1372410 2344.9
1372420 2329.3
1372430 2317.3
1372440 2317.3
1372450 2313.0
1372460 2309.7
1372470 2300.0
1372480 2300.0
1372490 2284.8
1372500 2278.9
1372510 2278.9
1372520 2272.2
1372530 2266.7
1372540 2266.7
1372550 2261.2
1372560 2254.4
1372570 2254.4
1372580 2247.5
1372590 2240.3
1372600 2240.3
1372610 2232.7
1372620 2225.9
1372630 2225.9
1372640 2220.8
1372650 2216.2
1372660 2216.2
1372670 2211.1
1372680 2206.1
1372690 2202.1
1372700 2202.1
1372710 2198.2
1372720 2194.6
1372730 2194.6
1372740 2191.9
1372750 2189.9
1372760 2189.9
1372770 2187.0
1372780 2184.4
1372790 2184.4
1372800 2182.1
1372810 2179.3
1372820 2179.3
1372830 2176.0
1372840 2173.6
1372850 2173.6
1372860 2173.5
1372870 2173.1
1372880 2171.0
1372890 2171.0
1372900 2170.5
1372910 2170.2
1372920 2170.2
1372930 2170.0
1372940 2171.1
1372950 2171.1
1372960 2172.4
1372970 2172.3
1372980 2172.3
1372990 2171.3
1373000 2170.4
1373010 2170.4
1373020 2170.7
1373030 2170.3
1373040 2170.3
1373050 2169.6
1373060 2168.8
1373070 2168.8
1373080 2167.7
1373090 2167.5
1373100 2166.5
1373110 2166.5
1373120 2155.7
1373130 2158.4
1373140 2158.4
1373150 2165.7
1373160 2167.3
1373170 2167.3
1373180 2166.7
1373190 2165.6
1373200 2165.6
1373210 2165.2
1373220 2165.8
1373230 2165.8
1373240 2166.9
1373250 2167.5
1373260 2167.5
1373270 2168.5
1373280 2170.7
1373290 2170.7
1373300 2173.2
1373310 2173.7
1373320 2174.2
1373330 2174.2
1373340 2174.8
1373350 2175.9
1373360 2175.9
1373370 2176.9
1373380 2177.7
1373390 2177.7
1373400 2178.0
1373410 2178.2
1373420 2178.2
1373430 2179.0
1373440 2180.7
1373450 2180.7
1373460 2183.1
1373470 2185.8
1373480 2185.8
1373490 2188.8
1373500 2191.6
1373510 2193.3
1373520 2197.0
1373530 2200.0
1373540 2204.1
1373550 2204.1
1373560 2208.1
1373570 2212.1
1373580 2212.1
1373590 2215.0
1373600 2218.7
1373610 2218.7
1373620 2222.4
1373630 2225.4
1373640 2225.4
1373650 2229.0
1373660 2232.9
1373670 2232.9
1373680 2235.5
1373690 2237.4
1373700 2237.4
1373710 2240.0
1373720 2244.7
1373730 2244.7
1373740 2251.4
1373750 2256.7
1373760 2261.5
1373770 2261.5
1373780 2265.0
1373790 2265.3
1373800 2265.3
1373810 2264.5
1373820 2261.6
1373830 2261.6
1373840 2257.1
1373850 2256.5
1373860 2256.5
1373870 2260.2
1373880 2266.3
1373890 2266.3
1373900 2271.3
1373910 2276.7
1373920 2276.7
1373930 2281.6
1373940 2287.9
1373950 2287.9
1373960 2295.0
1373970 2300.9
1373980 2306.4
1373990 2306.4
1374000 2310.7
1374010 2316.3
1374020 2316.3
1374030 2320.2
1374040 2325.0
1374050 2325.0
1374060 2330.3
1374070 2334.8
1374080 2334.8
1374090 2338.9
1374100 2342.5
1374110 2342.5
1374120 2349.3
1374130 2355.9
1374140 2355.9
1374150 2359.0
1374160 2362.2
1374170 2362.2
1374180 2365.8
1374190 2369.2
1374200 2373.0
1374210 2373.0
1374220 2378.5
1374230 2382.9
1374240 2382.9
1374250 2385.2
1374260 2387.5
1374270 2387.5
1374280 2389.5
1374290 2392.7
1374300 2392.7
1374310 2394.2
1374320 2396.4
1374330 2396.4
1374340 2397.6
1374350 2397.8
1374360 2397.8
1374370 2398.8
1374380 2401.0
1374390 2404.5
1374400 2404.5
1374410 2408.3
1374420 2412.5
1374430 2412.5
1374440 2416.1
1374450 2421.8
1374460 2421.8
1374470 2430.1
1374480 2438.7
1374490 2438.7
1374500 2445.6
1374510 2448.8
1374520 2448.8
1374530 2452.6
1374540 2456.7
1374550 2456.7
1374560 2462.4
1374570 2467.2
1374580 2467.2
1374590 2472.8
1374600 2477.8
1374610 2480.7
1374620 2480.7
1374630 2483.3
1374640 2485.9
1374650 2489.7
1374660 2491.6
1374670 2493.6
1374680 2493.6
1374690 2495.7
1374700 2497.7
1374710 2497.7
1374720 2500.6
1374730 2503.1
1374740 2503.1
1374750 2506.2
1374760 2510.2
1374770 2510.2
1374780 2513.9
1374790 2517.9
1374800 2517.9
1374810 2522.1
1374820 2526.1
1374830 2530.1
1374840 2530.1
1374850 2535.2
1374860 2540.0
1374870 2540.0
1374880 2544.3
1374890 2548.6
1374900 2548.6
1374910 2552.5
1374920 2555.8
1374930 2555.8
1374940 2559.0
1374950 2562.4
1374960 2562.4
1374970 2565.9
1374980 2568.7
1374990 2568.7
1375000 2572.0
1375010 2577.6
1375020 2577.6
1375030 2583.3
1375040 2586.6
1375050 2589.1
1375060 2589.1
1375070 2592.7
1375080 2596.0
1375090 2596.0
1375100 2599.1
1375110 2602.8
1375120 2602.8
1375130 2607.1
1375140 2611.7
1375150 2611.7
1375160 2615.6
1375170 2619.4
1375180 2619.4
1375190 2623.9
1375200 2627.4
1375210 2627.4
1375220 2630.6
1375230 2634.6
1375240 2634.6
1375250 2638.8
1375260 2642.3
1375270 2645.5
1375280 2645.5
1375290 2648.3
1375300 2651.8
1375310 2651.8
1375320 2654.9
1375330 2657.1
1375340 2657.1
1375350 2659.8
1375360 2663.3
1375370 2663.3
1375380 2666.1
1375390 2670.7
1375400 2670.7
1375410 2676.1
1375420 2678.5
1375430 2678.5
1375440 2682.7
1375450 2687.6
1375460 2687.6
1375470 2690.0
1375480 2693.4
1375490 2697.8
1375500 2697.8
1375510 2702.4
1375520 2707.6
1375530 2707.6
1375540 2713.7
1375550 2720.2
1375560 2720.2
1375570 2727.8
1375580 2735.1
1375590 2735.1
1375600 2738.8
1375610 2746.0
1375620 2746.0
1375630 2752.9
1375640 2758.1
1375650 2758.1
1375660 2761.9
1375670 2762.7
1375680 2765.5
1375690 2765.5
1375700 2769.0
1375710 2768.5
1375720 2768.5
1375730 2769.9
1375740 2772.8
1375750 2772.8
1375760 2779.4
1375770 2786.3
1375780 2786.3
1375790 2790.0
1375800 2797.4
1375810 2801.5
1375820 2809.8
1375830 2821.0
1375840 2821.0
1375850 2830.4
1375860 2836.9
1375870 2836.9
1375880 2840.5
1375890 2841.2
1375900 2838.6
1375910 2838.6
1375920 2836.1
1375930 2833.5
1375940 2833.5
1375950 2830.1
1375960 2830.3
1375970 2830.3
1375980 2835.0
1375990 2835.6
1376000 2835.6
1376010 2835.6
1376020 2837.7
1376030 2837.7
1376040 2839.4
1376050 2840.1
1376060 2840.1
1376070 2841.6
1376080 2844.1
1376090 2844.1
1376100 2847.5
1376110 2850.8
1376120 2854.8
1376130 2854.8
1376140 2859.6
1376150 2864.0
1376160 2864.0
1376170 2867.1
1376180 2869.3
1376190 2869.3
1376200 2872.3
1376210 2875.2
1376220 2875.2
1376230 2877.4
1376240 2879.5
1376250 2879.5
1376260 2882.3
1376270 2885.9
1376280 2885.9
1376290 2888.6
1376300 2891.2
1376310 2891.2
1376320 2892.6
1376330 2894.7
1376340 2899.6
1376350 2899.6
1376360 2905.0
1376370 2910.4
1376380 2910.4
1376390 2916.6
1376400 2922.8
1376410 2922.8
1376420 2928.4
1376430 2935.1
1376440 2935.1
1376450 2944.4
1376460 2958.4
1376470 2958.4
1376480 2976.5
1376490 2995.0
1376500 2995.0
1376510 3012.3
1376520 3026.4
1376530 3026.4
1376540 3030.9
1376550 3027.7
1376560 3023.1
1376570 3023.1
1376580 3018.4
1376590 3013.5
1376600 3013.5
1376610 3008.1
1376620 3003.3
1376630 3003.3
1376640 2998.4
1376650 2992.7
1376660 2992.7
1376670 2989.1
1376680 2987.3
1376690 2987.3
1376700 2985.7
1376710 2982.4
1376720 2982.4
1376730 2979.5
1376740 2968.0
1376750 2968.0
1376760 2954.7
1376770 2944.2
1376780 2933.9
1376790 2933.9
1376800 2926.0
1376810 2921.2
1376820 2921.2
1376830 2914.6
1376840 2910.3
1376850 2910.3
1376860 2907.0
1376870 2902.3
1376880 2902.3
1376890 2897.2
1376900 2889.4
1376910 2889.4
1376920 2875.1
1376930 2867.2
1376940 2867.2
1376950 2862.3
1376960 2857.8
1376970 2852.7
1376980 2848.6
1376990 2843.7
1377000 2837.9
1377010 2837.9
1377020 2833.8
1377030 2830.0
1377040 2830.0
1377050 2824.3
1377060 2816.5
1377070 2816.5
1377080 2808.4
1377090 2800.1
1377100 2800.1
1377110 2792.5
1377120 2785.7
1377130 2785.7
1377140 2779.8
1377150 2771.6
1377160 2771.6
1377170 2762.4
1377180 2754.8
1377190 2750.7
1377200 2750.7
1377210 2749.2
1377220 2743.9
1377230 2743.9
1377240 2737.5
1377250 2730.6
1377260 2730.6
1377270 2724.6
1377280 2718.5
1377290 2718.5
1377300 2712.7
1377310 2707.6
1377320 2707.6
1377330 2701.8
1377340 2696.7
1377350 2696.7
1377360 2692.2
1377370 2687.3
1377380 2687.3
1377390 2681.7
1377400 2677.0
1377410 2674.0
1377420 2674.0
1377430 2672.9
1377440 2669.2
1377450 2669.2
1377460 2666.4
1377470 2663.4
1377480 2663.4
1377490 2660.5
1377500 2657.4
1377510 2657.4
1377520 2654.5
1377530 2651.5
1377540 2651.5
1377550 2648.7
1377560 2646.0
1377570 2646.0
1377580 2642.7
1377590 2639.0
1377600 2639.0
1377610 2635.2
1377620 2631.1
1377630 2627.0
1377640 2627.0
1377650 2622.4
1377660 2617.7
1377670 2617.7
1377680 2612.9
1377690 2608.5
1377700 2608.5
1377710 2604.5
1377720 2601.2
1377730 2601.2
1377740 2598.0
1377750 2595.1
1377760 2595.1
1377770 2591.8
1377780 2589.1
1377790 2589.1
1377800 2588.2
1377810 2588.4
1377820 2588.4
1377830 2589.8
1377840 2592.0
1377850 2594.1
1377860 2594.1
1377870 2597.6
1377880 2599.2
1377890 2599.2
1377900 2598.5
1377910 2600.5
1377920 2600.5
1377930 2603.4
1377940 2606.4
1377950 2606.4
1377960 2607.7
1377970 2609.1
1377980 2609.1
1377990 2610.1
1378000 2609.4
1378010 2609.4
1378020 2609.5
1378030 2612.5
1378040 2612.5
1378050 2617.2
1378060 2625.0
1378070 2631.6
1378080 2631.6
1378090 2633.8
1378100 2632.0
1378110 2632.0
1378120 2630.7
1378130 2629.9
1378140 2629.9
1378150 2630.3
1378160 2632.4
1378170 2631.1
1378180 2633.8
1378190 2637.5
1378200 2637.5
1378210 2641.1
1378220 2646.9
1378230 2646.9
1378240 2651.1
1378250 2652.9
1378260 2652.9
1378270 2654.3
1378280 2656.2
1378290 2658.3
1378300 2658.3
1378310 2659.7
1378320 2661.2
1378330 2661.2
1378340 2662.5
1378350 2663.6
1378360 2663.6
1378370 2664.8
1378380 2665.3
1378390 2665.3
1378400 2667.1
1378410 2669.2
1378420 2669.2
1378430 2671.5
1378440 2673.5
1378450 2673.5
1378460 2675.1
1378470 2676.3
1378480 2677.4
1378490 2677.4
1378500 2678.6
1378510 2679.8
1378520 2679.8
1378530 2679.9
1378540 2679.9
1378550 2679.9
1378560 2680.0
1378570 2680.0
1378580 2680.0
1378590 2679.9
1378600 2678.7
1378610 2678.7
1378620 2678.9
1378630 2679.6
1378640 2679.6
1378650 2680.0
1378660 2680.7
1378670 2680.7
1378680 2681.5
1378690 2681.4
1378700 2681.2
1378710 2681.2
1378720 2682.4
1378730 2684.0
1378740 2684.0
1378750 2686.5
1378760 2689.4
1378770 2689.4
1378780 2692.4
1378790 2696.2
1378800 2696.2
1378810 2704.7
1378820 2716.0
1378830 2716.0
1378840 2723.6
1378850 2729.8
1378860 2729.8
1378870 2734.3
1378880 2736.5
1378890 2736.5
1378900 2736.6
1378910 2736.5
1378920 2738.2
1378930 2738.2
1378940 2739.3
1378950 2739.4
1378960 2739.4
1378970 2739.2
1378980 2739.8
1378990 2739.8
1379000 2740.0
1379010 2739.9
1379020 2739.9
1379030 2740.0
1379040 2739.7
1379050 2739.7
1379060 2738.4
1379070 2736.5
1379080 2736.5
1379090 2734.7
1379100 2733.7
1379110 2733.7
1379120 2732.9
1379130 2731.8
1379140 2730.7
1379150 2730.7
1379160 2729.5
1379170 2729.0
1379180 2729.0
1379190 2729.0
1379200 2729.0
1379210 2729.0
1379220 2728.9
1379230 2730.1
1379240 2730.1
1379250 2731.5
1379260 2733.2
1379270 2733.2
1379280 2735.0
1379290 2736.0
1379300 2736.0
1379310 2736.3
1379320 2736.4
1379330 2736.4
1379340 2736.4
1379350 2736.6
1379360 2738.4
1379370 2738.4
1379380 2739.0
1379390 2740.6
1379400 2740.6
1379410 2742.8
1379420 2745.1
1379430 2745.1
1379440 2747.3
1379450 2749.7
1379460 2749.7
1379470 2753.1
1379480 2755.7
1379490 2755.7
1379500 2757.4
1379510 2759.1
1379520 2759.1
1379530 2760.5
1379540 2761.6
1379550 2761.6
1379560 2762.5
1379570 2763.7
1379580 2765.2
1379590 2765.2
1379600 2766.8
1379610 2768.2
1379620 2768.2
1379630 2768.9
1379640 2770.4
1379650 2770.4
1379660 2772.8
1379670 2775.8
1379680 2775.8
1379690 2779.7
1379700 2784.8
1379710 2784.8
1379720 2788.9
1379730 2792.7
1379740 2792.7
1379750 2797.9
1379760 2804.4
1379770 2809.6
1379780 2809.6
1379790 2816.2
1379800 2822.4
1379810 2822.4
1379820 2826.5
1379830 2831.9
1379840 2831.9
1379850 2836.4
1379860 2838.4
1379870 2838.4
1379880 2840.8
1379890 2842.6
1379900 2842.6
1379910 2846.0
1379920 2849.6
1379930 2849.6
1379940 2852.2
1379950 2853.7
1379960 2853.7
1379970 2854.5
1379980 2855.1
1379990 2855.4
