1361870 3138.3
1361880 3138.3
1361890 3152.9
1361900 3158.8
1361910 3158.8
1361920 3163.5
1361930 3170.2
1361940 3170.2
1361950 3173.3
1361960 3176.1
1361970 3186.1
1361980 3186.1
1361990 3197.7
1362000 3208.7
1362010 3208.7
1362020 3219.7
1362030 3230.9
1362040 3230.9
1362050 3244.3
1362060 3253.4
1362070 3253.4
1362080 3264.6
1362090 3280.9
1362100 3280.9
1362110 3289.0
1362120 3297.3
1362130 3297.3
1362140 3305.9
1362150 3313.6
1362160 3313.6
1362170 3320.6
1362180 3327.1
1362190 3333.0
1362200 3333.0
1362210 3338.3
1362220 3342.6
1362230 3342.6
1362240 3346.9
1362250 3351.0
1362260 3351.0
1362270 3354.8
1362280 3358.2
1362290 3358.2
1362300 3361.3
1362310 3363.9
1362320 3363.9
1362330 3365.9
1362340 3367.8
1362350 3367.8
1362360 3369.7
1362370 3371.4
1362380 3371.4
1362390 3374.3
1362400 3380.6
1362410 3388.6
1362420 3388.6
1362430 3392.4
1362440 3398.9
1362450 3398.9
1362460 3402.2
1362470 3386.3
1362480 3386.3
1362490 3374.7
1362500 3365.3
1362510 3365.3
1362520 3354.3
1362530 3343.1
1362540 3343.1
1362550 3331.9
1362560 3319.6
1362570 3319.6
1362580 3308.8
1362590 3300.9
1362600 3300.9
1362610 3289.5
1362620 3275.4
1362630 3261.1
1362640 3261.1
1362650 3249.3
1362660 3238.4
1362670 3238.4
1362680 3232.4
1362690 3218.7
1362700 3218.7
1362710 3190.2
1362720 3175.9
1362730 3175.9
1362740 3168.7
1362750 3158.5
1362760 3158.5
1362770 3152.9
1362780 3149.8
1362790 3149.8
1362800 3144.9
1362810 3136.5
1362820 3136.5
1362830 3120.1
1362840 3105.4
1362850 3104.9
1362860 3104.9
1362870 3101.1
1362880 3100.8
1362890 3100.8
1362900 3109.1
1362910 3130.2
1362920 3130.2
1362930 3137.6
1362940 3141.5
1362950 3141.5
1362960 3148.8
1362970 3155.4
1362980 3155.4
1362990 3162.4
1363000 3181.7
1363010 3181.7
1363020 3183.7
1363030 3188.1
1363040 3188.1
1363050 3195.6
1363060 3203.5
1363070 3213.1
1363080 3213.1
1363090 3222.0
1363100 3231.1
1363110 3231.1
1363120 3241.1
1363130 3249.6
1363140 3249.6
1363150 3259.6
1363160 3271.6
1363170 3271.6
1363180 3292.7
1363190 3308.4
1363200 3308.4
1363210 3318.5
1363220 3325.5
1363230 3325.5
1363240 3335.0
1363250 3345.7
1363260 3345.7
1363270 3352.6
1363280 3357.4
1363290 3362.6
1363300 3362.6
1363310 3368.3
1363320 3372.2
1363330 3372.2
1363340 3378.4
1363350 3386.0
1363360 3386.0
1363370 3391.6
1363380 3399.2
1363390 3399.2
1363400 3406.0
1363410 3410.3
1363420 3410.3
1363430 3413.6
1363440 3415.9
1363450 3415.9
1363460 3416.7
1363470 3417.3
1363480 3417.3
1363490 3419.4
1363500 3418.8
1363510 3413.7
1363520 3413.7
1363530 3405.6
1363540 3397.2
1363550 3397.2
1363560 3382.1
1363570 3369.3
1363580 3369.3
1363590 3363.5
1363600 3357.8
1363610 3357.8
1363620 3352.9
1363630 3350.0
1363640 3350.0
1363650 3347.6
1363660 3345.6
1363670 3345.6
1363680 3343.7
1363690 3341.8
1363700 3341.8
1363710 3340.0
1363720 3337.9
1363730 3335.7
1363740 3335.7
1363750 3333.3
1363760 3330.7
1363770 3330.7
1363780 3328.3
1363790 3326.2
1363800 3326.2
1363810 3324.7
1363820 3323.6
1363830 3323.6
1363840 3322.8
1363850 3322.3
1363860 3322.3
1363870 3322.1
1363880 3322.1
1363890 3322.1
1363900 3322.2
1363910 3322.5
1363920 3322.9
1363930 3322.9
1363940 3323.4
1363950 3324.1
1363960 3324.1
1363970 3324.9
1363980 3325.7
1363990 3325.7
1364000 3326.6
1364010 3327.6
1364020 3327.6
1364030 3328.7
1364040 3330.0
1364050 3328.0
1364060 3329.4
1364070 3330.9
1364080 3330.9
1364090 3332.5
1364100 3334.3
1364110 3334.3
1364120 3336.2
1364130 3338.2
1364140 3340.3
1364150 3340.3
1364160 3342.5
1364170 3344.9
1364180 3344.9
1364190 3347.3
1364200 3349.7
1364210 3349.7
1364220 3352.1
1364230 3354.6
1364240 3354.6
1364250 3357.0
1364260 3359.4
1364270 3359.4
1364280 3361.7
1364290 3364.0
1364300 3364.0
1364310 3366.0
1364320 3367.9
1364330 3367.9
1364340 3369.7
1364350 3371.5
1364360 3373.3
1364370 3373.3
1364380 3374.9
1364390 3376.4
1364400 3376.4
1364410 3377.7
1364420 3379.0
1364430 3379.0
1364440 3380.3
1364450 3381.7
1364460 3381.7
1364470 3383.4
1364480 3385.8
1364490 3385.8
1364500 3389.4
1364510 3395.0
1364520 3395.0
1364530 3398.8
1364540 3393.2
1364550 3393.2
1364560 3384.5
1364570 3377.6
1364580 3370.7
1364590 3370.7
1364600 3364.9
1364610 3360.1
1364620 3360.1
1364630 3354.5
1364640 3350.0
1364650 3350.0
1364660 3345.9
1364670 3342.4
1364680 3342.4
1364690 3340.1
1364700 3339.1
1364710 3339.1
1364720 3338.4
1364730 3337.5
1364740 3337.5
1364750 3336.5
1364760 3335.9
1364770 3335.9
1364780 3335.5
1364790 3335.2
1364800 3334.6
1364810 3334.6
1364820 3333.5
1364830 3332.4
1364840 3332.4
1364850 3331.1
1364860 3329.8
1364870 3329.8
1364880 3328.1
1364890 3326.2
1364900 3326.2
1364910 3324.1
1364920 3322.1
1364930 3322.1
1364940 3320.6
1364950 3321.2
1364960 3321.2
1364970 3321.5
1364980 3313.6
1364990 3313.6
1365000 3299.4
1365010 3282.4
1365020 3269.4
1365030 3269.4
1365040 3250.4
1365050 3239.5
1365060 3239.5
1365070 3233.7
1365080 3229.5
1365090 3229.5
1365100 3224.2
1365110 3222.1
1365120 3222.1
1365130 3218.7
1365140 3213.3
1365150 3213.3
1365160 3207.1
1365170 3204.4
1365180 3204.4
1365190 3206.3
1365200 3205.9
1365210 3205.9
1365220 3201.9
1365230 3198.3
1365240 3195.3
1365250 3195.3
1365260 3192.2
1365270 3188.5
1365280 3188.5
1365290 3185.0
1365300 3181.5
1365310 3181.5
1365320 3178.4
1365330 3175.5
1365340 3175.5
1365350 3172.8
1365360 3170.3
1365370 3170.3
1365380 3168.1
1365390 3166.1
1365400 3166.1
1365410 3164.4
1365420 3162.6
1365430 3162.6
1365440 3160.8
1365450 3158.9
1365460 3156.7
1365470 3156.7
1365480 3154.1
1365490 3150.9
1365500 3150.9
1365510 3147.1
1365520 3143.5
1365530 3143.5
1365540 3140.4
1365550 3137.1
1365560 3137.1
1365570 3133.3
1365580 3129.3
1365590 3129.3
1365600 3125.2
1365610 3121.3
1365620 3121.3
1365630 3117.6
1365640 3114.3
1365650 3114.3
1365660 3111.4
1365670 3108.6
1365680 3100.9
1365690 3100.9
1365700 3097.6
1365710 3096.0
1365720 3096.0
1365730 3088.2
1365740 3083.0
1365750 3083.0
1365760 3077.7
1365770 3071.1
1365780 3071.1
1365790 3065.4
1365800 3059.9
1365810 3059.9
1365820 3054.8
1365830 3050.7
1365840 3050.7
1365850 3047.5
1365860 3044.6
1365870 3041.3
1365880 3041.3
1365890 3037.2
1365900 3032.6
1365910 3032.6
1365920 3027.8
1365930 3023.4
1365940 3023.4
1365950 3019.9
1365960 3017.4
1365970 3017.4
1365980 3014.9
1365990 3012.0
1366000 3012.0
1366010 3008.7
1366020 3005.5
1366030 3005.5
1366040 3002.7
1366050 2999.2
1366060 2999.2
1366070 2995.7
1366080 2993.9
1366090 2991.1
1366100 2991.1
1366110 2988.3
1366120 2985.7
1366130 2985.7
1366140 2983.1
1366150 2980.5
1366160 2980.5
1366170 2973.6
1366180 2970.9
1366190 2970.9
1366200 2968.2
1366210 2965.9
1366220 2965.9
1366230 2964.3
1366240 2963.0
1366250 2963.0
1366260 2961.9
1366270 2961.1
1366280 2961.1
1366290 2960.6
1366300 2960.0
1366310 2959.6
1366320 2959.6
1366330 2959.1
1366340 2958.7
1366350 2958.7
1366360 2958.8
1366370 2959.6
1366380 2959.6
1366390 2960.6
1366400 2962.1
1366410 2962.1
1366420 2963.9
1366430 2966.2
1366440 2966.2
1366450 2968.8
1366460 2971.6
1366470 2971.6
1366480 2973.6
1366490 2974.2
1366500 2974.2
1366510 2974.1
1366520 2973.3
1366530 2967.9
1366540 2967.9
1366550 2961.0
1366560 2953.5
1366570 2953.5
1366580 2947.7
1366590 2942.7
1366600 2942.7
1366610 2937.2
1366620 2931.7
1366630 2931.7
1366640 2926.2
1366650 2921.3
1366660 2921.3
1366670 2915.8
1366680 2908.6
1366690 2908.6
1366700 2900.2
1366710 2892.7
1366720 2892.7
1366730 2884.8
1366740 2876.9
1366750 2869.8
1366760 2869.8
1366770 2863.8
1366780 2859.3
1366790 2859.3
1366800 2855.1
1366810 2845.8
1366820 2845.8
1366830 2829.2
1366840 2819.8
1366850 2819.8
1366860 2814.4
1366870 2808.9
1366880 2808.9
1366890 2803.2
1366900 2797.6
1366910 2797.6
1366920 2792.1
1366930 2787.0
1366940 2787.0
1366950 2782.1
1366960 2777.3
1366970 2772.4
1366980 2772.4
1366990 2767.3
1367000 2762.3
1367010 2762.3
1367020 2757.1
1367030 2752.0
1367040 2752.0
1367050 2746.9
1367060 2742.3
1367070 2742.3
1367080 2736.3
1367090 2729.9
1367100 2729.9
1367110 2723.9
1367120 2718.2
1367130 2718.2
1367140 2712.7
1367150 2708.5
1367160 2708.5
1367170 2704.4
1367180 2700.5
1367190 2697.3
1367200 2697.3
1367210 2694.5
1367220 2691.8
1367230 2691.8
1367240 2689.2
1367250 2685.7
1367260 2685.7
1367270 2683.5
1367280 2681.4
1367290 2681.4
1367300 2679.5
1367310 2678.2
1367320 2678.2
1367330 2677.1
1367340 2675.7
1367350 2675.7
1367360 2673.9
1367370 2671.7
1367380 2671.7
1367390 2668.9
1367400 2665.5
1367410 2661.7
1367420 2661.7
1367430 2657.4
1367440 2652.5
1367450 2652.5
1367460 2647.3
1367470 2642.6
1367480 2642.6
1367490 2638.9
1367500 2635.5
1367510 2635.5
1367520 2630.5
1367530 2626.7
1367540 2626.7
1367550 2622.2
1367560 2614.8
1367570 2614.8
1367580 2612.1
1367590 2608.5
1367600 2608.5
1367610 2601.9
1367620 2595.8
1367630 2592.3
1367640 2592.3
1367650 2590.0
1367660 2578.3
1367670 2578.3
1367680 2564.5
1367690 2556.1
1367700 2556.1
1367710 2545.5
1367720 2534.1
1367730 2534.1
1367740 2521.3
1367750 2510.2
1367760 2510.2
1367770 2499.3
1367780 2474.4
1367790 2474.4
1367800 2444.1
1367810 2424.3
1367820 2424.3
1367830 2407.7
1367840 2398.4
1367850 2392.1
1367860 2392.1
1367870 2386.9
1367880 2382.5
1367890 2382.5
1367900 2378.9
1367910 2375.3
1367920 2375.3
1367930 2371.3
1367940 2367.4
1367950 2367.4
1367960 2363.4
1367970 2359.4
1367980 2359.4
1367990 2355.7
1368000 2351.9
1368010 2351.9
1368020 2348.4
1368030 2345.2
1368040 2342.9
1368050 2342.9
1368060 2340.7
1368070 2338.0
1368080 2338.0
1368090 2335.6
1368100 2333.2
1368110 2333.2
1368120 2330.6
1368130 2328.0
1368140 2328.0
1368150 2325.6
1368160 2323.3
1368170 2323.3
1368180 2321.7
1368190 2320.2
1368200 2320.2
1368210 2318.6
1368220 2317.3
1368230 2317.3
1368240 2316.8
1368250 2315.8
1368260 2315.7
1368270 2315.7
1368280 2316.8
1368290 2316.9
1368300 2316.9
1368310 2316.9
1368320 2317.2
1368330 2316.4
1368340 2316.7
1368350 2316.8
1368360 2316.8
1368370 2316.9
1368380 2316.6
1368390 2316.6
1368400 2316.8
1368410 2317.3
1368420 2317.3
1368430 2318.7
1368440 2319.3
1368450 2319.3
1368460 2319.8
1368470 2320.8
1368480 2322.6
1368490 2322.6
1368500 2324.6
1368510 2326.7
1368520 2326.7
1368530 2329.4
1368540 2332.2
1368550 2332.2
1368560 2335.5
1368570 2339.5
1368580 2339.5
1368590 2344.0
1368600 2348.6
1368610 2348.6
1368620 2354.0
1368630 2360.7
1368640 2360.7
1368650 2367.5
1368660 2374.4
1368670 2374.4
1368680 2386.5
1368690 2397.1
1368700 2402.0
1368710 2402.0
1368720 2407.8
1368730 2414.3
1368740 2414.3
1368750 2421.7
1368760 2429.5
1368770 2429.5
1368780 2436.4
1368790 2442.3
1368800 2442.3
1368810 2448.1
1368820 2455.9
1368830 2455.9
1368840 2463.6
1368850 2472.8
1368860 2472.8
1368870 2481.4
1368880 2489.5
1368890 2489.5
1368900 2500.5
1368910 2509.4
1368920 2517.5
1368930 2517.5
1368940 2524.2
1368950 2530.6
1368960 2530.6
1368970 2534.7
1368980 2538.4
1368990 2538.4
1369000 2541.5
1369010 2545.5
1369020 2545.5
1369030 2549.9
1369040 2555.1
1369050 2555.1
1369060 2560.3
1369070 2564.2
1369080 2564.2
1369090 2568.7
1369100 2574.4
1369110 2574.4
1369120 2580.0
1369130 2585.5
1369140 2591.5
1369150 2591.5
1369160 2597.9
1369170 2603.0
1369180 2603.0
1369190 2607.0
1369200 2611.3
1369210 2611.3
1369220 2615.7
1369230 2619.3
1369240 2619.3
1369250 2624.1
1369260 2630.0
1369270 2630.0
1369280 2636.8
1369290 2644.2
1369300 2644.2
1369310 2650.9
1369320 2656.6
1369330 2656.6
1369340 2660.9
1369350 2664.4
1369360 2668.1
1369370 2668.1
1369380 2671.1
1369390 2673.5
1369400 2673.5
1369410 2674.4
1369420 2675.0
1369430 2672.8
1369440 2673.9
1369450 2675.7
1369460 2675.7
1369470 2677.2
1369480 2677.7
1369490 2677.7
1369500 2677.8
1369510 2678.2
1369520 2678.2
1369530 2678.7
1369540 2680.9
1369550 2680.9
1369560 2684.2
1369570 2686.9
1369580 2688.8
1369590 2688.8
1369600 2690.2
1369610 2691.6
1369620 2691.6
1369630 2693.4
1369640 2695.9
1369650 2695.9
1369660 2698.8
1369670 2702.2
1369680 2702.2
1369690 2706.3
1369700 2710.6
1369710 2710.6
1369720 2714.4
1369730 2717.3
1369740 2717.3
1369750 2719.8
1369760 2722.3
1369770 2722.3
1369780 2725.7
1369790 2729.9
1369800 2733.4
1369810 2733.4
1369820 2735.6
1369830 2738.7
1369840 2738.7
1369850 2742.6
1369860 2745.9
1369870 2745.9
1369880 2748.9
1369890 2752.2
1369900 2752.2
1369910 2755.7
1369920 2759.2
1369930 2759.2
1369940 2763.6
1369950 2768.4
1369960 2768.4
1369970 2772.2
1369980 2775.4
1369990 2778.4
1370000 2778.4
1370010 2781.5
1370020 2784.7
1370030 2784.7
1370040 2787.5
1370050 2790.1
1370060 2790.1
1370070 2791.9
1370080 2793.3
1370090 2793.3
1370100 2795.3
1370110 2797.2
1370120 2797.2
1370130 2799.3
1370140 2801.5
1370150 2801.5
1370160 2803.9
1370170 2806.5
1370180 2806.5
1370190 2808.9
1370200 2811.5
1370210 2814.0
1370220 2814.0
1370230 2816.4
1370240 2818.5
1370250 2818.5
1370260 2820.2
1370270 2821.4
1370280 2821.4
1370290 2823.0
1370300 2825.1
1370310 2825.1
1370320 2827.5
1370330 2830.1
1370340 2830.1
1370350 2832.9
1370360 2835.7
1370370 2835.7
1370380 2838.6
1370390 2841.5
1370400 2841.5
1370410 2844.6
1370420 2848.0
1370430 2851.5
1370440 2851.5
1370450 2854.9
1370460 2858.3
1370470 2858.3
1370480 2861.7
1370490 2865.5
1370500 2865.5
1370510 2869.8
1370520 2873.9
1370530 2872.7
1370540 2876.5
1370550 2880.6
1370560 2880.6
1370570 2886.3
1370580 2888.7
1370590 2888.7
1370600 2892.0
1370610 2896.2
1370620 2896.2
1370630 2900.1
1370640 2904.1
1370650 2908.1
1370660 2908.1
1370670 2912.5
1370680 2918.0
1370690 2918.0
1370700 2921.9
1370710 2926.9
1370720 2926.9
1370730 2932.2
1370740 2938.1
1370750 2938.1
1370760 2944.6
1370770 2951.8
1370780 2951.8
1370790 2961.3
1370800 2975.2
1370810 2975.2
1370820 2982.5
1370830 2991.2
1370840 2991.2
1370850 3002.1
1370860 3007.8
1370870 3013.8
1370880 3013.8
1370890 3019.1
1370900 3024.3
1370910 3024.3
1370920 3029.1
1370930 3033.5
1370940 3033.5
1370950 3037.1
1370960 3038.5
1370970 3038.5
1370980 3037.8
1370990 3035.5
1371000 3035.5
1371010 3032.9
1371020 3030.0
1371030 3030.0
1371040 3027.7
1371050 3025.7
1371060 3025.7
1371070 3023.1
1371080 3016.9
1371090 2990.5
1371100 2990.5
1371110 2969.3
1371120 2955.4
1371130 2955.4
1371140 2945.7
1371150 2937.9
1371160 2937.9
1371170 2930.7
1371180 2924.9
1371190 2924.9
1371200 2915.9
1371210 2904.9
1371220 2904.9
1371230 2895.2
1371240 2884.6
1371250 2884.6
1371260 2875.8
1371270 2868.3
1371280 2868.3
1371290 2861.8
1371300 2855.1
1371310 2849.7
1371320 2849.7
1371330 2845.8
1371340 2842.7
1371350 2842.7
1371360 2840.0
1371370 2836.8
1371380 2836.8
1371390 2833.5
1371400 2829.3
1371410 2829.3
1371420 2825.2
1371430 2821.2
1371440 2821.2
1371450 2815.2
1371460 2809.4
1371470 2809.4
1371480 2804.6
1371490 2801.0
1371500 2801.0
1371510 2798.7
1371520 2798.4
1371530 2798.3
1371540 2798.3
1371550 2796.9
1371560 2795.7
1371570 2795.7
1371580 2794.7
1371590 2793.8
1371600 2793.8
1371610 2793.8
1371620 2794.6
1371630 2794.6
1371640 2795.5
1371650 2791.8
1371660 2791.8
1371670 2790.9
1371680 2790.1
1371690 2790.1
1371700 2790.7
1371710 2790.1
1371720 2790.1
1371730 2788.8
1371740 2787.0
1371750 2785.0
1371760 2785.0
1371770 2783.8
1371780 2781.1
1371790 2781.1
1371800 2780.8
1371810 2781.0
1371820 2781.0
1371830 2781.0
1371840 2779.7
1371850 2779.7
1371860 2775.4
1371870 2771.4
1371880 2771.4
1371890 2770.5
1371900 2770.6
1371910 2770.6
1371920 2772.3
1371930 2775.1
1371940 2774.4
1371950 2774.4
1371960 2772.2
1371970 2769.9
1371980 2769.9
1371990 2767.6
1372000 2764.7
1372010 2764.7
1372020 2761.2
1372030 2756.8
1372040 2756.8
1372050 2753.9
1372060 2752.4
1372070 2752.4
1372080 2746.8
1372090 2742.1
1372100 2742.1
1372110 2737.8
1372120 2733.9
1372130 2733.9
1372140 2730.5
1372150 2726.4
1372160 2722.2
1372170 2722.2
1372180 2719.1
1372190 2717.6
1372200 2717.6
1372210 2716.5
1372220 2715.1
1372230 2715.1
1372240 2713.2
1372250 2710.9
1372260 2710.9
1372270 2709.5
1372280 2710.3
1372290 2710.3
1372300 2711.5
1372310 2712.9
1372320 2712.9
1372330 2715.1
1372340 2716.9
1372350 2716.9
1372360 2717.9
1372370 2718.4
1372380 2718.6
1372390 2718.6
1372400 2718.4
1372410 2718.4
1372420 2718.4
1372430 2715.3
1372440 2712.9
1372450 2712.9
1372460 2712.7
1372470 2715.9
1372480 2715.9
1372490 2708.3
1372500 2700.9
1372510 2700.9
1372520 2692.9
1372530 2688.5
1372540 2688.5
1372550 2684.4
1372560 2680.1
1372570 2680.1
1372580 2677.3
1372590 2672.8
1372600 2668.7
1372610 2668.7
1372620 2654.7
1372630 2650.8
1372640 2650.8
1372650 2647.4
1372660 2643.8
1372670 2643.8
1372680 2640.4
1372690 2636.8
1372700 2636.8
1372710 2632.4
1372720 2628.7
1372730 2628.7
1372740 2622.6
1372750 2616.0
1372760 2616.0
1372770 2611.1
1372780 2606.0
1372790 2606.0
1372800 2602.1
1372810 2597.6
1372820 2591.2
1372830 2591.2
1372840 2585.3
1372850 2579.9
1372860 2579.9
1372870 2575.1
1372880 2569.3
1372890 2569.3
1372900 2558.2
1372910 2548.1
1372920 2548.1
1372930 2540.4
1372940 2533.1
1372950 2533.1
1372960 2524.9
1372970 2516.8
1372980 2516.8
1372990 2509.7
1373000 2502.5
1373010 2502.5
1373020 2491.6
1373030 2481.3
1373040 2472.7
1373050 2472.7
1373060 2460.9
1373070 2448.1
1373080 2448.1
1373090 2437.7
1373100 2428.1
1373110 2428.1
1373120 2417.9
1373130 2410.0
1373140 2410.0
1373150 2401.6
1373160 2391.0
1373170 2391.0
1373180 2374.2
1373190 2358.3
1373200 2358.3
1373210 2350.9
1373220 2343.9
1373230 2343.9
1373240 2337.0
1373250 2329.8
1373260 2322.7
1373270 2322.7
1373280 2314.4
1373290 2306.1
1373300 2306.1
1373310 2298.9
1373320 2291.3
1373330 2291.3
1373340 2283.9
1373350 2276.1
1373360 2276.1
1373370 2268.6
1373380 2261.4
1373390 2261.4
1373400 2254.2
1373410 2246.5
1373420 2246.5
1373430 2239.2
1373440 2232.7
1373450 2232.7
1373460 2226.4
1373470 2220.8
1373480 2215.9
1373490 2215.9
1373500 2211.2
1373510 2207.2
1373520 2207.2
1373530 2203.5
1373540 2200.9
1373550 2200.9
1373560 2199.7
1373570 2199.0
1373580 2199.0
1373590 2198.4
1373600 2198.2
1373610 2198.2
1373620 2198.0
1373630 2198.2
1373640 2198.2
1373650 2198.3
1373660 2198.5
1373670 2198.5
1373680 2198.5
1373690 2198.1
1373700 2198.2
1373710 2198.2
1373720 2198.7
1373730 2198.8
1373740 2198.8
1373750 2198.8
1373760 2198.7
1373770 2198.7
1373780 2198.8
1373790 2198.7
1373800 2198.7
1373810 2199.2
1373820 2200.0
1373830 2200.0
1373840 2201.1
1373850 2202.0
1373860 2202.0
1373870 2203.2
1373880 2203.9
1373890 2204.7
1373900 2204.7
1373910 2207.5
1373920 2212.1
1373930 2212.1
1373940 2212.4
1373950 2216.2
1373960 2216.2
1373970 2221.8
1373980 2227.9
1373990 2227.9
1374000 2233.9
1374010 2238.5
1374020 2238.5
1374030 2243.9
1374040 2250.8
1374050 2250.8
1374060 2258.2
1374070 2266.1
1374080 2266.1
1374090 2273.9
1374100 2280.7
1374110 2289.1
1374120 2289.1
1374130 2297.6
1374140 2303.3
1374150 2303.3
1374160 2309.1
1374170 2314.7
1374180 2314.7
1374190 2321.0
1374200 2326.3
1374210 2326.3
1374220 2332.0
1374230 2339.4
1374240 2339.4
1374250 2347.2
1374260 2354.0
1374270 2354.0
1374280 2361.7
1374290 2369.4
1374300 2369.4
1374310 2377.2
1374320 2385.0
1374330 2392.4
1374340 2392.4
1374350 2400.2
1374360 2409.1
1374370 2409.1
1374380 2417.9
1374390 2426.6
1374400 2426.6
1374410 2433.6
1374420 2441.1
1374430 2441.1
1374440 2451.0
1374450 2462.6
1374460 2462.6
1374470 2471.2
1374480 2478.2
1374490 2478.2
1374500 2485.6
1374510 2492.0
1374520 2492.0
1374530 2495.6
1374540 2500.0
1374550 2502.4
1374560 2502.4
1374570 2504.2
1374580 2506.9
1374590 2506.9
1374600 2511.6
1374610 2515.9
1374620 2515.9
1374630 2519.9
1374640 2523.5
1374650 2523.5
1374660 2526.2
1374670 2528.0
1374680 2528.0
1374690 2530.2
1374700 2533.1
1374710 2533.1
1374720 2534.5
1374730 2536.3
1374740 2536.3
1374750 2536.7
1374760 2538.4
1374770 2539.4
1374780 2539.4
1374790 2541.1
1374800 2543.7
1374810 2543.7
1374820 2544.6
1374830 2546.4
1374840 2546.4
1374850 2549.3
1374860 2550.9
1374870 2550.9
1374880 2552.9
1374890 2553.5
1374900 2553.5
1374910 2554.6
1374920 2558.4
1374930 2558.4
1374940 2561.3
1374950 2562.6
1374960 2562.6
1374970 2563.4
1374980 2564.7
1374990 2568.0
1375000 2568.0
1375010 2571.7
1375020 2575.0
1375030 2575.0
1375040 2577.2
1375050 2579.6
1375060 2579.6
1375070 2580.6
1375080 2581.8
1375090 2581.8
1375100 2581.1
1375110 2581.5
1375120 2581.5
1375130 2582.9
1375140 2583.5
1375150 2583.5
1375160 2583.0
1375170 2582.6
1375180 2582.6
1375190 2582.8
1375200 2582.5
1375210 2581.1
1375220 2581.1
1375230 2580.1
1375240 2579.1
1375250 2579.1
1375260 2577.7
1375270 2576.1
1375280 2576.1
1375290 2578.2
1375300 2582.7
1375310 2582.7
1375320 2583.2
1375330 2581.4
1375340 2581.4
1375350 2579.9
1375360 2576.5
1375370 2576.5
1375380 2574.5
1375390 2572.2
1375400 2572.2
1375410 2569.7
1375420 2567.6
1375430 2566.8
1375440 2566.8
1375450 2563.4
1375460 2557.9
1375470 2557.9
1375480 2552.1
1375490 2547.1
1375500 2547.1
1375510 2543.0
1375520 2540.0
1375530 2540.0
1375540 2536.7
1375550 2532.1
1375560 2532.1
1375570 2528.8
1375580 2524.4
1375590 2524.4
1375600 2517.4
1375610 2512.1
1375620 2512.1
1375630 2510.2
1375640 2508.2
1375650 2506.2
1375660 2506.2
1375670 2505.9
1375680 2505.6
1375690 2505.6
1375700 2504.5
1375710 2504.0
1375720 2504.0
1375730 2501.2
1375740 2498.7
1375750 2498.7
1375760 2497.3
1375770 2496.3
1375780 2496.3
1375790 2496.1
1375800 2496.4
1375810 2496.4
1375820 2497.1
1375830 2497.8
1375840 2498.3
1375850 2498.3
1375860 2499.1
1375870 2500.4
1375880 2500.4
1375890 2502.3
1375900 2506.3
1375910 2506.3
1375920 2510.9
1375930 2514.1
1375940 2514.1
1375950 2514.4
1375960 2513.5
1375970 2513.5
1375980 2511.3
1375990 2508.6
1376000 2508.6
1376010 2507.2
1376020 2504.7
1376030 2504.7
1376040 2504.0
1376050 2504.8
1376060 2505.7
1376070 2505.7
1376080 2506.0
1376090 2507.6
1376100 2507.6
1376110 2511.1
1376120 2513.3
1376130 2513.3
1376140 2514.8
1376150 2516.5
1376160 2516.5
1376170 2518.4
1376180 2520.9
1376190 2520.9
1376200 2524.0
1376210 2527.4
1376220 2527.4
1376230 2532.3
1376240 2536.3
1376250 2536.3
1376260 2540.7
1376270 2545.3
1376280 2549.9
1376290 2549.9
1376300 2553.5
1376310 2556.6
1376320 2556.6
1376330 2559.8
1376340 2563.1
1376350 2563.1
1376360 2566.5
1376370 2569.8
1376380 2569.8
1376390 2572.8
1376400 2576.0
1376410 2576.0
1376420 2579.7
1376430 2583.5
1376440 2583.5
1376450 2587.3
1376460 2590.7
1376470 2590.7
1376480 2593.9
1376490 2597.1
1376500 2600.0
1376510 2600.0
1376520 2601.9
1376530 2603.3
1376540 2603.3
1376550 2603.8
1376560 2604.2
1376570 2604.2
1376580 2605.1
1376590 2606.9
1376600 2606.9
1376610 2609.8
1376620 2612.7
1376630 2612.7
1376640 2614.9
1376650 2616.9
1376660 2616.9
1376670 2620.0
1376680 2623.5
1376690 2623.5
1376700 2626.7
1376710 2629.2
1376720 2630.7
1376730 2630.7
1376740 2631.4
1376750 2632.4
1376760 2632.4
1376770 2634.3
1376780 2636.5
1376790 2636.5
1376800 2639.4
1376810 2641.9
1376820 2641.9
1376830 2643.6
1376840 2645.4
1376850 2645.4
1376860 2648.3
1376870 2653.2
1376880 2653.2
1376890 2658.7
1376900 2664.4
1376910 2664.4
1376920 2669.8
1376930 2674.9
1376940 2680.1
1376950 2680.1
1376960 2685.3
1376970 2691.9
1376980 2691.9
1376990 2698.9
1377000 2705.9
1377010 2705.9
1377020 2710.7
1377030 2712.6
1377040 2712.6
1377050 2715.1
1377060 2719.5
1377070 2719.5
1377080 2724.2
1377090 2728.7
1377100 2728.7
1377110 2734.9
1377120 2741.3
1377130 2741.3
1377140 2746.0
1377150 2751.2
1377160 2757.1
1377170 2757.1
1377180 2765.3
1377190 2771.8
1377200 2771.8
1377210 2778.3
1377220 2783.1
1377230 2783.1
1377240 2787.2
1377250 2795.6
1377260 2795.6
1377270 2804.1
1377280 2813.0
1377290 2813.0
1377300 2819.0
1377310 2823.1
1377320 2823.1
1377330 2828.3
1377340 2833.0
1377350 2833.0
1377360 2837.9
1377370 2842.0
1377380 2845.8
1377390 2845.8
1377400 2857.7
1377410 2861.4
1377420 2861.4
1377430 2866.4
1377440 2875.6
1377450 2875.6
1377460 2880.9
1377470 2885.2
1377480 2885.2
1377490 2893.9
1377500 2904.5
1377510 2904.5
1377520 2920.7
1377530 2937.1
1377540 2937.1
1377550 2944.2
1377560 2949.5
1377570 2949.5
1377580 2955.4
1377590 2960.8
1377600 2968.9
1377610 2968.9
1377620 2978.4
1377630 2981.0
1377640 2981.0
1377650 2978.7
1377660 2976.1
1377670 2976.1
1377680 2973.6
1377690 2970.8
1377700 2970.8
1377710 2966.5
1377720 2960.7
1377730 2960.7
1377740 2955.8
1377750 2951.8
1377760 2951.8
1377770 2948.8
1377780 2946.3
1377790 2944.2
1377800 2944.2
1377810 2943.0
1377820 2942.5
1377830 2942.5
1377840 2942.5
1377850 2943.0
1377860 2943.0
1377870 2942.5
1377880 2939.7
1377890 2939.7
1377900 2936.9
1377910 2934.1
1377920 2934.1
1377930 2930.8
1377940 2926.4
1377950 2926.4
1377960 2924.2
1377970 2923.5
1377980 2923.5
1377990 2923.4
1378000 2923.4
1378010 2923.9
1378020 2923.9
1378030 2924.4
1378040 2925.3
1378050 2925.3
1378060 2926.6
1378070 2928.3
1378080 2928.3
1378090 2931.0
1378100 2932.4
1378110 2932.4
1378120 2934.8
1378130 2939.3
1378140 2939.3
1378150 2942.8
1378160 2945.9
1378170 2945.9
1378180 2947.6
1378190 2947.9
1378200 2947.9
1378210 2948.4
1378220 2946.5
1378230 2944.9
1378240 2944.9
1378250 2944.8
1378260 2945.4
1378270 2945.4
1378280 2946.1
1378290 2944.8
1378300 2944.8
1378310 2942.7
1378320 2942.0
1378330 2942.0
1378340 2941.3
1378350 2939.9
1378360 2939.9
1378370 2938.5
1378380 2936.0
1378390 2936.0
1378400 2933.5
1378410 2933.1
1378420 2933.1
1378430 2934.4
1378440 2936.1
1378450 2937.9
1378460 2937.9
1378470 2939.6
1378480 2941.0
1378490 2941.0
1378500 2942.8
1378510 2945.7
1378520 2945.7
1378530 2948.8
1378540 2950.7
1378550 2950.7
1378560 2951.4
1378570 2949.3
1378580 2949.3
1378590 2946.4
1378600 2942.6
1378610 2942.6
1378620 2939.7
1378630 2937.7
1378640 2937.7
1378650 2934.9
1378660 2931.5
1378670 2930.6
1378680 2930.6
1378690 2930.6
1378700 2931.0
1378710 2931.0
1378720 2931.6
1378730 2931.3
1378740 2931.3
1378750 2930.5
1378760 2931.1
1378770 2931.1
1378780 2931.3
1378790 2934.2
1378800 2934.2
1378810 2936.8
1378820 2940.4
1378830 2940.4
1378840 2944.5
1378850 2949.5
1378860 2949.5
1378870 2954.7
1378880 2959.5
1378890 2963.0
1378900 2963.0
1378910 2966.6
1378920 2970.7
1378930 2970.7
1378940 2976.2
1378950 2985.1
1378960 2985.1
1378970 2995.7
1378980 3002.0
1378990 3002.0
1379000 3009.6
1379010 3014.3
1379020 3014.3
1379030 3019.5
1379040 3021.0
1379050 3021.0
1379060 3019.3
1379070 3018.7
1379080 3018.7
1379090 3023.5
1379100 3035.1
1379110 3047.6
1379120 3047.6
1379130 3053.0
1379140 3052.1
1379150 3052.1
1379160 3049.2
1379170 3047.3
1379180 3047.3
1379190 3046.4
1379200 3045.9
1379210 3045.9
1379220 3044.9
1379230 3044.7
1379240 3044.7
1379250 3046.3
1379260 3045.7
1379270 3045.7
1379280 3047.4
1379290 3049.2
1379300 3049.2
1379310 3053.3
1379320 3059.6
1379330 3063.5
1379340 3063.5
1379350 3064.4
1379360 3061.8
1379370 3061.8
1379380 3057.3
1379390 3050.9
1379400 3050.9
1379410 3046.6
1379420 3044.9
1379430 3044.9
1379440 3044.1
1379450 3043.7
1379460 3043.7
1379470 3043.7
1379480 3044.0
1379490 3044.0
1379500 3044.4
1379510 3045.1
1379520 3045.1
1379530 3045.7
1379540 3046.4
1379550 3047.1
1379560 3047.1
1379570 3047.6
1379580 3048.2
1379590 3048.2
1379600 3048.6
1379610 3048.8
1379620 3048.8
1379630 3049.0
1379640 3048.9
1379650 3048.9
1379660 3048.6
1379670 3048.4
1379680 3048.4
1379690 3049.3
1379700 3049.7
1379710 3049.7
1379720 3049.2
1379730 3049.1
1379740 3047.8
1379750 3047.8
1379760 3045.3
1379770 3042.1
1379780 3042.1
1379790 3039.5
1379800 3034.6
1379810 3034.6
1379820 3033.4
1379830 3031.7
1379840 3031.7
1379850 3029.0
1379860 3025.1
1379870 3025.1
1379880 3018.1
1379890 3005.6
1379900 3005.6
1379910 2996.5
1379920 2994.2
1379930 2994.2
1379940 2991.4
1379950 2988.0
1379960 2986.1
1379970 2986.1
1379980 2985.7
1379990 2984.9
