1361220 2900.3
1361230 2904.7
1361240 2904.7
1361250 2908.7
1361260 2913.4
1361270 2913.4
1361280 2918.0
1361290 2923.1
1361300 2923.1
1361310 2928.7
1361320 2934.5
1361330 2934.5
1361340 2940.0
1361350 2945.3
1361360 2945.3
1361370 2950.3
1361380 2954.9
1361390 2959.1
1361400 2959.1
1361410 2962.9
1361420 2966.7
1361430 2966.7
1361440 2970.9
1361450 2976.0
1361460 2976.0
1361470 2981.5
1361480 2986.9
1361490 2986.9
1361500 2992.1
1361510 2996.9
1361520 2996.9
1361530 3001.3
1361540 3005.5
1361550 3005.5
1361560 3009.6
1361570 3014.3
1361580 3014.3
1361590 3019.3
1361600 3024.3
1361610 3029.1
1361620 3029.1
1361630 3033.5
1361640 3037.8
1361650 3037.8
1361660 3042.1
1361670 3046.2
1361680 3046.2
1361690 3050.3
1361700 3054.4
1361710 3054.4
1361720 3058.5
1361730 3062.7
1361740 3062.7
1361750 3067.0
1361760 3071.5
1361770 3071.5
1361780 3076.1
1361790 3080.6
1361800 3080.6
1361810 3085.2
1361820 3089.9
1361830 3094.8
1361840 3094.8
1361850 3099.9
1361860 3104.8
1361870 3104.8
1361880 3109.6
1361890 3114.4
1361900 3114.4
1361910 3119.2
1361920 3124.0
1361930 3124.0
1361940 3128.6
1361950 3133.2
1361960 3133.2
1361970 3138.1
1361980 3143.3
1361990 3143.3
1362000 3149.3
1362010 3155.6
1362020 3155.6
1362030 3163.7
1362040 3171.5
1362050 3176.8
1362060 3176.8
1362070 3187.1
1362080 3201.6
1362090 3201.6
1362100 3212.2
1362110 3220.6
1362120 3220.6
1362130 3229.0
1362140 3234.8
1362150 3234.8
1362160 3240.3
1362170 3248.7
1362180 3248.7
1362190 3257.4
1362200 3264.8
1362210 3264.8
1362220 3272.5
1362230 3279.9
1362240 3279.9
1362250 3287.1
1362260 3294.0
1362270 3301.3
1362280 3301.3
1362290 3309.0
1362300 3316.6
1362310 3316.6
1362320 3324.4
1362330 3332.4
1362340 3332.4
1362350 3340.5
1362360 3348.6
1362370 3348.6
1362380 3356.5
1362390 3364.2
1362400 3364.2
1362410 3371.7
1362420 3375.1
1362430 3375.1
1362440 3379.8
1362450 3385.5
1362460 3390.7
1362470 3390.7
1362480 3395.5
1362490 3399.7
1362500 3399.7
1362510 3403.1
1362520 3405.7
1362530 3405.7
1362540 3406.9
1362550 3404.0
1362560 3404.0
1362570 3397.9
1362580 3392.4
1362590 3392.4
1362600 3383.9
1362610 3376.3
1362620 3376.3
1362630 3367.0
1362640 3351.3
1362650 3351.3
1362660 3333.6
1362670 3315.6
1362680 3304.8
1362690 3304.8
1362700 3301.4
1362710 3299.0
1362720 3299.0
1362730 3296.2
1362740 3293.1
1362750 3293.1
1362760 3290.7
1362770 3288.3
1362780 3288.3
1362790 3286.5
1362800 3285.5
1362810 3285.5
1362820 3284.9
1362830 3284.6
1362840 3284.6
1362850 3284.6
1362860 3284.8
1362870 3284.8
1362880 3285.6
1362890 3286.5
1362900 3287.3
1362910 3287.3
1362920 3288.1
1362930 3289.0
1362940 3289.0
1362950 3290.3
1362960 3291.9
1362970 3291.9
1362980 3293.7
1362990 3295.3
1363000 3295.3
1363010 3296.6
1363020 3297.6
1363030 3297.6
1363040 3298.3
1363050 3299.0
1363060 3299.0
1363070 3300.0
1363080 3301.2
1363090 3296.6
1363100 3297.6
1363110 3298.7
1363120 3299.5
1363130 3299.5
1363140 3300.1
1363150 3300.4
1363160 3300.4
1363170 3300.2
1363180 3299.8
1363190 3299.8
1363200 3299.2
1363210 3299.1
1363220 3299.1
1363230 3299.9
1363240 3302.0
1363250 3302.0
1363260 3304.5
1363270 3307.1
1363280 3307.1
1363290 3309.3
1363300 3309.0
1363310 3309.0
1363320 3300.7
1363330 3292.2
1363340 3285.3
1363350 3285.3
1363360 3279.5
1363370 3274.0
1363380 3274.0
1363390 3268.9
1363400 3264.7
1363410 3264.7
1363420 3260.6
1363430 3257.2
1363440 3257.2
1363450 3254.9
1363460 3254.4
1363470 3254.4
1363480 3254.5
1363490 3254.7
1363500 3254.7
1363510 3254.9
1363520 3255.0
1363530 3255.0
1363540 3256.1
1363550 3258.3
1363560 3259.6
1363570 3259.6
1363580 3260.3
1363590 3261.2
1363600 3261.2
1363610 3262.5
1363620 3264.2
1363630 3264.2
1363640 3265.7
1363650 3266.8
1363660 3266.8
1363670 3267.3
1363680 3267.4
1363690 3267.4
1363700 3266.9
1363710 3263.8
1363720 3263.8
1363730 3262.7
1363740 3265.5
1363750 3265.5
1363760 3268.7
1363770 3269.8
1363780 3270.3
1363790 3270.3
1363800 3270.6
1363810 3270.7
1363820 3270.7
1363830 3270.6
1363840 3270.5
1363850 3270.5
1363860 3270.5
1363870 3270.5
1363880 3270.5
1363890 3270.8
1363900 3271.4
1363910 3271.4
1363920 3272.1
1363930 3273.1
1363940 3273.1
1363950 3274.5
1363960 3276.0
1363970 3276.0
1363980 3277.7
1363990 3279.5
1364000 3281.3
1364010 3281.3
1364020 3283.1
1364030 3284.8
1364040 3284.8
1364050 3286.2
1364060 3288.3
1364070 3288.3
1364080 3290.0
1364090 3291.3
1364100 3291.3
1364110 3292.5
1364120 3293.9
1364130 3293.9
1364140 3292.4
1364150 3293.6
1364160 3293.6
1364170 3294.5
1364180 3295.5
1364190 3296.7
1364200 3296.7
1364210 3298.0
1364220 3299.6
1364230 3299.6
1364240 3301.4
1364250 3303.2
1364260 3303.2
1364270 3305.0
1364280 3306.8
1364290 3306.8
1364300 3308.7
1364310 3310.6
1364320 3310.6
1364330 3312.9
1364340 3315.5
1364350 3315.5
1364360 3319.0
1364370 3323.6
1364380 3323.6
1364390 3329.0
1364400 3335.9
1364410 3343.8
1364420 3343.8
1364430 3350.1
1364440 3351.6
1364450 3351.6
1364460 3332.7
1364470 3316.6
1364480 3316.6
1364490 3297.7
1364500 3276.0
1364510 3276.0
1364520 3250.8
1364530 3235.8
1364540 3235.8
1364550 3224.9
1364560 3215.3
1364570 3215.3
1364580 3208.7
1364590 3202.6
1364600 3202.6
1364610 3197.6
1364620 3193.2
1364630 3189.5
1364640 3189.5
1364650 3186.0
1364660 3183.0
1364670 3183.0
1364680 3180.7
1364690 3178.6
1364700 3178.6
1364710 3176.3
1364720 3173.9
1364730 3173.9
1364740 3171.7
1364750 3168.9
1364760 3168.9
1364770 3165.8
1364780 3162.0
1364790 3162.0
1364800 3158.0
1364810 3153.7
1364820 3153.7
1364830 3149.5
1364840 3145.4
1364850 3141.3
1364860 3141.3
1364870 3137.3
1364880 3133.3
1364890 3133.3
1364900 3129.8
1364910 3127.5
1364920 3127.5
1364930 3124.8
1364940 3122.1
1364950 3122.1
1364960 3119.4
1364970 3116.4
1364980 3116.4
1364990 3114.1
1365000 3112.5
1365010 3112.5
1365020 3111.3
1365030 3110.6
1365040 3110.6
1365050 3110.4
1365060 3110.1
1365070 3109.0
1365080 3109.0
1365090 3106.2
1365100 3102.9
1365110 3102.9
1365120 3100.7
1365130 3098.1
1365140 3098.1
1365150 3095.5
1365160 3092.7
1365170 3092.7
1365180 3089.8
1365190 3084.2
1365200 3084.2
1365210 3082.3
1365220 3080.6
1365230 3080.6
1365240 3079.1
1365250 3077.7
1365260 3077.7
1365270 3076.3
1365280 3075.1
1365290 3073.8
1365300 3073.8
1365310 3072.3
1365320 3069.9
1365330 3069.9
1365340 3067.3
1365350 3065.3
1365360 3065.3
1365370 3062.9
1365380 3060.1
1365390 3060.1
1365400 3057.5
1365410 3055.2
1365420 3055.2
1365430 3053.2
1365440 3051.3
1365450 3051.3
1365460 3049.7
1365470 3048.2
1365480 3048.2
1365490 3046.1
1365500 3040.2
1365510 3039.0
1365520 3039.0
1365530 3035.6
1365540 3030.6
1365550 3030.6
1365560 3025.5
1365570 3020.7
1365580 3020.7
1365590 3016.4
1365600 3012.7
1365610 3012.7
1365620 3009.4
1365630 3006.3
1365640 3006.3
1365650 3003.1
1365660 2999.8
1365670 2999.8
1365680 2996.4
1365690 2993.2
1365700 2993.2
1365710 2990.0
1365720 2986.9
1365730 2982.9
1365740 2982.9
1365750 2977.6
1365760 2972.7
1365770 2972.7
1365780 2967.4
1365790 2962.5
1365800 2962.5
1365810 2958.4
1365820 2954.9
1365830 2954.9
1365840 2950.7
1365850 2946.9
1365860 2946.9
1365870 2942.6
1365880 2938.4
1365890 2938.4
1365900 2934.3
1365910 2930.1
1365920 2925.8
1365930 2925.8
1365940 2921.3
1365950 2916.4
1365960 2916.4
1365970 2911.4
1365980 2906.1
1365990 2906.1
1366000 2900.3
1366010 2894.4
1366020 2894.4
1366030 2888.6
1366040 2883.5
1366050 2883.5
1366060 2879.1
1366070 2875.8
1366080 2875.8
1366090 2874.0
1366100 2873.5
1366110 2873.5
1366120 2873.4
1366130 2873.1
1366140 2871.6
1366150 2871.6
1366160 2869.8
1366170 2867.5
1366180 2867.5
1366190 2864.2
1366200 2860.2
1366210 2860.2
1366220 2855.7
1366230 2851.3
1366240 2851.3
1366250 2846.7
1366260 2839.5
1366270 2839.5
1366280 2835.9
1366290 2832.9
1366300 2832.9
1366310 2830.5
1366320 2828.2
1366330 2828.2
1366340 2825.9
1366350 2823.7
1366360 2821.7
1366370 2821.7
1366380 2819.8
1366390 2818.1
1366400 2818.1
1366410 2816.5
1366420 2815.2
1366430 2815.2
1366440 2814.3
1366450 2813.6
1366460 2813.6
1366470 2813.1
1366480 2813.0
1366490 2813.0
1366500 2813.4
1366510 2812.5
1366520 2812.5
1366530 2812.6
1366540 2811.5
1366550 2811.5
1366560 2810.9
1366570 2810.5
1366580 2809.3
1366590 2809.3
1366600 2808.3
1366610 2807.7
1366620 2807.7
1366630 2806.6
1366640 2805.9
1366650 2805.9
1366660 2804.4
1366670 2804.2
1366680 2804.2
1366690 2803.0
1366700 2802.9
1366710 2802.9
1366720 2803.2
1366730 2803.9
1366740 2803.9
1366750 2803.7
1366760 2802.6
1366770 2802.6
1366780 2801.0
1366790 2799.0
1366800 2797.4
1366810 2797.4
1366820 2796.3
1366830 2795.5
1366840 2795.5
1366850 2795.3
1366860 2795.8
1366870 2795.8
1366880 2796.7
1366890 2796.9
1366900 2796.9
1366910 2796.4
1366920 2794.6
1366930 2794.6
1366940 2792.9
1366950 2790.1
1366960 2790.1
1366970 2787.3
1366980 2780.3
1366990 2780.3
1367000 2774.5
1367010 2770.1
1367020 2766.5
1367030 2766.5
1367040 2764.9
1367050 2763.9
1367060 2763.9
1367070 2761.8
1367080 2759.2
1367090 2759.2
1367100 2754.9
1367110 2748.7
1367120 2748.7
1367130 2741.4
1367140 2734.2
1367150 2734.2
1367160 2728.9
1367170 2726.1
1367180 2726.1
1367190 2722.6
1367200 2718.0
1367210 2718.0
1367220 2714.6
1367230 2709.1
1367240 2701.1
1367250 2701.1
1367260 2694.6
1367270 2687.8
1367280 2687.8
1367290 2681.9
1367300 2677.2
1367310 2677.2
1367320 2671.3
1367330 2665.2
1367340 2665.2
1367350 2657.1
1367360 2645.3
1367370 2645.3
1367380 2636.2
1367390 2628.1
1367400 2628.1
1367410 2621.7
1367420 2618.7
1367430 2618.7
1367440 2616.2
1367450 2613.3
1367460 2611.1
1367470 2611.1
1367480 2609.4
1367490 2606.8
1367500 2606.8
1367510 2604.4
1367520 2605.2
1367530 2605.2
1367540 2605.5
1367550 2602.6
1367560 2602.6
1367570 2597.9
1367580 2592.2
1367590 2592.2
1367600 2586.4
1367610 2584.1
1367620 2584.1
1367630 2582.7
1367640 2579.5
1367650 2573.3
1367660 2573.3
1367670 2568.1
1367680 2560.5
1367690 2560.5
1367700 2553.1
1367710 2544.8
1367720 2544.8
1367730 2535.3
1367740 2523.1
1367750 2523.1
1367760 2514.1
1367770 2503.7
1367780 2503.7
1367790 2489.5
1367800 2457.2
1367810 2457.2
1367820 2433.9
1367830 2416.7
1367840 2416.7
1367850 2401.8
1367860 2387.2
1367870 2379.1
1367880 2379.1
1367890 2371.7
1367900 2364.5
1367910 2364.5
1367920 2357.8
1367930 2351.5
1367940 2351.5
1367950 2344.9
1367960 2338.7
1367970 2338.7
1367980 2333.0
1367990 2326.6
1368000 2326.6
1368010 2322.0
1368020 2319.4
1368030 2319.4
1368040 2316.0
1368050 2313.0
1368060 2313.0
1368070 2311.0
1368080 2308.5
1368090 2306.5
1368100 2306.5
1368110 2304.7
1368120 2303.7
1368130 2303.7
1368140 2302.7
1368150 2302.1
1368160 2302.1
1368170 2301.1
1368180 2300.4
1368190 2300.4
1368200 2299.6
1368210 2299.2
1368220 2299.2
1368230 2298.6
1368240 2297.9
1368250 2297.9
1368260 2297.6
1368270 2297.2
1368280 2297.2
1368290 2298.0
1368300 2298.9
1368310 2299.3
1368320 2299.3
1368330 2299.7
1368340 2300.4
1368350 2300.4
1368360 2301.6
1368370 2303.4
1368380 2303.4
1368390 2304.5
1368400 2305.1
1368410 2305.1
1368420 2306.5
1368430 2308.9
1368440 2308.9
1368450 2311.2
1368460 2312.8
1368470 2312.8
1368480 2313.8
1368490 2314.4
1368500 2314.4
1368510 2315.9
1368520 2317.9
1368530 2320.6
1368540 2320.6
1368550 2325.1
1368560 2331.4
1368570 2331.4
1368580 2337.0
1368590 2341.9
1368600 2341.9
1368610 2346.9
1368620 2350.6
1368630 2350.6
1368640 2354.5
1368650 2360.0
1368660 2360.0
1368670 2365.8
1368680 2372.8
1368690 2372.8
1368700 2380.7
1368710 2389.1
1368720 2389.1
1368730 2397.2
1368740 2406.9
1368750 2416.6
1368760 2416.6
1368770 2426.5
1368780 2440.3
1368790 2440.3
1368800 2449.7
1368810 2457.7
1368820 2457.7
1368830 2465.7
1368840 2472.5
1368850 2472.5
1368860 2478.7
1368870 2484.9
1368880 2484.9
1368890 2490.5
1368900 2497.2
1368910 2497.2
1368920 2503.5
1368930 2509.1
1368940 2509.1
1368950 2514.4
1368960 2517.6
1368970 2521.3
1368980 2521.3
1368990 2524.4
1369000 2526.1
1369010 2526.1
1369020 2529.5
1369030 2534.6
1369040 2534.6
1369050 2539.6
1369060 2542.6
1369070 2542.6
1369080 2545.0
1369090 2546.8
1369100 2546.8
1369110 2549.1
1369120 2552.3
1369130 2552.3
1369140 2556.2
1369150 2560.4
1369160 2560.4
1369170 2565.2
1369180 2569.7
1369190 2572.7
1369200 2572.7
1369210 2575.4
1369220 2577.7
1369230 2577.7
1369240 2579.2
1369250 2580.7
1369260 2580.7
1369270 2582.1
1369280 2583.9
1369290 2583.9
1369300 2585.5
1369310 2587.6
1369320 2587.6
1369330 2589.9
1369340 2592.2
1369350 2592.2
1369360 2594.4
1369370 2596.4
1369380 2598.8
1369390 2598.8
1369400 2601.5
1369410 2604.6
1369420 2604.6
1369430 2607.7
1369440 2610.6
1369450 2610.6
1369460 2614.4
1369470 2618.2
1369480 2618.2
1369490 2622.7
1369500 2628.3
1369510 2628.3
1369520 2632.9
1369530 2639.1
1369540 2639.1
1369550 2645.5
1369560 2650.5
1369570 2650.5
1369580 2654.5
1369590 2658.8
1369600 2663.6
1369610 2663.6
1369620 2668.0
1369630 2671.4
1369640 2671.4
1369650 2675.3
1369660 2678.3
1369670 2678.3
1369680 2683.6
1369690 2691.1
1369700 2691.1
1369710 2698.4
1369720 2704.9
1369730 2704.9
1369740 2706.7
1369750 2705.8
1369760 2705.8
1369770 2704.5
1369780 2703.7
1369790 2703.7
1369800 2704.8
1369810 2706.9
1369820 2709.8
1369830 2709.8
1369840 2714.0
1369850 2717.7
1369860 2717.7
1369870 2720.7
1369880 2723.1
1369890 2723.1
1369900 2725.3
1369910 2727.2
1369920 2727.2
1369930 2728.3
1369940 2731.1
1369950 2731.1
1369960 2734.1
1369970 2736.6
1369980 2736.6
1369990 2739.2
1370000 2742.0
1370010 2742.0
1370020 2745.7
1370030 2749.4
1370040 2753.0
1370050 2753.0
1370060 2757.7
1370070 2762.8
1370080 2762.8
1370090 2767.8
1370100 2772.9
1370110 2772.9
1370120 2777.2
1370130 2781.8
1370140 2781.8
1370150 2786.0
1370160 2789.9
1370170 2789.9
1370180 2794.6
1370190 2800.0
1370200 2800.0
1370210 2807.3
1370220 2814.4
1370230 2814.4
1370240 2821.1
1370250 2826.0
1370260 2829.6
1370270 2829.6
1370280 2833.7
1370290 2836.0
1370300 2836.0
1370310 2836.6
1370320 2837.5
1370330 2837.5
1370340 2837.9
1370350 2838.9
1370360 2838.9
1370370 2841.1
1370380 2844.5
1370390 2844.5
1370400 2849.6
1370410 2855.5
1370420 2855.5
1370430 2862.9
1370440 2871.9
1370450 2871.9
1370460 2883.0
1370470 2894.9
1370480 2900.4
1370490 2900.4
1370500 2897.5
1370510 2895.0
1370520 2895.0
1370530 2892.8
1370540 2891.6
1370550 2891.6
1370560 2892.1
1370570 2893.8
1370580 2893.8
1370590 2893.2
1370600 2890.3
1370610 2890.3
1370620 2879.5
1370630 2878.7
1370640 2878.7
1370650 2878.4
1370660 2878.6
1370670 2878.6
1370680 2878.9
1370690 2879.3
1370700 2879.6
1370710 2879.6
1370720 2879.7
1370730 2880.3
1370740 2880.3
1370750 2879.7
1370760 2878.1
1370770 2878.1
1370780 2877.0
1370790 2876.2
1370800 2876.2
1370810 2875.6
1370820 2874.9
1370830 2874.9
1370840 2874.1
1370850 2872.4
1370860 2872.4
1370870 2870.1
1370880 2867.9
1370890 2867.9
1370900 2865.2
1370910 2865.2
1370920 2866.9
1370930 2866.9
1370940 2869.6
1370950 2870.8
1370960 2870.8
1370970 2873.8
1370980 2875.9
1370990 2875.9
1371000 2877.5
1371010 2879.8
1371020 2879.8
1371030 2882.2
1371040 2881.0
1371050 2881.0
1371060 2879.1
1371070 2877.9
1371080 2877.9
1371090 2876.5
1371100 2875.9
1371110 2875.8
1371120 2875.8
1371130 2876.9
1371140 2879.9
1371150 2879.9
1371160 2885.6
1371170 2891.1
1371180 2891.1
1371190 2892.5
1371200 2892.6
1371210 2892.6
1371220 2892.1
1371230 2887.9
1371240 2887.9
1371250 2881.3
1371260 2871.5
1371270 2871.5
1371280 2852.1
1371290 2839.4
1371300 2839.4
1371310 2834.6
1371320 2826.8
1371330 2813.5
1371340 2813.5
1371350 2801.8
1371360 2794.1
1371370 2794.1
1371380 2787.8
1371390 2782.5
1371400 2782.5
1371410 2777.1
1371420 2772.1
1371430 2772.1
1371440 2766.4
1371450 2761.0
1371460 2761.0
1371470 2755.8
1371480 2750.7
1371490 2750.7
1371500 2745.6
1371510 2741.9
1371520 2741.9
1371530 2739.5
1371540 2738.2
1371550 2737.7
1371560 2737.7
1371570 2740.7
1371580 2741.3
1371590 2741.3
1371600 2740.4
1371610 2739.9
1371620 2739.9
1371630 2739.6
1371640 2736.4
1371650 2736.4
1371660 2733.7
1371670 2731.5
1371680 2731.5
1371690 2728.9
1371700 2727.1
1371710 2727.1
1371720 2725.3
1371730 2723.7
1371740 2720.6
1371750 2719.2
1371760 2719.8
1371770 2718.9
1371780 2718.9
1371790 2717.8
1371800 2715.9
1371810 2715.9
1371820 2711.8
1371830 2707.8
1371840 2707.8
1371850 2706.2
1371860 2705.3
1371870 2705.3
1371880 2703.2
1371890 2701.7
1371900 2701.7
1371910 2701.0
1371920 2699.5
1371930 2699.5
1371940 2696.4
1371950 2694.8
1371960 2694.8
1371970 2692.6
1371980 2690.7
1371990 2689.5
1372000 2689.5
1372010 2688.1
1372020 2684.8
1372030 2684.8
1372040 2680.4
1372050 2675.1
1372060 2675.1
1372070 2671.5
1372080 2666.5
1372090 2666.5
1372100 2659.9
1372110 2653.9
1372120 2653.9
1372130 2650.0
1372140 2647.2
1372150 2647.2
1372160 2643.1
1372170 2641.0
1372180 2641.0
1372190 2640.5
1372200 2638.1
1372210 2635.7
1372220 2635.7
1372230 2633.2
1372240 2629.4
1372250 2629.4
1372260 2624.8
1372270 2622.2
1372280 2622.2
1372290 2620.7
1372300 2619.1
1372310 2619.1
1372320 2615.9
1372330 2612.5
1372340 2612.5
1372350 2609.1
1372360 2604.6
1372370 2604.6
1372380 2600.7
1372390 2600.4
1372400 2600.4
1372410 2599.4
1372420 2597.9
1372430 2595.9
1372440 2595.9
1372450 2593.6
1372460 2588.4
1372470 2588.4
1372480 2577.8
1372490 2571.4
1372500 2571.4
1372510 2568.0
1372520 2564.2
1372530 2564.2
1372540 2560.7
1372550 2556.9
1372560 2556.9
1372570 2553.4
1372580 2550.3
1372590 2550.3
1372600 2545.2
1372610 2542.3
1372620 2542.3
1372630 2539.7
1372640 2535.1
1372650 2529.8
1372660 2529.8
1372670 2525.1
1372680 2520.5
1372690 2520.5
1372700 2512.8
1372710 2509.6
1372720 2509.6
1372730 2506.5
1372740 2503.1
1372750 2503.1
1372760 2498.7
1372770 2494.4
1372780 2494.4
1372790 2489.8
1372800 2486.0
1372810 2486.0
1372820 2483.4
1372830 2479.0
1372840 2475.5
1372850 2475.5
1372860 2472.6
1372870 2459.5
1372880 2459.5
1372890 2454.1
1372900 2449.9
1372910 2449.9
1372920 2443.4
1372930 2434.8
1372940 2434.8
1372950 2424.4
1372960 2412.3
1372970 2412.3
1372980 2405.5
1372990 2401.7
1373000 2401.7
1373010 2399.4
1373020 2396.8
1373030 2396.8
1373040 2392.6
1373050 2388.6
1373060 2380.0
1373070 2380.0
1373080 2368.4
1373090 2354.0
1373100 2354.0
1373110 2336.9
1373120 2329.1
1373130 2329.1
1373140 2322.5
1373150 2315.3
1373160 2315.3
1373170 2308.0
1373180 2300.6
1373190 2300.6
1373200 2293.3
1373210 2286.4
1373220 2286.4
1373230 2278.4
1373240 2270.1
1373250 2270.1
1373260 2262.5
1373270 2255.2
1373280 2248.2
1373290 2248.2
1373300 2241.1
1373310 2234.3
1373320 2234.3
1373330 2227.9
1373340 2222.2
1373350 2222.2
1373360 2217.4
1373370 2211.8
1373380 2211.8
1373390 2205.6
1373400 2200.6
1373410 2200.6
1373420 2196.3
1373430 2194.5
1373440 2194.5
1373450 2193.6
1373460 2192.5
1373470 2192.5
1373480 2193.3
1373490 2193.2
1373500 2193.1
1373510 2193.1
1373520 2192.4
1373530 2191.2
1373540 2191.2
1373550 2192.0
1373560 2192.4
1373570 2192.4
1373580 2192.2
1373590 2191.8
1373600 2191.8
1373610 2192.2
1373620 2192.8
1373630 2192.8
1373640 2193.3
1373650 2194.1
1373660 2194.1
1373670 2195.0
1373680 2195.8
1373690 2195.8
1373700 2196.5
1373710 2197.1
1373720 2197.8
1373730 2197.8
1373740 2199.3
1373750 2201.7
1373760 2201.7
1373770 2203.0
1373780 2204.8
1373790 2204.8
1373800 2206.9
1373810 2209.9
1373820 2209.9
1373830 2213.5
1373840 2217.7
1373850 2217.7
1373860 2220.8
1373870 2222.4
1373880 2222.4
1373890 2225.0
1373900 2227.4
1373910 2227.4
1373920 2230.4
1373930 2233.5
1373940 2235.1
1373950 2235.1
1373960 2237.7
1373970 2240.4
1373980 2240.4
1373990 2242.6
1374000 2247.8
1374010 2249.8
1374020 2254.0
1374030 2256.2
1374040 2256.2
1374050 2259.1
1374060 2262.3
1374070 2262.3
1374080 2265.5
1374090 2267.6
1374100 2267.6
1374110 2270.9
1374120 2275.4
1374130 2275.4
1374140 2279.9
1374150 2284.4
1374160 2288.3
1374170 2288.3
1374180 2293.0
1374190 2300.1
1374200 2300.1
1374210 2305.8
1374220 2309.1
1374230 2309.1
1374240 2310.5
1374250 2311.2
1374260 2311.2
1374270 2312.5
1374280 2316.4
1374290 2316.4
1374300 2321.0
1374310 2327.4
1374320 2327.4
1374330 2335.9
1374340 2350.1
1374350 2350.1
1374360 2363.2
1374370 2369.4
1374380 2370.7
1374390 2370.7
1374400 2372.7
1374410 2375.4
1374420 2375.4
1374430 2378.2
1374440 2382.3
1374450 2382.3
1374460 2388.0
1374470 2393.8
1374480 2393.8
1374490 2398.3
1374500 2402.8
1374510 2402.8
1374520 2406.8
1374530 2412.2
1374540 2412.2
1374550 2420.6
1374560 2425.8
1374570 2426.1
1374580 2426.1
1374590 2425.5
1374600 2426.5
1374610 2426.5
1374620 2427.4
1374630 2428.4
1374640 2428.4
1374650 2432.2
1374660 2437.5
1374670 2437.5
1374680 2441.5
1374690 2444.0
1374700 2444.0
1374710 2445.8
1374720 2446.0
1374730 2446.0
1374740 2444.8
1374750 2445.2
1374760 2445.2
1374770 2446.6
1374780 2447.8
1374790 2449.7
1374800 2449.7
1374810 2452.0
1374820 2454.3
1374830 2454.3
1374840 2456.3
1374850 2459.7
1374860 2459.7
1374870 2463.6
1374880 2466.6
1374890 2466.6
1374900 2471.4
1374910 2476.9
1374920 2476.9
1374930 2480.9
1374940 2481.4
1374950 2481.4
1374960 2481.8
1374970 2481.5
1374980 2481.5
1374990 2481.1
1375000 2482.1
1375010 2482.6
1375020 2482.6
1375030 2481.7
1375040 2478.9
1375050 2478.9
1375060 2477.4
1375070 2477.5
1375080 2477.5
1375090 2478.7
1375100 2480.7
1375110 2480.7
1375120 2480.9
1375130 2478.0
1375140 2478.0
1375150 2471.8
1375160 2452.7
1375170 2452.7
1375180 2448.7
1375190 2445.3
1375200 2445.3
1375210 2441.7
1375220 2437.0
1375230 2434.1
1375240 2434.1
1375250 2433.7
1375260 2434.5
1375270 2434.5
1375280 2435.6
1375290 2438.0
1375300 2438.0
1375310 2441.8
1375320 2445.0
1375330 2445.0
1375340 2447.6
1375350 2449.4
1375360 2449.4
1375370 2451.4
1375380 2454.2
1375390 2454.2
1375400 2457.8
1375410 2463.4
1375420 2463.4
1375430 2470.2
1375440 2475.5
1375450 2479.5
1375460 2479.5
1375470 2483.9
1375480 2488.2
1375490 2488.2
1375500 2492.0
1375510 2495.5
1375520 2495.5
1375530 2498.4
1375540 2500.5
1375550 2500.5
1375560 2502.0
1375570 2503.3
1375580 2503.3
1375590 2504.7
1375600 2506.1
1375610 2506.1
1375620 2507.4
1375630 2508.5
1375640 2508.5
1375650 2510.3
1375660 2512.0
1375670 2513.3
1375680 2513.3
1375690 2515.0
1375700 2517.0
1375710 2517.0
1375720 2518.3
1375730 2519.8
1375740 2519.8
1375750 2521.6
1375760 2522.7
1375770 2522.7
1375780 2523.9
1375790 2525.4
1375800 2525.4
1375810 2527.4
1375820 2528.4
1375830 2528.4
1375840 2530.7
1375850 2533.0
1375860 2533.0
1375870 2536.6
1375880 2539.2
1375890 2542.1
1375900 2542.1
1375910 2544.5
1375920 2546.6
1375930 2546.6
1375940 2548.8
1375950 2551.7
1375960 2551.7
1375970 2554.8
1375980 2558.1
1375990 2558.1
1376000 2561.3
1376010 2564.1
1376020 2564.1
1376030 2566.8
1376040 2569.4
1376050 2569.4
1376060 2571.7
1376070 2574.0
1376080 2574.0
1376090 2576.4
1376100 2578.9
1376110 2581.6
1376120 2581.6
1376130 2582.9
1376140 2584.0
1376150 2584.0
1376160 2585.6
1376170 2587.0
1376180 2587.0
1376190 2588.6
1376200 2590.6
1376210 2590.6
1376220 2594.2
1376230 2595.5
1376240 2595.5
1376250 2595.1
1376260 2597.1
1376270 2597.1
1376280 2599.5
1376290 2602.1
1376300 2604.8
1376310 2604.8
1376320 2609.0
1376330 2612.4
1376340 2612.4
1376350 2616.0
1376360 2620.6
1376370 2620.6
1376380 2625.4
1376390 2630.0
1376400 2630.0
1376410 2634.6
1376420 2640.1
1376430 2640.1
1376440 2645.4
1376450 2650.9
1376460 2650.9
1376470 2657.5
1376480 2665.1
1376490 2665.1
1376500 2673.3
1376510 2681.6
1376520 2689.6
1376530 2689.6
1376540 2694.9
1376550 2698.6
1376560 2698.6
1376570 2703.3
1376580 2706.9
1376590 2706.9
1376600 2709.7
1376610 2712.4
1376620 2712.4
1376630 2716.0
1376640 2720.6
1376650 2720.6
1376660 2725.1
1376670 2730.1
1376680 2730.1
1376690 2735.6
1376700 2741.9
1376710 2741.9
1376720 2749.2
1376730 2756.4
1376740 2762.8
1376750 2762.8
1376760 2768.4
1376770 2774.4
1376780 2774.4
1376790 2782.7
1376800 2788.2
1376810 2788.2
1376820 2792.6
1376830 2800.4
1376840 2800.4
1376850 2811.4
1376860 2818.0
1376870 2818.0
1376880 2824.5
1376890 2830.1
1376900 2830.1
1376910 2833.2
1376920 2840.5
1376930 2840.5
1376940 2852.8
1376950 2861.1
1376960 2872.4
1376970 2872.4
1376980 2881.8
1376990 2888.9
1377000 2888.9
1377010 2894.9
1377020 2903.7
1377030 2903.7
1377040 2917.4
1377050 2922.7
1377060 2922.7
1377070 2932.7
1377080 2953.7
1377090 2953.7
1377100 2967.0
1377110 2975.5
1377120 2975.5
1377130 2981.2
1377140 2991.3
1377150 2991.3
1377160 2997.6
1377170 2999.0
1377180 2986.2
1377190 2986.2
1377200 2978.8
1377210 2980.5
1377220 2980.5
1377230 2994.8
1377240 3015.8
1377250 3015.8
1377260 3009.6
1377270 2990.0
1377280 2990.0
1377290 2969.5
1377300 2958.0
1377310 2958.0
1377320 2953.7
1377330 2951.1
1377340 2951.1
1377350 2943.9
1377360 2936.4
1377370 2936.4
1377380 2930.5
1377390 2926.5
1377400 2923.2
1377410 2923.2
1377420 2920.0
1377430 2912.7
1377440 2912.7
1377450 2902.9
1377460 2896.2
1377470 2896.2
1377480 2891.2
1377490 2886.1
1377500 2881.6
1377510 2876.6
1377520 2871.5
1377530 2871.5
1377540 2866.4
1377550 2861.3
1377560 2861.3
1377570 2855.5
1377580 2849.8
1377590 2849.8
1377600 2845.3
1377610 2842.5
1377620 2840.8
1377630 2840.8
1377640 2838.5
1377650 2836.0
1377660 2836.0
1377670 2833.5
1377680 2832.1
1377690 2832.1
1377700 2832.3
1377710 2833.0
1377720 2833.0
1377730 2832.6
1377740 2831.6
1377750 2831.6
1377760 2830.6
1377770 2830.4
1377780 2830.4
1377790 2830.4
1377800 2825.9
1377810 2825.9
1377820 2823.1
1377830 2822.1
1377840 2821.8
1377850 2821.8
1377860 2821.9
1377870 2822.4
1377880 2822.4
1377890 2824.8
1377900 2829.3
1377910 2829.3
1377920 2835.1
1377930 2840.7
1377940 2840.7
1377950 2846.3
1377960 2852.9
1377970 2852.9
1377980 2864.5
1377990 2872.7
1378000 2872.7
1378010 2873.5
1378020 2871.4
1378030 2870.3
1378040 2870.3
1378050 2870.4
1378060 2870.7
1378070 2870.7
1378080 2871.7
1378090 2873.5
1378100 2873.5
1378110 2876.4
1378120 2878.5
1378130 2878.5
1378140 2879.9
1378150 2880.2
1378160 2880.2
1378170 2880.4
1378180 2881.0
1378190 2881.0
1378200 2882.2
1378210 2882.4
1378220 2882.4
1378230 2880.3
1378240 2877.8
1378250 2875.9
1378260 2875.9
1378270 2874.5
1378280 2872.4
1378290 2872.4
1378300 2869.1
1378310 2866.5
1378320 2866.5
1378330 2864.9
1378340 2863.8
1378350 2863.8
1378360 2863.8
1378370 2865.1
1378380 2865.1
1378390 2866.9
1378400 2866.5
1378410 2866.5
1378420 2864.7
1378430 2860.2
1378440 2860.2
1378450 2856.9
1378460 2852.6
1378470 2846.8
1378480 2846.8
1378490 2842.0
1378500 2839.5
1378510 2839.5
1378520 2837.4
1378530 2836.6
1378540 2836.6
1378550 2839.0
1378560 2839.9
1378570 2839.9
1378580 2838.1
1378590 2839.3
1378600 2839.3
1378610 2839.6
1378620 2837.5
1378630 2837.5
1378640 2834.3
1378650 2826.6
1378660 2826.6
1378670 2812.3
1378680 2805.5
1378690 2795.4
1378700 2795.4
1378710 2799.1
1378720 2805.4
1378730 2805.4
1378740 2807.1
1378750 2801.0
1378760 2801.0
1378770 2791.9
1378780 2792.4
1378790 2792.4
1378800 2795.8
1378810 2806.7
1378820 2806.7
1378830 2819.0
1378840 2824.6
1378850 2824.6
1378860 2828.0
1378870 2830.4
1378880 2830.4
1378890 2831.6
1378900 2830.0
1378910 2829.1
1378920 2829.1
1378930 2831.5
1378940 2835.8
1378950 2835.8
1378960 2838.5
1378970 2838.7
1378980 2838.7
1378990 2838.8
1379000 2843.1
1379010 2843.1
1379020 2850.6
1379030 2855.6
1379040 2855.6
1379050 2859.7
1379060 2863.6
1379070 2863.6
1379080 2867.7
1379090 2872.9
1379100 2872.9
1379110 2879.2
1379120 2886.4
1379130 2892.8
1379140 2892.8
1379150 2899.2
1379160 2913.1
1379170 2913.1
1379180 2921.8
1379190 2934.0
1379200 2934.0
1379210 2956.5
1379220 2968.3
1379230 2968.3
1379240 2970.9
1379250 2973.6
1379260 2973.6
1379270 2975.9
1379280 2978.6
1379290 2978.6
1379300 2982.3
1379310 2987.6
1379320 2987.6
1379330 2993.1
1379340 2996.1
1379350 2997.3
1379360 2997.3
1379370 2997.2
1379380 2996.0
1379390 2996.0
1379400 2991.5
1379410 2986.6
1379420 2986.6
1379430 2981.0
1379440 2979.5
1379450 2979.5
1379460 2977.3
1379470 2973.6
1379480 2973.6
1379490 2968.3
1379500 2962.7
1379510 2962.7
1379520 2958.0
1379530 2957.3
1379540 2957.3
1379550 2954.9
1379560 2952.0
1379570 2954.2
1379580 2954.2
1379590 2962.5
1379600 2969.6
1379610 2969.6
1379620 2973.3
1379630 2974.9
1379640 2974.9
1379650 2975.9
1379660 2976.6
1379670 2976.6
1379680 2979.4
1379690 2981.7
1379700 2981.7
1379710 2982.0
1379720 2978.5
1379730 2978.5
1379740 2976.5
1379750 2975.2
1379760 2971.0
1379770 2971.0
1379780 2963.5
1379790 2953.5
1379800 2953.5
1379810 2942.1
1379820 2929.3
1379830 2929.3
1379840 2916.6
1379850 2904.0
1379860 2904.0
1379870 2894.1
1379880 2887.0
1379890 2882.1
1379900 2880.2
1379910 2876.6
1379920 2876.6
1379930 2874.2
1379940 2874.9
1379950 2874.9
1379960 2876.0
1379970 2876.9
1379980 2878.1
1379990 2878.1
