1361570 2887.2
1361580 2887.2
1361590 2905.5
1361600 2917.6
1361610 2917.6
1361620 2927.8
1361630 2937.2
1361640 2937.2
1361650 2947.4
1361660 2958.5
1361670 2968.8
1361680 2968.8
1361690 2978.5
1361700 2987.8
1361710 2987.8
1361720 2995.8
1361730 3003.6
1361740 3003.6
1361750 3011.7
1361760 3023.3
1361770 3023.3
1361780 3035.8
1361790 3046.5
1361800 3046.5
1361810 3059.3
1361820 3070.7
1361830 3070.7
1361840 3086.9
1361850 3105.4
1361860 3120.0
1361870 3120.0
1361880 3132.8
1361890 3130.5
1361900 3130.5
1361910 3120.2
1361920 3115.3
1361930 3115.3
1361940 3110.3
1361950 3105.8
1361960 3105.8
1361970 3106.4
1361980 3107.3
1361990 3107.3
1362000 3106.9
1362010 3107.2
1362020 3107.2
1362030 3110.3
1362040 3112.3
1362050 3112.3
1362060 3113.0
1362070 3116.3
1362080 3118.8
1362090 3118.8
1362100 3113.8
1362110 3100.6
1362120 3100.6
1362130 3090.4
1362140 3082.1
1362150 3082.1
1362160 3076.2
1362170 3066.2
1362180 3066.2
1362190 3054.1
1362200 3040.3
1362210 3040.3
1362220 3027.8
1362230 3013.1
1362240 3013.1
1362250 2997.6
1362260 2981.2
1362270 2981.2
1362280 2962.6
1362290 2951.4
1362300 2941.9
1362310 2941.9
1362320 2935.9
1362330 2943.9
1362340 2943.9
1362350 2940.0
1362360 2928.0
1362370 2928.0
1362380 2912.6
1362390 2909.4
1362400 2909.4
1362410 2909.0
1362420 2909.0
1362430 2909.0
1362440 2908.7
1362450 2907.2
1362460 2907.2
1362470 2905.9
1362480 2905.5
1362490 2905.5
1362500 2908.3
1362510 2911.8
1362520 2912.2
1362530 2912.2
1362540 2915.4
1362550 2916.0
1362560 2916.0
1362570 2914.7
1362580 2914.9
1362590 2914.9
1362600 2913.7
1362610 2909.7
1362620 2909.7
1362630 2908.2
1362640 2908.9
1362650 2908.9
1362660 2907.7
1362670 2908.1
1362680 2908.1
1362690 2908.1
1362700 2910.6
1362710 2910.6
1362720 2914.4
1362730 2919.4
1362740 2926.7
1362750 2926.7
1362760 2926.6
1362770 2917.3
1362780 2917.3
1362790 2916.5
1362800 2916.5
1362810 2916.5
1362820 2917.9
1362830 2914.7
1362840 2914.7
1362850 2909.7
1362860 2899.6
1362870 2899.6
1362880 2891.2
1362890 2885.1
1362900 2885.1
1362910 2878.6
1362920 2877.0
1362930 2877.0
1362940 2880.3
1362950 2878.7
1362960 2876.6
1362970 2876.6
1362980 2876.1
1362990 2876.5
1363000 2876.5
1363010 2877.6
1363020 2879.2
1363030 2879.2
1363040 2880.3
1363050 2882.8
1363060 2882.8
1363070 2886.1
1363080 2889.3
1363090 2889.3
1363100 2892.7
1363110 2894.7
1363120 2894.7
1363130 2895.7
1363140 2894.9
1363150 2894.9
1363160 2898.9
1363170 2903.4
1363180 2892.8
1363190 2892.8
1363200 2889.7
1363210 2898.9
1363220 2898.9
1363230 2909.0
1363240 2910.5
1363250 2910.5
1363260 2911.0
1363270 2912.4
1363280 2912.4
1363290 2914.9
1363300 2917.7
1363310 2917.7
1363320 2920.2
1363330 2922.5
1363340 2922.5
1363350 2924.6
1363360 2927.0
1363370 2929.0
1363380 2931.1
1363390 2933.4
1363400 2935.6
1363410 2935.6
1363420 2938.0
1363430 2940.3
1363440 2940.3
1363450 2942.3
1363460 2944.2
1363470 2944.2
1363480 2946.2
1363490 2948.9
1363500 2948.9
1363510 2951.9
1363520 2954.7
1363530 2954.7
1363540 2957.3
1363550 2959.7
1363560 2959.7
1363570 2961.9
1363580 2962.9
1363590 2962.9
1363600 2965.8
1363610 2968.4
1363620 2970.8
1363630 2970.8
1363640 2973.0
1363650 2975.1
1363660 2975.1
1363670 2977.0
1363680 2979.0
1363690 2979.0
1363700 2980.9
1363710 2982.8
1363720 2982.8
1363730 2984.7
1363740 2986.6
1363750 2986.6
1363760 2988.6
1363770 2990.7
1363780 2990.7
1363790 2990.4
1363800 2990.0
1363810 2990.0
1363820 2996.4
1363830 2999.0
1363840 3001.6
1363850 3001.6
1363860 3004.1
1363870 3006.4
1363880 3006.4
1363890 3008.5
1363900 3010.5
1363910 3010.5
1363920 3012.5
1363930 3014.5
1363940 3014.5
1363950 3016.6
1363960 3018.7
1363970 3018.7
1363980 3020.9
1363990 3023.2
1364000 3023.2
1364010 3026.0
1364020 3029.5
1364030 3029.5
1364040 3033.4
1364050 3038.0
1364060 3042.7
1364070 3042.7
1364080 3047.5
1364090 3052.1
1364100 3052.1
1364110 3056.5
1364120 3061.3
1364130 3061.3
1364140 3066.5
1364150 3088.7
1364160 3088.7
1364170 3105.9
1364180 3119.1
1364190 3119.1
1364200 3126.8
1364210 3141.4
1364220 3141.4
1364230 3151.3
1364240 3158.0
1364250 3158.0
1364260 3165.4
1364270 3174.9
1364280 3187.6
1364290 3187.6
1364300 3196.3
1364310 3205.6
1364320 3205.6
1364330 3215.5
1364340 3225.4
1364350 3225.4
1364360 3234.9
1364370 3243.2
1364380 3243.2
1364390 3250.7
1364400 3256.1
1364410 3256.1
1364420 3265.8
1364430 3264.3
1364440 3264.3
1364450 3259.5
1364460 3254.3
1364470 3246.7
1364480 3246.7
1364490 3240.8
1364500 3241.2
1364510 3241.2
1364520 3241.8
1364530 3242.4
1364540 3242.4
1364550 3245.0
1364560 3246.3
1364570 3246.3
1364580 3249.0
1364590 3252.2
1364600 3252.2
1364610 3256.0
1364620 3258.8
1364630 3258.8
1364640 3261.8
1364650 3260.2
1364660 3260.2
1364670 3258.9
1364680 3260.3
1364690 3259.4
1364700 3259.4
1364710 3258.9
1364720 3260.3
1364730 3260.3
1364740 3262.3
1364750 3260.1
1364760 3260.1
1364770 3262.0
1364780 3260.9
1364790 3260.9
1364800 3262.2
1364810 3264.6
1364820 3264.6
1364830 3266.1
1364840 3268.9
1364850 3268.9
1364860 3272.2
1364870 3276.5
1364880 3276.5
1364890 3279.6
1364900 3283.9
1364910 3288.8
1364920 3288.8
1364930 3294.7
1364940 3299.7
1364950 3299.7
1364960 3304.4
1364970 3308.7
1364980 3308.7
1364990 3313.7
1365000 3320.2
1365010 3320.2
1365020 3324.5
1365030 3329.7
1365040 3329.7
1365050 3336.5
1365060 3344.3
1365070 3344.3
1365080 3350.6
1365090 3355.4
1365100 3355.4
1365110 3362.1
1365120 3370.3
1365130 3378.9
1365140 3378.9
1365150 3386.6
1365160 3393.7
1365170 3393.7
1365180 3402.1
1365190 3407.9
1365200 3407.9
1365210 3405.1
1365220 3398.7
1365230 3398.7
1365240 3387.7
1365250 3374.1
1365260 3374.1
1365270 3367.1
1365280 3360.8
1365290 3360.8
1365300 3354.7
1365310 3351.0
1365320 3351.0
1365330 3346.2
1365340 3341.8
1365350 3338.1
1365360 3338.1
1365370 3335.0
1365380 3333.0
1365390 3333.0
1365400 3332.6
1365410 3332.7
1365420 3332.7
1365430 3333.0
1365440 3333.2
1365450 3333.2
1365460 3333.3
1365470 3333.4
1365480 3328.9
1365490 3329.1
1365500 3329.1
1365510 3329.1
1365520 3328.8
1365530 3328.6
1365540 3328.6
1365550 3329.3
1365560 3329.7
1365570 3329.6
1365580 3329.6
1365590 3329.3
1365600 3329.0
1365610 3329.0
1365620 3329.0
1365630 3329.2
1365640 3329.2
1365650 3329.3
1365660 3329.5
1365670 3329.5
1365680 3330.1
1365690 3331.2
1365700 3331.2
1365710 3332.2
1365720 3333.3
1365730 3333.3
1365740 3334.5
1365750 3336.2
1365760 3336.2
1365770 3337.6
1365780 3337.3
1365790 3335.2
1365800 3335.2
1365810 3325.2
1365820 3316.5
1365830 3316.5
1365840 3311.0
1365850 3306.6
1365860 3306.6
1365870 3301.6
1365880 3291.8
1365890 3291.8
1365900 3281.8
1365910 3272.6
1365920 3272.6
1365930 3263.6
1365940 3254.8
1365950 3254.8
1365960 3245.7
1365970 3232.8
1365980 3232.8
1365990 3222.5
1366000 3214.1
1366010 3206.2
1366020 3206.2
1366030 3198.4
1366040 3190.6
1366050 3190.6
1366060 3183.0
1366070 3175.3
1366080 3175.3
1366090 3167.8
1366100 3160.7
1366110 3160.7
1366120 3154.0
1366130 3147.5
1366140 3147.5
1366150 3141.3
1366160 3135.2
1366170 3135.2
1366180 3129.3
1366190 3123.3
1366200 3123.3
1366210 3117.1
1366220 3111.3
1366230 3106.4
1366240 3106.4
1366250 3101.4
1366260 3095.6
1366270 3095.6
1366280 3089.7
1366290 3084.5
1366300 3084.5
1366310 3078.9
1366320 3072.8
1366330 3072.8
1366340 3066.9
1366350 3060.3
1366360 3060.3
1366370 3053.8
1366380 3046.7
1366390 3046.7
1366400 3039.8
1366410 3032.5
1366420 3032.5
1366430 3024.7
1366440 3016.7
1366450 3008.9
1366460 3008.9
1366470 3001.0
1366480 2994.4
1366490 2994.4
1366500 2989.4
1366510 2985.7
1366520 2985.7
1366530 2982.9
1366540 2980.5
1366550 2978.3
1366560 2975.7
1366570 2972.4
1366580 2972.4
1366590 2970.2
1366600 2967.5
1366610 2967.5
1366620 2963.9
1366630 2959.4
1366640 2959.4
1366650 2954.4
1366660 2945.6
1366670 2942.1
1366680 2942.1
1366690 2935.5
1366700 2930.0
1366710 2930.0
1366720 2923.6
1366730 2909.7
1366740 2909.7
1366750 2894.1
1366760 2882.1
1366770 2882.1
1366780 2872.2
1366790 2864.4
1366800 2864.4
1366810 2859.8
1366820 2857.3
1366830 2857.3
1366840 2855.0
1366850 2853.2
1366860 2851.6
1366870 2851.6
1366880 2850.0
1366890 2848.4
1366900 2848.4
1366910 2846.7
1366920 2844.7
1366930 2844.7
1366940 2842.3
1366950 2840.0
1366960 2840.0
1366970 2837.6
1366980 2834.9
1366990 2834.9
1367000 2832.0
1367010 2828.5
1367020 2828.5
1367030 2824.7
1367040 2820.3
1367050 2820.3
1367060 2815.7
1367070 2811.2
1367080 2807.0
1367090 2807.0
1367100 2802.8
1367110 2798.6
1367120 2798.6
1367130 2794.4
1367140 2790.8
1367150 2790.8
1367160 2787.4
1367170 2784.2
1367180 2784.2
1367190 2781.0
1367200 2777.6
1367210 2777.6
1367220 2773.8
1367230 2769.8
1367240 2769.8
1367250 2764.6
1367260 2758.9
1367270 2758.9
1367280 2752.4
1367290 2745.3
1367300 2737.2
1367310 2737.2
1367320 2727.2
1367330 2718.9
1367340 2718.9
1367350 2709.0
1367360 2700.1
1367370 2700.1
1367380 2690.2
1367390 2682.7
1367400 2682.7
1367410 2677.5
1367420 2672.3
1367430 2672.3
1367440 2666.3
1367450 2658.7
1367460 2658.7
1367470 2647.1
1367480 2633.0
1367490 2633.0
1367500 2611.5
1367510 2597.0
1367520 2587.3
1367530 2587.3
1367540 2578.5
1367550 2568.4
1367560 2568.4
1367570 2553.1
1367580 2540.9
1367590 2540.9
1367600 2534.3
1367610 2530.4
1367620 2530.4
1367630 2546.1
1367640 2542.0
1367650 2542.0
1367660 2533.0
1367670 2523.6
1367680 2523.6
1367690 2515.4
1367700 2503.8
1367710 2503.8
1367720 2493.4
1367730 2485.1
1367740 2473.8
1367750 2473.8
1367760 2457.3
1367770 2441.8
1367780 2441.8
1367790 2431.8
1367800 2426.2
1367810 2426.2
1367820 2421.4
1367830 2416.7
1367840 2416.7
1367850 2412.1
1367860 2407.5
1367870 2407.5
1367880 2403.8
1367890 2399.8
1367900 2399.8
1367910 2395.7
1367920 2391.8
1367930 2391.8
1367940 2387.1
1367950 2382.0
1367960 2377.0
1367970 2377.0
1367980 2371.8
1367990 2367.6
1368000 2367.6
1368010 2364.9
1368020 2363.3
1368030 2363.3
1368040 2362.4
1368050 2362.3
1368060 2362.3
1368070 2362.4
1368080 2362.9
1368090 2362.9
1368100 2363.2
1368110 2362.6
1368120 2362.6
1368130 2362.4
1368140 2362.5
1368150 2362.5
1368160 2364.7
1368170 2365.1
1368180 2361.4
1368190 2361.4
1368200 2355.7
1368210 2350.8
1368220 2350.8
1368230 2348.0
1368240 2345.9
1368250 2345.9
1368260 2344.2
1368270 2342.4
1368280 2342.4
1368290 2340.6
1368300 2339.5
1368310 2339.5
1368320 2339.0
1368330 2338.2
1368340 2338.2
1368350 2339.5
1368360 2341.1
1368370 2341.1
1368380 2341.5
1368390 2342.8
1368400 2344.0
1368410 2344.0
1368420 2344.4
1368430 2345.7
1368440 2345.7
1368450 2347.5
1368460 2349.5
1368470 2349.5
1368480 2351.6
1368490 2353.2
1368500 2353.2
1368510 2355.3
1368520 2359.8
1368530 2359.8
1368540 2363.3
1368550 2366.3
1368560 2366.3
1368570 2370.1
1368580 2373.5
1368590 2373.5
1368600 2377.8
1368610 2383.2
1368620 2389.6
1368630 2389.6
1368640 2397.0
1368650 2404.3
1368660 2404.3
1368670 2411.0
1368680 2417.6
1368690 2417.6
1368700 2425.8
1368710 2434.9
1368720 2436.7
1368730 2443.8
1368740 2451.1
1368750 2451.1
1368760 2457.8
1368770 2463.4
1368780 2463.4
1368790 2468.6
1368800 2474.3
1368810 2474.3
1368820 2480.6
1368830 2486.8
1368840 2493.0
1368850 2493.0
1368860 2499.3
1368870 2505.9
1368880 2505.9
1368890 2513.2
1368900 2520.5
1368910 2520.5
1368920 2526.0
1368930 2530.7
1368940 2530.7
1368950 2534.3
1368960 2537.5
1368970 2537.5
1368980 2541.0
1368990 2544.7
1369000 2544.7
1369010 2549.0
1369020 2554.1
1369030 2554.1
1369040 2559.7
1369050 2565.6
1369060 2572.1
1369070 2572.1
1369080 2578.5
1369090 2584.5
1369100 2584.5
1369110 2589.8
1369120 2597.0
1369130 2597.0
1369140 2605.8
1369150 2611.4
1369160 2611.4
1369170 2616.8
1369180 2622.3
1369190 2622.3
1369200 2627.0
1369210 2632.4
1369220 2632.4
1369230 2637.8
1369240 2643.1
1369250 2652.7
1369260 2652.7
1369270 2663.9
1369280 2671.0
1369290 2671.0
1369300 2675.7
1369310 2678.1
1369320 2678.1
1369330 2679.8
1369340 2681.6
1369350 2681.6
1369360 2684.1
1369370 2688.0
1369380 2688.0
1369390 2692.1
1369400 2695.4
1369410 2695.4
1369420 2697.1
1369430 2698.6
1369440 2698.6
1369450 2700.7
1369460 2701.3
1369470 2702.1
1369480 2702.1
1369490 2703.8
1369500 2707.0
1369510 2707.0
1369520 2712.1
1369530 2717.6
1369540 2717.6
1369550 2721.4
1369560 2726.2
1369570 2726.2
1369580 2728.8
1369590 2732.5
1369600 2732.5
1369610 2737.4
1369620 2740.6
1369630 2740.6
1369640 2740.2
1369650 2740.1
1369660 2740.1
1369670 2739.8
1369680 2742.3
1369690 2744.3
1369700 2744.3
1369710 2746.8
1369720 2749.1
1369730 2749.1
1369740 2750.7
1369750 2752.0
1369760 2752.0
1369770 2754.1
1369780 2756.9
1369790 2756.9
1369800 2759.6
1369810 2763.0
1369820 2765.3
1369830 2769.1
1369840 2772.2
1369850 2772.2
1369860 2774.7
1369870 2775.7
1369880 2775.7
1369890 2776.9
1369900 2779.0
1369910 2782.1
1369920 2782.1
1369930 2785.2
1369940 2788.7
1369950 2788.7
1369960 2792.8
1369970 2796.0
1369980 2796.0
1369990 2799.2
1370000 2804.1
1370010 2804.1
1370020 2808.4
1370030 2812.3
1370040 2812.3
1370050 2816.0
1370060 2820.0
1370070 2820.0
1370080 2822.7
1370090 2824.8
1370100 2824.8
1370110 2826.5
1370120 2831.2
1370130 2835.5
1370140 2835.5
1370150 2841.7
1370160 2845.6
1370170 2845.6
1370180 2847.6
1370190 2849.5
1370200 2849.5
1370210 2852.8
1370220 2856.7
1370230 2856.7
1370240 2859.8
1370250 2862.0
1370260 2862.0
1370270 2864.9
1370280 2868.2
1370290 2868.2
1370300 2871.4
1370310 2875.5
1370320 2875.5
1370330 2879.6
1370340 2883.7
1370350 2885.5
1370360 2885.5
1370370 2889.2
1370380 2892.7
1370390 2892.7
1370400 2895.9
1370410 2899.1
1370420 2899.1
1370430 2902.2
1370440 2905.5
1370450 2905.5
1370460 2909.1
1370470 2913.1
1370480 2913.1
1370490 2918.3
1370500 2923.6
1370510 2923.6
1370520 2926.9
1370530 2929.4
1370540 2929.4
1370550 2931.3
1370560 2934.1
1370570 2937.7
1370580 2937.7
1370590 2941.7
1370600 2946.0
1370610 2946.0
1370620 2950.0
1370630 2954.5
1370640 2954.5
1370650 2959.3
1370660 2964.1
1370670 2964.1
1370680 2968.9
1370690 2973.9
1370700 2973.9
1370710 2979.1
1370720 2984.3
1370730 2984.3
1370740 2989.4
1370750 2994.6
1370760 2994.6
1370770 2999.6
1370780 3004.7
1370790 3009.9
1370800 3009.9
1370810 3014.8
1370820 3019.7
1370830 3019.7
1370840 3024.7
1370850 3028.9
1370860 3028.9
1370870 3025.4
1370880 3022.8
1370890 3022.8
1370900 3031.7
1370910 3045.9
1370920 3045.9
1370930 3060.1
1370940 3068.6
1370950 3068.6
1370960 3075.7
1370970 3085.0
1370980 3085.0
1370990 3097.4
1371000 3104.1
1371010 3108.1
1371020 3108.1
1371030 3099.5
1371040 3032.3
1371050 3032.3
1371060 3010.4
1371070 3003.4
1371080 3003.4
1371090 2996.0
1371100 2988.5
1371110 2988.5
1371120 2982.0
1371130 2976.7
1371140 2976.7
1371150 2970.8
1371160 2962.2
1371170 2962.2
1371180 2952.1
1371190 2947.4
1371200 2947.4
1371210 2943.8
1371220 2939.1
1371230 2935.9
1371240 2935.9
1371250 2933.5
1371260 2931.8
1371270 2931.8
1371280 2931.0
1371290 2931.6
1371300 2931.6
1371310 2935.4
1371320 2940.8
1371330 2940.8
1371340 2945.8
1371350 2950.9
1371360 2950.9
1371370 2955.4
1371380 2957.5
1371390 2957.5
1371400 2958.6
1371410 2959.0
1371420 2959.0
1371430 2958.6
1371440 2958.1
1371450 2957.5
1371460 2957.5
1371470 2957.7
1371480 2959.3
1371490 2959.3
1371500 2959.9
1371510 2959.5
1371520 2959.5
1371530 2959.0
1371540 2958.6
1371550 2958.6
1371560 2958.3
1371570 2957.7
1371580 2957.7
1371590 2957.2
1371600 2957.1
1371610 2957.1
1371620 2957.2
1371630 2957.4
1371640 2957.8
1371650 2957.8
1371660 2958.5
1371670 2959.0
1371680 2959.0
1371690 2957.4
1371700 2953.6
1371710 2953.6
1371720 2948.6
1371730 2943.0
1371740 2943.0
1371750 2938.1
1371760 2933.9
1371770 2933.9
1371780 2931.9
1371790 2930.4
1371800 2930.4
1371810 2929.1
1371820 2927.4
1371830 2927.4
1371840 2926.3
1371850 2925.0
1371860 2920.3
1371870 2920.3
1371880 2915.4
1371890 2910.8
1371900 2910.8
1371910 2904.2
1371920 2895.6
1371930 2895.6
1371940 2887.6
1371950 2880.0
1371960 2880.0
1371970 2874.4
1371980 2869.1
1371990 2869.1
1372000 2862.9
1372010 2856.5
1372020 2856.5
1372030 2850.4
1372040 2845.8
1372050 2846.9
1372060 2842.2
1372070 2838.1
1372080 2833.8
1372090 2833.8
1372100 2829.0
1372110 2824.5
1372120 2824.5
1372130 2820.0
1372140 2816.3
1372150 2816.3
1372160 2813.1
1372170 2810.2
1372180 2810.2
1372190 2807.3
1372200 2804.9
1372210 2804.9
1372220 2802.0
1372230 2798.5
1372240 2798.5
1372250 2795.1
1372260 2791.3
1372270 2791.3
1372280 2785.7
1372290 2778.9
1372300 2771.1
1372310 2771.1
1372320 2764.2
1372330 2756.8
1372340 2756.8
1372350 2748.9
1372360 2741.4
1372370 2741.4
1372380 2735.3
1372390 2729.7
1372400 2729.7
1372410 2724.9
1372420 2719.4
1372430 2719.4
1372440 2713.5
1372450 2708.2
1372460 2708.2
1372470 2702.7
1372480 2698.4
1372490 2698.4
1372500 2693.3
1372510 2686.4
1372520 2678.2
1372530 2678.2
1372540 2670.1
1372550 2662.9
1372560 2662.9
1372570 2655.7
1372580 2648.0
1372590 2648.0
1372600 2640.7
1372610 2633.2
1372620 2633.2
1372630 2626.1
1372640 2619.6
1372650 2619.6
1372660 2612.3
1372670 2606.5
1372680 2606.5
1372690 2602.7
1372700 2599.1
1372710 2599.1
1372720 2597.3
1372730 2594.7
1372740 2590.5
1372750 2590.5
1372760 2584.6
1372770 2577.5
1372780 2577.5
1372790 2571.4
1372800 2567.7
1372810 2567.7
1372820 2561.8
1372830 2556.6
1372840 2556.6
1372850 2551.3
1372860 2544.8
1372870 2544.8
1372880 2536.3
1372890 2527.1
1372900 2527.1
1372910 2518.3
1372920 2510.7
1372930 2510.7
1372940 2499.3
1372950 2482.6
1372960 2478.1
1372970 2478.1
1372980 2472.1
1372990 2462.6
1373000 2462.6
1373010 2456.3
1373020 2452.2
1373030 2452.2
1373040 2449.8
1373050 2450.3
1373060 2450.3
1373070 2449.0
1373080 2445.5
1373090 2445.5
1373100 2441.4
1373110 2433.8
1373120 2433.8
1373130 2424.7
1373140 2419.1
1373150 2419.1
1373160 2412.0
1373170 2400.9
1373180 2388.4
1373190 2388.4
1373200 2376.2
1373210 2363.6
1373220 2363.6
1373230 2351.5
1373240 2333.8
1373250 2333.8
1373260 2319.9
1373270 2307.3
1373280 2307.3
1373290 2296.1
1373300 2283.4
1373310 2283.4
1373320 2270.1
1373330 2260.4
1373340 2260.4
1373350 2253.5
1373360 2247.3
1373370 2247.3
1373380 2241.1
1373390 2234.6
1373400 2228.8
1373410 2228.8
1373420 2225.9
1373430 2224.3
1373440 2224.3
1373450 2221.9
1373460 2220.0
1373470 2220.0
1373480 2217.3
1373490 2214.4
1373500 2214.4
1373510 2212.9
1373520 2212.0
1373530 2212.0
1373540 2211.0
1373550 2208.8
1373560 2208.8
1373570 2208.3
1373580 2208.2
1373590 2208.2
1373600 2207.8
1373610 2208.0
1373620 2208.5
1373630 2208.5
1373640 2208.8
1373650 2208.8
1373660 2208.8
1373670 2210.1
1373680 2209.5
1373690 2209.5
1373700 2209.1
1373710 2209.0
1373720 2209.0
1373730 2207.2
1373740 2207.4
1373750 2207.4
1373760 2208.3
1373770 2208.4
1373780 2208.4
1373790 2208.0
1373800 2209.1
1373810 2209.1
1373820 2209.9
1373830 2208.9
1373840 2209.3
1373850 2209.3
1373860 2209.7
1373870 2209.9
1373880 2209.9
1373890 2210.7
1373900 2212.0
1373910 2212.0
1373920 2213.4
1373930 2216.6
1373940 2216.6
1373950 2220.5
1373960 2226.2
1373970 2226.2
1373980 2233.7
1373990 2241.5
1374000 2241.5
1374010 2248.6
1374020 2256.2
1374030 2263.7
1374040 2263.7
1374050 2270.9
1374060 2277.8
1374070 2277.8
1374080 2284.2
1374090 2291.4
1374100 2291.4
1374110 2299.7
1374120 2308.6
1374130 2308.6
1374140 2317.5
1374150 2326.8
1374160 2326.8
1374170 2336.7
1374180 2348.0
1374190 2348.0
1374200 2358.2
1374210 2366.9
1374220 2366.9
1374230 2375.7
1374240 2383.9
1374250 2391.8
1374260 2391.8
1374270 2399.7
1374280 2406.7
1374290 2406.7
1374300 2414.6
1374310 2421.6
1374320 2421.3
1374330 2428.4
1374340 2435.9
1374350 2435.9
1374360 2443.5
1374370 2452.9
1374380 2452.9
1374390 2462.0
1374400 2469.9
1374410 2469.9
1374420 2475.2
1374430 2480.4
1374440 2480.4
1374450 2483.9
1374460 2487.4
1374470 2492.9
1374480 2492.9
1374490 2499.2
1374500 2504.2
1374510 2504.2
1374520 2509.7
1374530 2515.9
1374540 2515.9
1374550 2523.1
1374560 2529.6
1374570 2529.6
1374580 2533.8
1374590 2536.8
1374600 2536.8
1374610 2541.6
1374620 2545.9
1374630 2545.9
1374640 2549.9
1374650 2554.2
1374660 2554.2
1374670 2560.3
1374680 2567.7
1374690 2574.9
1374700 2574.9
1374710 2579.9
1374720 2585.0
1374730 2585.0
1374740 2590.3
1374750 2596.3
1374760 2596.3
1374770 2603.1
1374780 2612.0
1374790 2612.0
1374800 2621.8
1374810 2631.2
1374820 2631.2
1374830 2640.9
1374840 2649.4
1374850 2649.4
1374860 2658.0
1374870 2660.4
1374880 2660.4
1374890 2659.3
1374900 2660.6
1374910 2662.8
1374920 2662.8
1374930 2663.0
1374940 2664.4
1374950 2664.4
1374960 2666.0
1374970 2667.6
1374980 2667.6
1374990 2669.8
1375000 2672.6
1375010 2672.6
1375020 2675.6
1375030 2678.2
1375040 2678.2
1375050 2681.7
1375060 2685.1
1375070 2685.1
1375080 2689.6
1375090 2694.3
1375100 2694.3
1375110 2697.0
1375120 2698.8
1375130 2699.8
1375140 2699.8
1375150 2700.2
1375160 2699.6
1375170 2699.6
1375180 2697.5
1375190 2694.7
1375200 2694.7
1375210 2691.5
1375220 2688.3
1375230 2688.3
1375240 2685.4
1375250 2682.7
1375260 2682.7
1375270 2680.8
1375280 2678.5
1375290 2678.5
1375300 2676.7
1375310 2675.5
1375320 2675.5
1375330 2674.2
1375340 2673.6
1375350 2674.3
1375360 2674.3
1375370 2675.1
1375380 2676.6
1375390 2676.6
1375400 2678.1
1375410 2680.6
1375420 2680.6
1375430 2682.4
1375440 2684.5
1375450 2684.5
1375460 2688.8
1375470 2691.9
1375480 2689.7
1375490 2689.1
1375500 2690.8
1375510 2690.8
1375520 2694.2
1375530 2696.6
1375540 2696.6
1375550 2696.2
1375560 2695.2
1375570 2695.3
1375580 2695.3
1375590 2694.1
1375600 2692.8
1375610 2692.8
1375620 2692.9
1375630 2694.0
1375640 2694.0
1375650 2693.3
1375660 2691.0
1375670 2691.0
1375680 2689.8
1375690 2689.3
1375700 2689.3
1375710 2690.8
1375720 2693.4
1375730 2693.4
1375740 2694.6
1375750 2695.7
1375760 2695.7
1375770 2695.8
1375780 2695.6
1375790 2694.0
1375800 2694.0
1375810 2692.0
1375820 2691.0
1375830 2691.0
1375840 2690.5
1375850 2689.8
1375860 2689.8
1375870 2688.1
1375880 2685.0
1375890 2685.0
1375900 2683.5
1375910 2682.9
1375920 2682.9
1375930 2680.6
1375940 2678.7
1375950 2678.7
1375960 2677.8
1375970 2677.2
1375980 2677.2
1375990 2676.5
1376000 2675.4
1376010 2673.2
1376020 2673.2
1376030 2671.0
1376040 2669.5
1376050 2669.5
1376060 2668.4
1376070 2668.1
1376080 2668.1
1376090 2666.7
1376100 2665.1
1376110 2665.1
1376120 2665.0
1376130 2664.3
1376140 2664.3
1376150 2664.2
1376160 2663.6
1376170 2663.6
1376180 2662.1
1376190 2660.5
1376200 2660.5
1376210 2659.5
1376220 2659.8
1376230 2661.3
1376240 2661.3
1376250 2659.7
1376260 2655.7
1376270 2655.7
1376280 2651.4
1376290 2646.8
1376300 2646.8
1376310 2641.0
1376320 2635.5
1376330 2635.5
1376340 2630.1
1376350 2626.3
1376360 2626.3
1376370 2621.7
1376380 2617.6
1376390 2617.6
1376400 2614.2
1376410 2611.5
1376420 2607.5
1376430 2607.5
1376440 2605.4
1376450 2604.2
1376460 2604.2
1376470 2604.0
1376480 2603.2
1376490 2603.2
1376500 2601.8
1376510 2600.5
1376520 2600.5
1376530 2600.3
1376540 2600.5
1376550 2600.5
1376560 2603.8
1376570 2609.8
1376580 2609.8
1376590 2614.2
1376600 2618.3
1376610 2618.3
1376620 2619.7
1376630 2617.5
1376640 2614.2
1376650 2606.5
1376660 2602.1
1376670 2599.8
1376680 2599.8
1376690 2597.0
1376700 2594.9
1376710 2594.9
1376720 2593.8
1376730 2593.5
1376740 2593.5
1376750 2593.3
1376760 2595.3
1376770 2595.3
1376780 2598.8
1376790 2602.2
1376800 2602.2
1376810 2605.2
1376820 2608.0
1376830 2608.0
1376840 2609.7
1376850 2610.3
1376860 2610.5
1376870 2610.5
1376880 2611.1
1376890 2611.9
1376900 2611.9
1376910 2614.1
1376920 2616.7
1376930 2616.7
1376940 2618.2
1376950 2620.6
1376960 2620.6
1376970 2623.0
1376980 2626.6
1376990 2626.6
1377000 2630.5
1377010 2634.1
1377020 2634.1
1377030 2637.4
1377040 2640.5
1377050 2640.5
1377060 2643.4
1377070 2644.8
1377080 2646.3
1377090 2646.3
1377100 2648.2
1377110 2650.4
1377120 2650.4
1377130 2652.9
1377140 2655.6
1377150 2655.6
1377160 2658.4
1377170 2661.3
1377180 2661.3
1377190 2664.2
1377200 2667.3
1377210 2667.3
1377220 2670.3
1377230 2673.1
1377240 2673.1
1377250 2676.0
1377260 2678.6
1377270 2678.6
1377280 2681.4
1377290 2684.7
1377300 2687.9
1377310 2687.9
1377320 2690.8
1377330 2693.7
1377340 2693.7
1377350 2696.3
1377360 2698.9
1377370 2698.9
1377380 2702.4
1377390 2705.4
1377400 2705.4
1377410 2709.0
1377420 2711.7
1377430 2711.7
1377440 2714.5
1377450 2717.2
1377460 2717.2
1377470 2719.6
1377480 2721.8
1377490 2721.8
1377500 2723.7
1377510 2725.5
1377520 2726.9
1377530 2726.9
1377540 2727.4
1377550 2727.7
1377560 2727.7
1377570 2727.7
1377580 2727.9
1377590 2727.9
1377600 2729.3
1377610 2731.0
1377620 2731.0
1377630 2733.0
1377640 2735.1
1377650 2735.1
1377660 2738.3
1377670 2742.5
1377680 2742.5
1377690 2748.3
1377700 2759.3
1377710 2759.3
1377720 2766.6
1377730 2770.9
1377740 2773.1
1377750 2773.1
1377760 2775.2
1377770 2779.3
1377780 2779.3
1377790 2784.0
1377800 2789.5
1377810 2789.5
1377820 2794.2
1377830 2802.5
1377840 2802.5
1377850 2807.4
1377860 2811.0
1377870 2811.0
1377880 2814.3
1377890 2818.2
1377900 2818.2
1377910 2822.3
1377920 2826.5
1377930 2826.5
1377940 2829.4
1377950 2832.7
1377960 2835.7
1377970 2835.7
1377980 2840.0
1377990 2845.0
1378000 2845.0
1378010 2848.4
1378020 2852.9
1378030 2852.9
1378040 2858.1
1378050 2863.2
1378060 2863.2
1378070 2867.1
1378080 2869.5
1378090 2869.5
1378100 2872.5
1378110 2876.7
1378120 2876.7
1378130 2882.0
1378140 2887.9
1378150 2887.9
1378160 2892.0
1378170 2893.7
1378180 2897.3
1378190 2897.3
1378200 2904.0
1378210 2911.4
1378220 2911.4
1378230 2917.2
1378240 2923.5
1378250 2923.5
1378260 2927.7
1378270 2932.1
1378280 2932.1
1378290 2936.9
1378300 2942.0
1378310 2942.0
1378320 2947.3
1378330 2952.4
1378340 2952.4
1378350 2957.3
1378360 2961.8
1378370 2961.8
1378380 2966.5
1378390 2970.9
1378400 2977.0
1378410 2977.0
1378420 2983.3
1378430 2989.6
1378440 2989.6
1378450 2995.2
1378460 2998.7
1378470 2998.7
1378480 3004.6
1378490 3010.6
1378500 3010.6
1378510 3018.2
1378520 3026.8
1378530 3026.8
1378540 3035.5
1378550 3037.2
1378560 3037.2
1378570 3038.0
1378580 3039.6
1378590 3039.6
1378600 3040.1
1378610 3039.5
1378620 3036.9
1378630 3036.9
1378640 3034.7
1378650 3031.7
1378660 3031.7
1378670 3027.6
1378680 3025.6
1378690 3025.6
1378700 3025.7
1378710 3024.3
1378720 3024.3
1378730 3022.6
1378740 3022.0
1378750 3022.0
1378760 3023.8
1378770 3026.1
1378780 3026.1
1378790 3028.0
1378800 3029.1
1378810 3031.7
1378820 3031.7
1378830 3034.1
1378840 3035.8
1378850 3035.8
1378860 3037.3
1378870 3041.0
1378880 3041.0
1378890 3046.2
1378900 3052.4
1378910 3052.4
1378920 3056.9
1378930 3061.6
1378940 3061.6
1378950 3068.0
1378960 3076.0
1378970 3076.0
1378980 3084.2
1378990 3092.0
1379000 3092.0
1379010 3099.0
1379020 3101.9
1379030 3102.4
1379040 3102.4
1379050 3099.9
1379060 3097.7
1379070 3097.7
1379080 3097.3
1379090 3097.8
1379100 3097.8
1379110 3098.8
1379120 3100.2
1379130 3100.2
1379140 3101.6
1379150 3103.1
1379160 3103.1
1379170 3104.7
1379180 3106.2
1379190 3106.2
1379200 3107.8
1379210 3109.2
1379220 3109.2
1379230 3110.7
1379240 3112.2
1379250 3113.6
1379260 3113.6
1379270 3115.1
1379280 3116.5
1379290 3116.5
1379300 3117.9
1379310 3119.5
1379320 3119.5
1379330 3120.9
1379340 3122.5
1379350 3122.5
1379360 3124.0
1379370 3125.4
1379380 3125.4
1379390 3126.9
1379400 3128.4
1379410 3128.4
1379420 3129.8
1379430 3131.2
1379440 3131.2
1379450 3132.5
1379460 3133.8
1379470 3135.1
1379480 3135.1
1379490 3136.3
1379500 3137.4
1379510 3137.4
1379520 3138.5
1379530 3139.5
1379540 3139.5
1379550 3140.4
1379560 3141.3
1379570 3141.3
1379580 3142.1
1379590 3143.0
1379600 3143.0
1379610 3143.7
1379620 3144.4
1379630 3144.4
1379640 3145.2
1379650 3145.9
1379660 3145.9
1379670 3146.5
1379680 3147.1
1379690 3147.6
1379700 3147.6
1379710 3148.0
1379720 3148.3
1379730 3148.3
1379740 3148.5
1379750 3148.8
1379760 3148.8
1379770 3148.8
1379780 3148.8
1379790 3148.8
1379800 3148.8
1379810 3148.8
1379820 3148.8
1379830 3148.8
1379840 3148.7
1379850 3148.7
1379860 3148.6
1379870 3148.5
1379880 3148.5
1379890 3148.1
1379900 3147.3
1379910 3146.7
1379920 3146.7
1379930 3146.6
1379940 3147.2
1379950 3147.2
1379960 3148.3
1379970 3150.2
1379980 3150.2
1379990 3153.6
