1361320 2868.9
1361330 2879.4
1361340 2879.4
1361350 2893.6
1361360 2909.1
1361370 2909.1
1361380 2933.4
1361390 2952.1
1361400 2952.1
1361410 2963.3
1361420 2972.4
1361430 2972.4
1361440 2978.4
1361450 2989.1
1361460 3006.9
1361470 3006.9
1361480 3014.4
1361490 3017.3
1361500 3017.3
1361510 3020.9
1361520 3023.8
1361530 3023.8
1361540 3026.9
1361550 3030.9
1361560 3030.9
1361570 3034.6
1361580 3038.0
1361590 3038.0
1361600 3040.7
1361610 3042.3
1361620 3042.3
1361630 3040.6
1361640 3033.2
1361650 3033.2
1361660 3025.9
1361670 3013.1
1361680 2998.2
1361690 2998.2
1361700 2985.0
1361710 2970.7
1361720 2970.7
1361730 2956.9
1361740 2941.1
1361750 2941.1
1361760 2928.0
1361770 2917.9
1361780 2917.9
1361790 2914.1
1361800 2912.3
1361810 2912.3
1361820 2902.9
1361830 2885.5
1361840 2885.5
1361850 2863.6
1361860 2840.4
1361870 2840.4
1361880 2832.1
1361890 2824.9
1361900 2815.1
1361910 2815.1
1361920 2807.0
1361930 2793.8
1361940 2793.8
1361950 2777.7
1361960 2770.3
1361970 2770.3
1361980 2768.1
1361990 2767.0
1362000 2767.0
1362010 2764.5
1362020 2761.7
1362030 2761.7
1362040 2757.7
1362050 2752.9
1362060 2752.9
1362070 2751.1
1362080 2757.2
1362090 2757.2
1362100 2755.1
1362110 2752.9
1362120 2750.9
1362130 2750.9
1362140 2750.3
1362150 2750.3
1362160 2750.3
1362170 2751.0
1362180 2752.3
1362190 2752.3
1362200 2754.7
1362210 2758.8
1362220 2758.8
1362230 2762.6
1362240 2759.7
1362250 2759.7
1362260 2758.0
1362270 2762.0
1362280 2762.0
1362290 2765.7
1362300 2764.0
1362310 2764.0
1362320 2765.6
1362330 2764.5
1362340 2765.1
1362350 2765.1
1362360 2763.4
1362370 2762.7
1362380 2762.7
1362390 2761.5
1362400 2759.1
1362410 2759.1
1362420 2757.6
1362430 2757.1
1362440 2757.1
1362450 2758.0
1362460 2768.9
1362470 2768.9
1362480 2769.7
1362490 2766.7
1362500 2766.7
1362510 2765.0
1362520 2761.2
1362530 2753.3
1362540 2753.3
1362550 2761.3
1362560 2770.1
1362570 2770.1
1362580 2774.0
1362590 2775.2
1362600 2775.2
1362610 2775.3
1362620 2776.5
1362630 2776.5
1362640 2777.6
1362650 2779.0
1362660 2779.0
1362670 2776.4
1362680 2775.5
1362690 2775.5
1362700 2773.0
1362710 2771.4
1362720 2771.4
1362730 2767.9
1362740 2766.7
1362750 2765.5
1362760 2765.5
1362770 2763.9
1362780 2759.2
1362790 2759.2
1362800 2756.8
1362810 2755.2
1362820 2755.2
1362830 2755.8
1362840 2759.1
1362850 2759.1
1362860 2760.5
1362870 2759.9
1362880 2759.9
1362890 2759.5
1362900 2758.1
1362910 2758.1
1362920 2761.2
1362930 2761.1
1362940 2761.1
1362950 2760.0
1362960 2759.8
1362970 2760.9
1362980 2760.9
1362990 2763.2
1363000 2765.7
1363010 2765.7
1363020 2768.5
1363030 2772.1
1363040 2772.1
1363050 2775.1
1363060 2777.4
1363070 2777.4
1363080 2779.6
1363090 2782.0
1363100 2782.0
1363110 2784.0
1363120 2791.1
1363130 2791.1
1363140 2793.1
1363150 2795.0
1363160 2795.0
1363170 2797.1
1363180 2798.1
1363190 2802.1
1363200 2802.1
1363210 2805.1
1363220 2808.1
1363230 2808.1
1363240 2810.9
1363250 2813.3
1363260 2813.3
1363270 2816.8
1363280 2820.3
1363290 2820.3
1363300 2823.0
1363310 2825.3
1363320 2825.3
1363330 2827.8
1363340 2831.1
1363350 2831.1
1363360 2834.4
1363370 2838.0
1363380 2838.0
1363390 2841.4
1363400 2844.8
1363410 2848.1
1363420 2848.1
1363430 2851.0
1363440 2853.4
1363450 2853.4
1363460 2855.9
1363470 2858.2
1363480 2858.2
1363490 2860.5
1363500 2863.6
1363510 2863.6
1363520 2866.9
1363530 2869.8
1363540 2869.8
1363550 2872.2
1363560 2874.8
1363570 2874.8
1363580 2877.0
1363590 2878.7
1363600 2878.7
1363610 2881.6
1363620 2884.3
1363630 2889.7
1363640 2889.7
1363650 2891.0
1363660 2894.8
1363670 2894.8
1363680 2896.7
1363690 2898.1
1363700 2898.1
1363710 2898.4
1363720 2898.8
1363730 2898.8
1363740 2902.8
1363750 2906.9
1363760 2906.9
1363770 2908.5
1363780 2911.8
1363790 2911.8
1363800 2913.4
1363810 2914.7
1363820 2914.7
1363830 2916.4
1363840 2918.0
1363850 2919.4
1363860 2919.4
1363870 2920.6
1363880 2921.8
1363890 2921.8
1363900 2923.9
1363910 2925.5
1363920 2925.5
1363930 2929.0
1363940 2932.6
1363950 2932.6
1363960 2937.2
1363970 2941.7
1363980 2941.7
1363990 2944.9
1364000 2948.6
1364010 2948.6
1364020 2955.3
1364030 2962.6
1364040 2962.6
1364050 2969.0
1364060 2975.4
1364070 2981.3
1364080 2981.3
1364090 2987.1
1364100 2992.5
1364110 2992.5
1364120 2997.5
1364130 3002.3
1364140 3002.3
1364150 3007.8
1364160 3005.6
1364170 3021.4
1364180 3014.4
1364190 3006.5
1364200 3006.5
1364210 2996.6
1364220 3001.0
1364230 3001.0
1364240 3007.8
1364250 3013.9
1364260 3013.9
1364270 3015.2
1364280 3015.9
1364290 3017.9
1364300 3017.9
1364310 3024.0
1364320 3023.4
1364330 3023.4
1364340 3020.3
1364350 3017.0
1364360 3017.0
1364370 3026.1
1364380 3032.9
1364390 3032.9
1364400 3038.7
1364410 3041.0
1364420 3041.0
1364430 3039.9
1364440 3046.2
1364450 3046.2
1364460 3051.2
1364470 3052.8
1364480 3052.8
1364490 3049.1
1364500 3059.3
1364510 3059.5
1364520 3059.5
1364530 3056.9
1364540 3065.2
1364550 3065.2
1364560 3069.0
1364570 3072.4
1364580 3072.4
1364590 3075.7
1364600 3078.2
1364610 3078.2
1364620 3080.8
1364630 3085.5
1364640 3085.5
1364650 3090.0
1364660 3094.1
1364670 3094.1
1364680 3098.6
1364690 3102.9
1364700 3102.9
1364710 3106.2
1364720 3108.6
1364730 3111.2
1364740 3111.2
1364750 3115.9
1364760 3120.2
1364770 3120.2
1364780 3127.5
1364790 3132.3
1364800 3132.3
1364810 3136.6
1364820 3140.1
1364830 3140.1
1364840 3143.2
1364850 3146.2
1364860 3146.2
1364870 3149.8
1364880 3154.5
1364890 3154.5
1364900 3159.4
1364910 3165.0
1364920 3165.0
1364930 3170.5
1364940 3175.0
1364950 3184.3
1364960 3184.3
1364970 3192.4
1364980 3197.5
1364990 3197.5
1365000 3204.8
1365010 3209.6
1365020 3209.6
1365030 3213.4
1365040 3216.9
1365050 3216.9
1365060 3221.6
1365070 3225.4
1365080 3225.4
1365090 3229.9
1365100 3230.1
1365110 3230.1
1365120 3229.2
1365130 3230.3
1365140 3230.3
1365150 3232.1
1365160 3233.9
1365170 3236.0
1365180 3236.0
1365190 3238.9
1365200 3241.1
1365210 3241.1
1365220 3252.4
1365230 3253.9
1365240 3253.9
1365250 3257.9
1365260 3262.4
1365270 3262.4
1365280 3265.2
1365290 3271.1
1365300 3271.1
1365310 3278.3
1365320 3285.6
1365330 3285.6
1365340 3296.1
1365350 3303.5
1365360 3309.8
1365370 3309.8
1365380 3317.2
1365390 3325.5
1365400 3325.5
1365410 3330.7
1365420 3336.8
1365430 3336.8
1365440 3342.4
1365450 3349.3
1365460 3349.3
1365470 3353.9
1365480 3351.5
1365490 3351.5
1365500 3355.0
1365510 3362.6
1365520 3362.6
1365530 3368.5
1365540 3371.2
1365550 3371.2
1365560 3374.6
1365570 3382.1
1365580 3391.4
1365590 3391.4
1365600 3398.6
1365610 3404.3
1365620 3404.3
1365630 3411.7
1365640 3418.0
1365650 3418.0
1365660 3415.6
1365670 3401.2
1365680 3401.2
1365690 3384.8
1365700 3364.0
1365710 3364.0
1365720 3349.8
1365730 3336.9
1365740 3336.9
1365750 3321.7
1365760 3308.2
1365770 3308.2
1365780 3294.5
1365790 3283.1
1365800 3272.9
1365810 3272.9
1365820 3265.4
1365830 3258.8
1365840 3258.8
1365850 3253.2
1365860 3247.9
1365870 3247.9
1365880 3242.4
1365890 3236.7
1365900 3236.7
1365910 3231.0
1365920 3224.5
1365930 3224.5
1365940 3216.3
1365950 3210.0
1365960 3210.0
1365970 3205.6
1365980 3201.2
1365990 3201.2
1366000 3196.6
1366010 3192.1
1366020 3187.6
1366030 3187.6
1366040 3183.1
1366050 3178.4
1366060 3178.4
1366070 3172.9
1366080 3167.3
1366090 3167.3
1366100 3161.7
1366110 3156.4
1366120 3156.4
1366130 3151.9
1366140 3147.3
1366150 3147.3
1366160 3141.9
1366170 3136.5
1366180 3136.5
1366190 3130.2
1366200 3124.3
1366210 3124.3
1366220 3118.3
1366230 3113.2
1366240 3108.5
1366250 3108.5
1366260 3103.3
1366270 3097.6
1366280 3097.6
1366290 3092.2
1366300 3086.6
1366310 3086.6
1366320 3080.4
1366330 3074.3
1366340 3074.3
1366350 3067.3
1366360 3059.4
1366370 3059.4
1366380 3051.1
1366390 3042.1
1366400 3042.1
1366410 3033.5
1366420 3026.6
1366430 3026.6
1366440 3021.5
1366450 3017.4
1366460 3013.9
1366470 3013.9
1366480 3010.4
1366490 3007.0
1366500 3007.0
1366510 3003.8
1366520 3001.1
1366530 3001.1
1366540 2998.9
1366550 2997.3
1366560 2997.3
1366570 2996.3
1366580 2995.8
1366590 2995.8
1366600 2995.7
1366610 2995.6
1366620 2995.6
1366630 2995.1
1366640 2995.3
1366650 2995.3
1366660 2994.8
1366670 2993.9
1366680 2991.5
1366690 2991.5
1366700 2981.8
1366710 2986.9
1366720 2986.9
1366730 2985.5
1366740 2981.8
1366750 2981.8
1366760 2978.3
1366770 2974.8
1366780 2974.8
1366790 2972.6
1366800 2968.4
1366810 2968.4
1366820 2960.5
1366830 2956.9
1366840 2956.9
1366850 2954.8
1366860 2950.5
1366870 2950.5
1366880 2945.5
1366890 2939.5
1366900 2932.4
1366910 2932.4
1366920 2926.0
1366930 2921.6
1366940 2921.6
1366950 2919.0
1366960 2916.5
1366970 2916.5
1366980 2913.7
1366990 2908.3
1367000 2908.3
1367010 2906.1
1367020 2902.2
1367030 2902.2
1367040 2897.2
1367050 2891.6
1367060 2891.6
1367070 2886.6
1367080 2879.6
1367090 2879.6
1367100 2871.5
1367110 2864.7
1367120 2857.5
1367130 2857.5
1367140 2852.5
1367150 2846.8
1367160 2846.8
1367170 2839.4
1367180 2830.6
1367190 2830.6
1367200 2822.2
1367210 2815.6
1367220 2815.6
1367230 2809.0
1367240 2801.0
1367250 2801.0
1367260 2792.2
1367270 2783.6
1367280 2783.6
1367290 2775.5
1367300 2768.3
1367310 2768.3
1367320 2761.9
1367330 2755.3
1367340 2750.4
1367350 2750.4
1367360 2746.8
1367370 2741.8
1367380 2741.8
1367390 2731.8
1367400 2721.7
1367410 2721.7
1367420 2712.8
1367430 2707.2
1367440 2707.2
1367450 2701.8
1367460 2699.2
1367470 2699.2
1367480 2694.3
1367490 2686.7
1367500 2686.7
1367510 2677.5
1367520 2667.9
1367530 2667.9
1367540 2660.3
1367550 2656.8
1367560 2654.5
1367570 2654.5
1367580 2648.3
1367590 2644.7
1367600 2644.7
1367610 2632.5
1367620 2614.8
1367630 2614.8
1367640 2578.9
1367650 2562.4
1367660 2562.4
1367670 2542.0
1367680 2522.9
1367690 2522.9
1367700 2504.3
1367710 2487.6
1367720 2487.6
1367730 2471.0
1367740 2459.3
1367750 2459.3
1367760 2452.2
1367770 2445.4
1367780 2441.0
1367790 2441.0
1367800 2437.8
1367810 2434.2
1367820 2434.2
1367830 2431.0
1367840 2428.3
1367850 2428.3
1367860 2425.2
1367870 2422.0
1367880 2422.0
1367890 2419.3
1367900 2417.7
1367910 2417.7
1367920 2416.9
1367930 2415.8
1367940 2415.8
1367950 2416.1
1367960 2416.3
1367970 2416.3
1367980 2416.1
1367990 2416.9
1368000 2417.4
1368010 2417.4
1368020 2416.9
1368030 2415.3
1368040 2415.3
1368050 2414.5
1368060 2413.7
1368070 2413.7
1368080 2409.6
1368090 2403.9
1368100 2403.9
1368110 2397.9
1368120 2392.7
1368130 2392.7
1368140 2388.8
1368150 2385.3
1368160 2385.3
1368170 2382.0
1368180 2379.0
1368190 2376.8
1368200 2376.8
1368210 2374.8
1368220 2372.0
1368230 2372.0
1368240 2369.0
1368250 2366.4
1368260 2366.4
1368270 2363.8
1368280 2361.6
1368290 2361.6
1368300 2359.6
1368310 2358.2
1368320 2358.2
1368330 2356.9
1368340 2355.6
1368350 2355.6
1368360 2355.1
1368370 2354.3
1368380 2354.3
1368390 2355.1
1368400 2355.2
1368410 2355.2
1368420 2355.2
1368430 2356.5
1368440 2358.4
1368450 2358.7
1368460 2361.5
1368470 2364.4
1368480 2364.4
1368490 2367.2
1368500 2370.0
1368510 2370.0
1368520 2373.6
1368530 2377.7
1368540 2377.7
1368550 2381.5
1368560 2384.8
1368570 2384.8
1368580 2388.2
1368590 2392.4
1368600 2392.4
1368610 2398.2
1368620 2403.6
1368630 2410.1
1368640 2410.1
1368650 2417.2
1368660 2423.5
1368670 2423.5
1368680 2430.1
1368690 2438.9
1368700 2438.9
1368710 2450.1
1368720 2461.8
1368730 2461.8
1368740 2471.6
1368750 2479.1
1368760 2479.1
1368770 2485.6
1368780 2491.0
1368790 2491.0
1368800 2494.1
1368810 2497.6
1368820 2497.6
1368830 2503.3
1368840 2511.1
1368850 2518.9
1368860 2518.9
1368870 2527.2
1368880 2533.9
1368890 2533.9
1368900 2539.5
1368910 2545.1
1368920 2545.1
1368930 2550.6
1368940 2556.2
1368950 2556.2
1368960 2561.4
1368970 2567.1
1368980 2567.1
1368990 2572.0
1369000 2577.2
1369010 2577.2
1369020 2581.1
1369030 2584.7
1369040 2584.7
1369050 2588.8
1369060 2594.3
1369070 2599.1
1369080 2599.1
1369090 2601.8
1369100 2606.3
1369110 2606.3
1369120 2611.1
1369130 2615.9
1369140 2615.9
1369150 2620.4
1369160 2624.7
1369170 2624.7
1369180 2629.6
1369190 2633.2
1369200 2633.2
1369210 2636.8
1369220 2641.0
1369230 2641.0
1369240 2645.6
1369250 2650.4
1369260 2650.4
1369270 2655.3
1369280 2660.4
1369290 2665.1
1369300 2665.1
1369310 2669.9
1369320 2673.9
1369330 2673.9
1369340 2679.3
1369350 2685.1
1369360 2685.1
1369370 2690.1
1369380 2694.9
1369390 2694.9
1369400 2703.7
1369410 2714.4
1369420 2714.4
1369430 2721.7
1369440 2727.8
1369450 2727.8
1369460 2732.3
1369470 2735.5
1369480 2735.5
1369490 2739.0
1369500 2741.9
1369510 2745.3
1369520 2745.3
1369530 2748.5
1369540 2751.3
1369550 2747.8
1369560 2750.9
1369570 2756.0
1369580 2756.0
1369590 2763.3
1369600 2768.0
1369610 2768.0
1369620 2770.8
1369630 2774.5
1369640 2774.5
1369650 2778.8
1369660 2781.8
1369670 2781.8
1369680 2785.2
1369690 2788.1
1369700 2788.1
1369710 2790.4
1369720 2792.4
1369730 2793.8
1369740 2793.8
1369750 2795.0
1369760 2796.2
1369770 2796.2
1369780 2797.7
1369790 2800.5
1369800 2800.5
1369810 2803.9
1369820 2808.4
1369830 2808.4
1369840 2811.4
1369850 2814.0
1369860 2814.0
1369870 2816.8
1369880 2819.2
1369890 2819.2
1369900 2819.5
1369910 2819.5
1369920 2819.5
1369930 2822.0
1369940 2825.0
1369950 2827.6
1369960 2827.6
1369970 2828.6
1369980 2830.4
1369990 2830.4
1370000 2835.4
1370010 2839.0
1370020 2839.0
1370030 2841.3
1370040 2843.4
1370050 2843.4
1370060 2845.2
1370070 2846.1
1370080 2846.1
1370090 2848.1
1370100 2851.4
1370110 2851.4
1370120 2855.1
1370130 2859.2
1370140 2859.2
1370150 2864.9
1370160 2869.3
1370170 2873.2
1370180 2873.2
1370190 2877.8
1370200 2882.2
1370210 2882.2
1370220 2885.8
1370230 2890.8
1370240 2890.8
1370250 2894.8
1370260 2896.7
1370270 2896.7
1370280 2900.6
1370290 2904.9
1370300 2904.9
1370310 2909.6
1370320 2915.1
1370330 2915.1
1370340 2919.6
1370350 2923.3
1370360 2923.3
1370370 2927.3
1370380 2930.0
1370390 2933.0
1370400 2933.0
1370410 2936.6
1370420 2940.3
1370430 2940.3
1370440 2943.8
1370450 2947.3
1370460 2947.3
1370470 2950.9
1370480 2954.4
1370490 2954.4
1370500 2958.0
1370510 2961.8
1370520 2961.8
1370530 2965.5
1370540 2969.3
1370550 2969.3
1370560 2973.1
1370570 2977.0
1370580 2977.0
1370590 2981.0
1370600 2985.0
1370610 2989.1
1370620 2989.1
1370630 2993.1
1370640 2997.2
1370650 2997.2
1370660 2999.8
1370670 3003.9
1370680 3003.9
1370690 3007.9
1370700 3011.9
1370710 3011.9
1370720 3015.8
1370730 3019.7
1370740 3019.7
1370750 3023.6
1370760 3027.6
1370770 3027.6
1370780 3031.5
1370790 3035.4
1370800 3035.4
1370810 3039.4
1370820 3043.3
1370830 3047.2
1370840 3047.2
1370850 3051.1
1370860 3055.0
1370870 3055.0
1370880 3059.0
1370890 3062.9
1370900 3062.9
1370910 3066.8
1370920 3070.3
1370930 3070.3
1370940 3073.7
1370950 3077.2
1370960 3077.2
1370970 3077.4
1370980 3078.3
1370990 3078.3
1371000 3081.1
1371010 3085.7
1371020 3092.9
1371030 3092.9
1371040 3101.8
1371050 3114.0
1371060 3114.0
1371070 3135.5
1371080 3143.5
1371090 3143.5
1371100 3140.1
1371110 3133.4
1371120 3133.4
1371130 3126.8
1371140 3118.1
1371150 3118.1
1371160 3105.0
1371170 3093.7
1371180 3093.7
1371190 3084.5
1371200 3076.2
1371210 3076.2
1371220 3066.3
1371230 3055.5
1371240 3047.5
1371250 3047.5
1371260 3041.7
1371270 3034.1
1371280 3034.1
1371290 3027.6
1371300 3023.6
1371310 3023.6
1371320 3020.7
1371330 3018.3
1371340 3018.3
1371350 3015.8
1371360 3013.3
1371370 3013.3
1371380 3011.2
1371390 3009.5
1371400 3009.5
1371410 3008.2
1371420 3007.4
1371430 3007.4
1371440 3007.1
1371450 3007.2
1371460 3007.5
1371470 3007.5
1371480 3007.9
1371490 3008.2
1371500 3008.2
1371510 3008.4
1371520 3008.2
1371530 3008.2
1371540 3007.8
1371550 3008.4
1371560 3008.4
1371570 3009.0
1371580 3008.0
1371590 3008.0
1371600 3007.0
1371610 3005.9
1371620 3005.9
1371630 3004.3
1371640 3002.5
1371650 3002.5
1371660 3000.5
1371670 2998.8
1371680 2997.5
1371690 2997.5
1371700 2993.7
1371710 2989.7
1371720 2989.7
1371730 2986.2
1371740 2984.3
1371750 2984.3
1371760 2982.3
1371770 2976.4
1371780 2976.4
1371790 2973.8
1371800 2970.3
1371810 2970.3
1371820 2967.2
1371830 2965.7
1371840 2965.7
1371850 2962.6
1371860 2958.9
1371870 2958.9
1371880 2953.9
1371890 2949.4
1371900 2945.6
1371910 2945.6
1371920 2942.8
1371930 2939.1
1371940 2939.1
1371950 2934.2
1371960 2924.6
1371970 2924.6
1371980 2912.1
1371990 2902.0
1372000 2902.0
1372010 2892.6
1372020 2876.3
1372030 2876.3
1372040 2860.8
1372050 2848.2
1372060 2848.2
1372070 2841.6
1372080 2835.5
1372090 2835.5
1372100 2829.3
1372110 2823.5
1372120 2817.7
1372130 2817.7
1372140 2812.2
1372150 2807.1
1372160 2807.1
1372170 2802.6
1372180 2798.0
1372190 2798.0
1372200 2793.4
1372210 2788.5
1372220 2788.5
1372230 2783.7
1372240 2778.8
1372250 2778.8
1372260 2774.6
1372270 2770.2
1372280 2770.2
1372290 2765.0
1372300 2758.8
1372310 2758.8
1372320 2752.0
1372330 2745.2
1372340 2738.4
1372350 2738.4
1372360 2732.3
1372370 2727.1
1372380 2727.1
1372390 2721.7
1372400 2716.0
1372410 2716.0
1372420 2710.9
1372430 2707.6
1372440 2707.6
1372450 2701.8
1372460 2696.9
1372470 2696.9
1372480 2688.4
1372490 2678.8
1372500 2678.8
1372510 2674.5
1372520 2670.4
1372530 2670.4
1372540 2664.9
1372550 2659.1
1372560 2651.4
1372570 2651.4
1372580 2644.7
1372590 2640.6
1372600 2640.6
1372610 2637.1
1372620 2632.6
1372630 2632.6
1372640 2628.3
1372650 2623.5
1372660 2623.5
1372670 2614.4
1372680 2607.3
1372690 2607.3
1372700 2602.3
1372710 2594.7
1372720 2594.7
1372730 2586.5
1372740 2580.3
1372750 2580.3
1372760 2574.2
1372770 2564.8
1372780 2551.5
1372790 2551.5
1372800 2539.2
1372810 2530.0
1372820 2530.0
1372830 2522.5
1372840 2514.2
1372850 2514.2
1372860 2507.3
1372870 2501.1
1372880 2501.1
1372890 2494.2
1372900 2488.7
1372910 2488.7
1372920 2479.8
1372930 2471.2
1372940 2471.2
1372950 2461.2
1372960 2450.8
1372970 2450.8
1372980 2440.0
1372990 2428.3
1373000 2419.5
1373010 2419.5
1373020 2409.0
1373030 2398.7
1373040 2398.7
1373050 2388.9
1373060 2377.7
1373070 2377.7
1373080 2367.2
1373090 2358.4
1373100 2358.4
1373110 2349.5
1373120 2338.8
1373130 2338.8
1373140 2331.0
1373150 2324.0
1373160 2324.0
1373170 2317.6
1373180 2312.1
1373190 2312.1
1373200 2306.0
1373210 2299.4
1373220 2293.6
1373230 2293.6
1373240 2288.0
1373250 2282.0
1373260 2282.0
1373270 2275.5
1373280 2268.2
1373290 2268.2
1373300 2261.6
1373310 2255.8
1373320 2255.8
1373330 2250.8
1373340 2246.3
1373350 2246.3
1373360 2242.5
1373370 2239.0
1373380 2239.0
1373390 2236.0
1373400 2233.5
1373410 2233.5
1373420 2231.2
1373430 2229.6
1373440 2228.3
1373450 2228.3
1373460 2227.1
1373470 2226.0
1373480 2226.0
1373490 2225.0
1373500 2224.5
1373510 2224.5
1373520 2224.3
1373530 2222.8
1373540 2222.8
1373550 2222.7
1373560 2222.7
1373570 2222.7
1373580 2223.1
1373590 2223.9
1373600 2223.9
1373610 2224.0
1373620 2223.1
1373630 2222.4
1373640 2222.4
1373650 2222.0
1373660 2222.2
1373670 2222.2
1373680 2222.1
1373690 2222.4
1373700 2222.4
1373710 2222.8
1373720 2222.6
1373730 2222.6
1373740 2223.1
1373750 2225.3
1373760 2225.3
1373770 2227.1
1373780 2225.4
1373790 2225.4
1373800 2224.6
1373810 2224.3
1373820 2224.3
1373830 2225.6
1373840 2228.0
1373850 2230.7
1373860 2230.7
1373870 2234.9
1373880 2240.3
1373890 2240.3
1373900 2246.7
1373910 2252.5
1373920 2252.5
1373930 2258.6
1373940 2264.1
1373950 2264.1
1373960 2269.3
1373970 2274.4
1373980 2274.4
1373990 2280.2
1374000 2286.0
1374010 2286.0
1374020 2291.4
1374030 2296.8
1374040 2296.2
1374050 2302.3
1374060 2307.6
1374070 2312.7
1374080 2312.7
1374090 2318.7
1374100 2325.0
1374110 2325.0
1374120 2331.5
1374130 2338.1
1374140 2338.1
1374150 2344.6
1374160 2350.9
1374170 2350.9
1374180 2357.5
1374190 2364.3
1374200 2364.3
1374210 2371.1
1374220 2377.2
1374230 2377.2
1374240 2384.6
1374250 2392.3
1374260 2392.3
1374270 2400.3
1374280 2408.4
1374290 2416.3
1374300 2416.3
1374310 2425.1
1374320 2434.5
1374330 2434.5
1374340 2442.9
1374350 2451.4
1374360 2451.4
1374370 2460.2
1374380 2470.1
1374390 2470.1
1374400 2481.6
1374410 2491.3
1374420 2491.3
1374430 2499.0
1374440 2505.9
1374450 2505.9
1374460 2514.8
1374470 2519.8
1374480 2519.8
1374490 2524.8
1374500 2530.3
1374510 2535.6
1374520 2535.6
1374530 2539.9
1374540 2542.9
1374550 2542.9
1374560 2545.3
1374570 2549.6
1374580 2549.6
1374590 2555.9
1374600 2562.9
1374610 2562.9
1374620 2568.9
1374630 2571.9
1374640 2571.9
1374650 2574.1
1374660 2576.7
1374670 2576.7
1374680 2581.1
1374690 2587.6
1374700 2587.6
1374710 2595.1
1374720 2603.2
1374730 2610.7
1374740 2610.7
1374750 2618.1
1374760 2624.6
1374770 2624.6
1374780 2629.6
1374790 2634.1
1374800 2634.1
1374810 2639.6
1374820 2645.9
1374830 2645.9
1374840 2652.8
1374850 2660.1
1374860 2660.1
1374870 2667.7
1374880 2675.8
1374890 2675.8
1374900 2683.9
1374910 2692.5
1374920 2692.5
1374930 2702.7
1374940 2713.1
1374950 2731.9
1374960 2731.9
1374970 2750.4
1374980 2762.5
1374990 2762.5
1375000 2774.1
1375010 2782.2
1375020 2782.2
1375030 2789.9
1375040 2792.8
1375050 2792.8
1375060 2781.7
1375070 2770.1
1375080 2770.1
1375090 2756.3
1375100 2745.3
1375110 2745.3
1375120 2739.9
1375130 2734.7
1375140 2734.7
1375150 2730.2
1375160 2725.6
1375170 2721.2
1375180 2721.2
1375190 2712.5
1375200 2708.6
1375210 2708.6
1375220 2705.3
1375230 2702.2
1375240 2702.2
1375250 2700.5
1375260 2700.7
1375270 2700.7
1375280 2700.5
1375290 2701.7
1375300 2701.7
1375310 2703.8
1375320 2705.6
1375330 2705.6
1375340 2707.7
1375350 2710.8
1375360 2710.8
1375370 2714.1
1375380 2719.9
1375390 2724.3
1375400 2724.3
1375410 2729.8
1375420 2734.7
1375430 2734.7
1375440 2736.7
1375450 2738.8
1375460 2738.8
1375470 2742.1
1375480 2743.8
1375490 2743.8
1375500 2745.7
1375510 2746.8
1375520 2746.8
1375530 2748.6
1375540 2749.8
1375550 2749.8
1375560 2750.7
1375570 2752.7
1375580 2752.7
1375590 2754.3
1375600 2756.0
1375610 2757.1
1375620 2757.1
1375630 2759.7
1375640 2760.3
1375650 2760.3
1375660 2762.1
1375670 2764.8
1375680 2764.8
1375690 2764.5
1375700 2760.6
1375710 2760.6
1375720 2755.9
1375730 2752.0
1375740 2752.0
1375750 2749.5
1375760 2746.6
1375770 2746.6
1375780 2744.8
1375790 2744.6
1375800 2744.6
1375810 2743.5
1375820 2742.2
1375830 2741.1
1375840 2741.1
1375850 2740.5
1375860 2739.3
1375870 2739.3
1375880 2738.6
1375890 2738.4
1375900 2738.4
1375910 2738.4
1375920 2738.2
1375930 2738.2
1375940 2737.9
1375950 2737.8
1375960 2737.8
1375970 2737.9
1375980 2737.9
1375990 2737.9
1376000 2738.7
1376010 2739.0
1376020 2739.0
1376030 2736.9
1376040 2732.3
1376050 2728.2
1376060 2728.2
1376070 2725.7
1376080 2723.7
1376090 2723.7
1376100 2720.5
1376110 2715.8
1376120 2715.8
1376130 2711.5
1376140 2707.6
1376150 2707.6
1376160 2704.9
1376170 2702.8
1376180 2702.8
1376190 2699.9
1376200 2698.0
1376210 2698.0
1376220 2697.0
1376230 2696.3
1376240 2696.3
1376250 2695.1
1376260 2694.1
1376270 2693.2
1376280 2693.2
1376290 2692.0
1376300 2690.1
1376310 2690.1
1376320 2687.6
1376330 2685.0
1376340 2685.0
1376350 2682.4
1376360 2678.4
1376370 2678.4
1376380 2677.2
1376390 2676.0
1376400 2676.0
1376410 2674.1
1376420 2672.3
1376430 2672.3
1376440 2670.9
1376450 2669.6
1376460 2668.8
1376470 2668.8
1376480 2668.0
1376490 2667.9
1376500 2667.9
1376510 2668.5
1376520 2668.0
1376530 2668.0
1376540 2667.8
1376550 2667.3
1376560 2667.3
1376570 2666.0
1376580 2665.0
1376590 2665.0
1376600 2664.9
1376610 2665.5
1376620 2665.5
1376630 2666.1
1376640 2666.5
1376650 2666.5
1376660 2667.0
1376670 2667.8
1376680 2668.8
1376690 2668.8
1376700 2669.5
1376710 2670.0
1376720 2670.0
1376730 2669.8
1376740 2668.2
1376750 2668.2
1376760 2669.9
1376770 2673.1
1376780 2673.1
1376790 2676.6
1376800 2678.8
1376810 2678.8
1376820 2679.7
1376830 2682.6
1376840 2682.6
1376850 2684.0
1376860 2682.4
1376870 2682.4
1376880 2679.5
1376890 2677.1
1376900 2675.0
1376910 2675.0
1376920 2672.2
1376930 2670.9
1376940 2670.9
1376950 2670.4
1376960 2669.6
1376970 2669.6
1376980 2668.3
1376990 2667.8
1377000 2667.8
1377010 2667.2
1377020 2666.3
1377030 2666.3
1377040 2665.5
1377050 2666.6
1377060 2666.6
1377070 2665.8
1377080 2663.2
1377090 2663.2
1377100 2663.3
1377110 2664.2
1377120 2665.1
1377130 2665.1
1377140 2665.3
1377150 2665.6
1377160 2665.6
1377170 2666.2
1377180 2665.4
1377190 2665.4
1377200 2664.5
1377210 2664.5
1377220 2664.5
1377230 2667.4
1377240 2672.2
1377250 2672.2
1377260 2672.9
1377270 2673.8
1377280 2673.8
1377290 2673.4
1377300 2674.8
1377310 2674.8
1377320 2675.0
1377330 2678.5
1377340 2682.6
1377350 2682.6
1377360 2690.8
1377370 2700.8
1377380 2700.8
1377390 2705.3
1377400 2703.9
1377410 2703.9
1377420 2705.2
1377430 2708.3
1377440 2708.3
1377450 2711.3
1377460 2715.4
1377470 2715.4
1377480 2719.8
1377490 2723.8
1377500 2723.8
1377510 2728.0
1377520 2732.0
1377530 2732.0
1377540 2735.4
1377550 2738.6
1377560 2741.3
1377570 2741.3
1377580 2744.0
1377590 2746.6
1377600 2746.6
1377610 2748.6
1377620 2750.0
1377630 2750.0
1377640 2751.1
1377650 2752.0
1377660 2752.0
1377670 2752.8
1377680 2753.5
1377690 2753.5
1377700 2754.2
1377710 2755.3
1377720 2755.3
1377730 2756.8
1377740 2758.7
1377750 2758.7
1377760 2760.9
1377770 2763.3
1377780 2765.6
1377790 2765.6
1377800 2767.9
1377810 2770.2
1377820 2770.2
1377830 2772.4
1377840 2774.7
1377850 2774.7
1377860 2777.0
1377870 2779.1
1377880 2779.1
1377890 2781.4
1377900 2783.9
1377910 2783.9
1377920 2786.6
1377930 2789.4
1377940 2789.4
1377950 2792.4
1377960 2795.2
1377970 2795.2
1377980 2798.0
1377990 2800.7
1378000 2803.2
1378010 2803.2
1378020 2805.6
1378030 2807.9
1378040 2807.9
1378050 2810.2
1378060 2812.4
1378070 2812.4
1378080 2814.6
1378090 2816.7
1378100 2816.7
1378110 2819.2
1378120 2821.8
1378130 2821.8
1378140 2824.4
1378150 2827.1
1378160 2827.1
1378170 2829.8
1378180 2832.3
1378190 2832.3
1378200 2834.8
1378210 2837.3
1378220 2839.5
1378230 2839.5
1378240 2841.8
1378250 2844.0
1378260 2844.0
1378270 2846.2
1378280 2848.4
1378290 2848.4
1378300 2851.0
1378310 2853.7
1378320 2853.7
1378330 2856.7
1378340 2859.7
1378350 2859.7
1378360 2862.8
1378370 2866.1
1378380 2866.1
1378390 2869.7
1378400 2873.2
1378410 2873.2
1378420 2877.0
1378430 2881.0
1378440 2885.3
1378450 2885.3
1378460 2889.7
1378470 2894.3
1378480 2894.3
1378490 2898.7
1378500 2903.2
1378510 2903.2
1378520 2907.5
1378530 2911.8
1378540 2911.8
1378550 2915.7
1378560 2919.5
1378570 2919.5
1378580 2922.8
1378590 2925.9
1378600 2925.9
1378610 2929.0
1378620 2932.1
1378630 2932.1
1378640 2934.9
1378650 2937.5
1378660 2940.9
1378670 2940.9
1378680 2943.6
1378690 2946.7
1378700 2946.7
1378710 2949.9
1378720 2953.2
1378730 2955.7
1378740 2959.2
1378750 2962.9
1378760 2962.9
1378770 2967.0
1378780 2971.0
1378790 2971.0
1378800 2975.3
1378810 2980.2
1378820 2980.2
1378830 2985.2
1378840 2990.9
1378850 2990.9
1378860 2996.7
1378870 3002.1
1378880 3009.2
1378890 3009.2
1378900 3023.0
1378910 3037.6
1378920 3037.6
1378930 3046.7
1378940 3056.3
1378950 3056.3
1378960 3062.2
1378970 3069.6
1378980 3069.6
1378990 3076.8
1379000 3083.8
1379010 3083.8
1379020 3094.3
1379030 3105.6
1379040 3105.6
1379050 3112.6
1379060 3117.1
1379070 3117.1
1379080 3122.4
1379090 3127.7
1379100 3132.8
1379110 3132.8
1379120 3137.8
1379130 3143.9
1379140 3143.9
1379150 3150.7
1379160 3159.0
1379170 3159.0
1379180 3167.4
1379190 3174.6
1379200 3174.6
1379210 3182.3
1379220 3192.8
1379230 3192.8
1379240 3208.5
1379250 3215.1
1379260 3215.1
1379270 3215.8
1379280 3217.6
1379290 3220.5
1379300 3220.5
1379310 3222.5
1379320 3223.7
1379330 3223.7
1379340 3226.0
1379350 3229.9
1379360 3229.9
1379370 3235.0
1379380 3240.2
1379390 3240.2
1379400 3244.5
1379410 3247.2
1379420 3247.2
1379430 3250.4
1379440 3251.5
1379450 3251.5
1379460 3248.5
1379470 3237.5
1379480 3237.5
1379490 3221.7
1379500 3220.4
1379510 3220.5
1379520 3220.5
1379530 3220.8
1379540 3220.9
1379550 3220.9
1379560 3221.0
1379570 3221.2
1379580 3221.2
1379590 3221.7
1379600 3222.1
1379610 3222.1
1379620 3222.5
1379630 3223.1
1379640 3223.1
1379650 3223.9
1379660 3224.3
1379670 3224.3
1379680 3225.0
1379690 3225.6
1379700 3225.6
1379710 3226.1
1379720 3227.4
1379730 3228.7
1379740 3228.7
1379750 3228.9
1379760 3228.8
1379770 3228.8
1379780 3229.1
1379790 3229.6
1379800 3229.6
1379810 3232.0
1379820 3235.7
1379830 3235.7
1379840 3242.0
1379850 3250.6
1379860 3250.6
1379870 3244.4
1379880 3224.2
1379890 3224.2
1379900 3204.2
1379910 3185.7
1379920 3185.7
1379930 3189.6
1379940 3171.8
1379950 3155.3
1379960 3155.3
1379970 3141.4
1379980 3134.8
1379990 3134.8
