1361630 2937.7
1361640 2937.7
1361650 2943.8
1361660 2951.5
1361670 2951.5
1361680 2960.1
1361690 2969.3
1361700 2979.5
1361710 2979.5
1361720 2994.3
1361730 3011.5
1361740 3011.5
1361750 3030.6
1361760 3062.2
1361770 3062.2
1361780 3077.6
1361790 3090.6
1361800 3090.6
1361810 3102.7
1361820 3113.2
1361830 3113.2
1361840 3125.0
1361850 3134.8
1361860 3134.8
1361870 3139.9
1361880 3152.2
1361890 3152.2
1361900 3159.6
1361910 3166.9
1361920 3173.5
1361930 3173.5
1361940 3179.3
1361950 3183.4
1361960 3183.4
1361970 3187.2
1361980 3190.3
1361990 3190.3
1362000 3188.7
1362010 3188.5
1362020 3188.5
1362030 3191.5
1362040 3191.8
1362050 3191.8
1362060 3192.3
1362070 3193.0
1362080 3193.0
1362090 3194.2
1362100 3194.5
1362110 3194.5
1362120 3192.8
1362130 3185.8
1362140 3176.3
1362150 3176.3
1362160 3157.9
1362170 3147.4
1362180 3147.4
1362190 3139.0
1362200 3135.8
1362210 3135.8
1362220 3131.9
1362230 3124.9
1362240 3124.9
1362250 3114.3
1362260 3103.5
1362270 3103.5
1362280 3090.8
1362290 3075.9
1362300 3075.9
1362310 3057.9
1362320 3046.9
1362330 3046.9
1362340 3035.8
1362350 3022.6
1362360 3011.1
1362370 3011.1
1362380 2997.4
1362390 2981.7
1362400 2981.7
1362410 2966.3
1362420 2958.5
1362430 2958.5
1362440 2955.0
1362450 2953.3
1362460 2953.3
1362470 2953.2
1362480 2952.8
1362490 2952.8
1362500 2945.0
1362510 2944.1
1362520 2944.1
1362530 2942.7
1362540 2938.3
1362550 2938.3
1362560 2935.0
1362570 2932.4
1362580 2932.0
1362590 2932.0
1362600 2932.7
1362610 2932.4
1362620 2932.4
1362630 2932.6
1362640 2936.9
1362650 2936.9
1362660 2945.4
1362670 2953.7
1362680 2953.7
1362690 2955.3
1362700 2955.2
1362710 2955.2
1362720 2955.5
1362730 2956.3
1362740 2956.3
1362750 2957.4
1362760 2958.5
1362770 2958.5
1362780 2961.5
1362790 2971.2
1362800 2978.3
1362810 2978.3
1362820 2979.4
1362830 2990.3
1362840 2990.3
1362850 2985.1
1362860 2982.4
1362870 2982.4
1362880 2973.2
1362890 2966.3
1362900 2966.3
1362910 2972.3
1362920 2962.7
1362930 2962.7
1362940 2956.8
1362950 2949.7
1362960 2949.7
1362970 2944.3
1362980 2938.2
1362990 2938.2
1363000 2930.2
1363010 2920.7
1363020 2918.2
1363030 2918.2
1363040 2916.7
1363050 2918.1
1363060 2918.1
1363070 2918.4
1363080 2915.1
1363090 2915.1
1363100 2914.4
1363110 2915.0
1363120 2915.0
1363130 2916.6
1363140 2919.4
1363150 2919.4
1363160 2922.1
1363170 2924.7
1363180 2924.7
1363190 2927.4
1363200 2928.9
1363210 2928.9
1363220 2929.0
1363230 2928.0
1363240 2926.7
1363250 2926.7
1363260 2926.9
1363270 2928.7
1363280 2928.7
1363290 2930.6
1363300 2932.3
1363310 2932.3
1363320 2934.4
1363330 2936.5
1363340 2936.5
1363350 2938.3
1363360 2940.3
1363370 2940.3
1363380 2942.7
1363390 2944.9
1363400 2944.9
1363410 2947.6
1363420 2950.2
1363430 2950.2
1363440 2951.8
1363450 2953.6
1363460 2955.5
1363470 2955.5
1363480 2957.4
1363490 2959.5
1363500 2959.5
1363510 2961.6
1363520 2963.4
1363530 2963.4
1363540 2964.7
1363550 2965.7
1363560 2965.7
1363570 2966.7
1363580 2968.0
1363590 2968.0
1363600 2969.8
1363610 2972.0
1363620 2972.0
1363630 2974.3
1363640 2976.6
1363650 2978.9
1363660 2978.9
1363670 2981.4
1363680 2983.9
1363690 2983.9
1363700 2986.5
1363710 2989.1
1363720 2989.1
1363730 2991.4
1363740 2993.5
1363750 2993.5
1363760 2995.5
1363770 2997.5
1363780 2997.5
1363790 2999.3
1363800 3001.2
1363810 3001.2
1363820 3002.6
1363830 3005.2
1363840 3005.2
1363850 3008.2
1363860 3011.3
1363870 3014.6
1363880 3014.6
1363890 3018.0
1363900 3021.3
1363910 3021.3
1363920 3024.5
1363930 3027.4
1363940 3027.4
1363950 3030.1
1363960 3033.8
1363970 3033.8
1363980 3036.2
1363990 3038.9
1364000 3038.9
1364010 3041.4
1364020 3043.9
1364030 3043.9
1364040 3046.2
1364050 3048.5
1364060 3048.5
1364070 3051.5
1364080 3056.0
1364090 3062.9
1364100 3062.9
1364110 3068.8
1364120 3076.8
1364130 3076.8
1364140 3084.5
1364150 3097.1
1364160 3097.1
1364170 3104.7
1364180 3112.5
1364190 3112.5
1364200 3121.5
1364210 3134.4
1364220 3134.4
1364230 3149.2
1364240 3156.9
1364250 3156.9
1364260 3164.5
1364270 3173.4
1364280 3173.4
1364290 3184.9
1364300 3194.5
1364310 3206.5
1364320 3206.5
1364330 3216.3
1364340 3225.7
1364350 3225.7
1364360 3235.3
1364370 3248.6
1364380 3248.6
1364390 3262.8
1364400 3274.4
1364410 3274.4
1364420 3284.5
1364430 3294.1
1364440 3294.1
1364450 3300.5
1364460 3302.3
1364470 3302.3
1364480 3305.6
1364490 3310.4
1364500 3310.4
1364510 3315.3
1364520 3321.0
1364530 3323.7
1364540 3323.7
1364550 3327.7
1364560 3327.7
1364570 3327.7
1364580 3321.8
1364590 3322.0
1364600 3322.0
1364610 3337.8
1364620 3340.1
1364630 3340.1
1364640 3340.2
1364650 3339.9
1364660 3339.9
1364670 3335.3
1364680 3326.5
1364690 3326.5
1364700 3325.0
1364710 3327.6
1364720 3327.6
1364730 3330.9
1364740 3334.0
1364750 3338.0
1364760 3338.0
1364770 3339.9
1364780 3341.1
1364790 3341.1
1364800 3343.1
1364810 3342.8
1364820 3342.8
1364830 3345.7
1364840 3350.2
1364850 3350.2
1364860 3353.1
1364870 3351.7
1364880 3351.7
1364890 3352.8
1364900 3356.8
1364910 3356.8
1364920 3358.7
1364930 3361.2
1364940 3361.2
1364950 3364.8
1364960 3370.2
1364970 3375.6
1364980 3375.6
1364990 3381.7
1365000 3387.4
1365010 3387.4
1365020 3412.1
1365030 3422.0
1365040 3422.0
1365050 3431.8
1365060 3435.1
1365070 3435.1
1365080 3435.1
1365090 3431.6
1365100 3431.6
1365110 3426.8
1365120 3414.0
1365130 3414.0
1365140 3404.9
1365150 3395.2
1365160 3395.2
1365170 3377.8
1365180 3366.2
1365190 3356.0
1365200 3356.0
1365210 3344.7
1365220 3333.6
1365230 3333.6
1365240 3326.6
1365250 3320.7
1365260 3320.7
1365270 3315.6
1365280 3311.9
1365290 3311.9
1365300 3309.0
1365310 3307.2
1365320 3307.2
1365330 3306.2
1365340 3305.2
1365350 3305.2
1365360 3304.1
1365370 3302.7
1365380 3302.7
1365390 3302.7
1365400 3303.7
1365410 3303.5
1365420 3303.5
1365430 3303.5
1365440 3304.4
1365450 3304.4
1365460 3305.8
1365470 3306.8
1365480 3306.8
1365490 3308.3
1365500 3309.5
1365510 3309.5
1365520 3304.4
1365530 3302.2
1365540 3302.2
1365550 3303.1
1365560 3302.0
1365570 3302.0
1365580 3300.8
1365590 3298.3
1365600 3298.3
1365610 3294.6
1365620 3291.7
1365630 3290.2
1365640 3290.2
1365650 3290.1
1365660 3290.4
1365670 3290.4
1365680 3290.7
1365690 3287.3
1365700 3287.3
1365710 3281.9
1365720 3281.0
1365730 3281.0
1365740 3278.8
1365750 3277.1
1365760 3277.1
1365770 3275.8
1365780 3275.4
1365790 3275.4
1365800 3276.3
1365810 3276.4
1365820 3276.2
1365830 3276.2
1365840 3276.3
1365850 3279.7
1365860 3279.7
1365870 3283.5
1365880 3283.6
1365890 3283.6
1365900 3281.3
1365910 3277.8
1365920 3277.8
1365930 3271.7
1365940 3263.2
1365950 3263.2
1365960 3254.5
1365970 3245.5
1365980 3245.5
1365990 3236.1
1366000 3226.6
1366010 3226.6
1366020 3218.2
1366030 3210.7
1366040 3203.8
1366050 3203.8
1366060 3197.4
1366070 3191.3
1366080 3191.0
1366090 3185.3
1366100 3180.0
1366110 3180.0
1366120 3175.0
1366130 3169.8
1366140 3169.8
1366150 3163.8
1366160 3157.1
1366170 3157.1
1366180 3150.2
1366190 3143.1
1366200 3143.1
1366210 3135.5
1366220 3127.7
1366230 3127.7
1366240 3120.2
1366250 3112.8
1366260 3106.8
1366270 3106.8
1366280 3100.8
1366290 3095.5
1366300 3095.5
1366310 3089.8
1366320 3083.6
1366330 3083.6
1366340 3075.8
1366350 3066.6
1366360 3066.6
1366370 3060.7
1366380 3055.3
1366390 3055.3
1366400 3049.6
1366410 3044.2
1366420 3044.2
1366430 3038.7
1366440 3032.6
1366450 3032.6
1366460 3026.1
1366470 3018.7
1366480 3013.1
1366490 3013.1
1366500 3004.2
1366510 2990.1
1366520 2990.1
1366530 2981.2
1366540 2974.0
1366550 2974.0
1366560 2967.2
1366570 2959.6
1366580 2959.6
1366590 2955.5
1366600 2950.8
1366610 2950.8
1366620 2945.6
1366630 2940.8
1366640 2940.8
1366650 2936.5
1366660 2930.0
1366670 2930.0
1366680 2923.1
1366690 2919.5
1366700 2913.6
1366710 2913.6
1366720 2906.8
1366730 2897.4
1366740 2897.4
1366750 2885.2
1366760 2875.5
1366770 2875.5
1366780 2867.1
1366790 2859.5
1366800 2859.5
1366810 2853.5
1366820 2849.2
1366830 2849.2
1366840 2846.0
1366850 2843.6
1366860 2843.6
1366870 2841.8
1366880 2840.4
1366890 2840.4
1366900 2839.0
1366910 2837.3
1366920 2835.3
1366930 2835.3
1366940 2832.9
1366950 2830.2
1366960 2830.2
1366970 2827.5
1366980 2824.6
1366990 2824.6
1367000 2821.3
1367010 2818.0
1367020 2818.0
1367030 2814.5
1367040 2810.2
1367050 2810.2
1367060 2805.1
1367070 2799.8
1367080 2799.8
1367090 2794.7
1367100 2790.1
1367110 2790.1
1367120 2785.9
1367130 2781.7
1367140 2777.7
1367150 2777.7
1367160 2771.3
1367170 2767.8
1367180 2767.8
1367190 2764.8
1367200 2762.5
1367210 2762.5
1367220 2760.4
1367230 2757.9
1367240 2757.9
1367250 2754.4
1367260 2750.2
1367270 2750.2
1367280 2745.0
1367290 2739.3
1367300 2739.3
1367310 2732.2
1367320 2724.2
1367330 2724.2
1367340 2715.7
1367350 2707.5
1367360 2701.0
1367370 2701.0
1367380 2695.7
1367390 2688.8
1367400 2688.8
1367410 2680.4
1367420 2677.1
1367430 2677.1
1367440 2671.7
1367450 2661.2
1367460 2661.2
1367470 2651.4
1367480 2645.3
1367490 2645.3
1367500 2639.1
1367510 2630.2
1367520 2630.2
1367530 2621.4
1367540 2612.6
1367550 2612.6
1367560 2607.4
1367570 2599.0
1367580 2590.1
1367590 2590.1
1367600 2578.4
1367610 2564.6
1367620 2564.6
1367630 2550.5
1367640 2538.4
1367650 2538.4
1367660 2528.8
1367670 2518.9
1367680 2518.9
1367690 2508.5
1367700 2497.5
1367710 2497.5
1367720 2485.4
1367730 2476.4
1367740 2476.4
1367750 2468.0
1367760 2457.9
1367770 2457.9
1367780 2446.3
1367790 2438.5
1367800 2433.1
1367810 2433.1
1367820 2427.7
1367830 2418.7
1367840 2418.7
1367850 2410.9
1367860 2403.7
1367870 2403.7
1367880 2399.0
1367890 2395.3
1367900 2395.3
1367910 2392.2
1367920 2390.5
1367930 2390.5
1367940 2388.6
1367950 2385.6
1367960 2385.6
1367970 2382.0
1367980 2377.9
1367990 2377.9
1368000 2373.3
1368010 2369.4
1368020 2364.6
1368030 2364.6
1368040 2359.4
1368050 2355.3
1368060 2355.3
1368070 2352.2
1368080 2350.4
1368090 2350.4
1368100 2351.5
1368110 2352.2
1368120 2352.2
1368130 2351.7
1368140 2351.0
1368150 2351.0
1368160 2350.2
1368170 2350.8
1368180 2350.8
1368190 2351.7
1368200 2350.5
1368210 2346.8
1368220 2346.8
1368230 2341.9
1368240 2338.7
1368250 2338.7
1368260 2337.2
1368270 2334.9
1368280 2334.9
1368290 2334.1
1368300 2334.9
1368310 2334.9
1368320 2334.9
1368330 2333.7
1368340 2333.7
1368350 2334.8
1368360 2336.0
1368370 2336.0
1368380 2337.4
1368390 2338.7
1368400 2338.7
1368410 2339.3
1368420 2339.9
1368430 2340.7
1368440 2340.7
1368450 2342.2
1368460 2344.4
1368470 2344.4
1368480 2346.6
1368490 2349.0
1368500 2349.0
1368510 2351.0
1368520 2354.1
1368530 2354.1
1368540 2356.8
1368550 2360.5
1368560 2360.5
1368570 2365.7
1368580 2371.3
1368590 2371.3
1368600 2377.1
1368610 2383.4
1368620 2383.4
1368630 2390.0
1368640 2396.5
1368650 2403.3
1368660 2403.3
1368670 2410.5
1368680 2418.0
1368690 2418.0
1368700 2423.9
1368710 2428.7
1368720 2428.7
1368730 2433.6
1368740 2439.3
1368750 2439.3
1368760 2445.7
1368770 2452.5
1368780 2452.5
1368790 2459.7
1368800 2466.1
1368810 2466.1
1368820 2472.5
1368830 2479.2
1368840 2479.2
1368850 2485.5
1368860 2491.8
1368870 2496.8
1368880 2496.8
1368890 2500.9
1368900 2505.5
1368910 2505.5
1368920 2511.1
1368930 2517.3
1368940 2517.3
1368950 2523.9
1368960 2529.8
1368970 2529.8
1368980 2535.9
1368990 2542.5
1369000 2542.5
1369010 2549.4
1369020 2556.4
1369030 2556.4
1369040 2563.4
1369050 2570.1
1369060 2570.1
1369070 2576.0
1369080 2581.9
1369090 2587.8
1369100 2587.8
1369110 2594.3
1369120 2604.9
1369130 2604.9
1369140 2618.8
1369150 2626.9
1369160 2626.9
1369170 2632.0
1369180 2636.7
1369190 2636.7
1369200 2642.5
1369210 2647.9
1369220 2647.9
1369230 2653.3
1369240 2659.1
1369250 2659.1
1369260 2665.0
1369270 2670.4
1369280 2670.4
1369290 2674.3
1369300 2675.4
1369310 2675.2
1369320 2675.2
1369330 2669.9
1369340 2672.1
1369350 2672.1
1369360 2674.9
1369370 2678.7
1369380 2678.7
1369390 2683.1
1369400 2686.0
1369410 2686.0
1369420 2687.4
1369430 2688.5
1369440 2688.5
1369450 2691.0
1369460 2694.1
1369470 2694.1
1369480 2696.2
1369490 2698.6
1369500 2698.6
1369510 2700.2
1369520 2702.2
1369530 2704.8
1369540 2704.8
1369550 2707.1
1369560 2710.7
1369570 2710.7
1369580 2713.1
1369590 2714.9
1369600 2714.9
1369610 2717.3
1369620 2720.9
1369630 2720.9
1369640 2724.2
1369650 2726.5
1369660 2726.5
1369670 2729.8
1369680 2733.1
1369690 2733.1
1369700 2736.3
1369710 2739.6
1369720 2739.6
1369730 2743.6
1369740 2747.6
1369750 2749.9
1369760 2749.9
1369770 2753.1
1369780 2757.7
1369790 2757.7
1369800 2762.9
1369810 2766.7
1369820 2766.7
1369830 2771.0
1369840 2775.5
1369850 2775.5
1369860 2779.6
1369870 2784.0
1369880 2784.0
1369890 2788.2
1369900 2792.7
1369910 2792.7
1369920 2797.7
1369930 2801.3
1369940 2801.3
1369950 2802.0
1369960 2800.9
1369970 2800.7
1369980 2800.7
1369990 2801.0
1370000 2800.5
1370010 2800.5
1370020 2802.0
1370030 2804.9
1370040 2804.9
1370050 2808.6
1370060 2812.6
1370070 2812.6
1370080 2816.2
1370090 2819.0
1370100 2819.0
1370110 2821.8
1370120 2824.2
1370130 2824.2
1370140 2827.4
1370150 2829.5
1370160 2829.5
1370170 2832.0
1370180 2835.3
1370190 2838.9
1370200 2838.9
1370210 2842.8
1370220 2846.8
1370230 2846.8
1370240 2850.4
1370250 2853.6
1370260 2853.6
1370270 2856.5
1370280 2859.4
1370290 2859.4
1370300 2862.7
1370310 2866.5
1370320 2866.5
1370330 2870.4
1370340 2873.4
1370350 2873.4
1370360 2876.8
1370370 2881.1
1370380 2881.1
1370390 2886.7
1370400 2889.7
1370410 2891.5
1370420 2891.5
1370430 2894.0
1370440 2895.8
1370450 2895.8
1370460 2899.1
1370470 2902.3
1370480 2902.3
1370490 2905.4
1370500 2910.4
1370510 2910.4
1370520 2916.9
1370530 2919.8
1370540 2919.8
1370550 2924.4
1370560 2929.3
1370570 2929.3
1370580 2932.4
1370590 2934.7
1370600 2937.7
1370610 2937.7
1370620 2941.5
1370630 2945.4
1370640 2945.4
1370650 2949.7
1370660 2954.0
1370670 2954.0
1370680 2958.6
1370690 2963.3
1370700 2963.3
1370710 2968.1
1370720 2973.3
1370730 2973.3
1370740 2978.5
1370750 2983.9
1370760 2983.9
1370770 2989.2
1370780 2994.6
1370790 2994.6
1370800 2999.9
1370810 3005.1
1370820 3010.2
1370830 3010.2
1370840 3015.1
1370850 3019.5
1370860 3019.5
1370870 3023.8
1370880 3026.1
1370890 3026.1
1370900 3027.7
1370910 3032.5
1370920 3032.5
1370930 3038.5
1370940 3046.8
1370950 3046.8
1370960 3056.3
1370970 3072.9
1370980 3072.9
1370990 3086.9
1371000 3095.4
1371010 3095.4
1371020 3102.4
1371030 3095.5
1371040 3062.7
1371050 3062.7
1371060 3013.6
1371070 2989.9
1371080 2989.9
1371090 2972.9
1371100 2959.4
1371110 2959.4
1371120 2950.2
1371130 2943.3
1371140 2943.3
1371150 2936.9
1371160 2931.0
1371170 2931.0
1371180 2925.5
1371190 2920.7
1371200 2920.7
1371210 2916.8
1371220 2913.5
1371230 2913.5
1371240 2910.4
1371250 2908.0
1371260 2906.1
1371270 2906.1
1371280 2904.9
1371290 2904.6
1371300 2904.6
1371310 2905.6
1371320 2907.7
1371330 2907.7
1371340 2912.3
1371350 2916.9
1371360 2916.9
1371370 2921.7
1371380 2926.0
1371390 2926.0
1371400 2928.6
1371410 2931.1
1371420 2931.1
1371430 2931.6
1371440 2931.9
1371450 2931.9
1371460 2931.8
1371470 2930.7
1371480 2931.5
1371490 2931.5
1371500 2933.6
1371510 2936.8
1371520 2936.8
1371530 2939.8
1371540 2941.0
1371550 2941.0
1371560 2938.9
1371570 2938.6
1371580 2938.6
1371590 2937.7
1371600 2937.0
1371610 2937.0
1371620 2934.2
1371630 2929.2
1371640 2929.2
1371650 2925.5
1371660 2922.2
1371670 2922.2
1371680 2916.6
1371690 2911.0
1371700 2909.2
1371710 2909.2
1371720 2909.7
1371730 2910.7
1371740 2910.7
1371750 2913.0
1371760 2916.3
1371770 2916.3
1371780 2918.8
1371790 2920.6
1371800 2920.6
1371810 2921.8
1371820 2922.7
1371830 2922.7
1371840 2921.6
1371850 2918.9
1371860 2918.9
1371870 2916.8
1371880 2916.1
1371890 2916.1
1371900 2917.4
1371910 2920.3
1371920 2923.2
1371930 2923.2
1371940 2927.6
1371950 2930.1
1371960 2930.1
1371970 2931.3
1371980 2932.9
1371990 2932.9
1372000 2930.3
1372010 2920.8
1372020 2920.8
1372030 2909.5
1372040 2897.3
1372050 2897.3
1372060 2889.5
1372070 2882.5
1372080 2882.5
1372090 2875.1
1372100 2868.4
1372110 2868.4
1372120 2864.0
1372130 2859.7
1372140 2855.2
1372150 2855.2
1372160 2850.2
1372170 2843.5
1372180 2843.5
1372190 2838.1
1372200 2833.2
1372210 2833.2
1372220 2829.2
1372230 2826.7
1372240 2826.7
1372250 2814.8
1372260 2797.7
1372270 2797.7
1372280 2788.9
1372290 2782.2
1372300 2782.2
1372310 2774.0
1372320 2765.8
1372330 2765.8
1372340 2759.0
1372350 2753.6
1372360 2747.6
1372370 2747.6
1372380 2742.6
1372390 2739.2
1372400 2739.2
1372410 2736.0
1372420 2732.5
1372430 2732.5
1372440 2728.3
1372450 2723.8
1372460 2723.8
1372470 2718.7
1372480 2714.2
1372490 2714.2
1372500 2708.8
1372510 2703.3
1372520 2703.3
1372530 2697.8
1372540 2692.3
1372550 2692.3
1372560 2686.3
1372570 2680.6
1372580 2674.7
1372590 2674.7
1372600 2669.2
1372610 2664.9
1372620 2664.9
1372630 2660.5
1372640 2655.3
1372650 2655.3
1372660 2649.6
1372670 2643.2
1372680 2646.2
1372690 2639.9
1372700 2634.4
1372710 2634.4
1372720 2628.8
1372730 2624.4
1372740 2624.4
1372750 2619.5
1372760 2613.5
1372770 2613.5
1372780 2606.3
1372790 2599.8
1372800 2595.0
1372810 2595.0
1372820 2590.8
1372830 2586.0
1372840 2586.0
1372850 2580.9
1372860 2574.4
1372870 2574.4
1372880 2570.0
1372890 2565.6
1372900 2565.6
1372910 2559.6
1372920 2553.3
1372930 2553.3
1372940 2548.6
1372950 2540.6
1372960 2540.6
1372970 2532.7
1372980 2524.4
1372990 2513.1
1373000 2513.1
1373010 2500.7
1373020 2491.4
1373030 2491.4
1373040 2486.0
1373050 2481.5
1373060 2481.5
1373070 2474.1
1373080 2466.0
1373090 2466.0
1373100 2457.3
1373110 2445.3
1373120 2445.3
1373130 2433.7
1373140 2422.9
1373150 2422.9
1373160 2411.7
1373170 2402.7
1373180 2402.7
1373190 2393.9
1373200 2384.9
1373210 2373.8
1373220 2373.8
1373230 2363.3
1373240 2353.6
1373250 2353.6
1373260 2341.8
1373270 2322.0
1373280 2322.0
1373290 2305.1
1373300 2292.6
1373310 2292.6
1373320 2279.2
1373330 2267.5
1373340 2267.5
1373350 2256.3
1373360 2248.4
1373370 2248.4
1373380 2242.0
1373390 2235.9
1373400 2235.9
1373410 2230.1
1373420 2224.2
1373430 2216.9
1373440 2216.9
1373450 2212.4
1373460 2211.4
1373470 2211.4
1373480 2211.4
1373490 2210.2
1373500 2210.2
1373510 2208.7
1373520 2207.0
1373530 2207.0
1373540 2206.5
1373550 2206.2
1373560 2206.2
1373570 2206.4
1373580 2206.7
1373590 2206.7
1373600 2206.6
1373610 2206.2
1373620 2206.2
1373630 2206.0
1373640 2205.9
1373650 2205.6
1373660 2205.6
1373670 2205.6
1373680 2205.7
1373690 2205.7
1373700 2205.5
1373710 2205.4
1373720 2205.4
1373730 2205.1
1373740 2205.3
1373750 2205.3
1373760 2205.1
1373770 2205.0
1373780 2205.0
1373790 2205.8
1373800 2206.3
1373810 2206.3
1373820 2207.2
1373830 2207.4
1373840 2207.4
1373850 2207.2
1373860 2207.1
1373870 2207.4
1373880 2207.4
1373890 2207.9
1373900 2209.0
1373910 2209.0
1373920 2211.7
1373930 2214.6
1373940 2214.6
1373950 2217.5
1373960 2222.5
1373970 2222.5
1373980 2229.8
1373990 2236.9
1374000 2236.9
1374010 2243.5
1374020 2251.3
1374030 2251.3
1374040 2259.6
1374050 2269.8
1374060 2269.8
1374070 2279.8
1374080 2288.8
1374090 2299.1
1374100 2299.1
1374110 2307.3
1374120 2314.1
1374130 2314.1
1374140 2320.4
1374150 2328.1
1374160 2328.1
1374170 2337.1
1374180 2344.8
1374190 2344.8
1374200 2351.5
1374210 2358.8
1374220 2358.8
1374230 2367.2
1374240 2376.2
1374250 2376.2
1374260 2384.0
1374270 2392.1
1374280 2392.1
1374290 2399.0
1374300 2405.5
1374310 2413.2
1374320 2413.2
1374330 2420.4
1374340 2428.3
1374350 2428.3
1374360 2435.2
1374370 2442.9
1374380 2442.9
1374390 2451.6
1374400 2460.0
1374410 2460.0
1374420 2465.3
1374430 2470.0
1374440 2470.0
1374450 2476.2
1374460 2484.4
1374470 2484.4
1374480 2490.9
1374490 2495.4
1374500 2495.4
1374510 2501.2
1374520 2506.2
1374530 2510.6
1374540 2510.6
1374550 2514.5
1374560 2517.3
1374570 2517.3
1374580 2520.8
1374590 2525.2
1374600 2525.2
1374610 2530.5
1374620 2535.4
1374630 2535.4
1374640 2541.6
1374650 2551.5
1374660 2551.5
1374670 2561.3
1374680 2566.2
1374690 2566.2
1374700 2571.1
1374710 2576.7
1374720 2576.7
1374730 2583.4
1374740 2590.2
1374750 2597.3
1374760 2597.3
1374770 2605.3
1374780 2614.8
1374790 2614.8
1374800 2623.4
1374810 2632.7
1374820 2632.7
1374830 2639.6
1374840 2644.7
1374850 2644.7
1374860 2646.5
1374870 2648.2
1374880 2648.2
1374890 2649.7
1374900 2649.7
1374910 2649.7
1374920 2649.3
1374930 2648.8
1374940 2648.8
1374950 2648.5
1374960 2650.4
1374970 2650.3
1374980 2650.3
1374990 2651.8
1375000 2655.3
1375010 2655.3
1375020 2659.5
1375030 2663.6
1375040 2663.6
1375050 2666.0
1375060 2667.2
1375070 2667.2
1375080 2667.6
1375090 2669.0
1375100 2669.0
1375110 2670.5
1375120 2670.4
1375130 2670.4
1375140 2672.8
1375150 2679.5
1375160 2680.0
1375170 2680.0
1375180 2678.7
1375190 2678.2
1375200 2678.2
1375210 2677.8
1375220 2676.1
1375230 2676.1
1375240 2674.0
1375250 2671.1
1375260 2671.1
1375270 2668.6
1375280 2667.6
1375290 2667.6
1375300 2667.1
1375310 2666.5
1375320 2666.5
1375330 2666.6
1375340 2666.3
1375350 2666.3
1375360 2665.0
1375370 2663.3
1375380 2662.9
1375390 2662.9
1375400 2664.2
1375410 2666.0
1375420 2666.0
1375430 2666.8
1375440 2667.2
1375450 2667.2
1375460 2669.5
1375470 2673.6
1375480 2673.6
1375490 2678.8
1375500 2683.6
1375510 2683.6
1375520 2688.4
1375530 2691.0
1375540 2691.0
1375550 2691.6
1375560 2692.2
1375570 2692.2
1375580 2693.6
1375590 2693.5
1375600 2691.6
1375610 2691.6
1375620 2687.4
1375630 2684.0
1375640 2684.0
1375650 2680.8
1375660 2677.3
1375670 2677.3
1375680 2676.9
1375690 2677.1
1375700 2677.1
1375710 2676.5
1375720 2676.8
1375730 2676.8
1375740 2677.4
1375750 2676.6
1375760 2676.6
1375770 2675.4
1375780 2673.8
1375790 2673.8
1375800 2672.6
1375810 2671.9
1375820 2671.0
1375830 2671.0
1375840 2669.3
1375850 2667.5
1375860 2667.5
1375870 2665.8
1375880 2664.0
1375890 2664.0
1375900 2662.6
1375910 2661.8
1375920 2661.8
1375930 2660.5
1375940 2658.8
1375950 2658.8
1375960 2657.6
1375970 2655.0
1375980 2655.0
1375990 2652.8
1376000 2652.0
1376010 2652.0
1376020 2652.9
1376030 2653.9
1376040 2654.4
1376050 2654.4
1376060 2653.7
1376070 2653.0
1376080 2653.0
1376090 2652.5
1376100 2651.4
1376110 2651.4
1376120 2650.7
1376130 2643.1
1376140 2643.1
1376150 2639.5
1376160 2636.7
1376170 2636.7
1376180 2634.8
1376190 2632.6
1376200 2632.6
1376210 2630.4
1376220 2626.8
1376230 2626.8
1376240 2623.1
1376250 2619.7
1376260 2616.8
1376270 2616.8
1376280 2614.3
1376290 2612.5
1376300 2612.5
1376310 2609.7
1376320 2606.5
1376330 2606.5
1376340 2603.9
1376350 2601.7
1376360 2601.7
1376370 2596.5
1376380 2590.9
1376390 2590.9
1376400 2588.3
1376410 2587.9
1376420 2587.9
1376430 2587.1
1376440 2587.2
1376450 2587.2
1376460 2587.5
1376470 2587.6
1376480 2587.4
1376490 2587.4
1376500 2586.2
1376510 2588.1
1376520 2588.1
1376530 2592.5
1376540 2595.4
1376550 2595.4
1376560 2598.0
1376570 2593.7
1376580 2593.7
1376590 2588.1
1376600 2585.9
1376610 2585.9
1376620 2585.1
1376630 2583.8
1376640 2583.8
1376650 2583.5
1376660 2583.5
1376670 2583.5
1376680 2584.0
1376690 2584.7
1376700 2584.9
1376710 2584.9
1376720 2585.5
1376730 2586.5
1376740 2586.5
1376750 2587.9
1376760 2589.5
1376770 2589.5
1376780 2591.4
1376790 2594.0
1376800 2594.0
1376810 2596.5
1376820 2599.2
1376830 2599.2
1376840 2602.0
1376850 2604.7
1376860 2604.7
1376870 2607.6
1376880 2610.7
1376890 2610.7
1376900 2613.3
1376910 2615.9
1376920 2618.6
1376930 2618.6
1376940 2621.8
1376950 2625.4
1376960 2625.4
1376970 2628.9
1376980 2632.5
1376990 2632.5
1377000 2636.1
1377010 2639.3
1377020 2639.3
1377030 2642.7
1377040 2646.2
1377050 2646.2
1377060 2649.9
1377070 2653.5
1377080 2653.5
1377090 2657.0
1377100 2660.3
1377110 2660.3
1377120 2664.2
1377130 2667.5
1377140 2670.9
1377150 2670.9
1377160 2674.5
1377170 2678.1
1377180 2678.1
1377190 2681.5
1377200 2684.8
1377210 2684.8
1377220 2687.7
1377230 2690.2
1377240 2690.2
1377250 2691.8
1377260 2692.8
1377270 2692.8
1377280 2695.1
1377290 2697.5
1377300 2697.5
1377310 2701.0
1377320 2701.0
1377330 2701.0
1377340 2701.0
1377350 2700.8
1377360 2701.0
1377370 2701.0
1377380 2702.2
1377390 2704.4
1377400 2704.4
1377410 2706.7
1377420 2708.6
1377430 2708.6
1377440 2709.5
1377450 2709.8
1377460 2709.8
1377470 2710.7
1377480 2712.6
1377490 2712.6
1377500 2714.6
1377510 2718.7
1377520 2718.7
1377530 2723.1
1377540 2726.9
1377550 2734.0
1377560 2734.0
1377570 2744.1
1377580 2750.7
1377590 2750.7
1377600 2755.0
1377610 2758.0
1377620 2758.0
1377630 2761.9
1377640 2765.4
1377650 2765.4
1377660 2769.8
1377670 2774.5
1377680 2774.5
1377690 2779.7
1377700 2787.2
1377710 2787.2
1377720 2796.6
1377730 2804.8
1377740 2804.8
1377750 2807.4
1377760 2809.0
1377770 2813.6
1377780 2813.6
1377790 2818.9
1377800 2822.1
1377810 2822.1
1377820 2825.2
1377830 2828.6
1377840 2828.6
1377850 2833.2
1377860 2837.7
1377870 2837.7
1377880 2841.7
1377890 2847.1
1377900 2847.1
1377910 2851.1
1377920 2853.2
1377930 2853.2
1377940 2856.1
1377950 2860.6
1377960 2860.6
1377970 2864.5
1377980 2868.4
1377990 2872.3
1378000 2872.3
1378010 2879.1
1378020 2887.6
1378030 2887.6
1378040 2894.3
1378050 2898.3
1378060 2898.3
1378070 2903.0
1378080 2907.8
1378090 2907.8
1378100 2912.0
1378110 2915.9
1378120 2915.9
1378130 2921.2
1378140 2926.2
1378150 2926.2
1378160 2930.2
1378170 2934.6
1378180 2934.6
1378190 2937.6
1378200 2940.9
1378210 2947.0
1378220 2947.0
1378230 2954.0
1378240 2961.7
1378250 2961.7
1378260 2970.2
1378270 2974.4
1378280 2974.4
1378290 2978.8
1378300 2981.1
1378310 2981.1
1378320 2983.1
1378330 2990.4
1378340 2990.4
1378350 2998.1
1378360 3006.7
1378370 3006.7
1378380 3013.5
1378390 3021.1
1378400 3021.1
1378410 3028.1
1378420 3028.6
1378430 3025.9
1378440 3025.9
1378450 3023.8
1378460 3022.6
1378470 3022.6
1378480 3021.5
1378490 3009.4
1378500 3009.4
1378510 3004.7
1378520 3000.8
1378530 3000.8
1378540 2998.1
1378550 2996.7
1378560 2996.7
1378570 2993.9
1378580 2990.7
1378590 2990.7
1378600 2987.6
1378610 2985.9
1378620 2985.9
1378630 2984.6
1378640 2984.8
1378650 2984.9
1378660 2984.9
1378670 2985.3
1378680 2989.0
1378690 2989.0
1378700 2992.5
1378710 2991.8
1378720 2991.8
1378730 2990.9
1378740 2991.0
1378750 2991.0
1378760 2992.7
1378770 2995.0
1378780 2995.0
1378790 2997.4
1378800 3000.9
1378810 3000.9
1378820 3005.1
1378830 3009.0
1378840 3009.0
1378850 3013.5
1378860 3018.0
1378870 3023.7
1378880 3023.7
1378890 3031.2
1378900 3039.0
1378910 3039.0
1378920 3046.6
1378930 3054.7
1378940 3054.7
1378950 3063.5
1378960 3071.9
1378970 3071.9
1378980 3079.8
1378990 3087.9
1379000 3087.9
1379010 3092.2
1379020 3092.5
1379030 3092.5
1379040 3091.8
1379050 3089.8
1379060 3089.8
1379070 3088.4
1379080 3087.9
1379090 3088.3
1379100 3088.3
1379110 3089.1
1379120 3090.3
1379130 3090.3
1379140 3091.7
1379150 3093.3
1379160 3093.3
1379170 3095.0
1379180 3096.7
1379190 3096.7
1379200 3098.3
1379210 3100.0
1379220 3100.0
1379230 3101.8
1379240 3103.5
1379250 3103.5
1379260 3105.2
1379270 3106.9
1379280 3106.9
1379290 3108.6
1379300 3110.3
1379310 3111.9
1379320 3111.9
1379330 3113.6
1379340 3115.2
1379350 3115.2
1379360 3116.8
1379370 3118.3
1379380 3118.3
1379390 3119.7
1379400 3121.2
1379410 3121.2
1379420 3122.6
1379430 3123.9
1379440 3123.9
1379450 3125.1
1379460 3126.3
1379470 3126.3
1379480 3127.4
1379490 3128.4
1379500 3128.4
1379510 3129.3
1379520 3130.1
1379530 3130.9
1379540 3130.9
1379550 3131.6
1379560 3132.3
1379570 3132.3
1379580 3132.8
1379590 3133.5
1379600 3133.5
1379610 3134.0
1379620 3134.6
1379630 3134.6
1379640 3135.2
1379650 3135.6
1379660 3135.6
1379670 3136.0
1379680 3136.4
1379690 3136.4
1379700 3134.5
1379710 3134.6
1379720 3134.7
1379730 3134.7
1379740 3134.6
1379750 3134.5
1379760 3134.5
1379770 3134.3
1379780 3134.0
1379790 3134.0
1379800 3133.6
1379810 3133.1
1379820 3133.1
1379830 3132.5
1379840 3131.9
1379850 3131.9
1379860 3131.0
1379870 3129.9
1379880 3129.9
1379890 3128.5
1379900 3126.8
1379910 3126.8
1379920 3125.4
1379930 3125.5
1379940 3126.9
1379950 3126.9
1379960 3125.6
1379970 3124.5
1379980 3124.5
1379990 3125.2
