1360000 2674.9
1360010 2674.8
1360020 2675.3
1360030 2675.3
1360040 2675.6
1360050 2675.9
1360060 2675.9
1360070 2677.5
1360080 2680.0
1360090 2680.0
1360100 2682.9
1360110 2685.9
1360120 2685.9
1360130 2689.5
1360140 2692.0
1360150 2692.0
1360160 2693.7
1360170 2696.3
1360180 2699.8
1360190 2699.8
1360200 2702.9
1360210 2705.2
1360220 2705.2
1360230 2707.7
1360240 2713.3
1360250 2713.3
1360260 2720.3
1360270 2724.6
1360280 2724.6
1360290 2727.0
1360300 2736.0
1360310 2736.0
1360320 2737.1
1360330 2738.6
1360340 2738.6
1360350 2743.3
1360360 2744.5
1360370 2744.5
1360380 2744.6
1360390 2743.7
1360400 2743.9
1360410 2743.9
1360420 2743.8
1360430 2738.4
1360440 2738.4
1360450 2744.3
1360460 2747.1
1360470 2747.1
1360480 2750.0
1360490 2747.3
1360500 2747.3
1360510 2745.0
1360520 2743.9
1360530 2743.9
1360540 2745.3
1360550 2748.8
1360560 2748.8
1360570 2752.0
1360580 2753.7
1360590 2753.7
1360600 2754.8
1360610 2754.3
1360620 2756.7
1360630 2756.7
1360640 2760.2
1360650 2762.9
1360660 2762.9
1360670 2764.2
1360680 2765.3
1360690 2765.3
1360700 2765.2
1360710 2765.4
1360720 2765.4
1360730 2763.5
1360740 2760.4
1360750 2760.4
1360760 2757.5
1360770 2752.6
1360780 2752.6
1360790 2744.3
1360800 2741.0
1360810 2741.0
1360820 2738.3
1360830 2731.8
1360840 2731.3
1360850 2731.3
1360860 2726.4
1360870 2720.2
1360880 2720.2
1360890 2720.1
1360900 2719.2
1360910 2719.2
1360920 2719.4
1360930 2720.0
1360940 2720.0
1360950 2723.2
1360960 2722.7
1360970 2722.7
1360980 2718.3
1360990 2712.5
1361000 2712.5
1361010 2707.8
1361020 2706.8
1361030 2706.8
1361040 2709.7
1361050 2714.1
1361060 2717.4
1361070 2717.4
1361080 2714.5
1361090 2706.4
1361100 2706.4
1361110 2701.9
1361120 2702.1
1361130 2702.1
1361140 2702.9
1361150 2699.2
1361160 2699.2
1361170 2694.4
1361180 2687.9
1361190 2687.9
1361200 2682.3
1361210 2668.5
1361220 2668.5
1361230 2650.7
1361240 2627.6
1361250 2627.6
1361260 2614.1
1361270 2611.4
1361280 2611.4
1361290 2611.4
1361300 2609.8
1361310 2610.2
1361320 2610.2
1361330 2604.9
1361340 2600.3
1361350 2600.3
1361360 2596.0
1361370 2590.2
1361380 2590.2
1361390 2582.7
1361400 2569.8
1361410 2569.8
1361420 2553.4
1361430 2545.2
1361440 2545.2
1361450 2538.6
1361460 2532.7
1361470 2539.0
1361480 2534.8
1361490 2534.4
1361500 2533.0
1361510 2533.0
1361520 2533.1
1361530 2530.0
1361540 2530.0
1361550 2528.6
1361560 2530.6
1361570 2530.6
1361580 2530.1
1361590 2530.5
1361600 2530.5
1361610 2530.8
1361620 2529.7
1361630 2529.7
1361640 2528.6
1361650 2527.9
1361660 2527.9
1361670 2528.3
1361680 2528.4
1361690 2529.9
1361700 2529.9
1361710 2534.7
1361720 2546.3
1361730 2546.3
1361740 2558.7
1361750 2566.3
1361760 2566.3
1361770 2575.7
1361780 2586.3
1361790 2586.3
1361800 2587.8
1361810 2577.9
1361820 2577.9
1361830 2563.5
1361840 2554.3
1361850 2554.3
1361860 2541.7
1361870 2524.9
1361880 2524.9
1361890 2507.7
1361900 2494.5
1361910 2480.3
1361920 2480.3
1361930 2466.9
1361940 2455.7
1361950 2455.7
1361960 2445.2
1361970 2434.1
1361980 2434.1
1361990 2423.1
1362000 2413.8
1362010 2413.8
1362020 2407.6
1362030 2399.7
1362040 2399.7
1362050 2387.9
1362060 2380.6
1362070 2380.6
1362080 2374.4
1362090 2367.8
1362100 2367.8
1362110 2362.6
1362120 2357.4
1362130 2350.5
1362140 2350.5
1362150 2342.5
1362160 2334.3
1362170 2334.3
1362180 2325.6
1362190 2316.4
1362200 2316.4
1362210 2306.7
1362220 2297.8
1362230 2297.8
1362240 2291.3
1362250 2283.7
1362260 2283.7
1362270 2275.3
1362280 2268.6
1362290 2268.6
1362300 2262.4
1362310 2257.7
1362320 2257.7
1362330 2254.0
1362340 2248.0
1362350 2242.4
1362360 2242.4
1362370 2238.0
1362380 2234.9
1362390 2234.9
1362400 2232.2
1362410 2230.9
1362420 2230.9
1362430 2229.4
1362440 2227.7
1362450 2227.7
1362460 2225.4
1362470 2222.0
1362480 2222.0
1362490 2218.7
1362500 2217.4
1362510 2221.4
1362520 2218.9
1362530 2216.4
1362540 2216.4
1362550 2213.4
1362560 2212.0
1362570 2213.1
1362580 2213.1
1362590 2212.7
1362600 2214.4
1362610 2214.4
1362620 2221.0
1362630 2225.2
1362640 2225.2
1362650 2230.4
1362660 2237.5
1362670 2237.5
1362680 2247.3
1362690 2254.1
1362700 2254.1
1362710 2260.5
1362720 2267.0
1362730 2267.0
1362740 2272.8
1362750 2278.5
1362760 2278.5
1362770 2283.3
1362780 2288.5
1362790 2295.6
1362800 2295.6
1362810 2301.8
1362820 2306.3
1362830 2306.3
1362840 2311.8
1362850 2316.1
1362860 2316.1
1362870 2318.4
1362880 2320.2
1362890 2320.2
1362900 2323.2
1362910 2327.4
1362920 2327.4
1362930 2330.2
1362940 2331.4
1362950 2331.4
1362960 2334.0
1362970 2334.9
1362980 2334.9
1362990 2334.4
1363000 2335.2
1363010 2334.6
1363020 2334.6
1363030 2334.7
1363040 2336.3
1363050 2336.3
1363060 2338.0
1363070 2338.5
1363080 2338.5
1363090 2337.5
1363100 2339.3
1363110 2339.3
1363120 2342.2
1363130 2345.1
1363140 2345.1
1363150 2348.7
1363160 2352.5
1363170 2352.5
1363180 2355.4
1363190 2356.5
1363200 2356.5
1363210 2357.1
1363220 2359.6
1363230 2360.6
1363240 2360.6
1363250 2362.2
1363260 2364.5
1363270 2364.5
1363280 2366.4
1363290 2367.7
1363300 2367.7
1363310 2368.4
1363320 2369.9
1363330 2369.9
1363340 2371.3
1363350 2371.0
1363360 2371.0
1363370 2370.8
1363380 2372.3
1363390 2372.3
1363400 2373.1
1363410 2375.7
1363420 2375.7
1363430 2379.7
1363440 2384.2
1363450 2388.0
1363460 2388.0
1363470 2392.3
1363480 2396.7
1363490 2396.7
1363500 2398.5
1363510 2401.6
1363520 2401.6
1363530 2403.9
1363540 2404.9
1363550 2412.8
1363560 2412.9
1363570 2414.4
1363580 2414.4
1363590 2414.2
1363600 2413.0
1363610 2413.0
1363620 2412.3
1363630 2411.4
1363640 2411.4
1363650 2410.6
1363660 2410.4
1363670 2408.1
1363680 2408.1
1363690 2407.9
1363700 2409.1
1363710 2409.1
1363720 2413.8
1363730 2420.3
1363740 2420.3
1363750 2422.7
1363760 2422.7
1363770 2422.7
1363780 2421.8
1363790 2421.7
1363800 2421.7
1363810 2420.0
1363820 2423.4
1363830 2423.4
1363840 2427.0
1363850 2431.3
1363860 2431.3
1363870 2437.8
1363880 2442.6
1363890 2445.2
1363900 2445.2
1363910 2448.0
1363920 2452.0
1363930 2452.0
1363940 2456.1
1363950 2459.2
1363960 2459.2
1363970 2461.9
1363980 2466.5
1363990 2466.5
1364000 2474.5
1364010 2481.8
1364020 2481.8
1364030 2488.0
1364040 2492.3
1364050 2492.3
1364060 2495.0
1364070 2497.9
1364080 2497.9
1364090 2498.8
1364100 2500.6
1364110 2503.9
1364120 2503.9
1364130 2509.9
1364140 2514.4
1364150 2514.4
1364160 2518.7
1364170 2522.1
1364180 2522.1
1364190 2524.6
1364200 2526.2
1364210 2526.2
1364220 2530.6
1364230 2536.3
1364240 2536.3
1364250 2541.6
1364260 2546.3
1364270 2546.3
1364280 2550.2
1364290 2553.4
1364300 2553.4
1364310 2556.8
1364320 2560.4
1364330 2563.9
1364340 2563.9
1364350 2567.2
1364360 2570.0
1364370 2570.0
1364380 2572.7
1364390 2575.1
1364400 2575.1
1364410 2577.8
1364420 2581.2
1364430 2581.2
1364440 2584.3
1364450 2587.3
1364460 2587.3
1364470 2589.9
1364480 2593.7
1364490 2593.7
1364500 2597.7
1364510 2601.5
1364520 2601.5
1364530 2606.1
1364540 2610.2
1364550 2616.2
1364560 2616.2
1364570 2623.1
1364580 2629.1
1364590 2629.1
1364600 2638.4
1364610 2643.1
1364620 2643.1
1364630 2647.4
1364640 2652.8
1364650 2652.8
1364660 2660.5
1364670 2668.2
1364680 2668.2
1364690 2675.0
1364700 2680.6
1364710 2680.6
1364720 2685.9
1364730 2690.5
1364740 2690.5
1364750 2695.6
1364760 2701.9
1364770 2708.4
1364780 2708.4
1364790 2713.6
1364800 2717.7
1364810 2717.7
1364820 2721.3
1364830 2725.1
1364840 2725.1
1364850 2730.4
1364860 2736.8
1364870 2736.8
1364880 2743.2
1364890 2749.1
1364900 2749.1
1364910 2754.7
1364920 2759.1
1364930 2759.1
1364940 2765.6
1364950 2768.8
1364960 2768.8
1364970 2770.7
1364980 2774.4
1364990 2779.8
1365000 2779.8
1365010 2786.3
1365020 2793.0
1365030 2793.0
1365040 2800.1
1365050 2807.3
1365060 2807.3
1365070 2814.7
1365080 2817.6
1365090 2817.6
1365100 2822.0
1365110 2823.2
1365120 2823.2
1365130 2826.6
1365140 2827.8
1365150 2827.8
1365160 2829.5
1365170 2832.5
1365180 2832.5
1365190 2836.7
1365200 2841.2
1365210 2844.0
1365220 2844.0
1365230 2846.1
1365240 2846.7
1365250 2846.7
1365260 2850.3
1365270 2850.6
1365280 2850.6
1365290 2852.2
1365300 2853.8
1365310 2853.8
1365320 2855.5
1365330 2857.2
1365340 2857.2
1365350 2859.2
1365360 2862.3
1365370 2862.3
1365380 2866.2
1365390 2870.6
1365400 2870.6
1365410 2874.1
1365420 2878.0
1365430 2881.8
1365440 2881.8
1365450 2886.1
1365460 2891.2
1365470 2891.2
1365480 2896.8
1365490 2902.7
1365500 2902.7
1365510 2909.4
1365520 2915.5
1365530 2915.5
1365540 2921.1
1365550 2926.1
1365560 2926.1
1365570 2931.4
1365580 2936.0
1365590 2936.0
1365600 2940.9
1365610 2945.9
1365620 2945.9
1365630 2949.5
1365640 2957.4
1365650 2964.9
1365660 2964.9
1365670 2973.6
1365680 2977.2
1365690 2977.2
1365700 2985.3
1365710 2992.6
1365720 2992.6
1365730 2999.0
1365740 3003.9
1365750 3003.9
1365760 3008.9
1365770 3013.7
1365780 3013.7
1365790 3019.3
1365800 3023.6
1365810 3023.6
1365820 3029.0
1365830 3032.6
1365840 3032.6
1365850 3038.0
1365860 3042.6
1365870 3046.3
1365880 3046.3
1365890 3049.3
1365900 3053.3
1365910 3053.3
1365920 3058.8
1365930 3062.6
1365940 3062.6
1365950 3068.2
1365960 3072.7
1365970 3072.7
1365980 3077.2
1365990 3081.2
1366000 3081.2
1366010 3086.0
1366020 3090.4
1366030 3090.4
1366040 3094.5
1366050 3098.4
1366060 3098.4
1366070 3103.0
1366080 3107.3
1366090 3111.6
1366100 3111.6
1366110 3115.7
1366120 3119.4
1366130 3119.4
1366140 3123.2
1366150 3127.0
1366160 3127.0
1366170 3130.8
1366180 3134.7
1366190 3134.7
1366200 3139.5
1366210 3145.9
1366220 3145.9
1366230 3152.1
1366240 3158.4
1366250 3158.4
1366260 3165.1
1366270 3171.9
1366280 3171.9
1366290 3178.8
1366300 3188.9
1366310 3197.4
1366320 3197.4
1366330 3205.0
1366340 3213.6
1366350 3213.6
1366360 3228.4
1366370 3215.9
1366380 3215.9
1366390 3208.4
1366400 3202.6
1366410 3202.6
1366420 3197.7
1366430 3193.1
1366440 3193.1
1366450 3188.4
1366460 3184.0
1366470 3184.0
1366480 3179.6
1366490 3175.4
1366500 3175.4
1366510 3172.0
1366520 3169.2
1366530 3166.3
1366540 3166.3
1366550 3163.1
1366560 3159.9
1366570 3159.9
1366580 3156.7
1366590 3153.6
1366600 3153.6
1366610 3150.7
1366620 3148.1
1366630 3148.1
1366640 3145.7
1366650 3143.5
1366660 3143.5
1366670 3141.6
1366680 3139.9
1366690 3139.9
1366700 3138.2
1366710 3136.6
1366720 3136.6
1366730 3135.1
1366740 3132.2
1366750 3130.6
1366760 3130.6
1366770 3129.0
1366780 3127.0
1366790 3127.0
1366800 3125.0
1366810 3122.6
1366820 3122.6
1366830 3119.7
1366840 3116.2
1366850 3116.2
1366860 3112.3
1366870 3108.1
1366880 3108.1
1366890 3104.2
1366900 3099.0
1366910 3099.0
1366920 3093.5
1366930 3088.0
1366940 3088.0
1366950 3082.3
1366960 3076.6
1366970 3070.8
1366980 3070.8
1366990 3065.4
1367000 3060.4
1367010 3060.4
1367020 3055.4
1367030 3050.5
1367040 3050.5
1367050 3045.9
1367060 3041.8
1367070 3041.8
1367080 3037.5
1367090 3033.1
1367100 3033.1
1367110 3028.6
1367120 3024.0
1367130 3024.0
1367140 3020.5
1367150 3006.4
1367160 3006.4
1367170 2989.2
1367180 2977.8
1367190 2971.8
1367200 2971.8
1367210 2966.8
1367220 2962.5
1367230 2962.5
1367240 2958.5
1367250 2954.6
1367260 2954.6
1367270 2950.5
1367280 2946.1
1367290 2946.1
1367300 2941.1
1367310 2936.2
1367320 2936.2
1367330 2932.1
1367340 2928.1
1367350 2928.1
1367360 2921.4
1367370 2914.4
1367380 2914.4
1367390 2904.8
1367400 2899.1
1367410 2895.0
1367420 2895.0
1367430 2891.8
1367440 2888.1
1367450 2888.1
1367460 2883.2
1367470 2877.6
1367480 2877.6
1367490 2872.9
1367500 2866.4
1367510 2866.4
1367520 2862.5
1367530 2859.0
1367540 2859.0
1367550 2854.8
1367560 2849.6
1367570 2849.6
1367580 2846.5
1367590 2843.6
1367600 2843.6
1367610 2840.9
1367620 2839.2
1367630 2837.9
1367640 2837.9
1367650 2836.0
1367660 2831.4
1367670 2831.4
1367680 2826.5
1367690 2808.6
1367700 2808.6
1367710 2793.2
1367720 2786.4
1367730 2786.4
1367740 2781.2
1367750 2776.7
1367760 2776.7
1367770 2772.9
1367780 2769.7
1367790 2769.7
1367800 2767.0
1367810 2764.4
1367820 2763.0
1367830 2759.3
1367840 2757.8
1367850 2756.1
1367860 2756.1
1367870 2753.5
1367880 2750.3
1367890 2750.3
1367900 2748.4
1367910 2746.9
1367920 2746.9
1367930 2746.3
1367940 2746.2
1367950 2746.2
1367960 2744.6
1367970 2740.8
1367980 2740.8
1367990 2738.6
1368000 2734.9
1368010 2734.9
1368020 2731.5
1368030 2729.0
1368040 2729.0
1368050 2726.5
1368060 2724.1
1368070 2721.5
1368080 2721.5
1368090 2718.3
1368100 2713.8
1368110 2713.8
1368120 2708.7
1368130 2704.4
1368140 2704.4
1368150 2700.4
1368160 2696.7
1368170 2696.7
1368180 2693.2
1368190 2689.4
1368200 2689.4
1368210 2685.2
1368220 2681.1
1368230 2681.1
1368240 2676.1
1368250 2668.1
1368260 2668.1
1368270 2658.6
1368280 2651.8
1368290 2646.7
1368300 2646.7
1368310 2640.2
1368320 2632.4
1368330 2632.4
1368340 2625.7
1368350 2620.3
1368360 2620.3
1368370 2614.1
1368380 2607.7
1368390 2607.7
1368400 2603.5
1368410 2592.0
1368420 2592.0
1368430 2576.5
1368440 2570.0
1368450 2570.0
1368460 2565.7
1368470 2564.9
1368480 2564.9
1368490 2565.1
1368500 2562.8
1368510 2558.6
1368520 2558.6
1368530 2555.2
1368540 2552.8
1368550 2552.8
1368560 2552.2
1368570 2552.3
1368580 2552.3
1368590 2553.2
1368600 2553.7
1368610 2553.7
1368620 2553.8
1368630 2555.0
1368640 2555.0
1368650 2557.8
1368660 2564.2
1368670 2564.2
1368680 2572.6
1368690 2588.4
1368700 2588.4
1368710 2599.1
1368720 2601.5
1368730 2611.8
1368740 2611.8
1368750 2620.6
1368760 2627.5
1368770 2627.5
1368780 2634.7
1368790 2641.2
1368800 2641.2
1368810 2647.6
1368820 2652.8
1368830 2652.8
1368840 2658.9
1368850 2667.5
1368860 2667.5
1368870 2674.7
1368880 2680.6
1368890 2680.6
1368900 2685.4
1368910 2691.7
1368920 2691.7
1368930 2698.3
1368940 2702.9
1368950 2706.1
1368960 2706.1
1368970 2708.6
1368980 2712.7
1368990 2712.7
1369000 2721.5
1369010 2735.5
1369020 2735.5
1369030 2752.4
1369040 2760.5
1369050 2760.5
1369060 2767.9
1369070 2773.5
1369080 2773.5
1369090 2777.2
1369100 2780.2
1369110 2780.2
1369120 2782.4
1369130 2784.2
1369140 2784.2
1369150 2786.2
1369160 2789.1
1369170 2793.1
1369180 2793.1
1369190 2796.4
1369200 2800.4
1369210 2800.4
1369220 2805.0
1369230 2808.4
1369240 2808.4
1369250 2812.3
1369260 2816.4
1369270 2816.4
1369280 2820.2
1369290 2823.5
1369300 2823.5
1369310 2826.7
1369320 2829.7
1369330 2829.7
1369340 2832.6
1369350 2835.3
1369360 2835.3
1369370 2838.1
1369380 2840.9
1369390 2843.9
1369400 2843.9
1369410 2847.2
1369420 2850.8
1369430 2850.8
1369440 2854.7
1369450 2858.8
1369460 2858.8
1369470 2863.1
1369480 2867.6
1369490 2867.6
1369500 2872.3
1369510 2877.2
1369520 2877.2
1369530 2882.4
1369540 2888.2
1369550 2888.2
1369560 2895.1
1369570 2902.9
1369580 2902.9
1369590 2911.1
1369600 2915.8
1369610 2920.5
1369620 2920.5
1369630 2925.7
1369640 2930.4
1369650 2930.4
1369660 2935.3
1369670 2940.2
1369680 2940.2
1369690 2945.2
1369700 2950.2
1369710 2950.2
1369720 2955.5
1369730 2960.9
1369740 2960.9
1369750 2966.1
1369760 2971.2
1369770 2971.2
1369780 2976.6
1369790 2982.0
1369800 2987.4
1369810 2987.4
1369820 2993.4
1369830 2999.8
1369840 2999.8
1369850 3005.7
1369860 3011.0
1369870 3011.0
1369880 3016.2
1369890 3021.7
1369900 3021.7
1369910 3027.3
1369920 3032.9
1369930 3032.9
1369940 3038.3
1369950 3043.6
1369960 3043.6
1369970 3048.8
1369980 3054.1
1369990 3054.1
1370000 3059.4
1370010 3062.3
1370020 3067.5
1370030 3067.5
1370040 3072.2
1370050 3076.7
1370060 3076.7
1370070 3081.2
1370080 3085.8
1370090 3085.8
1370100 3089.4
1370110 3093.4
1370120 3093.4
1370130 3098.9
1370140 3107.7
1370150 3107.7
1370160 3111.7
1370170 3113.9
1370180 3113.9
1370190 3118.0
1370200 3122.6
1370210 3122.6
1370220 3127.3
1370230 3132.2
1370240 3137.3
1370250 3137.3
1370260 3142.5
1370270 3147.8
1370280 3147.8
1370290 3153.4
1370300 3159.2
1370310 3159.2
1370320 3165.4
1370330 3172.0
1370340 3172.0
1370350 3178.3
1370360 3187.3
1370370 3187.3
1370380 3208.7
1370390 3221.7
1370400 3221.7
1370410 3226.9
1370420 3232.5
1370430 3232.5
1370440 3237.9
1370450 3242.8
1370460 3247.5
1370470 3247.5
1370480 3252.0
1370490 3256.2
1370500 3256.2
1370510 3260.9
1370520 3265.1
1370530 3265.1
1370540 3268.5
1370550 3271.5
1370560 3271.5
1370570 3273.5
1370580 3275.0
1370590 3275.0
1370600 3274.9
1370610 3275.7
1370620 3275.7
1370630 3277.3
1370640 3279.7
1370650 3279.7
1370660 3285.5
1370670 3289.7
1370680 3293.5
1370690 3293.5
1370700 3297.8
1370710 3304.4
1370720 3304.4
1370730 3304.8
1370740 3300.9
1370750 3300.9
1370760 3286.1
1370770 3276.9
1370780 3276.9
1370790 3268.1
1370800 3253.2
1370810 3253.2
1370820 3239.8
1370830 3227.1
1370840 3227.1
1370850 3209.0
1370860 3197.0
1370870 3197.0
1370880 3184.9
1370890 3171.8
1370900 3157.9
1370910 3157.9
1370920 3148.9
1370930 3138.5
1370940 3138.5
1370950 3119.0
1370960 3091.5
1370970 3091.5
1370980 3068.4
1370990 3057.4
1371000 3057.4
1371010 3043.3
1371020 3025.4
1371030 3025.4
1371040 3010.1
1371050 2995.3
1371060 2995.3
1371070 2982.6
1371080 2977.5
1371090 2977.5
1371100 2971.0
1371110 2965.0
1371120 2961.8
1371130 2961.8
1371140 2957.2
1371150 2953.5
1371160 2953.5
1371170 2950.0
1371180 2946.3
1371190 2946.3
1371200 2942.3
1371210 2938.2
1371220 2938.2
1371230 2933.9
1371240 2929.6
1371250 2929.6
1371260 2925.5
1371270 2922.1
1371280 2922.1
1371290 2919.0
1371300 2916.2
1371310 2916.2
1371320 2913.6
1371330 2910.9
1371340 2908.0
1371350 2908.0
1371360 2905.0
1371370 2901.4
1371380 2901.4
1371390 2897.5
1371400 2891.3
1371410 2891.3
1371420 2883.9
1371430 2880.0
1371440 2880.0
1371450 2878.9
1371460 2877.1
1371470 2877.1
1371480 2873.4
1371490 2869.6
1371500 2869.6
1371510 2866.1
1371520 2862.6
1371530 2862.6
1371540 2859.1
1371550 2855.4
1371560 2851.9
1371570 2851.9
1371580 2848.3
1371590 2844.6
1371600 2844.6
1371610 2840.7
1371620 2836.6
1371630 2836.6
1371640 2832.0
1371650 2828.1
1371660 2828.1
1371670 2824.4
1371680 2822.1
1371690 2822.1
1371700 2818.4
1371710 2814.1
1371720 2814.1
1371730 2809.9
1371740 2805.8
1371750 2805.8
1371760 2801.8
1371770 2797.4
1371780 2793.0
1371790 2793.0
1371800 2788.9
1371810 2784.5
1371820 2784.5
1371830 2780.1
1371840 2775.7
1371850 2775.7
1371860 2770.9
1371870 2765.1
1371880 2765.1
1371890 2759.6
1371900 2755.1
1371910 2755.1
1371920 2751.2
1371930 2747.8
1371940 2747.8
1371950 2744.6
1371960 2741.9
1371970 2741.9
1371980 2738.9
1371990 2735.6
1372000 2731.8
1372010 2731.8
1372020 2728.1
1372030 2725.4
1372040 2725.4
1372050 2723.4
1372060 2718.5
1372070 2718.5
1372080 2711.6
1372090 2703.0
1372100 2703.0
1372110 2694.7
1372120 2688.2
1372130 2688.2
1372140 2683.4
1372150 2679.1
1372160 2679.1
1372170 2675.3
1372180 2671.5
1372190 2671.5
1372200 2667.0
1372210 2660.9
1372220 2652.4
1372230 2652.4
1372240 2649.4
1372250 2641.6
1372260 2641.6
1372270 2633.4
1372280 2625.2
1372290 2625.2
1372300 2617.4
1372310 2609.8
1372320 2609.8
1372330 2602.9
1372340 2596.0
1372350 2596.0
1372360 2589.5
1372370 2583.5
1372380 2583.5
1372390 2577.6
1372400 2570.6
1372410 2570.6
1372420 2565.8
1372430 2561.2
1372440 2556.4
1372450 2556.4
1372460 2552.1
1372470 2546.9
1372480 2546.9
1372490 2540.1
1372500 2532.3
1372510 2532.3
1372520 2524.1
1372530 2515.8
1372540 2515.8
1372550 2508.6
1372560 2502.9
1372570 2502.9
1372580 2497.6
1372590 2490.2
1372600 2490.2
1372610 2480.4
1372620 2468.5
1372630 2468.5
1372640 2458.4
1372650 2448.7
1372660 2440.1
1372670 2440.1
1372680 2430.8
1372690 2420.6
1372700 2420.6
1372710 2412.1
1372720 2404.6
1372730 2404.6
1372740 2397.4
1372750 2391.6
1372760 2391.6
1372770 2385.4
1372780 2377.9
1372790 2377.9
1372800 2372.0
1372810 2367.3
1372820 2367.3
1372830 2363.9
1372840 2357.6
1372850 2357.6
1372860 2350.8
1372870 2345.2
1372880 2341.8
1372890 2341.8
1372900 2337.5
1372910 2333.1
1372920 2333.1
1372930 2328.5
1372940 2325.0
1372950 2325.0
1372960 2321.3
1372970 2317.8
1372980 2317.8
1372990 2316.6
1373000 2317.5
1373010 2317.5
1373020 2318.8
1373030 2320.9
1373040 2320.9
1373050 2323.1
1373060 2325.0
1373070 2325.0
1373080 2326.2
1373090 2326.8
1373100 2327.3
1373110 2327.3
1373120 2327.9
1373130 2328.3
1373140 2328.3
1373150 2328.9
1373160 2329.9
1373170 2329.9
1373180 2330.3
1373190 2330.3
1373200 2330.3
1373210 2330.5
1373220 2331.2
1373230 2331.2
1373240 2332.7
1373250 2334.5
1373260 2334.5
1373270 2336.8
1373280 2339.5
1373290 2339.5
1373300 2341.7
1373310 2343.7
1373320 2345.6
1373330 2345.6
1373340 2347.5
1373350 2349.9
1373360 2349.9
1373370 2352.2
1373380 2351.9
1373390 2351.9
1373400 2353.6
1373410 2356.9
1373420 2356.9
1373430 2359.9
1373440 2362.8
1373450 2362.8
1373460 2365.2
1373470 2367.9
1373480 2367.9
1373490 2370.6
1373500 2373.4
1373510 2373.4
1373520 2376.5
1373530 2378.9
1373540 2381.3
1373550 2381.3
1373560 2383.0
1373570 2385.4
1373580 2385.4
1373590 2388.6
1373600 2392.2
1373610 2392.2
1373620 2396.5
1373630 2401.7
1373640 2401.7
1373650 2407.1
1373660 2412.3
1373670 2412.3
1373680 2416.4
1373690 2420.1
1373700 2420.1
1373710 2425.0
1373720 2430.7
1373730 2430.7
1373740 2433.9
1373750 2436.4
1373760 2439.7
1373770 2439.7
1373780 2442.5
1373790 2443.9
1373800 2443.9
1373810 2446.2
1373820 2448.4
1373830 2448.4
1373840 2452.3
1373850 2461.7
1373860 2461.7
1373870 2471.1
1373880 2478.0
1373890 2478.0
1373900 2481.9
1373910 2485.1
1373920 2485.1
1373930 2482.8
1373940 2479.2
1373950 2479.2
1373960 2475.4
1373970 2473.5
1373980 2474.3
1373990 2474.3
1374000 2476.8
1374010 2478.6
1374020 2478.6
1374030 2482.1
1374040 2486.3
1374050 2486.3
1374060 2489.3
1374070 2491.9
1374080 2491.9
1374090 2497.4
1374100 2506.0
1374110 2506.0
1374120 2514.9
1374130 2523.3
1374140 2523.3
1374150 2531.4
1374160 2538.1
1374170 2538.1
1374180 2543.3
1374190 2547.8
1374200 2555.6
1374210 2555.6
1374220 2562.4
1374230 2568.0
1374240 2568.0
1374250 2575.8
1374260 2578.8
1374270 2578.8
1374280 2581.6
1374290 2585.4
1374300 2585.4
1374310 2593.5
1374320 2598.6
1374330 2598.6
1374340 2601.0
1374350 2604.4
1374360 2604.4
1374370 2606.1
1374380 2610.1
1374390 2610.1
1374400 2615.3
1374410 2619.6
1374420 2626.2
1374430 2626.2
1374440 2633.3
1374450 2636.4
1374460 2636.4
1374470 2636.4
1374480 2636.8
1374490 2636.8
1374500 2638.6
1374510 2640.7
1374520 2637.6
1374530 2638.2
1374540 2637.3
1374550 2637.3
1374560 2636.5
1374570 2637.9
1374580 2637.9
1374590 2638.6
1374600 2642.9
1374610 2642.9
1374620 2646.1
1374630 2647.6
1374640 2648.1
1374650 2648.1
1374660 2648.9
1374670 2653.0
1374680 2653.0
1374690 2658.9
1374700 2665.4
1374710 2665.4
1374720 2673.2
1374730 2677.7
1374740 2677.7
1374750 2678.3
1374760 2680.8
1374770 2680.8
1374780 2683.6
1374790 2684.7
1374800 2684.7
1374810 2685.0
1374820 2686.4
1374830 2686.4
1374840 2689.1
1374850 2691.6
1374860 2693.2
1374870 2693.2
1374880 2697.4
1374890 2705.9
1374900 2705.9
1374910 2711.7
1374920 2715.1
1374930 2715.1
1374940 2716.0
1374950 2717.1
1374960 2717.1
1374970 2725.3
1374980 2731.0
1374990 2731.0
1375000 2730.1
1375010 2732.3
1375020 2732.3
1375030 2736.2
1375040 2742.0
1375050 2742.0
1375060 2744.3
1375070 2745.3
1375080 2751.9
1375090 2751.9
1375100 2756.2
1375110 2761.2
1375120 2761.2
1375130 2763.6
1375140 2766.2
1375150 2766.2
1375160 2768.5
1375170 2767.7
1375180 2767.7
1375190 2765.9
1375200 2765.8
1375210 2765.8
1375220 2765.3
1375230 2766.2
1375240 2766.2
1375250 2772.2
1375260 2779.8
1375270 2779.8
1375280 2785.8
1375290 2789.9
1375300 2793.2
1375310 2793.2
1375320 2795.6
1375330 2797.6
1375340 2797.6
1375350 2799.9
1375360 2802.7
1375370 2802.7
1375380 2805.7
1375390 2809.2
1375400 2809.2
1375410 2813.1
1375420 2817.3
1375430 2817.3
1375440 2821.6
1375450 2825.5
1375460 2825.5
1375470 2828.2
1375480 2831.2
1375490 2831.2
1375500 2833.7
1375510 2834.7
1375520 2837.4
1375530 2837.4
1375540 2838.3
1375550 2839.0
1375560 2839.0
1375570 2839.4
1375580 2839.7
1375590 2839.7
1375600 2840.2
1375610 2840.9
1375620 2840.9
1375630 2841.6
1375640 2842.4
1375650 2842.4
1375660 2843.2
1375670 2844.0
1375680 2841.0
1375690 2841.6
1375700 2842.5
1375710 2842.5
1375720 2843.7
1375730 2845.0
1375740 2846.6
1375750 2846.6
1375760 2848.6
1375770 2853.0
1375780 2853.0
1375790 2861.2
1375800 2867.5
1375810 2867.5
1375820 2871.0
1375830 2873.2
1375840 2873.2
1375850 2878.1
1375860 2884.6
1375870 2884.6
1375880 2889.4
1375890 2892.7
1375900 2892.7
1375910 2894.3
1375920 2896.8
1375930 2896.8
1375940 2901.7
1375950 2909.0
1375960 2920.7
1375970 2920.7
1375980 2934.5
1375990 2946.8
1376000 2946.8
1376010 2961.8
1376020 2964.7
1376030 2964.7
1376040 2961.4
1376050 2959.8
1376060 2959.8
1376070 2960.6
1376080 2960.4
1376090 2960.4
1376100 2959.9
1376110 2959.8
1376120 2959.8
1376130 2962.1
1376140 2964.1
1376150 2964.1
1376160 2964.5
1376170 2965.9
1376180 2966.8
1376190 2966.8
1376200 2966.7
1376210 2967.8
1376220 2967.8
1376230 2970.2
1376240 2973.0
1376250 2973.0
1376260 2973.2
1376270 2972.8
1376280 2972.8
1376290 2973.9
1376300 2974.6
1376310 2974.6
1376320 2975.8
1376330 2977.3
1376340 2977.3
1376350 2978.1
1376360 2980.1
1376370 2980.1
1376380 2985.8
1376390 2990.1
1376400 2991.6
1376410 2991.6
1376420 2992.4
1376430 2993.8
1376440 2993.8
1376450 2993.2
1376460 2992.2
1376470 2992.2
1376480 2990.0
1376490 2990.4
1376500 2990.4
1376510 2990.6
1376520 2990.3
1376530 2990.3
1376540 2989.9
1376550 2986.4
1376560 2986.4
1376570 2981.9
1376580 2978.9
1376590 2978.9
1376600 2976.9
1376610 2976.1
1376620 2977.3
1376630 2977.3
1376640 2978.7
1376650 2979.9
1376660 2979.9
1376670 2981.5
1376680 2983.4
1376690 2983.4
1376700 2984.6
1376710 2986.8
1376720 2986.8
1376730 2988.0
1376740 2987.3
1376750 2987.3
1376760 2987.2
1376770 2988.4
1376780 2988.4
1376790 2988.8
1376800 2989.1
1376810 2989.1
1376820 2988.7
1376830 2988.0
1376840 2987.8
1376850 2987.8
1376860 2988.0
1376870 2989.4
1376880 2989.4
1376890 2990.6
1376900 2992.8
1376910 2992.8
1376920 2994.9
1376930 2997.2
1376940 2997.2
1376950 2996.2
1376960 2994.3
1376970 2994.3
1376980 2993.1
1376990 2992.8
1377000 2992.8
1377010 2991.9
1377020 2993.3
1377030 2993.3
1377040 2994.5
1377050 2993.2
1377060 2990.1
1377070 2990.1
1377080 2984.6
1377090 2984.0
1377100 2984.0
1377110 2986.0
1377120 2985.6
1377130 2985.6
1377140 2984.0
1377150 2984.7
1377160 2984.7
1377170 2985.8
1377180 2987.1
1377190 2987.1
1377200 2988.4
1377210 2989.7
1377220 2989.7
1377230 2991.0
1377240 2992.3
1377250 2992.3
1377260 2993.5
1377270 2994.5
1377280 2995.4
1377290 2995.4
1377300 2996.3
1377310 2997.1
1377320 2997.1
1377330 2997.7
1377340 2998.4
1377350 2998.4
1377360 2999.3
1377370 3000.1
1377380 3000.1
1377390 3000.9
1377400 3001.8
1377410 3001.8
1377420 3002.8
1377430 3003.7
1377440 3003.7
1377450 3004.5
1377460 3005.2
1377470 3005.8
1377480 3005.8
1377490 3006.3
1377500 3006.8
1377510 3006.8
1377520 3007.3
1377530 3007.9
1377540 3007.9
1377550 3008.4
1377560 3009.0
1377570 3009.0
1377580 3009.5
1377590 3010.1
1377600 3010.1
1377610 3010.7
1377620 3011.2
1377630 3011.2
1377640 3011.6
1377650 3011.8
1377660 3011.8
1377670 3011.8
1377680 3012.0
1377690 3012.0
1377700 3012.0
1377710 3012.1
1377720 3011.9
1377730 3011.9
1377740 3011.8
1377750 3011.8
1377760 3011.8
1377770 3011.8
1377780 3012.0
1377790 3012.0
1377800 3012.4
1377810 3013.0
1377820 3013.0
1377830 3013.8
1377840 3014.6
1377850 3014.6
1377860 3015.4
1377870 3016.3
1377880 3016.3
1377890 3017.1
1377900 3017.8
1377910 3018.4
1377920 3018.4
1377930 3018.8
1377940 3019.1
1377950 3019.1
1377960 3019.4
1377970 3019.5
1377980 3019.5
1377990 3019.6
1378000 3019.6
1378010 3019.6
1378020 3019.6
1378030 3016.7
1378040 3016.7
1378050 3016.7
1378060 3016.9
1378070 3016.9
1378080 3017.2
1378090 3017.6
1378100 3017.6
1378110 3018.0
1378120 3018.4
1378130 3018.9
1378140 3018.9
1378150 3019.5
1378160 3020.3
1378170 3020.3
1378180 3021.4
1378190 3023.1
1378200 3023.1
1378210 3025.4
1378220 3028.0
1378230 3028.0
1378240 3031.0
1378250 3034.0
1378260 3034.0
1378270 3037.2
1378280 3040.5
1378290 3040.5
1378300 3043.6
1378310 3046.8
1378320 3046.8
1378330 3049.9
1378340 3052.9
1378350 3056.0
1378360 3056.0
1378370 3059.3
1378380 3062.4
1378390 3062.4
1378400 3065.3
1378410 3068.3
1378420 3068.3
1378430 3070.9
1378440 3073.9
1378450 3073.9
1378460 3076.7
1378470 3079.2
1378480 3079.2
1378490 3081.8
1378500 3084.5
1378510 3084.5
1378520 3087.3
1378530 3090.6
1378540 3090.6
1378550 3094.8
1378560 3099.9
1378570 3105.1
1378580 3105.1
1378590 3109.8
1378600 3114.4
1378610 3114.4
1378620 3118.6
1378630 3122.5
1378640 3122.5
1378650 3125.8
1378660 3129.0
1378670 3129.0
1378680 3131.9
1378690 3134.8
1378700 3134.8
1378710 3137.2
1378720 3139.8
1378730 3139.8
1378740 3141.9
1378750 3144.4
1378760 3144.4
1378770 3146.4
1378780 3148.2
1378790 3149.8
1378800 3149.8
1378810 3151.7
1378820 3153.4
1378830 3153.4
1378840 3155.1
1378850 3156.7
1378860 3156.7
1378870 3158.4
1378880 3159.9
1378890 3159.9
1378900 3161.4
1378910 3162.9
1378920 3162.9
1378930 3164.3
1378940 3165.6
1378950 3165.6
1378960 3167.0
1378970 3168.3
1378980 3168.3
1378990 3169.6
1379000 3171.0
1379010 3172.3
1379020 3172.3
1379030 3173.6
1379040 3174.7
1379050 3174.7
1379060 3175.8
1379070 3177.0
1379080 3177.0
1379090 3178.1
1379100 3179.1
1379110 3179.1
1379120 3180.0
1379130 3180.9
1379140 3180.9
1379150 3181.8
1379160 3182.5
1379170 3182.5
1379180 3182.9
1379190 3183.0
1379200 3183.0
1379210 3178.6
1379220 3171.3
1379230 3159.4
1379240 3159.4
1379250 3155.1
1379260 3154.4
1379270 3154.4
1379280 3158.1
1379290 3165.6
1379300 3165.6
1379310 3178.9
1379320 3187.2
1379330 3187.2
1379340 3183.3
1379350 3174.5
1379360 3174.5
1379370 3164.6
1379380 3153.0
1379390 3153.0
1379400 3146.0
1379410 3139.6
1379420 3139.6
1379430 3133.7
1379440 3128.5
1379450 3124.0
1379460 3124.0
1379470 3119.5
1379480 3115.1
1379490 3115.1
1379500 3110.9
1379510 3106.8
1379520 3106.8
1379530 3102.9
1379540 3099.3
1379550 3099.3
1379560 3095.9
1379570 3092.8
1379580 3092.8
1379590 3090.0
1379600 3087.4
1379610 3087.4
1379620 3084.9
1379630 3082.8
1379640 3082.8
1379650 3080.8
1379660 3079.4
1379670 3078.2
1379680 3078.2
1379690 3076.8
1379700 3075.2
1379710 3075.2
1379720 3073.1
1379730 3070.4
1379740 3070.4
1379750 3067.5
1379760 3064.2
1379770 3064.2
1379780 3060.5
1379790 3056.9
1379800 3056.9
1379810 3053.0
1379820 3049.3
1379830 3049.3
1379840 3045.2
1379850 3041.0
1379860 3041.0
1379870 3036.7
1379880 3032.3
1379890 3027.8
1379900 3027.8
1379910 3023.3
1379920 3019.0
1379930 3019.0
1379940 3014.8
1379950 3010.5
1379960 3010.5
1379970 3006.2
1379980 3001.7
1379990 3001.7
