1360000 2588.7
1360010 2594.3
1360020 2594.3
1360030 2597.4
1360040 2605.2
1360050 2605.2
1360060 2611.7
1360070 2616.9
1360080 2616.9
1360090 2620.3
1360100 2620.4
1360110 2625.5
1360120 2625.5
1360130 2633.1
1360140 2638.6
1360150 2638.6
1360160 2646.1
1360170 2655.4
1360180 2655.4
1360190 2664.3
1360200 2672.7
1360210 2672.7
1360220 2679.2
1360230 2672.4
1360240 2672.4
1360250 2660.6
1360260 2650.3
1360270 2650.3
1360280 2643.5
1360290 2638.1
1360300 2638.1
1360310 2633.8
1360320 2631.6
1360330 2630.4
1360340 2630.4
1360350 2626.3
1360360 2622.4
1360370 2622.4
1360380 2618.8
1360390 2614.6
1360400 2614.6
1360410 2610.5
1360420 2607.2
1360430 2607.2
1360440 2606.4
1360450 2604.2
1360460 2604.2
1360470 2600.8
1360480 2594.5
1360490 2594.5
1360500 2586.0
1360510 2578.2
1360520 2578.2
1360530 2571.9
1360540 2566.3
1360550 2560.6
1360560 2560.6
1360570 2554.6
1360580 2548.5
1360590 2548.5
1360600 2542.1
1360610 2535.3
1360620 2535.3
1360630 2528.6
1360640 2523.3
1360650 2523.3
1360660 2517.3
1360670 2511.9
1360680 2511.9
1360690 2506.9
1360700 2500.7
1360710 2500.7
1360720 2496.2
1360730 2492.5
1360740 2492.5
1360750 2489.1
1360760 2485.2
1360770 2480.8
1360780 2480.8
1360790 2475.9
1360800 2468.0
1360810 2468.0
1360820 2460.9
1360830 2454.8
1360840 2454.8
1360850 2450.0
1360860 2442.8
1360870 2442.8
1360880 2436.1
1360890 2430.1
1360900 2430.1
1360910 2424.7
1360920 2418.2
1360930 2418.2
1360940 2412.1
1360950 2405.5
1360960 2405.5
1360970 2399.6
1360980 2393.7
1360990 2387.4
1361000 2387.4
1361010 2380.7
1361020 2374.3
1361030 2374.3
1361040 2370.7
1361050 2368.7
1361060 2368.7
1361070 2366.6
1361080 2363.6
1361090 2363.6
1361100 2361.1
1361110 2358.3
1361120 2358.3
1361130 2355.3
1361140 2351.8
1361150 2351.8
1361160 2347.9
1361170 2343.5
1361180 2343.5
1361190 2339.3
1361200 2334.1
1361210 2328.8
1361220 2328.8
1361230 2323.9
1361240 2321.4
1361250 2321.4
1361260 2318.7
1361270 2314.6
1361280 2314.6
1361290 2308.4
1361300 2302.0
1361310 2302.0
1361320 2297.0
1361330 2294.0
1361340 2294.0
1361350 2292.7
1361360 2289.6
1361370 2289.6
1361380 2285.3
1361390 2280.3
1361400 2280.3
1361410 2274.2
1361420 2267.9
1361430 2260.8
1361440 2260.8
1361450 2254.1
1361460 2249.0
1361470 2249.0
1361480 2247.3
1361490 2251.0
1361500 2251.0
1361510 2247.9
1361520 2244.0
1361530 2244.0
1361540 2240.0
1361550 2235.7
1361560 2235.7
1361570 2231.3
1361580 2226.5
1361590 2226.5
1361600 2221.2
1361610 2216.2
1361620 2216.2
1361630 2211.0
1361640 2205.4
1361650 2198.9
1361660 2198.9
1361670 2191.4
1361680 2183.0
1361690 2183.0
1361700 2175.6
1361710 2169.1
1361720 2169.1
1361730 2162.9
1361740 2156.5
1361750 2156.5
1361760 2150.3
1361770 2144.9
1361780 2144.9
1361790 2139.3
1361800 2133.1
1361810 2133.1
1361820 2127.4
1361830 2120.6
1361840 2120.6
1361850 2114.1
1361860 2107.2
1361870 2103.5
1361880 2103.5
1361890 2103.1
1361900 2100.4
1361910 2100.4
1361920 2096.1
1361930 2091.5
1361940 2091.5
1361950 2087.4
1361960 2083.6
1361970 2083.6
1361980 2080.1
1361990 2075.4
1362000 2075.4
1362010 2070.9
1362020 2067.5
1362030 2067.5
1362040 2064.1
1362050 2064.0
1362060 2064.0
1362070 2067.0
1362080 2071.5
1362090 2076.3
1362100 2076.3
1362110 2081.7
1362120 2087.3
1362130 2087.3
1362140 2093.2
1362150 2099.5
1362160 2099.5
1362170 2106.0
1362180 2103.0
1362190 2103.0
1362200 2092.1
1362210 2081.8
1362220 2081.8
1362230 2074.9
1362240 2067.4
1362250 2067.4
1362260 2060.1
1362270 2054.3
1362280 2054.3
1362290 2048.0
1362300 2040.6
1362310 2035.4
1362320 2035.4
1362330 2031.1
1362340 2026.1
1362350 2026.1
1362360 2019.8
1362370 2016.4
1362380 2016.4
1362390 2012.6
1362400 2011.9
1362410 2011.9
1362420 2012.3
1362430 2012.6
1362440 2012.6
1362450 2012.8
1362460 2013.6
1362470 2013.6
1362480 2016.1
1362490 2020.2
1362500 2020.2
1362510 2024.5
1362520 2029.9
1362530 2034.8
1362540 2034.8
1362550 2040.5
1362560 2045.7
1362570 2045.7
1362580 2051.3
1362590 2057.5
1362600 2057.5
1362610 2064.4
1362620 2072.3
1362630 2072.3
1362640 2086.1
1362650 2100.2
1362660 2100.2
1362670 2111.9
1362680 2122.4
1362690 2122.4
1362700 2132.6
1362710 2141.8
1362720 2141.8
1362730 2140.7
1362740 2136.9
1362750 2132.7
1362760 2132.7
1362770 2127.7
1362780 2122.2
1362790 2122.2
1362800 2116.5
1362810 2111.0
1362820 2111.0
1362830 2106.3
1362840 2102.6
1362850 2102.6
1362860 2100.6
1362870 2098.5
1362880 2098.5
1362890 2097.5
1362900 2096.5
1362910 2096.5
1362920 2094.6
1362930 2092.7
1362940 2092.7
1362950 2089.0
1362960 2086.1
1362970 2088.2
1362980 2088.2
1362990 2092.5
1363000 2093.5
1363010 2093.5
1363020 2093.1
1363030 2091.1
1363040 2091.1
1363050 2091.3
1363060 2089.5
1363070 2089.5
1363080 2088.3
1363090 2088.7
1363100 2088.7
1363110 2088.6
1363120 2088.0
1363130 2088.0
1363140 2087.5
1363150 2088.0
1363160 2088.0
1363170 2088.5
1363180 2089.3
1363190 2090.0
1363200 2090.0
1363210 2090.6
1363220 2092.2
1363230 2092.2
1363240 2093.9
1363250 2095.3
1363260 2095.3
1363270 2097.3
1363280 2099.6
1363290 2099.6
1363300 2102.0
1363310 2103.3
1363320 2103.3
1363330 2104.7
1363340 2105.9
1363350 2105.9
1363360 2107.0
1363370 2109.3
1363380 2109.3
1363390 2112.1
1363400 2114.7
1363410 2117.2
1363420 2117.2
1363430 2120.5
1363440 2124.0
1363450 2124.0
1363460 2128.1
1363470 2132.2
1363480 2132.2
1363490 2136.8
1363500 2141.6
1363510 2141.6
1363520 2146.5
1363530 2151.7
1363540 2151.7
1363550 2157.3
1363560 2163.1
1363570 2158.3
1363580 2163.5
1363590 2168.7
1363600 2168.7
1363610 2173.8
1363620 2178.6
1363630 2183.6
1363640 2183.6
1363650 2188.5
1363660 2193.5
1363670 2193.5
1363680 2199.0
1363690 2203.8
1363700 2203.8
1363710 2207.5
1363720 2210.5
1363730 2210.5
1363740 2213.3
1363750 2214.6
1363760 2214.6
1363770 2214.2
1363780 2214.1
1363790 2214.1
1363800 2214.9
1363810 2216.5
1363820 2216.5
1363830 2219.1
1363840 2223.1
1363850 2229.1
1363860 2229.1
1363870 2236.5
1363880 2246.1
1363890 2246.1
1363900 2254.6
1363910 2261.4
1363920 2261.4
1363930 2268.3
1363940 2276.3
1363950 2276.3
1363960 2284.4
1363970 2291.8
1363980 2291.8
1363990 2297.2
1364000 2302.7
1364010 2302.7
1364020 2307.9
1364030 2312.6
1364040 2312.6
1364050 2316.0
1364060 2319.0
1364070 2324.4
1364080 2324.4
1364090 2331.4
1364100 2339.2
1364110 2339.2
1364120 2347.2
1364130 2353.6
1364140 2353.6
1364150 2359.2
1364160 2362.9
1364170 2362.9
1364180 2365.2
1364190 2370.0
1364200 2370.0
1364210 2376.4
1364220 2383.6
1364230 2383.6
1364240 2389.1
1364250 2393.4
1364260 2393.4
1364270 2397.3
1364280 2399.7
1364290 2402.4
1364300 2402.4
1364310 2406.2
1364320 2409.5
1364330 2409.5
1364340 2413.3
1364350 2415.6
1364360 2415.6
1364370 2417.4
1364380 2418.9
1364390 2418.9
1364400 2419.3
1364410 2419.9
1364420 2419.9
1364430 2420.7
1364440 2421.6
1364450 2421.6
1364460 2420.3
1364470 2419.6
1364480 2419.6
1364490 2419.7
1364500 2420.1
1364510 2419.3
1364520 2419.3
1364530 2419.5
1364540 2422.8
1364550 2422.8
1364560 2427.1
1364570 2431.2
1364580 2431.2
1364590 2433.2
1364600 2436.4
1364610 2436.4
1364620 2446.8
1364630 2451.3
1364640 2451.3
1364650 2457.0
1364660 2461.4
1364670 2461.4
1364680 2464.4
1364690 2467.4
1364700 2467.4
1364710 2470.2
1364720 2472.6
1364730 2475.4
1364740 2475.4
1364750 2480.4
1364760 2485.6
1364770 2485.6
1364780 2490.9
1364790 2495.7
1364800 2495.7
1364810 2501.8
1364820 2508.5
1364830 2508.5
1364840 2514.7
1364850 2520.3
1364860 2520.3
1364870 2526.8
1364880 2534.2
1364890 2534.2
1364900 2541.3
1364910 2546.8
1364920 2546.8
1364930 2550.3
1364940 2554.2
1364950 2557.7
1364960 2557.7
1364970 2560.6
1364980 2562.7
1364990 2562.7
1365000 2564.8
1365010 2568.8
1365020 2568.8
1365030 2574.2
1365040 2579.2
1365050 2579.2
1365060 2580.9
1365070 2582.2
1365080 2582.2
1365090 2583.2
1365100 2585.3
1365110 2585.3
1365120 2588.8
1365130 2592.0
1365140 2592.0
1365150 2594.1
1365160 2595.4
1365170 2596.2
1365180 2596.2
1365190 2598.1
1365200 2598.8
1365210 2598.8
1365220 2599.1
1365230 2601.5
1365240 2601.5
1365250 2605.3
1365260 2609.2
1365270 2609.2
1365280 2613.0
1365290 2616.4
1365300 2616.4
1365310 2619.6
1365320 2622.8
1365330 2622.8
1365340 2625.5
1365350 2628.0
1365360 2628.0
1365370 2630.5
1365380 2633.2
1365390 2636.1
1365400 2636.1
1365410 2639.8
1365420 2643.9
1365430 2643.9
1365440 2648.4
1365450 2653.1
1365460 2653.1
1365470 2658.3
1365480 2663.3
1365490 2663.3
1365500 2667.8
1365510 2672.6
1365520 2672.6
1365530 2678.2
1365540 2683.4
1365550 2683.4
1365560 2688.5
1365570 2693.8
1365580 2693.8
1365590 2698.7
1365600 2703.3
1365610 2706.6
1365620 2706.6
1365630 2710.8
1365640 2714.1
1365650 2714.1
1365660 2717.0
1365670 2719.7
1365680 2719.7
1365690 2726.9
1365700 2729.5
1365710 2729.5
1365720 2733.0
1365730 2736.8
1365740 2736.8
1365750 2741.1
1365760 2746.1
1365770 2746.1
1365780 2750.8
1365790 2755.6
1365800 2755.6
1365810 2760.2
1365820 2765.4
1365830 2771.3
1365840 2771.3
1365850 2777.3
1365860 2784.6
1365870 2784.6
1365880 2789.8
1365890 2794.9
1365900 2794.9
1365910 2802.0
1365920 2810.1
1365930 2810.1
1365940 2814.3
1365950 2825.6
1365960 2825.6
1365970 2830.4
1365980 2833.8
1365990 2833.8
1366000 2836.4
1366010 2838.7
1366020 2838.7
1366030 2840.7
1366040 2841.7
1366050 2838.9
1366060 2838.9
1366070 2847.5
1366080 2848.1
1366090 2848.1
1366100 2847.0
1366110 2849.2
1366120 2849.2
1366130 2853.6
1366140 2859.1
1366150 2859.1
1366160 2864.3
1366170 2865.0
1366180 2865.0
1366190 2864.1
1366200 2872.8
1366210 2872.8
1366220 2877.0
1366230 2879.9
1366240 2879.9
1366250 2882.7
1366260 2885.4
1366270 2887.9
1366280 2887.9
1366290 2890.9
1366300 2894.3
1366310 2894.3
1366320 2898.4
1366330 2903.0
1366340 2903.0
1366350 2907.5
1366360 2912.4
1366370 2912.4
1366380 2916.9
1366390 2921.2
1366400 2921.2
1366410 2925.1
1366420 2928.3
1366430 2928.3
1366440 2931.3
1366450 2934.1
1366460 2934.1
1366470 2937.2
1366480 2940.7
1366490 2944.7
1366500 2944.7
1366510 2949.0
1366520 2953.5
1366530 2953.5
1366540 2956.7
1366550 2961.5
1366560 2961.5
1366570 2964.9
1366580 2968.9
1366590 2968.9
1366600 2972.9
1366610 2974.7
1366620 2974.7
1366630 2982.1
1366640 2988.9
1366650 2988.9
1366660 2993.9
1366670 2999.3
1366680 2999.3
1366690 3004.4
1366700 3009.6
1366710 3015.4
1366720 3015.4
1366730 3020.1
1366740 3031.2
1366750 3031.2
1366760 3059.1
1366770 3068.2
1366780 3068.2
1366790 3076.3
1366800 3083.1
1366810 3083.1
1366820 3090.8
1366830 3098.9
1366840 3098.9
1366850 3108.2
1366860 3117.6
1366870 3117.6
1366880 3125.9
1366890 3134.1
1366900 3134.1
1366910 3143.8
1366920 3156.9
1366930 3172.7
1366940 3172.7
1366950 3185.5
1366960 3193.8
1366970 3193.8
1366980 3203.9
1366990 3215.4
1367000 3215.4
1367010 3223.3
1367020 3225.6
1367030 3225.6
1367040 3223.3
1367050 3220.8
1367060 3220.8
1367070 3218.4
1367080 3215.7
1367090 3215.7
1367100 3212.8
1367110 3209.9
1367120 3209.9
1367130 3206.6
1367140 3202.7
1367150 3198.3
1367160 3198.3
1367170 3193.4
1367180 3188.5
1367190 3188.5
1367200 3183.8
1367210 3179.4
1367220 3179.4
1367230 3175.4
1367240 3171.6
1367250 3171.6
1367260 3168.1
1367270 3164.8
1367280 3164.8
1367290 3161.4
1367300 3156.1
1367310 3156.1
1367320 3148.8
1367330 3140.0
1367340 3140.0
1367350 3130.5
1367360 3120.6
1367370 3110.6
1367380 3110.6
1367390 3100.1
1367400 3091.7
1367410 3091.7
1367420 3084.8
1367430 3078.9
1367440 3078.9
1367450 3073.3
1367460 3067.9
1367470 3067.9
1367480 3062.9
1367490 3057.8
1367500 3057.8
1367510 3052.6
1367520 3047.0
1367530 3047.0
1367540 3041.2
1367550 3035.2
1367560 3035.2
1367570 3029.2
1367580 3023.3
1367590 3017.3
1367600 3017.3
1367610 3010.5
1367620 3003.4
1367630 3003.4
1367640 2996.7
1367650 2990.3
1367660 2990.3
1367670 2983.7
1367680 2977.1
1367690 2977.1
1367700 2970.9
1367710 2964.9
1367720 2964.9
1367730 2959.1
1367740 2953.1
1367750 2953.1
1367760 2946.9
1367770 2941.1
1367780 2941.1
1367790 2935.8
1367800 2931.0
1367810 2926.4
1367820 2926.4
1367830 2921.7
1367840 2914.4
1367850 2914.4
1367860 2910.2
1367870 2905.6
1367880 2905.6
1367890 2900.9
1367900 2896.5
1367910 2896.5
1367920 2892.4
1367930 2888.5
1367940 2888.5
1367950 2884.1
1367960 2879.2
1367970 2879.2
1367980 2875.0
1367990 2871.3
1368000 2871.3
1368010 2868.0
1368020 2865.0
1368030 2862.1
1368040 2862.1
1368050 2859.3
1368060 2856.8
1368070 2856.8
1368080 2853.9
1368090 2851.0
1368100 2851.0
1368110 2848.3
1368120 2845.5
1368130 2845.5
1368140 2842.5
1368150 2839.0
1368160 2839.0
1368170 2835.2
1368180 2831.2
1368190 2831.2
1368200 2827.2
1368210 2823.3
1368220 2823.3
1368230 2819.6
1368240 2816.1
1368250 2812.9
1368260 2812.9
1368270 2809.8
1368280 2806.5
1368290 2806.5
1368300 2803.1
1368310 2799.5
1368320 2799.5
1368330 2795.8
1368340 2792.2
1368350 2792.2
1368360 2788.8
1368370 2785.6
1368380 2785.6
1368390 2782.7
1368400 2779.9
1368410 2779.9
1368420 2777.2
1368430 2774.8
1368440 2774.8
1368450 2772.5
1368460 2770.5
1368470 2768.9
1368480 2768.9
1368490 2767.4
1368500 2766.2
1368510 2766.2
1368520 2765.4
1368530 2764.9
1368540 2764.9
1368550 2764.9
1368560 2765.8
1368570 2765.8
1368580 2768.3
1368590 2770.2
1368600 2770.2
1368610 2771.3
1368620 2772.9
1368630 2772.9
1368640 2775.3
1368650 2780.1
1368660 2780.1
1368670 2784.3
1368680 2786.3
1368690 2789.2
1368700 2789.2
1368710 2791.2
1368720 2794.4
1368730 2794.4
1368740 2797.4
1368750 2798.3
1368760 2798.3
1368770 2799.8
1368780 2802.5
1368790 2802.5
1368800 2805.7
1368810 2809.2
1368820 2809.2
1368830 2813.4
1368840 2818.0
1368850 2818.0
1368860 2822.9
1368870 2828.0
1368880 2828.0
1368890 2832.4
1368900 2836.5
1368910 2841.0
1368920 2841.0
1368930 2842.5
1368940 2847.0
1368950 2847.0
1368960 2851.2
1368970 2855.1
1368980 2855.1
1368990 2859.0
1369000 2863.0
1369010 2863.0
1369020 2867.1
1369030 2871.6
1369040 2871.6
1369050 2876.7
1369060 2881.4
1369070 2881.4
1369080 2885.6
1369090 2889.7
1369100 2889.7
1369110 2894.1
1369120 2898.7
1369130 2903.5
1369140 2903.5
1369150 2908.6
1369160 2913.9
1369170 2913.9
1369180 2919.2
1369190 2924.3
1369200 2924.3
1369210 2929.2
1369220 2934.2
1369230 2934.2
1369240 2938.7
1369250 2942.7
1369260 2942.7
1369270 2946.7
1369280 2951.0
1369290 2951.0
1369300 2955.6
1369310 2960.7
1369320 2960.7
1369330 2966.0
1369340 2971.6
1369350 2976.7
1369360 2976.7
1369370 2981.4
1369380 2985.6
1369390 2985.6
1369400 2989.7
1369410 2994.3
1369420 2994.3
1369430 2999.9
1369440 3005.6
1369450 3005.6
1369460 3011.1
1369470 3015.9
1369480 3015.9
1369490 3020.1
1369500 3023.6
1369510 3023.6
1369520 3026.8
1369530 3029.4
1369540 3029.4
1369550 3031.6
1369560 3033.3
1369570 3034.6
1369580 3034.6
1369590 3035.7
1369600 3036.5
1369610 3036.5
1369620 3038.2
1369630 3040.7
1369640 3040.7
1369650 3043.9
1369660 3047.9
1369670 3047.9
1369680 3052.5
1369690 3057.3
1369700 3057.3
1369710 3062.1
1369720 3066.4
1369730 3066.4
1369740 3069.9
1369750 3073.6
1369760 3073.6
1369770 3078.0
1369780 3082.5
1369790 3087.3
1369800 3087.3
1369810 3092.3
1369820 3096.9
1369830 3096.9
1369840 3101.6
1369850 3106.2
1369860 3106.2
1369870 3110.7
1369880 3115.0
1369890 3115.0
1369900 3119.5
1369910 3124.2
1369920 3124.2
1369930 3129.3
1369940 3134.8
1369950 3134.8
1369960 3140.1
1369970 3145.2
1369980 3145.2
1369990 3150.5
1370000 3155.5
1370010 3160.7
1370020 3160.7
1370030 3165.9
1370040 3171.1
1370050 3171.1
1370060 3175.7
1370070 3180.1
1370080 3180.1
1370090 3184.2
1370100 3188.0
1370110 3188.0
1370120 3191.7
1370130 3195.0
1370140 3195.0
1370150 3198.0
1370160 3200.9
1370170 3200.9
1370180 3203.7
1370190 3206.5
1370200 3206.5
1370210 3209.1
1370220 3211.6
1370230 3213.8
1370240 3213.8
1370250 3216.0
1370260 3218.1
1370270 3218.1
1370280 3220.2
1370290 3222.0
1370300 3222.0
1370310 3223.7
1370320 3225.3
1370330 3225.3
1370340 3226.9
1370350 3228.5
1370360 3228.5
1370370 3230.3
1370380 3232.2
1370390 3232.2
1370400 3234.1
1370410 3236.1
1370420 3236.1
1370430 3238.5
1370440 3241.7
1370450 3244.8
1370460 3244.8
1370470 3245.5
1370480 3234.6
1370490 3234.6
1370500 3218.4
1370510 3204.4
1370520 3204.4
1370530 3191.0
1370540 3176.5
1370550 3176.5
1370560 3163.8
1370570 3153.6
1370580 3153.6
1370590 3143.7
1370600 3131.4
1370610 3131.4
1370620 3120.3
1370630 3109.6
1370640 3109.6
1370650 3096.9
1370660 3082.5
1370670 3071.3
1370680 3071.3
1370690 3062.2
1370700 3054.6
1370710 3054.6
1370720 3049.0
1370730 3044.5
1370740 3044.5
1370750 3040.5
1370760 3036.3
1370770 3036.3
1370780 3031.5
1370790 3027.7
1370800 3027.7
1370810 3024.5
1370820 3020.2
1370830 3020.2
1370840 3015.5
1370850 3011.2
1370860 3011.2
1370870 3007.1
1370880 3003.2
1370890 2999.5
1370900 2999.5
1370910 2996.0
1370920 2992.7
1370930 2992.7
1370940 2989.4
1370950 2986.0
1370960 2986.0
1370970 2982.5
1370980 2978.9
1370990 2978.9
1371000 2973.5
1371010 2970.5
1371020 2970.5
1371030 2966.8
1371040 2963.0
1371050 2963.0
1371060 2958.8
1371070 2954.3
1371080 2954.3
1371090 2949.0
1371100 2943.5
1371110 2939.8
1371120 2939.8
1371130 2935.7
1371140 2931.8
1371150 2931.8
1371160 2928.0
1371170 2924.3
1371180 2924.3
1371190 2920.4
1371200 2916.1
1371210 2916.1
1371220 2911.6
1371230 2907.1
1371240 2907.1
1371250 2902.5
1371260 2897.8
1371270 2897.8
1371280 2893.4
1371290 2889.0
1371300 2889.0
1371310 2884.8
1371320 2880.4
1371330 2875.7
1371340 2875.7
1371350 2871.3
1371360 2867.0
1371370 2867.0
1371380 2862.8
1371390 2858.5
1371400 2858.5
1371410 2854.4
1371420 2849.8
1371430 2849.8
1371440 2844.5
1371450 2838.8
1371460 2838.8
1371470 2832.8
1371480 2826.6
1371490 2826.6
1371500 2820.6
1371510 2814.3
1371520 2814.3
1371530 2807.6
1371540 2800.4
1371550 2793.2
1371560 2793.2
1371570 2785.9
1371580 2779.1
1371590 2779.1
1371600 2772.9
1371610 2766.6
1371620 2766.6
1371630 2760.0
1371640 2753.4
1371650 2753.4
1371660 2746.7
1371670 2740.2
1371680 2740.2
1371690 2733.3
1371700 2726.2
1371710 2726.2
1371720 2718.9
1371730 2713.4
1371740 2713.4
1371750 2709.6
1371760 2706.3
1371770 2702.5
1371780 2702.5
1371790 2697.9
1371800 2693.3
1371810 2693.3
1371820 2689.2
1371830 2684.9
1371840 2684.9
1371850 2681.3
1371860 2677.8
1371870 2677.8
1371880 2673.9
1371890 2669.0
1371900 2669.0
1371910 2664.1
1371920 2658.2
1371930 2658.2
1371940 2651.0
1371950 2643.1
1371960 2643.1
1371970 2634.6
1371980 2626.8
1371990 2620.3
1372000 2620.3
1372010 2613.8
1372020 2604.8
1372030 2604.8
1372040 2596.2
1372050 2590.0
1372060 2590.0
1372070 2586.0
1372080 2581.8
1372090 2581.8
1372100 2577.1
1372110 2569.4
1372120 2569.4
1372130 2561.1
1372140 2553.2
1372150 2553.2
1372160 2547.4
1372170 2540.2
1372180 2540.2
1372190 2532.2
1372200 2525.4
1372210 2520.2
1372220 2520.2
1372230 2516.2
1372240 2511.2
1372250 2511.2
1372260 2506.0
1372270 2498.6
1372280 2498.6
1372290 2492.5
1372300 2490.3
1372310 2490.3
1372320 2487.4
1372330 2482.5
1372340 2482.5
1372350 2478.9
1372360 2474.4
1372370 2474.4
1372380 2471.7
1372390 2470.3
1372400 2470.3
1372410 2468.9
1372420 2465.9
1372430 2463.4
1372440 2463.4
1372450 2460.2
1372460 2457.0
1372470 2457.0
1372480 2455.2
1372490 2454.7
1372500 2454.7
1372510 2455.3
1372520 2455.7
1372530 2455.7
1372540 2456.1
1372550 2456.2
1372560 2456.2
1372570 2456.5
1372580 2457.7
1372590 2457.7
1372600 2460.0
1372610 2461.9
1372620 2461.9
1372630 2463.8
1372640 2466.8
1372650 2469.2
1372660 2469.2
1372670 2472.3
1372680 2476.5
1372690 2476.5
1372700 2481.6
1372710 2487.3
1372720 2487.3
1372730 2494.0
1372740 2500.4
1372750 2500.4
1372760 2505.5
1372770 2509.8
1372780 2509.8
1372790 2514.9
1372800 2520.7
1372810 2520.7
1372820 2527.3
1372830 2534.2
1372840 2534.2
1372850 2541.5
1372860 2548.9
1372870 2555.1
1372880 2555.1
1372890 2562.2
1372900 2572.1
1372910 2572.1
1372920 2579.8
1372930 2584.7
1372940 2584.7
1372950 2589.4
1372960 2595.3
1372970 2595.3
1372980 2601.7
1372990 2606.1
1373000 2606.1
1373010 2608.8
1373020 2611.6
1373030 2611.6
1373040 2613.6
1373050 2616.3
1373060 2616.3
1373070 2623.1
1373080 2630.0
1373090 2635.1
1373100 2635.1
1373110 2639.1
1373120 2642.1
1373130 2642.1
1373140 2644.9
1373150 2647.6
1373160 2647.6
1373170 2650.6
1373180 2652.3
1373190 2652.3
1373200 2653.9
1373210 2656.1
1373220 2656.1
1373230 2659.6
1373240 2665.1
1373250 2665.1
1373260 2669.9
1373270 2673.0
1373280 2673.0
1373290 2674.1
1373300 2673.8
1373310 2674.3
1373320 2674.3
1373330 2675.9
1373340 2678.9
1373350 2678.9
1373360 2682.4
1373370 2686.3
1373380 2686.3
1373390 2688.9
1373400 2686.2
1373410 2686.2
1373420 2690.2
1373430 2693.1
1373440 2693.1
1373450 2694.6
1373460 2695.1
1373470 2695.1
1373480 2695.4
1373490 2695.8
1373500 2695.8
1373510 2696.5
1373520 2698.0
1373530 2699.0
1373540 2699.0
1373550 2700.3
1373560 2701.1
1373570 2701.1
1373580 2701.0
1373590 2702.0
1373600 2702.0
1373610 2704.4
1373620 2706.1
1373630 2706.1
1373640 2706.9
1373650 2706.3
1373660 2706.3
1373670 2706.5
1373680 2706.2
1373690 2706.2
1373700 2706.7
1373710 2710.2
1373720 2710.2
1373730 2712.3
1373740 2712.3
1373750 2712.1
1373760 2712.1
1373770 2713.4
1373780 2713.9
1373790 2713.9
1373800 2714.8
1373810 2718.1
1373820 2718.1
1373830 2722.0
1373840 2725.7
1373850 2725.7
1373860 2729.8
1373870 2733.5
1373880 2733.5
1373890 2736.4
1373900 2737.3
1373910 2737.3
1373920 2737.2
1373930 2738.7
1373940 2738.7
1373950 2741.4
1373960 2744.0
1373970 2745.8
1373980 2745.8
1373990 2747.7
1374000 2750.0
1374010 2750.0
1374020 2752.7
1374030 2755.1
1374040 2755.1
1374050 2756.3
1374060 2757.3
1374070 2757.3
1374080 2759.6
1374090 2762.4
1374100 2762.4
1374110 2765.1
1374120 2768.0
1374130 2768.0
1374140 2771.6
1374150 2776.2
1374160 2776.2
1374170 2782.1
1374180 2787.8
1374190 2793.3
1374200 2793.3
1374210 2799.0
1374220 2804.6
1374230 2804.6
1374240 2810.2
1374250 2811.1
1374260 2811.1
1374270 2806.1
1374280 2801.2
1374290 2801.2
1374300 2797.5
1374310 2797.2
1374320 2797.2
1374330 2798.6
1374340 2801.3
1374350 2801.3
1374360 2801.7
1374370 2802.6
1374380 2802.6
1374390 2801.9
1374400 2804.7
1374410 2809.7
1374420 2809.7
1374430 2812.9
1374440 2815.5
1374450 2815.5
1374460 2818.4
1374470 2819.2
1374480 2819.2
1374490 2818.9
1374500 2820.5
1374510 2820.5
1374520 2823.4
1374530 2827.2
1374540 2824.8
1374550 2827.2
1374560 2828.2
1374570 2828.2
1374580 2828.1
1374590 2829.9
1374600 2829.9
1374610 2833.2
1374620 2836.1
1374630 2837.6
1374640 2837.6
1374650 2837.8
1374660 2839.8
1374670 2839.8
1374680 2845.6
1374690 2849.1
1374700 2849.1
1374710 2851.2
1374720 2854.4
1374730 2854.4
1374740 2857.9
1374750 2860.0
1374760 2860.0
1374770 2860.0
1374780 2859.4
1374790 2859.4
1374800 2860.3
1374810 2863.7
1374820 2863.7
1374830 2864.7
1374840 2867.2
1374850 2871.4
1374860 2871.4
1374870 2875.8
1374880 2880.4
1374890 2880.4
1374900 2885.0
1374910 2889.6
1374920 2889.6
1374930 2893.6
1374940 2897.1
1374950 2897.1
1374960 2900.2
1374970 2903.3
1374980 2903.3
1374990 2906.1
1375000 2908.6
1375010 2908.6
1375020 2910.8
1375030 2912.6
1375040 2912.6
1375050 2914.2
1375060 2916.0
1375070 2917.9
1375080 2917.9
1375090 2919.7
1375100 2921.3
1375110 2921.3
1375120 2922.9
1375130 2924.4
1375140 2924.4
1375150 2925.7
1375160 2927.0
1375170 2927.0
1375180 2928.4
1375190 2930.1
1375200 2930.1
1375210 2932.1
1375220 2935.2
1375230 2935.2
1375240 2940.2
1375250 2945.9
1375260 2945.9
1375270 2950.8
1375280 2955.2
1375290 2959.7
1375300 2959.7
1375310 2964.4
1375320 2969.0
1375330 2969.0
1375340 2972.9
1375350 2974.2
1375360 2974.2
1375370 2979.1
1375380 2984.7
1375390 2984.7
1375400 2988.3
1375410 2990.9
1375420 2990.9
1375430 2991.5
1375440 2991.4
1375450 2991.4
1375460 2995.0
1375470 2998.3
1375480 2998.3
1375490 2997.5
1375500 2996.4
1375510 2998.5
1375520 2998.5
1375530 2999.5
1375540 2999.9
1375550 2999.9
1375560 2998.4
1375570 2997.4
1375580 2997.4
1375590 2999.3
1375600 2997.5
1375610 2997.5
1375620 2997.2
1375630 2996.9
1375640 2996.9
1375650 2995.5
1375660 2994.4
1375670 2994.4
1375680 2993.6
1375690 2992.6
1375700 2991.1
1375710 2990.0
1375720 2989.2
1375730 2988.6
1375740 2988.6
1375750 2988.2
1375760 2987.9
1375770 2987.9
1375780 2987.8
1375790 2988.1
1375800 2988.1
1375810 2988.6
1375820 2989.4
1375830 2989.4
1375840 2990.5
1375850 2991.8
1375860 2991.8
1375870 2993.2
1375880 2994.8
1375890 2994.8
1375900 2996.4
1375910 2998.2
1375920 2998.2
1375930 3000.3
1375940 3002.4
1375950 3004.0
1375960 3004.0
1375970 3004.7
1375980 3008.1
1375990 3008.1
1376000 3009.6
1376010 3010.7
1376020 3010.7
1376030 3011.6
1376040 3012.4
1376050 3012.4
1376060 3013.5
1376070 3014.7
1376080 3014.7
1376090 3015.8
1376100 3017.1
1376110 3017.1
1376120 3018.9
1376130 3020.9
1376140 3020.9
1376150 3023.4
1376160 3025.3
1376170 3027.7
1376180 3027.7
1376190 3030.2
1376200 3032.2
1376210 3032.2
1376220 3034.4
1376230 3036.6
1376240 3036.6
1376250 3038.7
1376260 3040.7
1376270 3040.7
1376280 3043.0
1376290 3045.4
1376300 3045.4
1376310 3047.9
1376320 3050.6
1376330 3050.6
1376340 3053.4
1376350 3056.2
1376360 3056.2
1376370 3059.3
1376380 3062.5
1376390 3065.9
1376400 3065.9
1376410 3069.3
1376420 3073.0
1376430 3073.0
1376440 3076.7
1376450 3080.5
1376460 3080.5
1376470 3084.4
1376480 3088.5
1376490 3088.5
1376500 3092.6
1376510 3096.7
1376520 3096.7
1376530 3100.9
1376540 3105.4
1376550 3105.4
1376560 3110.3
1376570 3115.9
1376580 3115.9
1376590 3124.7
1376600 3134.3
1376610 3135.8
1376620 3135.8
1376630 3132.7
1376640 3129.8
1376650 3129.8
1376660 3128.0
1376670 3126.9
1376680 3126.9
1376690 3125.2
1376700 3125.1
1376710 3125.1
1376720 3125.9
1376730 3126.8
1376740 3126.8
1376750 3127.5
1376760 3128.2
1376770 3128.2
1376780 3130.2
1376790 3132.7
1376800 3132.7
1376810 3134.2
1376820 3136.2
1376830 3137.4
1376840 3137.4
1376850 3139.1
1376860 3140.0
1376870 3136.6
1376880 3139.4
1376890 3141.6
1376900 3141.6
1376910 3143.5
1376920 3146.8
1376930 3146.8
1376940 3150.0
1376950 3151.4
1376960 3151.4
1376970 3154.5
1376980 3154.9
1376990 3154.9
1377000 3156.4
1377010 3158.3
1377020 3158.3
1377030 3160.2
1377040 3162.4
1377050 3164.9
1377060 3164.9
1377070 3167.7
1377080 3170.4
1377090 3170.4
1377100 3172.9
1377110 3175.4
1377120 3175.4
1377130 3177.9
1377140 3180.1
1377150 3180.1
1377160 3182.3
1377170 3184.4
1377180 3184.4
1377190 3186.3
1377200 3188.1
1377210 3188.1
1377220 3189.8
1377230 3191.5
1377240 3191.5
1377250 3193.1
1377260 3194.5
1377270 3195.7
1377280 3195.7
1377290 3196.9
1377300 3198.0
1377310 3198.0
1377320 3199.1
1377330 3199.9
1377340 3199.9
1377350 3200.7
1377360 3201.5
1377370 3201.5
1377380 3202.2
1377390 3202.9
1377400 3202.9
1377410 3203.7
1377420 3204.2
1377430 3204.2
1377440 3204.7
1377450 3205.2
1377460 3205.2
1377470 3205.5
1377480 3205.7
1377490 3205.9
1377500 3205.9
1377510 3205.9
1377520 3205.8
1377530 3205.8
1377540 3205.6
1377550 3205.3
1377560 3205.3
1377570 3205.1
1377580 3204.9
1377590 3204.9
1377600 3204.4
1377610 3203.8
1377620 3203.8
1377630 3203.2
1377640 3202.7
1377650 3202.7
1377660 3201.7
1377670 3200.6
1377680 3200.6
1377690 3199.1
1377700 3198.6
1377710 3197.4
1377720 3197.4
1377730 3196.1
1377740 3195.1
1377750 3195.1
1377760 3194.1
1377770 3193.1
1377780 3193.1
1377790 3192.2
1377800 3191.4
1377810 3191.4
1377820 3190.5
1377830 3189.7
1377840 3189.7
1377850 3188.9
1377860 3188.2
1377870 3188.2
1377880 3187.4
1377890 3186.5
1377900 3186.5
1377910 3185.7
1377920 3184.9
1377930 3184.1
1377940 3184.1
1377950 3183.5
1377960 3183.1
1377970 3183.1
1377980 3182.7
1377990 3182.5
1378000 3182.5
1378010 3182.6
1378020 3182.7
1378030 3182.7
1378040 3182.9
1378050 3183.1
1378060 3179.4
1378070 3179.5
1378080 3179.6
1378090 3179.6
1378100 3179.8
1378110 3180.2
1378120 3180.2
1378130 3180.7
1378140 3181.3
1378150 3182.0
1378160 3182.0
1378170 3183.1
1378180 3184.6
1378190 3184.6
1378200 3186.4
1378210 3188.5
1378220 3188.5
1378230 3191.0
1378240 3193.7
1378250 3193.7
1378260 3196.3
1378270 3198.8
1378280 3198.8
1378290 3201.3
1378300 3203.7
1378310 3203.7
1378320 3206.0
1378330 3208.0
1378340 3208.0
1378350 3209.9
1378360 3211.6
1378370 3213.2
1378380 3213.2
1378390 3214.5
1378400 3216.1
1378410 3216.1
1378420 3217.5
1378430 3218.8
1378440 3218.8
1378450 3219.7
1378460 3220.9
1378470 3220.9
1378480 3222.3
1378490 3223.5
1378500 3223.5
1378510 3224.7
1378520 3225.7
1378530 3225.7
1378540 3226.8
1378550 3227.8
1378560 3227.8
1378570 3228.8
1378580 3229.9
1378590 3230.9
1378600 3230.9
1378610 3232.0
1378620 3233.0
1378630 3233.0
1378640 3234.1
1378650 3235.1
1378660 3235.1
1378670 3235.8
1378680 3236.5
1378690 3236.5
1378700 3236.9
1378710 3237.3
1378720 3237.3
1378730 3237.8
1378740 3238.1
1378750 3238.1
1378760 3238.3
1378770 3238.4
1378780 3238.4
1378790 3238.5
1378800 3238.4
1378810 3238.4
1378820 3238.4
1378830 3238.2
1378840 3238.0
1378850 3238.0
1378860 3237.9
1378870 3237.8
1378880 3237.8
1378890 3237.7
1378900 3237.6
1378910 3237.6
1378920 3237.6
1378930 3237.5
1378940 3237.5
1378950 3237.3
1378960 3237.2
1378970 3237.2
1378980 3237.2
1378990 3237.1
1379000 3237.1
1379010 3237.1
1379020 3237.0
1379030 3236.9
1379040 3236.9
1379050 3236.9
1379060 3236.9
1379070 3236.9
1379080 3236.9
1379090 3236.9
1379100 3236.9
1379110 3236.7
1379120 3236.7
1379130 3236.7
1379140 3236.5
1379150 3236.4
1379160 3236.4
1379170 3236.3
1379180 3236.2
1379190 3236.2
1379200 3236.0
1379210 3235.7
1379220 3235.7
1379230 3235.5
1379240 3235.2
1379250 3235.0
1379260 3235.0
1379270 3234.6
1379280 3234.2
1379290 3234.2
1379300 3233.9
1379310 3233.4
1379320 3233.4
1379330 3232.9
1379340 3232.4
1379350 3232.4
1379360 3232.0
1379370 3231.3
1379380 3231.3
1379390 3230.6
1379400 3230.0
1379410 3230.0
1379420 3229.2
1379430 3228.4
1379440 3228.4
1379450 3227.7
1379460 3226.9
1379470 3226.2
1379480 3226.2
1379490 3225.5
1379500 3224.7
1379510 3224.7
1379520 3223.9
1379530 3223.1
1379540 3223.1
1379550 3222.2
1379560 3221.3
1379570 3221.3
1379580 3220.3
1379590 3219.3
1379600 3219.3
1379610 3218.2
1379620 3217.1
1379630 3217.1
1379640 3215.9
1379650 3214.6
1379660 3214.6
1379670 3213.3
1379680 3211.9
1379690 3210.3
1379700 3210.3
1379710 3208.6
1379720 3206.9
1379730 3206.9
1379740 3205.0
1379750 3203.1
1379760 3203.1
1379770 3201.0
1379780 3198.8
1379790 3198.8
1379800 3196.6
1379810 3194.4
1379820 3194.4
1379830 3192.4
1379840 3191.0
1379850 3191.0
1379860 3186.2
1379870 3181.2
1379880 3181.2
1379890 3176.7
1379900 3172.5
1379910 3165.9
1379920 3165.9
1379930 3156.1
1379940 3151.8
1379950 3151.8
1379960 3147.7
1379970 3143.8
1379980 3143.8
1379990 3139.8
