1360000 1898.1
1360010 1888.6
1360020 1880.9
1360030 1880.9
1360040 1877.2
1360050 1875.0
1360060 1871.8
1360070 1871.8
1360080 1869.6
1360090 1867.8
1360100 1867.8
1360110 1868.0
1360120 1862.3
1360130 1862.3
1360140 1857.7
1360150 1854.0
1360160 1854.0
1360170 1851.6
1360180 1850.7
1360190 1850.7
1360200 1851.6
1360210 1851.4
1360220 1851.4
1360230 1849.7
1360240 1849.4
1360250 1849.4
1360260 1848.3
1360270 1847.0
1360280 1845.4
1360290 1845.4
1360300 1844.0
1360310 1841.5
1360320 1841.5
1360330 1838.0
1360340 1834.1
1360350 1834.1
1360360 1829.9
1360370 1826.2
1360380 1826.2
1360390 1823.2
1360400 1821.3
1360410 1821.3
1360420 1820.0
1360430 1817.6
1360440 1817.6
1360450 1816.2
1360460 1814.6
1360470 1814.6
1360480 1812.9
1360490 1811.7
1360500 1809.5
1360510 1809.5
1360520 1806.9
1360530 1804.5
1360540 1804.5
1360550 1802.2
1360560 1799.2
1360570 1799.2
1360580 1795.1
1360590 1792.3
1360600 1792.3
1360610 1789.6
1360620 1787.8
1360630 1787.8
1360640 1787.9
1360650 1788.1
1360660 1790.2
1360670 1791.0
1360680 1791.8
1360690 1791.8
1360700 1791.8
1360710 1792.2
1360720 1792.3
1360730 1792.3
1360740 1792.9
1360750 1792.7
1360760 1792.7
1360770 1793.2
1360780 1792.6
1360790 1792.6
1360800 1791.9
1360810 1792.0
1360820 1792.0
1360830 1792.6
1360840 1793.0
1360850 1793.0
1360860 1793.3
1360870 1793.4
1360880 1793.4
1360890 1793.7
1360900 1794.3
1360910 1794.3
1360920 1794.8
1360930 1795.2
1360940 1795.7
1360950 1795.7
1360960 1795.9
1360970 1796.1
1360980 1796.1
1360990 1796.4
1361000 1796.7
1361010 1796.7
1361020 1796.9
1361030 1797.0
1361040 1797.0
1361050 1796.7
1361060 1798.1
1361070 1798.1
1361080 1799.0
1361090 1799.6
1361100 1799.6
1361110 1799.9
1361120 1801.3
1361130 1801.3
1361140 1802.8
1361150 1804.0
1361160 1805.1
1361170 1805.1
1361180 1805.7
1361190 1807.5
1361200 1807.5
1361210 1809.5
1361220 1810.4
1361230 1810.4
1361240 1810.8
1361250 1812.5
1361260 1812.5
1361270 1814.0
1361280 1815.8
1361290 1815.8
1361300 1817.8
1361310 1818.8
1361320 1818.8
1361330 1821.1
1361340 1824.2
1361350 1824.2
1361360 1826.5
1361370 1828.6
1361380 1830.4
1361390 1830.4
1361400 1831.5
1361410 1833.3
1361420 1833.3
1361430 1836.3
1361440 1838.0
1361450 1838.0
1361460 1840.6
1361470 1843.7
1361480 1843.7
1361490 1847.0
1361500 1850.2
1361510 1850.2
1361520 1853.2
1361530 1856.4
1361540 1856.4
1361550 1859.8
1361560 1863.2
1361570 1863.2
1361580 1866.5
1361590 1869.5
1361600 1869.5
1361610 1872.8
1361620 1875.8
1361630 1878.6
1361640 1878.6
1361650 1881.4
1361660 1884.1
1361670 1884.1
1361680 1887.1
1361690 1886.8
1361700 1886.8
1361710 1890.3
1361720 1894.5
1361730 1894.5
1361740 1899.1
1361750 1903.8
1361760 1903.8
1361770 1908.5
1361780 1913.0
1361790 1913.0
1361800 1916.9
1361810 1920.8
1361820 1920.8
1361830 1926.1
1361840 1932.9
1361850 1940.1
1361860 1940.1
1361870 1945.3
1361880 1951.4
1361890 1951.4
1361900 1958.8
1361910 1965.5
1361920 1965.5
1361930 1973.7
1361940 1981.7
1361950 1981.7
1361960 1989.7
1361970 1999.1
1361980 1999.1
1361990 2008.2
1362000 2017.0
1362010 2017.0
1362020 2024.3
1362030 2029.0
1362040 2029.0
1362050 2028.0
1362060 2027.2
1362070 2031.5
1362080 2031.5
1362090 2043.9
1362100 2054.5
1362110 2054.5
1362120 2061.5
1362130 2068.4
1362140 2068.4
1362150 2073.1
1362160 2076.6
1362170 2076.6
1362180 2081.1
1362190 2089.2
1362200 2089.2
1362210 2097.2
1362220 2105.6
1362230 2105.6
1362240 2113.1
1362250 2120.0
1362260 2120.0
1362270 2126.2
1362280 2131.7
1362290 2131.7
1362300 2131.7
1362310 2125.3
1362320 2132.6
1362330 2132.6
1362340 2138.5
1362350 2143.2
1362360 2143.2
1362370 2152.2
1362380 2160.0
1362390 2160.0
1362400 2161.5
1362410 2161.0
1362420 2161.0
1362430 2161.5
1362440 2164.0
1362450 2164.0
1362460 2165.1
1362470 2165.1
1362480 2165.1
1362490 2167.6
1362500 2171.5
1362510 2174.9
1362520 2174.9
1362530 2178.3
1362540 2184.8
1362550 2184.8
1362560 2188.5
1362570 2190.5
1362580 2190.5
1362590 2193.8
1362600 2198.9
1362610 2198.9
1362620 2202.7
1362630 2205.8
1362640 2205.8
1362650 2215.0
1362660 2237.3
1362670 2237.3
1362680 2255.2
1362690 2272.9
1362700 2272.9
1362710 2288.0
1362720 2294.1
1362730 2296.1
1362740 2296.1
1362750 2296.8
1362760 2290.6
1362770 2290.6
1362780 2284.9
1362790 2288.6
1362800 2288.6
1362810 2296.9
1362820 2305.4
1362830 2305.4
1362840 2308.5
1362850 2307.4
1362860 2307.4
1362870 2304.9
1362880 2303.2
1362890 2303.2
1362900 2302.2
1362910 2302.4
1362920 2302.4
1362930 2303.1
1362940 2303.3
1362950 2302.9
1362960 2302.9
1362970 2303.3
1362980 2303.6
1362990 2303.6
1363000 2304.8
1363010 2305.8
1363020 2305.8
1363030 2307.4
1363040 2309.4
1363050 2309.4
1363060 2311.2
1363070 2312.6
1363080 2312.6
1363090 2314.0
1363100 2315.3
1363110 2315.3
1363120 2317.0
1363130 2319.1
1363140 2319.1
1363150 2323.5
1363160 2328.9
1363170 2334.6
1363180 2334.6
1363190 2339.8
1363200 2346.4
1363210 2346.4
1363220 2353.5
1363230 2359.4
1363240 2359.4
1363250 2364.2
1363260 2368.7
1363270 2368.7
1363280 2374.8
1363290 2382.3
1363300 2382.3
1363310 2389.4
1363320 2395.1
1363330 2395.1
1363340 2400.9
1363350 2404.4
1363360 2404.4
1363370 2406.2
1363380 2408.2
1363390 2412.3
1363400 2412.3
1363410 2415.5
1363420 2413.8
1363430 2413.8
1363440 2419.1
1363450 2425.5
1363460 2425.5
1363470 2429.9
1363480 2432.8
1363490 2432.8
1363500 2435.3
1363510 2438.0
1363520 2438.0
1363530 2441.0
1363540 2443.1
1363550 2443.1
1363560 2445.3
1363570 2448.3
1363580 2448.3
1363590 2450.4
1363600 2452.7
1363610 2455.2
1363620 2455.2
1363630 2455.9
1363640 2456.7
1363650 2456.7
1363660 2462.2
1363670 2468.9
1363680 2468.9
1363690 2474.4
1363700 2478.4
1363710 2478.4
1363720 2481.4
1363730 2484.8
1363740 2484.8
1363750 2487.9
1363760 2490.5
1363770 2488.3
1363780 2490.9
1363790 2494.0
1363800 2494.0
1363810 2496.0
1363820 2497.1
1363830 2497.7
1363840 2497.7
1363850 2496.8
1363860 2492.3
1363870 2492.3
1363880 2488.4
1363890 2486.5
1363900 2486.5
1363910 2487.0
1363920 2486.6
1363930 2486.6
1363940 2486.3
1363950 2487.4
1363960 2487.4
1363970 2489.4
1363980 2491.8
1363990 2491.8
1364000 2492.9
1364010 2495.0
1364020 2495.0
1364030 2494.1
1364040 2491.3
1364050 2490.4
1364060 2490.4
1364070 2486.3
1364080 2486.7
1364090 2486.7
1364100 2487.9
1364110 2489.5
1364120 2489.5
1364130 2490.7
1364140 2489.8
1364150 2489.8
1364160 2486.7
1364170 2474.5
1364180 2474.5
1364190 2473.7
1364200 2475.4
1364210 2475.4
1364220 2476.9
1364230 2479.7
1364240 2479.7
1364250 2473.3
1364260 2463.9
1364270 2461.5
1364280 2461.5
1364290 2462.2
1364300 2461.5
1364310 2461.5
1364320 2463.1
1364330 2463.2
1364340 2463.2
1364350 2462.9
1364360 2463.2
1364370 2463.2
1364380 2466.1
1364390 2467.5
1364400 2467.5
1364410 2471.6
1364420 2475.7
1364430 2475.7
1364440 2478.3
1364450 2478.2
1364460 2478.2
1364470 2478.0
1364480 2480.0
1364490 2483.2
1364500 2483.2
1364510 2484.7
1364520 2487.0
1364530 2487.0
1364540 2490.0
1364550 2495.4
1364560 2495.4
1364570 2502.0
1364580 2507.4
1364590 2507.4
1364600 2511.0
1364610 2515.0
1364620 2515.0
1364630 2519.0
1364640 2523.4
1364650 2523.4
1364660 2528.8
1364670 2534.6
1364680 2534.6
1364690 2540.9
1364700 2547.4
1364710 2552.1
1364720 2552.1
1364730 2556.8
1364740 2561.8
1364750 2561.8
1364760 2566.3
1364770 2570.8
1364780 2570.8
1364790 2573.9
1364800 2577.6
1364810 2577.6
1364820 2581.3
1364830 2594.4
1364840 2594.4
1364850 2599.9
1364860 2603.9
1364870 2603.9
1364880 2608.6
1364890 2612.5
1364900 2612.5
1364910 2617.7
1364920 2623.5
1364930 2628.2
1364940 2628.2
1364950 2632.9
1364960 2636.3
1364970 2636.3
1364980 2640.0
1364990 2643.2
1365000 2643.2
1365010 2648.5
1365020 2651.4
1365030 2651.4
1365040 2656.8
1365050 2661.8
1365060 2661.8
1365070 2667.4
1365080 2671.8
1365090 2671.8
1365100 2675.2
1365110 2677.0
1365120 2677.0
1365130 2678.9
1365140 2680.3
1365150 2681.3
1365160 2681.3
1365170 2683.8
1365180 2685.7
1365190 2685.7
1365200 2688.1
1365210 2691.9
1365220 2691.9
1365230 2696.6
1365240 2703.3
1365250 2703.3
1365260 2709.9
1365270 2715.7
1365280 2715.7
1365290 2720.2
1365300 2723.7
1365310 2723.7
1365320 2725.8
1365330 2727.9
1365340 2727.9
1365350 2729.4
1365360 2731.1
1365370 2731.1
1365380 2732.5
1365390 2734.5
1365400 2736.8
1365410 2736.8
1365420 2738.0
1365430 2741.0
1365440 2741.0
1365450 2743.7
1365460 2745.9
1365470 2745.9
1365480 2747.6
1365490 2749.5
1365500 2749.5
1365510 2752.1
1365520 2754.5
1365530 2754.5
1365540 2756.0
1365550 2757.3
1365560 2757.3
1365570 2759.8
1365580 2762.3
1365590 2762.3
1365600 2762.8
1365610 2762.2
1365620 2762.9
1365630 2762.9
1365640 2764.9
1365650 2766.6
1365660 2766.6
1365670 2768.3
1365680 2768.1
1365690 2768.1
1365700 2768.2
1365710 2768.3
1365720 2768.3
1365730 2768.8
1365740 2769.5
1365750 2769.5
1365760 2772.3
1365770 2775.3
1365780 2775.3
1365790 2778.6
1365800 2783.2
1365810 2783.2
1365820 2787.2
1365830 2790.5
1365840 2794.9
1365850 2794.9
1365860 2801.5
1365870 2805.5
1365880 2805.5
1365890 2804.8
1365900 2807.9
1365910 2807.9
1365920 2810.4
1365930 2813.1
1365940 2813.1
1365950 2816.0
1365960 2818.3
1365970 2818.3
1365980 2820.1
1365990 2823.3
1366000 2823.3
1366010 2826.3
1366020 2829.8
1366030 2829.8
1366040 2833.4
1366050 2837.5
1366060 2844.8
1366070 2844.8
1366080 2851.9
1366090 2864.1
1366100 2864.1
1366110 2876.0
1366120 2885.9
1366130 2885.9
1366140 2892.6
1366150 2900.7
1366160 2900.7
1366170 2926.1
1366180 2942.8
1366190 2942.8
1366200 2949.1
1366210 2958.3
1366220 2958.3
1366230 2966.5
1366240 2963.8
1366250 2963.8
1366260 2957.3
1366270 2953.6
1366280 2953.1
1366290 2953.1
1366300 2951.3
1366310 2949.3
1366320 2949.3
1366330 2947.6
1366340 2946.6
1366350 2946.6
1366360 2945.8
1366370 2945.2
1366380 2945.2
1366390 2944.8
1366400 2944.8
1366410 2944.8
1366420 2945.1
1366430 2946.7
1366440 2946.7
1366450 2951.4
1366460 2959.2
1366470 2959.2
1366480 2970.6
1366490 2978.9
1366500 2983.4
1366510 2983.4
1366520 2976.9
1366530 2967.8
1366540 2967.8
1366550 2957.9
1366560 2947.7
1366570 2947.7
1366580 2941.2
1366590 2937.7
1366600 2937.7
1366610 2934.8
1366620 2932.4
1366630 2932.4
1366640 2929.9
1366650 2928.0
1366660 2928.0
1366670 2926.8
1366680 2925.2
1366690 2925.2
1366700 2923.3
1366710 2922.8
1366720 2921.6
1366730 2921.6
1366740 2919.7
1366750 2917.2
1366760 2917.2
1366770 2913.2
1366780 2909.9
1366790 2909.9
1366800 2907.6
1366810 2905.4
1366820 2905.4
1366830 2902.7
1366840 2899.4
1366850 2899.4
1366860 2895.7
1366870 2891.9
1366880 2891.9
1366890 2888.5
1366900 2885.8
1366910 2885.8
1366920 2883.5
1366930 2881.7
1366940 2879.8
1366950 2879.8
1366960 2881.4
1366970 2879.3
1366980 2879.3
1366990 2877.7
1367000 2876.2
1367010 2876.2
1367020 2875.0
1367030 2874.1
1367040 2874.1
1367050 2873.9
1367060 2873.9
1367070 2873.9
1367080 2874.1
1367090 2874.7
1367100 2874.7
1367110 2875.6
1367120 2876.8
1367130 2876.8
1367140 2878.1
1367150 2879.5
1367160 2881.0
1367170 2881.0
1367180 2882.7
1367190 2884.4
1367200 2884.4
1367210 2886.3
1367220 2888.2
1367230 2888.2
1367240 2890.2
1367250 2892.0
1367260 2892.0
1367270 2893.9
1367280 2895.9
1367290 2895.9
1367300 2897.9
1367310 2900.0
1367320 2900.0
1367330 2902.2
1367340 2904.6
1367350 2904.6
1367360 2907.1
1367370 2909.7
1367380 2912.5
1367390 2912.5
1367400 2915.3
1367410 2918.0
1367420 2918.0
1367430 2920.9
1367440 2923.6
1367450 2923.6
1367460 2926.7
1367470 2929.5
1367480 2929.5
1367490 2932.3
1367500 2935.6
1367510 2935.6
1367520 2938.8
1367530 2941.9
1367540 2941.9
1367550 2945.4
1367560 2947.8
1367570 2947.8
1367580 2952.8
1367590 2956.7
1367600 2960.2
1367610 2960.2
1367620 2965.3
1367630 2969.7
1367640 2969.7
1367650 2974.4
1367660 2978.9
1367670 2978.9
1367680 2982.9
1367690 2987.2
1367700 2987.2
1367710 2991.3
1367720 2995.2
1367730 2995.2
1367740 2997.5
1367750 3001.8
1367760 3001.8
1367770 3004.5
1367780 3006.3
1367790 3006.3
1367800 3007.7
1367810 3004.5
1367820 2995.2
1367830 2995.2
1367840 2986.8
1367850 2979.7
1367860 2979.7
1367870 2976.1
1367880 2972.9
1367890 2972.9
1367900 2970.7
1367910 2968.7
1367920 2968.7
1367930 2966.8
1367940 2965.3
1367950 2965.3
1367960 2963.9
1367970 2962.4
1367980 2962.4
1367990 2961.0
1368000 2960.2
1368010 2960.2
1368020 2959.5
1368030 2958.9
1368040 2962.5
1368050 2962.5
1368060 2961.5
1368070 2960.3
1368080 2960.3
1368090 2958.8
1368100 2957.5
1368110 2957.5
1368120 2955.9
1368130 2954.3
1368140 2954.3
1368150 2951.9
1368160 2948.3
1368170 2948.3
1368180 2946.1
1368190 2945.0
1368200 2945.0
1368210 2943.3
1368220 2941.4
1368230 2941.4
1368240 2939.3
1368250 2937.1
1368260 2935.0
1368270 2935.0
1368280 2933.0
1368290 2930.9
1368300 2930.9
1368310 2928.6
1368320 2926.1
1368330 2926.1
1368340 2921.7
1368350 2918.0
1368360 2918.0
1368370 2918.3
1368380 2918.1
1368390 2918.1
1368400 2917.3
1368410 2916.1
1368420 2916.1
1368430 2915.1
1368440 2913.2
1368450 2913.2
1368460 2911.1
1368470 2909.3
1368480 2909.0
1368490 2909.0
1368500 2909.5
1368510 2909.9
1368520 2909.9
1368530 2910.7
1368540 2911.4
1368550 2911.4
1368560 2912.0
1368570 2912.3
1368580 2912.3
1368590 2912.6
1368600 2912.9
1368610 2912.9
1368620 2912.5
1368630 2912.7
1368640 2912.7
1368650 2912.4
1368660 2911.0
1368670 2911.0
1368680 2910.0
1368690 2908.1
1368700 2905.6
1368710 2905.6
1368720 2903.2
1368730 2903.3
1368740 2903.3
1368750 2903.3
1368760 2900.8
1368770 2900.8
1368780 2899.4
1368790 2896.8
1368800 2896.8
1368810 2894.3
1368820 2891.8
1368830 2891.8
1368840 2890.3
1368850 2887.1
1368860 2887.1
1368870 2884.8
1368880 2884.7
1368890 2884.7
1368900 2883.5
1368910 2880.4
1368920 2878.8
1368930 2878.8
1368940 2878.0
1368950 2876.8
1368960 2876.8
1368970 2875.2
1368980 2873.3
1368990 2873.3
1369000 2871.4
1369010 2869.2
1369020 2869.2
1369030 2866.9
1369040 2864.3
1369050 2864.3
1369060 2862.3
1369070 2860.5
1369080 2860.5
1369090 2858.5
1369100 2856.7
1369110 2856.7
1369120 2854.9
1369130 2853.3
1369140 2856.0
1369150 2856.0
1369160 2854.5
1369170 2853.3
1369180 2853.3
1369190 2852.4
1369200 2851.6
1369210 2851.6
1369220 2850.8
1369230 2850.2
1369240 2850.2
1369250 2849.5
1369260 2848.8
1369270 2848.8
1369280 2848.1
1369290 2847.2
1369300 2847.2
1369310 2846.3
1369320 2845.4
1369330 2845.4
1369340 2844.6
1369350 2843.9
1369360 2843.9
1369370 2843.2
1369380 2842.6
1369390 2842.2
1369400 2842.2
1369410 2842.0
1369420 2841.8
1369430 2841.8
1369440 2841.6
1369450 2841.3
1369460 2841.3
1369470 2841.2
1369480 2841.3
1369490 2841.3
1369500 2841.6
1369510 2842.1
1369520 2842.1
1369530 2842.7
1369540 2843.4
1369550 2843.4
1369560 2844.5
1369570 2845.6
1369580 2845.6
1369590 2846.8
1369600 2848.4
1369610 2850.1
1369620 2850.1
1369630 2851.9
1369640 2853.6
1369650 2853.6
1369660 2855.3
1369670 2857.2
1369680 2857.2
1369690 2859.2
1369700 2861.3
1369710 2861.3
1369720 2863.4
1369730 2865.6
1369740 2865.6
1369750 2867.8
1369760 2870.0
1369770 2870.0
1369780 2872.6
1369790 2875.5
1369800 2875.5
1369810 2878.6
1369820 2881.9
1369830 2885.2
1369840 2885.2
1369850 2888.6
1369860 2892.1
1369870 2892.1
1369880 2895.9
1369890 2900.1
1369900 2900.1
1369910 2904.7
1369920 2909.9
1369930 2909.9
1369940 2915.2
1369950 2921.0
1369960 2921.0
1369970 2927.0
1369980 2932.3
1369990 2932.3
1370000 2936.8
1370010 2941.7
1370020 2941.7
1370030 2946.7
1370040 2954.6
1370050 2966.7
1370060 2966.7
1370070 2983.5
1370080 2995.0
1370090 2995.0
1370100 2990.2
1370110 2986.7
1370120 2986.7
1370130 2986.0
1370140 2985.4
1370150 2985.4
1370160 2984.9
1370170 2984.5
1370180 2984.5
1370190 2984.1
1370200 2983.6
1370210 2983.6
1370220 2983.0
1370230 2982.6
1370240 2987.9
1370250 2987.2
1370260 2986.3
1370270 2985.1
1370280 2985.1
1370290 2984.4
1370300 2983.5
1370310 2983.5
1370320 2983.1
1370330 2982.9
1370340 2982.9
1370350 2982.6
1370360 2982.6
1370370 2982.6
1370380 2982.6
1370390 2986.9
1370400 2986.9
1370410 2986.9
1370420 2986.7
1370430 2986.7
1370440 2986.4
1370450 2986.4
1370460 2986.4
1370470 2986.4
1370480 2986.3
1370490 2986.3
1370500 2986.3
1370510 2986.3
1370520 2986.4
1370530 2986.4
1370540 2986.9
1370550 2988.0
1370560 2988.0
1370570 2990.5
1370580 2995.9
1370590 2995.9
1370600 3002.5
1370610 3004.7
1370620 3004.7
1370630 2999.6
1370640 2993.3
1370650 2993.3
1370660 2985.3
1370670 2975.8
1370680 2975.8
1370690 2964.8
1370700 2953.4
1370710 2941.6
1370720 2941.6
1370730 2936.0
1370740 2931.1
1370750 2931.1
1370760 2926.8
1370770 2924.2
1370780 2924.2
1370790 2922.3
1370800 2919.6
1370810 2919.6
1370820 2919.2
1370830 2920.4
1370840 2920.4
1370850 2922.1
1370860 2923.7
1370870 2923.7
1370880 2923.7
1370890 2922.1
1370900 2922.1
1370910 2918.7
1370920 2914.1
1370930 2909.1
1370940 2909.1
1370950 2903.8
1370960 2898.2
1370970 2898.2
1370980 2892.6
1370990 2887.3
1371000 2887.3
1371010 2882.0
1371020 2876.8
1371030 2876.8
1371040 2871.4
1371050 2866.1
1371060 2866.1
1371070 2860.9
1371080 2855.9
1371090 2855.9
1371100 2851.1
1371110 2846.4
1371120 2846.4
1371130 2841.5
1371140 2836.4
1371150 2830.9
1371160 2830.9
1371170 2824.9
1371180 2818.5
1371190 2818.5
1371200 2812.2
1371210 2805.8
1371220 2805.8
1371230 2799.4
1371240 2793.4
1371250 2793.4
1371260 2787.9
1371270 2783.3
1371280 2783.3
1371290 2778.8
1371300 2774.6
1371310 2774.6
1371320 2771.4
1371330 2768.0
1371340 2768.0
1371350 2763.3
1371360 2759.9
1371370 2758.2
1371380 2758.2
1371390 2757.4
1371400 2755.2
1371410 2755.2
1371420 2754.5
1371430 2754.5
1371440 2754.5
1371450 2754.7
1371460 2754.7
1371470 2754.7
1371480 2754.6
1371490 2753.2
1371500 2753.2
1371510 2751.2
1371520 2750.2
1371530 2750.2
1371540 2749.3
1371550 2744.8
1371560 2744.8
1371570 2739.0
1371580 2732.5
1371590 2727.3
1371600 2727.3
1371610 2718.8
1371620 2712.3
1371630 2712.3
1371640 2707.8
1371650 2703.9
1371660 2703.9
1371670 2701.2
1371680 2699.4
1371690 2699.4
1371700 2699.0
1371710 2699.1
1371720 2699.1
1371730 2699.1
1371740 2699.0
1371750 2699.0
1371760 2699.9
1371770 2700.0
1371780 2700.0
1371790 2699.3
1371800 2697.1
1371810 2696.4
1371820 2696.4
1371830 2696.0
1371840 2694.1
1371850 2694.1
1371860 2692.2
1371870 2692.7
1371880 2692.7
1371890 2692.4
1371900 2691.6
1371910 2691.6
1371920 2690.4
1371930 2689.0
1371940 2689.0
1371950 2686.6
1371960 2683.6
1371970 2683.6
1371980 2681.6
1371990 2678.6
1372000 2678.6
1372010 2672.8
1372020 2664.5
1372030 2655.7
1372040 2655.7
1372050 2647.6
1372060 2643.3
1372070 2643.3
1372080 2638.3
1372090 2633.5
1372100 2633.5
1372110 2629.6
1372120 2627.2
1372130 2627.2
1372140 2627.5
1372150 2628.4
1372160 2628.4
1372170 2627.4
1372180 2625.9
1372190 2625.9
1372200 2623.8
1372210 2619.7
1372220 2619.7
1372230 2615.8
1372240 2612.9
1372250 2608.8
1372260 2608.8
1372270 2605.4
1372280 2602.6
1372290 2602.6
1372300 2599.5
1372310 2595.4
1372320 2595.4
1372330 2590.2
1372340 2587.5
1372350 2587.5
1372360 2588.9
1372370 2591.0
1372380 2591.0
1372390 2592.7
1372400 2595.9
1372410 2595.9
1372420 2598.4
1372430 2597.1
1372440 2597.1
1372450 2595.0
1372460 2592.6
1372470 2589.8
1372480 2587.0
1372490 2585.5
1372500 2586.0
1372510 2586.0
1372520 2588.6
1372530 2589.9
1372540 2589.9
1372550 2590.8
1372560 2593.2
1372570 2593.2
1372580 2595.4
1372590 2596.7
1372600 2596.7
1372610 2598.0
1372620 2600.0
1372630 2600.0
1372640 2601.3
1372650 2601.2
1372660 2601.2
1372670 2602.7
1372680 2604.1
1372690 2605.8
1372700 2605.8
1372710 2606.5
1372720 2606.6
1372730 2606.6
1372740 2606.3
1372750 2606.0
1372760 2606.0
1372770 2607.4
1372780 2607.7
1372790 2607.7
1372800 2610.9
1372810 2616.2
1372820 2616.2
1372830 2620.4
1372840 2624.5
1372850 2624.5
1372860 2628.5
1372870 2631.9
1372880 2631.9
1372890 2635.8
1372900 2639.1
1372910 2641.7
1372920 2641.7
1372930 2644.9
1372940 2648.4
1372950 2648.4
1372960 2663.1
1372970 2675.4
1372980 2675.4
1372990 2686.4
1373000 2701.9
1373010 2701.9
1373020 2715.4
1373030 2721.4
1373040 2721.4
1373050 2724.2
1373060 2724.4
1373070 2724.4
1373080 2722.8
1373090 2725.7
1373100 2725.7
1373110 2736.1
1373120 2743.2
1373130 2743.2
1373140 2750.4
1373150 2754.9
1373160 2760.8
1373170 2760.8
1373180 2772.0
1373190 2787.0
1373200 2787.0
1373210 2798.5
1373220 2807.7
1373230 2807.7
1373240 2814.9
1373250 2819.2
1373260 2819.2
1373270 2821.8
1373280 2822.6
1373290 2822.6
1373300 2821.8
1373310 2822.6
1373320 2822.6
1373330 2826.5
1373340 2831.9
1373350 2831.9
1373360 2838.0
1373370 2845.7
1373380 2853.9
1373390 2853.9
1373400 2860.9
1373410 2866.6
1373420 2866.6
1373430 2872.4
1373440 2879.0
1373450 2879.0
1373460 2885.8
1373470 2892.1
1373480 2892.1
1373490 2898.0
1373500 2903.3
1373510 2903.3
1373520 2907.8
1373530 2911.7
1373540 2911.7
1373550 2915.7
1373560 2920.3
1373570 2920.3
1373580 2925.3
1373590 2931.0
1373600 2937.7
1373610 2937.7
1373620 2942.2
1373630 2947.1
1373640 2947.1
1373650 2951.6
1373660 2955.6
1373670 2955.6
1373680 2959.6
1373690 2964.7
1373700 2964.7
1373710 2970.5
1373720 2976.1
1373730 2976.1
1373740 2981.3
1373750 2986.1
1373760 2986.1
1373770 2990.6
1373780 2995.3
1373790 2995.3
1373800 3000.0
1373810 3004.5
1373820 3008.6
1373830 3008.6
1373840 3012.7
1373850 3016.6
1373860 3016.6
1373870 3020.3
1373880 3024.2
1373890 3024.2
1373900 3028.5
1373910 3033.0
1373920 3033.0
1373930 3037.5
1373940 3042.2
1373950 3042.2
1373960 3047.3
1373970 3052.7
1373980 3052.7
1373990 3057.9
1374000 3062.9
1374010 3062.9
1374020 3067.7
1374030 3072.6
1374040 3077.4
1374050 3077.4
1374060 3082.1
1374070 3087.4
1374080 3087.4
1374090 3092.0
1374100 3096.5
1374110 3096.5
1374120 3101.1
1374130 3105.6
1374140 3105.6
1374150 3110.0
1374160 3114.2
1374170 3114.2
1374180 3117.7
1374190 3122.7
1374200 3122.7
1374210 3126.9
1374220 3131.1
1374230 3131.1
1374240 3135.2
1374250 3139.3
1374260 3143.2
1374270 3143.2
1374280 3147.1
1374290 3150.8
1374300 3150.8
1374310 3154.7
1374320 3158.6
1374330 3158.6
1374340 3162.0
1374350 3165.1
1374360 3165.1
1374370 3168.6
1374380 3172.6
1374390 3172.6
1374400 3176.3
1374410 3182.1
1374420 3182.1
1374430 3194.6
1374440 3205.7
1374450 3205.7
1374460 3216.5
1374470 3224.4
1374480 3218.7
1374490 3218.7
1374500 3209.2
1374510 3202.5
1374520 3202.5
1374530 3198.4
1374540 3196.4
1374550 3196.4
1374560 3196.2
1374570 3196.2
1374580 3196.2
1374590 3197.8
1374600 3200.4
1374610 3200.4
1374620 3204.0
1374630 3208.3
1374640 3208.3
1374650 3212.3
1374660 3213.1
1374670 3213.1
1374680 3212.2
1374690 3210.5
1374700 3208.7
1374710 3208.7
1374720 3206.8
1374730 3205.1
1374740 3205.1
1374750 3203.5
1374760 3199.0
1374770 3199.0
1374780 3197.8
1374790 3196.7
1374800 3196.7
1374810 3195.9
1374820 3195.2
1374830 3195.2
1374840 3194.6
1374850 3194.3
1374860 3194.3
1374870 3194.2
1374880 3194.3
1374890 3194.3
1374900 3194.6
1374910 3195.1
1374920 3195.5
1374930 3195.5
1374940 3196.1
1374950 3196.7
1374960 3196.7
1374970 3197.5
1374980 3198.3
1374990 3198.3
1375000 3199.1
1375010 3200.0
1375020 3200.0
1375030 3201.1
1375040 3202.4
1375050 3202.4
1375060 3204.0
1375070 3205.8
1375080 3205.8
1375090 3207.9
1375100 3209.9
1375110 3209.9
1375120 3211.9
1375130 3214.0
1375140 3216.0
1375150 3216.0
1375160 3218.0
1375170 3220.0
1375180 3220.0
1375190 3222.0
1375200 3224.0
1375210 3224.0
1375220 3225.9
1375230 3227.9
1375240 3227.9
1375250 3230.0
1375260 3231.7
1375270 3231.7
1375280 3233.4
1375290 3234.6
1375300 3234.6
1375310 3235.7
1375320 3236.8
1375330 3236.8
1375340 3236.8
1375350 3234.3
1375360 3238.0
1375370 3238.0
1375380 3239.1
1375390 3239.2
1375400 3239.2
1375410 3240.5
1375420 3240.8
1375430 3240.8
1375440 3240.6
1375450 3240.2
1375460 3240.2
1375470 3239.7
1375480 3239.4
1375490 3239.4
1375500 3239.3
1375510 3239.4
1375520 3239.4
1375530 3239.4
1375540 3239.3
1375550 3239.3
1375560 3239.1
1375570 3238.8
1375580 3238.4
1375590 3238.4
1375600 3237.9
1375610 3237.4
1375620 3237.4
1375630 3236.8
1375640 3236.3
1375650 3236.3
1375660 3235.8
1375670 3235.3
1375680 3235.3
1375690 3234.7
1375700 3234.2
1375710 3234.2
1375720 3233.6
1375730 3232.9
1375740 3232.9
1375750 3232.3
1375760 3231.7
1375770 3231.7
1375780 3231.1
1375790 3230.4
1375800 3229.6
1375810 3229.6
1375820 3228.8
1375830 3228.0
1375840 3228.0
1375850 3227.3
1375860 3226.8
1375870 3226.8
1375880 3226.5
1375890 3226.2
1375900 3226.2
1375910 3226.0
1375920 3222.5
1375930 3222.5
1375940 3222.7
1375950 3223.0
1375960 3223.0
1375970 3223.1
1375980 3223.3
1375990 3223.3
1376000 3225.7
1376010 3234.3
1376020 3243.6
1376030 3243.6
1376040 3247.9
1376050 3251.7
1376060 3251.7
1376070 3251.5
1376080 3250.3
1376090 3250.3
1376100 3251.6
1376110 3254.7
1376120 3254.7
1376130 3257.3
1376140 3258.2
1376150 3258.2
1376160 3258.5
1376170 3258.8
1376180 3258.8
1376190 3259.2
1376200 3259.0
1376210 3259.0
1376220 3258.9
1376230 3258.8
1376240 3258.5
1376250 3258.5
1376260 3258.7
1376270 3258.8
1376280 3258.8
1376290 3258.2
1376300 3258.4
1376310 3258.4
1376320 3259.3
1376330 3259.8
1376340 3259.8
1376350 3260.4
1376360 3261.3
1376370 3261.3
1376380 3262.6
1376390 3264.0
1376400 3264.0
1376410 3265.4
1376420 3266.3
1376430 3266.3
1376440 3267.3
1376450 3268.2
1376460 3269.1
1376470 3269.1
1376480 3270.5
1376490 3272.4
1376500 3272.4
1376510 3274.7
1376520 3277.1
1376530 3277.1
1376540 3279.3
1376550 3281.4
1376560 3281.4
1376570 3283.3
1376580 3285.2
1376590 3285.2
1376600 3286.9
1376610 3288.6
1376620 3288.6
1376630 3290.0
1376640 3291.5
1376650 3291.5
1376660 3292.9
1376670 3294.3
1376680 3295.8
1376690 3295.8
1376700 3297.4
1376710 3298.9
1376720 3298.9
1376730 3300.4
1376740 3301.7
1376750 3301.7
1376760 3303.0
1376770 3304.8
1376780 3304.8
1376790 3306.3
1376800 3307.6
1376810 3307.6
1376820 3308.7
1376830 3309.9
1376840 3309.9
1376850 3311.3
1376860 3312.9
1376870 3312.9
1376880 3314.7
1376890 3316.5
1376900 3318.5
1376910 3318.5
1376920 3320.7
1376930 3323.1
1376940 3323.1
1376950 3325.7
1376960 3328.4
1376970 3328.4
1376980 3331.2
1376990 3334.3
1377000 3334.3
1377010 3337.6
1377020 3340.7
1377030 3340.7
1377040 3343.7
1377050 3346.6
1377060 3346.6
1377070 3349.6
1377080 3352.2
1377090 3352.2
1377100 3354.2
1377110 3356.6
1377120 3356.6
1377130 3358.7
1377140 3360.7
1377150 3362.5
1377160 3362.5
1377170 3364.1
1377180 3365.7
1377190 3365.7
1377200 3367.0
1377210 3368.3
1377220 3368.3
1377230 3369.4
1377240 3370.4
1377250 3370.4
1377260 3371.5
1377270 3372.5
1377280 3372.5
1377290 3373.4
1377300 3374.3
1377310 3374.3
1377320 3375.2
1377330 3376.1
1377340 3376.1
1377350 3377.0
1377360 3377.9
1377370 3378.8
1377380 3378.8
1377390 3379.7
1377400 3380.6
1377410 3380.6
1377420 3381.6
1377430 3382.7
1377440 3382.7
1377450 3383.8
1377460 3385.0
1377470 3385.0
1377480 3386.2
1377490 3387.5
1377500 3387.5
1377510 3388.9
1377520 3390.4
1377530 3390.4
1377540 3392.0
1377550 3393.5
1377560 3393.5
1377570 3394.8
1377580 3395.9
1377590 3397.2
1377600 3397.2
1377610 3398.5
1377620 3399.5
1377630 3399.5
1377640 3400.5
1377650 3401.4
1377660 3401.4
1377670 3402.4
1377680 3403.4
1377690 3403.4
1377700 3404.4
1377710 3405.1
1377720 3405.1
1377730 3405.4
1377740 3405.5
1377750 3405.5
1377760 3405.6
1377770 3405.5
1377780 3405.5
1377790 3405.2
1377800 3404.7
1377810 3404.2
1377820 3404.2
1377830 3403.5
1377840 3402.6
1377850 3402.6
1377860 3401.7
1377870 3400.6
1377880 3400.6
1377890 3399.5
1377900 3398.3
1377910 3398.3
1377920 3396.9
1377930 3395.3
1377940 3395.3
1377950 3393.7
1377960 3392.0
1377970 3392.0
1377980 3390.2
1377990 3388.3
1378000 3388.3
1378010 3386.6
1378020 3385.1
1378030 3384.0
1378040 3384.0
1378050 3382.9
1378060 3379.2
1378070 3379.2
1378080 3375.1
1378090 3369.6
1378100 3369.6
1378110 3364.2
1378120 3359.9
1378130 3359.9
1378140 3355.6
1378150 3351.0
1378160 3351.0
1378170 3346.5
1378180 3342.3
1378190 3342.3
1378200 3338.4
1378210 3334.5
1378220 3334.5
1378230 3330.8
1378240 3327.3
1378250 3323.8
1378260 3323.8
1378270 3320.3
1378280 3316.9
1378290 3316.9
1378300 3313.4
1378310 3309.8
1378320 3309.8
1378330 3305.1
1378340 3301.9
1378350 3301.9
1378360 3299.2
1378370 3295.9
1378380 3295.9
1378390 3292.4
1378400 3288.9
1378410 3288.9
1378420 3284.9
1378430 3282.3
1378440 3282.3
1378450 3278.9
1378460 3275.6
1378470 3272.4
1378480 3272.4
1378490 3269.0
1378500 3265.4
1378510 3265.4
1378520 3262.1
1378530 3258.4
1378540 3258.4
1378550 3254.3
1378560 3250.2
1378570 3250.2
1378580 3246.2
1378590 3242.6
1378600 3242.6
1378610 3239.4
1378620 3236.4
1378630 3236.4
1378640 3233.5
1378650 3230.5
1378660 3230.5
1378670 3227.3
1378680 3224.2
1378690 3221.1
1378700 3221.1
1378710 3217.9
1378720 3214.9
1378730 3214.9
1378740 3211.8
1378750 3208.6
1378760 3208.6
1378770 3205.3
1378780 3202.3
1378790 3202.3
1378800 3199.2
1378810 3196.3
1378820 3196.3
1378830 3193.4
1378840 3190.5
1378850 3190.5
1378860 3187.7
1378870 3185.1
1378880 3185.1
1378890 3182.8
1378900 3181.0
1378910 3179.0
1378920 3179.0
1378930 3177.4
1378940 3175.7
1378950 3175.7
1378960 3174.4
1378970 3173.1
1378980 3173.1
1378990 3172.0
1379000 3170.9
1379010 3170.9
1379020 3169.8
1379030 3168.7
1379040 3168.7
1379050 3167.8
1379060 3167.2
1379070 3167.2
1379080 3166.6
1379090 3166.0
1379100 3166.0
1379110 3165.4
1379120 3164.9
1379130 3164.8
1379140 3164.8
1379150 3164.5
1379160 3164.2
1379170 3164.2
1379180 3164.1
1379190 3163.9
1379200 3163.9
1379210 3163.5
1379220 3162.9
1379230 3162.9
1379240 3161.8
1379250 3160.1
1379260 3160.1
1379270 3159.0
1379280 3160.4
1379290 3160.4
1379300 3158.5
1379310 3156.8
1379320 3156.8
1379330 3156.1
1379340 3155.5
1379350 3154.4
1379360 3154.4
1379370 3152.5
1379380 3150.7
1379390 3150.7
1379400 3149.6
1379410 3147.7
1379420 3147.7
1379430 3145.6
1379440 3143.2
1379450 3143.2
1379460 3140.0
1379470 3137.9
1379480 3138.0
1379490 3135.0
1379500 3131.2
1379510 3131.2
1379520 3125.9
1379530 3123.2
1379540 3123.2
1379550 3120.1
1379560 3110.2
1379570 3107.8
1379580 3107.8
1379590 3103.3
1379600 3098.1
1379610 3098.1
1379620 3090.7
1379630 3084.8
1379640 3084.8
1379650 3079.5
1379660 3074.5
1379670 3074.5
1379680 3069.6
1379690 3063.7
1379700 3063.7
1379710 3060.9
1379720 3056.2
1379730 3056.2
1379740 3051.2
1379750 3045.4
1379760 3045.4
1379770 3039.6
1379780 3034.2
1379790 3029.1
1379800 3029.1
1379810 3023.8
1379820 3016.6
1379830 3016.6
1379840 3013.2
1379850 3008.7
1379860 3008.7
1379870 2972.4
1379880 2953.3
1379890 2953.3
1379900 2939.9
1379910 2928.7
1379920 2928.7
1379930 2920.7
1379940 2915.2
1379950 2915.2
1379960 2909.1
1379970 2901.4
1379980 2901.4
1379990 2893.2
