1360000 2418.4
1360010 2424.3
1360020 2424.3
1360030 2429.8
1360040 2433.9
1360050 2438.2
1360060 2438.2
1360070 2442.6
1360080 2446.3
1360090 2446.3
1360100 2450.8
1360110 2455.7
1360120 2455.7
1360130 2460.2
1360140 2467.6
1360150 2467.6
1360160 2474.8
1360170 2481.5
1360180 2481.5
1360190 2485.8
1360200 2489.3
1360210 2489.3
1360220 2493.0
1360230 2496.2
1360240 2496.2
1360250 2499.3
1360260 2503.1
1360270 2503.1
1360280 2507.3
1360290 2510.5
1360300 2513.5
1360310 2513.5
1360320 2515.4
1360330 2522.8
1360340 2522.8
1360350 2533.9
1360360 2546.0
1360370 2546.0
1360380 2559.3
1360390 2563.0
1360400 2563.0
1360410 2565.4
1360420 2562.3
1360430 2562.3
1360440 2560.2
1360450 2558.5
1360460 2558.5
1360470 2558.1
1360480 2560.7
1360490 2560.7
1360500 2559.7
1360510 2560.9
1360520 2566.9
1360530 2566.9
1360540 2569.3
1360550 2566.3
1360560 2566.3
1360570 2562.5
1360580 2560.6
1360590 2560.6
1360600 2562.7
1360610 2568.4
1360620 2568.4
1360630 2575.4
1360640 2578.8
1360650 2578.8
1360660 2584.2
1360670 2592.1
1360680 2592.1
1360690 2599.3
1360700 2601.9
1360710 2601.9
1360720 2603.1
1360730 2600.4
1360740 2594.4
1360750 2594.4
1360760 2594.9
1360770 2597.6
1360780 2597.6
1360790 2601.1
1360800 2602.8
1360810 2602.8
1360820 2603.9
1360830 2606.8
1360840 2606.8
1360850 2610.1
1360860 2612.7
1360870 2612.7
1360880 2615.2
1360890 2616.5
1360900 2616.5
1360910 2617.5
1360920 2619.4
1360930 2619.4
1360940 2622.3
1360950 2625.8
1360960 2630.0
1360970 2630.0
1360980 2634.4
1360990 2639.0
1361000 2639.0
1361010 2643.0
1361020 2646.5
1361030 2646.5
1361040 2649.6
1361050 2653.5
1361060 2653.5
1361070 2656.3
1361080 2660.1
1361090 2660.1
1361100 2664.2
1361110 2668.0
1361120 2668.0
1361130 2672.6
1361140 2677.1
1361150 2677.1
1361160 2682.1
1361170 2681.9
1361180 2686.0
1361190 2686.0
1361200 2690.2
1361210 2694.8
1361220 2694.8
1361230 2700.2
1361240 2706.1
1361250 2706.1
1361260 2711.8
1361270 2718.9
1361280 2718.9
1361290 2729.8
1361300 2741.8
1361310 2741.8
1361320 2753.4
1361330 2761.2
1361340 2761.2
1361350 2758.0
1361360 2750.8
1361370 2750.8
1361380 2744.1
1361390 2739.1
1361400 2735.4
1361410 2735.4
1361420 2734.1
1361430 2734.5
1361440 2734.5
1361450 2733.1
1361460 2732.1
1361470 2732.1
1361480 2730.0
1361490 2728.9
1361500 2728.9
1361510 2728.8
1361520 2729.2
1361530 2729.2
1361540 2730.0
1361550 2730.2
1361560 2730.2
1361570 2731.3
1361580 2732.9
1361590 2732.9
1361600 2735.3
1361610 2737.2
1361620 2737.2
1361630 2739.1
1361640 2742.0
1361650 2744.1
1361660 2744.1
1361670 2745.1
1361680 2746.7
1361690 2746.7
1361700 2748.5
1361710 2750.1
1361720 2750.1
1361730 2749.9
1361740 2749.3
1361750 2749.3
1361760 2748.6
1361770 2748.2
1361780 2748.2
1361790 2746.8
1361800 2745.4
1361810 2745.4
1361820 2744.7
1361830 2743.9
1361840 2743.9
1361850 2742.2
1361860 2741.1
1361870 2740.8
1361880 2740.8
1361890 2740.2
1361900 2739.9
1361910 2739.9
1361920 2739.3
1361930 2736.2
1361940 2736.2
1361950 2732.5
1361960 2729.7
1361970 2729.7
1361980 2727.7
1361990 2725.2
1362000 2725.2
1362010 2723.2
1362020 2724.7
1362030 2724.7
1362040 2725.4
1362050 2722.6
1362060 2722.6
1362070 2720.3
1362080 2718.5
1362090 2716.4
1362100 2716.4
1362110 2714.2
1362120 2711.7
1362130 2711.7
1362140 2709.6
1362150 2706.9
1362160 2706.9
1362170 2704.1
1362180 2703.5
1362190 2703.5
1362200 2699.1
1362210 2696.5
1362220 2696.5
1362230 2695.3
1362240 2694.1
1362250 2694.1
1362260 2693.9
1362270 2693.4
1362280 2693.4
1362290 2692.5
1362300 2691.4
1362310 2690.4
1362320 2690.4
1362330 2688.5
1362340 2686.5
1362350 2686.5
1362360 2686.5
1362370 2687.4
1362380 2687.4
1362390 2688.1
1362400 2688.1
1362410 2688.1
1362420 2689.4
1362430 2691.0
1362440 2691.0
1362450 2692.8
1362460 2695.0
1362470 2695.0
1362480 2697.3
1362490 2698.9
1362500 2698.9
1362510 2699.3
1362520 2698.7
1362530 2698.3
1362540 2698.3
1362550 2696.4
1362560 2692.5
1362570 2692.5
1362580 2688.4
1362590 2688.3
1362600 2688.3
1362610 2689.2
1362620 2690.1
1362630 2690.1
1362640 2691.9
1362650 2692.3
1362660 2692.3
1362670 2691.8
1362680 2691.3
1362690 2691.3
1362700 2691.9
1362710 2694.0
1362720 2694.0
1362730 2695.0
1362740 2694.9
1362750 2694.3
1362760 2694.3
1362770 2692.4
1362780 2691.6
1362790 2691.6
1362800 2692.8
1362810 2693.9
1362820 2693.9
1362830 2695.6
1362840 2696.8
1362850 2696.8
1362860 2697.1
1362870 2697.5
1362880 2697.5
1362890 2698.1
1362900 2698.5
1362910 2698.5
1362920 2697.8
1362930 2698.2
1362940 2698.2
1362950 2698.7
1362960 2700.8
1362970 2700.8
1362980 2701.8
1362990 2701.9
1363000 2701.8
1363010 2701.8
1363020 2702.1
1363030 2704.3
1363040 2704.3
1363050 2706.7
1363060 2709.0
1363070 2709.0
1363080 2712.7
1363090 2717.5
1363100 2717.5
1363110 2723.9
1363120 2731.1
1363130 2731.1
1363140 2736.8
1363150 2741.6
1363160 2741.6
1363170 2747.4
1363180 2756.1
1363190 2756.1
1363200 2771.3
1363210 2789.3
1363220 2789.9
1363230 2789.9
1363240 2774.1
1363250 2772.4
1363260 2772.4
1363270 2771.1
1363280 2771.3
1363290 2771.3
1363300 2771.2
1363310 2769.5
1363320 2769.5
1363330 2767.2
1363340 2763.4
1363350 2763.4
1363360 2761.4
1363370 2763.7
1363380 2763.7
1363390 2767.3
1363400 2770.9
1363410 2770.9
1363420 2773.4
1363430 2777.4
1363440 2782.9
1363450 2782.9
1363460 2789.4
1363470 2794.7
1363480 2794.7
1363490 2799.0
1363500 2802.7
1363510 2802.7
1363520 2806.5
1363530 2810.2
1363540 2810.2
1363550 2813.8
1363560 2816.9
1363570 2816.9
1363580 2817.9
1363590 2821.0
1363600 2821.0
1363610 2826.7
1363620 2835.4
1363630 2835.4
1363640 2843.6
1363650 2850.3
1363660 2856.3
1363670 2856.3
1363680 2860.2
1363690 2863.8
1363700 2863.8
1363710 2867.8
1363720 2870.6
1363730 2870.6
1363740 2874.6
1363750 2878.4
1363760 2878.4
1363770 2882.1
1363780 2884.6
1363790 2884.6
1363800 2886.8
1363810 2887.9
1363820 2887.9
1363830 2890.1
1363840 2893.5
1363850 2893.5
1363860 2895.2
1363870 2897.4
1363880 2900.1
1363890 2900.1
1363900 2903.1
1363910 2906.9
1363920 2906.9
1363930 2909.7
1363940 2911.9
1363950 2911.9
1363960 2914.8
1363970 2918.4
1363980 2918.4
1363990 2922.1
1364000 2925.9
1364010 2925.9
1364020 2930.7
1364030 2935.9
1364040 2935.9
1364050 2941.4
1364060 2947.3
1364070 2947.3
1364080 2953.8
1364090 2961.5
1364100 2973.4
1364110 2973.4
1364120 2990.2
1364130 3007.3
1364140 3007.3
1364150 3022.9
1364160 3024.0
1364170 3024.0
1364180 3018.6
1364190 3014.8
1364200 3014.8
1364210 3009.8
1364220 3008.6
1364230 3008.6
1364240 3010.1
1364250 3008.8
1364260 3008.8
1364270 3006.9
1364280 3006.9
1364290 3000.0
1364300 3001.4
1364310 3004.0
1364320 3004.0
1364330 3008.1
1364340 3012.8
1364350 3017.7
1364360 3017.7
1364370 3028.9
1364380 3047.3
1364390 3047.3
1364400 3063.0
1364410 3069.4
1364420 3069.4
1364430 3077.0
1364440 3086.0
1364450 3086.0
1364460 3098.4
1364470 3107.7
1364480 3107.7
1364490 3114.6
1364500 3119.5
1364510 3119.5
1364520 3123.8
1364530 3130.3
1364540 3130.3
1364550 3128.1
1364560 3121.3
1364570 3116.0
1364580 3116.0
1364590 3110.2
1364600 3104.1
1364610 3104.1
1364620 3097.6
1364630 3091.5
1364640 3091.5
1364650 3086.0
1364660 3073.3
1364670 3073.3
1364680 3059.2
1364690 3044.0
1364700 3044.0
1364710 3036.0
1364720 3030.0
1364730 3030.0
1364740 3024.9
1364750 3020.5
1364760 3020.5
1364770 3016.6
1364780 3013.1
1364790 3009.5
1364800 3009.5
1364810 3005.7
1364820 3001.6
1364830 3001.6
1364840 2996.6
1364850 2990.9
1364860 2990.9
1364870 2984.7
1364880 2978.6
1364890 2978.6
1364900 2972.8
1364910 2967.4
1364920 2967.4
1364930 2962.1
1364940 2956.1
1364950 2956.1
1364960 2949.8
1364970 2943.1
1364980 2943.1
1364990 2936.1
1365000 2928.8
1365010 2921.0
1365020 2921.0
1365030 2914.2
1365040 2907.8
1365050 2907.8
1365060 2902.0
1365070 2897.0
1365080 2897.0
1365090 2892.5
1365100 2888.2
1365110 2888.2
1365120 2884.2
1365130 2880.4
1365140 2880.4
1365150 2876.9
1365160 2873.5
1365170 2873.5
1365180 2870.6
1365190 2867.7
1365200 2867.7
1365210 2865.4
1365220 2863.7
1365230 2862.3
1365240 2862.3
1365250 2861.4
1365260 2860.8
1365270 2860.8
1365280 2860.4
1365290 2860.4
1365300 2860.4
1365310 2860.6
1365320 2860.9
1365330 2860.9
1365340 2861.3
1365350 2863.9
1365360 2863.9
1365370 2864.1
1365380 2864.1
1365390 2864.1
1365400 2864.0
1365410 2863.5
1365420 2863.5
1365430 2863.0
1365440 2862.0
1365450 2860.9
1365460 2860.9
1365470 2859.6
1365480 2858.0
1365490 2858.0
1365500 2855.6
1365510 2853.3
1365520 2853.3
1365530 2850.8
1365540 2847.8
1365550 2847.8
1365560 2844.5
1365570 2840.9
1365580 2840.9
1365590 2837.2
1365600 2833.2
1365610 2833.2
1365620 2829.4
1365630 2825.7
1365640 2825.7
1365650 2822.1
1365660 2818.7
1365670 2818.7
1365680 2815.6
1365690 2812.8
1365700 2810.5
1365710 2810.5
1365720 2808.4
1365730 2806.7
1365740 2806.7
1365750 2805.1
1365760 2803.7
1365770 2803.7
1365780 2802.6
1365790 2801.7
1365800 2801.7
1365810 2801.0
1365820 2800.4
1365830 2800.4
1365840 2800.0
1365850 2799.7
1365860 2799.7
1365870 2799.5
1365880 2799.5
1365890 2799.5
1365900 2799.7
1365910 2800.1
1365920 2800.5
1365930 2800.5
1365940 2801.1
1365950 2801.7
1365960 2801.7
1365970 2802.6
1365980 2803.4
1365990 2803.4
1366000 2804.4
1366010 2805.3
1366020 2805.3
1366030 2806.3
1366040 2807.3
1366050 2807.3
1366060 2808.2
1366070 2809.1
1366080 2809.1
1366090 2809.8
1366100 2810.4
1366110 2810.4
1366120 2810.9
1366130 2811.1
1366140 2811.1
1366150 2811.1
1366160 2811.1
1366170 2810.6
1366180 2810.6
1366190 2810.1
1366200 2809.5
1366210 2809.5
1366220 2808.9
1366230 2807.9
1366240 2807.9
1366250 2806.7
1366260 2805.6
1366270 2805.6
1366280 2804.3
1366290 2802.7
1366300 2802.7
1366310 2800.8
1366320 2798.7
1366330 2798.7
1366340 2796.4
1366350 2793.8
1366360 2790.9
1366370 2790.9
1366380 2787.6
1366390 2783.7
1366400 2783.7
1366410 2779.4
1366420 2776.5
1366430 2776.5
1366440 2771.0
1366450 2766.0
1366460 2766.0
1366470 2762.3
1366480 2760.6
1366490 2760.6
1366500 2760.7
1366510 2763.6
1366520 2763.6
1366530 2765.1
1366540 2766.6
1366550 2766.6
1366560 2768.8
1366570 2772.6
1366580 2779.0
1366590 2779.0
1366600 2784.1
1366610 2787.1
1366620 2787.1
1366630 2787.1
1366640 2787.2
1366650 2787.2
1366660 2788.8
1366670 2790.5
1366680 2790.5
1366690 2794.1
1366700 2795.7
1366710 2795.7
1366720 2793.8
1366730 2792.3
1366740 2792.3
1366750 2788.3
1366760 2785.8
1366770 2785.8
1366780 2785.0
1366790 2785.3
1366800 2782.6
1366810 2782.6
1366820 2778.8
1366830 2774.5
1366840 2774.5
1366850 2770.3
1366860 2766.9
1366870 2766.9
1366880 2763.3
1366890 2761.4
1366900 2761.4
1366910 2758.4
1366920 2755.2
1366930 2755.2
1366940 2751.4
1366950 2749.4
1366960 2749.4
1366970 2744.8
1366980 2742.8
1366990 2742.8
1367000 2739.2
1367010 2735.0
1367020 2735.0
1367030 2731.9
1367040 2726.6
1367050 2718.1
1367060 2718.1
1367070 2715.3
1367080 2713.3
1367090 2713.3
1367100 2710.1
1367110 2709.7
1367120 2709.7
1367130 2706.3
1367140 2704.3
1367150 2704.3
1367160 2698.2
1367170 2695.9
1367180 2695.9
1367190 2693.9
1367200 2686.9
1367210 2686.9
1367220 2680.1
1367230 2668.1
1367240 2668.1
1367250 2657.9
1367260 2651.2
1367270 2646.6
1367280 2646.6
1367290 2640.3
1367300 2630.7
1367310 2630.7
1367320 2620.9
1367330 2614.5
1367340 2614.5
1367350 2610.6
1367360 2606.7
1367370 2606.7
1367380 2604.8
1367390 2605.1
1367400 2605.1
1367410 2604.2
1367420 2603.5
1367430 2603.5
1367440 2604.3
1367450 2604.4
1367460 2604.4
1367470 2602.9
1367480 2601.6
1367490 2599.2
1367500 2592.6
1367510 2590.1
1367520 2587.7
1367530 2587.7
1367540 2587.3
1367550 2584.5
1367560 2584.5
1367570 2581.6
1367580 2579.2
1367590 2579.2
1367600 2575.8
1367610 2573.1
1367620 2573.1
1367630 2569.7
1367640 2565.1
1367650 2565.1
1367660 2560.7
1367670 2557.4
1367680 2557.4
1367690 2553.7
1367700 2548.2
1367710 2541.1
1367720 2541.1
1367730 2538.9
1367740 2536.8
1367750 2536.8
1367760 2533.6
1367770 2529.9
1367780 2529.9
1367790 2526.4
1367800 2524.7
1367810 2524.7
1367820 2522.0
1367830 2519.1
1367840 2519.1
1367850 2516.8
1367860 2513.9
1367870 2513.9
1367880 2511.1
1367890 2508.7
1367900 2508.7
1367910 2505.7
1367920 2501.8
1367930 2499.8
1367940 2499.8
1367950 2497.1
1367960 2493.7
1367970 2493.7
1367980 2491.8
1367990 2485.7
1368000 2485.7
1368010 2483.3
1368020 2481.5
1368030 2481.5
1368040 2477.9
1368050 2474.5
1368060 2474.5
1368070 2465.3
1368080 2458.9
1368090 2458.9
1368100 2454.2
1368110 2450.6
1368120 2450.6
1368130 2444.5
1368140 2438.9
1368150 2438.7
1368160 2438.7
1368170 2439.7
1368180 2440.6
1368190 2440.6
1368200 2438.6
1368210 2437.0
1368220 2437.0
1368230 2431.3
1368240 2424.4
1368250 2424.4
1368260 2423.6
1368270 2421.8
1368280 2421.8
1368290 2418.8
1368300 2414.4
1368310 2414.4
1368320 2407.7
1368330 2402.5
1368340 2402.5
1368350 2396.3
1368360 2389.1
1368370 2383.6
1368380 2383.6
1368390 2381.6
1368400 2381.9
1368410 2381.9
1368420 2382.5
1368430 2383.7
1368440 2383.7
1368450 2382.8
1368460 2378.3
1368470 2378.3
1368480 2371.1
1368490 2365.4
1368500 2365.4
1368510 2358.6
1368520 2349.1
1368530 2349.1
1368540 2332.8
1368550 2321.0
1368560 2321.0
1368570 2309.0
1368580 2301.4
1368590 2303.4
1368600 2295.2
1368610 2287.9
1368620 2281.2
1368630 2281.2
1368640 2275.6
1368650 2270.8
1368660 2270.8
1368670 2264.8
1368680 2259.2
1368690 2259.2
1368700 2254.1
1368710 2248.8
1368720 2248.8
1368730 2244.4
1368740 2238.8
1368750 2238.8
1368760 2233.3
1368770 2229.0
1368780 2229.0
1368790 2229.0
1368800 2226.8
1368810 2226.8
1368820 2224.0
1368830 2223.7
1368840 2223.7
1368850 2223.7
1368860 2223.6
1368870 2223.3
1368880 2223.3
1368890 2222.7
1368900 2221.7
1368910 2221.7
1368920 2220.6
1368930 2219.7
1368940 2219.7
1368950 2218.7
1368960 2217.6
1368970 2217.6
1368980 2216.5
1368990 2214.3
1369000 2214.3
1369010 2211.0
1369020 2206.4
1369030 2206.4
1369040 2205.5
1369050 2205.5
1369060 2205.5
1369070 2205.5
1369080 2205.6
1369090 2205.6
1369100 2205.6
1369110 2205.5
1369120 2206.0
1369130 2206.0
1369140 2208.8
1369150 2210.7
1369160 2210.7
1369170 2211.8
1369180 2212.6
1369190 2212.6
1369200 2213.2
1369210 2214.0
1369220 2214.0
1369230 2215.4
1369240 2216.9
1369250 2216.9
1369260 2219.7
1369270 2224.7
1369280 2230.4
1369290 2230.4
1369300 2235.0
1369310 2239.7
1369320 2239.7
1369330 2244.3
1369340 2248.9
1369350 2248.9
1369360 2253.1
1369370 2256.5
1369380 2256.5
1369390 2258.5
1369400 2258.9
1369410 2258.9
1369420 2258.0
1369430 2255.4
1369440 2255.4
1369450 2252.4
1369460 2251.2
1369470 2251.2
1369480 2251.2
1369490 2250.7
1369500 2249.2
1369510 2249.2
1369520 2251.7
1369530 2256.3
1369540 2256.3
1369550 2258.4
1369560 2259.0
1369570 2259.0
1369580 2260.1
1369590 2260.4
1369600 2260.4
1369610 2261.7
1369620 2265.6
1369630 2265.6
1369640 2266.3
1369650 2266.9
1369660 2266.9
1369670 2268.1
1369680 2270.5
1369690 2271.9
1369700 2274.3
1369710 2276.6
1369720 2277.9
1369730 2277.9
1369740 2278.8
1369750 2280.4
1369760 2280.4
1369770 2282.7
1369780 2283.6
1369790 2283.6
1369800 2285.0
1369810 2286.2
1369820 2286.2
1369830 2289.9
1369840 2293.0
1369850 2293.0
1369860 2295.9
1369870 2299.3
1369880 2299.3
1369890 2302.3
1369900 2306.4
1369910 2306.4
1369920 2311.3
1369930 2318.0
1369940 2318.0
1369950 2321.8
1369960 2327.8
1369970 2333.1
1369980 2333.1
1369990 2337.6
1370000 2339.7
1370010 2339.7
1370020 2343.0
1370030 2349.5
1370040 2349.5
1370050 2350.5
1370060 2354.6
1370070 2354.6
1370080 2361.4
1370090 2370.5
1370100 2370.5
1370110 2377.0
1370120 2381.9
1370130 2381.9
1370140 2385.8
1370150 2388.0
1370160 2388.0
1370170 2393.6
1370180 2396.6
1370190 2398.5
1370200 2398.5
1370210 2401.4
1370220 2403.1
1370230 2403.1
1370240 2406.0
1370250 2408.8
1370260 2408.8
1370270 2411.9
1370280 2414.9
1370290 2414.9
1370300 2417.4
1370310 2421.5
1370320 2421.5
1370330 2423.3
1370340 2426.0
1370350 2426.0
1370360 2429.4
1370370 2433.2
1370380 2433.2
1370390 2435.3
1370400 2437.7
1370410 2441.1
1370420 2441.1
1370430 2448.4
1370440 2454.3
1370450 2454.3
1370460 2459.8
1370470 2465.4
1370480 2465.4
1370490 2469.9
1370500 2474.9
1370510 2474.9
1370520 2482.0
1370530 2488.4
1370540 2488.4
1370550 2492.6
1370560 2495.8
1370570 2495.8
1370580 2498.8
1370590 2501.2
1370600 2501.2
1370610 2503.5
1370620 2505.7
1370630 2507.6
1370640 2507.6
1370650 2510.0
1370660 2511.4
1370670 2511.4
1370680 2512.5
1370690 2514.0
1370700 2514.0
1370710 2514.5
1370720 2515.7
1370730 2515.7
1370740 2516.9
1370750 2519.0
1370760 2519.0
1370770 2522.2
1370780 2529.7
1370790 2529.7
1370800 2545.1
1370810 2551.8
1370820 2551.8
1370830 2557.0
1370840 2562.4
1370850 2568.6
1370860 2568.6
1370870 2574.3
1370880 2581.8
1370890 2581.8
1370900 2589.3
1370910 2593.6
1370920 2593.6
1370930 2598.4
1370940 2603.0
1370950 2603.0
1370960 2605.5
1370970 2608.1
1370980 2608.1
1370990 2612.3
1371000 2616.4
1371010 2616.4
1371020 2619.5
1371030 2623.8
1371040 2623.8
1371050 2629.2
1371060 2635.5
1371070 2643.5
1371080 2643.5
1371090 2648.6
1371100 2651.6
1371110 2651.6
1371120 2656.1
1371130 2661.4
1371140 2661.4
1371150 2665.2
1371160 2669.5
1371170 2669.5
1371180 2673.7
1371190 2678.1
1371200 2678.1
1371210 2683.1
1371220 2687.2
1371230 2687.2
1371240 2691.7
1371250 2694.4
1371260 2694.4
1371270 2696.8
1371280 2699.3
1371290 2699.3
1371300 2702.0
1371310 2705.0
1371320 2708.0
1371330 2708.0
1371340 2711.2
1371350 2714.1
1371360 2714.1
1371370 2716.7
1371380 2719.1
1371390 2719.1
1371400 2721.2
1371410 2723.2
1371420 2723.2
1371430 2725.2
1371440 2727.1
1371450 2727.1
1371460 2729.1
1371470 2731.0
1371480 2731.0
1371490 2732.6
1371500 2733.9
1371510 2733.9
1371520 2734.9
1371530 2736.1
1371540 2737.5
1371550 2737.5
1371560 2739.6
1371570 2741.8
1371580 2741.8
1371590 2744.2
1371600 2746.6
1371610 2746.6
1371620 2748.9
1371630 2751.1
1371640 2751.1
1371650 2753.0
1371660 2755.0
1371670 2755.0
1371680 2757.2
1371690 2759.8
1371700 2759.8
1371710 2762.5
1371720 2765.6
1371730 2765.6
1371740 2768.6
1371750 2771.2
1371760 2773.7
1371770 2773.7
1371780 2775.7
1371790 2777.7
1371800 2777.7
1371810 2779.6
1371820 2782.1
1371830 2782.1
1371840 2785.6
1371850 2789.8
1371860 2789.8
1371870 2794.7
1371880 2800.2
1371890 2800.2
1371900 2805.7
1371910 2811.1
1371920 2812.3
1371930 2817.3
1371940 2822.1
1371950 2822.1
1371960 2826.1
1371970 2830.1
1371980 2834.3
1371990 2834.3
1372000 2837.4
1372010 2840.9
1372020 2840.9
1372030 2843.6
1372040 2847.0
1372050 2847.0
1372060 2849.7
1372070 2852.4
1372080 2852.4
1372090 2854.7
1372100 2856.7
1372110 2856.7
1372120 2858.3
1372130 2859.6
1372140 2859.6
1372150 2860.5
1372160 2861.1
1372170 2861.1
1372180 2861.5
1372190 2861.8
1372200 2862.0
1372210 2862.0
1372220 2862.1
1372230 2862.7
1372240 2862.7
1372250 2863.4
1372260 2864.2
1372270 2864.2
1372280 2865.1
1372290 2866.2
1372300 2866.2
1372310 2867.5
1372320 2869.1
1372330 2869.1
1372340 2871.0
1372350 2873.2
1372360 2873.2
1372370 2875.5
1372380 2877.9
1372390 2877.9
1372400 2880.6
1372410 2883.7
1372420 2887.2
1372430 2887.2
1372440 2891.1
1372450 2895.8
1372460 2895.8
1372470 2901.6
1372480 2908.6
1372490 2908.6
1372500 2916.1
1372510 2923.7
1372520 2923.7
1372530 2931.0
1372540 2938.4
1372550 2938.4
1372560 2946.6
1372570 2953.4
1372580 2953.4
1372590 2958.5
1372600 2962.2
1372610 2962.2
1372620 2967.2
1372630 2974.9
1372640 2974.9
1372650 2983.1
1372660 2990.4
1372670 2996.2
1372680 2996.2
1372690 3003.3
1372700 3010.5
1372710 3010.5
1372720 3017.5
1372730 3025.5
1372740 3025.5
1372750 3030.0
1372760 3035.2
1372770 3035.2
1372780 3039.0
1372790 3042.5
1372800 3042.5
1372810 3045.4
1372820 3046.1
1372830 3046.1
1372840 3048.1
1372850 3053.9
1372860 3053.9
1372870 3052.9
1372880 3058.5
1372890 3061.4
1372900 3061.4
1372910 3064.3
1372920 3065.4
1372930 3065.4
1372940 3066.3
1372950 3067.5
1372960 3067.5
1372970 3069.1
1372980 3070.9
1372990 3070.9
1373000 3072.7
1373010 3074.3
1373020 3074.3
1373030 3076.2
1373040 3078.1
1373050 3079.6
1373060 3082.1
1373070 3084.7
1373080 3084.7
1373090 3087.6
1373100 3090.5
1373110 3093.6
1373120 3093.6
1373130 3096.8
1373140 3100.1
1373150 3100.1
1373160 3103.4
1373170 3106.5
1373180 3106.5
1373190 3109.5
1373200 3112.7
1373210 3112.7
1373220 3116.3
1373230 3120.3
1373240 3120.3
1373250 3124.3
1373260 3128.0
1373270 3128.0
1373280 3131.4
1373290 3133.9
1373300 3133.9
1373310 3137.8
1373320 3140.4
1373330 3142.6
1373340 3142.6
1373350 3145.2
1373360 3147.9
1373370 3147.9
1373380 3149.3
1373390 3150.9
1373400 3150.9
1373410 3153.1
1373420 3156.5
1373430 3156.5
1373440 3159.2
1373450 3161.1
1373460 3161.1
1373470 3162.9
1373480 3164.4
1373490 3164.4
1373500 3166.4
1373510 3168.9
1373520 3168.9
1373530 3171.7
1373540 3174.4
1373550 3176.5
1373560 3176.5
1373570 3178.4
1373580 3179.4
1373590 3179.4
1373600 3178.6
1373610 3176.7
1373620 3176.7
1373630 3181.6
1373640 3185.2
1373650 3185.2
1373660 3183.9
1373670 3189.6
1373680 3189.6
1373690 3196.1
1373700 3200.5
1373710 3200.5
1373720 3205.5
1373730 3211.5
1373740 3211.5
1373750 3219.0
1373760 3232.4
1373770 3247.7
1373780 3247.7
1373790 3265.3
1373800 3284.8
1373810 3284.8
1373820 3303.0
1373830 3315.4
1373840 3315.4
1373850 3338.8
1373860 3353.1
1373870 3353.1
1373880 3359.5
1373890 3375.2
1373900 3375.2
1373910 3377.7
1373920 3370.8
1373930 3370.8
1373940 3363.8
1373950 3358.6
1373960 3358.6
1373970 3354.2
1373980 3351.1
1373990 3351.1
1374000 3348.7
1374010 3346.3
1374020 3343.5
1374030 3343.5
1374040 3339.9
1374050 3335.9
1374060 3335.9
1374070 3331.4
1374080 3326.4
1374090 3326.4
1374100 3320.8
1374110 3315.4
1374120 3315.4
1374130 3309.1
1374140 3302.5
1374150 3302.5
1374160 3296.2
1374170 3289.2
1374180 3289.2
1374190 3287.0
1374200 3280.2
1374210 3280.2
1374220 3269.3
1374230 3263.8
1374240 3260.9
1374250 3260.9
1374260 3253.1
1374270 3247.9
1374280 3247.9
1374290 3243.5
1374300 3240.2
1374310 3240.2
1374320 3237.2
1374330 3234.4
1374340 3234.4
1374350 3231.5
1374360 3228.8
1374370 3228.8
1374380 3226.1
1374390 3223.6
1374400 3223.6
1374410 3221.3
1374420 3219.2
1374430 3219.2
1374440 3217.3
1374450 3215.7
1374460 3214.5
1374470 3214.5
1374480 3213.6
1374490 3213.3
1374500 3213.3
1374510 3213.4
1374520 3213.5
1374530 3213.5
1374540 3213.4
1374550 3213.3
1374560 3213.3
1374570 3213.1
1374580 3212.9
1374590 3212.9
1374600 3212.7
1374610 3212.6
1374620 3212.6
1374630 3212.6
1374640 3212.4
1374650 3212.4
1374660 3212.3
1374670 3212.1
1374680 3211.9
1374690 3211.9
1374700 3211.8
1374710 3211.6
1374720 3211.6
1374730 3211.5
1374740 3211.3
1374750 3211.3
1374760 3211.0
1374770 3210.8
1374780 3210.8
1374790 3210.6
1374800 3210.3
1374810 3210.3
1374820 3210.2
1374830 3210.0
1374840 3210.0
1374850 3209.9
1374860 3209.9
1374870 3209.9
1374880 3210.1
1374890 3210.5
1374900 3211.2
1374910 3211.2
1374920 3212.2
1374930 3213.3
1374940 3213.3
1374950 3214.6
1374960 3215.9
1374970 3215.9
1374980 3217.4
1374990 3218.9
1375000 3218.9
1375010 3220.3
1375020 3221.7
1375030 3221.7
1375040 3223.2
1375050 3224.8
1375060 3224.8
1375070 3226.5
1375080 3228.4
1375090 3228.4
1375100 3230.8
1375110 3233.5
1375120 3236.1
1375130 3236.1
1375140 3238.5
1375150 3241.2
1375160 3241.2
1375170 3244.2
1375180 3247.3
1375190 3247.3
1375200 3250.6
1375210 3254.1
1375220 3254.1
1375230 3258.3
1375240 3262.7
1375250 3262.7
1375260 3266.8
1375270 3270.8
1375280 3270.8
1375290 3274.8
1375300 3278.8
1375310 3278.8
1375320 3282.7
1375330 3286.7
1375340 3286.7
1375350 3294.4
1375360 3298.2
1375370 3301.8
1375380 3301.8
1375390 3305.3
1375400 3308.8
1375410 3308.8
1375420 3312.6
1375430 3316.5
1375440 3316.5
1375450 3315.1
1375460 3322.8
1375470 3322.8
1375480 3343.5
1375490 3358.2
1375500 3358.2
1375510 3373.7
1375520 3384.8
1375530 3384.8
1375540 3390.5
1375550 3393.9
1375560 3393.9
1375570 3397.1
1375580 3399.9
1375590 3402.0
1375600 3402.0
1375610 3404.2
1375620 3406.5
1375630 3406.5
1375640 3408.9
1375650 3411.2
1375660 3411.2
1375670 3413.6
1375680 3415.8
1375690 3415.8
1375700 3417.7
1375710 3419.3
1375720 3419.3
1375730 3420.8
1375740 3422.0
1375750 3422.0
1375760 3423.1
1375770 3424.0
1375780 3424.0
1375790 3424.7
1375800 3425.1
1375810 3425.3
1375820 3425.3
1375830 3425.1
1375840 3424.6
1375850 3424.6
1375860 3423.6
1375870 3422.5
1375880 3422.5
1375890 3421.0
1375900 3419.2
1375910 3419.2
1375920 3417.2
1375930 3415.1
1375940 3415.1
1375950 3412.8
1375960 3410.4
1375970 3410.4
1375980 3407.9
1375990 3405.3
1376000 3405.3
1376010 3402.8
1376020 3400.1
1376030 3397.4
1376040 3397.4
1376050 3394.6
1376060 3391.7
1376070 3391.7
1376080 3389.0
1376090 3386.5
1376100 3386.5
1376110 3384.1
1376120 3381.9
1376130 3381.9
1376140 3379.7
1376150 3377.3
1376160 3377.3
1376170 3374.6
1376180 3371.7
1376190 3371.7
1376200 3368.8
1376210 3365.9
1376220 3365.9
1376230 3362.9
1376240 3359.7
1376250 3354.4
1376260 3354.4
1376270 3343.4
1376280 3340.1
1376290 3340.1
1376300 3344.6
1376310 3342.7
1376320 3342.7
1376330 3338.5
1376340 3334.8
1376350 3334.8
1376360 3330.9
1376370 3326.7
1376380 3326.7
1376390 3322.2
1376400 3316.7
1376410 3316.7
1376420 3311.2
1376430 3305.4
1376440 3305.4
1376450 3303.4
1376460 3302.0
1376470 3298.2
1376480 3298.2
1376490 3294.4
1376500 3290.7
1376510 3290.0
1376520 3286.0
1376530 3281.8
1376540 3281.8
1376550 3277.4
1376560 3273.3
1376570 3273.3
1376580 3269.6
1376590 3265.9
1376600 3265.9
1376610 3262.0
1376620 3256.0
1376630 3256.0
1376640 3255.2
1376650 3251.9
1376660 3251.9
1376670 3248.4
1376680 3245.0
1376690 3241.5
1376700 3241.5
1376710 3238.1
1376720 3235.0
1376730 3235.0
1376740 3232.1
1376750 3229.6
1376760 3229.6
1376770 3227.3
1376780 3224.5
1376790 3224.5
1376800 3218.2
1376810 3215.0
1376820 3215.0
1376830 3214.5
1376840 3211.0
1376850 3211.0
1376860 3207.6
1376870 3204.2
1376880 3204.2
1376890 3201.1
1376900 3198.2
1376910 3198.2
1376920 3195.8
1376930 3193.6
1376940 3191.5
1376950 3191.5
1376960 3189.5
1376970 3187.5
1376980 3187.5
1376990 3184.2
1377000 3180.8
1377010 3180.8
1377020 3180.9
1377030 3178.3
1377040 3178.3
1377050 3169.5
1377060 3164.7
1377070 3164.7
1377080 3160.2
1377090 3163.5
1377100 3163.5
1377110 3159.2
1377120 3152.4
1377130 3152.4
1377140 3147.2
1377150 3141.6
1377160 3136.2
1377170 3136.2
1377180 3131.2
1377190 3126.5
1377200 3126.5
1377210 3122.1
1377220 3117.9
1377230 3117.9
1377240 3114.3
1377250 3110.9
1377260 3110.9
1377270 3107.9
1377280 3105.1
1377290 3105.1
1377300 3102.8
1377310 3100.4
1377320 3100.4
1377330 3097.3
1377340 3093.7
1377350 3093.7
1377360 3090.3
1377370 3087.0
1377380 3082.6
1377390 3082.6
1377400 3080.5
1377410 3077.8
1377420 3077.8
1377430 3075.1
1377440 3071.6
1377450 3071.6
1377460 3066.1
1377470 3061.1
1377480 3061.1
1377490 3056.8
1377500 3052.2
1377510 3052.2
1377520 3047.7
1377530 3044.2
1377540 3044.2
1377550 3040.8
1377560 3037.5
1377570 3037.5
1377580 3034.5
1377590 3031.7
1377600 3029.1
1377610 3029.1
1377620 3026.7
1377630 3024.1
1377640 3024.1
1377650 3020.6
1377660 3018.5
1377670 3018.5
1377680 3014.6
1377690 3012.9
1377700 3012.9
1377710 3011.0
1377720 3008.3
1377730 3008.3
1377740 3005.7
1377750 3003.1
1377760 3003.1
1377770 2999.7
1377780 2996.0
1377790 2996.0
1377800 2994.6
1377810 2992.1
1377820 2990.0
1377830 2990.0
1377840 2987.1
1377850 2984.2
1377860 2984.2
1377870 2980.8
1377880 2976.9
1377890 2976.9
1377900 2972.9
1377910 2968.0
1377920 2968.0
1377930 2962.7
1377940 2959.4
1377950 2959.4
1377960 2955.4
1377970 2951.2
1377980 2951.2
1377990 2946.8
1378000 2942.4
1378010 2942.4
1378020 2937.8
1378030 2933.5
1378040 2929.2
1378050 2929.2
1378060 2926.5
1378070 2923.7
1378080 2923.7
1378090 2920.1
1378100 2916.9
1378110 2916.9
1378120 2913.9
1378130 2911.2
1378140 2911.2
1378150 2908.5
1378160 2906.0
1378170 2906.0
1378180 2903.6
1378190 2901.1
1378200 2901.1
1378210 2898.7
1378220 2896.7
1378230 2896.7
1378240 2894.8
1378250 2892.9
1378260 2892.9
1378270 2891.1
1378280 2888.9
1378290 2886.3
1378300 2886.3
1378310 2883.5
1378320 2880.6
1378330 2880.6
1378340 2877.4
1378350 2874.3
1378360 2874.3
1378370 2871.0
1378380 2867.1
1378390 2867.1
1378400 2862.9
1378410 2858.7
1378420 2858.7
1378430 2854.1
1378440 2849.0
1378450 2849.0
1378460 2843.8
1378470 2838.4
1378480 2838.4
1378490 2833.2
1378500 2827.6
1378510 2821.8
1378520 2821.8
1378530 2815.9
1378540 2810.5
1378550 2810.5
1378560 2804.9
1378570 2799.0
1378580 2799.0
1378590 2793.0
1378600 2787.1
1378610 2787.1
1378620 2781.2
1378630 2775.4
1378640 2775.4
1378650 2770.0
1378660 2765.2
1378670 2765.2
1378680 2760.9
1378690 2756.7
1378700 2756.7
1378710 2752.8
1378720 2749.2
1378730 2746.0
1378740 2746.0
1378750 2743.0
1378760 2740.0
1378770 2740.0
1378780 2737.1
1378790 2734.5
1378800 2734.5
1378810 2732.0
1378820 2729.9
1378830 2729.9
1378840 2728.1
1378850 2726.5
1378860 2726.5
1378870 2725.3
1378880 2724.1
1378890 2725.3
1378900 2723.1
1378910 2720.9
1378920 2720.9
1378930 2719.7
1378940 2716.8
1378950 2715.2
1378960 2715.2
1378970 2710.9
1378980 2707.9
1378990 2707.9
1379000 2703.8
1379010 2699.3
1379020 2699.3
1379030 2694.5
1379040 2689.7
1379050 2689.7
1379060 2685.4
1379070 2681.7
1379080 2681.7
1379090 2676.3
1379100 2675.2
1379110 2675.2
1379120 2665.7
1379130 2660.5
1379140 2660.5
1379150 2661.4
1379160 2657.1
1379170 2652.9
1379180 2652.9
1379190 2645.1
1379200 2636.2
1379210 2636.2
1379220 2633.6
1379230 2630.4
1379240 2630.4
1379250 2623.3
1379260 2616.3
1379270 2616.3
1379280 2610.5
1379290 2604.8
1379300 2604.8
1379310 2596.4
1379320 2588.8
1379330 2588.8
1379340 2582.6
1379350 2576.9
1379360 2576.9
1379370 2571.3
1379380 2565.2
1379390 2558.4
1379400 2558.4
1379410 2550.0
1379420 2542.8
1379430 2542.8
1379440 2536.8
1379450 2531.6
1379460 2531.6
1379470 2523.6
1379480 2516.4
1379490 2516.4
1379500 2515.1
1379510 2511.1
1379520 2511.1
1379530 2504.0
1379540 2499.8
1379550 2499.8
1379560 2496.5
1379570 2489.2
1379580 2489.2
1379590 2482.6
1379600 2475.6
1379610 2475.6
1379620 2469.1
1379630 2464.6
1379640 2460.5
1379650 2460.5
1379660 2456.3
1379670 2451.8
1379680 2451.8
1379690 2448.7
1379700 2443.7
1379710 2443.7
1379720 2439.2
1379730 2437.0
1379740 2437.0
1379750 2433.8
1379760 2430.1
1379770 2430.1
1379780 2425.9
1379790 2421.9
1379800 2421.9
1379810 2418.0
1379820 2414.0
1379830 2414.0
1379840 2410.2
1379850 2406.6
1379860 2403.0
1379870 2403.0
1379880 2399.5
1379890 2395.7
1379900 2395.7
1379910 2391.2
1379920 2387.6
1379930 2387.6
1379940 2384.0
1379950 2380.3
1379960 2380.3
1379970 2376.5
1379980 2372.9
1379990 2372.9
