1360000 2412.7
1360010 2417.2
1360020 2417.2
1360030 2419.8
1360040 2422.5
1360050 2422.5
1360060 2425.0
1360070 2427.0
1360080 2427.0
1360090 2429.0
1360100 2427.8
1360110 2427.8
1360120 2425.7
1360130 2429.9
1360140 2429.9
1360150 2436.0
1360160 2442.8
1360170 2446.2
1360180 2446.2
1360190 2448.0
1360200 2450.9
1360210 2450.9
1360220 2454.6
1360230 2456.7
1360240 2456.7
1360250 2459.7
1360260 2462.9
1360270 2462.9
1360280 2466.1
1360290 2470.4
1360300 2470.4
1360310 2476.6
1360320 2483.1
1360330 2483.1
1360340 2489.1
1360350 2492.9
1360360 2492.9
1360370 2497.5
1360380 2503.8
1360390 2513.2
1360400 2513.2
1360410 2522.8
1360420 2531.4
1360430 2531.4
1360440 2537.8
1360450 2544.5
1360460 2544.5
1360470 2546.6
1360480 2539.1
1360490 2539.1
1360500 2530.6
1360510 2526.3
1360520 2526.3
1360530 2525.0
1360540 2523.8
1360550 2523.8
1360560 2521.8
1360570 2521.4
1360580 2521.4
1360590 2521.8
1360600 2521.8
1360610 2517.3
1360620 2517.3
1360630 2518.6
1360640 2520.5
1360650 2520.5
1360660 2523.0
1360670 2526.0
1360680 2526.0
1360690 2528.3
1360700 2530.3
1360710 2530.3
1360720 2531.6
1360730 2532.5
1360740 2532.5
1360750 2534.2
1360760 2537.8
1360770 2537.8
1360780 2541.3
1360790 2545.2
1360800 2545.2
1360810 2549.4
1360820 2552.9
1360830 2552.9
1360840 2557.3
1360850 2561.7
1360860 2565.8
1360870 2565.8
1360880 2569.7
1360890 2573.1
1360900 2573.1
1360910 2577.0
1360920 2579.2
1360930 2579.2
1360940 2581.6
1360950 2586.7
1360960 2586.7
1360970 2591.8
1360980 2594.6
1360990 2594.6
1361000 2596.5
1361010 2597.6
1361020 2597.6
1361030 2599.5
1361040 2601.8
1361050 2601.8
1361060 2605.3
1361070 2609.7
1361080 2614.8
1361090 2614.8
1361100 2621.0
1361110 2627.4
1361120 2627.4
1361130 2633.7
1361140 2639.5
1361150 2639.5
1361160 2645.9
1361170 2652.6
1361180 2652.6
1361190 2660.3
1361200 2668.2
1361210 2668.2
1361220 2674.1
1361230 2678.0
1361240 2678.0
1361250 2683.0
1361260 2687.9
1361270 2687.9
1361280 2692.8
1361290 2698.6
1361300 2704.8
1361310 2704.8
1361320 2711.7
1361330 2720.0
1361340 2720.0
1361350 2731.2
1361360 2739.8
1361370 2739.8
1361380 2739.4
1361390 2737.6
1361400 2737.6
1361410 2735.8
1361420 2733.0
1361430 2733.0
1361440 2731.0
1361450 2728.7
1361460 2728.7
1361470 2727.7
1361480 2725.6
1361490 2725.6
1361500 2721.1
1361510 2718.2
1361520 2715.4
1361530 2715.4
1361540 2715.3
1361550 2715.8
1361560 2715.8
1361570 2714.2
1361580 2715.4
1361590 2715.4
1361600 2716.7
1361610 2718.3
1361620 2718.3
1361630 2718.6
1361640 2719.4
1361650 2719.4
1361660 2719.3
1361670 2717.7
1361680 2717.7
1361690 2715.6
1361700 2715.8
1361710 2715.8
1361720 2716.0
1361730 2715.1
1361740 2714.4
1361750 2714.4
1361760 2715.2
1361770 2714.4
1361780 2714.4
1361790 2714.8
1361800 2714.9
1361810 2714.9
1361820 2712.4
1361830 2711.9
1361840 2711.9
1361850 2709.2
1361860 2703.8
1361870 2703.8
1361880 2700.8
1361890 2698.4
1361900 2698.4
1361910 2696.9
1361920 2694.9
1361930 2694.9
1361940 2692.7
1361950 2692.2
1361960 2692.7
1361970 2692.7
1361980 2689.5
1361990 2683.6
1362000 2683.6
1362010 2680.7
1362020 2678.6
1362030 2678.6
1362040 2676.6
1362050 2675.1
1362060 2675.1
1362070 2672.6
1362080 2672.7
1362090 2672.7
1362100 2671.8
1362110 2668.7
1362120 2668.7
1362130 2665.8
1362140 2664.8
1362150 2664.8
1362160 2662.9
1362170 2661.4
1362180 2661.4
1362190 2661.3
1362200 2663.0
1362210 2663.2
1362220 2663.2
1362230 2661.9
1362240 2661.2
1362250 2661.2
1362260 2661.3
1362270 2661.3
1362280 2661.3
1362290 2661.4
1362300 2661.8
1362310 2661.8
1362320 2661.9
1362330 2662.0
1362340 2662.0
1362350 2662.6
1362360 2662.9
1362370 2662.9
1362380 2664.3
1362390 2666.5
1362400 2666.5
1362410 2669.2
1362420 2673.2
1362430 2676.6
1362440 2676.6
1362450 2676.4
1362460 2673.9
1362470 2673.9
1362480 2670.8
1362490 2668.3
1362500 2668.3
1362510 2665.4
1362520 2662.9
1362530 2662.9
1362540 2660.3
1362550 2656.7
1362560 2656.7
1362570 2656.5
1362580 2656.4
1362590 2656.4
1362600 2656.9
1362610 2658.0
1362620 2658.0
1362630 2659.1
1362640 2660.4
1362650 2661.7
1362660 2661.7
1362670 2658.4
1362680 2659.7
1362690 2659.7
1362700 2660.9
1362710 2662.0
1362720 2662.0
1362730 2664.1
1362740 2666.5
1362750 2666.5
1362760 2667.6
1362770 2668.4
1362780 2668.4
1362790 2670.1
1362800 2672.6
1362810 2672.6
1362820 2673.6
1362830 2675.0
1362840 2675.0
1362850 2677.2
1362860 2679.6
1362870 2681.9
1362880 2681.9
1362890 2684.0
1362900 2685.7
1362910 2685.7
1362920 2686.7
1362930 2687.6
1362940 2687.6
1362950 2689.1
1362960 2690.9
1362970 2690.9
1362980 2692.9
1362990 2693.9
1363000 2693.9
1363010 2694.0
1363020 2694.7
1363030 2694.7
1363040 2696.0
1363050 2697.5
1363060 2697.5
1363070 2698.7
1363080 2700.8
1363090 2702.4
1363100 2702.4
1363110 2703.4
1363120 2708.8
1363130 2708.8
1363140 2712.6
1363150 2713.2
1363160 2713.2
1363170 2712.0
1363180 2711.6
1363190 2711.6
1363200 2711.1
1363210 2710.6
1363220 2710.6
1363230 2709.9
1363240 2708.6
1363250 2708.6
1363260 2705.1
1363270 2701.3
1363280 2701.3
1363290 2697.4
1363300 2696.1
1363310 2697.1
1363320 2697.1
1363330 2698.4
1363340 2700.6
1363350 2700.6
1363360 2703.9
1363370 2706.3
1363380 2706.3
1363390 2710.0
1363400 2716.8
1363410 2716.8
1363420 2725.0
1363430 2733.5
1363440 2733.5
1363450 2742.6
1363460 2751.2
1363470 2751.2
1363480 2762.9
1363490 2772.8
1363500 2772.8
1363510 2780.4
1363520 2786.7
1363530 2786.7
1363540 2792.1
1363550 2797.4
1363560 2803.3
1363570 2803.3
1363580 2809.1
1363590 2814.7
1363600 2814.7
1363610 2820.2
1363620 2825.8
1363630 2825.8
1363640 2830.3
1363650 2834.2
1363660 2834.2
1363670 2838.0
1363680 2841.4
1363690 2841.4
1363700 2845.0
1363710 2847.5
1363720 2845.5
1363730 2845.8
1363740 2845.8
1363750 2845.8
1363760 2845.8
1363770 2846.2
1363780 2847.9
1363790 2847.9
1363800 2849.0
1363810 2850.8
1363820 2850.8
1363830 2852.5
1363840 2854.1
1363850 2854.1
1363860 2856.6
1363870 2858.7
1363880 2858.7
1363890 2861.4
1363900 2864.0
1363910 2864.0
1363920 2866.7
1363930 2871.9
1363940 2871.9
1363950 2878.4
1363960 2889.2
1363970 2889.2
1363980 2908.0
1363990 2918.3
1364000 2915.8
1364010 2915.8
1364020 2904.0
1364030 2897.3
1364040 2897.3
1364050 2897.6
1364060 2899.7
1364070 2899.7
1364080 2902.1
1364090 2905.1
1364100 2905.1
1364110 2909.1
1364120 2912.8
1364130 2912.8
1364140 2916.3
1364150 2919.8
1364160 2919.8
1364170 2923.0
1364180 2926.4
1364190 2926.4
1364200 2928.9
1364210 2933.3
1364220 2938.2
1364230 2938.2
1364240 2941.2
1364250 2943.4
1364260 2943.4
1364270 2945.4
1364280 2948.3
1364290 2948.3
1364300 2951.3
1364310 2955.4
1364320 2955.4
1364330 2959.9
1364340 2964.0
1364350 2964.0
1364360 2968.2
1364370 2972.4
1364380 2972.4
1364390 2976.5
1364400 2979.8
1364410 2979.8
1364420 2982.7
1364430 2985.5
1364440 2988.7
1364450 2988.7
1364460 2992.5
1364470 2996.2
1364480 2996.2
1364490 3000.7
1364500 3005.3
1364510 3005.3
1364520 3010.2
1364530 3015.6
1364540 3015.6
1364550 3024.8
1364560 3040.1
1364570 3040.1
1364580 3053.4
1364590 3064.2
1364600 3064.2
1364610 3072.7
1364620 3081.8
1364630 3081.8
1364640 3093.6
1364650 3091.8
1364660 3081.3
1364670 3081.3
1364680 3071.6
1364690 3063.6
1364700 3063.6
1364710 3057.3
1364720 3052.9
1364730 3052.9
1364740 3049.1
1364750 3045.4
1364760 3045.4
1364770 3045.7
1364780 3042.5
1364790 3042.5
1364800 3040.3
1364810 3038.4
1364820 3038.4
1364830 3036.2
1364840 3032.9
1364850 3032.9
1364860 3028.5
1364870 3023.4
1364880 3018.0
1364890 3018.0
1364900 3012.5
1364910 3006.4
1364920 3006.4
1364930 3000.2
1364940 2993.3
1364950 2993.3
1364960 2986.8
1364970 2980.5
1364980 2980.5
1364990 2974.7
1365000 2969.4
1365010 2969.4
1365020 2964.1
1365030 2959.6
1365040 2959.6
1365050 2955.9
1365060 2953.2
1365070 2953.2
1365080 2952.5
1365090 2951.5
1365100 2951.5
1365110 2950.4
1365120 2945.7
1365130 2938.4
1365140 2938.4
1365150 2926.1
1365160 2915.5
1365170 2915.5
1365180 2910.6
1365190 2907.8
1365200 2907.8
1365210 2905.5
1365220 2903.4
1365230 2903.4
1365240 2901.7
1365250 2900.0
1365260 2900.0
1365270 2898.4
1365280 2897.0
1365290 2897.0
1365300 2896.0
1365310 2895.2
1365320 2895.2
1365330 2894.8
1365340 2894.5
1365350 2894.3
1365360 2894.3
1365370 2894.2
1365380 2894.0
1365390 2894.0
1365400 2893.8
1365410 2893.6
1365420 2893.6
1365430 2893.1
1365440 2892.6
1365450 2892.6
1365460 2891.6
1365470 2890.8
1365480 2890.8
1365490 2889.9
1365500 2889.0
1365510 2889.0
1365520 2887.7
1365530 2886.3
1365540 2886.3
1365550 2884.7
1365560 2883.0
1365570 2881.1
1365580 2881.1
1365590 2879.0
1365600 2876.7
1365610 2876.7
1365620 2874.2
1365630 2871.7
1365640 2871.7
1365650 2869.4
1365660 2867.0
1365670 2867.0
1365680 2864.7
1365690 2862.5
1365700 2862.5
1365710 2860.2
1365720 2857.9
1365730 2857.9
1365740 2855.7
1365750 2853.5
1365760 2853.5
1365770 2851.6
1365780 2849.9
1365790 2848.5
1365800 2848.5
1365810 2847.1
1365820 2845.7
1365830 2850.2
1365840 2848.7
1365850 2847.2
1365860 2847.2
1365870 2845.7
1365880 2844.0
1365890 2844.0
1365900 2842.4
1365910 2840.8
1365920 2840.8
1365930 2839.3
1365940 2838.2
1365950 2838.2
1365960 2837.4
1365970 2836.8
1365980 2836.8
1365990 2836.4
1366000 2836.0
1366010 2835.7
1366020 2835.7
1366030 2835.7
1366040 2835.7
1366050 2835.7
1366060 2835.8
1366070 2836.0
1366080 2836.0
1366090 2836.2
1366100 2836.4
1366110 2836.4
1366120 2836.6
1366130 2836.8
1366140 2836.8
1366150 2837.0
1366160 2837.1
1366170 2837.1
1366180 2837.1
1366190 2836.9
1366200 2836.9
1366210 2836.7
1366220 2836.4
1366230 2836.1
1366240 2836.1
1366250 2835.5
1366260 2834.5
1366270 2834.5
1366280 2833.4
1366290 2832.4
1366300 2832.4
1366310 2831.1
1366320 2829.5
1366330 2829.5
1366340 2827.8
1366350 2825.9
1366360 2825.9
1366370 2823.8
1366380 2821.5
1366390 2821.5
1366400 2819.1
1366410 2816.5
1366420 2816.5
1366430 2813.8
1366440 2811.3
1366450 2811.3
1366460 2808.9
1366470 2806.4
1366480 2803.9
1366490 2803.9
1366500 2801.3
1366510 2799.7
1366520 2799.7
1366530 2800.4
1366540 2800.1
1366550 2800.1
1366560 2798.0
1366570 2798.9
1366580 2798.9
1366590 2792.1
1366600 2785.7
1366610 2785.7
1366620 2778.3
1366630 2770.4
1366640 2770.4
1366650 2763.5
1366660 2757.2
1366670 2757.2
1366680 2751.8
1366690 2746.7
1366700 2743.1
1366710 2743.1
1366720 2742.0
1366730 2742.2
1366740 2742.2
1366750 2741.9
1366760 2740.7
1366770 2740.7
1366780 2738.9
1366790 2735.2
1366800 2735.2
1366810 2731.3
1366820 2727.6
1366830 2727.6
1366840 2723.9
1366850 2719.1
1366860 2719.1
1366870 2714.1
1366880 2710.8
1366890 2710.8
1366900 2707.7
1366910 2702.8
1366920 2700.4
1366930 2700.4
1366940 2697.7
1366950 2693.6
1366960 2693.6
1366970 2692.0
1366980 2691.8
1366990 2691.8
1367000 2688.5
1367010 2682.2
1367020 2682.2
1367030 2676.1
1367040 2671.6
1367050 2671.6
1367060 2670.1
1367070 2669.1
1367080 2669.1
1367090 2664.4
1367100 2662.8
1367110 2662.8
1367120 2660.2
1367130 2660.4
1367140 2658.4
1367150 2658.4
1367160 2650.0
1367170 2633.4
1367180 2633.4
1367190 2629.9
1367200 2621.4
1367210 2621.4
1367220 2608.3
1367230 2600.8
1367240 2600.8
1367250 2594.6
1367260 2589.9
1367270 2589.9
1367280 2585.9
1367290 2583.5
1367300 2583.5
1367310 2582.4
1367320 2581.8
1367330 2581.8
1367340 2580.9
1367350 2580.0
1367360 2578.9
1367370 2578.9
1367380 2577.7
1367390 2576.4
1367400 2576.4
1367410 2575.5
1367420 2574.0
1367430 2574.0
1367440 2572.3
1367450 2570.1
1367460 2570.1
1367470 2569.5
1367480 2568.2
1367490 2568.2
1367500 2566.7
1367510 2564.9
1367520 2564.9
1367530 2563.8
1367540 2562.0
1367550 2562.0
1367560 2561.6
1367570 2560.2
1367580 2558.8
1367590 2558.8
1367600 2557.7
1367610 2556.5
1367620 2556.5
1367630 2555.2
1367640 2554.0
1367650 2554.0
1367660 2552.8
1367670 2552.1
1367680 2552.1
1367690 2551.5
1367700 2550.8
1367710 2550.8
1367720 2550.0
1367730 2548.7
1367740 2548.7
1367750 2547.1
1367760 2545.1
1367770 2545.1
1367780 2543.4
1367790 2541.2
1367800 2541.2
1367810 2538.7
1367820 2536.7
1367830 2533.8
1367840 2533.8
1367850 2531.3
1367860 2528.5
1367870 2528.5
1367880 2526.6
1367890 2524.1
1367900 2524.1
1367910 2521.6
1367920 2519.6
1367930 2519.6
1367940 2517.0
1367950 2515.5
1367960 2515.5
1367970 2513.4
1367980 2511.2
1367990 2512.5
1368000 2510.2
1368010 2507.6
1368020 2507.6
1368030 2505.2
1368040 2502.9
1368050 2501.4
1368060 2501.4
1368070 2501.2
1368080 2504.1
1368090 2504.1
1368100 2505.5
1368110 2508.9
1368120 2508.9
1368130 2511.5
1368140 2514.0
1368150 2514.0
1368160 2517.1
1368170 2516.7
1368180 2516.7
1368190 2516.7
1368200 2515.7
1368210 2515.7
1368220 2514.0
1368230 2512.2
1368240 2512.2
1368250 2513.6
1368260 2514.9
1368270 2515.5
1368280 2515.5
1368290 2516.1
1368300 2514.2
1368310 2514.2
1368320 2509.9
1368330 2503.2
1368340 2503.2
1368350 2499.9
1368360 2493.3
1368370 2493.3
1368380 2487.5
1368390 2480.6
1368400 2480.6
1368410 2472.6
1368420 2462.2
1368430 2462.2
1368440 2450.0
1368450 2439.1
1368460 2439.1
1368470 2428.6
1368480 2414.3
1368490 2396.3
1368500 2396.3
1368510 2377.8
1368520 2367.2
1368530 2367.2
1368540 2359.9
1368550 2354.4
1368560 2354.4
1368570 2349.4
1368580 2347.3
1368590 2347.3
1368600 2342.9
1368610 2337.3
1368620 2337.3
1368630 2330.4
1368640 2323.9
1368650 2323.9
1368660 2318.4
1368670 2308.3
1368680 2308.3
1368690 2295.2
1368700 2285.7
1368710 2278.0
1368720 2278.0
1368730 2275.4
1368740 2269.4
1368750 2269.4
1368760 2265.4
1368770 2260.3
1368780 2260.3
1368790 2255.4
1368800 2250.5
1368810 2250.5
1368820 2248.0
1368830 2248.0
1368840 2248.0
1368850 2247.2
1368860 2247.0
1368870 2247.0
1368880 2246.9
1368890 2246.3
1368900 2246.3
1368910 2245.4
1368920 2244.5
1368930 2243.3
1368940 2243.3
1368950 2242.3
1368960 2241.0
1368970 2241.0
1368980 2239.4
1368990 2238.2
1369000 2238.2
1369010 2236.8
1369020 2235.8
1369030 2235.8
1369040 2234.8
1369050 2234.2
1369060 2234.2
1369070 2233.1
1369080 2233.8
1369090 2233.8
1369100 2232.8
1369110 2232.3
1369120 2232.3
1369130 2232.1
1369140 2232.9
1369150 2235.0
1369160 2235.0
1369170 2233.1
1369180 2232.6
1369190 2232.6
1369200 2233.7
1369210 2237.5
1369220 2237.5
1369230 2242.5
1369240 2247.0
1369250 2247.0
1369260 2249.7
1369270 2251.3
1369280 2251.3
1369290 2256.1
1369300 2260.7
1369310 2260.7
1369320 2265.6
1369330 2270.6
1369340 2270.6
1369350 2275.7
1369360 2282.8
1369370 2282.8
1369380 2292.0
1369390 2297.2
1369400 2299.0
1369410 2299.0
1369420 2298.4
1369430 2298.7
1369440 2298.7
1369450 2299.8
1369460 2301.2
1369470 2301.2
1369480 2302.4
1369490 2303.2
1369500 2303.2
1369510 2304.2
1369520 2305.4
1369530 2305.4
1369540 2306.8
1369550 2307.1
1369560 2307.1
1369570 2307.0
1369580 2308.0
1369590 2308.0
1369600 2307.5
1369610 2306.3
1369620 2305.6
1369630 2305.6
1369640 2307.0
1369650 2308.3
1369660 2308.3
1369670 2311.2
1369680 2315.2
1369690 2315.2
1369700 2317.1
1369710 2318.9
1369720 2318.9
1369730 2319.4
1369740 2320.0
1369750 2320.0
1369760 2320.6
1369770 2321.8
1369780 2321.8
1369790 2322.6
1369800 2322.0
1369810 2322.0
1369820 2323.6
1369830 2326.4
1369840 2329.4
1369850 2329.4
1369860 2332.1
1369870 2334.8
1369880 2334.8
1369890 2340.4
1369900 2349.3
1369910 2349.3
1369920 2356.4
1369930 2364.2
1369940 2364.2
1369950 2371.7
1369960 2379.0
1369970 2379.0
1369980 2386.1
1369990 2395.2
1370000 2395.2
1370010 2401.3
1370020 2406.4
1370030 2406.4
1370040 2410.3
1370050 2415.2
1370060 2418.9
1370070 2418.9
1370080 2421.5
1370090 2422.7
1370100 2422.7
1370110 2424.1
1370120 2424.8
1370130 2424.8
1370140 2427.4
1370150 2429.9
1370160 2429.9
1370170 2432.9
1370180 2435.0
1370190 2437.5
1370200 2439.1
1370210 2441.1
1370220 2441.1
1370230 2443.5
1370240 2446.7
1370250 2446.7
1370260 2451.7
1370270 2457.4
1370280 2460.4
1370290 2460.4
1370300 2463.0
1370310 2470.3
1370320 2470.3
1370330 2475.2
1370340 2482.7
1370350 2482.7
1370360 2485.7
1370370 2489.5
1370380 2489.5
1370390 2494.9
1370400 2499.7
1370410 2499.7
1370420 2505.0
1370430 2510.2
1370440 2510.2
1370450 2511.8
1370460 2512.0
1370470 2512.0
1370480 2514.6
1370490 2522.7
1370500 2529.4
1370510 2529.4
1370520 2531.6
1370530 2533.3
1370540 2533.3
1370550 2535.4
1370560 2531.4
1370570 2531.4
1370580 2530.0
1370590 2534.2
1370600 2534.2
1370610 2535.4
1370620 2537.4
1370630 2537.4
1370640 2542.4
1370650 2546.1
1370660 2546.1
1370670 2550.9
1370680 2556.4
1370690 2556.4
1370700 2562.7
1370710 2576.0
1370720 2576.0
1370730 2594.4
1370740 2603.5
1370750 2610.3
1370760 2610.3
1370770 2616.3
1370780 2620.5
1370790 2620.5
1370800 2624.9
1370810 2629.3
1370820 2629.3
1370830 2631.6
1370840 2636.9
1370850 2636.9
1370860 2643.7
1370870 2651.0
1370880 2651.0
1370890 2655.2
1370900 2657.2
1370910 2657.2
1370920 2659.0
1370930 2660.5
1370940 2660.5
1370950 2660.9
1370960 2663.2
1370970 2665.7
1370980 2665.7
1370990 2668.0
1371000 2670.3
1371010 2670.3
1371020 2672.9
1371030 2676.5
1371040 2676.5
1371050 2680.1
1371060 2683.5
1371070 2683.5
1371080 2687.0
1371090 2690.7
1371100 2690.7
1371110 2694.2
1371120 2697.9
1371130 2697.9
1371140 2701.1
1371150 2704.0
1371160 2704.0
1371170 2706.7
1371180 2709.1
1371190 2711.4
1371200 2711.4
1371210 2713.4
1371220 2715.0
1371230 2715.0
1371240 2716.2
1371250 2717.1
1371260 2717.1
1371270 2717.8
1371280 2718.9
1371290 2718.9
1371300 2723.3
1371310 2726.1
1371320 2726.1
1371330 2729.2
1371340 2732.7
1371350 2732.7
1371360 2736.1
1371370 2739.4
1371380 2739.4
1371390 2742.5
1371400 2745.4
1371410 2748.1
1371420 2748.1
1371430 2750.6
1371440 2752.9
1371450 2752.9
1371460 2754.8
1371470 2756.6
1371480 2756.6
1371490 2758.2
1371500 2759.6
1371510 2759.6
1371520 2760.7
1371530 2761.8
1371540 2761.8
1371550 2762.6
1371560 2763.6
1371570 2763.6
1371580 2764.6
1371590 2765.9
1371600 2765.9
1371610 2767.3
1371620 2769.1
1371630 2771.5
1371640 2771.5
1371650 2774.5
1371660 2777.9
1371670 2777.9
1371680 2781.5
1371690 2785.2
1371700 2785.2
1371710 2789.2
1371720 2793.5
1371730 2793.5
1371740 2797.8
1371750 2801.7
1371760 2801.7
1371770 2805.2
1371780 2808.5
1371790 2808.5
1371800 2810.8
1371810 2812.9
1371820 2812.9
1371830 2815.4
1371840 2819.2
1371850 2823.2
1371860 2823.2
1371870 2826.7
1371880 2829.8
1371890 2829.8
1371900 2832.2
1371910 2835.1
1371920 2835.1
1371930 2837.1
1371940 2842.7
1371950 2842.7
1371960 2848.9
1371970 2851.2
1371980 2851.2
1371990 2855.5
1372000 2856.8
1372010 2856.8
1372020 2858.4
1372030 2861.5
1372040 2861.5
1372050 2864.1
1372060 2866.1
1372070 2868.0
1372080 2868.0
1372090 2870.0
1372100 2871.5
1372110 2871.5
1372120 2873.3
1372130 2874.2
1372140 2874.2
1372150 2876.2
1372160 2876.7
1372170 2876.7
1372180 2876.7
1372190 2876.5
1372200 2876.5
1372210 2876.3
1372220 2876.4
1372230 2876.4
1372240 2877.0
1372250 2878.1
1372260 2878.1
1372270 2879.6
1372280 2881.7
1372290 2881.7
1372300 2884.1
1372310 2886.9
1372320 2890.0
1372330 2890.0
1372340 2893.5
1372350 2897.0
1372360 2897.0
1372370 2900.8
1372380 2904.5
1372390 2904.5
1372400 2908.1
1372410 2911.5
1372420 2914.6
1372430 2917.7
1372440 2920.8
1372450 2920.8
1372460 2924.1
1372470 2928.0
1372480 2928.0
1372490 2932.9
1372500 2938.3
1372510 2938.3
1372520 2944.0
1372530 2949.6
1372540 2954.8
1372550 2954.8
1372560 2956.2
1372570 2963.8
1372580 2963.8
1372590 2967.6
1372600 2971.5
1372610 2971.5
1372620 2975.3
1372630 2978.6
1372640 2978.6
1372650 2981.1
1372660 2982.6
1372670 2982.6
1372680 2982.9
1372690 2983.2
1372700 2983.2
1372710 2984.9
1372720 2988.1
1372730 2988.1
1372740 2992.8
1372750 2999.6
1372760 3007.0
1372770 3007.0
1372780 3015.4
1372790 3022.3
1372800 3022.3
1372810 3027.9
1372820 3033.2
1372830 3033.2
1372840 3037.5
1372850 3043.2
1372860 3043.2
1372870 3052.5
1372880 3062.8
1372890 3062.8
1372900 3073.9
1372910 3083.8
1372920 3083.8
1372930 3089.8
1372940 3094.1
1372950 3094.1
1372960 3100.3
1372970 3102.3
1372980 3107.8
1372990 3107.8
1373000 3113.1
1373010 3115.2
1373020 3115.2
1373030 3116.8
1373040 3118.2
1373050 3118.2
1373060 3120.3
1373070 3122.2
1373080 3122.2
1373090 3124.3
1373100 3126.8
1373110 3126.8
1373120 3130.1
1373130 3133.8
1373140 3133.8
1373150 3137.3
1373160 3141.2
1373170 3141.2
1373180 3144.4
1373190 3148.1
1373200 3152.1
1373210 3152.1
1373220 3153.8
1373230 3153.1
1373240 3153.1
1373250 3160.8
1373260 3162.2
1373270 3162.2
1373280 3163.4
1373290 3167.0
1373300 3167.0
1373310 3171.5
1373320 3176.2
1373330 3176.2
1373340 3176.9
1373350 3182.1
1373360 3182.1
1373370 3185.7
1373380 3187.2
1373390 3187.2
1373400 3188.6
1373410 3189.9
1373420 3191.3
1373430 3191.3
1373440 3192.5
1373450 3193.6
1373460 3193.6
1373470 3194.7
1373480 3196.2
1373490 3196.2
1373500 3198.1
1373510 3200.6
1373520 3200.6
1373530 3203.7
1373540 3207.0
1373550 3207.0
1373560 3214.1
1373570 3217.1
1373580 3217.1
1373590 3220.0
1373600 3222.7
1373610 3222.7
1373620 3224.6
1373630 3226.4
1373640 3226.4
1373650 3228.2
1373660 3229.6
1373670 3231.5
1373680 3231.5
1373690 3234.3
1373700 3238.3
1373710 3238.3
1373720 3242.7
1373730 3247.5
1373740 3247.5
1373750 3255.0
1373760 3264.6
1373770 3264.6
1373780 3277.1
1373790 3291.7
1373800 3291.7
1373810 3306.5
1373820 3319.6
1373830 3319.6
1373840 3332.9
1373850 3347.3
1373860 3347.3
1373870 3367.5
1373880 3383.8
1373890 3397.2
1373900 3397.2
1373910 3410.3
1373920 3419.7
1373930 3419.7
1373940 3419.3
1373950 3411.8
1373960 3411.8
1373970 3403.8
1373980 3393.1
1373990 3393.1
1374000 3386.2
1374010 3379.6
1374020 3379.6
1374030 3372.2
1374040 3363.4
1374050 3363.4
1374060 3354.6
1374070 3346.3
1374080 3346.3
1374090 3337.3
1374100 3328.8
1374110 3321.6
1374120 3321.6
1374130 3316.1
1374140 3311.7
1374150 3311.7
1374160 3307.9
1374170 3304.2
1374180 3304.2
1374190 3301.1
1374200 3298.2
1374210 3298.2
1374220 3295.4
1374230 3292.6
1374240 3292.6
1374250 3289.6
1374260 3286.7
1374270 3286.7
1374280 3284.0
1374290 3280.8
1374300 3280.8
1374310 3277.7
1374320 3276.2
1374330 3275.7
1374340 3275.7
1374350 3274.9
1374360 3273.9
1374370 3273.9
1374380 3272.9
1374390 3271.7
1374400 3271.7
1374410 3270.3
1374420 3268.8
1374430 3268.8
1374440 3267.2
1374450 3265.6
1374460 3265.6
1374470 3263.9
1374480 3262.3
1374490 3262.3
1374500 3260.4
1374510 3258.9
1374520 3258.9
1374530 3258.1
1374540 3257.3
1374550 3256.3
1374560 3256.3
1374570 3255.6
1374580 3254.9
1374590 3254.9
1374600 3254.5
1374610 3254.0
1374620 3254.0
1374630 3253.6
1374640 3252.9
1374650 3252.9
1374660 3251.9
1374670 3250.9
1374680 3250.9
1374690 3249.8
1374700 3248.5
1374710 3253.2
1374720 3251.8
1374730 3250.0
1374740 3250.0
1374750 3248.0
1374760 3245.9
1374770 3243.9
1374780 3243.9
1374790 3242.3
1374800 3241.0
1374810 3241.0
1374820 3240.0
1374830 3239.3
1374840 3239.3
1374850 3238.7
1374860 3238.4
1374870 3238.4
1374880 3238.1
1374890 3238.1
1374900 3238.1
1374910 3238.8
1374920 3240.1
1374930 3240.1
1374940 3242.2
1374950 3244.6
1374960 3244.6
1374970 3247.2
1374980 3249.5
1374990 3249.5
1375000 3251.6
1375010 3254.3
1375020 3257.2
1375030 3257.2
1375040 3260.6
1375050 3264.2
1375060 3264.2
1375070 3267.6
1375080 3270.7
1375090 3270.7
1375100 3273.8
1375110 3277.1
1375120 3277.1
1375130 3280.7
1375140 3284.6
1375150 3284.6
1375160 3288.6
1375170 3292.8
1375180 3292.8
1375190 3297.0
1375200 3301.2
1375210 3301.2
1375220 3305.5
1375230 3310.6
1375240 3318.1
1375250 3318.1
1375260 3326.4
1375270 3333.9
1375280 3333.9
1375290 3342.2
1375300 3348.0
1375310 3348.0
1375320 3349.6
1375330 3354.0
1375340 3354.0
1375350 3356.3
1375360 3357.5
1375370 3357.5
1375380 3358.5
1375390 3359.4
1375400 3359.4
1375410 3360.5
1375420 3361.6
1375430 3361.6
1375440 3363.2
1375450 3365.0
1375460 3367.0
1375470 3367.0
1375480 3369.3
1375490 3372.2
1375500 3372.2
1375510 3375.5
1375520 3378.7
1375530 3378.7
1375540 3381.9
1375550 3385.2
1375560 3385.2
1375570 3388.3
1375580 3390.9
1375590 3390.9
1375600 3393.2
1375610 3395.3
1375620 3395.3
1375630 3397.1
1375640 3398.9
1375650 3398.9
1375660 3400.5
1375670 3402.1
1375680 3403.6
1375690 3403.6
1375700 3404.9
1375710 3406.2
1375720 3406.2
1375730 3407.4
1375740 3408.4
1375750 3408.4
1375760 3409.2
1375770 3409.8
1375780 3409.8
1375790 3410.0
1375800 3409.8
1375810 3409.8
1375820 3409.5
1375830 3409.0
1375840 3409.0
1375850 3408.4
1375860 3407.7
1375870 3405.4
1375880 3404.5
1375890 3403.5
1375900 3402.0
1375910 3402.0
1375920 3399.9
1375930 3397.2
1375940 3397.2
1375950 3394.5
1375960 3392.2
1375970 3392.2
1375980 3390.2
1375990 3387.7
1376000 3387.7
1376010 3383.8
1376020 3382.6
1376030 3382.6
1376040 3379.9
1376050 3377.0
1376060 3377.0
1376070 3374.0
1376080 3371.2
1376090 3371.2
1376100 3368.6
1376110 3366.1
1376120 3363.8
1376130 3363.8
1376140 3361.4
1376150 3359.1
1376160 3359.1
1376170 3356.7
1376180 3354.4
1376190 3354.4
1376200 3350.5
1376210 3342.9
1376220 3342.9
1376230 3344.5
1376240 3342.9
1376250 3342.9
1376260 3339.8
1376270 3336.6
1376280 3336.6
1376290 3333.3
1376300 3329.8
1376310 3329.8
1376320 3326.2
1376330 3322.7
1376340 3319.2
1376350 3319.2
1376360 3315.5
1376370 3311.8
1376380 3311.8
1376390 3308.0
1376400 3304.4
1376410 3304.4
1376420 3300.4
1376430 3296.2
1376440 3296.2
1376450 3292.1
1376460 3288.3
1376470 3288.3
1376480 3284.8
1376490 3282.0
1376500 3282.0
1376510 3279.4
1376520 3274.3
1376530 3274.3
1376540 3273.4
1376550 3270.2
1376560 3270.2
1376570 3266.6
1376580 3263.1
1376590 3257.7
1376600 3257.7
1376610 3254.7
1376620 3251.7
1376630 3251.7
1376640 3247.7
1376650 3243.0
1376660 3243.0
1376670 3238.4
1376680 3234.0
1376690 3234.0
1376700 3230.0
1376710 3226.0
1376720 3226.0
1376730 3222.0
1376740 3218.0
1376750 3218.0
1376760 3214.1
1376770 3210.5
1376780 3210.5
1376790 3207.2
1376800 3204.4
1376810 3201.9
1376820 3201.9
1376830 3199.7
1376840 3197.7
1376850 3197.7
1376860 3196.0
1376870 3194.5
1376880 3194.5
1376890 3193.1
1376900 3191.8
1376910 3191.8
1376920 3190.3
1376930 3188.2
1376940 3188.2
1376950 3184.5
1376960 3185.6
1376970 3185.6
1376980 3184.3
1376990 3183.5
1377000 3183.5
1377010 3181.8
1377020 3179.9
1377030 3174.2
1377040 3173.3
1377050 3170.3
1377060 3168.1
1377070 3168.1
1377080 3167.4
1377090 3164.9
1377100 3164.9
1377110 3161.8
1377120 3161.0
1377130 3161.0
1377140 3157.7
1377150 3154.4
1377160 3154.4
1377170 3150.6
1377180 3146.8
1377190 3146.8
1377200 3141.2
1377210 3133.1
1377220 3133.1
1377230 3130.9
1377240 3126.1
1377250 3124.7
1377260 3124.7
1377270 3119.9
1377280 3114.3
1377290 3114.3
1377300 3109.8
1377310 3104.4
1377320 3104.4
1377330 3099.9
1377340 3096.5
1377350 3096.5
1377360 3092.6
1377370 3088.6
1377380 3088.6
1377390 3084.2
1377400 3079.4
1377410 3079.4
1377420 3075.0
1377430 3070.9
1377440 3070.9
1377450 3067.0
1377460 3063.4
1377470 3059.6
1377480 3059.6
1377490 3056.2
1377500 3052.8
1377510 3052.8
1377520 3048.7
1377530 3044.2
1377540 3044.2
1377550 3040.7
1377560 3037.8
1377570 3037.8
1377580 3034.3
1377590 3030.9
1377600 3030.9
1377610 3027.6
1377620 3024.6
1377630 3024.6
1377640 3021.7
1377650 3019.1
1377660 3019.1
1377670 3016.7
1377680 3014.1
1377690 3011.0
1377700 3011.0
1377710 3007.8
1377720 3004.6
1377730 3004.6
1377740 2999.6
1377750 2997.6
1377760 2997.6
1377770 2995.9
1377780 2992.8
1377790 2992.8
1377800 2990.6
1377810 2987.8
1377820 2987.8
1377830 2985.0
1377840 2982.0
1377850 2982.0
1377860 2978.0
1377870 2972.4
1377880 2972.4
1377890 2973.6
1377900 2969.8
1377910 2965.3
1377920 2965.3
1377930 2963.0
1377940 2959.9
1377950 2959.9
1377960 2955.1
1377970 2950.7
1377980 2950.7
1377990 2946.5
1378000 2942.1
1378010 2942.1
1378020 2937.6
1378030 2933.8
1378040 2933.8
1378050 2930.0
1378060 2926.0
1378070 2926.0
1378080 2922.1
1378090 2918.4
1378100 2918.4
1378110 2914.9
1378120 2911.5
1378130 2911.5
1378140 2908.2
1378150 2905.0
1378160 2902.2
1378170 2902.2
1378180 2899.5
1378190 2897.2
1378200 2897.2
1378210 2895.1
1378220 2892.9
1378230 2892.8
1378240 2890.7
1378250 2888.8
1378260 2888.8
1378270 2886.6
1378280 2883.9
1378290 2883.9
1378300 2881.8
1378310 2879.4
1378320 2879.4
1378330 2877.0
1378340 2874.2
1378350 2874.2
1378360 2871.0
1378370 2868.0
1378380 2864.6
1378390 2864.6
1378400 2861.1
1378410 2857.0
1378420 2857.0
1378430 2853.5
1378440 2849.9
1378450 2849.9
1378460 2846.1
1378470 2842.3
1378480 2842.3
1378490 2837.7
1378500 2833.1
1378510 2833.1
1378520 2828.0
1378530 2822.4
1378540 2822.4
1378550 2816.1
1378560 2809.2
1378570 2809.2
1378580 2801.9
1378590 2794.5
1378600 2787.6
1378610 2787.6
1378620 2781.2
1378630 2775.5
1378640 2775.5
1378650 2770.4
1378660 2766.0
1378670 2766.0
1378680 2762.2
1378690 2758.8
1378700 2758.8
1378710 2755.6
1378720 2752.4
1378730 2752.4
1378740 2749.2
1378750 2746.2
1378760 2746.2
1378770 2743.7
1378780 2741.4
1378790 2741.4
1378800 2739.5
1378810 2737.9
1378820 2736.6
1378830 2736.6
1378840 2735.4
1378850 2734.3
1378860 2734.3
1378870 2733.4
1378880 2732.4
1378890 2732.4
1378900 2731.5
1378910 2730.0
1378920 2730.0
1378930 2729.3
1378940 2726.8
1378950 2726.8
1378960 2723.8
1378970 2721.1
1378980 2721.1
1378990 2713.8
1379000 2716.6
1379010 2716.6
1379020 2710.9
1379030 2709.9
1379040 2707.7
1379050 2707.7
1379060 2703.9
1379070 2699.2
1379080 2699.2
1379090 2695.6
1379100 2689.0
1379110 2689.0
1379120 2683.8
1379130 2677.3
1379140 2677.3
1379150 2673.7
1379160 2669.8
1379170 2669.8
1379180 2663.4
1379190 2655.9
1379200 2655.9
1379210 2652.3
1379220 2644.8
1379230 2644.8
1379240 2639.5
1379250 2633.4
1379260 2627.0
1379270 2627.0
1379280 2620.1
1379290 2615.6
1379300 2615.6
1379310 2612.1
1379320 2607.9
1379330 2607.9
1379340 2603.5
1379350 2598.7
1379360 2598.7
1379370 2594.6
1379380 2589.5
1379390 2589.5
1379400 2584.5
1379410 2579.1
1379420 2579.1
1379430 2577.5
1379440 2571.5
1379450 2571.5
1379460 2563.6
1379470 2559.0
1379480 2559.0
1379490 2548.4
1379500 2539.9
1379510 2532.4
1379520 2532.4
1379530 2524.3
1379540 2517.0
1379550 2517.0
1379560 2510.9
1379570 2505.2
1379580 2505.2
1379590 2498.9
1379600 2494.2
1379610 2494.2
1379620 2490.9
1379630 2487.8
1379640 2487.8
1379650 2484.6
1379660 2481.9
1379670 2481.9
1379680 2478.8
1379690 2475.5
1379700 2475.5
1379710 2472.3
1379720 2468.9
1379730 2465.6
1379740 2465.6
1379750 2462.5
1379760 2459.6
1379770 2459.6
1379780 2456.7
1379790 2453.7
1379800 2453.7
1379810 2450.8
1379820 2447.9
1379830 2447.9
1379840 2445.1
1379850 2442.2
1379860 2442.2
1379870 2439.0
1379880 2435.5
1379890 2435.5
1379900 2432.1
1379910 2428.5
1379920 2428.5
1379930 2424.7
1379940 2421.0
1379950 2417.3
1379960 2417.3
1379970 2413.2
1379980 2409.1
1379990 2409.1
