1360000 2509.7
1360010 2510.1
1360020 2510.1
1360030 2510.9
1360040 2511.6
1360050 2511.6
1360060 2511.5
1360070 2510.4
1360080 2510.4
1360090 2510.2
1360100 2510.8
1360110 2510.8
1360120 2512.4
1360130 2515.2
1360140 2515.2
1360150 2518.3
1360160 2522.1
1360170 2522.1
1360180 2525.4
1360190 2527.4
1360200 2528.7
1360210 2528.7
1360220 2530.6
1360230 2532.4
1360240 2532.4
1360250 2533.9
1360260 2535.2
1360270 2535.2
1360280 2534.8
1360290 2534.6
1360300 2534.6
1360310 2536.8
1360320 2542.0
1360330 2542.0
1360340 2548.4
1360350 2553.1
1360360 2553.1
1360370 2554.2
1360380 2555.7
1360390 2555.7
1360400 2556.2
1360410 2556.5
1360420 2557.3
1360430 2557.3
1360440 2557.7
1360450 2558.0
1360460 2558.0
1360470 2560.6
1360480 2566.4
1360490 2566.4
1360500 2572.8
1360510 2579.4
1360520 2579.4
1360530 2584.9
1360540 2588.5
1360550 2588.5
1360560 2589.6
1360570 2589.8
1360580 2589.8
1360590 2590.9
1360600 2592.3
1360610 2592.3
1360620 2594.2
1360630 2596.1
1360640 2599.6
1360650 2599.6
1360660 2603.5
1360670 2608.4
1360680 2608.4
1360690 2614.0
1360700 2620.4
1360710 2620.4
1360720 2626.7
1360730 2630.3
1360740 2630.3
1360750 2631.4
1360760 2631.3
1360770 2631.3
1360780 2631.4
1360790 2632.0
1360800 2632.0
1360810 2632.9
1360820 2634.3
1360830 2634.2
1360840 2635.1
1360850 2636.2
1360860 2637.4
1360870 2637.4
1360880 2638.6
1360890 2639.8
1360900 2639.8
1360910 2641.0
1360920 2642.5
1360930 2642.5
1360940 2644.3
1360950 2646.3
1360960 2646.3
1360970 2648.4
1360980 2650.0
1360990 2650.0
1361000 2650.6
1361010 2650.7
1361020 2650.7
1361030 2650.1
1361040 2650.9
1361050 2650.9
1361060 2654.6
1361070 2659.2
1361080 2659.2
1361090 2663.3
1361100 2665.7
1361110 2668.0
1361120 2668.0
1361130 2667.9
1361140 2668.7
1361150 2668.7
1361160 2671.9
1361170 2673.6
1361180 2673.6
1361190 2675.6
1361200 2677.9
1361210 2677.9
1361220 2680.0
1361230 2681.9
1361240 2681.9
1361250 2683.7
1361260 2685.7
1361270 2685.7
1361280 2688.1
1361290 2689.9
1361300 2689.9
1361310 2691.3
1361320 2693.7
1361330 2695.9
1361340 2695.9
1361350 2697.8
1361360 2700.1
1361370 2700.1
1361380 2700.2
1361390 2701.8
1361400 2701.8
1361410 2704.0
1361420 2704.9
1361430 2704.9
1361440 2707.7
1361450 2711.4
1361460 2711.4
1361470 2715.6
1361480 2718.8
1361490 2718.8
1361500 2722.4
1361510 2725.9
1361520 2725.9
1361530 2729.6
1361540 2734.1
1361550 2738.7
1361560 2738.7
1361570 2743.2
1361580 2749.8
1361590 2749.8
1361600 2756.9
1361610 2760.9
1361620 2760.9
1361630 2765.5
1361640 2769.4
1361650 2769.4
1361660 2771.5
1361670 2775.7
1361680 2775.7
1361690 2779.1
1361700 2782.6
1361710 2782.6
1361720 2785.2
1361730 2788.5
1361740 2788.5
1361750 2792.6
1361760 2796.4
1361770 2799.9
1361780 2799.9
1361790 2803.0
1361800 2804.7
1361810 2804.7
1361820 2807.6
1361830 2811.8
1361840 2811.8
1361850 2817.4
1361860 2822.9
1361870 2822.9
1361880 2829.2
1361890 2835.3
1361900 2835.3
1361910 2841.3
1361920 2846.6
1361930 2846.6
1361940 2851.3
1361950 2855.8
1361960 2855.8
1361970 2860.0
1361980 2863.7
1361990 2863.7
1362000 2867.1
1362010 2870.4
1362020 2873.7
1362030 2873.7
1362040 2876.8
1362050 2879.8
1362060 2879.8
1362070 2882.9
1362080 2885.9
1362090 2885.9
1362100 2888.9
1362110 2891.8
1362120 2891.8
1362130 2894.8
1362140 2897.8
1362150 2897.8
1362160 2900.6
1362170 2903.9
1362180 2903.9
1362190 2906.8
1362200 2910.4
1362210 2910.4
1362220 2913.7
1362230 2917.1
1362240 2920.2
1362250 2920.2
1362260 2923.2
1362270 2926.6
1362280 2926.6
1362290 2929.9
1362300 2933.2
1362310 2933.2
1362320 2936.5
1362330 2939.7
1362340 2939.7
1362350 2942.9
1362360 2946.3
1362370 2946.3
1362380 2949.7
1362390 2953.0
1362400 2953.0
1362410 2955.1
1362420 2955.7
1362430 2955.7
1362440 2963.5
1362450 2979.7
1362460 2997.9
1362470 2997.9
1362480 3008.8
1362490 3017.0
1362500 3017.0
1362510 3022.0
1362520 3022.6
1362530 3022.6
1362540 3019.9
1362550 3020.5
1362560 3020.5
1362570 3023.1
1362580 3026.2
1362590 3026.2
1362600 3030.0
1362610 3034.0
1362620 3034.0
1362630 3038.2
1362640 3042.7
1362650 3042.7
1362660 3047.3
1362670 3052.6
1362680 3057.7
1362690 3057.7
1362700 3063.1
1362710 3068.4
1362720 3068.4
1362730 3073.9
1362740 3079.1
1362750 3079.1
1362760 3084.1
1362770 3089.8
1362780 3089.8
1362790 3098.3
1362800 3111.5
1362810 3111.5
1362820 3121.3
1362830 3130.3
1362840 3130.3
1362850 3140.1
1362860 3148.2
1362870 3148.2
1362880 3146.6
1362890 3140.6
1362900 3160.9
1362910 3150.7
1362920 3138.9
1362930 3123.1
1362940 3123.1
1362950 3106.7
1362960 3089.1
1362970 3089.1
1362980 3067.9
1362990 3053.8
1363000 3053.8
1363010 3041.7
1363020 3023.5
1363030 3023.5
1363040 3011.4
1363050 3006.3
1363060 3006.3
1363070 3002.9
1363080 2999.2
1363090 2999.2
1363100 2995.8
1363110 2991.6
1363120 2991.6
1363130 2987.8
1363140 2984.6
1363150 2981.1
1363160 2981.1
1363170 2977.8
1363180 2974.8
1363190 2974.8
1363200 2971.9
1363210 2969.2
1363220 2969.2
1363230 2966.6
1363240 2964.3
1363250 2964.3
1363260 2962.0
1363270 2959.6
1363280 2959.6
1363290 2956.9
1363300 2954.4
1363310 2954.4
1363320 2952.1
1363330 2949.9
1363340 2949.9
1363350 2947.6
1363360 2945.6
1363370 2944.6
1363380 2944.6
1363390 2944.9
1363400 2945.8
1363410 2945.8
1363420 2946.1
1363430 2945.8
1363440 2945.8
1363450 2945.7
1363460 2946.0
1363470 2946.0
1363480 2946.2
1363490 2946.1
1363500 2946.1
1363510 2945.1
1363520 2944.8
1363530 2944.8
1363540 2943.5
1363550 2943.2
1363560 2943.2
1363570 2945.2
1363580 2948.0
1363590 2957.1
1363600 2957.1
1363610 2968.9
1363620 2975.6
1363630 2975.6
1363640 2985.4
1363650 3002.3
1363660 3002.3
1363670 3007.8
1363680 2995.2
1363690 2995.2
1363700 2978.8
1363710 2963.6
1363720 2963.6
1363730 2954.0
1363740 2946.0
1363750 2946.0
1363760 2939.4
1363770 2933.4
1363780 2933.4
1363790 2928.1
1363800 2924.0
1363810 2924.0
1363820 2920.4
1363830 2914.0
1363840 2906.3
1363850 2906.3
1363860 2899.1
1363870 2894.0
1363880 2894.0
1363890 2889.6
1363900 2884.1
1363910 2884.1
1363920 2878.7
1363930 2874.3
1363940 2874.3
1363950 2872.5
1363960 2868.2
1363970 2868.2
1363980 2863.9
1363990 2859.1
1364000 2859.1
1364010 2854.7
1364020 2850.7
1364030 2850.7
1364040 2846.3
1364050 2841.7
1364060 2837.7
1364070 2837.7
1364080 2833.7
1364090 2830.0
1364100 2830.0
1364110 2826.4
1364120 2823.0
1364130 2823.0
1364140 2819.4
1364150 2815.9
1364160 2815.9
1364170 2812.2
1364180 2808.7
1364190 2808.7
1364200 2804.8
1364210 2800.6
1364220 2800.6
1364230 2795.7
1364240 2790.7
1364250 2790.7
1364260 2785.1
1364270 2779.2
1364280 2773.1
1364290 2773.1
1364300 2767.9
1364310 2763.1
1364320 2763.1
1364330 2759.5
1364340 2755.4
1364350 2755.4
1364360 2752.0
1364370 2748.3
1364380 2748.3
1364390 2744.4
1364400 2739.9
1364410 2739.9
1364420 2735.7
1364430 2729.4
1364440 2729.4
1364450 2723.4
1364460 2716.3
1364470 2716.3
1364480 2710.6
1364490 2705.6
1364500 2701.2
1364510 2701.2
1364520 2696.5
1364530 2691.6
1364540 2691.6
1364550 2686.4
1364560 2681.4
1364570 2681.4
1364580 2676.5
1364590 2672.6
1364600 2672.6
1364610 2668.4
1364620 2662.8
1364630 2662.8
1364640 2652.1
1364650 2638.0
1364660 2638.0
1364670 2632.2
1364680 2626.8
1364690 2626.8
1364700 2618.5
1364710 2610.1
1364720 2610.1
1364730 2607.6
1364740 2603.8
1364750 2597.5
1364760 2597.5
1364770 2590.7
1364780 2584.5
1364790 2584.5
1364800 2583.5
1364810 2582.2
1364820 2582.2
1364830 2580.8
1364840 2578.5
1364850 2578.5
1364860 2575.9
1364870 2573.3
1364880 2573.3
1364890 2570.1
1364900 2566.1
1364910 2566.1
1364920 2563.3
1364930 2560.6
1364940 2560.6
1364950 2556.6
1364960 2552.7
1364970 2548.1
1364980 2548.1
1364990 2544.2
1365000 2542.7
1365010 2542.7
1365020 2540.5
1365030 2538.3
1365040 2538.3
1365050 2535.7
1365060 2533.4
1365070 2533.4
1365080 2531.7
1365090 2529.8
1365100 2529.8
1365110 2528.0
1365120 2526.4
1365130 2526.4
1365140 2524.3
1365150 2520.0
1365160 2520.0
1365170 2515.0
1365180 2511.9
1365190 2513.3
1365200 2513.3
1365210 2515.3
1365220 2519.4
1365230 2519.4
1365240 2522.7
1365250 2524.0
1365260 2524.0
1365270 2523.4
1365280 2521.5
1365290 2521.5
1365300 2516.9
1365310 2511.7
1365320 2511.7
1365330 2507.1
1365340 2503.0
1365350 2503.0
1365360 2502.3
1365370 2502.9
1365380 2502.9
1365390 2500.7
1365400 2497.9
1365410 2494.3
1365420 2494.3
1365430 2489.8
1365440 2484.0
1365450 2484.0
1365460 2477.9
1365470 2471.9
1365480 2471.9
1365490 2466.0
1365500 2460.8
1365510 2460.8
1365520 2456.8
1365530 2450.3
1365540 2450.3
1365550 2441.2
1365560 2431.1
1365570 2431.1
1365580 2420.0
1365590 2410.6
1365600 2410.6
1365610 2404.7
1365620 2399.7
1365630 2394.4
1365640 2394.4
1365650 2387.4
1365660 2380.7
1365670 2380.7
1365680 2374.8
1365690 2369.4
1365700 2369.4
1365710 2363.1
1365720 2357.5
1365730 2357.5
1365740 2353.3
1365750 2347.4
1365760 2347.4
1365770 2342.9
1365780 2340.0
1365790 2340.0
1365800 2338.2
1365810 2338.0
1365820 2338.0
1365830 2339.3
1365840 2340.2
1365850 2340.2
1365860 2341.3
1365870 2342.9
1365880 2344.5
1365890 2344.5
1365900 2346.9
1365910 2348.9
1365920 2348.9
1365930 2350.8
1365940 2355.3
1365950 2355.3
1365960 2362.1
1365970 2368.4
1365980 2368.4
1365990 2372.0
1366000 2374.6
1366010 2374.6
1366020 2377.2
1366030 2379.3
1366040 2379.3
1366050 2380.3
1366060 2381.6
1366070 2382.9
1366080 2386.3
1366090 2388.1
1366100 2389.1
1366110 2389.1
1366120 2388.4
1366130 2388.1
1366140 2388.1
1366150 2387.3
1366160 2387.9
1366170 2387.9
1366180 2389.4
1366190 2389.4
1366200 2389.4
1366210 2390.3
1366220 2391.5
1366230 2391.5
1366240 2391.3
1366250 2386.8
1366260 2386.8
1366270 2382.8
1366280 2377.2
1366290 2377.2
1366300 2371.0
1366310 2366.3
1366320 2365.2
1366330 2365.2
1366340 2364.7
1366350 2362.5
1366360 2362.5
1366370 2360.5
1366380 2358.6
1366390 2358.6
1366400 2356.3
1366410 2353.3
1366420 2353.3
1366430 2348.2
1366440 2342.6
1366450 2342.6
1366460 2339.1
1366470 2336.7
1366480 2336.7
1366490 2333.2
1366500 2330.3
1366510 2330.3
1366520 2325.1
1366530 2321.0
1366540 2317.7
1366550 2317.7
1366560 2310.1
1366570 2303.9
1366580 2303.9
1366590 2297.0
1366600 2289.2
1366610 2289.2
1366620 2276.1
1366630 2269.0
1366640 2269.0
1366650 2262.5
1366660 2255.7
1366670 2255.7
1366680 2251.3
1366690 2241.8
1366700 2241.8
1366710 2218.5
1366720 2198.2
1366730 2198.2
1366740 2184.2
1366750 2180.2
1366760 2180.2
1366770 2180.3
1366780 2179.3
1366790 2174.6
1366800 2174.6
1366810 2167.2
1366820 2160.0
1366830 2160.0
1366840 2155.4
1366850 2149.7
1366860 2149.7
1366870 2142.8
1366880 2145.2
1366890 2145.2
1366900 2147.2
1366910 2145.3
1366920 2145.3
1366930 2141.9
1366940 2142.0
1366950 2142.0
1366960 2141.9
1366970 2137.7
1366980 2137.7
1366990 2134.1
1367000 2129.7
1367010 2126.2
1367020 2126.2
1367030 2121.6
1367040 2116.9
1367050 2116.9
1367060 2111.6
1367070 2108.1
1367080 2108.1
1367090 2103.3
1367100 2097.7
1367110 2097.7
1367120 2094.0
1367130 2089.6
1367140 2095.3
1367150 2091.0
1367160 2086.6
1367170 2086.6
1367180 2081.9
1367190 2077.0
1367200 2077.0
1367210 2073.7
1367220 2070.3
1367230 2066.7
1367240 2066.7
1367250 2063.2
1367260 2059.0
1367270 2059.0
1367280 2055.6
1367290 2052.5
1367300 2052.5
1367310 2049.3
1367320 2046.1
1367330 2046.1
1367340 2041.4
1367350 2039.2
1367360 2039.2
1367370 2037.3
1367380 2035.7
1367390 2035.7
1367400 2035.7
1367410 2036.7
1367420 2036.7
1367430 2038.5
1367440 2038.0
1367450 2037.7
1367460 2037.7
1367470 2037.5
1367480 2037.6
1367490 2037.6
1367500 2038.3
1367510 2038.7
1367520 2038.7
1367530 2038.3
1367540 2036.7
1367550 2036.7
1367560 2037.8
1367570 2039.0
1367580 2039.0
1367590 2039.5
1367600 2039.9
1367610 2039.9
1367620 2039.3
1367630 2040.5
1367640 2040.5
1367650 2042.4
1367660 2043.9
1367670 2043.9
1367680 2044.8
1367690 2046.4
1367700 2048.1
1367710 2048.1
1367720 2050.0
1367730 2051.4
1367740 2051.4
1367750 2053.2
1367760 2055.1
1367770 2055.1
1367780 2057.4
1367790 2060.8
1367800 2060.8
1367810 2063.6
1367820 2066.1
1367830 2066.1
1367840 2069.5
1367850 2073.2
1367860 2073.2
1367870 2075.6
1367880 2079.7
1367890 2079.7
1367900 2084.8
1367910 2090.5
1367920 2096.0
1367930 2096.0
1367940 2101.6
1367950 2107.6
1367960 2107.6
1367970 2113.9
1367980 2119.2
1367990 2119.2
1368000 2124.8
1368010 2130.0
1368020 2130.0
1368030 2135.3
1368040 2141.2
1368050 2141.2
1368060 2147.0
1368070 2153.3
1368080 2153.3
1368090 2159.1
1368100 2166.1
1368110 2166.1
1368120 2174.5
1368130 2184.6
1368140 2195.3
1368150 2195.3
1368160 2209.7
1368170 2218.1
1368180 2218.1
1368190 2222.4
1368200 2225.7
1368210 2225.7
1368220 2231.5
1368230 2243.4
1368240 2243.4
1368250 2251.9
1368260 2259.3
1368270 2259.3
1368280 2266.0
1368290 2271.6
1368300 2271.6
1368310 2277.0
1368320 2283.4
1368330 2283.4
1368340 2289.7
1368350 2296.4
1368360 2303.4
1368370 2303.4
1368380 2310.9
1368390 2320.2
1368400 2320.2
1368410 2329.8
1368420 2341.1
1368430 2341.1
1368440 2351.8
1368450 2363.2
1368460 2363.2
1368470 2371.5
1368480 2377.6
1368490 2377.6
1368500 2382.7
1368510 2385.9
1368520 2385.9
1368530 2389.1
1368540 2392.5
1368550 2392.5
1368560 2396.9
1368570 2400.4
1368580 2400.4
1368590 2403.6
1368600 2407.0
1368610 2409.9
1368620 2409.9
1368630 2412.7
1368640 2415.7
1368650 2415.7
1368660 2418.8
1368670 2422.1
1368680 2422.1
1368690 2425.6
1368700 2428.9
1368710 2428.9
1368720 2431.9
1368730 2435.5
1368740 2435.5
1368750 2439.8
1368760 2444.5
1368770 2444.5
1368780 2449.6
1368790 2455.0
1368800 2455.0
1368810 2460.4
1368820 2465.0
1368830 2469.5
1368840 2469.5
1368850 2474.0
1368860 2478.0
1368870 2478.0
1368880 2481.5
1368890 2485.0
1368900 2485.0
1368910 2488.3
1368920 2491.9
1368930 2491.9
1368940 2495.0
1368950 2498.3
1368960 2498.3
1368970 2502.4
1368980 2506.3
1368990 2506.3
1369000 2510.5
1369010 2515.8
1369020 2515.8
1369030 2519.7
1369040 2522.9
1369050 2525.9
1369060 2525.9
1369070 2529.6
1369080 2532.0
1369090 2532.0
1369100 2533.6
1369110 2536.2
1369120 2536.2
1369130 2540.6
1369140 2546.2
1369150 2546.2
1369160 2550.9
1369170 2554.5
1369180 2554.5
1369190 2557.2
1369200 2560.3
1369210 2560.3
1369220 2563.4
1369230 2567.0
1369240 2567.0
1369250 2570.4
1369260 2573.9
1369270 2577.5
1369280 2577.5
1369290 2581.0
1369300 2584.4
1369310 2584.4
1369320 2587.7
1369330 2588.7
1369340 2588.7
1369350 2590.9
1369360 2594.2
1369370 2594.2
1369380 2598.6
1369390 2603.7
1369400 2603.7
1369410 2608.4
1369420 2612.8
1369430 2612.8
1369440 2616.6
1369450 2620.9
1369460 2620.9
1369470 2625.3
1369480 2629.6
1369490 2629.6
1369500 2632.5
1369510 2635.0
1369520 2637.9
1369530 2637.9
1369540 2641.2
1369550 2644.3
1369560 2644.3
1369570 2648.1
1369580 2652.9
1369590 2652.9
1369600 2655.7
1369610 2658.3
1369620 2658.3
1369630 2660.4
1369640 2663.0
1369650 2663.0
1369660 2666.5
1369670 2671.2
1369680 2671.2
1369690 2675.7
1369700 2681.3
1369710 2681.3
1369720 2688.4
1369730 2693.2
1369740 2694.5
1369750 2694.5
1369760 2695.9
1369770 2697.1
1369780 2697.1
1369790 2699.1
1369800 2700.6
1369810 2700.6
1369820 2702.4
1369830 2704.7
1369840 2704.7
1369850 2708.2
1369860 2711.9
1369870 2711.9
1369880 2714.9
1369890 2715.8
1369900 2715.8
1369910 2715.3
1369920 2714.6
1369930 2714.6
1369940 2715.1
1369950 2716.7
1369960 2717.4
1369970 2717.4
1369980 2717.0
1369990 2716.1
1370000 2716.1
1370010 2714.0
1370020 2714.5
1370030 2714.5
1370040 2714.9
1370050 2715.6
1370060 2715.6
1370070 2716.6
1370080 2717.3
1370090 2717.3
1370100 2717.5
1370110 2718.8
1370120 2718.8
1370130 2720.1
1370140 2721.1
1370150 2721.1
1370160 2722.1
1370170 2722.3
1370180 2723.2
1370190 2723.2
1370200 2723.8
1370210 2724.4
1370220 2724.4
1370230 2724.6
1370240 2724.4
1370250 2724.4
1370260 2725.5
1370270 2726.2
1370280 2726.2
1370290 2726.4
1370300 2725.7
1370310 2725.7
1370320 2726.1
1370330 2727.5
1370340 2727.5
1370350 2726.7
1370360 2724.6
1370370 2724.6
1370380 2723.1
1370390 2719.8
1370400 2716.7
1370410 2716.7
1370420 2716.8
1370430 2715.5
1370440 2715.5
1370450 2716.1
1370460 2715.7
1370470 2715.7
1370480 2715.1
1370490 2713.7
1370500 2713.7
1370510 2712.7
1370520 2711.9
1370530 2711.9
1370540 2710.7
1370550 2709.4
1370560 2709.4
1370570 2708.1
1370580 2708.7
1370590 2708.7
1370600 2708.2
1370610 2707.3
1370620 2707.3
1370630 2707.5
1370640 2707.4
1370650 2706.5
1370660 2706.5
1370670 2705.0
1370680 2703.9
1370690 2703.9
1370700 2703.1
1370710 2703.1
1370720 2703.1
1370730 2704.0
1370740 2705.9
1370750 2705.9
1370760 2705.3
1370770 2704.2
1370780 2704.2
1370790 2703.9
1370800 2704.9
1370810 2704.9
1370820 2705.6
1370830 2704.8
1370840 2704.8
1370850 2703.8
1370860 2702.4
1370870 2700.5
1370880 2700.5
1370890 2699.5
1370900 2699.3
1370910 2699.3
1370920 2697.5
1370930 2695.0
1370940 2695.0
1370950 2693.0
1370960 2687.9
1370970 2687.9
1370980 2679.9
1370990 2674.6
1371000 2674.6
1371010 2669.7
1371020 2661.0
1371030 2661.0
1371040 2655.2
1371050 2651.3
1371060 2651.3
1371070 2645.3
1371080 2640.5
1371090 2635.0
1371100 2635.0
1371110 2631.3
1371120 2626.7
1371130 2626.7
1371140 2621.1
1371150 2616.0
1371160 2616.0
1371170 2613.3
1371180 2610.7
1371190 2610.7
1371200 2607.0
1371210 2602.1
1371220 2602.1
1371230 2597.1
1371240 2592.5
1371250 2592.5
1371260 2587.6
1371270 2583.1
1371280 2583.1
1371290 2578.7
1371300 2576.1
1371310 2572.1
1371320 2572.1
1371330 2568.4
1371340 2568.6
1371350 2568.6
1371360 2569.7
1371370 2571.1
1371380 2571.1
1371390 2572.8
1371400 2574.7
1371410 2574.7
1371420 2576.6
1371430 2578.6
1371440 2578.6
1371450 2580.5
1371460 2582.4
1371470 2582.4
1371480 2584.2
1371490 2586.1
1371500 2586.1
1371510 2587.9
1371520 2589.7
1371530 2589.7
1371540 2591.6
1371550 2594.4
1371560 2596.7
1371570 2596.7
1371580 2599.2
1371590 2602.3
1371600 2602.3
1371610 2605.8
1371620 2609.6
1371630 2609.6
1371640 2613.8
1371650 2617.9
1371660 2617.9
1371670 2622.2
1371680 2626.2
1371690 2626.2
1371700 2630.0
1371710 2633.5
1371720 2633.5
1371730 2636.6
1371740 2639.3
1371750 2639.3
1371760 2642.0
1371770 2644.5
1371780 2647.1
1371790 2647.1
1371800 2649.5
1371810 2652.1
1371820 2652.1
1371830 2654.6
1371840 2657.0
1371850 2657.0
1371860 2659.7
1371870 2662.4
1371880 2662.4
1371890 2665.4
1371900 2668.6
1371910 2668.6
1371920 2672.0
1371930 2675.5
1371940 2675.5
1371950 2679.1
1371960 2682.5
1371970 2682.5
1371980 2686.1
1371990 2689.6
1372000 2692.8
1372010 2692.8
1372020 2696.4
1372030 2699.5
1372040 2699.5
1372050 2701.6
1372060 2703.3
1372070 2703.3
1372080 2706.1
1372090 2708.4
1372100 2708.4
1372110 2711.5
1372120 2711.0
1372130 2711.0
1372140 2716.3
1372150 2718.1
1372160 2718.1
1372170 2721.7
1372180 2724.3
1372190 2724.3
1372200 2726.7
1372210 2729.1
1372220 2731.7
1372230 2731.7
1372240 2734.4
1372250 2736.3
1372260 2736.3
1372270 2735.4
1372280 2733.9
1372290 2733.9
1372300 2740.1
1372310 2741.7
1372320 2741.7
1372330 2743.5
1372340 2744.0
1372350 2744.0
1372360 2744.8
1372370 2745.2
1372380 2745.2
1372390 2745.6
1372400 2745.2
1372410 2745.2
1372420 2743.9
1372430 2746.3
1372440 2746.3
1372450 2748.7
1372460 2753.2
1372470 2756.1
1372480 2756.1
1372490 2759.4
1372500 2763.5
1372510 2763.5
1372520 2767.7
1372530 2771.1
1372540 2771.1
1372550 2773.7
1372560 2775.7
1372570 2775.7
1372580 2778.7
1372590 2782.1
1372600 2782.1
1372610 2785.2
1372620 2788.4
1372630 2788.4
1372640 2791.6
1372650 2793.9
1372660 2793.9
1372670 2796.8
1372680 2801.7
1372690 2804.2
1372700 2804.2
1372710 2806.7
1372720 2809.7
1372730 2809.7
1372740 2813.0
1372750 2816.3
1372760 2816.3
1372770 2819.3
1372780 2822.3
1372790 2822.3
1372800 2825.5
1372810 2828.1
1372820 2828.1
1372830 2831.4
1372840 2835.2
1372850 2835.2
1372860 2839.0
1372870 2842.0
1372880 2842.0
1372890 2844.7
1372900 2848.0
1372910 2850.7
1372920 2850.7
1372930 2853.3
1372940 2856.1
1372950 2856.1
1372960 2858.6
1372970 2861.2
1372980 2861.2
1372990 2863.8
1373000 2866.0
1373010 2866.0
1373020 2867.9
1373030 2870.3
1373040 2870.3
1373050 2872.5
1373060 2874.7
1373070 2874.7
1373080 2876.7
1373090 2878.4
1373100 2878.4
1373110 2879.9
1373120 2881.7
1373130 2883.4
1373140 2883.4
1373150 2884.9
1373160 2886.4
1373170 2886.4
1373180 2888.0
1373190 2889.7
1373200 2889.7
1373210 2891.3
1373220 2893.3
1373230 2893.3
1373240 2895.4
1373250 2897.4
1373260 2897.4
1373270 2899.4
1373280 2901.3
1373290 2901.3
1373300 2903.0
1373310 2904.7
1373320 2904.7
1373330 2906.1
1373340 2907.6
1373350 2907.6
1373360 2909.0
1373370 2910.2
1373380 2911.3
1373390 2911.3
1373400 2912.1
1373410 2912.9
1373420 2912.9
1373430 2913.7
1373440 2914.4
1373450 2914.4
1373460 2915.2
1373470 2916.0
1373480 2916.0
1373490 2916.7
1373500 2917.5
1373510 2917.5
1373520 2918.2
1373530 2919.1
1373540 2919.1
1373550 2920.0
1373560 2921.1
1373570 2921.1
1373580 2921.9
1373590 2922.7
1373600 2923.5
1373610 2923.5
1373620 2924.2
1373630 2925.0
1373640 2925.0
1373650 2925.7
1373660 2926.5
1373670 2926.5
1373680 2927.3
1373690 2928.0
1373700 2928.0
1373710 2928.9
1373720 2929.9
1373730 2929.9
1373740 2930.9
1373750 2932.1
1373760 2932.1
1373770 2933.3
1373780 2934.7
1373790 2934.7
1373800 2936.2
1373810 2937.7
1373820 2941.4
1373830 2941.4
1373840 2942.9
1373850 2944.4
1373860 2944.4
1373870 2945.9
1373880 2947.5
1373890 2947.5
1373900 2949.1
1373910 2950.9
1373920 2950.9
1373930 2953.1
1373940 2955.6
1373950 2955.6
1373960 2958.1
1373970 2960.8
1373980 2960.8
1373990 2963.6
1374000 2966.0
1374010 2966.0
1374020 2968.9
1374030 2971.3
1374040 2973.6
1374050 2973.6
1374060 2975.4
1374070 2976.7
1374080 2976.7
1374090 2978.6
1374100 2980.2
1374110 2980.2
1374120 2979.9
1374130 2979.5
1374140 2979.5
1374150 2979.1
1374160 2978.6
1374170 2978.6
1374180 2976.3
1374190 2975.3
1374200 2975.3
1374210 2976.0
1374220 2978.9
1374230 2978.9
1374240 2980.0
1374250 2980.3
1374260 2980.4
1374270 2980.4
1374280 2980.0
1374290 2980.2
1374300 2980.2
1374310 2980.0
1374320 2979.4
1374330 2979.4
1374340 2978.7
1374350 2978.0
1374360 2978.0
1374370 2977.3
1374380 2976.6
1374390 2976.6
1374400 2976.0
1374410 2975.7
1374420 2975.7
1374430 2975.5
1374440 2975.2
1374450 2975.2
1374460 2975.2
1374470 2975.5
1374480 2975.5
1374490 2975.8
1374500 2976.2
1374510 2976.5
1374520 2976.5
1374530 2975.9
1374540 2976.4
1374550 2976.4
1374560 2976.6
1374570 2976.5
1374580 2976.5
1374590 2976.3
1374600 2976.1
1374610 2976.1
1374620 2975.9
1374630 2975.7
1374640 2975.7
1374650 2975.2
1374660 2975.5
1374670 2975.5
1374680 2973.2
1374690 2971.3
1374700 2971.3
1374710 2967.1
1374720 2967.9
1374730 2971.9
1374740 2971.9
1374750 2972.1
1374760 2970.6
1374770 2970.6
1374780 2968.8
1374790 2966.8
1374800 2966.8
1374810 2964.1
1374820 2963.4
1374830 2963.4
1374840 2961.6
1374850 2959.9
1374860 2959.9
1374870 2957.7
1374880 2955.8
1374890 2955.8
1374900 2954.1
1374910 2951.4
1374920 2951.4
1374930 2948.2
1374940 2945.4
1374950 2942.4
1374960 2942.4
1374970 2944.3
1374980 2941.5
1374990 2941.5
1375000 2939.0
1375010 2936.7
1375020 2936.7
1375030 2935.1
1375040 2933.7
1375050 2933.7
1375060 2932.4
1375070 2931.1
1375080 2931.1
1375090 2929.6
1375100 2928.2
1375110 2928.2
1375120 2927.1
1375130 2926.5
1375140 2926.5
1375150 2926.4
1375160 2926.9
1375170 2928.0
1375180 2928.0
1375190 2929.5
1375200 2931.0
1375210 2931.0
1375220 2932.3
1375230 2933.3
1375240 2933.3
1375250 2933.9
1375260 2934.4
1375270 2934.4
1375280 2934.5
1375290 2933.9
1375300 2933.9
1375310 2936.1
1375320 2937.8
1375330 2937.8
1375340 2939.6
1375350 2942.2
1375360 2942.2
1375370 2946.4
1375380 2958.5
1375390 2958.5
1375400 2970.0
1375410 2979.0
1375420 2987.5
1375430 2987.5
1375440 2997.3
1375450 3007.1
1375460 3007.1
1375470 3016.5
1375480 3011.5
1375490 3011.5
1375500 2998.5
1375510 2988.9
1375520 2988.9
1375530 2980.9
1375540 2973.3
1375550 2973.3
1375560 2964.6
1375570 2955.2
1375580 2955.2
1375590 2946.6
1375600 2939.4
1375610 2939.4
1375620 2931.3
1375630 2922.9
1375640 2915.9
1375650 2915.9
1375660 2910.3
1375670 2904.4
1375680 2904.4
1375690 2899.5
1375700 2895.1
1375710 2895.1
1375720 2889.1
1375730 2885.9
1375740 2885.9
1375750 2882.2
1375760 2878.9
1375770 2878.9
1375780 2875.8
1375790 2872.6
1375800 2872.6
1375810 2869.1
1376010 2799.2
1376020 2799.2
1376030 2795.9
1376040 2793.3
1376050 2793.3
1376060 2790.6
1376070 2787.8
1376080 2784.3
1376090 2784.3
1376100 2780.6
1376110 2777.2
1376120 2777.2
1376130 2778.6
1376140 2776.4
1376150 2776.4
1376160 2774.6
1376170 2773.0
1376180 2773.0
1376190 2771.7
1376200 2770.8
1376210 2770.8
1376220 2769.9
1376230 2769.0
1376240 2769.0
1376250 2768.0
1376260 2766.9
1376270 2766.9
1376280 2765.7
1376290 2764.6
1376300 2764.6
1376310 2763.5
1376320 2762.2
1376330 2760.9
1376340 2760.9
1376350 2759.5
1376360 2758.1
1376370 2758.1
1376380 2756.8
1376390 2755.6
1376400 2755.6
1376410 2754.4
1376420 2753.4
1376430 2753.4
1376440 2752.3
1376450 2751.1
1376460 2751.1
1376470 2749.9
1376480 2748.8
1376490 2748.8
1376500 2747.8
1376510 2746.8
1376520 2746.8
1376530 2746.1
1376540 2745.8
1376550 2745.6
1376560 2745.6
1376570 2745.6
1376580 2745.9
1376590 2745.9
1376600 2746.2
1376610 2746.5
1376620 2746.5
1376630 2747.2
1376640 2748.1
1376650 2748.1
1376660 2747.3
1376670 2746.6
1376680 2746.6
1376690 2744.6
1376700 2743.1
1376710 2743.1
1376720 2743.5
1376730 2743.6
1376740 2743.6
1376750 2742.8
1376760 2741.3
1376770 2740.1
1376780 2740.1
1376790 2739.0
1376800 2737.7
1376810 2737.7
1376820 2736.3
1376830 2734.8
1376840 2734.8
1376850 2733.1
1376860 2731.2
1376870 2731.2
1376880 2729.2
1376890 2727.1
1376900 2727.1
1376910 2724.8
1376920 2722.6
1376930 2722.6
1376940 2720.3
1376950 2718.0
1376960 2718.0
1376970 2715.9
1376980 2713.6
1376990 2711.4
1377000 2711.4
1377010 2709.1
1377020 2706.7
1377030 2706.7
1377040 2704.3
1377050 2701.9
1377060 2701.9
1377070 2699.7
1377080 2697.2
1377090 2697.2
1377100 2694.7
1377110 2692.1
1377120 2692.1
1377130 2690.0
1377140 2688.4
1377150 2688.4
1377160 2686.6
1377170 2685.2
1377180 2685.2
1377190 2683.8
1377200 2682.1
1377210 2682.1
1377220 2680.2
1377230 2678.5
1377240 2677.5
1377250 2677.5
1377260 2676.8
1377270 2676.6
1377280 2676.6
1377290 2676.3
1377300 2676.1
1377310 2682.0
1377320 2681.9
1377330 2682.0
1377340 2682.0
1377350 2682.9
1377360 2684.5
1377370 2684.5
1377380 2683.7
1377390 2682.1
1377400 2682.1
1377410 2681.2
1377420 2680.3
1377430 2680.3
1377440 2677.3
1377450 2677.0
1377460 2676.6
1377470 2676.6
1377480 2675.9
1377490 2673.5
1377500 2673.5
1377510 2672.8
1377520 2670.5
1377530 2670.5
1377540 2668.5
1377550 2667.2
1377560 2667.2
1377570 2665.0
1377580 2663.9
1377590 2663.9
1377600 2662.7
1377610 2660.8
1377620 2660.8
1377630 2658.4
1377640 2657.2
1377650 2657.2
1377660 2656.0
1377670 2654.1
1377680 2653.4
1377690 2653.4
1377700 2652.2
1377710 2651.4
1377720 2651.4
1377730 2650.8
1377740 2650.6
1377750 2650.6
1377760 2651.6
1377770 2657.7
1377780 2657.7
1377790 2668.2
1377800 2673.1
1377810 2673.1
1377820 2674.5
1377830 2671.4
1377840 2671.4
1377850 2668.2
1377860 2663.7
1377870 2663.7
1377880 2658.5
1377890 2654.9
1377900 2649.1
1377910 2649.1
1377920 2647.7
1377930 2645.3
1377940 2645.3
1377950 2640.9
1377960 2634.8
1377970 2634.8
1377980 2628.5
1377990 2621.1
1378000 2621.1
1378010 2617.8
1378020 2617.1
1378030 2617.1
1378040 2615.8
1378050 2617.2
1378060 2617.2
1378070 2617.7
1378080 2614.1
1378090 2614.1
1378100 2608.7
1378110 2603.8
1378120 2602.8
1378130 2602.8
1378140 2600.1
1378150 2594.7
1378160 2594.7
1378170 2583.2
1378180 2575.9
1378190 2575.9
1378200 2576.0
1378210 2574.7
1378220 2574.7
1378230 2572.1
1378240 2573.1
1378250 2573.1
1378260 2573.4
1378270 2575.4
1378280 2575.4
1378290 2576.8
1378300 2575.3
1378310 2575.3
1378320 2577.5
1378330 2582.3
1378340 2582.3
1378350 2585.7
1378360 2590.9
1378370 2594.5
1378380 2594.5
1378390 2597.1
1378400 2599.6
1378410 2599.6
1378420 2604.5
1378430 2607.0
1378440 2607.0
1378450 2609.5
1378460 2610.6
1378470 2610.6
1378480 2610.7
1378490 2611.0
1378500 2617.1
1378510 2617.7
1378520 2618.7
1378530 2618.7
1378540 2618.7
1378550 2618.2
1378560 2618.2
1378570 2617.8
1378580 2619.7
1378590 2622.1
1378600 2622.1
1378610 2624.8
1378620 2627.7
1378630 2627.7
1378640 2631.5
1378650 2636.0
1378660 2636.0
1378670 2641.0
1378680 2646.0
1378690 2646.0
1378700 2650.7
1378710 2650.9
1378720 2650.9
1378730 2648.8
1378740 2648.1
1378750 2648.1
1378760 2648.4
1378770 2649.4
1378780 2649.4
1378790 2650.5
1378800 2652.1
1378810 2654.2
1378820 2654.2
1378830 2657.5
1378840 2661.3
1378850 2661.3
1378860 2665.2
1378870 2668.6
1378880 2668.6
1378890 2670.0
1378900 2673.0
1378910 2673.0
1378920 2677.2
1378930 2681.8
1378940 2681.8
1378950 2687.4
1378960 2697.4
1378970 2697.4
1378980 2709.7
1378990 2718.3
1379000 2718.3
1379010 2727.0
1379020 2734.7
1379030 2742.9
1379040 2742.9
1379050 2749.4
1379060 2757.5
1379070 2757.5
1379080 2767.0
1379090 2777.0
1379100 2777.0
1379110 2784.0
1379120 2789.1
1379130 2789.1
1379140 2792.5
1379150 2796.1
1379160 2796.1
1379170 2799.0
1379180 2801.9
1379190 2801.9
1379200 2799.5
1379210 2794.9
1379220 2794.9
1379230 2792.2
1379240 2791.7
1379250 2791.7
1379260 2792.6
1379270 2796.2
1379280 2801.7
1379290 2801.7
1379300 2802.9
1379310 2799.1
1379320 2799.1
1379330 2799.5
1379340 2799.6
1379350 2799.6
1379360 2792.6
1379370 2787.7
1379380 2787.7
1379390 2787.4
1379400 2791.4
1379410 2791.4
1379420 2795.7
1379430 2794.3
1379440 2794.3
1379450 2793.4
1379460 2795.3
1379470 2795.3
1379480 2801.0
1379490 2808.4
1379500 2813.6
1379510 2813.6
1379520 2812.7
1379530 2815.9
1379540 2815.9
1379550 2820.7
1379560 2823.0
1379570 2823.0
1379580 2821.7
1379590 2817.4
1379600 2817.4
1379610 2813.5
1379620 2808.9
1379630 2808.9
1379640 2803.3
1379650 2797.4
1379660 2797.4
1379670 2792.4
1379680 2787.4
1379690 2787.4
1379700 2777.2
1379710 2772.3
1379720 2767.6
1379730 2767.6
1379740 2762.2
1379750 2756.2
1379760 2756.2
1379770 2750.8
1379780 2746.6
1379790 2746.6
1379800 2741.7
1379810 2738.1
1379820 2738.1
1379830 2735.2
1379840 2732.8
1379850 2732.8
1379860 2730.4
1379870 2728.1
1379880 2728.1
1379890 2725.0
1379900 2722.0
1379910 2722.0
1379920 2717.9
1379930 2713.3
1379940 2707.4
1379950 2707.4
1379960 2704.9
1379970 2706.0
1379980 2706.0
1379990 2707.5
