1360000 2565.8
1360010 2564.8
1360020 2564.8
1360030 2564.7
1360040 2565.2
1360050 2566.5
1360060 2566.5
1360070 2568.0
1360080 2570.4
1360090 2570.4
1360100 2571.5
1360110 2571.9
1360120 2571.9
1360130 2573.7
1360140 2576.3
1360150 2576.3
1360160 2577.0
1360170 2576.7
1360180 2576.7
1360190 2575.8
1360200 2574.6
1360210 2574.6
1360220 2574.6
1360230 2576.2
1360240 2576.2
1360250 2578.2
1360260 2580.6
1360270 2582.6
1360280 2582.6
1360290 2585.3
1360300 2586.5
1360310 2586.5
1360320 2588.2
1360330 2589.2
1360340 2589.2
1360350 2590.2
1360360 2591.6
1360370 2591.6
1360380 2593.5
1360390 2595.9
1360400 2595.9
1360410 2597.0
1360420 2596.5
1360430 2596.5
1360440 2595.5
1360450 2595.6
1360460 2595.6
1360470 2596.5
1360480 2597.1
1360490 2597.8
1360500 2597.8
1360510 2596.7
1360520 2597.2
1360530 2597.2
1360540 2599.8
1360550 2604.2
1360560 2604.2
1360570 2609.2
1360580 2612.5
1360590 2612.5
1360600 2615.2
1360610 2618.8
1360620 2618.8
1360630 2622.9
1360640 2629.1
1360650 2629.1
1360660 2635.6
1360670 2641.8
1360680 2641.8
1360690 2648.3
1360700 2655.0
1360710 2659.9
1360720 2659.9
1360730 2661.6
1360740 2662.1
1360750 2662.1
1360760 2662.8
1360770 2664.7
1360780 2664.7
1360790 2666.1
1360800 2667.8
1360810 2667.8
1360820 2669.7
1360830 2671.2
1360840 2671.2
1360850 2671.6
1360860 2671.2
1360870 2671.2
1360880 2670.0
1360890 2668.2
1360900 2668.2
1360910 2665.6
1360920 2663.3
1360930 2663.3
1360940 2662.0
1360950 2663.3
1360960 2665.0
1360970 2665.0
1360980 2667.7
1360990 2670.1
1361000 2670.1
1361010 2673.1
1361020 2676.1
1361030 2676.1
1361040 2679.0
1361050 2681.4
1361060 2681.4
1361070 2683.6
1361080 2686.4
1361090 2686.4
1361100 2688.2
1361110 2690.4
1361120 2690.4
1361130 2691.9
1361140 2692.7
1361150 2692.7
1361160 2693.4
1361170 2694.7
1361180 2696.2
1361190 2696.2
1361200 2697.1
1361210 2698.7
1361220 2698.7
1361230 2700.1
1361240 2700.3
1361250 2700.3
1361260 2701.8
1361270 2703.5
1361280 2703.5
1361290 2706.9
1361300 2710.2
1361310 2710.2
1361320 2714.0
1361330 2717.7
1361340 2717.7
1361350 2721.4
1361360 2725.2
1361370 2725.2
1361380 2730.6
1361390 2735.7
1361400 2740.2
1361410 2740.2
1361420 2744.2
1361430 2747.1
1361440 2747.1
1361450 2748.6
1361460 2750.2
1361470 2750.5
1361480 2753.6
1361490 2756.4
1361500 2756.4
1361510 2758.5
1361520 2760.3
1361530 2760.3
1361540 2762.8
1361550 2762.0
1361560 2762.0
1361570 2762.6
1361580 2764.4
1361590 2764.4
1361600 2765.0
1361610 2767.6
1361620 2771.0
1361630 2771.0
1361640 2773.6
1361650 2776.0
1361660 2776.0
1361670 2777.7
1361680 2779.8
1361690 2779.8
1361700 2782.2
1361710 2784.7
1361720 2784.7
1361730 2787.4
1361740 2789.1
1361750 2789.1
1361760 2791.4
1361770 2794.3
1361780 2794.3
1361790 2797.8
1361800 2801.6
1361810 2801.6
1361820 2806.3
1361830 2811.4
1361840 2811.4
1361850 2816.7
1361860 2821.8
1361870 2827.0
1361880 2827.0
1361890 2832.3
1361900 2837.5
1361910 2837.5
1361920 2842.6
1361930 2847.6
1361940 2847.6
1361950 2852.4
1361960 2856.7
1361970 2856.7
1361980 2860.6
1361990 2864.1
1362000 2864.1
1362010 2867.4
1362020 2870.4
1362030 2870.4
1362040 2873.3
1362050 2876.2
1362060 2876.2
1362070 2879.2
1362080 2882.3
1362090 2885.5
1362100 2885.5
1362110 2888.6
1362120 2891.9
1362130 2891.9
1362140 2895.2
1362150 2898.5
1362160 2898.5
1362170 2902.2
1362180 2906.1
1362190 2906.1
1362200 2909.9
1362210 2913.7
1362220 2913.7
1362230 2917.4
1362240 2921.3
1362250 2921.3
1362260 2925.2
1362270 2929.3
1362280 2929.3
1362290 2933.6
1362300 2937.9
1362310 2942.0
1362320 2942.0
1362330 2946.2
1362340 2950.4
1362350 2950.4
1362360 2954.6
1362370 2958.9
1362380 2958.9
1362390 2963.3
1362400 2967.7
1362410 2967.7
1362420 2971.9
1362430 2976.1
1362440 2976.1
1362450 2980.5
1362460 2985.7
1362470 2985.7
1362480 2991.7
1362490 2998.1
1362500 2994.1
1362510 3003.5
1362520 3021.7
1362530 3035.1
1362540 3035.1
1362550 3047.6
1362560 3055.5
1362570 3055.5
1362580 3065.8
1362590 3079.6
1362600 3079.6
1362610 3093.5
1362620 3103.6
1362630 3103.6
1362640 3113.0
1362650 3127.2
1362660 3127.2
1362670 3141.6
1362680 3154.5
1362690 3154.5
1362700 3153.2
1362710 3139.7
1362720 3139.7
1362730 3130.9
1362740 3130.1
1362750 3130.1
1362760 3120.5
1362770 3097.3
1362780 3080.1
1362790 3080.1
1362800 3061.8
1362810 3045.4
1362820 3045.4
1362830 3034.8
1362840 3023.1
1362850 3023.1
1362860 3014.8
1362870 3013.8
1362880 3013.8
1362890 3012.3
1362900 3006.2
1362910 3006.2
1362920 2999.2
1362930 2995.1
1362940 2995.1
1362950 2996.5
1362960 2993.7
1362970 2993.7
1362980 2990.6
1362990 2989.0
1363000 2986.0
1363010 2986.0
1363020 2980.9
1363030 2979.0
1363040 2979.0
1363050 2978.5
1363060 2973.6
1363070 2973.6
1363080 2969.5
1363090 2965.6
1363100 2965.6
1363110 2960.0
1363120 2956.2
1363130 2956.2
1363140 2953.2
1363150 2948.4
1363160 2948.4
1363170 2927.4
1363180 2909.3
1363190 2909.3
1363200 2901.2
1363210 2900.8
1363220 2900.7
1363230 2900.7
1363240 2899.0
1363250 2895.8
1363260 2895.8
1363270 2892.2
1363280 2888.9
1363290 2888.9
1363300 2885.8
1363310 2883.5
1363320 2883.5
1363330 2882.2
1363340 2881.1
1363350 2881.1
1363360 2880.1
1363370 2879.1
1363380 2879.1
1363390 2878.4
1363400 2877.6
1363410 2877.6
1363420 2876.8
1363430 2876.4
1363440 2875.9
1363450 2875.9
1363460 2875.3
1363470 2874.3
1363480 2874.3
1363490 2873.3
1363500 2872.9
1363510 2872.9
1363520 2872.7
1363530 2872.3
1363540 2872.3
1363550 2875.8
1363560 2875.4
1363570 2875.4
1363580 2874.8
1363590 2874.4
1363600 2874.4
1363610 2873.8
1363620 2873.3
1363630 2873.3
1363640 2872.8
1363650 2872.6
1363660 2872.6
1363670 2872.7
1363680 2873.3
1363690 2874.1
1363700 2874.1
1363710 2874.9
1363720 2875.8
1363730 2875.8
1363740 2877.8
1363750 2879.8
1363760 2879.8
1363770 2881.9
1363780 2884.2
1363790 2884.2
1363800 2887.9
1363810 2899.2
1363820 2899.2
1363830 2910.5
1363840 2913.9
1363850 2913.9
1363860 2905.2
1363870 2897.7
1363880 2897.7
1363890 2888.3
1363900 2879.5
1363910 2873.0
1363920 2873.0
1363930 2870.2
1363940 2869.9
1363950 2869.9
1363960 2869.3
1363970 2864.3
1363980 2864.3
1363990 2861.2
1364000 2860.0
1364010 2860.0
1364020 2858.3
1364030 2857.6
1364040 2857.6
1364050 2855.1
1364060 2850.0
1364070 2850.0
1364080 2845.9
1364090 2842.2
1364100 2842.2
1364110 2837.6
1364120 2831.2
1364130 2824.0
1364140 2824.0
1364150 2817.0
1364160 2811.2
1364170 2811.2
1364180 2803.1
1364190 2797.1
1364200 2797.1
1364210 2790.8
1364220 2783.1
1364230 2783.1
1364240 2772.0
1364250 2760.6
1364260 2760.6
1364270 2750.8
1364280 2744.9
1364290 2744.9
1364300 2739.5
1364310 2733.9
1364320 2733.9
1364330 2728.7
1364340 2724.1
1364350 2720.1
1364360 2720.1
1364370 2716.1
1364380 2712.2
1364390 2712.2
1364400 2709.1
1364410 2705.8
1364420 2705.8
1364430 2703.0
1364440 2698.5
1364450 2698.5
1364460 2695.1
1364470 2691.0
1364480 2691.0
1364490 2686.6
1364500 2681.6
1364510 2681.6
1364520 2678.5
1364530 2674.2
1364540 2674.2
1364550 2667.6
1364560 2660.1
1364570 2660.1
1364580 2657.8
1364590 2654.3
1364600 2650.0
1364610 2650.0
1364620 2645.6
1364630 2640.7
1364640 2640.7
1364650 2635.1
1364660 2628.8
1364670 2628.8
1364680 2622.8
1364690 2615.4
1364700 2615.4
1364710 2609.0
1364720 2606.6
1364730 2606.6
1364740 2602.0
1364750 2596.5
1364760 2596.5
1364770 2590.5
1364780 2585.7
1364790 2585.7
1364800 2580.6
1364810 2575.4
1364820 2570.1
1364830 2570.1
1364840 2565.0
1364850 2560.2
1364860 2560.2
1364870 2555.5
1364880 2551.8
1364890 2551.8
1364900 2546.9
1364910 2542.5
1364920 2542.5
1364930 2538.2
1364940 2533.2
1364950 2533.2
1364960 2529.2
1364970 2524.9
1364980 2524.9
1364990 2520.6
1365000 2516.5
1365010 2516.5
1365020 2512.9
1365030 2508.3
1365040 2502.3
1365050 2502.3
1365060 2496.4
1365070 2493.0
1365080 2493.0
1365090 2490.9
1365100 2489.3
1365110 2489.3
1365120 2487.4
1365130 2484.9
1365140 2484.9
1365150 2482.7
1365160 2480.4
1365170 2480.4
1365180 2477.3
1365190 2472.9
1365200 2472.9
1365210 2468.2
1365220 2465.1
1365230 2465.1
1365240 2462.7
1365250 2460.9
1365260 2458.5
1365270 2458.5
1365280 2455.9
1365290 2454.6
1365300 2454.6
1365310 2451.9
1365320 2449.0
1365330 2449.0
1365340 2447.4
1365350 2445.1
1365360 2445.1
1365370 2443.5
1365380 2442.3
1365390 2442.3
1365400 2440.2
1365410 2437.8
1365420 2437.8
1365430 2435.5
1365440 2433.5
1365450 2433.5
1365460 2431.3
1365470 2428.2
1365480 2428.2
1365490 2424.3
1365500 2420.0
1365510 2414.4
1365520 2414.4
1365530 2408.6
1365540 2404.1
1365550 2404.1
1365560 2400.4
1365570 2396.6
1365580 2396.6
1365590 2392.4
1365600 2387.3
1365610 2387.3
1365620 2381.7
1365630 2375.7
1365640 2375.7
1365650 2369.5
1365660 2363.8
1365670 2364.3
1365680 2358.7
1365690 2352.6
1365700 2352.6
1365710 2346.9
1365720 2341.1
1365730 2335.6
1365740 2335.6
1365750 2330.5
1365760 2325.4
1365770 2325.4
1365780 2320.9
1365790 2317.6
1365800 2317.6
1365810 2315.4
1365820 2314.0
1365830 2314.0
1365840 2311.8
1365850 2312.4
1365860 2312.4
1365870 2312.4
1365880 2313.0
1365890 2313.0
1365900 2314.5
1365910 2316.2
1365920 2316.2
1365930 2318.1
1365940 2320.5
1365950 2324.0
1365960 2324.0
1365970 2328.0
1365980 2332.5
1365990 2332.5
1366000 2336.1
1366010 2336.7
1366020 2336.7
1366030 2334.5
1366040 2333.1
1366050 2333.1
1366060 2331.4
1366070 2331.4
1366080 2331.4
1366090 2330.7
1366100 2331.0
1366110 2331.0
1366120 2329.5
1366130 2328.2
1366140 2328.2
1366150 2325.5
1366160 2323.0
1366170 2323.1
1366180 2323.1
1366190 2321.8
1366200 2318.2
1366210 2318.2
1366220 2316.4
1366230 2316.9
1366240 2316.9
1366250 2314.5
1366260 2308.8
1366270 2308.8
1366280 2302.4
1366290 2295.7
1366300 2295.7
1366310 2289.0
1366320 2284.2
1366330 2284.2
1366340 2278.9
1366350 2273.7
1366360 2273.7
1366370 2268.5
1366380 2264.4
1366390 2264.4
1366400 2260.3
1366410 2255.7
1366420 2251.0
1366430 2251.0
1366440 2244.2
1366450 2235.1
1366460 2235.1
1366470 2225.6
1366480 2213.5
1366490 2213.5
1366500 2202.1
1366510 2190.9
1366520 2190.9
1366530 2181.4
1366540 2176.5
1366550 2176.5
1366560 2167.5
1366570 2159.8
1366580 2159.8
1366590 2152.9
1366600 2146.5
1366610 2146.5
1366620 2142.7
1366630 2140.0
1366640 2136.6
1366650 2136.6
1366660 2132.6
1366670 2127.9
1366680 2127.9
1366690 2122.8
1366700 2118.3
1366710 2118.3
1366720 2113.8
1366730 2109.5
1366740 2113.6
1366750 2109.1
1366760 2104.6
1366770 2104.6
1366780 2100.2
1366790 2096.7
1366800 2096.7
1366810 2093.6
1366820 2089.7
1366830 2089.7
1366840 2085.2
1366850 2083.2
1366860 2080.5
1366870 2080.5
1366880 2077.3
1366890 2074.4
1366900 2074.4
1366910 2070.3
1366920 2064.2
1366930 2064.2
1366940 2057.6
1366950 2053.3
1366960 2053.3
1366970 2050.8
1366980 2046.5
1366990 2046.5
1367000 2042.8
1367010 2039.6
1367020 2039.6
1367030 2035.9
1367040 2031.3
1367050 2031.3
1367060 2025.6
1367070 2021.2
1367080 2018.8
1367090 2018.8
1367100 2018.5
1367110 2019.5
1367120 2019.5
1367130 2019.7
1367140 2017.2
1367150 2017.2
1367160 2016.4
1367170 2015.7
1367180 2015.7
1367190 2014.8
1367200 2013.8
1367210 2013.8
1367220 2013.0
1367230 2012.0
1367240 2012.0
1367250 2011.5
1367260 2010.7
1367270 2010.7
1367280 2010.5
1367290 2010.6
1367300 2010.6
1367310 2011.4
1367320 2012.1
1367330 2012.8
1367340 2012.8
1367350 2014.6
1367360 2017.3
1367370 2017.3
1367380 2019.5
1367390 2021.3
1367400 2021.3
1367410 2022.8
1367420 2024.1
1367430 2024.1
1367440 2025.4
1367450 2026.3
1367460 2026.3
1367470 2027.6
1367480 2029.5
1367490 2029.5
1367500 2030.8
1367510 2031.7
1367520 2031.7
1367530 2032.2
1367540 2032.9
1367550 2033.8
1367560 2033.8
1367570 2035.2
1367580 2036.3
1367590 2036.3
1367600 2038.2
1367610 2039.4
1367620 2039.4
1367630 2040.8
1367640 2043.1
1367650 2043.1
1367660 2046.4
1367670 2050.4
1367680 2050.4
1367690 2054.4
1367700 2059.6
1367710 2059.6
1367720 2067.4
1367730 2073.6
1367740 2073.6
1367750 2080.3
1367760 2087.2
1367770 2091.2
1367780 2091.2
1367790 2095.1
1367800 2098.9
1367810 2098.9
1367820 2098.5
1367830 2105.3
1367840 2105.3
1367850 2109.7
1367860 2114.4
1367870 2114.4
1367880 2118.2
1367890 2123.7
1367900 2123.7
1367910 2130.6
1367920 2137.8
1367930 2137.8
1367940 2145.4
1367950 2153.1
1367960 2153.1
1367970 2162.6
1367980 2172.1
1367990 2178.3
1368000 2178.3
1368010 2183.7
1368020 2194.3
1368030 2194.3
1368040 2205.3
1368050 2214.4
1368060 2214.4
1368070 2225.2
1368080 2236.5
1368090 2236.5
1368100 2255.0
1368110 2263.6
1368120 2263.6
1368130 2265.7
1368140 2264.4
1368150 2264.4
1368160 2265.0
1368170 2265.5
1368180 2265.5
1368190 2267.7
1368200 2273.6
1368210 2273.6
1368220 2280.7
1368230 2288.1
1368240 2294.6
1368250 2294.6
1368260 2301.8
1368270 2308.4
1368280 2308.4
1368290 2315.8
1368300 2324.3
1368310 2324.3
1368320 2333.2
1368330 2342.1
1368340 2342.1
1368350 2350.0
1368360 2357.9
1368370 2357.9
1368380 2365.8
1368390 2374.0
1368400 2374.0
1368410 2382.1
1368420 2388.8
1368430 2388.8
1368440 2392.5
1368450 2395.5
1368460 2397.7
1368470 2397.7
1368480 2399.1
1368490 2401.0
1368500 2401.0
1368510 2403.5
1368520 2406.4
1368530 2406.4
1368540 2410.3
1368550 2412.9
1368560 2412.9
1368570 2415.2
1368580 2418.4
1368590 2418.4
1368600 2422.7
1368610 2427.1
1368620 2427.1
1368630 2431.8
1368640 2436.3
1368650 2436.3
1368660 2440.9
1368670 2445.7
1368680 2449.2
1368690 2449.2
1368700 2452.7
1368710 2455.5
1368720 2455.5
1368730 2459.0
1368740 2463.5
1368750 2463.5
1368760 2467.4
1368770 2470.6
1368780 2470.6
1368790 2473.7
1368800 2477.0
1368810 2477.0
1368820 2479.6
1368830 2481.4
1368840 2481.4
1368850 2484.3
1368860 2487.6
1368870 2487.6
1368880 2491.2
1368890 2494.3
1368900 2497.5
1368910 2495.4
1368920 2498.5
1368930 2501.6
1368940 2501.6
1368950 2504.2
1368960 2506.9
1368970 2506.9
1368980 2509.7
1368990 2513.0
1369000 2513.0
1369010 2517.2
1369020 2520.9
1369030 2520.9
1369040 2524.2
1369050 2526.6
1369060 2526.6
1369070 2529.7
1369080 2532.1
1369090 2532.1
1369100 2534.7
1369110 2537.3
1369120 2537.3
1369130 2541.3
1369140 2544.4
1369150 2546.3
1369160 2546.3
1369170 2549.5
1369180 2555.4
1369190 2555.4
1369200 2560.6
1369210 2566.4
1369220 2566.4
1369230 2571.6
1369240 2577.3
1369250 2577.3
1369260 2583.2
1369270 2588.8
1369280 2588.8
1369290 2594.2
1369300 2598.9
1369310 2598.9
1369320 2603.7
1369330 2608.9
1369340 2608.9
1369350 2612.6
1369360 2616.6
1369370 2620.5
1369380 2620.5
1369390 2625.6
1369400 2633.1
1369410 2633.1
1369420 2639.3
1369430 2643.5
1369440 2643.5
1369450 2649.0
1369460 2654.9
1369470 2654.9
1369480 2660.3
1369490 2665.1
1369500 2665.1
1369510 2670.1
1369520 2673.7
1369530 2673.7
1369540 2676.8
1369550 2680.3
1369560 2680.3
1369570 2683.7
1369580 2687.1
1369590 2689.7
1369600 2689.7
1369610 2692.5
1369620 2695.7
1369630 2695.7
1369640 2699.5
1369650 2702.8
1369660 2702.8
1369670 2707.4
1369680 2712.7
1369690 2712.7
1369700 2719.1
1369710 2724.6
1369720 2724.6
1369730 2730.4
1369740 2734.4
1369750 2734.4
1369760 2739.4
1369770 2744.7
1369780 2744.7
1369790 2752.4
1369800 2763.7
1369810 2775.1
1369820 2775.1
1369830 2785.9
1369840 2791.6
1369850 2791.6
1369860 2794.2
1369870 2796.7
1369880 2796.7
1369890 2797.7
1369900 2797.9
1369910 2797.9
1369920 2794.0
1369930 2788.4
1369940 2788.4
1369950 2788.1
1369960 2788.6
1369970 2788.6
1369980 2789.1
1369990 2789.1
1370000 2789.1
1370010 2780.6
1370020 2782.1
1370030 2782.1
1370040 2783.4
1370050 2785.3
1370060 2786.3
1370070 2786.3
1370080 2785.5
1370090 2786.6
1370100 2786.6
1370110 2789.5
1370120 2791.8
1370130 2791.8
1370140 2788.3
1370150 2785.8
1370160 2785.8
1370170 2786.6
1370180 2788.2
1370190 2788.2
1370200 2788.8
1370210 2790.3
1370220 2790.3
1370230 2792.1
1370240 2792.2
1370250 2792.2
1370260 2794.6
1370270 2796.1
1370280 2793.6
1370290 2793.6
1370300 2793.5
1370310 2791.4
1370320 2791.4
1370330 2789.5
1370340 2788.9
1370350 2788.9
1370360 2788.4
1370370 2785.6
1370380 2785.6
1370390 2784.1
1370400 2782.8
1370410 2782.8
1370420 2782.2
1370430 2782.2
1370440 2782.2
1370450 2780.5
1370460 2778.5
1370470 2778.5
1370480 2776.1
1370490 2775.7
1370500 2776.0
1370510 2776.0
1370520 2775.8
1370530 2774.8
1370540 2774.8
1370550 2774.8
1370560 2774.5
1370570 2774.5
1370580 2774.8
1370590 2775.5
1370600 2775.5
1370610 2776.0
1370620 2777.1
1370630 2777.1
1370640 2778.5
1370650 2779.6
1370660 2779.6
1370670 2778.9
1370680 2777.1
1370690 2777.1
1370700 2775.7
1370710 2774.4
1370720 2773.0
1370730 2773.0
1370740 2771.6
1370750 2771.1
1370760 2771.1
1370770 2771.5
1370780 2770.9
1370790 2770.9
1370800 2769.6
1370810 2767.9
1370820 2767.9
1370830 2766.9
1370840 2765.7
1370850 2765.7
1370860 2763.2
1370870 2761.9
1370880 2761.9
1370890 2762.3
1370900 2760.6
1370910 2760.6
1370920 2758.6
1370930 2758.8
1370940 2758.8
1370950 2760.3
1370960 2762.3
1370970 2763.9
1370980 2763.9
1370990 2762.4
1371000 2759.1
1371010 2759.1
1371020 2754.9
1371030 2751.3
1371040 2751.3
1371050 2745.4
1371060 2741.5
1371070 2741.5
1371080 2736.7
1371090 2730.7
1371100 2730.7
1371110 2725.0
1371120 2720.2
1371130 2719.1
1371140 2713.7
1371150 2708.1
1371160 2708.1
1371170 2700.6
1371180 2692.6
1371190 2683.6
1371200 2683.6
1371210 2677.2
1371220 2673.5
1371230 2673.5
1371240 2670.6
1371250 2673.8
1371260 2673.8
1371270 2679.6
1371280 2683.4
1371290 2683.4
1371300 2685.0
1371310 2687.4
1371320 2687.4
1371330 2689.4
1371340 2689.0
1371350 2689.0
1371360 2687.0
1371370 2677.9
1371380 2677.9
1371390 2667.7
1371400 2659.6
1371410 2651.8
1371420 2651.8
1371430 2646.7
1371440 2644.5
1371450 2644.5
1371460 2642.8
1371470 2640.9
1371480 2640.9
1371490 2642.0
1371500 2647.1
1371510 2647.1
1371520 2654.8
1371530 2657.9
1371540 2657.9
1371550 2662.5
1371560 2667.3
1371570 2667.3
1371580 2672.4
1371590 2680.7
1371600 2680.7
1371610 2686.6
1371620 2690.3
1371630 2691.4
1371640 2691.4
1371650 2690.7
1371660 2689.9
1371670 2689.9
1371680 2688.6
1371690 2689.1
1371700 2689.1
1371710 2690.4
1371720 2692.3
1371730 2692.3
1371740 2691.7
1371750 2690.1
1371760 2690.1
1371770 2687.1
1371780 2683.8
1371790 2683.8
1371800 2681.4
1371810 2683.0
1371820 2683.0
1371830 2685.9
1371840 2687.9
1371850 2690.9
1371860 2690.9
1371870 2693.3
1371880 2694.9
1371890 2694.9
1371900 2697.6
1371910 2701.1
1371920 2701.1
1371930 2702.8
1371940 2704.7
1371950 2704.7
1371960 2707.0
1371970 2711.4
1371980 2711.4
1371990 2714.5
1372000 2716.6
1372010 2716.6
1372020 2718.4
1372030 2721.6
1372040 2721.6
1372050 2725.0
1372060 2729.1
1372070 2729.1
1372080 2732.9
1372090 2733.9
1372100 2735.0
1372110 2735.0
1372120 2738.2
1372130 2741.2
1372140 2741.2
1372150 2741.6
1372160 2745.2
1372170 2745.2
1372180 2749.9
1372190 2752.3
1372200 2752.3
1372210 2754.5
1372220 2756.2
1372230 2756.2
1372240 2758.0
1372250 2759.1
1372260 2759.1
1372270 2760.3
1372280 2762.4
1372290 2762.4
1372300 2763.7
1372310 2765.1
1372320 2766.4
1372330 2766.4
1372340 2768.0
1372350 2769.3
1372360 2769.3
1372370 2770.9
1372380 2772.1
1372390 2772.1
1372400 2774.7
1372410 2776.5
1372420 2776.5
1372430 2777.2
1372440 2779.2
1372450 2779.2
1372460 2780.5
1372470 2780.5
1372480 2780.5
1372490 2783.6
1372500 2784.6
1372510 2784.6
1372520 2787.1
1372530 2789.6
1372540 2792.0
1372550 2792.0
1372560 2792.6
1372570 2794.5
1372580 2794.5
1372590 2796.5
1372600 2801.2
1372610 2801.2
1372620 2802.5
1372630 2803.5
1372640 2803.5
1372650 2805.8
1372660 2809.3
1372670 2809.3
1372680 2810.2
1372690 2811.8
1372700 2811.8
1372710 2815.5
1372720 2814.5
1372730 2814.5
1372740 2815.6
1372750 2820.2
1372760 2822.3
1372770 2822.3
1372780 2825.8
1372790 2827.6
1372800 2827.6
1372810 2828.8
1372820 2830.8
1372830 2830.8
1372840 2832.6
1372850 2834.5
1372860 2834.5
1372870 2836.3
1372880 2838.5
1372890 2838.5
1372900 2839.8
1372910 2841.1
1372920 2841.1
1372930 2842.2
1372940 2842.9
1372950 2842.9
1372960 2843.4
1372970 2844.7
1372980 2844.7
1372990 2846.0
1373000 2847.5
1373010 2848.9
1373020 2848.9
1373030 2850.1
1373040 2851.0
1373050 2851.0
1373060 2851.6
1373070 2852.1
1373080 2852.1
1373090 2852.6
1373100 2853.0
1373110 2853.0
1373120 2853.3
1373130 2853.6
1373140 2853.6
1373150 2853.9
1373160 2854.3
1373170 2854.3
1373180 2854.7
1373190 2855.2
1373200 2855.2
1373210 2855.6
1373220 2856.1
1373230 2856.6
1373240 2856.6
1373250 2857.2
1373260 2858.0
1373270 2858.0
1373280 2859.1
1373290 2860.5
1373300 2860.5
1373310 2862.3
1373320 2864.3
1373330 2864.3
1373340 2866.4
1373350 2868.4
1373360 2868.4
1373370 2870.5
1373380 2872.6
1373390 2873.8
1373400 2876.0
1373410 2878.1
1373420 2878.1
1373430 2880.1
1373440 2882.0
1373450 2883.6
1373460 2883.6
1373470 2885.2
1373480 2886.8
1373490 2886.8
1373500 2888.1
1373510 2889.4
1373520 2889.4
1373530 2890.6
1373540 2891.7
1373550 2891.7
1373560 2892.8
1373570 2893.9
1373580 2893.9
1373590 2894.8
1373600 2895.8
1373610 2895.8
1373620 2896.8
1373630 2897.8
1373640 2897.8
1373650 2898.7
1373660 2899.6
1373670 2900.5
1373680 2900.5
1373690 2901.4
1373700 2902.2
1373710 2902.2
1373720 2903.1
1373730 2903.8
1373740 2903.8
1373750 2904.7
1373760 2905.5
1373770 2905.5
1373780 2906.4
1373790 2907.2
1373800 2907.2
1373810 2908.2
1373820 2909.3
1373830 2909.3
1373840 2910.4
1373850 2911.5
1373860 2911.5
1373870 2912.6
1373880 2913.7
1373890 2913.7
1373900 2914.9
1373910 2916.0
1373920 2917.1
1373930 2917.1
1373940 2918.1
1373950 2919.2
1373960 2919.2
1373970 2920.3
1373980 2921.3
1373990 2921.3
1374000 2922.0
1374010 2922.7
1374020 2922.7
1374030 2922.9
1374040 2923.4
1374050 2923.4
1374060 2923.2
1374070 2922.3
1374080 2922.3
1374090 2921.1
1374100 2919.7
1374110 2919.7
1374120 2917.9
1374130 2916.0
1374140 2914.1
1374150 2914.1
1374160 2912.5
1374170 2911.4
1374180 2911.4
1374190 2910.6
1374200 2910.1
1374210 2910.1
1374220 2910.1
1374230 2910.4
1374240 2910.4
1374250 2911.1
1374260 2911.6
1374270 2911.6
1374280 2912.9
1374290 2913.9
1374300 2913.9
1374310 2915.1
1374320 2916.4
1374330 2916.4
1374340 2917.8
1374350 2917.3
1374360 2919.5
1374370 2919.5
1374380 2921.7
1374390 2922.3
1374400 2922.3
1374410 2922.8
1374420 2923.1
1374430 2923.1
1374440 2925.3
1374450 2922.9
1374460 2922.9
1374470 2925.9
1374480 2929.0
1374490 2929.0
1374500 2927.6
1374510 2925.5
1374520 2925.5
1374530 2928.0
1374540 2927.4
1374550 2927.4
1374560 2926.0
1374570 2929.1
1374580 2930.8
1374590 2930.8
1374600 2929.7
1374610 2928.7
1374620 2928.7
1374630 2928.0
1374640 2926.8
1374650 2926.8
1374660 2925.4
1374670 2923.6
1374680 2923.6
1374690 2921.8
1374700 2920.3
1374710 2920.3
1374720 2919.1
1374730 2916.6
1374740 2916.6
1374750 2913.5
1374760 2910.6
1374770 2910.6
1374780 2907.5
1374790 2904.3
1374800 2904.3
1374810 2900.7
1374820 2897.0
1374830 2893.2
1374840 2893.2
1374850 2889.3
1374860 2885.6
1374870 2885.6
1374880 2882.2
1374890 2879.4
1374900 2879.4
1374910 2877.2
1374920 2875.5
1374930 2875.5
1374940 2874.3
1374950 2873.7
1374960 2873.7
1374970 2873.4
1374980 2873.4
1374990 2873.4
1375000 2873.4
1375010 2873.4
1375020 2873.4
1375030 2873.3
1375040 2873.1
1375050 2872.7
1375060 2872.7
1375070 2872.3
1375080 2871.7
1375090 2871.7
1375100 2871.1
1375110 2870.6
1375120 2870.6
1375130 2870.2
1375140 2870.0
1375150 2870.0
1375160 2870.1
1375170 2870.3
1375180 2870.3
1375190 2870.7
1375200 2871.4
1375210 2871.4
1375220 2872.2
1375230 2873.2
1375240 2873.2
1375250 2874.3
1375260 2875.5
1375270 2876.8
1375280 2876.8
1375290 2878.3
1375300 2880.0
1375310 2880.0
1375320 2881.7
1375330 2883.6
1375340 2883.6
1375350 2885.5
1375360 2887.3
1375370 2887.3
1375380 2889.3
1375390 2891.4
1375400 2891.4
1375410 2893.2
1375420 2896.6
1375430 2896.6
1375440 2904.3
1375450 2914.0
1375460 2914.0
1375470 2923.0
1375480 2931.7
1375490 2937.8
1375500 2937.8
1375510 2937.2
1375520 2935.7
1375530 2935.7
1375540 2935.2
1375550 2935.2
1375560 2935.2
1375570 2934.7
1375580 2934.4
1375590 2934.4
1375600 2934.5
1375610 2935.0
1375620 2935.0
1375630 2935.5
1375640 2928.5
1375650 2928.5
1375660 2916.2
1375670 2900.3
1375680 2900.3
1375690 2884.9
1375700 2857.6
1375710 2857.6
1375720 2848.6
1375730 2844.0
1375740 2838.7
1375750 2838.7
1375760 2833.2
1375770 2827.0
1375780 2827.0
1375790 2821.8
1375800 2815.5
1375810 2815.5
1375820 2809.5
1375830 2802.4
1375840 2802.4
1375850 2796.6
1375860 2791.3
1375870 2791.3
1375880 2784.5
1376040 2737.3
1376050 2735.2
1376060 2735.2
1376070 2732.7
1376080 2730.6
1376090 2730.6
1376100 2728.5
1376110 2726.6
1376120 2726.6
1376130 2724.6
1376140 2722.7
1376150 2722.7
1376160 2720.6
1376170 2718.4
1376180 2716.0
1376190 2716.0
1376200 2713.7
1376210 2712.8
1376220 2712.8
1376230 2711.8
1376240 2710.6
1376250 2710.6
1376260 2709.3
1376270 2708.1
1376280 2708.1
1376290 2707.1
1376300 2706.0
1376310 2706.0
1376320 2705.0
1376330 2703.9
1376340 2703.9
1376350 2702.9
1376360 2701.9
1376370 2701.9
1376380 2701.0
1376390 2700.3
1376400 2699.8
1376410 2699.8
1376420 2699.4
1376430 2699.0
1376440 2699.0
1376450 2698.7
1376460 2698.4
1376470 2698.4
1376480 2698.0
1376490 2697.7
1376500 2697.7
1376510 2697.4
1376520 2697.0
1376530 2697.0
1376540 2696.5
1376550 2696.1
1376560 2696.1
1376570 2695.6
1376580 2695.2
1376590 2695.2
1376600 2694.8
1376610 2694.0
1376620 2694.0
1376630 2692.3
1376640 2691.0
1376650 2690.2
1376660 2690.2
1376670 2689.5
1376680 2688.0
1376690 2688.0
1376700 2685.9
1376710 2683.4
1376720 2683.4
1376730 2680.7
1376740 2677.8
1376750 2677.8
1376760 2674.4
1376770 2670.5
1376780 2670.5
1376790 2666.4
1376800 2662.3
1376810 2662.3
1376820 2658.5
1376830 2654.8
1376840 2654.8
1376850 2651.2
1376860 2652.1
1376870 2649.0
1376880 2649.0
1376890 2646.3
1376900 2643.9
1376910 2643.9
1376920 2641.7
1376930 2639.6
1376940 2639.6
1376950 2637.6
1376960 2635.6
1376970 2635.6
1376980 2633.5
1376990 2631.2
1377000 2631.2
1377010 2629.2
1377020 2627.0
1377030 2627.0
1377040 2624.8
1377050 2622.9
1377060 2622.9
1377070 2621.0
1377080 2619.0
1377090 2617.2
1377100 2617.2
1377110 2615.4
1377120 2614.1
1377130 2614.1
1377140 2613.1
1377150 2611.4
1377160 2611.4
1377170 2611.0
1377180 2610.2
1377190 2610.2
1377200 2608.4
1377210 2605.7
1377220 2605.7
1377230 2604.0
1377240 2603.1
1377250 2603.1
1377260 2602.2
1377270 2601.4
1377280 2601.4
1377290 2599.6
1377300 2596.8
1377310 2594.1
1377320 2594.1
1377330 2592.7
1377340 2592.6
1377350 2592.6
1377360 2592.1
1377370 2591.1
1377380 2591.1
1377390 2590.3
1377400 2590.7
1377410 2590.7
1377420 2591.0
1377430 2591.0
1377440 2591.0
1377450 2590.0
1377460 2587.3
1377470 2587.3
1377480 2584.4
1377490 2581.8
1377500 2581.8
1377510 2580.1
1377520 2578.6
1377530 2578.6
1377540 2577.0
1377550 2575.1
1377560 2571.4
1377570 2571.4
1377580 2566.6
1377590 2560.2
1377600 2560.2
1377610 2554.4
1377620 2549.2
1377630 2549.2
1377640 2545.0
1377650 2543.1
1377660 2543.1
1377670 2541.6
1377680 2540.0
1377690 2540.0
1377700 2540.6
1377710 2540.3
1377720 2540.3
1377730 2539.9
1377740 2539.1
1377750 2539.1
1377760 2537.0
1377770 2534.5
1377780 2532.0
1377790 2532.0
1377800 2529.3
1377810 2527.1
1377820 2527.1
1377830 2525.0
1377840 2522.4
1377850 2522.4
1377860 2519.6
1377870 2516.9
1377880 2516.9
1377890 2513.5
1377900 2510.7
1377910 2510.7
1377920 2510.1
1377930 2510.5
1377940 2510.5
1377950 2511.4
1377960 2509.9
1377970 2509.9
1377980 2508.2
1377990 2507.3
1378000 2507.9
1378010 2507.9
1378020 2508.3
1378030 2507.7
1378040 2507.7
1378050 2511.7
1378060 2508.9
1378070 2508.9
1378080 2505.8
1378090 2503.8
1378100 2503.8
1378110 2503.0
1378120 2498.0
1378130 2498.0
1378140 2492.4
1378150 2488.7
1378160 2488.7
1378170 2485.4
1378180 2482.4
1378190 2482.4
1378200 2480.8
1378210 2478.4
1378220 2478.8
1378230 2478.8
1378240 2481.1
1378250 2481.2
1378260 2481.2
1378270 2481.1
1378280 2478.2
1378290 2478.2
1378300 2474.9
1378310 2474.0
1378320 2474.0
1378330 2474.2
1378340 2475.3
1378350 2475.3
1378360 2475.9
1378370 2474.8
1378380 2474.8
1378390 2475.6
1378400 2477.5
1378410 2477.5
1378420 2480.6
1378430 2482.5
1378440 2482.5
1378450 2484.8
1378460 2485.2
1378470 2487.6
1378480 2487.6
1378490 2491.5
1378500 2494.2
1378510 2494.2
1378520 2496.4
1378530 2500.5
1378540 2500.5
1378550 2500.9
1378560 2501.8
1378570 2501.8
1378580 2502.6
1378590 2504.5
1378600 2504.5
1378610 2507.3
1378620 2507.3
1378630 2507.3
1378640 2506.9
1378650 2508.4
1378660 2508.4
1378670 2511.1
1378680 2514.4
1378690 2517.7
1378700 2517.7
1378710 2521.2
1378720 2525.5
1378730 2525.5
1378740 2529.4
1378750 2534.1
1378760 2534.1
1378770 2539.5
1378780 2545.2
1378790 2545.2
1378800 2552.6
1378810 2559.6
1378820 2559.6
1378830 2566.4
1378840 2573.4
1378850 2573.4
1378860 2579.1
1378870 2584.0
1378880 2584.0
1378890 2589.3
1378900 2593.4
1378910 2596.0
1378920 2596.0
1378930 2598.3
1378940 2601.9
1378950 2601.9
1378960 2604.7
1378970 2610.6
1378980 2610.6
1378990 2616.8
1379000 2618.5
1379010 2618.5
1379020 2621.5
1379030 2624.3
1379040 2624.3
1379050 2625.4
1379060 2627.0
1379070 2627.0
1379080 2628.7
1379090 2629.3
1379100 2629.3
1379110 2629.5
1379120 2630.7
1379130 2632.7
1379140 2632.7
1379150 2634.1
1379160 2635.8
1379170 2635.8
1379180 2637.1
1379190 2637.4
1379200 2637.4
1379210 2637.9
1379220 2638.4
1379230 2638.4
1379240 2638.8
1379250 2646.3
1379260 2646.3
1379270 2645.7
1379280 2646.2
1379290 2646.2
1379300 2647.3
1379310 2649.1
1379320 2649.1
1379330 2651.1
1379340 2653.8
1379350 2653.8
1379360 2656.4
1379370 2659.0
1379380 2661.1
1379390 2661.1
1379400 2662.2
1379410 2662.9
1379420 2662.9
1379430 2663.6
1379440 2664.4
1379450 2664.4
1379460 2665.4
1379470 2666.5
1379480 2666.5
1379490 2668.1
1379500 2670.8
1379510 2670.8
1379520 2673.8
1379530 2676.0
1379540 2676.0
1379550 2678.2
1379560 2680.7
1379570 2680.7
1379580 2682.6
1379590 2684.6
1379600 2687.7
1379610 2687.7
1379620 2690.8
1379630 2692.7
1379640 2692.7
1379650 2695.6
1379660 2699.8
1379670 2699.8
1379680 2704.8
1379690 2708.5
1379700 2708.5
1379710 2709.6
1379720 2712.2
1379730 2712.2
1379740 2717.2
1379750 2725.8
1379760 2725.8
1379770 2734.2
1379780 2741.1
1379790 2741.1
1379800 2750.0
1379810 2754.9
1379820 2759.2
1379830 2759.2
1379840 2762.3
1379850 2765.9
1379860 2765.9
1379870 2769.5
1379880 2774.0
1379890 2774.0
1379900 2779.7
1379910 2784.6
1379920 2784.6
1379930 2790.6
1379940 2797.2
1379950 2797.2
1379960 2800.6
1379970 2804.9
1379980 2804.9
1379990 2810.3
