1360000 2547.6
1360010 2548.6
1360020 2548.6
1360030 2549.1
1360040 2549.7
1360050 2549.7
1360060 2550.3
1360070 2551.0
1360080 2552.1
1360090 2552.1
1360100 2552.8
1360110 2552.1
1360120 2552.1
1360130 2551.6
1360140 2550.6
1360150 2550.6
1360160 2552.4
1360170 2554.8
1360180 2554.8
1360190 2556.9
1360200 2558.7
1360210 2558.7
1360220 2560.5
1360230 2562.0
1360240 2562.0
1360250 2563.6
1360260 2565.6
1360270 2565.6
1360280 2567.5
1360290 2569.9
1360300 2570.8
1360310 2570.8
1360320 2571.5
1360330 2573.6
1360340 2573.6
1360350 2576.2
1360360 2578.7
1360370 2578.7
1360380 2579.9
1360390 2579.9
1360400 2579.9
1360410 2580.5
1360420 2581.1
1360430 2581.1
1360440 2581.5
1360450 2580.7
1360460 2580.7
1360470 2580.7
1360480 2583.2
1360490 2583.2
1360500 2588.8
1360510 2593.8
1360520 2593.8
1360530 2596.2
1360540 2598.6
1360550 2601.1
1360560 2601.1
1360570 2603.4
1360580 2606.1
1360590 2606.1
1360600 2610.2
1360610 2615.1
1360620 2615.1
1360630 2620.8
1360640 2626.6
1360650 2626.6
1360660 2632.9
1360670 2639.2
1360680 2639.2
1360690 2644.2
1360700 2650.4
1360710 2650.4
1360720 2656.8
1360730 2660.3
1360740 2660.3
1360750 2661.5
1360760 2660.8
1360770 2659.1
1360780 2659.1
1360790 2656.8
1360800 2654.2
1360810 2654.2
1360820 2651.9
1360830 2649.7
1360840 2649.7
1360850 2647.9
1360860 2646.7
1360870 2646.7
1360880 2645.8
1360890 2644.8
1360900 2644.8
1360910 2644.5
1360920 2646.1
1360930 2646.1
1360940 2648.2
1360950 2650.6
1360960 2650.6
1360970 2652.9
1360980 2655.4
1360990 2658.0
1361000 2658.0
1361010 2661.3
1361020 2664.4
1361030 2664.4
1361040 2668.0
1361050 2670.3
1361060 2670.3
1361070 2671.4
1361080 2672.6
1361090 2672.6
1361100 2674.5
1361110 2676.6
1361120 2676.6
1361130 2678.8
1361140 2680.8
1361150 2680.8
1361160 2684.0
1361170 2687.3
1361180 2687.3
1361190 2689.0
1361200 2690.6
1361210 2692.2
1361220 2692.2
1361230 2694.0
1361240 2696.7
1361250 2696.7
1361260 2699.9
1361270 2702.7
1361280 2702.7
1361290 2704.9
1361300 2707.9
1361310 2707.9
1361320 2710.7
1361330 2713.9
1361340 2713.9
1361350 2718.7
1361360 2722.8
1361370 2722.8
1361380 2725.9
1361390 2729.4
1361400 2729.4
1361410 2733.2
1361420 2734.4
1361430 2734.4
1361440 2735.5
1361450 2736.9
1361460 2740.4
1361470 2740.4
1361480 2742.5
1361490 2741.9
1361500 2741.9
1361510 2742.3
1361520 2745.3
1361530 2745.3
1361540 2750.4
1361550 2754.1
1361560 2754.1
1361570 2757.3
1361580 2760.0
1361590 2760.0
1361600 2764.3
1361610 2770.1
1361620 2770.1
1361630 2771.4
1361640 2775.7
1361650 2775.7
1361660 2779.1
1361670 2780.7
1361680 2781.6
1361690 2781.6
1361700 2781.7
1361710 2781.7
1361720 2779.8
1361730 2783.7
1361740 2787.2
1361750 2787.2
1361760 2790.6
1361770 2793.7
1361780 2793.7
1361790 2796.4
1361800 2800.0
1361810 2800.0
1361820 2804.8
1361830 2810.2
1361840 2810.2
1361850 2817.3
1361860 2823.1
1361870 2823.1
1361880 2828.7
1361890 2834.0
1361900 2838.7
1361910 2838.7
1361920 2843.3
1361930 2847.8
1361940 2847.8
1361950 2852.0
1361960 2856.0
1361970 2856.0
1361980 2859.8
1361990 2863.3
1362000 2863.3
1362010 2866.6
1362020 2869.7
1362030 2869.7
1362040 2872.8
1362050 2875.7
1362060 2875.7
1362070 2878.6
1362080 2881.6
1362090 2881.6
1362100 2884.5
1362110 2887.5
1362120 2890.6
1362130 2890.6
1362140 2894.0
1362150 2897.6
1362160 2897.6
1362170 2901.4
1362180 2905.1
1362190 2905.1
1362200 2908.8
1362210 2913.0
1362220 2913.0
1362230 2917.0
1362240 2921.4
1362250 2921.4
1362260 2925.4
1362270 2929.4
1362280 2929.4
1362290 2933.4
1362300 2937.1
1362310 2937.1
1362320 2940.9
1362330 2944.5
1362340 2944.5
1362350 2948.1
1362360 2951.7
1362370 2955.1
1362380 2955.1
1362390 2958.3
1362400 2961.5
1362410 2961.5
1362420 2964.6
1362430 2967.9
1362440 2967.9
1362450 2971.7
1362460 2976.1
1362470 2976.1
1362480 2980.8
1362490 2986.2
1362500 2986.2
1362510 2993.0
1362520 2999.6
1362530 2999.6
1362540 3008.5
1362550 3034.8
1362560 3034.8
1362570 3053.2
1362580 3067.0
1362590 3083.5
1362600 3083.5
1362610 3095.8
1362620 3106.9
1362630 3106.9
1362640 3123.0
1362650 3133.8
1362660 3133.8
1362670 3139.0
1362680 3144.9
1362690 3144.9
1362700 3152.7
1362710 3159.2
1362720 3159.2
1362730 3167.9
1362740 3164.6
1362750 3164.6
1362760 3149.7
1362770 3132.8
1362780 3132.8
1362790 3118.2
1362800 3105.9
1362810 3095.5
1362820 3095.5
1362830 3084.0
1362840 3076.4
1362850 3076.4
1362860 3073.7
1362870 3072.0
1362880 3072.0
1362890 3069.9
1362900 3068.1
1362910 3068.1
1362920 3068.4
1362930 3070.3
1362940 3070.3
1362950 3067.0
1362960 3057.7
1362970 3057.7
1362980 3051.3
1362990 3046.9
1363000 3046.9
1363010 3045.1
1363020 3046.8
1363030 3046.6
1363040 3046.6
1363050 3039.4
1363060 3034.5
1363070 3034.5
1363080 3034.4
1363090 3021.2
1363100 3021.2
1363110 2990.9
1363120 2963.8
1363130 2963.8
1363140 2944.3
1363150 2929.9
1363160 2929.9
1363170 2926.1
1363180 2925.6
1363190 2925.6
1363200 2926.2
1363210 2925.0
1363220 2925.0
1363230 2922.9
1363240 2919.9
1363250 2919.9
1363260 2916.1
1363270 2912.3
1363280 2908.8
1363290 2908.8
1363300 2905.4
1363310 2902.3
1363320 2902.3
1363330 2899.4
1363340 2896.8
1363350 2896.8
1363360 2894.6
1363370 2893.2
1363380 2893.2
1363390 2892.6
1363400 2892.4
1363410 2892.4
1363420 2892.3
1363430 2892.0
1363440 2892.0
1363450 2891.8
1363460 2891.8
1363470 2891.8
1363480 2892.2
1363490 2892.4
1363500 2892.7
1363510 2892.7
1363520 2893.2
1363530 2893.4
1363540 2893.4
1363550 2893.0
1363560 2892.5
1363570 2892.5
1363580 2891.8
1363590 2890.9
1363600 2890.9
1363610 2890.2
1363620 2889.9
1363630 2889.9
1363640 2889.9
1363650 2890.4
1363660 2890.4
1363670 2891.3
1363680 2892.1
1363690 2892.1
1363700 2892.9
1363710 2893.8
1363720 2894.5
1363730 2894.5
1363740 2896.8
1363750 2901.7
1363760 2901.7
1363770 2909.3
1363780 2917.1
1363790 2917.1
1363800 2924.8
1363810 2928.1
1363820 2928.1
1363830 2919.6
1363840 2910.0
1363850 2910.0
1363860 2903.8
1363870 2897.7
1363880 2897.7
1363890 2894.6
1363900 2891.8
1363910 2891.8
1363920 2889.3
1363930 2886.2
1363940 2882.0
1363950 2882.0
1363960 2877.6
1363970 2871.5
1363980 2871.5
1363990 2866.6
1364000 2861.7
1364010 2861.7
1364020 2854.7
1364030 2846.6
1364040 2846.6
1364050 2838.9
1364060 2831.5
1364070 2831.5
1364080 2823.7
1364090 2816.1
1364100 2816.1
1364110 2808.9
1364120 2804.3
1364130 2804.3
1364140 2801.1
1364150 2797.4
1364160 2797.4
1364170 2793.5
1364180 2789.1
1364190 2784.7
1364200 2784.7
1364210 2780.0
1364220 2775.0
1364230 2775.0
1364240 2769.7
1364250 2764.2
1364260 2764.2
1364270 2758.7
1364280 2753.1
1364290 2753.1
1364300 2748.1
1364310 2744.2
1364320 2744.2
1364330 2739.8
1364340 2737.1
1364350 2737.1
1364360 2734.0
1364370 2729.6
1364380 2729.6
1364390 2725.0
1364400 2720.9
1364410 2716.5
1364420 2716.5
1364430 2711.7
1364440 2707.6
1364450 2707.6
1364460 2702.6
1364470 2698.5
1364480 2698.5
1364490 2694.7
1364500 2688.6
1364510 2688.6
1364520 2681.7
1364530 2679.0
1364540 2679.0
1364550 2673.8
1364560 2668.3
1364570 2668.3
1364580 2663.0
1364590 2658.9
1364600 2658.9
1364610 2653.1
1364620 2647.9
1364630 2642.2
1364640 2642.2
1364650 2636.4
1364660 2631.7
1364670 2631.7
1364680 2627.1
1364690 2620.9
1364700 2620.9
1364710 2615.3
1364720 2608.8
1364730 2608.8
1364740 2602.2
1364750 2596.4
1364760 2596.4
1364770 2591.3
1364780 2585.5
1364790 2585.5
1364800 2580.7
1364810 2577.1
1364820 2577.1
1364830 2573.2
1364840 2569.3
1364850 2567.5
1364860 2570.8
1364870 2568.0
1364880 2563.1
1364890 2563.1
1364900 2557.4
1364910 2552.2
1364920 2552.2
1364930 2548.1
1364940 2544.5
1364950 2544.5
1364960 2540.8
1364970 2537.4
1364980 2537.4
1364990 2533.7
1365000 2529.2
1365010 2529.2
1365020 2524.5
1365030 2519.8
1365040 2519.8
1365050 2514.8
1365060 2511.1
1365070 2511.1
1365080 2507.1
1365090 2502.9
1365100 2499.6
1365110 2499.6
1365120 2497.2
1365130 2494.4
1365140 2494.4
1365150 2491.0
1365160 2488.0
1365170 2488.0
1365180 2485.5
1365190 2483.1
1365200 2483.1
1365210 2480.8
1365220 2478.7
1365230 2478.7
1365240 2476.3
1365250 2473.5
1365260 2473.5
1365270 2470.9
1365280 2469.1
1365290 2469.1
1365300 2466.4
1365310 2463.4
1365320 2460.9
1365330 2460.9
1365340 2459.1
1365350 2456.9
1365360 2456.9
1365370 2454.7
1365380 2453.3
1365390 2453.3
1365400 2452.0
1365410 2451.4
1365420 2451.4
1365430 2449.9
1365440 2448.0
1365450 2448.0
1365460 2444.8
1365470 2441.3
1365480 2441.3
1365490 2437.6
1365500 2433.6
1365510 2433.6
1365520 2430.4
1365530 2425.7
1365540 2421.3
1365550 2421.3
1365560 2415.7
1365570 2409.9
1365580 2409.9
1365590 2403.3
1365600 2395.1
1365610 2395.1
1365620 2385.8
1365630 2376.1
1365640 2376.1
1365650 2371.1
1365660 2365.9
1365670 2365.9
1365680 2361.0
1365690 2354.2
1365700 2354.2
1365710 2347.4
1365720 2341.5
1365730 2341.5
1365740 2335.7
1365750 2330.3
1365760 2325.8
1365770 2325.8
1365780 2323.6
1365790 2322.3
1365800 2322.3
1365810 2321.2
1365820 2320.2
1365830 2320.2
1365840 2319.8
1365850 2319.9
1365860 2319.9
1365870 2320.7
1365880 2322.2
1365890 2322.2
1365900 2324.1
1365910 2327.0
1365920 2327.0
1365930 2331.8
1365940 2335.3
1365950 2335.3
1365960 2339.5
1365970 2343.4
1365980 2343.4
1365990 2345.7
1366000 2348.2
1366010 2351.8
1366020 2351.8
1366030 2356.1
1366040 2357.9
1366050 2357.9
1366060 2357.3
1366070 2356.7
1366080 2356.7
1366090 2355.2
1366100 2352.3
1366110 2352.3
1366120 2349.7
1366130 2348.2
1366140 2348.2
1366150 2348.5
1366160 2346.2
1366170 2346.2
1366180 2340.9
1366190 2338.0
1366200 2338.0
1366210 2336.6
1366220 2334.9
1366230 2332.7
1366240 2332.7
1366250 2329.9
1366260 2326.6
1366270 2326.6
1366280 2321.3
1366290 2317.1
1366300 2317.1
1366310 2312.9
1366320 2309.4
1366330 2309.4
1366340 2305.7
1366350 2301.1
1366360 2301.1
1366370 2297.3
1366380 2294.2
1366390 2294.2
1366400 2290.6
1366410 2288.6
1366420 2288.6
1366430 2286.8
1366440 2283.4
1366450 2279.0
1366460 2279.0
1366470 2272.9
1366480 2265.9
1366490 2265.9
1366500 2256.5
1366510 2246.6
1366520 2246.6
1366530 2237.0
1366540 2224.3
1366550 2224.3
1366560 2213.3
1366570 2194.3
1366580 2194.3
1366590 2178.2
1366600 2175.8
1366610 2175.8
1366620 2171.8
1366630 2166.8
1366640 2166.8
1366650 2162.1
1366660 2157.3
1366670 2148.9
1366680 2148.9
1366690 2146.8
1366700 2141.9
1366710 2141.9
1366720 2137.6
1366730 2130.9
1366740 2130.9
1366750 2125.3
1366760 2121.0
1366770 2121.0
1366780 2117.4
1366790 2112.9
1366800 2112.9
1366810 2110.4
1366820 2108.3
1366830 2108.3
1366840 2104.4
1366850 2101.6
1366860 2101.6
1366870 2098.2
1366880 2094.2
1366890 2094.2
1366900 2092.4
1366910 2087.8
1366920 2078.0
1366930 2078.0
1366940 2071.5
1366950 2070.7
1366960 2070.7
1366970 2072.0
1366980 2068.2
1366990 2068.2
1367000 2066.4
1367010 2062.6
1367020 2062.6
1367030 2059.1
1367040 2054.4
1367050 2054.4
1367060 2050.0
1367070 2048.4
1367080 2048.4
1367090 2048.5
1367100 2045.8
1367110 2045.8
1367120 2042.9
1367130 2039.3
1367140 2036.1
1367150 2036.1
1367160 2032.8
1367170 2030.5
1367180 2030.5
1367190 2028.5
1367200 2026.3
1367210 2026.3
1367220 2024.4
1367230 2022.2
1367240 2022.2
1367250 2020.5
1367260 2020.2
1367270 2020.2
1367280 2020.5
1367290 2021.0
1367300 2021.0
1367310 2021.0
1367320 2021.0
1367330 2021.0
1367340 2021.3
1367350 2022.0
1367360 2022.8
1367370 2022.8
1367380 2022.3
1367390 2021.4
1367400 2021.4
1367410 2020.7
1367420 2021.4
1367430 2021.4
1367440 2022.2
1367450 2022.8
1367460 2022.8
1367470 2024.8
1367480 2027.1
1367490 2027.1
1367500 2028.5
1367510 2030.3
1367520 2030.3
1367530 2032.3
1367540 2035.4
1367550 2035.4
1367560 2037.4
1367570 2038.3
1367580 2037.8
1367590 2037.8
1367600 2037.6
1367610 2037.9
1367620 2037.9
1367630 2038.7
1367640 2039.4
1367650 2039.4
1367660 2040.3
1367670 2042.3
1367680 2042.3
1367690 2044.9
1367700 2047.3
1367710 2047.3
1367720 2050.1
1367730 2054.5
1367740 2054.5
1367750 2058.4
1367760 2063.5
1367770 2063.5
1367780 2068.3
1367790 2073.5
1367800 2073.5
1367810 2077.6
1367820 2083.3
1367830 2089.3
1367840 2089.3
1367850 2095.2
1367860 2101.4
1367870 2101.4
1367880 2109.3
1367890 2116.0
1367900 2116.0
1367910 2124.3
1367920 2134.5
1367930 2134.5
1367940 2144.2
1367950 2152.9
1367960 2152.9
1367970 2160.8
1367980 2172.3
1367990 2172.3
1368000 2183.8
1368010 2193.7
1368020 2193.7
1368030 2202.9
1368040 2212.6
1368050 2213.9
1368060 2213.9
1368070 2213.7
1368080 2216.4
1368090 2197.3
1368100 2202.9
1368110 2208.3
1368120 2208.3
1368130 2215.8
1368140 2223.2
1368150 2223.2
1368160 2228.0
1368170 2234.0
1368180 2234.0
1368190 2242.9
1368200 2252.9
1368210 2252.9
1368220 2259.0
1368230 2268.4
1368240 2268.4
1368250 2279.0
1368260 2289.6
1368270 2299.1
1368280 2299.1
1368290 2307.0
1368300 2315.2
1368310 2315.2
1368320 2323.8
1368330 2332.0
1368340 2332.0
1368350 2339.8
1368360 2347.6
1368370 2347.6
1368380 2359.9
1368390 2368.2
1368400 2368.2
1368410 2374.0
1368420 2379.9
1368430 2379.9
1368440 2384.5
1368450 2389.4
1368460 2389.4
1368470 2394.3
1368480 2398.6
1368490 2402.9
1368500 2402.9
1368510 2406.3
1368520 2409.6
1368530 2409.6
1368540 2412.7
1368550 2415.5
1368560 2415.5
1368570 2418.7
1368580 2422.2
1368590 2422.2
1368600 2425.9
1368610 2429.7
1368620 2429.7
1368630 2433.2
1368640 2437.0
1368650 2437.0
1368660 2441.3
1368670 2445.0
1368680 2445.0
1368690 2448.3
1368700 2452.0
1368710 2455.0
1368720 2455.0
1368730 2457.4
1368740 2459.4
1368750 2459.4
1368760 2461.4
1368770 2464.1
1368780 2464.1
1368790 2467.2
1368800 2470.7
1368810 2470.7
1368820 2473.9
1368830 2476.8
1368840 2476.8
1368850 2479.3
1368860 2481.5
1368870 2481.5
1368880 2483.9
1368890 2486.5
1368900 2486.5
1368910 2489.5
1368920 2493.2
1368930 2493.2
1368940 2496.7
1368950 2499.1
1368960 2500.9
1368970 2500.9
1368980 2503.1
1368990 2505.2
1369000 2505.2
1369010 2507.4
1369020 2510.4
1369030 2510.4
1369040 2513.8
1369050 2517.0
1369060 2517.0
1369070 2521.0
1369080 2524.5
1369090 2524.5
1369100 2527.0
1369110 2530.8
1369120 2530.8
1369130 2535.6
1369140 2539.1
1369150 2539.1
1369160 2542.5
1369170 2546.5
1369180 2550.7
1369190 2550.7
1369200 2554.5
1369210 2558.9
1369220 2558.9
1369230 2563.6
1369240 2568.6
1369250 2568.6
1369260 2571.8
1369270 2575.7
1369280 2575.7
1369290 2580.3
1369300 2584.7
1369310 2584.7
1369320 2592.2
1369330 2600.4
1369340 2600.4
1369350 2605.6
1369360 2608.9
1369370 2608.9
1369380 2613.2
1369390 2617.4
1369400 2622.3
1369410 2622.3
1369420 2627.9
1369430 2633.9
1369440 2633.9
1369450 2640.3
1369460 2646.7
1369470 2646.7
1369480 2652.0
1369490 2655.4
1369500 2655.4
1369510 2658.4
1369520 2660.9
1369530 2660.9
1369540 2663.8
1369550 2667.0
1369560 2667.0
1369570 2670.3
1369580 2673.5
1369590 2673.5
1369600 2676.2
1369610 2679.4
1369620 2682.6
1369630 2682.6
1369640 2686.6
1369650 2690.3
1369660 2690.3
1369670 2694.5
1369680 2700.0
1369690 2700.0
1369700 2704.9
1369710 2710.9
1369720 2710.9
1369730 2716.1
1369740 2720.7
1369750 2720.7
1369760 2726.4
1369770 2744.3
1369780 2744.3
1369790 2759.1
1369800 2766.3
1369810 2766.3
1369820 2765.7
1369830 2762.1
1369840 2762.1
1369850 2759.4
1369860 2756.9
1369870 2755.4
1369880 2755.4
1369890 2754.4
1369900 2754.3
1369910 2754.3
1369920 2753.9
1369930 2754.4
1369940 2754.4
1369950 2754.5
1369960 2754.8
1369970 2754.8
1369980 2755.3
1369990 2755.8
1370000 2755.8
1370010 2757.4
1370020 2758.9
1370030 2758.9
1370040 2762.2
1370050 2762.8
1370060 2762.8
1370070 2762.9
1370080 2762.2
1370090 2761.2
1370100 2761.2
1370110 2759.9
1370120 2759.7
1370130 2759.7
1370140 2758.8
1370150 2760.4
1370160 2760.4
1370170 2761.7
1370180 2763.0
1370190 2763.0
1370200 2763.4
1370210 2764.2
1370220 2764.2
1370230 2765.1
1370240 2766.2
1370250 2766.2
1370260 2767.7
1370270 2768.9
1370280 2768.9
1370290 2763.1
1370300 2766.2
1370310 2768.1
1370320 2768.1
1370330 2769.0
1370340 2767.5
1370350 2767.5
1370360 2766.0
1370370 2766.0
1370380 2766.0
1370390 2764.5
1370400 2762.9
1370410 2762.9
1370420 2760.7
1370430 2759.5
1370440 2759.5
1370450 2758.7
1370460 2757.0
1370470 2757.0
1370480 2755.1
1370490 2753.4
1370500 2753.4
1370510 2753.3
1370520 2752.8
1370530 2753.0
1370540 2753.0
1370550 2753.4
1370560 2753.4
1370570 2753.4
1370580 2754.2
1370590 2756.0
1370600 2756.0
1370610 2757.7
1370620 2759.3
1370630 2759.3
1370640 2760.5
1370650 2761.8
1370660 2761.8
1370670 2761.9
1370680 2761.0
1370690 2761.0
1370700 2759.6
1370710 2757.9
1370720 2757.9
1370730 2757.3
1370740 2755.9
1370750 2755.9
1370760 2754.2
1370770 2752.4
1370780 2750.4
1370790 2750.4
1370800 2748.7
1370810 2746.6
1370820 2746.6
1370830 2743.8
1370840 2742.0
1370850 2742.0
1370860 2739.2
1370870 2736.0
1370880 2736.0
1370890 2733.2
1370900 2731.9
1370910 2731.9
1370920 2731.4
1370930 2731.2
1370940 2731.2
1370950 2731.0
1370960 2729.6
1370970 2729.6
1370980 2729.5
1370990 2729.3
1371000 2728.8
1371010 2728.8
1371020 2727.9
1371030 2728.5
1371040 2728.5
1371050 2731.6
1371060 2725.2
1371070 2725.2
1371080 2715.6
1371090 2711.1
1371100 2711.1
1371110 2707.1
1371120 2698.2
1371130 2698.2
1371140 2695.9
1371150 2690.4
1371160 2690.4
1371170 2688.2
1371180 2685.0
1371190 2685.0
1371200 2677.7
1371210 2672.3
1371220 2661.1
1371230 2661.1
1371240 2650.1
1371250 2641.4
1371260 2641.4
1371270 2637.4
1371280 2635.0
1371290 2635.0
1371300 2635.3
1371310 2639.6
1371320 2639.6
1371330 2637.5
1371340 2632.9
1371350 2632.9
1371360 2628.3
1371370 2625.8
1371380 2625.8
1371390 2622.3
1371400 2606.2
1371410 2606.2
1371420 2603.8
1371430 2605.0
1371440 2605.3
1371450 2605.3
1371460 2603.8
1371470 2602.0
1371480 2602.0
1371490 2600.0
1371500 2596.8
1371510 2596.8
1371520 2593.9
1371530 2600.7
1371540 2600.7
1371550 2608.8
1371560 2611.5
1371570 2611.5
1371580 2614.6
1371590 2616.8
1371600 2616.8
1371610 2614.9
1371620 2612.9
1371630 2612.9
1371640 2616.0
1371650 2619.1
1371660 2619.1
1371670 2622.3
1371680 2626.1
1371690 2626.1
1371700 2626.1
1371710 2625.2
1371720 2622.7
1371730 2622.7
1371740 2631.8
1371750 2648.3
1371760 2648.3
1371770 2655.8
1371780 2660.2
1371790 2660.2
1371800 2664.2
1371810 2668.1
1371820 2668.1
1371830 2671.2
1371840 2675.1
1371850 2675.1
1371860 2678.0
1371870 2680.7
1371880 2680.7
1371890 2684.7
1371900 2688.5
1371910 2692.0
1371920 2692.0
1371930 2695.6
1371940 2699.5
1371950 2699.5
1371960 2703.2
1371970 2707.2
1371980 2707.2
1371990 2710.2
1372000 2713.6
1372010 2713.6
1372020 2716.8
1372030 2719.4
1372040 2719.4
1372050 2724.1
1372060 2727.1
1372070 2727.1
1372080 2730.0
1372090 2733.0
1372100 2733.0
1372110 2735.5
1372120 2738.7
1372130 2741.4
1372140 2741.4
1372150 2743.5
1372160 2745.7
1372170 2745.7
1372180 2747.1
1372190 2749.1
1372200 2749.1
1372210 2750.1
1372220 2751.4
1372230 2751.4
1372240 2752.4
1372250 2753.5
1372260 2753.5
1372270 2754.6
1372280 2758.1
1372290 2758.1
1372300 2759.5
1372310 2759.9
1372320 2759.9
1372330 2760.9
1372340 2762.7
1372350 2764.0
1372360 2764.0
1372370 2765.2
1372380 2766.9
1372390 2766.9
1372400 2767.9
1372410 2769.5
1372420 2769.5
1372430 2770.9
1372440 2771.6
1372450 2771.6
1372460 2772.5
1372470 2775.2
1372480 2775.2
1372490 2777.3
1372500 2778.9
1372510 2778.9
1372520 2781.5
1372530 2780.9
1372540 2780.9
1372550 2783.5
1372560 2785.6
1372570 2785.6
1372580 2788.1
1372590 2790.0
1372600 2791.8
1372610 2791.8
1372620 2795.7
1372630 2796.3
1372640 2796.3
1372650 2797.9
1372660 2803.9
1372670 2803.9
1372680 2805.9
1372690 2808.4
1372700 2808.4
1372710 2809.2
1372720 2810.6
1372730 2810.6
1372740 2816.1
1372750 2816.5
1372760 2816.5
1372770 2819.5
1372780 2820.5
1372790 2820.5
1372800 2827.8
1372810 2829.5
1372820 2829.8
1372830 2829.8
1372840 2832.2
1372850 2834.8
1372860 2834.8
1372870 2835.2
1372880 2839.6
1372890 2839.6
1372900 2841.8
1372910 2843.7
1372920 2843.7
1372930 2845.3
1372940 2847.1
1372950 2847.1
1372960 2848.3
1372970 2848.8
1372980 2848.8
1372990 2850.0
1373000 2851.4
1373010 2851.4
1373020 2852.7
1373030 2853.7
1373040 2854.6
1373050 2854.6
1373060 2855.4
1373070 2856.3
1373080 2856.3
1373090 2857.1
1373100 2857.8
1373110 2857.8
1373120 2858.4
1373130 2858.9
1373140 2858.9
1373150 2859.3
1373160 2859.7
1373170 2859.7
1373180 2860.0
1373190 2860.5
1373200 2860.5
1373210 2861.1
1373220 2861.6
1373230 2861.6
1373240 2862.3
1373250 2863.1
1373260 2864.0
1373270 2864.0
1373280 2865.2
1373290 2866.7
1373300 2866.7
1373310 2868.7
1373320 2870.9
1373330 2870.9
1373340 2873.3
1373350 2875.9
1373360 2875.9
1373370 2878.3
1373380 2880.7
1373390 2880.7
1373400 2883.0
1373410 2885.1
1373420 2885.1
1373430 2887.0
1373440 2888.8
1373450 2888.8
1373460 2890.5
1373470 2892.0
1373480 2892.0
1373490 2893.4
1373500 2894.7
1373510 2895.8
1373520 2895.8
1373530 2896.8
1373540 2897.8
1373550 2897.8
1373560 2898.7
1373570 2899.6
1373580 2899.6
1373590 2900.4
1373600 2901.1
1373610 2901.1
1373620 2901.9
1373630 2902.7
1373640 2902.7
1373650 2903.5
1373660 2904.3
1373670 2905.8
1373680 2906.6
1373690 2907.4
1373700 2907.4
1373710 2908.2
1373720 2909.0
1373730 2909.9
1373740 2909.9
1373750 2910.8
1373760 2911.7
1373770 2911.7
1373780 2912.8
1373790 2914.0
1373800 2914.0
1373810 2915.2
1373820 2916.6
1373830 2916.6
1373840 2918.0
1373850 2919.5
1373860 2919.5
1373870 2921.0
1373880 2922.7
1373890 2922.7
1373900 2924.4
1373910 2926.2
1373920 2926.2
1373930 2928.1
1373940 2930.0
1373950 2931.9
1373960 2931.9
1373970 2933.7
1373980 2935.6
1373990 2935.6
1374000 2937.6
1374010 2938.8
1374020 2938.8
1374030 2940.0
1374040 2940.3
1374050 2940.3
1374060 2940.5
1374070 2940.4
1374080 2940.4
1374090 2939.8
1374100 2938.9
1374110 2938.9
1374120 2937.7
1374130 2935.8
1374140 2935.8
1374150 2933.1
1374160 2930.6
1374170 2928.6
1374180 2928.6
1374190 2927.7
1374200 2927.7
1374210 2927.7
1374220 2928.2
1374230 2928.6
1374240 2928.6
1374250 2929.0
1374260 2929.4
1374270 2929.4
1374280 2929.9
1374290 2930.5
1374300 2930.5
1374310 2931.0
1374320 2931.5
1374330 2931.5
1374340 2932.2
1374350 2932.9
1374360 2932.9
1374370 2933.8
1374380 2934.8
1374390 2934.8
1374400 2936.0
1374410 2937.1
1374420 2938.7
1374430 2938.7
1374440 2940.5
1374450 2940.3
1374460 2940.3
1374470 2943.5
1374480 2941.7
1374490 2941.7
1374500 2940.5
1374510 2942.5
1374520 2942.5
1374530 2946.3
1374540 2945.4
1374550 2945.4
1374560 2942.7
1374570 2942.8
1374580 2942.8
1374590 2942.4
1374600 2942.6
1374610 2942.6
1374620 2943.5
1374630 2943.8
1374640 2943.2
1374650 2943.2
1374660 2942.6
1374670 2940.4
1374680 2940.4
1374690 2939.1
1374700 2937.3
1374710 2937.3
1374720 2935.4
1374730 2934.3
1374740 2934.3
1374750 2932.1
1374760 2930.0
1374770 2930.0
1374780 2926.9
1374790 2924.6
1374800 2924.6
1374810 2921.5
1374820 2922.9
1374830 2922.9
1374840 2919.5
1374850 2915.9
1374860 2912.2
1374870 2912.2
1374880 2908.5
1374890 2905.0
1374900 2905.0
1374910 2901.8
1374920 2898.9
1374930 2898.9
1374940 2896.3
1374950 2894.1
1374960 2894.1
1374970 2892.3
1374980 2890.7
1374990 2890.7
1375000 2889.3
1375010 2888.0
1375020 2888.0
1375030 2886.8
1375040 2885.7
1375050 2885.7
1375060 2884.6
1375070 2883.7
1375080 2883.0
1375090 2883.0
1375100 2882.6
1375110 2882.3
1375120 2882.3
1375130 2882.3
1375140 2882.4
1375150 2882.4
1375160 2882.8
1375170 2883.4
1375180 2883.4
1375190 2884.3
1375200 2885.4
1375210 2885.4
1375220 2886.8
1375230 2888.6
1375240 2888.6
1375250 2890.7
1375260 2893.0
1375270 2893.0
1375280 2895.4
1375290 2897.8
1375300 2897.8
1375310 2900.0
1375320 2902.1
1375330 2903.8
1375340 2903.8
1375350 2904.0
1375360 2905.3
1375370 2905.3
1375380 2908.2
1375390 2910.9
1375400 2910.9
1375410 2921.1
1375420 2937.0
1375430 2937.0
1375440 2947.6
1375450 2956.7
1375460 2956.7
1375470 2964.9
1375480 2970.6
1375490 2970.6
1375500 2977.6
1375510 2985.5
1375520 2985.5
1375530 2989.3
1375540 2987.0
1375550 2984.9
1375560 2984.9
1375570 2979.3
1375580 2966.3
1375590 2966.3
1375600 2955.0
1375610 2942.5
1375620 2942.5
1375630 2929.5
1375640 2915.1
1375650 2915.1
1375660 2897.1
1375670 2878.8
1375680 2878.8
1375690 2870.3
1375700 2862.4
1375710 2862.4
1375720 2855.3
1375730 2848.8
1375740 2848.8
1375750 2842.8
1375760 2838.1
1375770 2833.7
1375780 2833.7
1375790 2829.5
1375800 2823.9
1375810 2823.9
1375820 2816.9
1375830 2810.5
1375840 2810.5
1375850 2806.1
1375860 2801.9
1375870 2801.9
1376020 2761.4
1376030 2761.4
1376040 2758.9
1376050 2755.6
1376060 2755.6
1376070 2752.3
1376080 2748.9
1376090 2748.9
1376100 2745.4
1376110 2741.7
1376120 2741.7
1376130 2738.0
1376140 2734.5
1376150 2734.5
1376160 2731.1
1376170 2728.2
1376180 2728.2
1376190 2726.1
1376200 2724.6
1376210 2723.6
1376220 2723.6
1376230 2722.1
1376240 2722.6
1376250 2722.6
1376260 2722.9
1376270 2723.2
1376280 2723.2
1376290 2722.9
1376300 2722.3
1376310 2722.3
1376320 2721.6
1376330 2720.8
1376340 2720.8
1376350 2720.0
1376360 2719.2
1376370 2719.2
1376380 2718.4
1376390 2717.5
1376400 2717.5
1376410 2716.6
1376420 2715.8
1376430 2715.8
1376440 2715.0
1376450 2714.1
1376460 2713.4
1376470 2713.4
1376480 2712.7
1376490 2711.9
1376500 2711.9
1376510 2711.0
1376520 2710.0
1376530 2710.0
1376540 2709.1
1376550 2708.3
1376560 2708.3
1376570 2707.8
1376580 2707.1
1376590 2707.1
1376600 2705.9
1376610 2704.8
1376620 2704.8
1376630 2705.1
1376640 2706.0
1376650 2706.0
1376660 2705.0
1376670 2703.4
1376680 2701.6
1376690 2701.6
1376700 2699.5
1376710 2697.3
1376720 2697.3
1376730 2695.0
1376740 2692.8
1376750 2692.8
1376760 2690.5
1376770 2687.8
1376780 2687.8
1376790 2684.8
1376800 2682.0
1376810 2682.0
1376820 2679.6
1376830 2677.1
1376840 2677.1
1376850 2674.3
1376860 2671.5
1376870 2671.5
1376880 2668.8
1376890 2666.0
1376900 2663.5
1376910 2663.5
1376920 2661.4
1376930 2659.2
1376940 2659.2
1376950 2657.1
1376960 2655.0
1376970 2655.0
1376980 2653.0
1376990 2651.1
1377000 2651.1
1377010 2649.1
1377020 2647.1
1377030 2647.1
1377040 2645.1
1377050 2643.2
1377060 2643.2
1377070 2641.0
1377080 2639.1
1377090 2639.1
1377100 2637.4
1377110 2635.9
1377120 2634.2
1377130 2634.2
1377140 2632.7
1377150 2636.5
1377160 2636.5
1377170 2634.4
1377180 2633.5
1377190 2633.5
1377200 2632.1
1377210 2631.1
1377220 2631.1
1377230 2631.0
1377240 2630.0
1377250 2630.0
1377260 2628.8
1377270 2626.8
1377280 2626.8
1377290 2626.3
1377300 2626.2
1377310 2626.2
1377320 2626.7
1377330 2625.9
1377340 2625.9
1377350 2625.2
1377360 2624.9
1377370 2624.0
1377380 2624.0
1377390 2624.0
1377400 2624.8
1377410 2624.8
1377420 2625.5
1377430 2625.3
1377440 2625.3
1377450 2624.8
1377460 2623.5
1377470 2623.5
1377480 2622.1
1377490 2619.7
1377500 2619.7
1377510 2617.3
1377520 2615.0
1377530 2615.0
1377540 2613.8
1377550 2610.1
1377560 2610.1
1377570 2605.4
1377580 2600.9
1377590 2595.3
1377600 2595.3
1377610 2592.2
1377620 2589.2
1377630 2589.2
1377640 2585.9
1377650 2582.4
1377660 2582.4
1377670 2582.9
1377680 2582.8
1377690 2582.8
1377700 2582.6
1377710 2581.2
1377720 2581.2
1377730 2579.3
1377740 2572.4
1377750 2572.4
1377760 2566.5
1377770 2562.3
1377780 2562.3
1377790 2560.2
1377800 2558.1
1377810 2557.8
1377820 2557.8
1377830 2558.6
1377840 2559.2
1377850 2559.2
1377860 2561.8
1377870 2562.0
1377880 2562.0
1377890 2561.5
1377900 2562.0
1377910 2562.0
1377920 2565.1
1377930 2564.2
1377940 2564.2
1377950 2560.8
1377960 2557.6
1377970 2557.6
1377980 2555.8
1377990 2553.2
1378000 2553.2
1378010 2549.1
1378020 2544.0
1378030 2539.0
1378040 2539.0
1378050 2536.0
1378060 2536.1
1378070 2536.1
1378080 2536.8
1378090 2535.4
1378100 2535.4
1378110 2532.6
1378120 2529.2
1378130 2529.2
1378140 2518.8
1378150 2511.4
1378160 2511.4
1378170 2507.5
1378180 2505.2
1378190 2505.2
1378200 2501.9
1378210 2498.7
1378220 2498.7
1378230 2497.2
1378240 2495.2
1378250 2495.2
1378260 2496.4
1378270 2497.5
1378280 2498.4
1378290 2498.4
1378300 2500.8
1378310 2501.5
1378320 2501.5
1378330 2503.3
1378340 2510.1
1378350 2510.1
1378360 2510.5
1378370 2510.6
1378380 2510.6
1378390 2514.3
1378400 2519.0
1378410 2519.0
1378420 2527.6
1378430 2534.1
1378440 2534.1
1378450 2536.6
1378460 2538.8
1378470 2538.8
1378480 2541.2
1378490 2545.7
1378500 2547.9
1378510 2547.9
1378520 2547.6
1378530 2546.6
1378540 2546.6
1378550 2546.0
1378560 2545.9
1378570 2545.9
1378580 2545.2
1378590 2546.2
1378600 2546.2
1378610 2548.0
1378620 2548.1
1378630 2548.1
1378640 2548.0
1378650 2547.5
1378660 2547.5
1378670 2547.7
1378680 2549.7
1378690 2549.7
1378700 2551.0
1378710 2552.7
1378720 2555.3
1378730 2555.3
1378740 2559.2
1378750 2567.2
1378760 2567.2
1378770 2576.0
1378780 2583.6
1378790 2583.6
1378800 2588.4
1378810 2593.2
1378820 2593.2
1378830 2601.3
1378840 2609.2
1378850 2609.2
1378860 2613.5
1378870 2616.4
1378880 2616.4
1378890 2620.9
1378900 2626.1
1378910 2626.1
1378920 2631.6
1378930 2636.5
1378940 2640.3
1378950 2640.3
1378960 2643.3
1378970 2646.1
1378980 2646.1
1378990 2648.0
1379000 2649.9
1379010 2649.9
1379020 2653.6
1379030 2658.0
1379040 2658.0
1379050 2660.3
1379060 2663.5
1379070 2663.5
1379080 2665.9
1379090 2666.9
1379100 2666.9
1379110 2667.1
1379120 2667.1
1379130 2667.1
1379140 2666.3
1379150 2668.5
1379160 2668.5
1379170 2671.0
1379180 2672.7
1379190 2674.3
1379200 2674.3
1379210 2674.9
1379220 2674.9
1379230 2674.9
1379240 2674.4
1379250 2672.9
1379260 2672.9
1379270 2673.5
1379280 2673.9
1379290 2673.9
1379300 2673.9
1379310 2674.3
1379320 2674.3
1379330 2675.2
1379340 2676.8
1379350 2676.8
1379360 2678.7
1379370 2681.2
1379380 2681.2
1379390 2684.1
1379400 2687.2
1379410 2690.3
1379420 2690.3
1379430 2691.8
1379440 2692.7
1379450 2692.7
1379460 2693.8
1379470 2695.5
1379480 2695.5
1379490 2697.4
1379500 2699.5
1379510 2699.5
1379520 2701.5
1379530 2703.5
1379540 2710.6
1379550 2712.8
1379560 2715.4
1379570 2715.4
1379580 2719.5
1379590 2723.7
1379600 2723.7
1379610 2728.2
1379620 2734.3
1379630 2741.6
1379640 2741.6
1379650 2749.1
1379660 2755.0
1379670 2755.0
1379680 2760.4
1379690 2767.0
1379700 2767.0
1379710 2771.4
1379720 2771.6
1379730 2771.6
1379740 2776.0
1379750 2780.8
1379760 2780.8
1379770 2784.2
1379780 2787.0
1379790 2787.0
1379800 2789.0
1379810 2788.5
1379820 2788.5
1379830 2788.3
1379840 2787.2
1379850 2786.6
1379860 2786.6
1379870 2785.0
1379880 2782.8
1379890 2782.8
1379900 2781.6
1379910 2783.0
1379920 2783.0
1379930 2785.2
1379940 2789.1
1379950 2789.1
1379960 2794.3
1379970 2795.6
1379980 2795.6
1379990 2797.4
