1360000 2754.1
1360010 2759.1
1360020 2759.1
1360030 2764.2
1360040 2770.0
1360050 2770.0
1360060 2774.2
1360070 2776.3
1360080 2776.3
1360090 2776.5
1360100 2776.6
1360110 2776.6
1360120 2777.5
1360130 2778.7
1360140 2778.7
1360150 2780.8
1360160 2783.9
1360170 2783.9
1360180 2788.0
1360190 2791.7
1360200 2791.7
1360210 2795.9
1360220 2800.6
1360230 2800.6
1360240 2805.2
1360250 2809.8
1360260 2814.8
1360270 2814.8
1360280 2819.6
1360290 2825.5
1360300 2825.5
1360310 2833.5
1360320 2843.8
1360330 2843.8
1360340 2850.5
1360350 2855.8
1360360 2855.8
1360370 2864.8
1360380 2857.5
1360390 2857.5
1360400 2836.0
1360410 2814.2
1360420 2814.2
1360430 2801.7
1360440 2790.2
1360450 2790.2
1360460 2782.8
1360470 2777.0
1360480 2772.3
1360490 2772.3
1360500 2767.5
1360510 2762.7
1360520 2762.7
1360530 2758.4
1360540 2754.1
1360550 2754.1
1360560 2749.8
1360570 2745.5
1360580 2745.5
1360590 2741.8
1360600 2738.3
1360610 2738.3
1360620 2735.6
1360630 2732.4
1360640 2732.4
1360650 2728.4
1360660 2725.4
1360670 2725.4
1360680 2723.7
1360690 2721.7
1360700 2719.6
1360710 2719.6
1360720 2715.9
1360730 2709.0
1360740 2709.0
1360750 2693.6
1360760 2675.8
1360770 2675.8
1360780 2666.6
1360790 2659.7
1360800 2659.7
1360810 2653.7
1360820 2649.0
1360830 2649.0
1360840 2643.4
1360850 2638.3
1360860 2638.3
1360870 2635.2
1360880 2636.2
1360890 2636.2
1360900 2632.6
1360910 2631.9
1360920 2631.9
1360930 2631.2
1360940 2628.8
1360950 2627.8
1360960 2627.8
1360970 2626.6
1360980 2626.4
1360990 2626.4
1361000 2626.4
1361010 2625.6
1361020 2625.6
1361030 2624.4
1361040 2622.0
1361050 2622.0
1361060 2619.7
1361070 2617.0
1361080 2617.0
1361090 2614.6
1361100 2612.6
1361110 2612.6
1361120 2614.6
1361130 2613.6
1361140 2613.6
1361150 2615.0
1361160 2613.0
1361170 2611.8
1361180 2611.8
1361190 2609.7
1361200 2606.4
1361210 2606.4
1361220 2604.8
1361230 2603.4
1361240 2603.4
1361250 2600.8
1361260 2599.8
1361270 2599.8
1361280 2598.6
1361290 2598.8
1361300 2598.8
1361310 2598.2
1361320 2596.7
1361330 2596.7
1361340 2596.1
1361350 2595.5
1361360 2595.5
1361370 2592.6
1361380 2591.9
1361390 2592.9
1361400 2592.9
1361410 2593.6
1361420 2593.4
1361430 2593.4
1361440 2591.1
1361450 2589.2
1361460 2589.2
1361470 2589.7
1361480 2593.1
1361490 2593.1
1361500 2594.4
1361510 2592.7
1361520 2592.7
1361530 2589.9
1361540 2586.4
1361550 2586.4
1361560 2579.4
1361570 2571.4
1361580 2571.4
1361590 2564.3
1361600 2558.0
1361610 2558.0
1361620 2551.8
1361630 2546.6
1361640 2542.2
1361650 2542.2
1361660 2536.7
1361670 2527.4
1361680 2527.4
1361690 2517.7
1361700 2508.2
1361710 2508.2
1361720 2499.5
1361730 2491.7
1361740 2491.7
1361750 2484.3
1361760 2477.3
1361770 2477.3
1361780 2472.2
1361790 2467.3
1361800 2467.3
1361810 2460.6
1361820 2453.3
1361830 2453.3
1361840 2446.0
1361850 2435.3
1361860 2426.7
1361870 2426.7
1361880 2419.9
1361890 2413.9
1361900 2413.9
1361910 2410.2
1361920 2405.3
1361930 2405.3
1361940 2402.3
1361950 2399.9
1361960 2399.9
1361970 2397.1
1361980 2395.2
1361990 2395.2
1362000 2392.6
1362010 2390.6
1362020 2390.6
1362030 2390.0
1362040 2389.8
1362050 2389.8
1362060 2389.7
1362070 2389.7
1362080 2389.5
1362090 2389.5
1362100 2389.5
1362110 2389.5
1362120 2389.5
1362130 2389.5
1362140 2389.5
1362150 2389.5
1362160 2389.7
1362170 2389.8
1362180 2389.8
1362190 2389.7
1362200 2389.5
1362210 2389.5
1362220 2389.5
1362230 2389.8
1362240 2389.8
1362250 2390.5
1362260 2390.8
1362270 2390.8
1362280 2391.9
1362290 2393.7
1362300 2393.7
1362310 2396.1
1362320 2398.6
1362330 2402.4
1362340 2402.4
1362350 2407.3
1362360 2413.2
1362370 2413.2
1362380 2419.1
1362390 2425.3
1362400 2425.3
1362410 2431.2
1362420 2437.7
1362430 2437.7
1362440 2445.2
1362450 2452.5
1362460 2452.5
1362470 2459.5
1362480 2467.3
1362490 2467.3
1362500 2475.8
1362510 2481.2
1362520 2481.2
1362530 2481.1
1362540 2480.6
1362550 2480.4
1362560 2480.4
1362570 2480.6
1362580 2480.7
1362590 2480.7
1362600 2481.1
1362610 2482.8
1362620 2482.8
1362630 2484.1
1362640 2486.7
1362650 2486.7
1362660 2490.7
1362670 2494.8
1362680 2494.8
1362690 2497.8
1362700 2500.9
1362710 2500.9
1362720 2508.1
1362730 2516.9
1362740 2516.9
1362750 2525.1
1362760 2535.1
1362770 2535.1
1362780 2539.8
1362790 2545.2
1362800 2549.2
1362810 2549.2
1362820 2553.4
1362830 2557.0
1362840 2557.0
1362850 2561.5
1362860 2566.8
1362870 2566.8
1362880 2571.8
1362890 2577.0
1362900 2577.0
1362910 2582.6
1362920 2588.2
1362930 2588.2
1362940 2593.8
1362950 2597.5
1362960 2597.5
1362970 2602.5
1362980 2607.8
1362990 2607.8
1363000 2612.7
1363010 2616.9
1363020 2621.1
1363030 2621.1
1363040 2626.2
1363050 2631.4
1363060 2631.4
1363070 2635.0
1363080 2638.2
1363090 2638.2
1363100 2640.8
1363110 2644.1
1363120 2644.1
1363130 2648.0
1363140 2652.4
1363150 2652.4
1363160 2658.9
1363170 2665.5
1363180 2665.5
1363190 2671.7
1363200 2679.1
1363210 2679.1
1363220 2689.9
1363230 2702.2
1363240 2714.3
1363250 2714.3
1363260 2722.0
1363270 2717.1
1363280 2717.1
1363290 2708.1
1363300 2700.7
1363310 2700.7
1363320 2694.0
1363330 2683.9
1363340 2683.9
1363350 2670.0
1363360 2659.1
1363370 2659.1
1363380 2648.3
1363390 2638.9
1363400 2638.9
1363410 2631.3
1363420 2624.5
1363430 2624.5
1363440 2618.5
1363450 2613.5
1363460 2613.5
1363470 2609.3
1363480 2604.8
1363490 2601.3
1363500 2601.3
1363510 2598.0
1363520 2594.9
1363530 2594.9
1363540 2592.2
1363550 2589.4
1363560 2589.4
1363570 2586.3
1363580 2583.9
1363590 2583.9
1363600 2582.3
1363610 2579.4
1363620 2579.4
1363630 2575.3
1363640 2570.7
1363650 2570.7
1363660 2565.9
1363670 2561.1
1363680 2561.1
1363690 2555.9
1363700 2550.7
1363710 2547.5
1363720 2547.5
1363730 2544.3
1363740 2540.6
1363750 2540.6
1363760 2535.9
1363770 2530.7
1363780 2530.7
1363790 2526.7
1363800 2522.8
1363810 2522.8
1363820 2518.3
1363830 2513.9
1363840 2513.9
1363850 2508.5
1363860 2503.8
1363870 2503.8
1363880 2498.7
1363890 2494.6
1363900 2494.6
1363910 2491.8
1363920 2488.4
1363930 2485.2
1363940 2485.2
1363950 2482.5
1363960 2479.8
1363970 2479.8
1363980 2477.0
1363990 2474.0
1364000 2472.5
1364010 2469.5
1364020 2466.1
1364030 2466.1
1364040 2462.2
1364050 2457.9
1364060 2457.9
1364070 2454.2
1364080 2451.4
1364090 2451.4
1364100 2448.1
1364110 2444.7
1364120 2444.7
1364130 2441.9
1364140 2439.1
1364150 2439.1
1364160 2435.9
1364170 2432.1
1364180 2427.0
1364190 2427.0
1364200 2421.3
1364210 2414.9
1364220 2414.9
1364230 2408.5
1364240 2402.9
1364250 2402.9
1364260 2397.6
1364270 2393.1
1364280 2393.1
1364290 2388.6
1364300 2384.1
1364310 2384.1
1364320 2378.8
1364330 2373.9
1364340 2373.9
1364350 2369.1
1364360 2364.4
1364370 2364.4
1364380 2359.7
1364390 2353.5
1364400 2348.1
1364410 2348.1
1364420 2343.8
1364430 2340.1
1364440 2340.1
1364450 2336.4
1364460 2334.0
1364470 2334.0
1364480 2331.8
1364490 2329.6
1364500 2329.6
1364510 2327.5
1364520 2324.9
1364530 2324.9
1364540 2322.9
1364550 2320.4
1364560 2320.4
1364570 2316.8
1364580 2313.7
1364590 2313.7
1364600 2309.1
1364610 2304.6
1364620 2299.5
1364630 2299.5
1364640 2294.5
1364650 2289.1
1364660 2289.1
1364670 2284.4
1364680 2280.2
1364690 2280.2
1364700 2276.1
1364710 2272.0
1364720 2272.0
1364730 2268.4
1364740 2264.8
1364750 2264.8
1364760 2261.0
1364770 2256.0
1364780 2256.0
1364790 2249.5
1364800 2243.2
1364810 2243.2
1364820 2238.4
1364830 2233.4
1364840 2233.4
1364850 2228.4
1364860 2224.4
1364870 2220.4
1364880 2220.4
1364890 2217.4
1364900 2213.3
1364910 2213.3
1364920 2210.6
1364930 2207.2
1364940 2207.2
1364950 2203.9
1364960 2200.8
1364970 2200.8
1364980 2197.9
1364990 2195.5
1365000 2195.5
1365010 2192.1
1365020 2188.3
1365030 2188.3
1365040 2183.8
1365050 2178.8
1365060 2174.3
1365070 2169.3
1365080 2164.3
1365090 2158.4
1365100 2158.4
1365110 2150.9
1365120 2143.4
1365130 2143.4
1365140 2137.1
1365150 2130.9
1365160 2130.9
1365170 2124.3
1365180 2117.5
1365190 2117.5
1365200 2110.6
1365210 2102.6
1365220 2102.6
1365230 2095.3
1365240 2090.4
1365250 2090.4
1365260 2085.5
1365270 2081.3
1365280 2081.3
1365290 2077.9
1365300 2078.0
1365310 2078.0
1365320 2078.5
1365330 2077.8
1365340 2072.5
1365350 2072.5
1365360 2067.8
1365370 2061.9
1365380 2061.9
1365390 2056.0
1365400 2049.5
1365410 2049.5
1365420 2043.7
1365430 2038.9
1365440 2038.9
1365450 2033.7
1365460 2028.5
1365470 2028.5
1365480 2021.4
1365490 2014.2
1365500 2014.2
1365510 2004.6
1365520 1997.5
1365530 1997.5
1365540 1991.5
1365550 1984.6
1365560 1979.1
1365570 1979.1
1365580 1975.1
1365590 1970.7
1365600 1970.7
1365610 1965.8
1365620 1960.1
1365630 1960.1
1365640 1949.4
1365650 1936.7
1365660 1936.7
1365670 1924.9
1365680 1914.7
1365690 1914.7
1365700 1905.9
1365710 1899.5
1365720 1899.5
1365730 1894.1
1365740 1891.3
1365750 1891.3
1365760 1889.8
1365770 1886.7
1365780 1880.9
1365790 1880.9
1365800 1874.4
1365810 1870.4
1365820 1870.4
1365830 1866.2
1365840 1864.0
1365850 1864.0
1365860 1862.1
1365870 1861.5
1365880 1861.5
1365890 1859.4
1365900 1855.6
1365910 1855.6
1365920 1853.4
1365930 1849.5
1365940 1849.5
1365950 1846.6
1365960 1844.3
1365970 1844.3
1365980 1842.8
1365990 1841.7
1366000 1841.7
1366010 1841.4
1366020 1844.5
1366030 1845.8
1366040 1845.8
1366050 1846.3
1366060 1845.3
1366070 1845.3
1366080 1845.5
1366090 1844.8
1366100 1844.8
1366110 1843.0
1366120 1841.0
1366130 1836.9
1366140 1832.5
1366150 1828.9
1366160 1828.9
1366170 1826.3
1366180 1824.4
1366190 1824.4
1366200 1821.8
1366210 1816.7
1366220 1816.7
1366230 1812.4
1366240 1808.4
1366250 1802.6
1366260 1802.6
1366270 1794.3
1366280 1787.5
1366290 1787.5
1366300 1781.6
1366310 1775.4
1366320 1775.4
1366330 1770.5
1366340 1766.3
1366350 1766.3
1366360 1762.3
1366370 1758.0
1366380 1758.0
1366390 1753.4
1366400 1748.3
1366410 1748.3
1366420 1743.5
1366430 1739.7
1366440 1739.7
1366450 1737.5
1366460 1735.1
1366470 1733.0
1366480 1733.0
1366490 1732.2
1366500 1731.8
1366510 1731.8
1366520 1731.6
1366530 1729.5
1366540 1729.5
1366550 1729.1
1366560 1729.9
1366570 1729.9
1366580 1732.2
1366590 1734.3
1366600 1734.3
1366610 1737.0
1366620 1739.3
1366630 1739.3
1366640 1741.9
1366650 1746.1
1366660 1746.1
1366670 1750.2
1366680 1754.7
1366690 1754.7
1366700 1758.6
1366710 1763.4
1366720 1768.8
1366730 1768.8
1366740 1774.5
1366750 1780.6
1366760 1780.6
1366770 1786.5
1366780 1793.1
1366790 1793.1
1366800 1798.9
1366810 1804.8
1366820 1804.8
1366830 1810.8
1366840 1817.2
1366850 1817.2
1366860 1822.8
1366870 1828.6
1366880 1828.6
1366890 1835.3
1366900 1841.4
1366910 1841.4
1366920 1847.9
1366930 1853.2
1366940 1859.2
1366950 1859.2
1366960 1866.1
1366970 1872.0
1366980 1872.0
1366990 1882.5
1367000 1894.0
1367010 1894.0
1367020 1918.4
1367030 1943.3
1367040 1943.3
1367050 1959.3
1367060 1999.2
1367070 1999.2
1367080 2018.8
1367090 2026.3
1367100 2026.3
1367110 2032.4
1367120 2041.2
1367130 2041.2
1367140 2048.0
1367150 2054.6
1367160 2061.5
1367170 2061.5
1367180 2068.3
1367190 2078.4
1367200 2078.4
1367210 2085.1
1367220 2091.6
1367230 2091.6
1367240 2100.2
1367250 2108.8
1367260 2108.8
1367270 2117.4
1367280 2127.3
1367290 2127.3
1367300 2137.8
1367310 2147.4
1367320 2147.4
1367330 2157.0
1367340 2165.9
1367350 2165.9
1367360 2173.5
1367370 2181.4
1367380 2181.4
1367390 2189.0
1367400 2195.0
1367410 2200.0
1367420 2200.0
1367430 2204.2
1367440 2208.5
1367450 2208.5
1367460 2212.1
1367470 2216.3
1367480 2216.3
1367490 2220.4
1367500 2224.1
1367510 2224.1
1367520 2227.5
1367530 2230.7
1367540 2230.7
1367550 2233.1
1367560 2236.6
1367570 2236.6
1367580 2239.8
1367590 2243.6
1367600 2243.6
1367610 2247.8
1367620 2252.3
1367630 2257.3
1367640 2257.3
1367650 2262.0
1367660 2267.2
1367670 2267.2
1367680 2272.8
1367690 2278.2
1367700 2278.2
1367710 2284.1
1367720 2290.2
1367730 2290.2
1367740 2295.6
1367750 2300.4
1367760 2300.4
1367770 2305.2
1367780 2310.2
1367790 2310.2
1367800 2315.2
1367810 2320.0
1367820 2320.0
1367830 2324.3
1367840 2328.6
1367850 2328.6
1367860 2332.6
1367870 2336.3
1367880 2341.7
1367890 2341.7
1367900 2345.7
1367910 2349.1
1367920 2349.1
1367930 2352.3
1367940 2356.2
1367950 2356.2
1367960 2360.9
1367970 2365.7
1367980 2365.7
1367990 2369.4
1368000 2373.6
1368010 2373.6
1368020 2379.2
1368030 2384.4
1368040 2384.4
1368050 2389.7
1368060 2394.6
1368070 2394.6
1368080 2399.5
1368090 2404.3
1368100 2411.0
1368110 2411.0
1368120 2417.7
1368130 2423.6
1368140 2423.6
1368150 2428.8
1368160 2434.2
1368170 2434.2
1368180 2439.2
1368190 2444.2
1368200 2444.2
1368210 2449.0
1368220 2453.6
1368230 2453.6
1368240 2457.4
1368250 2460.9
1368260 2460.9
1368270 2464.5
1368280 2467.9
1368290 2466.4
1368300 2469.9
1368310 2473.6
1368320 2477.5
1368330 2477.5
1368340 2481.7
1368350 2486.0
1368360 2486.0
1368370 2490.3
1368380 2494.9
1368390 2494.9
1368400 2499.6
1368410 2504.5
1368420 2504.5
1368430 2509.6
1368440 2515.1
1368450 2515.1
1368460 2520.4
1368470 2525.6
1368480 2525.6
1368490 2530.9
1368500 2536.9
1368510 2536.9
1368520 2542.4
1368530 2547.5
1368540 2547.5
1368550 2552.5
1368560 2557.5
1368570 2562.6
1368580 2562.6
1368590 2567.8
1368600 2573.2
1368610 2573.2
1368620 2578.5
1368630 2583.6
1368640 2583.6
1368650 2588.9
1368660 2594.2
1368670 2594.2
1368680 2599.7
1368690 2605.2
1368700 2605.2
1368710 2610.6
1368720 2615.5
1368730 2615.5
1368740 2620.7
1368750 2626.4
1368760 2626.4
1368770 2632.2
1368780 2637.9
1368790 2643.7
1368800 2643.7
1368810 2649.4
1368820 2655.4
1368830 2655.4
1368840 2661.2
1368850 2667.0
1368860 2667.0
1368870 2673.4
1368880 2679.5
1368890 2679.5
1368900 2685.0
1368910 2691.2
1368920 2691.2
1368930 2697.8
1368940 2704.0
1368950 2704.0
1368960 2710.2
1368970 2717.0
1368980 2717.0
1368990 2723.6
1369000 2730.0
1369010 2736.5
1369020 2736.5
1369030 2743.0
1369040 2749.8
1369050 2749.8
1369060 2757.0
1369070 2764.0
1369080 2764.0
1369090 2771.0
1369100 2777.4
1369110 2777.4
1369120 2783.8
1369130 2791.1
1369140 2791.1
1369150 2802.5
1369160 2813.3
1369170 2813.3
1369180 2823.6
1369190 2833.2
1369200 2833.2
1369210 2845.9
1369220 2862.3
1369230 2862.3
1369240 2879.3
1369250 2892.4
1369260 2903.7
1369270 2903.7
1369280 2909.3
1369290 2916.2
1369300 2916.2
1369310 2924.6
1369320 2933.5
1369330 2933.5
1369340 2945.0
1369350 2958.1
1369360 2958.1
1369370 2968.7
1369380 2977.3
1369390 2978.7
1369400 2989.3
1369410 2998.4
1369420 2998.4
1369430 3011.9
1369440 3023.2
1369450 3023.2
1369460 3029.7
1369470 3031.9
1369480 3040.0
1369490 3040.0
1369500 3049.8
1369510 3063.5
1369520 3063.5
1369530 3069.8
1369540 3073.0
1369550 3073.0
1369560 3078.4
1369570 3086.3
1369580 3086.3
1369590 3095.9
1369600 3107.0
1369610 3107.0
1369620 3110.1
1369630 3109.6
1369640 3109.6
1369650 3107.8
1369660 3106.7
1369670 3106.7
1369680 3105.7
1369690 3104.1
1369700 3101.7
1369710 3101.7
1369720 3098.0
1369730 3092.8
1369740 3092.8
1369750 3087.1
1369760 3081.8
1369770 3081.8
1369780 3077.1
1369790 3072.2
1369800 3072.2
1369810 3067.0
1369820 3062.1
1369830 3062.1
1369840 3046.4
1369850 3031.4
1369860 3031.4
1369870 3029.1
1369880 3022.0
1369890 3022.0
1369900 3011.7
1369910 3003.8
1369920 3003.8
1369930 2999.3
1369940 2995.9
1369950 2992.7
1369960 2992.7
1369970 2991.2
1369980 2984.9
1369990 2984.9
1370000 2980.6
1370010 2978.1
1370020 2978.1
1370030 2976.5
1370040 2974.5
1370050 2974.5
1370060 2974.6
1370070 2974.3
1370080 2974.3
1370090 2973.7
1370100 2965.5
1370110 2965.5
1370120 2945.8
1370130 2935.3
1370140 2935.3
1370150 2926.7
1370160 2924.9
1370170 2921.6
1370180 2921.6
1370190 2914.1
1370200 2905.4
1370210 2905.4
1370220 2898.8
1370230 2894.5
1370240 2894.5
1370250 2887.1
1370260 2874.9
1370270 2874.9
1370280 2863.3
1370290 2858.1
1370300 2858.1
1370310 2855.8
1370320 2853.7
1370330 2853.7
1370340 2840.5
1370350 2828.0
1370360 2828.0
1370370 2828.0
1370380 2828.7
1370390 2829.4
1370400 2829.4
1370410 2830.3
1370420 2827.1
1370430 2827.1
1370440 2825.5
1370450 2828.1
1370460 2828.1
1370470 2827.7
1370480 2826.0
1370490 2826.0
1370500 2828.4
1370510 2826.3
1370520 2826.3
1370530 2823.9
1370540 2821.8
1370550 2821.8
1370560 2820.2
1370570 2818.1
1370580 2818.1
1370590 2814.6
1370600 2811.6
1370610 2811.6
1370620 2808.4
1370630 2805.1
1370640 2801.1
1370650 2801.1
1370660 2796.9
1370670 2792.8
1370680 2792.8
1370690 2788.1
1370700 2783.4
1370710 2783.4
1370720 2778.3
1370730 2773.9
1370740 2773.9
1370750 2769.9
1370760 2765.5
1370770 2765.5
1370780 2760.2
1370790 2755.1
1370800 2755.1
1370810 2749.5
1370820 2744.9
1370830 2744.9
1370840 2741.4
1370850 2739.4
1370860 2738.9
1370870 2738.9
1370880 2739.2
1370890 2740.0
1370900 2740.0
1370910 2739.3
1370920 2738.3
1370930 2738.3
1370940 2736.8
1370950 2734.8
1370960 2734.8
1370970 2732.1
1370980 2728.7
1370990 2728.7
1371000 2725.4
1371010 2722.3
1371020 2722.3
1371030 2719.6
1371040 2717.2
1371050 2717.2
1371060 2714.6
1371070 2712.1
1371080 2712.1
1371090 2709.7
1371100 2707.1
1371110 2704.3
1371120 2704.3
1371130 2701.2
1371140 2697.6
1371150 2697.6
1371160 2693.4
1371170 2689.5
1371180 2689.5
1371190 2685.7
1371200 2683.0
1371210 2683.0
1371220 2680.2
1371230 2676.6
1371240 2676.6
1371250 2672.0
1371260 2667.1
1371270 2667.1
1371280 2664.6
1371290 2659.4
1371300 2659.4
1371310 2653.6
1371320 2648.6
1371330 2642.9
1371340 2642.9
1371350 2639.3
1371360 2634.3
1371370 2634.3
1371380 2628.4
1371390 2623.0
1371400 2623.0
1371410 2618.0
1371420 2614.2
1371430 2614.2
1371440 2612.4
1371450 2609.0
1371460 2609.0
1371470 2605.0
1371480 2603.6
1371490 2603.6
1371500 2602.1
1371510 2598.0
1371520 2598.0
1371530 2591.9
1371540 2586.5
1371550 2582.7
1371560 2582.7
1371570 2579.9
1371580 2573.8
1371590 2573.8
1371600 2570.0
1371610 2569.4
1371620 2575.5
1371630 2578.5
1371640 2579.8
1371650 2579.8
1371660 2580.4
1371670 2580.6
1371680 2580.6
1371690 2579.8
1371700 2579.3
1371710 2579.3
1371720 2579.2
1371730 2578.8
1371740 2578.8
1371750 2577.9
1371760 2577.3
1371770 2577.3
1371780 2576.8
1371790 2576.7
1371800 2576.9
1371810 2576.9
1371820 2576.7
1371830 2575.8
1371840 2575.8
1371850 2575.4
1371860 2573.3
1371870 2573.3
1371880 2570.2
1371890 2569.6
1371900 2569.6
1371910 2569.2
1371920 2570.3
1371930 2570.3
1371940 2571.4
1371950 2572.6
1371960 2572.6
1371970 2575.0
1371980 2576.6
1371990 2576.6
1372000 2575.1
1372010 2571.0
1372020 2568.5
1372030 2568.5
1372040 2568.2
1372050 2568.5
1372060 2568.5
1372070 2569.5
1372080 2569.2
1372090 2569.2
1372100 2569.5
1372110 2568.4
1372120 2568.4
1372130 2567.6
1372140 2565.7
1372150 2565.7
1372160 2563.4
1372170 2562.2
1372180 2562.2
1372190 2560.6
1372200 2557.6
1372210 2557.6
1372220 2551.9
1372230 2547.9
1372240 2542.2
1372250 2542.2
1372260 2538.2
1372270 2536.0
1372280 2536.0
1372290 2533.8
1372300 2531.0
1372310 2531.0
1372320 2526.7
1372330 2520.7
1372340 2520.7
1372350 2515.1
1372360 2511.7
1372370 2511.7
1372380 2504.6
1372390 2500.9
1372400 2500.9
1372410 2497.9
1372420 2497.3
1372430 2497.3
1372440 2497.8
1372450 2497.5
1372460 2497.5
1372470 2493.6
1372480 2485.9
1372490 2482.9
1372500 2482.9
1372510 2480.5
1372520 2477.0
1372530 2477.0
1372540 2473.2
1372550 2469.1
1372560 2469.1
1372570 2464.0
1372580 2458.8
1372590 2458.8
1372600 2452.4
1372610 2446.1
1372620 2446.1
1372630 2439.3
1372640 2433.8
1372650 2433.8
1372660 2427.0
1372670 2421.0
1372680 2421.0
1372690 2415.1
1372700 2408.8
1372710 2404.0
1372720 2404.0
1372730 2403.2
1372740 2401.9
1372750 2409.9
1372760 2408.4
1372770 2405.1
1372780 2405.1
1372790 2400.6
1372800 2395.6
1372810 2395.6
1372820 2391.0
1372830 2385.8
1372840 2385.8
1372850 2380.3
1372860 2379.1
1372870 2379.1
1372880 2376.4
1372890 2371.2
1372900 2371.2
1372910 2366.1
1372920 2361.9
1372930 2359.8
1372940 2359.8
1372950 2357.8
1372960 2355.4
1372970 2355.4
1372980 2352.9
1372990 2350.8
1373000 2350.8
1373010 2347.7
1373020 2344.6
1373030 2344.6
1373040 2344.3
1373050 2344.1
1373060 2344.1
1373070 2344.8
1373080 2345.5
1373090 2345.5
1373100 2346.3
1373110 2347.5
1373120 2347.5
1373130 2348.5
1373140 2349.5
1373150 2349.5
1373160 2350.7
1373170 2351.9
1373180 2352.7
1373190 2352.7
1373200 2353.6
1373210 2355.4
1373220 2355.4
1373230 2356.5
1373240 2357.7
1373250 2357.7
1373260 2358.8
1373270 2359.9
1373280 2359.9
1373290 2361.0
1373300 2362.2
1373310 2362.2
1373320 2363.2
1373330 2364.0
1373340 2364.0
1373350 2364.9
1373360 2365.9
1373370 2365.9
1373380 2366.9
1373390 2367.7
1373400 2368.6
1373410 2368.6
1373420 2369.5
1373430 2370.4
1373440 2370.4
1373450 2371.4
1373460 2372.2
1373470 2372.2
1373480 2372.9
1373490 2374.0
1373500 2374.0
1373510 2374.8
1373520 2375.4
1373530 2375.4
1373540 2376.1
1373550 2376.8
1373560 2376.8
1373570 2377.4
1373580 2377.9
1373590 2377.9
1373600 2378.4
1373610 2379.0
1373620 2379.5
1373630 2379.5
1373640 2380.0
1373650 2380.4
1373660 2380.4
1373670 2381.0
1373680 2381.5
1373690 2381.5
1373700 2381.9
1373710 2382.3
1373720 2382.3
1373730 2382.8
1373740 2383.2
1373750 2383.2
1373760 2383.2
1373770 2383.4
1373780 2383.4
1373790 2383.6
1373800 2383.6
1373810 2383.6
1373820 2382.9
1373830 2383.0
1373840 2383.0
1373850 2383.4
1373860 2383.6
1373870 2383.7
1373880 2383.7
1373890 2385.3
1373900 2385.3
1373910 2385.3
1373920 2385.6
1373930 2385.5
1373940 2385.5
1373950 2385.8
1373960 2386.3
1373970 2386.3
1373980 2387.2
1373990 2390.2
1374000 2390.2
1374010 2395.3
1374020 2401.1
1374030 2401.1
1374040 2404.9
1374050 2410.2
1374060 2410.2
1374070 2413.6
1374080 2417.2
1374090 2421.2
1374100 2421.2
1374110 2425.4
1374120 2429.8
1374130 2429.8
1374140 2435.4
1374150 2441.6
1374160 2441.6
1374170 2446.5
1374180 2452.3
1374190 2452.3
1374200 2457.1
1374210 2458.3
1374220 2458.3
1374230 2455.5
1374240 2454.1
1374250 2454.1
1374260 2454.5
1374270 2457.8
1374280 2457.8
1374290 2469.3
1374300 2478.3
1374310 2478.3
1374320 2484.6
1374330 2488.6
1374340 2493.8
1374350 2493.8
1374360 2502.9
1374370 2511.1
1374380 2511.1
1374390 2518.4
1374400 2524.7
1374410 2524.7
1374420 2531.2
1374430 2536.9
1374440 2536.9
1374450 2542.6
1374460 2548.3
1374470 2548.3
1374480 2554.6
1374490 2560.8
1374500 2560.8
1374510 2566.0
1374520 2571.1
1374530 2571.1
1374540 2575.5
1374550 2577.4
1374560 2579.9
1374570 2579.9
1374580 2583.9
1374590 2588.7
1374600 2588.7
1374610 2593.9
1374620 2599.4
1374630 2599.4
1374640 2604.8
1374650 2610.2
1374660 2610.2
1374670 2614.3
1374680 2616.1
1374690 2616.1
1374700 2618.1
1374710 2622.9
1374720 2622.9
1374730 2627.6
1374740 2630.5
1374750 2630.5
1374760 2633.2
1374770 2635.8
1374780 2638.2
1374790 2638.2
1374800 2641.0
1374810 2644.4
1374820 2644.4
1374830 2648.9
1374840 2653.4
1374850 2653.4
1374860 2656.5
1374870 2658.7
1374880 2658.7
1374890 2660.8
1374900 2664.8
1374910 2664.8
1374920 2668.7
1374930 2671.7
1374940 2671.7
1374950 2674.3
1374960 2677.2
1374970 2677.2
1374980 2680.0
1374990 2682.7
1375000 2682.7
1375010 2684.6
1375020 2685.7
1375030 2687.0
1375040 2684.3
1375050 2686.6
1375060 2689.5
1375070 2689.5
1375080 2693.0
1375090 2697.2
1375100 2697.2
1375110 2700.8
1375120 2705.4
1375130 2705.4
1375140 2710.6
1375150 2716.7
1375160 2716.7
1375170 2723.1
1375180 2730.8
1375190 2730.8
1375200 2738.7
1375210 2747.8
1375220 2747.8
1375230 2760.6
1375240 2769.4
1375250 2778.6
1375260 2778.6
1375270 2787.1
1375280 2794.6
1375290 2794.6
1375300 2801.6
1375310 2808.6
1375320 2808.6
1375330 2815.5
1375340 2822.6
1375350 2822.6
1375360 2831.1
1375370 2842.8
1375380 2842.8
1375390 2854.3
1375400 2870.2
1375410 2870.2
1375420 2878.0
1375430 2881.6
1375440 2881.6
1375450 2881.6
1375460 2879.5
1375470 2877.4
1375480 2877.4
1375490 2876.4
1375500 2877.4
1375510 2877.4
1375520 2877.3
1375530 2879.4
1375540 2879.4
1375550 2881.7
1375560 2885.3
1375570 2885.3
1375580 2890.5
1375590 2894.1
1375600 2894.1
1375610 2894.6
1375620 2897.7
1375630 2897.7
1375640 2902.4
1375650 2905.9
1375660 2905.9
1375670 2910.4
1375680 2915.3
1375690 2915.3
1375700 2919.3
1375710 2922.5
1375720 2926.3
1375730 2926.3
1375740 2930.7
1375750 2936.6
1375760 2936.6
1375770 2941.7
1375780 2946.2
1375790 2946.2
1375800 2952.8
1375810 2958.3
1375820 2958.3
1375830 2964.8
1375840 2972.6
1375850 2972.6
1375860 2979.1
1375870 2984.6
1375880 2984.6
1375890 2992.6
1375900 3004.5
1375910 3004.5
1375920 3021.6
1375930 3039.6
1375940 3056.5
1375950 3056.5
1375960 3068.8
1375970 3079.1
1375980 3079.1
1375990 3089.9
1376000 3101.0
1376010 3101.0
1376020 3111.0
1376030 3121.2
1376040 3121.2
1376050 3129.5
1376060 3136.9
1376070 3136.9
1376080 3145.1
1376090 3153.9
1376100 3153.9
1376110 3161.7
1376120 3164.2
1376130 3164.2
1376140 3167.7
1376150 3167.2
1376160 3163.5
1376170 3163.5
1376180 3159.2
1376190 3154.6
1376200 3161.5
1376210 3156.8
1376220 3151.7
1376230 3151.7
1376240 3146.2
1376250 3140.1
1376260 3140.1
1376270 3133.3
1376280 3126.3
1376290 3126.3
1376300 3119.4
1376310 3114.8
1376320 3114.8
1376330 3103.2
1376340 3091.8
1376350 3091.8
1376360 3081.3
1376370 3072.0
1376380 3072.0
1376390 3068.1
1376400 3066.5
1376410 3066.3
1376420 3066.3
1376430 3066.0
1376440 3065.0
1376450 3065.0
1376460 3064.3
1376470 3059.4
1376480 3059.4
1376490 3050.8
1376500 3050.1
1376510 3050.1
1376520 3049.3
1376530 3051.3
1376540 3051.3
1376550 3046.4
1376560 3043.3
1376570 3043.3
1376580 3041.3
1376590 3039.0
1376600 3039.0
1376610 3035.8
1376620 3033.8
1376630 3028.6
1376640 3028.6
1376650 3022.9
1376660 3016.6
1376670 3016.6
1376680 3010.3
1376690 3006.4
1376700 3006.4
1376710 3004.7
1376720 3003.8
1376730 3003.8
1376740 3003.4
1376750 3003.5
1376760 3003.5
1376770 3003.4
1376780 3003.0
1376790 3003.0
1376800 3002.3
1376810 3001.2
1376820 3001.2
1376830 3000.0
1376840 2998.6
1376850 2997.2
1376860 2997.2
1376870 2995.7
1376880 2994.1
1376890 2994.1
1376900 2992.5
1376910 2991.0
1376920 2991.0
1376930 2989.5
1376940 2988.4
1376950 2988.4
1376960 2987.7
1376970 2987.3
1376980 2987.3
1376990 2986.9
1377000 2986.5
1377010 2986.5
1377020 2985.9
1377030 2985.2
1377040 2985.2
1377050 2983.7
1377060 2982.1
1377070 2982.1
1377080 2982.6
1377090 2983.0
1377100 2983.5
1377110 2983.5
1377120 2983.7
1377130 2984.5
1377140 2984.5
1377150 2984.6
1377160 2985.4
1377170 2985.4
1377180 2986.2
1377190 2987.6
1377200 2987.6
1377210 2989.5
1377220 2991.7
1377230 2991.7
1377240 2993.8
1377250 2996.0
1377260 2996.0
1377270 2998.0
1377280 3000.1
1377290 3000.1
1377300 3002.4
1377310 3005.1
1377320 3007.6
1377330 3007.6
1377340 3010.2
1377350 3013.5
1377360 3013.5
1377370 3016.2
1377380 3022.9
1377390 3022.9
1377400 3025.4
1377410 3028.1
1377420 3028.1
1377430 3031.3
1377440 3037.1
1377450 3037.1
1377460 3043.2
1377470 3051.1
1377480 3051.1
1377490 3056.8
1377500 3059.2
1377510 3059.2
1377520 3059.0
1377530 3057.6
1377540 3057.6
1377550 3057.7
1377560 3058.5
1377570 3058.4
1377580 3058.4
1377590 3056.0
1377600 3051.9
1377610 3051.9
1377620 3046.1
1377630 3039.5
1377640 3039.5
1377650 3029.8
1377660 3018.9
1377670 3018.9
1377680 3008.2
1377690 2999.3
1377700 2999.3
1377710 2995.2
1377720 2992.4
1377730 2992.4
1377740 2990.0
1377750 2985.6
1377760 2985.6
1377770 2981.4
1377780 2977.4
1377790 2969.8
1377800 2969.8
1377810 2966.5
1377820 2962.6
1377830 2962.6
1377840 2958.9
1377850 2955.5
1377860 2955.5
1377870 2952.3
1377880 2949.5
1377890 2949.5
1377900 2946.7
1377910 2944.1
1377920 2944.1
1377930 2942.0
1377940 2940.3
1377950 2940.3
1377960 2938.7
1377970 2937.4
1377980 2937.4
1377990 2936.3
1378000 2935.3
1378010 2934.1
1378020 2934.1
1378030 2932.1
1378040 2929.8
1378050 2929.8
1378060 2929.0
1378070 2927.0
1378080 2927.0
1378090 2924.7
1378100 2922.6
1378110 2922.6
1378120 2920.4
1378130 2918.4
1378140 2918.4
1378150 2916.6
1378160 2914.8
1378170 2914.8
1378180 2912.8
1378190 2910.8
1378200 2910.8
1378210 2908.8
1378220 2906.4
1378230 2906.4
1378240 2902.6
1378250 2896.2
1378260 2889.1
1378270 2889.1
1378280 2881.8
1378290 2874.8
1378300 2874.8
1378310 2868.5
1378320 2862.6
1378330 2862.6
1378340 2857.7
1378350 2854.5
1378360 2854.5
1378370 2852.7
1378380 2851.8
1378390 2851.8
1378400 2851.2
1378410 2851.3
1378420 2851.3
1378430 2852.2
1378440 2853.5
1378450 2853.5
1378460 2854.7
1378470 2855.7
1378480 2856.0
1378490 2856.0
1378500 2855.9
1378510 2855.1
1378520 2855.1
1378530 2853.8
1378540 2851.9
1378550 2851.9
1378560 2849.8
1378570 2844.1
1378580 2844.1
1378590 2842.4
1378600 2840.8
1378610 2840.8
1378620 2839.4
1378630 2838.0
1378640 2838.0
1378650 2836.6
1378660 2835.0
1378670 2835.0
1378680 2833.5
1378690 2832.0
1378700 2830.2
1378710 2830.2
1378720 2828.1
1378730 2826.1
1378740 2826.1
1378750 2824.7
1378760 2823.0
1378770 2823.0
1378780 2821.1
1378790 2819.0
1378800 2819.0
1378810 2816.9
1378820 2814.6
1378830 2814.6
1378840 2811.8
1378850 2808.1
1378860 2808.1
1378870 2804.2
1378880 2800.0
1378890 2800.0
1378900 2794.6
1378910 2790.4
1378920 2790.4
1378930 2785.4
1378940 2780.4
1378950 2775.6
1378960 2775.6
1378970 2769.8
1378980 2763.6
1378990 2763.6
1379000 2757.2
1379010 2753.3
1379020 2753.3
1379030 2748.7
1379040 2744.6
1379050 2744.6
1379060 2740.2
1379070 2735.9
1379080 2735.9
1379090 2730.7
1379100 2724.4
1379110 2724.4
1379120 2718.9
1379130 2713.4
1379140 2713.4
1379150 2707.0
1379160 2701.6
1379170 2698.7
1379180 2698.7
1379190 2696.3
1379200 2692.4
1379210 2692.4
1379220 2691.1
1379230 2687.2
1379240 2687.2
1379250 2681.1
1379260 2677.4
1379270 2677.4
1379280 2672.2
1379290 2665.1
1379300 2665.1
1379310 2659.8
1379320 2654.9
1379330 2654.9
1379340 2647.9
1379350 2640.4
1379360 2640.4
1379370 2628.2
1379380 2612.2
1379390 2600.8
1379400 2600.8
1379410 2593.9
1379420 2590.8
1379430 2590.8
1379440 2588.6
1379450 2586.6
1379460 2586.6
1379470 2584.4
1379480 2582.5
1379490 2582.5
1379500 2580.9
1379510 2579.4
1379520 2579.4
1379530 2578.8
1379540 2579.8
1379550 2579.8
1379560 2583.8
1379570 2584.2
1379580 2584.2
1379590 2584.6
1379600 2588.4
1379610 2588.4
1379620 2591.0
1379630 2589.7
1379640 2589.7
1379650 2589.7
1379660 2592.3
1379670 2594.2
1379680 2594.2
1379690 2596.1
1379700 2597.8
1379710 2597.8
1379720 2599.3
1379730 2600.7
1379740 2600.7
1379750 2601.9
1379760 2602.9
1379770 2602.9
1379780 2601.1
1379790 2601.7
1379800 2601.7
1379810 2601.8
1379820 2602.3
1379830 2602.3
1379840 2602.1
1379850 2601.3
1379860 2600.7
1379870 2600.7
1379880 2599.9
1379890 2598.2
1379900 2598.2
1379910 2596.8
1379920 2595.2
1379930 2595.2
1379940 2593.7
1379950 2592.3
1379960 2592.3
1379970 2590.3
1379980 2590.2
1379990 2590.2
