1360000 2598.6
1360010 2603.8
1360020 2609.0
1360030 2609.0
1360040 2612.5
1360050 2612.3
1360060 2612.3
1360070 2615.1
1360080 2617.0
1360090 2617.0
1360100 2613.8
1360110 2616.5
1360120 2616.5
1360130 2626.8
1360140 2644.3
1360150 2644.3
1360160 2654.9
1360170 2655.3
1360180 2656.7
1360190 2656.7
1360200 2656.6
1360210 2661.0
1360220 2661.0
1360230 2670.7
1360240 2685.7
1360250 2685.7
1360260 2697.1
1360270 2703.9
1360280 2703.9
1360290 2709.1
1360300 2718.8
1360310 2718.8
1360320 2727.8
1360330 2734.6
1360340 2734.6
1360350 2740.2
1360360 2746.5
1360370 2746.5
1360380 2754.2
1360390 2762.7
1360400 2762.7
1360410 2771.1
1360420 2779.5
1360430 2789.7
1360440 2789.7
1360450 2807.7
1360460 2819.2
1360470 2819.2
1360480 2830.2
1360490 2843.2
1360500 2843.2
1360510 2851.9
1360520 2861.8
1360530 2861.8
1360540 2873.4
1360550 2885.2
1360560 2885.2
1360570 2900.6
1360580 2910.5
1360590 2910.5
1360600 2916.9
1360610 2911.4
1360620 2911.4
1360630 2901.0
1360640 2885.9
1360650 2874.6
1360660 2874.6
1360670 2862.9
1360680 2851.3
1360690 2851.3
1360700 2841.5
1360710 2833.4
1360720 2833.4
1360730 2823.9
1360740 2815.4
1360750 2815.4
1360760 2807.7
1360770 2799.0
1360780 2799.0
1360790 2789.6
1360800 2780.0
1360810 2780.0
1360820 2768.5
1360830 2754.4
1360840 2754.4
1360850 2744.6
1360860 2738.3
1360870 2731.9
1360880 2731.9
1360890 2720.8
1360900 2700.9
1360910 2700.9
1360920 2692.4
1360930 2691.3
1360940 2691.3
1360950 2689.1
1360960 2682.1
1360970 2682.1
1360980 2663.9
1360990 2641.0
1361000 2641.0
1361010 2620.6
1361020 2609.8
1361030 2609.8
1361040 2603.7
1361050 2598.1
1361060 2598.1
1361070 2592.3
1361080 2586.5
1361090 2586.5
1361100 2580.8
1361110 2576.7
1361120 2572.4
1361130 2572.4
1361140 2567.1
1361150 2562.5
1361160 2562.5
1361170 2558.3
1361180 2554.6
1361190 2554.6
1361200 2548.5
1361210 2543.2
1361220 2543.2
1361230 2536.0
1361240 2523.9
1361250 2523.9
1361260 2513.2
1361270 2502.0
1361280 2502.0
1361290 2491.6
1361300 2483.6
1361310 2483.6
1361320 2477.5
1361330 2471.3
1361340 2465.4
1361350 2465.4
1361360 2459.5
1361370 2454.2
1361380 2454.2
1361390 2448.8
1361400 2443.6
1361410 2443.6
1361420 2438.4
1361430 2433.7
1361440 2433.7
1361450 2428.9
1361460 2424.4
1361470 2424.4
1361480 2420.9
1361490 2417.7
1361500 2417.7
1361510 2415.9
1361520 2414.5
1361530 2414.5
1361540 2414.0
1361550 2413.9
1361560 2413.9
1361570 2412.6
1361580 2412.0
1361590 2412.1
1361600 2412.1
1361610 2411.5
1361620 2410.7
1361630 2410.7
1361640 2410.6
1361650 2410.3
1361660 2410.3
1361670 2410.0
1361680 2410.1
1361690 2410.1
1361700 2410.1
1361710 2410.3
1361720 2410.3
1361730 2410.6
1361740 2411.6
1361750 2411.6
1361760 2413.4
1361770 2414.5
1361780 2414.5
1361790 2413.8
1361800 2413.9
1361810 2413.7
1361820 2413.7
1361830 2411.7
1361840 2409.6
1361850 2409.6
1361860 2407.1
1361870 2404.9
1361880 2404.9
1361890 2402.8
1361900 2401.5
1361910 2401.5
1361920 2399.9
1361930 2396.6
1361940 2396.6
1361950 2394.6
1361960 2396.0
1361970 2396.0
1361980 2397.3
1361990 2397.8
1362000 2397.8
1362010 2396.5
1362020 2393.1
1362030 2393.1
1362040 2389.0
1362050 2384.7
1362060 2382.9
1362070 2382.9
1362080 2382.2
1362090 2380.7
1362100 2380.7
1362110 2381.9
1362120 2380.3
1362130 2380.3
1362140 2378.1
1362150 2374.4
1362160 2374.4
1362170 2368.7
1362180 2363.4
1362190 2363.4
1362200 2360.6
1362210 2356.2
1362220 2356.2
1362230 2352.8
1362240 2348.0
1362250 2348.0
1362260 2341.6
1362270 2334.0
1362280 2328.7
1362290 2328.7
1362300 2326.6
1362310 2323.9
1362320 2323.9
1362330 2318.6
1362340 2314.8
1362350 2314.8
1362360 2311.1
1362370 2305.7
1362380 2305.7
1362390 2300.7
1362400 2296.5
1362410 2296.5
1362420 2292.1
1362430 2288.8
1362440 2288.8
1362450 2286.3
1362460 2283.1
1362470 2283.1
1362480 2279.8
1362490 2276.5
1362500 2275.7
1362510 2275.7
1362520 2273.7
1362530 2270.3
1362540 2270.3
1362550 2268.5
1362560 2268.3
1362570 2268.3
1362580 2268.3
1362590 2268.2
1362600 2268.2
1362610 2270.3
1362620 2271.5
1362630 2271.5
1362640 2271.3
1362650 2271.3
1362660 2271.3
1362670 2271.1
1362680 2270.5
1362690 2270.5
1362700 2269.6
1362710 2268.7
1362720 2268.7
1362730 2268.4
1362740 2268.3
1362750 2269.2
1362760 2269.2
1362770 2271.5
1362780 2273.9
1362790 2273.9
1362800 2275.7
1362810 2277.3
1362820 2277.3
1362830 2279.3
1362840 2281.5
1362850 2281.5
1362860 2284.0
1362870 2287.2
1362880 2287.2
1362890 2290.6
1362900 2292.9
1362910 2292.9
1362920 2295.5
1362930 2298.5
1362940 2298.5
1362950 2302.3
1362960 2306.1
1362970 2307.8
1362980 2307.8
1362990 2308.6
1363000 2309.1
1363010 2309.1
1363020 2313.3
1363030 2317.1
1363040 2317.1
1363050 2319.9
1363060 2322.2
1363070 2322.2
1363080 2326.2
1363090 2334.7
1363100 2334.7
1363110 2337.2
1363120 2338.5
1363130 2338.5
1363140 2339.6
1363150 2343.1
1363160 2343.1
1363170 2347.1
1363180 2348.0
1363190 2348.0
1363200 2350.1
1363210 2351.6
1363220 2353.0
1363230 2353.0
1363240 2355.7
1363250 2359.7
1363260 2359.7
1363270 2362.6
1363280 2364.0
1363290 2364.0
1363300 2364.5
1363310 2365.3
1363320 2365.3
1363330 2366.9
1363340 2368.4
1363350 2368.4
1363360 2368.2
1363370 2369.2
1363380 2369.2
1363390 2373.3
1363400 2376.1
1363410 2376.1
1363420 2378.2
1363430 2379.1
1363440 2379.9
1363450 2379.9
1363460 2381.3
1363470 2382.9
1363480 2382.9
1363490 2385.2
1363500 2389.4
1363510 2389.4
1363520 2392.9
1363530 2396.1
1363540 2396.1
1363550 2399.2
1363560 2402.2
1363570 2402.2
1363580 2404.0
1363590 2406.2
1363600 2406.2
1363610 2408.6
1363620 2410.6
1363630 2410.6
1363640 2412.1
1363650 2411.9
1363660 2411.9
1363670 2411.4
1363680 2412.0
1363690 2414.0
1363700 2414.0
1363710 2413.5
1363720 2411.7
1363730 2411.7
1363740 2408.7
1363750 2408.7
1363760 2408.7
1363770 2410.4
1363780 2412.4
1363790 2412.4
1363800 2414.0
1363810 2414.7
1363820 2414.7
1363830 2415.6
1363840 2416.5
1363850 2416.5
1363860 2414.8
1363870 2415.3
1363880 2415.3
1363890 2419.2
1363900 2422.9
1363910 2424.3
1363920 2424.3
1363930 2427.6
1363940 2431.1
1363950 2431.1
1363960 2434.2
1363970 2436.3
1363980 2436.3
1363990 2440.8
1364000 2444.8
1364010 2444.8
1364020 2448.8
1364030 2453.8
1364040 2453.8
1364050 2453.7
1364060 2448.7
1364070 2448.7
1364080 2437.8
1364090 2426.5
1364100 2426.5
1364110 2416.6
1364120 2408.4
1364130 2400.4
1364140 2395.5
1364150 2388.7
1364160 2382.3
1364170 2382.3
1364180 2376.7
1364190 2370.9
1364200 2370.9
1364210 2365.0
1364220 2359.2
1364230 2359.2
1364240 2353.4
1364250 2348.0
1364260 2348.0
1364270 2342.2
1364280 2336.7
1364290 2336.7
1364300 2331.3
1364310 2326.4
1364320 2326.4
1364330 2320.8
1364340 2317.1
1364350 2317.1
1364360 2314.1
1364370 2310.1
1364380 2305.8
1364390 2305.8
1364400 2301.2
1364410 2296.5
1364420 2296.5
1364430 2292.3
1364440 2288.5
1364450 2288.5
1364460 2284.2
1364470 2278.7
1364480 2278.7
1364490 2273.0
1364500 2267.1
1364510 2267.1
1364520 2260.4
1364530 2254.2
1364540 2254.2
1364550 2248.3
1364560 2242.9
1364570 2242.9
1364580 2238.2
1364590 2235.1
1364600 2231.1
1364610 2231.1
1364620 2226.5
1364630 2221.3
1364640 2221.3
1364650 2216.1
1364660 2210.6
1364670 2210.6
1364680 2203.9
1364690 2196.8
1364700 2196.8
1364710 2190.7
1364720 2184.8
1364730 2184.8
1364740 2179.5
1364750 2175.0
1364760 2175.0
1364770 2170.6
1364780 2166.5
1364790 2166.5
1364800 2161.0
1364810 2155.7
1364820 2155.7
1364830 2150.7
1364840 2145.0
1364850 2139.6
1364860 2139.6
1364870 2133.1
1364880 2124.8
1364890 2124.8
1364900 2117.2
1364910 2111.3
1364920 2111.3
1364930 2106.5
1364940 2101.7
1364950 2101.7
1364960 2097.6
1364970 2094.4
1364980 2094.4
1364990 2091.6
1365000 2086.7
1365010 2086.7
1365020 2080.6
1365030 2074.4
1365040 2074.4
1365050 2067.6
1365060 2060.9
1365070 2055.8
1365080 2055.8
1365090 2051.1
1365100 2046.5
1365110 2046.5
1365120 2041.6
1365130 2036.8
1365140 2036.8
1365150 2032.5
1365160 2028.3
1365170 2028.3
1365180 2023.3
1365190 2016.9
1365200 2018.9
1365210 2013.8
1365220 2008.3
1365230 2008.3
1365240 2002.4
1365250 1996.2
1365260 1996.2
1365270 1990.1
1365280 1983.6
1365290 1977.3
1365300 1977.3
1365310 1969.7
1365320 1962.0
1365330 1962.0
1365340 1954.2
1365350 1945.8
1365360 1945.8
1365370 1937.4
1365380 1930.4
1365390 1930.4
1365400 1923.3
1365410 1915.6
1365420 1915.6
1365430 1907.6
1365440 1899.5
1365450 1899.5
1365460 1892.2
1365470 1884.6
1365480 1884.6
1365490 1878.4
1365500 1872.9
1365510 1872.9
1365520 1867.4
1365530 1861.6
1365540 1857.0
1365550 1857.0
1365560 1851.8
1365570 1846.0
1365580 1846.0
1365590 1838.6
1365600 1831.7
1365610 1831.7
1365620 1825.3
1365630 1819.6
1365640 1819.6
1365650 1813.1
1365660 1805.8
1365670 1805.8
1365680 1799.9
1365690 1796.0
1365700 1796.0
1365710 1793.6
1365720 1792.5
1365730 1792.5
1365740 1788.5
1365750 1784.3
1365760 1779.7
1365770 1779.7
1365780 1772.4
1365790 1763.2
1365800 1763.2
1365810 1755.0
1365820 1741.8
1365830 1741.8
1365840 1734.6
1365850 1729.4
1365860 1729.4
1365870 1724.6
1365880 1718.5
1365890 1718.5
1365900 1712.3
1365910 1708.7
1365920 1708.7
1365930 1709.1
1365940 1707.0
1365950 1707.0
1365960 1700.5
1365970 1692.6
1365980 1692.6
1365990 1682.5
1366000 1674.3
1366010 1669.7
1366020 1669.7
1366030 1666.7
1366040 1665.3
1366050 1665.3
1366060 1665.6
1366070 1667.2
1366080 1667.2
1366090 1668.2
1366100 1670.0
1366110 1670.0
1366120 1671.7
1366130 1674.0
1366140 1674.0
1366150 1675.9
1366160 1678.0
1366170 1678.0
1366180 1679.7
1366190 1681.3
1366200 1681.3
1366210 1683.7
1366220 1685.6
1366230 1687.8
1366240 1687.8
1366250 1690.2
1366260 1693.1
1366270 1692.9
1366280 1695.8
1366290 1698.1
1366300 1698.1
1366310 1700.3
1366320 1702.7
1366330 1702.7
1366340 1705.7
1366350 1708.9
1366360 1708.9
1366370 1712.1
1366380 1715.5
1366390 1715.5
1366400 1719.5
1366410 1723.7
1366420 1723.7
1366430 1727.8
1366440 1732.2
1366450 1732.2
1366460 1737.5
1366470 1743.0
1366480 1747.1
1366490 1747.1
1366500 1751.0
1366510 1755.4
1366520 1755.4
1366530 1760.6
1366540 1766.1
1366550 1766.1
1366560 1772.0
1366570 1778.3
1366580 1778.3
1366590 1783.8
1366600 1790.0
1366610 1790.0
1366620 1795.0
1366630 1799.3
1366640 1799.3
1366650 1804.8
1366660 1810.8
1366670 1810.8
1366680 1815.9
1366690 1820.6
1366700 1825.6
1366710 1825.6
1366720 1831.1
1366730 1836.2
1366740 1836.2
1366750 1841.8
1366760 1848.2
1366770 1848.2
1366780 1854.5
1366790 1861.3
1366800 1861.3
1366810 1868.2
1366820 1876.4
1366830 1876.4
1366840 1883.8
1366850 1890.9
1366860 1890.9
1366870 1897.3
1366880 1903.8
1366890 1903.8
1366900 1910.5
1366910 1917.2
1366920 1924.0
1366930 1924.0
1366940 1931.0
1366950 1938.0
1366960 1938.0
1366970 1945.2
1366980 1952.3
1366990 1952.3
1367000 1958.4
1367010 1964.9
1367020 1964.9
1367030 1971.5
1367040 1978.1
1367050 1978.1
1367060 1985.5
1367070 1993.9
1367080 1993.9
1367090 2002.0
1367100 2010.1
1367110 2010.1
1367120 2018.1
1367130 2028.0
1367140 2028.0
1367150 2039.6
1367160 2056.2
1367170 2066.9
1367180 2066.9
1367190 2073.8
1367200 2081.2
1367210 2081.2
1367220 2089.9
1367230 2098.2
1367240 2098.2
1367250 2106.2
1367260 2114.7
1367270 2114.7
1367280 2120.8
1367290 2126.9
1367300 2126.9
1367310 2132.0
1367320 2149.7
1367330 2149.7
1367340 2173.2
1367350 2182.3
1367360 2182.3
1367370 2190.3
1367380 2197.2
1367390 2202.9
1367400 2202.9
1367410 2209.1
1367420 2215.1
1367430 2215.1
1367440 2221.9
1367450 2228.4
1367460 2228.4
1367470 2235.3
1367480 2241.1
1367490 2241.1
1367500 2246.1
1367510 2251.3
1367520 2251.3
1367530 2256.9
1367540 2264.5
1367550 2264.5
1367560 2272.4
1367570 2279.9
1367580 2279.9
1367590 2286.8
1367600 2294.3
1367610 2294.3
1367620 2304.3
1367630 2313.6
1367640 2320.0
1367650 2320.0
1367660 2327.0
1367670 2335.0
1367680 2335.0
1367690 2341.4
1367700 2349.6
1367710 2349.6
1367720 2358.9
1367730 2368.1
1367740 2368.1
1367750 2376.5
1367760 2384.2
1367770 2384.2
1367780 2392.2
1367790 2401.3
1367800 2401.3
1367810 2409.7
1367820 2417.9
1367830 2417.9
1367840 2426.4
1367850 2434.1
1367860 2441.4
1367870 2441.4
1367880 2449.5
1367890 2458.2
1367900 2458.2
1367910 2466.2
1367920 2474.1
1367930 2474.1
1367940 2482.4
1367950 2491.2
1367960 2491.2
1367970 2500.4
1367980 2508.7
1367990 2508.7
1368000 2516.5
1368010 2524.9
1368020 2524.9
1368030 2533.4
1368040 2541.8
1368050 2541.8
1368060 2549.8
1368070 2555.9
1368080 2555.9
1368090 2563.3
1368100 2570.4
1368110 2577.0
1368120 2577.0
1368130 2585.1
1368140 2592.3
1368150 2592.3
1368160 2600.1
1368170 2607.7
1368180 2607.7
1368190 2616.3
1368200 2624.1
1368210 2624.1
1368220 2632.9
1368230 2641.1
1368240 2641.1
1368250 2650.2
1368260 2658.3
1368270 2658.3
1368280 2664.6
1368290 2668.0
1368300 2668.0
1368310 2671.9
1368320 2679.0
1368330 2683.0
1368340 2683.0
1368350 2680.6
1368360 2679.2
1368370 2679.2
1368380 2685.3
1368390 2691.6
1368400 2691.6
1368410 2696.6
1368420 2700.6
1368430 2682.1
1368440 2683.9
1368450 2688.2
1368460 2688.2
1368470 2693.8
1368480 2698.9
1368490 2698.9
1368500 2709.0
1368510 2721.6
1368520 2721.6
1368530 2733.5
1368540 2744.4
1368550 2755.3
1368560 2755.3
1368570 2764.7
1368580 2775.0
1368590 2775.0
1368600 2784.3
1368610 2792.7
1368620 2792.7
1368630 2799.1
1368640 2804.0
1368650 2804.0
1368660 2811.7
1368670 2821.4
1368680 2821.4
1368690 2830.0
1368700 2836.4
1368710 2836.4
1368720 2845.4
1368730 2852.9
1368740 2852.9
1368750 2861.2
1368760 2868.9
1368770 2868.9
1368780 2876.1
1368790 2884.4
1368800 2891.0
1368810 2891.0
1368820 2897.5
1368830 2901.6
1368840 2901.6
1368850 2906.5
1368860 2912.3
1368870 2912.3
1368880 2919.4
1368890 2927.6
1368900 2927.6
1368910 2935.0
1368920 2943.9
1368930 2943.9
1368940 2950.6
1368950 2951.8
1368960 2951.8
1368970 2940.2
1368980 2933.0
1368990 2933.0
1369000 2922.7
1369010 2918.3
1369020 2908.5
1369030 2908.5
1369040 2895.9
1369050 2889.2
1369060 2889.2
1369070 2881.4
1369080 2869.0
1369090 2869.0
1369100 2856.4
1369110 2850.8
1369120 2850.8
1369130 2845.5
1369140 2840.9
1369150 2840.9
1369160 2836.7
1369170 2832.7
1369180 2832.7
1369190 2829.3
1369200 2826.3
1369210 2826.3
1369220 2823.0
1369230 2819.7
1369240 2819.7
1369250 2816.3
1369260 2813.1
1369270 2810.0
1369280 2810.0
1369290 2807.0
1369300 2803.7
1369310 2803.7
1369320 2800.3
1369330 2796.2
1369340 2796.2
1369350 2792.1
1369360 2787.8
1369370 2787.8
1369380 2783.9
1369390 2780.1
1369400 2780.1
1369410 2776.4
1369420 2772.6
1369430 2772.6
1369440 2768.5
1369450 2765.2
1369460 2765.2
1369470 2761.9
1369480 2759.4
1369490 2756.5
1369500 2756.5
1369510 2753.5
1369520 2750.1
1369530 2754.1
1369540 2750.3
1369550 2746.1
1369560 2746.1
1369570 2742.1
1369580 2739.4
1369590 2739.4
1369600 2736.5
1369610 2733.7
1369620 2733.7
1369630 2730.7
1369640 2727.2
1369650 2727.2
1369660 2724.6
1369670 2721.9
1369680 2721.9
1369690 2718.7
1369700 2714.2
1369710 2710.3
1369720 2710.3
1369730 2705.7
1369740 2701.5
1369750 2701.5
1369760 2695.9
1369770 2689.9
1369780 2689.9
1369790 2683.0
1369800 2676.8
1369810 2676.8
1369820 2672.8
1369830 2674.1
1369840 2674.1
1369850 2672.5
1369860 2669.2
1369870 2669.2
1369880 2667.7
1369890 2665.1
1369900 2665.1
1369910 2661.8
1369920 2658.6
1369930 2658.6
1369940 2653.1
1369950 2645.5
1369960 2641.7
1369970 2641.7
1369980 2637.9
1369990 2636.4
1370000 2636.4
1370010 2634.0
1370020 2630.7
1370030 2630.7
1370040 2627.1
1370050 2623.6
1370060 2623.6
1370070 2621.1
1370080 2620.0
1370090 2620.0
1370100 2618.5
1370110 2616.4
1370120 2616.4
1370130 2613.1
1370140 2610.5
1370150 2610.5
1370160 2609.2
1370170 2606.3
1370180 2603.6
1370190 2603.6
1370200 2601.7
1370210 2599.1
1370220 2599.1
1370230 2596.2
1370240 2594.9
1370250 2594.9
1370260 2592.1
1370270 2587.9
1370280 2587.9
1370290 2582.7
1370300 2578.2
1370310 2578.2
1370320 2573.7
1370330 2570.8
1370340 2570.8
1370350 2567.2
1370360 2563.2
1370370 2563.2
1370380 2559.9
1370390 2555.0
1370400 2555.0
1370410 2552.3
1370420 2550.4
1370430 2549.0
1370440 2549.0
1370450 2546.5
1370460 2544.0
1370470 2544.0
1370480 2541.2
1370490 2537.9
1370500 2537.9
1370510 2534.2
1370520 2530.9
1370530 2530.9
1370540 2526.4
1370550 2521.8
1370560 2521.8
1370570 2517.7
1370580 2513.7
1370590 2513.7
1370600 2510.0
1370610 2506.8
1370620 2506.8
1370630 2503.0
1370640 2502.7
1370650 2499.8
1370660 2499.8
1370670 2495.9
1370680 2492.2
1370690 2492.2
1370700 2489.6
1370710 2487.1
1370720 2487.1
1370730 2484.7
1370740 2481.6
1370750 2481.6
1370760 2478.4
1370770 2475.2
1370780 2475.2
1370790 2472.5
1370800 2470.0
1370810 2470.0
1370820 2468.4
1370830 2466.3
1370840 2466.3
1370850 2464.5
1370860 2462.3
1370870 2462.3
1370880 2459.9
1370890 2456.9
1370900 2453.8
1370910 2453.8
1370920 2450.0
1370930 2444.8
1370940 2444.8
1370950 2441.9
1370960 2440.1
1370970 2440.1
1370980 2437.9
1370990 2436.2
1371000 2436.2
1371010 2435.2
1371020 2433.7
1371030 2433.7
1371040 2431.1
1371050 2429.4
1371060 2429.4
1371070 2426.6
1371080 2423.4
1371090 2423.4
1371100 2420.7
1371110 2419.5
1371120 2421.6
1371130 2421.6
1371140 2425.4
1371150 2428.9
1371160 2428.9
1371170 2431.3
1371180 2430.8
1371190 2430.8
1371200 2427.9
1371210 2422.4
1371220 2422.4
1371230 2415.6
1371240 2409.1
1371250 2409.1
1371260 2402.7
1371270 2396.2
1371280 2396.2
1371290 2389.8
1371300 2383.6
1371310 2383.6
1371320 2377.3
1371330 2370.0
1371340 2363.7
1371350 2363.7
1371360 2360.2
1371370 2358.2
1371380 2358.2
1371390 2353.6
1371400 2348.4
1371410 2348.4
1371420 2343.2
1371430 2337.7
1371440 2337.7
1371450 2332.2
1371460 2327.2
1371470 2327.2
1371480 2323.5
1371490 2318.8
1371500 2318.8
1371510 2308.3
1371520 2297.0
1371530 2297.0
1371540 2292.3
1371550 2290.8
1371560 2290.8
1371570 2290.3
1371580 2291.7
1371590 2286.0
1371600 2286.0
1371610 2277.9
1371620 2270.7
1371630 2270.7
1371640 2263.7
1371650 2256.8
1371660 2256.8
1371670 2250.1
1371680 2242.8
1371690 2242.8
1371700 2235.4
1371710 2228.7
1371720 2228.7
1371730 2221.8
1371740 2216.7
1371750 2216.7
1371760 2212.2
1371770 2207.7
1371780 2207.7
1371790 2203.3
1371800 2198.0
1371810 2192.7
1371820 2192.7
1371830 2187.6
1371840 2182.0
1371850 2182.0
1371860 2177.1
1371870 2174.4
1371880 2174.4
1371890 2173.5
1371900 2172.3
1371910 2172.3
1371920 2170.7
1371930 2168.7
1371940 2168.7
1371950 2166.6
1371960 2164.6
1371970 2164.6
1371980 2162.4
1371990 2160.6
1372000 2160.6
1372010 2159.1
1372020 2156.9
1372030 2156.9
1372040 2155.8
1372050 2154.1
1372060 2153.1
1372070 2153.1
1372080 2152.0
1372090 2151.4
1372100 2151.4
1372110 2150.6
1372120 2150.5
1372130 2150.5
1372140 2150.0
1372150 2149.0
1372160 2149.0
1372170 2148.5
1372180 2148.8
1372190 2148.8
1372200 2148.7
1372210 2149.0
1372220 2149.0
1372230 2149.6
1372240 2152.1
1372250 2152.1
1372260 2154.3
1372270 2155.1
1372280 2156.2
1372290 2156.2
1372300 2155.0
1372310 2154.7
1372320 2154.7
1372330 2157.0
1372340 2159.1
1372350 2159.1
1372360 2164.0
1372370 2169.0
1372380 2169.0
1372390 2172.4
1372400 2174.7
1372410 2174.7
1372420 2176.8
1372430 2180.3
1372440 2180.3
1372450 2183.2
1372460 2184.8
1372470 2184.8
1372480 2188.3
1372490 2192.0
1372500 2194.0
1372510 2194.0
1372520 2197.2
1372530 2201.7
1372540 2201.7
1372550 2208.7
1372560 2218.8
1372570 2218.8
1372580 2227.9
1372590 2232.5
1372600 2232.5
1372610 2236.3
1372620 2241.8
1372630 2241.8
1372640 2246.4
1372650 2249.2
1372660 2249.2
1372670 2252.3
1372680 2256.5
1372690 2256.5
1372700 2260.1
1372710 2263.4
1372720 2263.4
1372730 2266.5
1372740 2269.8
1372750 2273.0
1372760 2273.0
1372770 2276.4
1372780 2278.5
1372790 2278.5
1372800 2280.1
1372810 2282.7
1372820 2282.7
1372830 2285.3
1372840 2288.3
1372850 2288.3
1372860 2292.1
1372870 2295.6
1372880 2295.6
1372890 2296.7
1372900 2300.0
1372910 2300.0
1372920 2305.3
1372930 2309.0
1372940 2309.0
1372950 2312.1
1372960 2314.8
1372970 2316.0
1372980 2316.0
1372990 2319.2
1373000 2325.8
1373010 2325.8
1373020 2331.2
1373030 2334.5
1373040 2334.5
1373050 2337.9
1373060 2341.5
1373070 2341.5
1373080 2345.7
1373090 2350.6
1373100 2350.6
1373110 2355.5
1373120 2360.7
1373130 2360.7
1373140 2364.1
1373150 2366.4
1373160 2366.4
1373170 2368.7
1373180 2371.8
1373190 2371.8
1373200 2374.6
1373210 2377.7
1373220 2381.3
1373230 2381.3
1373240 2385.1
1373250 2389.2
1373260 2389.2
1373270 2394.0
1373280 2400.3
1373290 2400.3
1373300 2405.8
1373310 2413.0
1373320 2413.0
1373330 2419.5
1373340 2426.5
1373350 2426.5
1373360 2433.3
1373370 2440.4
1373380 2440.4
1373390 2446.3
1373400 2452.2
1373410 2452.2
1373420 2456.1
1373430 2459.1
1373440 2461.6
1373450 2461.6
1373460 2464.6
1373470 2466.9
1373480 2466.9
1373490 2470.5
1373500 2474.8
1373510 2474.8
1373520 2481.2
1373530 2486.9
1373540 2486.9
1373550 2492.4
1373560 2496.7
1373570 2496.7
1373580 2500.9
1373590 2506.0
1373600 2506.0
1373610 2510.9
1373620 2515.8
1373630 2515.8
1373640 2523.6
1373650 2532.8
1373660 2532.8
1373670 2538.1
1373680 2542.4
1373690 2546.2
1373700 2546.2
1373710 2549.7
1373720 2553.2
1373730 2553.2
1373740 2558.4
1373750 2563.4
1373760 2563.4
1373770 2567.9
1373780 2572.3
1373790 2572.3
1373800 2577.3
1373810 2583.1
1373820 2583.1
1373830 2588.4
1373840 2592.4
1373850 2592.4
1373860 2595.2
1373870 2598.3
1373880 2598.3
1373890 2601.2
1373900 2603.9
1373910 2607.1
1373920 2607.1
1373930 2610.1
1373940 2612.8
1373950 2612.8
1373960 2615.6
1373970 2618.6
1373980 2618.6
1373990 2621.7
1374000 2625.1
1374010 2625.1
1374020 2628.8
1374030 2635.3
1374040 2635.3
1374050 2638.9
1374060 2641.9
1374070 2641.9
1374080 2644.4
1374090 2646.0
1374100 2646.0
1374110 2646.9
1374120 2647.4
1374130 2648.5
1374140 2648.5
1374150 2649.5
1374160 2650.8
1374170 2650.8
1374180 2652.7
1374190 2655.8
1374200 2655.8
1374210 2661.9
1374220 2667.0
1374230 2667.0
1374240 2671.4
1374250 2674.5
1374260 2674.5
1374270 2676.8
1374280 2679.0
1374290 2679.0
1374300 2681.3
1374310 2685.4
1374320 2685.4
1374330 2686.7
1374340 2687.8
1374350 2687.8
1374360 2691.7
1374370 2696.0
1374380 2700.0
1374390 2700.0
1374400 2703.6
1374410 2707.1
1374420 2707.1
1374430 2712.3
1374440 2717.8
1374450 2717.8
1374460 2724.2
1374470 2729.0
1374480 2729.0
1374490 2733.6
1374500 2738.2
1374510 2738.2
1374520 2742.3
1374530 2746.8
1374540 2746.8
1374550 2751.2
1374560 2754.4
1374570 2754.4
1374580 2757.0
1374590 2759.5
1374600 2762.1
1374610 2762.1
1374620 2763.8
1374630 2766.1
1374640 2766.1
1374650 2768.8
1374660 2772.1
1374670 2772.1
1374680 2776.0
1374690 2781.2
1374700 2781.2
1374710 2785.4
1374720 2788.7
1374730 2788.7
1374740 2792.0
1374750 2794.6
1374760 2794.6
1374770 2795.5
1374780 2795.8
1374790 2795.8
1374800 2797.6
1374810 2800.7
1374820 2800.7
1374830 2804.4
1374840 2808.2
1374850 2812.3
1374860 2812.3
1374870 2816.8
1374880 2820.1
1374890 2820.1
1374900 2820.6
1374910 2819.7
1374920 2819.7
1374930 2820.8
1374940 2822.6
1374950 2822.6
1374960 2825.1
1374970 2827.3
1374980 2827.3
1374990 2829.4
1375000 2832.1
1375010 2832.1
1375020 2834.0
1375030 2835.5
1375040 2835.5
1375050 2837.9
1375060 2840.4
1375070 2842.6
1375080 2842.6
1375090 2845.1
1375100 2847.6
1375110 2847.6
1375120 2851.3
1375130 2855.5
1375140 2855.5
1375150 2860.3
1375160 2865.5
1375170 2865.5
1375180 2870.7
1375190 2875.9
1375200 2875.9
1375210 2881.0
1375220 2886.1
1375230 2886.1
1375240 2891.3
1375250 2896.6
1375260 2896.6
1375270 2901.7
1375280 2906.7
1375290 2911.5
1375300 2911.5
1375310 2916.3
1375320 2920.8
1375330 2920.8
1375340 2925.1
1375350 2929.2
1375360 2929.2
1375370 2932.7
1375380 2936.9
1375390 2936.9
1375400 2940.5
1375410 2944.0
1375420 2944.0
1375430 2947.5
1375440 2950.1
1375450 2950.1
1375460 2953.3
1375470 2957.8
1375480 2957.8
1375490 2961.3
1375500 2964.7
1375510 2964.7
1375520 2968.2
1375530 2971.6
1375540 2975.0
1375550 2975.0
1375560 2978.4
1375570 2982.0
1375580 2982.0
1375590 2985.7
1375600 2989.8
1375610 2989.8
1375620 2996.3
1375630 3006.1
1375640 3006.1
1375650 3005.6
1375660 2997.2
1375670 2997.2
1375680 2982.5
1375690 2970.5
1375700 2970.5
1375710 2958.5
1375720 2946.0
1375730 2946.0
1375740 2935.1
1375750 2925.2
1375760 2915.3
1375770 2915.3
1375780 2905.7
1375790 2895.8
1375800 2895.8
1375810 2885.9
1375820 2875.2
1375830 2875.2
1375840 2851.1
1375850 2815.7
1375860 2815.7
1375870 2796.1
1375880 2790.8
1375890 2790.8
1375900 2785.6
1375910 2781.8
1375920 2781.8
1375930 2777.1
1375940 2772.7
1375950 2772.7
1375960 2768.8
1375970 2764.5
1375980 2764.5
1375990 2760.1
1376000 2756.1
1376010 2751.4
1376020 2751.4
1376030 2746.6
1376040 2742.4
1376050 2742.4
1376060 2737.8
1376070 2733.2
1376080 2733.2
1376090 2728.4
1376100 2723.4
1376110 2723.4
1376120 2718.1
1376130 2713.7
1376140 2713.7
1376150 2709.2
1376160 2704.5
1376170 2704.5
1376180 2700.0
1376190 2696.3
1376200 2696.3
1376210 2696.5
1376220 2694.5
1376230 2689.8
1376240 2689.8
1376250 2683.9
1376260 2678.3
1376270 2678.3
1376280 2674.0
1376290 2670.0
1376300 2670.0
1376310 2666.1
1376320 2661.5
1376330 2661.5
1376340 2657.2
1376350 2659.1
1376360 2659.1
1376370 2655.8
1376380 2654.0
1376390 2654.0
1376400 2652.0
1376410 2650.4
1376420 2650.4
1376430 2648.1
1376440 2645.9
1376450 2645.9
1376460 2645.9
1376470 2642.9
1376480 2638.2
1376490 2638.2
1376500 2637.8
1376510 2635.7
1376520 2635.7
1376530 2633.2
1376540 2630.3
1376550 2630.3
1376560 2625.1
1376570 2620.8
1376580 2620.8
1376590 2621.0
1376600 2621.7
1376610 2621.7
1376620 2622.5
1376630 2620.2
1376640 2620.2
1376650 2619.2
1376660 2619.5
1376670 2619.5
1376680 2616.9
1376690 2614.3
1376700 2613.2
1376710 2613.2
1376720 2612.9
1376730 2612.3
1376740 2612.3
1376750 2610.6
1376760 2611.1
1376770 2611.1
1376780 2613.1
1376790 2611.8
1376800 2611.8
1376810 2610.2
1376820 2610.9
1376830 2610.9
1376840 2613.4
1376850 2618.2
1376860 2618.2
1376870 2622.3
1376880 2623.9
1376890 2623.9
1376900 2624.9
1376910 2624.9
1376920 2625.2
1376930 2625.2
1376940 2624.6
1376950 2624.1
1376960 2624.1
1376970 2623.1
1376980 2621.1
1376990 2621.1
1377000 2616.0
1377010 2615.6
1377020 2615.6
1377030 2611.0
1377040 2605.6
1377050 2605.6
1377060 2602.9
1377070 2597.4
1377080 2597.4
1377090 2591.5
1377100 2584.9
1377110 2584.9
1377120 2581.8
1377130 2578.9
1377140 2578.9
1377150 2574.7
1377160 2570.8
1377170 2564.5
1377180 2564.5
1377190 2557.6
1377200 2548.0
1377210 2548.0
1377220 2536.8
1377230 2530.1
1377240 2530.1
1377250 2526.2
1377260 2523.2
1377270 2523.2
1377280 2519.9
1377290 2516.8
1377300 2516.8
1377310 2514.1
1377320 2511.8
1377330 2511.8
1377340 2510.5
1377350 2509.7
1377360 2509.7
1377370 2508.6
1377380 2507.1
1377390 2505.0
1377400 2505.0
1377410 2502.3
1377420 2499.3
1377430 2499.3
1377440 2496.1
1377450 2493.4
1377460 2493.4
1377470 2491.3
1377480 2489.6
1377490 2489.6
1377500 2488.2
1377510 2486.9
1377520 2486.9
1377530 2490.9
1377540 2490.0
1377550 2490.0
1377560 2489.6
1377570 2491.7
1377580 2491.7
1377590 2496.6
1377600 2499.5
1377610 2499.5
1377620 2501.4
1377630 2504.4
1377640 2509.4
1377650 2509.4
1377660 2516.1
1377670 2520.4
1377680 2520.4
1377690 2522.2
1377700 2521.1
1377710 2521.1
1377720 2521.8
1377730 2527.8
1377740 2527.8
1377750 2530.0
1377760 2532.5
1377770 2532.5
1377780 2534.3
1377790 2534.2
1377800 2534.2
1377810 2537.3
1377820 2538.1
1377830 2538.1
1377840 2538.6
1377850 2541.6
1377860 2543.1
1377870 2543.1
1377880 2545.1
1377890 2547.2
1377900 2547.2
1377910 2547.3
1377920 2545.7
1377930 2545.7
1377940 2545.8
1377950 2544.8
1377960 2544.8
1377970 2546.3
1377980 2547.7
1377990 2547.7
1378000 2548.7
1378010 2549.9
1378020 2549.9
1378030 2549.8
1378040 2547.6
1378050 2547.6
1378060 2546.8
1378070 2547.0
1378080 2546.6
1378090 2546.6
1378100 2545.9
1378110 2547.7
1378120 2547.7
1378130 2550.1
1378140 2551.9
1378150 2551.9
1378160 2553.9
1378170 2557.6
1378180 2557.6
1378190 2561.0
1378200 2563.2
1378210 2563.2
1378220 2563.8
1378230 2564.8
1378240 2564.8
1378250 2564.7
1378260 2564.2
1378270 2564.2
1378280 2565.8
1378290 2568.3
1378300 2568.3
1378310 2570.2
1378320 2572.1
1378330 2572.5
1378340 2572.5
1378350 2573.6
1378360 2574.9
1378370 2574.9
1378380 2575.0
1378390 2575.2
1378400 2575.2
1378410 2574.3
1378420 2573.4
1378430 2573.4
1378440 2572.2
1378450 2571.2
1378460 2571.2
1378470 2569.6
1378480 2570.0
1378490 2570.0
1378500 2571.3
1378510 2572.9
1378520 2572.9
1378530 2573.8
1378540 2574.3
1378550 2575.5
1378560 2575.5
1378570 2577.4
1378580 2580.6
1378590 2580.6
1378600 2581.6
1378610 2583.3
1378620 2583.3
1378630 2585.7
1378640 2587.9
1378650 2587.9
1378660 2590.0
1378670 2593.5
1378680 2593.5
1378690 2596.4
1378700 2597.5
1378710 2597.5
1378720 2597.7
1378730 2602.3
1378740 2602.3
1378750 2599.5
1378760 2599.3
1378770 2599.3
1378780 2600.3
1378790 2601.7
1378800 2602.9
1378810 2602.9
1378820 2601.5
1378830 2601.3
1378840 2601.3
1378850 2605.0
1378860 2607.0
1378870 2607.0
1378880 2607.1
1378890 2608.8
1378900 2608.8
1378910 2611.3
1378920 2612.9
1378930 2612.9
1378940 2614.2
1378950 2615.0
1378960 2615.0
1378970 2615.4
1378980 2616.7
1378990 2616.7
1379000 2619.8
1379010 2619.8
1379020 2619.7
1379030 2619.7
1379040 2621.2
1379050 2623.2
1379060 2623.2
1379070 2624.4
1379080 2625.8
1379090 2625.8
1379100 2627.9
1379110 2630.4
1379120 2630.4
1379130 2632.9
1379140 2636.8
1379150 2636.8
1379160 2639.6
1379170 2642.0
1379180 2642.0
1379190 2644.2
1379200 2647.1
1379210 2647.1
1379220 2650.6
1379230 2653.9
1379240 2653.9
1379250 2657.2
1379260 2660.7
1379270 2664.1
1379280 2664.1
1379290 2667.7
1379300 2671.2
1379310 2671.2
1379320 2675.1
1379330 2679.1
1379340 2679.1
1379350 2683.4
1379360 2687.8
1379370 2687.8
1379380 2691.6
1379390 2695.0
1379400 2695.0
1379410 2698.0
1379420 2700.8
1379430 2700.8
1379440 2703.3
1379450 2705.5
1379460 2705.5
1379470 2707.8
1379480 2710.0
1379490 2712.3
1379500 2712.3
1379510 2714.4
1379520 2716.2
1379530 2716.2
1379540 2718.3
1379550 2720.1
1379560 2720.1
1379570 2721.9
1379580 2724.0
1379590 2724.0
1379600 2726.5
1379610 2729.1
1379620 2729.1
1379630 2732.0
1379640 2735.1
1379650 2735.1
1379660 2738.1
1379670 2741.3
1379680 2741.3
1379690 2747.5
1379700 2757.9
1379710 2770.6
1379720 2770.6
1379730 2786.9
1379740 2793.8
1379750 2793.8
1379760 2797.4
1379770 2801.4
1379780 2801.4
1379790 2805.3
1379800 2808.6
1379810 2808.6
1379820 2812.5
1379830 2816.5
1379840 2816.5
1379850 2820.6
1379860 2823.9
1379870 2823.9
1379880 2827.1
1379890 2830.0
1379900 2830.0
1379910 2833.4
1379920 2838.6
1379930 2847.3
1379940 2853.8
1379950 2859.8
1379960 2866.6
1379970 2866.6
1379980 2873.1
1379990 2880.2
