1360000 2558.4
1360010 2563.9
1360020 2569.2
1360030 2569.2
1360040 2574.6
1360050 2580.4
1360060 2580.4
1360070 2586.1
1360080 2592.2
1360090 2598.4
1360100 2598.4
1360110 2604.9
1360120 2611.3
1360130 2611.3
1360140 2618.1
1360150 2625.1
1360160 2625.1
1360170 2632.3
1360180 2641.1
1360190 2641.1
1360200 2653.0
1360210 2666.9
1360220 2666.9
1360230 2677.2
1360240 2688.1
1360250 2688.1
1360260 2704.0
1360270 2718.6
1360280 2718.6
1360290 2734.3
1360300 2748.1
1360310 2759.0
1360320 2759.0
1360330 2770.1
1360340 2780.4
1360350 2780.4
1360360 2791.2
1360370 2801.1
1360380 2801.1
1360390 2814.9
1360400 2831.2
1360410 2831.2
1360420 2840.7
1360430 2847.7
1360440 2847.7
1360450 2842.2
1360460 2830.2
1360470 2830.2
1360480 2814.2
1360490 2791.6
1360500 2791.6
1360510 2775.1
1360520 2766.1
1360530 2759.7
1360540 2759.7
1360550 2753.4
1360560 2747.2
1360570 2747.2
1360580 2742.5
1360590 2738.5
1360600 2738.5
1360610 2734.3
1360620 2730.5
1360630 2730.5
1360640 2727.4
1360650 2725.6
1360660 2725.6
1360670 2725.1
1360680 2725.2
1360690 2725.2
1360700 2725.4
1360710 2723.2
1360720 2723.2
1360730 2714.6
1360740 2695.1
1360750 2695.1
1360760 2676.4
1360770 2667.6
1360780 2659.9
1360790 2659.9
1360800 2652.4
1360810 2644.9
1360820 2644.9
1360830 2637.1
1360840 2629.3
1360850 2629.3
1360860 2621.8
1360870 2614.9
1360880 2614.9
1360890 2608.5
1360900 2602.1
1360910 2602.1
1360920 2595.9
1360930 2589.4
1360940 2583.8
1360950 2578.7
1360960 2576.4
1360970 2576.4
1360980 2572.7
1360990 2564.4
1361000 2551.9
1361010 2551.9
1361020 2542.2
1361030 2536.1
1361040 2536.1
1361050 2528.1
1361060 2521.7
1361070 2521.7
1361080 2512.6
1361090 2503.0
1361100 2503.0
1361110 2495.2
1361120 2486.9
1361130 2486.9
1361140 2480.7
1361150 2475.1
1361160 2475.1
1361170 2469.7
1361180 2464.7
1361190 2464.7
1361200 2460.3
1361210 2456.5
1361220 2456.5
1361230 2452.3
1361240 2448.4
1361250 2444.5
1361260 2444.5
1361270 2440.4
1361280 2436.4
1361290 2436.4
1361300 2432.1
1361310 2427.6
1361320 2427.6
1361330 2423.1
1361340 2418.7
1361350 2418.7
1361360 2414.5
1361370 2410.9
1361380 2410.9
1361390 2407.4
1361400 2404.6
1361410 2404.6
1361420 2402.3
1361430 2400.2
1361440 2400.2
1361450 2398.6
1361460 2397.8
1361470 2398.3
1361480 2398.3
1361490 2398.6
1361500 2394.8
1361510 2394.8
1361520 2392.0
1361530 2389.3
1361540 2389.3
1361550 2386.5
1361560 2384.6
1361570 2384.6
1361580 2384.3
1361590 2384.0
1361600 2384.0
1361610 2382.8
1361620 2380.8
1361630 2380.8
1361640 2380.3
1361650 2380.0
1361660 2380.0
1361670 2380.4
1361680 2378.2
1361690 2375.4
1361700 2375.4
1361710 2373.3
1361720 2369.1
1361730 2369.1
1361740 2364.8
1361750 2361.2
1361760 2361.2
1361770 2358.3
1361780 2354.8
1361790 2354.8
1361800 2351.2
1361810 2348.5
1361820 2348.5
1361830 2346.8
1361840 2346.2
1361850 2346.2
1361860 2346.4
1361870 2346.2
1361880 2346.2
1361890 2346.4
1361900 2346.3
1361910 2346.3
1361920 2346.1
1361930 2346.0
1361940 2345.4
1361950 2345.4
1361960 2344.9
1361970 2346.2
1361980 2346.2
1361990 2347.0
1362000 2349.1
1362010 2349.1
1362020 2351.2
1362030 2353.9
1362040 2353.9
1362050 2357.0
1362060 2359.2
1362070 2359.2
1362080 2360.5
1362090 2360.4
1362100 2360.4
1362110 2359.7
1362120 2359.2
1362130 2359.2
1362140 2358.5
1362150 2356.8
1362160 2357.0
1362170 2357.0
1362180 2358.4
1362190 2360.8
1362200 2360.8
1362210 2363.2
1362220 2365.7
1362230 2365.7
1362240 2369.3
1362250 2373.9
1362260 2373.9
1362270 2379.3
1362280 2385.7
1362290 2385.7
1362300 2392.3
1362310 2399.4
1362320 2399.4
1362330 2405.9
1362340 2406.9
1362350 2406.9
1362360 2404.8
1362370 2402.0
1362380 2402.0
1362390 2402.2
1362400 2406.7
1362410 2412.8
1362420 2412.8
1362430 2419.2
1362440 2425.2
1362450 2425.2
1362460 2431.3
1362470 2438.0
1362480 2438.0
1362490 2444.0
1362500 2448.6
1362510 2448.6
1362520 2453.9
1362530 2458.0
1362540 2458.0
1362550 2460.2
1362560 2462.6
1362570 2462.6
1362580 2469.4
1362590 2476.1
1362600 2476.1
1362610 2479.9
1362620 2483.3
1362630 2485.7
1362640 2485.7
1362650 2487.8
1362660 2488.7
1362670 2488.7
1362680 2489.9
1362690 2492.5
1362700 2492.5
1362710 2492.4
1362720 2493.2
1362730 2493.2
1362740 2493.8
1362750 2494.7
1362760 2494.7
1362770 2497.0
1362780 2499.8
1362790 2499.8
1362800 2505.2
1362810 2509.4
1362820 2509.4
1362830 2512.9
1362840 2516.7
1362850 2520.4
1362860 2520.4
1362870 2525.1
1362880 2529.8
1362890 2529.8
1362900 2533.8
1362910 2537.6
1362920 2537.6
1362930 2541.1
1362940 2544.2
1362950 2544.2
1362960 2547.4
1362970 2549.3
1362980 2549.3
1362990 2551.3
1363000 2553.0
1363010 2553.0
1363020 2563.5
1363030 2566.0
1363040 2566.0
1363050 2569.4
1363060 2573.2
1363070 2573.2
1363080 2578.2
1363090 2584.1
1363100 2589.3
1363110 2589.3
1363120 2594.3
1363130 2599.6
1363140 2599.6
1363150 2605.1
1363160 2609.9
1363170 2609.9
1363180 2614.7
1363190 2618.9
1363200 2618.9
1363210 2622.6
1363220 2626.1
1363230 2626.1
1363240 2630.3
1363250 2635.5
1363260 2635.5
1363270 2640.6
1363280 2644.9
1363290 2644.9
1363300 2649.5
1363310 2653.2
1363320 2657.9
1363330 2657.9
1363340 2663.3
1363350 2673.7
1363360 2673.7
1363370 2679.4
1363380 2684.3
1363390 2684.3
1363400 2689.2
1363410 2696.9
1363420 2696.9
1363430 2703.4
1363440 2711.2
1363450 2711.2
1363460 2717.6
1363470 2724.2
1363480 2724.2
1363490 2731.4
1363500 2737.7
1363510 2737.7
1363520 2744.1
1363530 2750.5
1363540 2749.7
1363550 2749.7
1363560 2741.7
1363570 2732.4
1363580 2732.4
1363590 2727.7
1363600 2721.8
1363610 2721.8
1363620 2712.5
1363630 2706.9
1363640 2706.9
1363650 2700.6
1363660 2694.2
1363670 2694.2
1363680 2687.9
1363690 2682.3
1363700 2682.3
1363710 2678.9
1363720 2679.8
1363730 2679.8
1363740 2684.3
1363750 2679.1
1363760 2679.1
1363770 2670.3
1363780 2662.7
1363790 2654.1
1363800 2654.1
1363810 2645.6
1363820 2633.8
1363830 2633.8
1363840 2622.2
1363850 2610.4
1363860 2610.4
1363870 2598.3
1363880 2588.6
1363890 2588.6
1363900 2572.5
1363910 2555.3
1363920 2555.3
1363930 2548.0
1363940 2531.4
1363950 2531.4
1363960 2519.1
1363970 2511.4
1363980 2511.4
1363990 2504.3
1364000 2498.4
1364010 2492.2
1364020 2492.2
1364030 2486.4
1364040 2483.2
1364050 2483.2
1364060 2480.9
1364070 2484.5
1364080 2484.5
1364090 2469.5
1364100 2466.2
1364110 2466.2
1364120 2457.6
1364130 2448.9
1364140 2448.9
1364150 2445.6
1364160 2443.1
1364170 2443.1
1364180 2440.3
1364190 2437.1
1364200 2437.1
1364210 2432.6
1364220 2427.6
1364230 2427.6
1364240 2422.8
1364250 2418.6
1364260 2413.7
1364270 2413.7
1364280 2409.9
1364290 2407.6
1364300 2407.6
1364310 2403.9
1364320 2400.8
1364330 2400.8
1364340 2398.5
1364350 2399.2
1364360 2399.2
1364370 2399.0
1364380 2397.5
1364390 2397.5
1364400 2395.1
1364410 2391.9
1364420 2391.9
1364430 2389.9
1364440 2387.9
1364450 2387.9
1364460 2390.5
1364470 2398.1
1364480 2402.4
1364490 2402.4
1364500 2404.9
1364510 2400.4
1364520 2400.4
1364530 2393.6
1364540 2387.0
1364550 2387.0
1364560 2380.4
1364570 2374.0
1364580 2374.0
1364590 2368.2
1364600 2361.6
1364610 2361.6
1364620 2354.8
1364630 2348.0
1364640 2348.0
1364650 2341.8
1364660 2336.2
1364670 2336.2
1364680 2329.3
1364690 2322.5
1364700 2315.5
1364710 2315.5
1364720 2307.2
1364730 2300.1
1364740 2300.1
1364750 2292.5
1364760 2284.7
1364770 2284.7
1364780 2276.9
1364790 2268.9
1364800 2268.9
1364810 2263.8
1364820 2258.0
1364830 2258.0
1364840 2248.1
1364850 2240.5
1364860 2240.5
1364870 2228.8
1364880 2220.3
1364890 2220.3
1364900 2213.9
1364910 2208.9
1364920 2208.9
1364930 2203.2
1364940 2197.5
1364950 2191.1
1364960 2191.1
1364970 2185.8
1364980 2180.4
1364990 2180.4
1365000 2174.7
1365010 2170.5
1365020 2170.5
1365030 2165.9
1365040 2160.6
1365050 2160.6
1365060 2153.5
1365070 2145.9
1365080 2145.9
1365090 2139.1
1365100 2133.2
1365110 2133.2
1365120 2125.7
1365130 2110.8
1365140 2110.8
1365150 2103.0
1365160 2094.4
1365170 2084.4
1365180 2084.4
1365190 2072.6
1365200 2061.5
1365210 2061.5
1365220 2049.8
1365230 2037.5
1365240 2037.5
1365250 2025.9
1365260 2015.7
1365270 2015.7
1365280 2007.5
1365290 2000.5
1365300 2000.5
1365310 1994.4
1365320 1989.9
1365330 1989.9
1365340 1980.6
1365350 1970.2
1365360 1970.2
1365370 1960.5
1365380 1951.4
1365390 1951.4
1365400 1942.0
1365410 1934.4
1365420 1928.8
1365430 1928.8
1365440 1926.7
1365450 1926.0
1365460 1926.0
1365470 1919.8
1365480 1910.5
1365490 1910.5
1365500 1902.6
1365510 1896.1
1365520 1896.1
1365530 1886.5
1365540 1877.5
1365550 1877.5
1365560 1869.4
1365570 1862.0
1365580 1862.0
1365590 1854.2
1365600 1846.8
1365610 1846.8
1365620 1839.3
1365630 1831.3
1365640 1824.2
1365650 1824.2
1365660 1817.5
1365670 1810.9
1365680 1810.9
1365690 1803.9
1365700 1796.0
1365710 1796.0
1365720 1788.9
1365730 1782.6
1365740 1782.6
1365750 1775.6
1365760 1769.3
1365770 1769.3
1365780 1764.2
1365790 1759.0
1365800 1759.0
1365810 1753.6
1365820 1748.3
1365830 1748.3
1365840 1741.9
1365850 1734.9
1365860 1730.5
1365870 1730.5
1365880 1725.1
1365890 1720.3
1365900 1720.3
1365910 1715.6
1365920 1710.9
1365930 1710.9
1365940 1706.3
1365950 1702.1
1365960 1702.1
1365970 1698.5
1365980 1696.3
1365990 1696.3
1366000 1695.3
1366010 1693.2
1366020 1693.2
1366030 1691.4
1366040 1690.2
1366050 1690.2
1366060 1689.5
1366070 1688.4
1366080 1688.4
1366090 1687.2
1366100 1685.8
1366110 1685.2
1366120 1685.2
1366130 1685.2
1366140 1684.2
1366150 1684.2
1366160 1683.1
1366170 1682.9
1366180 1682.9
1366190 1683.8
1366200 1683.8
1366210 1683.8
1366220 1683.8
1366230 1683.9
1366240 1683.9
1366250 1684.1
1366260 1684.3
1366270 1684.3
1366280 1684.8
1366290 1685.8
1366300 1685.8
1366310 1688.8
1366320 1692.5
1366330 1693.6
1366340 1693.6
1366350 1695.2
1366360 1693.0
1366370 1693.0
1366380 1689.1
1366390 1691.6
1366400 1691.6
1366410 1696.5
1366420 1698.1
1366430 1698.1
1366440 1700.7
1366450 1705.2
1366460 1705.2
1366470 1709.2
1366480 1712.3
1366490 1712.3
1366500 1715.5
1366510 1718.4
1366520 1718.4
1366530 1722.1
1366540 1726.5
1366550 1731.8
1366560 1731.8
1366570 1736.7
1366580 1740.7
1366590 1740.7
1366600 1744.9
1366610 1750.0
1366620 1750.0
1366630 1756.4
1366640 1762.4
1366650 1762.4
1366660 1767.7
1366670 1773.5
1366680 1773.5
1366690 1778.7
1366700 1782.6
1366710 1782.6
1366720 1787.2
1366730 1793.6
1366740 1793.6
1366750 1799.8
1366760 1806.7
1366770 1806.7
1366780 1815.9
1366790 1870.6
1366800 1889.6
1366810 1889.6
1366820 1897.6
1366830 1905.0
1366840 1905.0
1366850 1907.0
1366860 1913.2
1366870 1913.2
1366880 1925.8
1366890 1946.1
1366900 1946.1
1366910 1974.1
1366920 1984.2
1366930 1984.2
1366940 1992.1
1366950 1998.2
1366960 1998.2
1366970 2003.3
1366980 1999.1
1366990 1999.1
1367000 1994.5
1367010 1998.0
1367020 2008.0
1367030 2008.0
1367040 2020.8
1367050 2044.8
1367060 2044.8
1367070 2071.2
1367080 2068.5
1367090 2068.5
1367100 2037.9
1367110 2030.8
1367120 2030.8
1367130 2040.5
1367140 2049.5
1367150 2049.5
1367160 2057.9
1367170 2066.5
1367180 2066.5
1367190 2075.0
1367200 2084.7
1367210 2084.7
1367220 2098.0
1367230 2116.7
1367240 2116.7
1367250 2141.5
1367260 2151.3
1367270 2159.7
1367280 2159.7
1367290 2166.5
1367300 2173.5
1367310 2173.5
1367320 2181.0
1367330 2188.3
1367340 2188.3
1367350 2195.0
1367360 2201.3
1367370 2201.3
1367380 2205.0
1367390 2209.1
1367400 2209.1
1367410 2213.9
1367420 2220.0
1367430 2220.0
1367440 2226.2
1367450 2232.2
1367460 2232.2
1367470 2237.3
1367480 2243.5
1367490 2248.7
1367500 2248.7
1367510 2252.7
1367520 2256.8
1367530 2256.8
1367540 2261.6
1367550 2265.7
1367560 2265.7
1367570 2270.0
1367580 2273.8
1367590 2273.8
1367600 2277.9
1367610 2283.1
1367620 2283.1
1367630 2287.3
1367640 2292.0
1367650 2292.0
1367660 2296.2
1367670 2300.7
1367680 2300.7
1367690 2304.5
1367700 2308.4
1367710 2313.4
1367720 2313.4
1367730 2317.3
1367740 2321.6
1367750 2321.6
1367760 2324.6
1367770 2327.5
1367780 2327.5
1367790 2328.7
1367800 2331.9
1367810 2331.9
1367820 2337.8
1367830 2343.6
1367840 2343.6
1367850 2350.7
1367860 2356.8
1367870 2356.8
1367880 2361.2
1367890 2364.9
1367900 2364.9
1367910 2369.6
1367920 2374.1
1367930 2374.1
1367940 2376.7
1367950 2379.6
1367960 2383.9
1367970 2383.9
1367980 2388.0
1367990 2392.1
1368000 2392.1
1368010 2397.0
1368020 2401.3
1368030 2401.3
1368040 2406.6
1368050 2412.0
1368060 2412.0
1368070 2417.7
1368080 2423.5
1368090 2423.5
1368100 2429.5
1368110 2435.0
1368120 2435.0
1368130 2440.4
1368140 2445.3
1368150 2445.3
1368160 2456.3
1368170 2470.0
1368180 2482.9
1368190 2482.9
1368200 2498.1
1368210 2510.6
1368220 2510.6
1368230 2524.0
1368240 2538.7
1368250 2538.7
1368260 2550.6
1368270 2563.9
1368280 2563.9
1368290 2578.0
1368300 2588.8
1368310 2588.8
1368320 2592.8
1368330 2592.5
1368340 2592.5
1368350 2591.4
1368360 2575.3
1368370 2575.3
1368380 2574.2
1368390 2575.4
1368400 2575.4
1368410 2575.5
1368420 2576.9
1368430 2580.0
1368440 2580.0
1368450 2584.4
1368460 2589.7
1368470 2589.7
1368480 2594.4
1368490 2599.1
1368500 2599.1
1368510 2602.9
1368520 2608.3
1368530 2608.3
1368540 2612.8
1368550 2618.3
1368560 2618.3
1368570 2623.8
1368580 2628.6
1368590 2628.6
1368600 2633.0
1368610 2638.6
1368620 2638.6
1368630 2644.6
1368640 2651.5
1368650 2657.4
1368660 2657.4
1368670 2662.6
1368680 2667.7
1368690 2667.7
1368700 2672.8
1368710 2690.5
1368720 2690.5
1368730 2696.1
1368740 2694.7
1368750 2694.7
1368760 2693.5
1368770 2697.7
1368780 2697.7
1368790 2706.0
1368800 2712.4
1368810 2712.4
1368820 2717.1
1368830 2723.5
1368840 2723.5
1368850 2741.1
1368860 2757.2
1368870 2762.6
1368880 2762.6
1368890 2756.8
1368900 2762.9
1368910 2762.9
1368920 2773.1
1368930 2789.0
1368940 2789.0
1368950 2797.2
1368960 2808.9
1368970 2808.9
1368980 2828.6
1368990 2847.4
1369000 2847.4
1369010 2854.9
1369020 2848.9
1369030 2848.9
1369040 2848.5
1369050 2847.1
1369060 2847.1
1369070 2844.8
1369080 2845.1
1369090 2845.1
1369100 2849.2
1369110 2856.4
1369120 2867.8
1369130 2867.8
1369140 2879.5
1369150 2889.9
1369160 2889.9
1369170 2889.8
1369180 2892.2
1369190 2892.2
1369200 2895.7
1369210 2901.3
1369220 2901.3
1369230 2908.5
1369240 2923.6
1369250 2923.6
1369260 2937.4
1369270 2948.0
1369280 2948.0
1369290 2957.7
1369300 2969.8
1369310 2969.8
1369320 2981.3
1369330 2993.3
1369340 3002.5
1369350 3002.5
1369360 3007.0
1369370 3008.8
1369380 3008.8
1369390 3016.1
1369400 3021.0
1369410 3021.0
1369420 3029.6
1369430 3036.1
1369440 3036.1
1369450 3035.7
1369460 3034.9
1369470 3034.9
1369480 3026.1
1369490 3019.1
1369500 3019.1
1369510 3015.0
1369520 3011.4
1369530 3011.4
1369540 3008.4
1369550 3006.0
1369560 3003.2
1369570 3003.2
1369580 2998.7
1369590 2991.9
1369600 2991.9
1369610 2983.9
1369620 2974.0
1369630 2974.0
1369640 2964.9
1369650 2948.9
1369660 2948.9
1369670 2933.5
1369680 2915.9
1369690 2915.9
1369700 2901.6
1369710 2895.2
1369720 2895.2
1369730 2889.8
1369740 2885.8
1369750 2885.8
1369760 2882.5
1369770 2879.6
1369780 2879.6
1369790 2876.6
1369800 2873.8
1369810 2871.2
1369820 2871.2
1369830 2868.7
1369840 2866.6
1369850 2866.6
1369860 2864.4
1369870 2861.9
1369880 2861.9
1369890 2859.2
1369900 2856.2
1369910 2856.2
1369920 2853.7
1369930 2851.2
1369940 2851.2
1369950 2848.6
1369960 2845.6
1369970 2845.6
1369980 2842.5
1369990 2839.6
1370000 2839.6
1370010 2837.0
1370020 2834.7
1370030 2832.3
1370040 2832.3
1370050 2829.8
1370060 2826.9
1370070 2826.9
1370080 2823.6
1370090 2820.3
1370100 2820.3
1370110 2817.0
1370120 2813.4
1370130 2813.4
1370140 2809.6
1370150 2805.5
1370160 2805.5
1370170 2800.7
1370180 2796.2
1370190 2796.2
1370200 2791.8
1370210 2787.8
1370220 2787.8
1370230 2784.1
1370240 2780.4
1370250 2780.4
1370260 2776.5
1370270 2772.2
1370280 2767.6
1370290 2767.6
1370300 2763.0
1370310 2758.0
1370320 2758.0
1370330 2753.6
1370340 2749.9
1370350 2749.9
1370360 2746.4
1370370 2744.8
1370380 2744.8
1370390 2741.7
1370400 2738.5
1370410 2738.5
1370420 2735.6
1370430 2733.3
1370440 2733.3
1370450 2728.4
1370460 2727.9
1370470 2727.9
1370480 2724.2
1370490 2722.1
1370500 2719.0
1370510 2719.0
1370520 2713.5
1370530 2709.1
1370540 2709.1
1370550 2706.1
1370560 2702.9
1370570 2706.0
1370580 2701.3
1370590 2696.1
1370600 2696.1
1370610 2691.0
1370620 2685.1
1370630 2685.1
1370640 2680.3
1370650 2676.4
1370660 2676.4
1370670 2673.4
1370680 2670.9
1370690 2670.9
1370700 2668.4
1370710 2666.5
1370720 2666.6
1370730 2666.6
1370740 2664.6
1370750 2660.3
1370760 2660.3
1370770 2655.9
1370780 2653.4
1370790 2653.4
1370800 2650.6
1370810 2648.1
1370820 2648.1
1370830 2644.4
1370840 2641.0
1370850 2641.0
1370860 2635.6
1370870 2631.9
1370880 2631.9
1370890 2629.4
1370900 2625.8
1370910 2625.8
1370920 2620.1
1370930 2615.8
1370940 2615.8
1370950 2611.4
1370960 2608.3
1370970 2603.8
1370980 2603.8
1370990 2598.5
1371000 2592.8
1371010 2592.8
1371020 2583.4
1371030 2574.3
1371040 2574.3
1371050 2568.9
1371060 2563.5
1371070 2563.5
1371080 2557.9
1371090 2551.5
1371100 2551.5
1371110 2544.1
1371120 2540.1
1371130 2540.1
1371140 2536.3
1371150 2533.1
1371160 2533.1
1371170 2529.1
1371180 2529.6
1371190 2533.5
1371200 2533.5
1371210 2533.6
1371220 2533.4
1371230 2533.4
1371240 2530.2
1371250 2528.9
1371260 2528.9
1371270 2527.2
1371280 2526.3
1371290 2526.3
1371300 2527.9
1371310 2527.3
1371320 2527.3
1371330 2524.5
1371340 2521.5
1371350 2521.5
1371360 2519.3
1371370 2515.7
1371380 2515.7
1371390 2511.5
1371400 2506.0
1371410 2506.0
1371420 2500.0
1371430 2489.7
1371440 2474.7
1371450 2474.7
1371460 2463.0
1371470 2454.2
1371480 2454.2
1371490 2446.6
1371500 2439.5
1371510 2439.5
1371520 2431.4
1371530 2424.1
1371540 2424.1
1371550 2419.3
1371560 2416.0
1371570 2416.0
1371580 2412.1
1371590 2408.8
1371600 2408.8
1371610 2405.8
1371620 2401.0
1371630 2401.0
1371640 2405.2
1371650 2405.7
1371660 2406.5
1371670 2406.5
1371680 2409.6
1371690 2409.1
1371700 2409.1
1371710 2406.4
1371720 2404.5
1371730 2404.5
1371740 2401.7
1371750 2401.3
1371760 2401.3
1371770 2401.7
1371780 2403.9
1371790 2403.9
1371800 2402.9
1371810 2403.5
1371820 2403.5
1371830 2407.7
1371840 2412.6
1371850 2412.6
1371860 2412.0
1371870 2411.3
1371880 2408.3
1371890 2408.3
1371900 2406.4
1371910 2400.9
1371920 2400.9
1371930 2398.9
1371940 2398.3
1371950 2398.3
1371960 2394.7
1371970 2391.4
1371980 2391.4
1371990 2390.2
1372000 2388.5
1372010 2388.5
1372020 2384.3
1372030 2378.0
1372040 2378.0
1372050 2371.1
1372060 2365.4
1372070 2365.4
1372080 2364.3
1372090 2366.9
1372100 2366.9
1372110 2365.2
1372120 2365.4
1372130 2365.5
1372140 2365.5
1372150 2361.4
1372160 2359.7
1372170 2359.7
1372180 2355.8
1372190 2352.7
1372200 2352.7
1372210 2352.2
1372220 2351.6
1372230 2351.6
1372240 2350.0
1372250 2344.3
1372260 2344.3
1372270 2338.5
1372280 2334.2
1372290 2334.2
1372300 2332.8
1372310 2333.2
1372320 2333.2
1372330 2329.9
1372340 2324.7
1372350 2319.4
1372360 2319.4
1372370 2314.9
1372380 2308.7
1372390 2308.7
1372400 2305.2
1372410 2300.3
1372420 2300.3
1372430 2294.8
1372440 2290.0
1372450 2290.0
1372460 2287.8
1372470 2283.2
1372480 2283.2
1372490 2276.9
1372500 2272.6
1372510 2272.6
1372520 2268.7
1372530 2264.7
1372540 2264.7
1372550 2260.5
1372560 2255.8
1372570 2252.0
1372580 2252.0
1372590 2249.0
1372600 2244.5
1372610 2244.5
1372620 2242.7
1372630 2243.8
1372640 2243.8
1372650 2245.2
1372660 2246.5
1372670 2246.5
1372680 2247.7
1372690 2249.2
1372700 2249.2
1372710 2251.1
1372720 2253.3
1372730 2253.3
1372740 2255.3
1372750 2256.8
1372760 2256.8
1372770 2258.1
1372780 2259.4
1372790 2259.4
1372800 2260.8
1372810 2262.3
1372820 2263.5
1372830 2263.5
1372840 2264.9
1372850 2266.2
1372860 2266.2
1372870 2267.5
1372880 2268.9
1372890 2268.9
1372900 2270.3
1372910 2271.7
1372920 2271.7
1372930 2273.1
1372940 2274.4
1372950 2274.4
1372960 2275.7
1372970 2276.6
1372980 2276.6
1372990 2277.5
1373000 2278.2
1373010 2278.2
1373020 2278.7
1373030 2279.3
1373040 2279.3
1373050 2279.3
1373060 2278.9
1373070 2279.1
1373080 2279.1
1373090 2278.7
1373100 2278.6
1373110 2278.6
1373120 2278.9
1373130 2278.8
1373140 2278.8
1373150 2279.0
1373160 2279.3
1373170 2279.3
1373180 2279.4
1373190 2279.7
1373200 2279.7
1373210 2280.1
1373220 2280.7
1373230 2280.7
1373240 2281.4
1373250 2282.3
1373260 2282.3
1373270 2283.3
1373280 2284.6
1373290 2288.0
1373300 2288.0
1373310 2296.3
1373320 2303.2
1373330 2303.2
1373340 2310.2
1373350 2316.5
1373360 2316.5
1373370 2321.9
1373380 2326.5
1373390 2326.5
1373400 2333.0
1373410 2338.9
1373420 2338.9
1373430 2345.5
1373440 2353.3
1373450 2353.3
1373460 2359.2
1373470 2363.5
1373480 2363.5
1373490 2367.6
1373500 2372.6
1373510 2378.7
1373520 2378.7
1373530 2384.6
1373540 2390.3
1373550 2390.3
1373560 2396.6
1373570 2403.8
1373580 2403.8
1373590 2410.6
1373600 2410.9
1373610 2410.9
1373620 2416.2
1373630 2422.6
1373640 2422.6
1373650 2428.6
1373660 2432.6
1373670 2432.6
1373680 2436.4
1373690 2441.2
1373700 2441.2
1373710 2446.9
1373720 2453.1
1373730 2457.3
1373740 2457.3
1373750 2461.2
1373760 2467.2
1373770 2467.2
1373780 2474.8
1373790 2481.4
1373800 2481.4
1373810 2486.8
1373820 2492.8
1373830 2492.8
1373840 2499.3
1373850 2506.4
1373860 2506.4
1373870 2512.8
1373880 2519.0
1373890 2519.0
1373900 2524.5
1373910 2530.0
1373920 2530.0
1373930 2536.1
1373940 2540.5
1373950 2540.5
1373960 2541.4
1373970 2545.1
1373980 2547.5
1373990 2547.5
1374000 2551.0
1374010 2557.4
1374020 2557.4
1374030 2563.6
1374040 2567.6
1374050 2567.6
1374060 2570.8
1374070 2573.6
1374080 2573.6
1374090 2574.7
1374100 2574.9
1374110 2574.9
1374120 2575.4
1374130 2576.8
1374140 2576.8
1374150 2579.0
1374160 2582.5
1374170 2582.5
1374180 2588.5
1374190 2594.4
1374200 2600.1
1374210 2600.1
1374220 2605.8
1374230 2609.3
1374240 2609.3
1374250 2610.2
1374260 2611.9
1374270 2611.9
1374280 2614.5
1374290 2617.4
1374300 2617.4
1374310 2621.2
1374320 2624.3
1374330 2624.3
1374340 2627.9
1374350 2631.9
1374360 2631.9
1374370 2636.4
1374380 2641.0
1374390 2641.0
1374400 2645.2
1374410 2649.0
1374420 2651.4
1374430 2651.4
1374440 2652.6
1374450 2653.5
1374460 2653.5
1374470 2654.5
1374480 2655.8
1374490 2655.8
1374500 2657.4
1374510 2659.2
1374520 2659.2
1374530 2661.7
1374540 2664.4
1374550 2664.4
1374560 2666.9
1374570 2669.2
1374580 2669.2
1374590 2671.3
1374600 2673.6
1374610 2673.6
1374620 2675.9
1374630 2678.5
1374640 2678.5
1374650 2680.2
1374660 2682.7
1374670 2685.0
1374680 2685.0
1374690 2686.7
1374700 2688.6
1374710 2688.6
1374720 2689.1
1374730 2690.8
1374740 2690.8
1374750 2694.1
1374760 2697.2
1374770 2697.2
1374780 2700.2
1374790 2701.3
1374800 2701.3
1374810 2702.9
1374820 2705.0
1374830 2705.0
1374840 2707.6
1374850 2709.4
1374860 2709.4
1374870 2712.4
1374880 2714.7
1374890 2719.6
1374900 2719.6
1374910 2724.0
1374920 2727.9
1374930 2727.9
1374940 2734.5
1374950 2740.6
1374960 2740.6
1374970 2745.4
1374980 2749.8
1374990 2749.8
1375000 2753.9
1375010 2759.3
1375020 2759.3
1375030 2764.7
1375040 2771.2
1375050 2771.2
1375060 2777.6
1375070 2782.0
1375080 2782.0
1375090 2785.8
1375100 2789.6
1375110 2787.1
1375120 2790.4
1375130 2794.4
1375140 2798.1
1375150 2798.1
1375160 2801.8
1375170 2804.7
1375180 2804.7
1375190 2807.4
1375200 2813.1
1375210 2813.1
1375220 2818.8
1375230 2823.8
1375240 2823.8
1375250 2828.4
1375260 2833.0
1375270 2833.0
1375280 2836.9
1375290 2841.2
1375300 2841.2
1375310 2845.5
1375320 2848.0
1375330 2848.0
1375340 2848.2
1375350 2850.1
1375360 2852.8
1375370 2852.8
1375380 2856.5
1375390 2859.8
1375400 2859.8
1375410 2863.1
1375420 2867.5
1375430 2867.5
1375440 2872.9
1375450 2877.7
1375460 2877.7
1375470 2880.7
1375480 2884.8
1375490 2884.8
1375500 2889.0
1375510 2892.7
1375520 2892.7
1375530 2895.9
1375540 2900.8
1375550 2900.8
1375560 2904.5
1375570 2908.9
1375580 2913.8
1375590 2913.8
1375600 2918.9
1375610 2924.3
1375620 2924.3
1375630 2929.8
1375640 2935.7
1375650 2935.7
1375660 2941.8
1375670 2948.2
1375680 2948.2
1375690 2954.8
1375700 2962.9
1375710 2962.9
1375720 2975.2
1375730 2984.9
1375740 2984.9
1375750 2992.8
1375760 2995.3
1375770 2995.3
1375780 2999.7
1375790 3004.3
1375800 3004.3
1375810 3010.7
1375820 3017.8
1375830 3024.1
1375840 3024.1
1375850 3028.6
1375860 3034.1
1375870 3034.1
1375880 3041.0
1375890 3052.5
1375900 3052.5
1375910 3067.7
1375920 3081.3
1375930 3081.3
1375940 3092.4
1375950 3094.8
1375960 3094.8
1375970 3084.4
1375980 3072.1
1375990 3072.1
1376000 3058.4
1376010 3047.3
1376020 3047.3
1376030 3042.1
1376040 3037.7
1376050 3032.9
1376060 3032.9
1376070 3028.0
1376080 3023.1
1376090 3023.1
1376100 3017.6
1376110 3012.0
1376120 3012.0
1376130 3006.1
1376140 2999.3
1376150 2999.3
1376160 2991.8
1376170 2985.7
1376180 2985.7
1376190 2979.1
1376200 2972.7
1376210 2972.7
1376220 2967.2
1376230 2962.0
1376240 2962.0
1376250 2956.3
1376260 2950.4
1376270 2950.4
1376280 2947.3
1376290 2941.2
1376300 2935.9
1376310 2935.9
1376320 2930.4
1376330 2924.5
1376340 2924.5
1376350 2918.8
1376360 2913.3
1376370 2913.3
1376380 2907.5
1376390 2903.1
1376400 2903.1
1376410 2899.2
1376420 2895.5
1376430 2895.5
1376440 2892.0
1376450 2889.1
1376460 2889.1
1376470 2886.3
1376480 2883.1
1376490 2883.1
1376500 2879.9
1376510 2875.5
1376520 2871.8
1376530 2871.8
1376540 2870.2
1376550 2867.5
1376560 2867.5
1376570 2865.0
1376580 2862.3
1376590 2862.3
1376600 2859.2
1376610 2855.8
1376620 2855.8
1376630 2851.3
1376640 2846.1
1376650 2846.1
1376660 2840.5
1376670 2834.3
1376680 2834.3
1376690 2828.6
1376700 2823.7
1376710 2823.7
1376720 2819.2
1376730 2815.9
1376740 2814.2
1376750 2814.2
1376760 2813.6
1376770 2812.9
1376780 2812.9
1376790 2812.0
1376800 2811.2
1376810 2811.2
1376820 2810.5
1376830 2809.7
1376840 2809.7
1376850 2809.2
1376860 2808.7
1376870 2808.7
1376880 2808.2
1376890 2807.8
1376900 2807.8
1376910 2807.7
1376920 2807.5
1376930 2807.5
1376940 2807.2
1376950 2806.8
1376960 2806.8
1376970 2806.0
1376980 2805.2
1376990 2805.4
1377000 2805.4
1377010 2806.0
1377020 2807.0
1377030 2807.0
1377040 2808.1
1377050 2808.7
1377060 2808.7
1377070 2809.4
1377080 2810.1
1377090 2810.1
1377100 2809.9
1377110 2809.4
1377120 2809.4
1377130 2809.0
1377140 2807.8
1377150 2807.8
1377160 2807.7
1377170 2807.1
1377180 2807.1
1377190 2806.4
1377200 2806.2
1377210 2805.9
1377220 2805.9
1377230 2805.6
1377240 2806.2
1377250 2806.2
1377260 2806.9
1377270 2807.7
1377280 2807.7
1377290 2809.0
1377300 2810.5
1377310 2810.5
1377320 2811.7
1377330 2813.0
1377340 2813.0
1377350 2814.4
1377360 2815.6
1377370 2815.6
1377380 2816.7
1377390 2817.5
1377400 2817.5
1377410 2818.5
1377420 2819.2
1377430 2820.5
1377440 2820.5
1377450 2827.4
1377460 2828.9
1377470 2828.9
1377480 2830.1
1377490 2830.9
1377500 2830.9
1377510 2832.3
1377520 2833.1
1377530 2833.1
1377540 2834.1
1377550 2835.0
1377560 2835.0
1377570 2835.8
1377580 2836.4
1377590 2836.4
1377600 2836.9
1377610 2837.0
1377620 2837.0
1377630 2836.5
1377640 2835.2
1377650 2835.2
1377660 2833.5
1377670 2831.8
1377680 2830.4
1377690 2830.4
1377700 2828.9
1377710 2827.8
1377720 2827.8
1377730 2826.9
1377740 2826.3
1377750 2826.3
1377760 2825.8
1377770 2825.0
1377780 2825.0
1377790 2823.9
1377800 2822.5
1377810 2822.5
1377820 2820.8
1377830 2819.4
1377840 2819.4
1377850 2817.4
1377860 2814.9
1377870 2814.9
1377880 2812.2
1377890 2809.8
1377900 2807.0
1377910 2807.0
1377920 2804.3
1377930 2801.8
1377940 2801.8
1377950 2799.9
1377960 2798.7
1377970 2798.7
1377980 2798.2
1377990 2798.2
1378000 2798.2
1378010 2798.5
1378020 2799.1
1378030 2799.1
1378040 2799.8
1378050 2800.4
1378060 2800.4
1378070 2800.9
1378080 2801.4
1378090 2801.4
1378100 2801.9
1378110 2802.0
1378120 2802.0
1378130 2802.3
1378140 2802.6
1378150 2803.0
1378160 2803.0
1378170 2803.3
1378180 2803.3
1378190 2803.3
1378200 2803.6
1378210 2804.5
1378220 2804.5
1378230 2804.6
1378240 2804.8
1378250 2804.8
1378260 2805.2
1378270 2805.6
1378280 2805.6
1378290 2806.1
1378300 2806.8
1378310 2806.8
1378320 2807.3
1378330 2807.9
1378340 2807.9
1378350 2808.7
1378360 2810.0
1378370 2811.2
1378380 2811.2
1378390 2812.2
1378400 2813.1
1378410 2813.1
1378420 2814.0
1378430 2814.8
1378440 2814.8
1378450 2815.7
1378460 2816.7
1378470 2816.7
1378480 2817.8
1378490 2819.0
1378500 2819.0
1378510 2820.3
1378520 2821.5
1378530 2821.5
1378540 2823.1
1378550 2824.6
1378560 2824.6
1378570 2826.1
1378580 2827.7
1378590 2829.3
1378600 2829.3
1378610 2830.9
1378620 2832.6
1378630 2832.6
1378640 2834.4
1378650 2841.3
1378660 2841.3
1378670 2843.2
1378680 2845.2
1378690 2845.2
1378700 2847.5
1378710 2849.8
1378720 2849.8
1378730 2852.1
1378740 2854.5
1378750 2854.5
1378760 2857.0
1378770 2859.6
1378780 2859.6
1378790 2862.3
1378800 2865.0
1378810 2865.0
1378820 2867.9
1378830 2870.9
1378840 2873.9
1378850 2873.9
1378860 2876.9
1378870 2879.8
1378880 2879.8
1378890 2882.8
1378900 2886.6
1378910 2886.6
1378920 2892.2
1378930 2900.2
1378940 2900.2
1378950 2910.7
1378960 2919.4
1378970 2919.4
1378980 2926.3
1378990 2928.6
1379000 2928.6
1379010 2926.1
1379020 2921.6
1379030 2921.6
1379040 2916.0
1379050 2909.7
1379060 2903.7
1379070 2903.7
1379080 2898.9
1379090 2888.6
1379100 2888.6
1379110 2876.8
1379120 2868.1
1379130 2868.1
1379140 2861.5
1379150 2856.5
1379160 2856.5
1379170 2852.0
1379180 2845.0
1379190 2845.0
1379200 2839.5
1379210 2836.4
1379220 2836.4
1379230 2833.6
1379240 2831.1
1379250 2831.1
1379260 2830.8
1379270 2830.3
1379280 2828.8
1379290 2828.8
1379300 2827.5
1379310 2830.6
1379320 2830.6
1379330 2826.9
1379340 2819.1
1379350 2819.1
1379360 2808.9
1379370 2778.7
1379380 2778.7
1379390 2760.4
1379400 2754.9
1379410 2754.9
1379420 2749.6
1379430 2744.7
1379440 2744.7
1379450 2740.9
1379460 2737.7
1379470 2737.7
1379480 2735.2
1379490 2732.9
1379500 2732.9
1379510 2730.6
1379520 2728.3
1379530 2726.3
1379540 2726.3
1379550 2724.4
1379560 2722.7
1379570 2722.7
1379580 2721.4
1379590 2720.2
1379600 2720.2
1379610 2719.3
1379620 2718.3
1379630 2718.3
1379640 2717.3
1379650 2716.3
1379660 2716.3
1379670 2715.1
1379680 2713.8
1379690 2713.8
1379700 2712.4
1379710 2710.8
1379720 2710.8
1379730 2709.0
1379740 2707.1
1379750 2704.9
1379760 2704.9
1379770 2702.4
1379780 2699.7
1379790 2699.7
1379800 2696.5
1379810 2692.9
1379820 2692.9
1379830 2689.1
1379840 2685.4
1379850 2681.9
1379860 2678.1
1379870 2674.5
1379880 2674.5
1379890 2671.0
1379900 2667.8
1379910 2667.8
1379920 2664.7
1379930 2662.0
1379940 2662.0
1379950 2659.7
1379960 2658.0
1379970 2658.0
1379980 2656.6
1379990 2655.0
