1360000 2918.7
1360010 2928.0
1360020 2928.0
1360030 2939.4
1360040 2957.6
1360050 2957.6
1360060 2972.3
1360070 2982.8
1360080 2997.4
1360090 2997.4
1360100 3012.3
1360110 3022.6
1360120 3022.6
1360130 3020.6
1360140 3007.6
1360150 3007.6
1360160 2982.9
1360170 2954.2
1360180 2954.2
1360190 2936.7
1360200 2928.6
1360210 2928.6
1360220 2920.4
1360230 2906.7
1360240 2906.7
1360250 2883.8
1360260 2861.1
1360270 2861.1
1360280 2851.5
1360290 2840.8
1360300 2832.3
1360310 2832.3
1360320 2824.8
1360330 2817.9
1360340 2817.9
1360350 2811.5
1360360 2805.8
1360370 2805.8
1360380 2800.8
1360390 2796.0
1360400 2796.0
1360410 2792.0
1360420 2788.3
1360430 2788.3
1360440 2784.6
1360450 2779.8
1360460 2779.8
1360470 2775.0
1360480 2771.0
1360490 2771.0
1360500 2767.3
1360510 2763.8
1360520 2763.8
1360530 2760.4
1360540 2757.5
1360550 2755.8
1360560 2755.8
1360570 2755.2
1360580 2754.4
1360590 2754.4
1360600 2752.8
1360610 2751.3
1360620 2751.3
1360630 2750.6
1360640 2749.7
1360650 2749.7
1360660 2747.6
1360670 2744.2
1360680 2744.2
1360690 2741.1
1360700 2737.5
1360710 2737.5
1360720 2735.0
1360730 2733.0
1360740 2733.0
1360750 2729.8
1360760 2726.1
1360770 2723.0
1360780 2723.0
1360790 2718.0
1360800 2712.9
1360810 2712.9
1360820 2707.7
1360830 2702.0
1360840 2702.0
1360850 2693.5
1360860 2687.7
1360870 2687.7
1360880 2681.8
1360890 2675.4
1360900 2675.4
1360910 2668.5
1360920 2661.7
1360930 2661.7
1360940 2655.0
1360950 2650.4
1360960 2650.4
1360970 2643.9
1360980 2637.4
1360990 2637.4
1361000 2630.6
1361010 2623.7
1361020 2616.6
1361030 2616.6
1361040 2610.8
1361050 2606.0
1361060 2606.0
1361070 2601.7
1361080 2598.2
1361090 2598.2
1361100 2595.0
1361110 2592.2
1361120 2592.2
1361130 2589.8
1361140 2587.4
1361150 2587.4
1361160 2586.4
1361170 2586.3
1361180 2586.3
1361190 2585.6
1361200 2584.0
1361210 2584.0
1361220 2583.3
1361230 2583.3
1361240 2582.9
1361250 2582.9
1361260 2582.2
1361270 2581.4
1361280 2581.4
1361290 2580.7
1361300 2580.4
1361310 2580.4
1361320 2579.9
1361330 2580.0
1361340 2580.0
1361350 2580.0
1361360 2579.9
1361370 2579.9
1361380 2579.4
1361390 2579.3
1361400 2579.3
1361410 2579.0
1361420 2578.4
1361430 2578.4
1361440 2578.3
1361450 2578.7
1361460 2578.7
1361470 2578.3
1361480 2578.0
1361490 2578.4
1361500 2578.4
1361510 2579.8
1361520 2581.6
1361530 2581.6
1361540 2583.5
1361550 2586.5
1361560 2586.5
1361570 2589.4
1361580 2590.6
1361590 2590.6
1361600 2591.8
1361610 2593.4
1361620 2593.4
1361630 2595.5
1361640 2598.0
1361650 2598.0
1361660 2600.8
1361670 2602.7
1361680 2602.7
1361690 2602.6
1361700 2603.3
1361710 2603.5
1361720 2603.5
1361730 2602.2
1361740 2601.2
1361750 2601.2
1361760 2600.5
1361770 2599.2
1361780 2599.2
1361790 2598.6
1361800 2598.6
1361810 2598.6
1361820 2597.9
1361830 2597.0
1361840 2597.0
1361850 2596.0
1361860 2595.2
1361870 2595.2
1361880 2593.5
1361890 2592.2
1361900 2592.2
1361910 2590.4
1361920 2589.1
1361930 2589.1
1361940 2587.9
1361950 2587.9
1361960 2588.1
1361970 2588.1
1361980 2588.9
1361990 2586.9
1362000 2586.9
1362010 2583.9
1362020 2581.6
1362030 2581.6
1362040 2578.9
1362050 2575.6
1362060 2575.6
1362070 2570.3
1362080 2565.4
1362090 2565.4
1362100 2563.4
1362110 2563.4
1362120 2563.4
1362130 2562.9
1362140 2562.1
1362150 2562.1
1362160 2560.4
1362170 2558.5
1362180 2558.8
1362190 2558.8
1362200 2560.4
1362210 2560.4
1362220 2560.4
1362230 2557.3
1362240 2553.0
1362250 2553.0
1362260 2547.7
1362270 2545.0
1362280 2545.0
1362290 2541.3
1362300 2539.0
1362310 2539.0
1362320 2536.3
1362330 2533.0
1362340 2533.0
1362350 2528.9
1362360 2524.8
1362370 2524.8
1362380 2520.6
1362390 2514.8
1362400 2514.8
1362410 2508.3
1362420 2500.6
1362430 2493.6
1362440 2493.6
1362450 2488.1
1362460 2482.8
1362470 2482.8
1362480 2477.5
1362490 2473.2
1362500 2473.2
1362510 2468.6
1362520 2464.5
1362530 2464.5
1362540 2455.1
1362550 2443.9
1362560 2443.9
1362570 2432.7
1362580 2421.3
1362590 2421.3
1362600 2414.0
1362610 2407.7
1362620 2407.7
1362630 2401.4
1362640 2394.9
1362650 2388.5
1362660 2388.5
1362670 2382.9
1362680 2378.8
1362690 2378.8
1362700 2376.4
1362710 2375.7
1362720 2375.7
1362730 2376.1
1362740 2378.7
1362750 2378.7
1362760 2382.6
1362770 2387.1
1362780 2387.1
1362790 2392.0
1362800 2396.3
1362810 2396.3
1362820 2399.4
1362830 2401.4
1362840 2401.4
1362850 2403.6
1362860 2407.0
1362870 2407.0
1362880 2410.7
1362890 2413.3
1362900 2415.0
1362910 2415.0
1362920 2416.1
1362930 2416.2
1362940 2416.2
1362950 2414.9
1362960 2414.8
1362970 2414.8
1362980 2415.5
1362990 2415.8
1363000 2415.8
1363010 2415.0
1363020 2409.3
1363030 2409.3
1363040 2408.3
1363050 2407.2
1363060 2407.2
1363070 2404.6
1363080 2401.7
1363090 2401.7
1363100 2399.3
1363110 2396.8
1363120 2393.6
1363130 2393.6
1363140 2390.4
1363150 2388.0
1363160 2388.0
1363170 2385.4
1363180 2382.9
1363190 2382.9
1363200 2380.3
1363210 2378.3
1363220 2378.3
1363230 2376.5
1363240 2374.9
1363250 2374.9
1363260 2373.5
1363270 2372.7
1363280 2372.7
1363290 2373.1
1363300 2372.9
1363310 2372.9
1363320 2371.7
1363330 2370.8
1363340 2370.8
1363350 2368.9
1363360 2366.2
1363370 2363.6
1363380 2363.6
1363390 2361.0
1363400 2358.6
1363410 2358.6
1363420 2356.2
1363430 2354.1
1363440 2354.1
1363450 2352.1
1363460 2350.8
1363470 2350.8
1363480 2349.9
1363490 2349.5
1363500 2349.5
1363510 2349.4
1363520 2349.0
1363530 2349.0
1363540 2348.8
1363550 2348.4
1363560 2348.4
1363570 2348.2
1363580 2347.7
1363590 2346.8
1363600 2346.8
1363610 2345.5
1363620 2343.2
1363630 2343.2
1363640 2341.7
1363650 2341.8
1363660 2341.8
1363670 2341.4
1363680 2340.2
1363690 2340.2
1363700 2338.5
1363710 2336.8
1363720 2336.8
1363730 2334.7
1363740 2332.2
1363750 2332.2
1363760 2331.2
1363770 2329.1
1363780 2329.1
1363790 2327.1
1363800 2326.7
1363810 2326.7
1363820 2326.5
1363830 2326.1
1363840 2325.9
1363850 2325.9
1363860 2326.6
1363870 2327.5
1363880 2327.5
1363890 2327.3
1363900 2324.3
1363910 2324.3
1363920 2320.9
1363930 2317.0
1363940 2317.0
1363950 2313.0
1363960 2308.1
1363970 2308.1
1363980 2300.9
1363990 2292.5
1364000 2292.5
1364010 2286.8
1364020 2279.8
1364030 2279.8
1364040 2271.9
1364050 2262.2
1364060 2253.5
1364070 2257.0
1364080 2250.6
1364090 2244.9
1364100 2244.9
1364110 2240.4
1364120 2235.3
1364130 2235.3
1364140 2228.1
1364150 2220.5
1364160 2220.5
1364170 2214.8
1364180 2210.4
1364190 2210.4
1364200 2206.3
1364210 2201.4
1364220 2201.4
1364230 2195.9
1364240 2189.5
1364250 2189.5
1364260 2185.2
1364270 2182.2
1364280 2182.2
1364290 2180.1
1364300 2177.9
1364310 2176.1
1364320 2176.1
1364330 2172.3
1364340 2165.9
1364350 2165.9
1364360 2158.6
1364370 2149.0
1364380 2149.0
1364390 2137.9
1364400 2127.7
1364410 2127.7
1364420 2118.9
1364430 2111.0
1364440 2111.0
1364450 2103.5
1364460 2096.2
1364470 2096.2
1364480 2090.2
1364490 2085.5
1364500 2085.5
1364510 2082.5
1364520 2082.3
1364530 2081.8
1364540 2081.8
1364550 2080.2
1364560 2079.1
1364570 2079.1
1364580 2077.8
1364590 2076.9
1364600 2076.9
1364610 2075.8
1364620 2073.6
1364630 2073.6
1364640 2071.1
1364650 2068.1
1364660 2068.1
1364670 2065.0
1364680 2061.6
1364690 2061.6
1364700 2057.1
1364710 2052.0
1364720 2052.0
1364730 2046.5
1364740 2040.6
1364750 2040.6
1364760 2034.3
1364770 2027.9
1364780 2021.9
1364790 2021.9
1364800 2016.0
1364810 2009.7
1364820 2009.7
1364830 2003.1
1364840 1996.7
1364850 1996.7
1364860 1990.3
1364870 1983.8
1364880 1983.8
1364890 1977.2
1364900 1969.1
1364910 1969.1
1364920 1960.6
1364930 1952.3
1364940 1952.3
1364950 1944.8
1364960 1938.0
1364970 1938.0
1364980 1929.5
1364990 1920.3
1365000 1910.8
1365010 1910.8
1365020 1904.2
1365030 1896.1
1365040 1896.1
1365050 1887.3
1365060 1880.3
1365070 1880.3
1365080 1875.7
1365090 1870.5
1365100 1870.5
1365110 1864.8
1365120 1856.3
1365130 1859.6
1365140 1849.5
1365150 1840.6
1365160 1840.6
1365170 1834.0
1365180 1823.0
1365190 1823.0
1365200 1812.4
1365210 1806.8
1365220 1806.8
1365230 1802.8
1365240 1793.7
1365250 1784.9
1365260 1784.9
1365270 1779.0
1365280 1771.9
1365290 1771.9
1365300 1768.2
1365310 1765.4
1365320 1765.4
1365330 1756.2
1365340 1740.1
1365350 1740.1
1365360 1730.1
1365370 1723.2
1365380 1723.2
1365390 1715.4
1365400 1707.4
1365410 1707.4
1365420 1701.1
1365430 1689.9
1365440 1689.9
1365450 1680.8
1365460 1674.6
1365470 1668.2
1365480 1668.2
1365490 1660.6
1365500 1650.6
1365510 1650.6
1365520 1637.2
1365530 1628.0
1365540 1628.0
1365550 1620.0
1365560 1615.1
1365570 1615.1
1365580 1613.6
1365590 1614.1
1365600 1614.1
1365610 1614.2
1365620 1614.2
1365630 1614.2
1365640 1614.7
1365650 1615.5
1365660 1615.5
1365670 1616.1
1365680 1616.2
1365690 1616.2
1365700 1616.7
1365710 1617.2
1365720 1617.7
1365730 1617.7
1365740 1618.4
1365750 1619.5
1365760 1619.5
1365770 1620.8
1365780 1621.3
1365790 1621.3
1365800 1622.8
1365810 1624.3
1365820 1624.3
1365830 1625.5
1365840 1626.7
1365850 1626.7
1365860 1628.4
1365870 1629.5
1365880 1629.5
1365890 1630.1
1365900 1633.0
1365910 1633.0
1365920 1636.1
1365930 1638.7
1365940 1641.2
1365950 1641.2
1365960 1643.8
1365970 1646.9
1365980 1646.9
1365990 1651.2
1366000 1656.7
1366010 1656.7
1366020 1661.0
1366030 1665.7
1366040 1665.7
1366050 1671.8
1366060 1677.2
1366070 1677.2
1366080 1683.4
1366090 1689.6
1366100 1689.6
1366110 1695.5
1366120 1701.8
1366130 1701.8
1366140 1707.9
1366150 1715.0
1366160 1715.0
1366170 1722.0
1366180 1729.3
1366190 1737.1
1366200 1734.3
1366210 1742.3
1366220 1749.3
1366230 1749.3
1366240 1755.9
1366250 1761.9
1366260 1761.9
1366270 1767.4
1366280 1773.6
1366290 1773.6
1366300 1779.4
1366310 1785.2
1366320 1785.2
1366330 1791.7
1366340 1798.3
1366350 1798.3
1366360 1805.1
1366370 1812.2
1366380 1812.2
1366390 1819.7
1366400 1827.1
1366410 1834.4
1366420 1834.4
1366430 1841.9
1366440 1849.9
1366450 1849.9
1366460 1857.7
1366470 1865.7
1366480 1865.7
1366490 1873.6
1366500 1881.3
1366510 1881.3
1366520 1889.1
1366530 1898.5
1366540 1898.5
1366550 1912.2
1366560 1925.5
1366570 1925.5
1366580 1944.9
1366590 1970.6
1366600 1970.6
1366610 1983.5
1366620 1995.9
1366630 1995.9
1366640 2006.7
1366650 2021.2
1366660 2036.8
1366670 2036.8
1366680 2043.8
1366690 2055.6
1366700 2055.6
1366710 2063.8
1366720 2073.8
1366730 2073.8
1366740 2083.9
1366750 2087.4
1366760 2087.4
1366770 2090.7
1366780 2094.9
1366790 2094.9
1366800 2103.7
1366810 2110.6
1366820 2110.6
1366830 2117.3
1366840 2123.7
1366850 2123.7
1366860 2132.7
1366870 2143.6
1366880 2156.6
1366890 2156.6
1366900 2168.9
1366910 2181.4
1366920 2181.4
1366930 2193.2
1366940 2204.8
1366950 2204.8
1366960 2212.2
1366970 2215.6
1366980 2215.6
1366990 2218.5
1367000 2221.5
1367010 2221.5
1367020 2223.1
1367030 2223.2
1367040 2223.2
1367050 2221.6
1367060 2219.2
1367070 2219.2
1367080 2217.1
1367090 2219.9
1367100 2219.9
1367110 2225.3
1367120 2235.4
1367130 2239.1
1367140 2239.1
1367150 2232.9
1367160 2230.6
1367170 2230.6
1367180 2242.6
1367190 2266.1
1367200 2266.1
1367210 2276.1
1367220 2282.7
1367230 2282.7
1367240 2288.1
1367250 2294.0
1367260 2294.0
1367270 2299.9
1367280 2302.6
1367290 2302.6
1367300 2308.1
1367310 2314.0
1367320 2314.0
1367330 2320.3
1367340 2327.1
1367350 2334.0
1367360 2334.0
1367370 2340.7
1367380 2346.9
1367390 2346.9
1367400 2355.7
1367410 2364.4
1367420 2364.4
1367430 2373.5
1367440 2383.2
1367450 2383.2
1367460 2392.3
1367470 2399.8
1367480 2399.8
1367490 2407.9
1367500 2415.4
1367510 2415.4
1367520 2422.6
1367530 2429.3
1367540 2429.3
1367550 2435.9
1367560 2442.2
1367570 2442.2
1367580 2449.3
1367590 2456.4
1367600 2463.3
1367610 2463.3
1367620 2470.4
1367630 2477.6
1367640 2477.6
1367650 2484.5
1367660 2491.6
1367670 2491.6
1367680 2498.5
1367690 2505.6
1367700 2505.6
1367710 2512.3
1367720 2519.0
1367730 2519.0
1367740 2526.1
1367750 2533.9
1367760 2533.9
1367770 2541.6
1367780 2548.4
1367790 2548.4
1367800 2555.6
1367810 2563.5
1367820 2570.2
1367830 2570.2
1367840 2576.2
1367850 2582.3
1367860 2582.3
1367870 2588.1
1367880 2594.8
1367890 2594.8
1367900 2601.9
1367910 2610.9
1367920 2610.9
1367930 2620.0
1367940 2626.0
1367950 2626.0
1367960 2632.0
1367970 2638.0
1367980 2638.0
1367990 2642.2
1368000 2644.3
1368010 2644.3
1368020 2646.7
1368030 2648.8
1368040 2648.8
1368050 2652.4
1368060 2655.7
1368070 2660.0
1368080 2660.0
1368090 2663.7
1368100 2666.8
1368110 2666.8
1368120 2668.3
1368130 2671.4
1368140 2671.4
1368150 2671.9
1368160 2672.8
1368170 2672.8
1368180 2677.0
1368190 2679.1
1368200 2679.1
1368210 2682.2
1368220 2688.1
1368230 2688.1
1368240 2691.0
1368250 2695.7
1368260 2695.7
1368270 2707.8
1368280 2722.8
1368290 2732.7
1368300 2732.7
1368310 2744.9
1368320 2764.1
1368330 2764.1
1368340 2779.4
1368350 2790.1
1368360 2782.0
1368370 2786.5
1368380 2804.3
1368390 2804.3
1368400 2819.4
1368410 2809.7
1368420 2809.7
1368430 2798.0
1368440 2785.3
1368450 2785.3
1368460 2774.7
1368470 2765.6
1368480 2765.6
1368490 2754.0
1368500 2732.6
1368510 2732.6
1368520 2717.4
1368530 2709.7
1368540 2708.5
1368550 2708.5
1368560 2705.9
1368570 2706.7
1368580 2706.7
1368590 2708.0
1368600 2697.3
1368610 2697.3
1368620 2688.9
1368630 2679.2
1368640 2679.2
1368650 2669.8
1368660 2663.7
1368670 2663.7
1368680 2658.2
1368690 2648.0
1368700 2648.0
1368710 2636.9
1368720 2629.4
1368730 2629.4
1368740 2621.0
1368750 2610.6
1368760 2595.7
1368770 2595.7
1368780 2582.3
1368790 2573.4
1368800 2573.4
1368810 2565.8
1368820 2558.7
1368830 2558.7
1368840 2551.1
1368850 2542.2
1368860 2542.2
1368870 2532.5
1368880 2528.5
1368890 2528.5
1368900 2515.0
1368910 2504.9
1368920 2504.9
1368930 2498.2
1368940 2491.4
1368950 2491.4
1368960 2483.0
1368970 2469.8
1368980 2469.8
1368990 2463.3
1369000 2459.2
1369010 2455.1
1369020 2455.1
1369030 2450.3
1369040 2446.2
1369050 2446.2
1369060 2442.8
1369070 2440.6
1369080 2440.6
1369090 2438.5
1369100 2436.5
1369110 2436.5
1369120 2433.7
1369130 2431.6
1369140 2431.6
1369150 2428.6
1369160 2424.3
1369170 2424.3
1369180 2420.9
1369190 2418.0
1369200 2418.0
1369210 2416.2
1369220 2412.8
1369230 2409.1
1369240 2409.1
1369250 2406.7
1369260 2404.4
1369270 2404.4
1369280 2401.5
1369290 2401.1
1369300 2401.1
1369310 2399.8
1369320 2399.0
1369330 2399.0
1369340 2399.1
1369350 2399.6
1369360 2399.6
1369370 2401.9
1369380 2405.2
1369390 2405.2
1369400 2408.0
1369410 2411.8
1369420 2411.8
1369430 2415.6
1369440 2418.0
1369450 2418.0
1369460 2423.8
1369470 2424.1
1369480 2424.7
1369490 2424.7
1369500 2425.2
1369510 2428.9
1369520 2428.9
1369530 2430.7
1369540 2433.7
1369550 2433.7
1369560 2438.6
1369570 2445.6
1369580 2445.6
1369590 2452.7
1369600 2459.6
1369610 2459.6
1369620 2465.9
1369630 2474.7
1369640 2474.7
1369650 2484.2
1369660 2492.1
1369670 2492.1
1369680 2496.9
1369690 2500.6
1369700 2504.5
1369710 2504.5
1369720 2508.6
1369730 2514.4
1369740 2514.4
1369750 2518.9
1369760 2522.6
1369770 2522.6
1369780 2524.7
1369790 2525.8
1369800 2525.8
1369810 2527.5
1369820 2528.6
1369830 2528.6
1369840 2531.2
1369850 2533.1
1369860 2533.1
1369870 2535.7
1369880 2537.9
1369890 2537.9
1369900 2539.6
1369910 2534.0
1369920 2534.0
1369930 2523.9
1369940 2515.1
1369950 2507.4
1369960 2507.4
1369970 2500.6
1369980 2493.8
1369990 2493.8
1370000 2487.9
1370010 2480.0
1370020 2480.0
1370030 2469.3
1370040 2455.9
1370050 2455.9
1370060 2443.4
1370070 2430.6
1370080 2430.6
1370090 2424.7
1370100 2419.0
1370110 2419.0
1370120 2409.5
1370130 2398.9
1370140 2398.9
1370150 2391.4
1370160 2385.2
1370170 2379.4
1370180 2379.4
1370190 2374.1
1370200 2367.8
1370210 2367.8
1370220 2360.7
1370230 2354.0
1370240 2354.0
1370250 2348.3
1370260 2342.6
1370270 2342.6
1370280 2336.2
1370290 2330.7
1370300 2330.7
1370310 2325.3
1370320 2317.3
1370330 2317.3
1370340 2308.8
1370350 2300.5
1370360 2300.5
1370370 2292.9
1370380 2284.6
1370390 2284.6
1370400 2269.5
1370410 2235.3
1370420 2215.8
1370430 2215.8
1370440 2211.0
1370450 2200.3
1370460 2200.3
1370470 2187.8
1370480 2180.1
1370490 2180.1
1370500 2172.6
1370510 2165.5
1370520 2165.5
1370530 2157.3
1370540 2149.7
1370550 2149.7
1370560 2143.5
1370570 2137.8
1370580 2137.8
1370590 2130.1
1370600 2123.2
1370610 2123.2
1370620 2117.1
1370630 2112.1
1370640 2106.1
1370650 2106.1
1370660 2101.3
1370670 2099.7
1370680 2099.7
1370690 2096.2
1370700 2088.2
1370710 2088.2
1370720 2081.6
1370730 2076.7
1370740 2076.7
1370750 2071.2
1370760 2065.2
1370770 2065.2
1370780 2058.4
1370790 2052.0
1370800 2052.0
1370810 2048.4
1370820 2043.8
1370830 2043.8
1370840 2038.7
1370850 2032.9
1370860 2032.9
1370870 2026.6
1370880 2020.3
1370890 2017.6
1370900 2017.6
1370910 2013.3
1370920 2005.7
1370930 2005.7
1370940 1999.2
1370950 1995.0
1370960 1995.0
1370970 1992.3
1370980 1988.5
1370990 1988.5
1371000 1982.0
1371010 1977.9
1371020 1977.9
1371030 1971.8
1371040 1966.1
1371050 1966.1
1371060 1959.5
1371070 1953.2
1371080 1953.2
1371090 1946.7
1371100 1941.6
1371110 1937.3
1371120 1937.3
1371130 1934.5
1371140 1930.4
1371150 1930.4
1371160 1926.5
1371170 1923.2
1371180 1923.2
1371190 1918.5
1371200 1914.6
1371210 1914.6
1371220 1910.8
1371230 1908.2
1371240 1908.2
1371250 1906.9
1371260 1904.3
1371270 1904.3
1371280 1903.0
1371290 1901.3
1371300 1901.3
1371310 1900.8
1371320 1900.5
1371330 1900.5
1371340 1900.4
1371350 1898.7
1371360 1898.1
1371370 1898.1
1371380 1899.4
1371390 1900.7
1371400 1900.7
1371410 1901.2
1371420 1902.5
1371430 1902.5
1371440 1907.5
1371450 1911.6
1371460 1911.6
1371470 1917.6
1371480 1924.0
1371490 1924.0
1371500 1928.1
1371510 1932.8
1371520 1932.8
1371530 1938.2
1371540 1942.8
1371550 1942.8
1371560 1948.2
1371570 1953.4
1371580 1963.7
1371590 1963.7
1371600 1974.6
1371610 1986.6
1371620 1986.6
1371630 1996.6
1371640 2006.1
1371650 2006.1
1371660 2018.1
1371670 2027.1
1371680 2027.1
1371690 2032.8
1371700 2033.6
1371710 2033.6
1371720 2034.3
1371730 2036.2
1371740 2036.2
1371750 2039.0
1371760 2042.0
1371770 2042.0
1371780 2045.0
1371790 2047.8
1371800 2047.8
1371810 2050.8
1371820 2055.4
1371830 2059.6
1371840 2059.6
1371850 2064.9
1371860 2070.2
1371870 2070.2
1371880 2075.4
1371890 2080.5
1371900 2080.5
1371910 2086.3
1371920 2092.1
1371930 2092.1
1371940 2098.5
1371950 2105.4
1371960 2105.4
1371970 2111.6
1371980 2117.8
1371990 2117.8
1372000 2124.2
1372010 2130.2
1372020 2130.2
1372030 2136.2
1372040 2143.6
1372050 2150.4
1372060 2150.4
1372070 2155.4
1372080 2159.9
1372090 2159.9
1372100 2166.3
1372110 2173.5
1372120 2173.5
1372130 2180.8
1372140 2189.2
1372150 2189.2
1372160 2197.6
1372170 2206.2
1372180 2206.2
1372190 2216.3
1372200 2225.7
1372210 2225.7
1372220 2234.8
1372230 2243.8
1372240 2243.8
1372250 2251.2
1372260 2257.8
1372270 2257.8
1372280 2264.6
1372290 2271.6
1372300 2278.3
1372310 2278.3
1372320 2284.3
1372330 2289.2
1372340 2289.2
1372350 2293.6
1372360 2298.1
1372370 2298.1
1372380 2302.2
1372390 2305.8
1372400 2305.8
1372410 2309.1
1372420 2311.2
1372430 2311.2
1372440 2313.1
1372450 2315.3
1372460 2315.3
1372470 2316.7
1372480 2318.0
1372490 2318.0
1372500 2319.8
1372510 2322.5
1372520 2326.3
1372530 2326.3
1372540 2331.4
1372550 2337.7
1372560 2337.7
1372570 2344.4
1372580 2349.4
1372590 2349.4
1372600 2353.1
1372610 2355.0
1372620 2355.0
1372630 2356.8
1372640 2359.1
1372650 2359.1
1372660 2360.9
1372670 2363.5
1372680 2363.5
1372690 2368.9
1372700 2376.9
1372710 2376.9
1372720 2382.3
1372730 2385.2
1372740 2385.2
1372750 2387.7
1372760 2390.1
1372770 2392.5
1372780 2392.5
1372790 2393.8
1372800 2395.3
1372810 2395.3
1372820 2396.4
1372830 2398.3
1372840 2398.3
1372850 2400.3
1372860 2403.5
1372870 2403.5
1372880 2407.0
1372890 2410.2
1372900 2410.2
1372910 2412.6
1372920 2415.0
1372930 2415.0
1372940 2417.5
1372950 2419.8
1372960 2419.8
1372970 2422.8
1372980 2426.2
1372990 2429.4
1373000 2429.4
1373010 2432.5
1373020 2435.0
1373030 2435.0
1373040 2437.7
1373050 2440.5
1373060 2440.5
1373070 2443.1
1373080 2445.5
1373090 2445.5
1373100 2448.7
1373110 2451.1
1373120 2451.1
1373130 2453.7
1373140 2457.0
1373150 2457.0
1373160 2460.6
1373170 2464.1
1373180 2464.1
1373190 2468.6
1373200 2471.8
1373210 2471.8
1373220 2475.1
1373230 2477.9
1373240 2480.4
1373250 2480.4
1373260 2482.5
1373270 2485.0
1373280 2485.0
1373290 2487.4
1373300 2490.5
1373310 2490.5
1373320 2492.1
1373330 2494.8
1373340 2494.8
1373350 2495.3
1373360 2496.5
1373370 2496.5
1373380 2500.1
1373390 2503.4
1373400 2503.4
1373410 2507.4
1373420 2512.4
1373430 2512.4
1373440 2517.5
1373450 2522.2
1373460 2526.7
1373470 2526.7
1373480 2530.0
1373490 2534.3
1373500 2534.3
1373510 2538.5
1373520 2540.4
1373530 2540.4
1373540 2541.2
1373550 2543.1
1373560 2543.1
1373570 2544.4
1373580 2544.7
1373590 2544.7
1373600 2547.8
1373610 2550.1
1373620 2550.1
1373630 2553.2
1373640 2555.7
1373650 2555.7
1373660 2559.2
1373670 2562.9
1373680 2562.9
1373690 2566.5
1373700 2569.7
1373710 2572.9
1373720 2572.9
1373730 2575.8
1373740 2579.3
1373750 2579.3
1373760 2583.9
1373770 2587.1
1373780 2587.1
1373790 2588.5
1373800 2590.6
1373810 2590.6
1373820 2592.0
1373830 2594.5
1373840 2594.5
1373850 2596.8
1373860 2598.9
1373870 2598.9
1373880 2601.6
1373890 2605.3
1373900 2605.3
1373910 2608.7
1373920 2612.3
1373930 2616.3
1373940 2616.3
1373950 2620.6
1373960 2624.7
1373970 2624.7
1373980 2629.2
1373990 2633.8
1374000 2633.8
1374010 2638.4
1374020 2643.0
1374030 2643.0
1374040 2647.9
1374050 2653.1
1374060 2653.1
1374070 2658.2
1374080 2663.5
1374090 2663.5
1374100 2668.9
1374110 2674.0
1374120 2674.0
1374130 2679.6
1374140 2685.3
1374150 2685.3
1374160 2691.0
1374170 2696.6
1374180 2702.3
1374190 2702.3
1374200 2708.4
1374210 2714.5
1374220 2714.5
1374230 2720.6
1374240 2726.8
1374250 2726.8
1374260 2733.0
1374270 2739.3
1374280 2739.3
1374290 2745.8
1374300 2752.5
1374310 2752.5
1374320 2759.2
1374330 2766.3
1374340 2766.3
1374350 2773.2
1374360 2779.8
1374370 2779.8
1374380 2786.4
1374390 2792.8
1374400 2798.8
1374410 2798.8
1374420 2806.0
1374430 2819.1
1374440 2819.1
1374450 2832.8
1374460 2844.1
1374470 2844.1
1374480 2855.0
1374490 2862.5
1374500 2862.5
1374510 2868.3
1374520 2875.1
1374530 2875.1
1374540 2883.9
1374550 2893.6
1374560 2893.6
1374570 2902.9
1374580 2920.1
1374590 2920.1
1374600 2933.2
1374610 2945.6
1374620 2945.6
1374630 2956.0
1374640 2964.2
1374650 2967.3
1374660 2967.3
1374670 2952.5
1374680 2922.2
1374690 2922.2
1374700 2901.2
1374710 2878.6
1374720 2878.6
1374730 2855.6
1374740 2849.5
1374750 2849.5
1374760 2845.6
1374770 2842.4
1374780 2842.4
1374790 2838.9
1374800 2835.6
1374810 2835.6
1374820 2831.6
1374830 2826.7
1374840 2826.7
1374850 2821.6
1374860 2816.5
1374870 2812.1
1374880 2812.1
1374890 2807.8
1374900 2803.6
1374910 2803.6
1374920 2799.6
1374930 2795.2
1374940 2795.2
1374950 2791.1
1374960 2787.1
1374970 2787.1
1374980 2783.1
1374990 2779.2
1375000 2779.2
1375010 2775.1
1375020 2771.0
1375030 2771.0
1375040 2768.0
1375050 2766.6
1375060 2766.6
1375070 2770.3
1375080 2770.7
1375090 2770.7
1375100 2758.5
1375110 2740.9
1375120 2735.5
1375130 2735.5
1375140 2730.9
1375150 2728.0
1375160 2728.0
1375170 2725.9
1375180 2723.3
1375190 2723.3
1375200 2720.4
1375210 2717.4
1375220 2717.4
1375230 2713.9
1375240 2706.6
1375250 2706.6
1375260 2702.4
1375270 2699.9
1375280 2699.9
1375290 2697.8
1375300 2695.5
1375310 2695.5
1375320 2691.0
1375330 2686.4
1375340 2682.6
1375350 2682.6
1375360 2678.1
1375370 2671.5
1375380 2671.5
1375390 2663.6
1375400 2657.7
1375410 2657.7
1375420 2653.6
1375430 2649.4
1375440 2649.4
1375450 2644.5
1375460 2640.1
1375470 2640.1
1375480 2636.3
1375490 2632.5
1375500 2632.5
1375510 2629.5
1375520 2625.9
1375530 2625.9
1375540 2624.1
1375550 2622.8
1375560 2622.8
1375570 2620.3
1375580 2614.3
1375590 2607.3
1375600 2607.3
1375610 2600.4
1375620 2594.2
1375630 2594.2
1375640 2588.1
1375650 2582.9
1375660 2582.9
1375670 2578.1
1375680 2574.0
1375690 2574.0
1375700 2569.8
1375710 2565.2
1375720 2565.2
1375730 2560.5
1375740 2556.4
1375750 2556.4
1375760 2553.2
1375770 2549.6
1375780 2549.6
1375790 2546.0
1375800 2543.0
1375810 2540.0
1375820 2540.0
1375830 2537.2
1375840 2534.4
1375850 2534.4
1375860 2532.3
1375870 2530.4
1375880 2530.4
1375890 2529.4
1375900 2528.1
1375910 2528.1
1375920 2527.1
1375930 2527.4
1375940 2527.4
1375950 2529.1
1375960 2531.8
1375970 2531.8
1375980 2537.2
1375990 2541.5
1376000 2541.5
1376010 2544.9
1376020 2547.6
1376030 2547.6
1376040 2557.0
1376050 2562.9
1376060 2552.1
1376070 2552.1
1376080 2537.5
1376090 2518.3
1376100 2518.3
1376110 2487.7
1376120 2463.6
1376130 2463.6
1376140 2453.2
1376150 2445.9
1376160 2445.9
1376170 2438.5
1376180 2430.6
1376190 2430.6
1376200 2423.2
1376210 2416.7
1376220 2416.7
1376230 2410.3
1376240 2403.8
1376250 2403.8
1376260 2397.3
1376270 2392.1
1376280 2387.4
1376290 2391.1
1376300 2385.9
1376310 2380.3
1376320 2380.3
1376330 2375.3
1376340 2370.5
1376350 2370.5
1376360 2365.5
1376370 2360.5
1376380 2360.5
1376390 2355.3
1376400 2350.3
1376410 2350.3
1376420 2344.9
1376430 2339.8
1376440 2339.8
1376450 2334.9
1376460 2329.8
1376470 2329.8
1376480 2324.7
1376490 2319.8
1376500 2319.8
1376510 2315.2
1376520 2310.7
1376530 2306.3
1376540 2306.3
1376550 2301.8
1376560 2297.3
1376570 2297.3
1376580 2293.0
1376590 2288.5
1376600 2288.5
1376610 2283.4
1376620 2279.2
1376630 2279.2
1376640 2274.6
1376650 2270.6
1376660 2270.6
1376670 2267.2
1376680 2263.1
1376690 2263.1
1376700 2258.0
1376710 2253.2
1376720 2253.2
1376730 2248.8
1376740 2244.9
1376750 2241.3
1376760 2241.3
1376770 2237.1
1376780 2232.9
1376790 2232.9
1376800 2228.8
1376810 2224.2
1376820 2224.2
1376830 2219.4
1376840 2215.0
1376850 2215.0
1376860 2210.8
1376870 2208.1
1376880 2208.1
1376890 2206.7
1376900 2203.1
1376910 2203.1
1376920 2199.1
1376930 2195.6
1376940 2195.6
1376950 2192.7
1376960 2190.9
1376970 2190.9
1376980 2186.4
1376990 2180.7
1377000 2177.0
1377010 2177.0
1377020 2173.7
1377030 2169.3
1377040 2169.3
1377050 2168.7
1377060 2168.5
1377070 2168.5
1377080 2165.7
1377090 2161.8
1377100 2161.8
1377110 2158.4
1377120 2155.6
1377130 2155.6
1377140 2151.9
1377150 2147.9
1377160 2147.9
1377170 2145.9
1377180 2141.6
1377190 2141.6
1377200 2136.0
1377210 2135.4
1377220 2133.0
1377230 2133.0
1377240 2130.2
1377250 2132.5
1377260 2132.5
1377270 2127.7
1377280 2124.7
1377290 2124.7
1377300 2121.9
1377310 2119.6
1377320 2119.6
1377330 2116.9
1377340 2115.0
1377350 2115.0
1377360 2114.1
1377370 2111.3
1377380 2111.3
1377390 2102.0
1377400 2081.9
1377410 2081.9
1377420 2064.7
1377430 2049.8
1377440 2049.8
1377450 2037.2
1377460 2041.9
1377470 2029.3
1377480 2029.3
1377490 2014.5
1377500 2003.0
1377510 2003.0
1377520 1991.6
1377530 1983.7
1377540 1983.7
1377550 1978.9
1377560 1977.0
1377570 1977.0
1377580 1974.9
1377590 1969.3
1377600 1969.3
1377610 1968.3
1377620 1968.6
1377630 1968.6
1377640 1965.4
1377650 1961.6
1377660 1961.6
1377670 1957.5
1377680 1955.1
1377690 1954.2
1377700 1954.2
1377710 1951.8
1377720 1948.1
1377730 1948.1
1377740 1945.6
1377750 1942.6
1377760 1942.6
1377770 1939.6
1377780 1937.0
1377790 1937.0
1377800 1935.1
1377810 1933.7
1377820 1933.7
1377830 1930.9
1377840 1928.8
1377850 1928.8
1377860 1927.5
1377870 1926.1
1377880 1926.1
1377890 1925.1
1377900 1924.6
1377910 1924.6
1377920 1922.2
1377930 1921.9
1377940 1922.9
1377950 1922.9
1377960 1923.9
1377970 1926.1
1377980 1926.1
1377990 1928.8
1378000 1929.8
1378010 1929.8
1378020 1930.9
1378030 1932.5
1378040 1932.5
1378050 1935.1
1378060 1938.0
1378070 1938.0
1378080 1943.0
1378090 1948.2
1378100 1948.2
1378110 1955.5
1378120 1983.5
1378130 1983.5
1378140 2001.7
1378150 2011.3
1378160 2020.9
1378170 2020.9
1378180 2030.0
1378190 2051.0
1378200 2051.0
1378210 2075.9
1378220 2084.5
1378230 2084.5
1378240 2091.6
1378250 2099.0
1378260 2099.0
1378270 2105.6
1378280 2113.2
1378290 2113.2
1378300 2119.6
1378310 2125.5
1378320 2125.5
1378330 2132.4
1378340 2140.0
1378350 2140.0
1378360 2146.2
1378370 2151.1
1378380 2151.1
1378390 2155.8
1378400 2160.9
1378410 2165.7
1378420 2165.7
1378430 2169.7
1378440 2173.4
1378450 2173.4
1378460 2176.7
1378470 2180.1
1378480 2180.1
1378490 2183.0
1378500 2186.1
1378510 2186.1
1378520 2190.1
1378530 2194.5
1378540 2194.5
1378550 2198.2
1378560 2202.3
1378570 2202.3
1378580 2206.7
1378590 2210.9
1378600 2210.9
1378610 2214.9
1378620 2218.8
1378630 2223.3
1378640 2223.3
1378650 2227.8
1378660 2232.7
1378670 2232.7
1378680 2235.4
1378690 2237.7
1378700 2237.7
1378710 2240.2
1378720 2243.2
1378730 2243.2
1378740 2245.8
1378750 2248.2
1378760 2248.2
1378770 2251.4
1378780 2255.3
1378790 2255.3
1378800 2259.1
1378810 2262.1
1378820 2262.1
1378830 2265.2
1378840 2268.6
1378850 2268.6
1378860 2273.0
1378870 2275.8
1378880 2278.2
1378890 2278.2
1378900 2281.1
1378910 2285.1
1378920 2285.1
1378930 2288.8
1378940 2291.4
1378950 2291.4
1378960 2295.1
1378970 2301.0
1378980 2301.0
1378990 2305.7
1379000 2310.8
1379010 2310.8
1379020 2316.0
1379030 2320.3
1379040 2320.3
1379050 2323.0
1379060 2325.5
1379070 2325.5
1379080 2328.1
1379090 2330.7
1379100 2333.4
1379110 2333.4
1379120 2336.3
1379130 2339.4
1379140 2339.4
1379150 2342.7
1379160 2345.6
1379170 2345.6
1379180 2348.9
1379190 2352.2
1379200 2352.2
1379210 2355.7
1379220 2359.1
1379230 2359.1
1379240 2361.2
1379250 2362.2
1379260 2362.2
1379270 2365.6
1379280 2370.0
1379290 2370.0
1379300 2372.6
1379310 2374.2
1379320 2374.2
1379330 2376.3
1379340 2379.6
1379350 2382.2
1379360 2382.2
1379370 2385.5
1379380 2388.7
1379390 2388.7
1379400 2391.7
1379410 2394.0
1379420 2394.0
1379430 2395.4
1379440 2397.7
1379450 2397.7
1379460 2400.6
1379470 2403.3
1379480 2403.3
1379490 2405.6
1379500 2408.5
1379510 2408.5
1379520 2412.7
1379530 2415.1
1379540 2415.1
1379550 2416.6
1379560 2419.7
1379570 2423.3
1379580 2423.3
1379590 2427.8
1379600 2431.1
1379610 2431.1
1379620 2433.5
1379630 2436.1
1379640 2436.1
1379650 2438.3
1379660 2439.9
1379670 2439.9
1379680 2441.9
1379690 2443.9
1379700 2443.9
1379710 2446.0
1379720 2447.9
1379730 2447.9
1379740 2446.8
1379750 2445.1
1379760 2445.1
1379770 2444.8
1379780 2446.9
1379790 2446.9
1379800 2446.5
1379810 2447.9
1379820 2451.7
1379830 2451.7
1379840 2455.7
1379850 2460.1
1379860 2458.5
1379870 2463.0
1379880 2467.5
1379890 2467.5
1379900 2472.1
1379910 2476.5
1379920 2476.5
1379930 2481.1
1379940 2485.9
1379950 2485.9
1379960 2488.8
1379970 2492.7
1379980 2492.7
1379990 2496.8
