1360000 2907.1
1360010 2907.1
1360020 2910.8
1360030 2914.2
1360040 2917.9
1360050 2917.9
1360060 2921.8
1360070 2925.7
1360080 2925.7
1360090 2929.1
1360100 2932.2
1360110 2932.2
1360120 2935.4
1360130 2939.4
1360140 2939.4
1360150 2943.1
1360160 2945.3
1360170 2945.3
1360180 2945.3
1360190 2943.2
1360200 2943.2
1360210 2940.8
1360220 2938.4
1360230 2938.4
1360240 2935.8
1360250 2933.5
1360260 2933.5
1360270 2930.8
1360280 2928.8
1360290 2926.4
1360300 2926.4
1360310 2923.1
1360320 2920.0
1360330 2920.0
1360340 2917.0
1360350 2913.6
1360360 2913.6
1360370 2910.3
1360380 2907.1
1360390 2907.1
1360400 2906.3
1360410 2905.1
1360420 2905.1
1360430 2903.6
1360440 2903.2
1360450 2903.2
1360460 2899.3
1360470 2895.7
1360480 2895.7
1360490 2894.4
1360500 2892.4
1360510 2888.8
1360520 2888.8
1360530 2885.4
1360540 2882.4
1360550 2882.4
1360560 2878.1
1360570 2866.6
1360580 2866.6
1360590 2856.2
1360600 2846.0
1360610 2846.0
1360620 2834.5
1360630 2821.7
1360640 2821.7
1360650 2814.6
1360660 2810.8
1360670 2810.8
1360680 2813.5
1360690 2819.3
1360700 2819.3
1360710 2816.0
1360720 2810.2
1360730 2810.2
1360740 2804.3
1360750 2803.3
1360760 2800.4
1360770 2800.4
1360780 2794.8
1360790 2790.7
1360800 2790.7
1360810 2763.9
1360820 2757.2
1360830 2757.2
1360840 2754.3
1360850 2750.5
1360860 2750.5
1360870 2747.8
1360880 2742.7
1360890 2742.7
1360900 2741.8
1360910 2741.3
1360920 2741.3
1360930 2741.6
1360940 2741.2
1360950 2741.2
1360960 2740.0
1360970 2737.7
1360980 2736.1
1360990 2736.1
1361000 2734.8
1361010 2734.1
1361020 2734.1
1361030 2734.8
1361040 2733.7
1361050 2733.7
1361060 2732.9
1361070 2735.2
1361080 2735.2
1361090 2737.8
1361100 2738.7
1361110 2738.7
1361120 2738.9
1361130 2738.4
1361140 2738.4
1361150 2737.5
1361160 2743.9
1361170 2743.9
1361180 2754.4
1361190 2771.3
1361200 2771.3
1361210 2773.6
1361220 2767.5
1361230 2763.9
1361240 2763.9
1361250 2768.6
1361260 2772.4
1361270 2772.4
1361280 2773.7
1361290 2766.0
1361300 2766.0
1361310 2752.7
1361320 2748.3
1361330 2748.3
1361340 2736.5
1361350 2720.7
1361360 2720.7
1361370 2708.3
1361380 2698.7
1361390 2698.7
1361400 2686.1
1361410 2675.0
1361420 2675.0
1361430 2665.3
1361440 2655.9
1361450 2649.4
1361460 2649.4
1361470 2642.2
1361480 2634.6
1361490 2634.6
1361500 2625.3
1361510 2616.5
1361520 2616.5
1361530 2608.1
1361540 2598.7
1361550 2598.7
1361560 2591.0
1361570 2586.2
1361580 2586.2
1361590 2581.0
1361600 2575.3
1361610 2575.3
1361620 2569.7
1361630 2564.3
1361640 2564.3
1361650 2559.0
1361660 2554.1
1361670 2554.1
1361680 2549.1
1361690 2544.4
1361700 2541.3
1361710 2541.3
1361720 2537.7
1361730 2533.3
1361740 2533.3
1361750 2529.2
1361760 2525.3
1361770 2525.3
1361780 2521.4
1361790 2517.5
1361800 2517.5
1361810 2513.3
1361820 2509.2
1361830 2509.2
1361840 2508.9
1361850 2504.9
1361860 2504.9
1361870 2501.1
1361880 2496.9
1361890 2496.9
1361900 2492.6
1361910 2488.5
1361920 2484.1
1361930 2484.1
1361940 2479.8
1361950 2476.0
1361960 2476.0
1361970 2472.5
1361980 2468.9
1361990 2468.9
1362000 2465.6
1362010 2462.5
1362020 2462.5
1362030 2459.5
1362040 2456.0
1362050 2456.0
1362060 2452.6
1362070 2449.5
1362080 2449.5
1362090 2446.4
1362100 2443.9
1362110 2443.9
1362120 2442.1
1362130 2439.6
1362140 2439.6
1362150 2436.9
1362160 2434.0
1362170 2431.3
1362180 2431.3
1362190 2429.0
1362200 2426.8
1362210 2426.8
1362220 2425.4
1362230 2423.8
1362240 2423.8
1362250 2422.4
1362260 2423.3
1362270 2423.3
1362280 2422.2
1362290 2419.8
1362300 2419.8
1362310 2417.6
1362320 2415.8
1362330 2415.8
1362340 2412.8
1362350 2409.1
1362360 2409.1
1362370 2406.0
1362380 2403.6
1362390 2403.6
1362400 2400.8
1362410 2397.2
1362420 2393.5
1362430 2393.5
1362440 2390.2
1362450 2388.5
1362460 2388.5
1362470 2386.7
1362480 2383.7
1362490 2383.7
1362500 2381.8
1362510 2379.3
1362520 2379.3
1362530 2376.4
1362540 2372.8
1362550 2372.8
1362560 2369.0
1362570 2366.2
1362580 2366.2
1362590 2364.2
1362600 2362.2
1362610 2362.2
1362620 2360.3
1362630 2357.9
1362640 2355.8
1362650 2355.8
1362660 2354.9
1362670 2354.2
1362680 2354.2
1362690 2352.4
1362700 2350.0
1362710 2350.0
1362720 2347.8
1362730 2346.9
1362740 2346.9
1362750 2346.1
1362760 2345.7
1362770 2345.7
1362780 2345.5
1362790 2345.2
1362800 2345.2
1362810 2345.2
1362820 2345.4
1362830 2345.4
1362840 2345.8
1362850 2345.6
1362860 2345.6
1362870 2345.9
1362880 2350.3
1362890 2349.9
1362900 2349.9
1362910 2351.3
1362920 2353.3
1362930 2353.3
1362940 2355.2
1362950 2356.5
1362960 2356.5
1362970 2357.0
1362980 2357.2
1362990 2357.2
1363000 2359.6
1363010 2362.8
1363020 2362.8
1363030 2364.8
1363040 2366.2
1363050 2366.2
1363060 2366.7
1363070 2367.3
1363080 2367.3
1363090 2370.1
1363100 2372.9
1363110 2376.7
1363120 2376.7
1363130 2385.2
1363140 2396.7
1363150 2396.7
1363160 2401.8
1363170 2388.8
1363180 2388.8
1363190 2364.8
1363200 2343.1
1363210 2343.1
1363220 2330.6
1363230 2323.1
1363240 2323.1
1363250 2316.1
1363260 2309.4
1363270 2309.4
1363280 2303.1
1363290 2296.9
1363300 2296.9
1363310 2291.4
1363320 2286.1
1363330 2286.1
1363340 2281.1
1363350 2275.6
1363360 2269.5
1363370 2269.5
1363380 2263.4
1363390 2261.2
1363400 2261.2
1363410 2262.4
1363420 2261.9
1363430 2261.9
1363440 2262.1
1363450 2262.8
1363460 2262.8
1363470 2264.1
1363480 2265.9
1363490 2265.9
1363500 2266.2
1363510 2264.7
1363520 2264.7
1363530 2260.1
1363540 2252.8
1363550 2252.8
1363560 2244.8
1363570 2237.2
1363580 2230.8
1363590 2230.8
1363600 2224.5
1363610 2218.0
1363620 2218.0
1363630 2212.2
1363640 2209.1
1363650 2209.1
1363660 2207.6
1363670 2208.7
1363680 2208.7
1363690 2211.5
1363700 2213.6
1363710 2213.6
1363720 2214.8
1363730 2214.7
1363740 2214.7
1363750 2212.6
1363760 2207.4
1363770 2207.4
1363780 2201.3
1363790 2196.2
1363800 2196.2
1363810 2191.5
1363820 2187.0
1363830 2182.1
1363840 2182.1
1363850 2177.7
1363860 2173.4
1363870 2173.4
1363880 2168.4
1363890 2165.5
1363900 2165.5
1363910 2163.1
1363920 2160.0
1363930 2164.1
1363940 2160.5
1363950 2156.1
1363960 2156.1
1363970 2151.5
1363980 2147.0
1363990 2147.0
1364000 2142.4
1364010 2137.8
1364020 2137.8
1364030 2133.5
1364040 2128.5
1364050 2123.6
1364060 2123.6
1364070 2119.7
1364080 2115.3
1364090 2115.3
1364100 2110.8
1364110 2105.9
1364120 2105.9
1364130 2101.4
1364140 2096.8
1364150 2096.8
1364160 2092.5
1364170 2087.2
1364180 2087.2
1364190 2082.4
1364200 2078.2
1364210 2078.2
1364220 2072.9
1364230 2066.2
1364240 2066.2
1364250 2059.4
1364260 2052.0
1364270 2052.0
1364280 2044.0
1364290 2037.5
1364300 2030.9
1364310 2030.9
1364320 2022.9
1364330 2017.6
1364340 2017.6
1364350 2011.1
1364360 2003.9
1364370 2003.9
1364380 1995.2
1364390 1985.6
1364400 1985.6
1364410 1974.6
1364420 1965.6
1364430 1965.6
1364440 1954.0
1364450 1940.0
1364460 1940.0
1364470 1928.3
1364480 1920.9
1364490 1920.9
1364500 1916.5
1364510 1909.3
1364520 1903.2
1364530 1903.2
1364540 1898.8
1364550 1893.7
1364560 1893.7
1364570 1888.5
1364580 1884.3
1364590 1884.3
1364600 1878.0
1364610 1872.1
1364620 1872.1
1364630 1865.4
1364640 1858.8
1364650 1858.8
1364660 1855.3
1364670 1851.8
1364680 1851.8
1364690 1845.9
1364700 1835.0
1364710 1835.0
1364720 1825.5
1364730 1816.5
1364740 1816.5
1364750 1807.7
1364760 1799.2
1364770 1793.3
1364780 1793.3
1364790 1790.1
1364800 1788.8
1364810 1788.8
1364820 1788.5
1364830 1782.0
1364840 1782.0
1364850 1774.2
1364860 1768.2
1364870 1768.2
1364880 1761.9
1364890 1757.8
1364900 1757.8
1364910 1753.8
1364920 1746.3
1364930 1746.3
1364940 1735.3
1364950 1726.1
1364960 1726.1
1364970 1719.7
1364980 1711.0
1364990 1702.8
1365000 1702.8
1365010 1696.1
1365020 1691.8
1365030 1691.8
1365040 1687.8
1365050 1681.3
1365060 1681.3
1365070 1675.2
1365080 1668.8
1365090 1668.8
1365100 1663.0
1365110 1657.8
1365120 1657.8
1365130 1651.8
1365140 1645.4
1365150 1645.4
1365160 1639.9
1365170 1634.3
1365180 1634.3
1365190 1628.2
1365200 1622.3
1365210 1622.3
1365220 1616.9
1365230 1612.2
1365240 1608.7
1365250 1608.7
1365260 1606.1
1365270 1601.7
1365280 1601.7
1365290 1597.8
1365300 1595.1
1365310 1595.1
1365320 1591.8
1365330 1588.7
1365340 1588.7
1365350 1585.1
1365360 1582.3
1365370 1582.3
1365380 1580.0
1365390 1578.1
1365400 1578.1
1365410 1576.4
1365420 1575.1
1365430 1575.1
1365440 1575.7
1365450 1574.1
1365460 1574.1
1365470 1574.3
1365480 1574.3
1365490 1573.6
1365500 1573.6
1365510 1574.3
1365520 1575.4
1365530 1575.4
1365540 1576.0
1365550 1577.0
1365560 1577.0
1365570 1578.5
1365580 1579.8
1365590 1579.8
1365600 1580.5
1365610 1581.2
1365620 1581.2
1365630 1582.3
1365640 1583.5
1365650 1583.5
1365660 1585.6
1365670 1588.6
1365680 1588.6
1365690 1591.1
1365700 1595.0
1365710 1599.0
1365720 1599.0
1365730 1603.0
1365740 1607.6
1365750 1607.6
1365760 1612.2
1365770 1616.8
1365780 1616.8
1365790 1621.7
1365800 1626.9
1365810 1626.9
1365820 1632.5
1365830 1638.4
1365840 1638.4
1365850 1644.1
1365860 1649.9
1365870 1649.9
1365880 1655.9
1365890 1662.1
1365900 1662.1
1365910 1668.3
1365920 1674.0
1365930 1674.0
1365940 1678.8
1365950 1684.1
1365960 1690.1
1365970 1690.1
1365980 1692.6
1365990 1704.4
1366000 1704.4
1366010 1728.8
1366020 1749.5
1366030 1749.5
1366040 1756.2
1366050 1762.1
1366060 1748.0
1366070 1745.7
1366080 1754.2
1366090 1754.2
1366100 1794.4
1366110 1819.7
1366120 1819.7
1366130 1836.6
1366140 1849.4
1366150 1849.4
1366160 1861.5
1366170 1875.3
1366180 1869.1
1366190 1869.1
1366200 1855.9
1366210 1841.5
1366220 1841.5
1366230 1840.9
1366240 1845.4
1366250 1845.4
1366260 1849.7
1366270 1908.6
1366280 1908.6
1366290 1967.7
1366300 1984.9
1366310 1984.9
1366320 1992.2
1366330 1998.8
1366340 1998.8
1366350 2006.0
1366360 2013.6
1366370 2013.6
1366380 2022.3
1366390 2032.1
1366400 2032.1
1366410 2040.9
1366420 2049.2
1366430 2057.6
1366440 2057.6
1366450 2067.3
1366460 2076.4
1366470 2076.4
1366480 2084.6
1366490 2092.7
1366500 2092.7
1366510 2101.1
1366520 2109.8
1366530 2109.8
1366540 2121.6
1366550 2138.3
1366560 2138.3
1366570 2151.1
1366580 2166.0
1366590 2166.0
1366600 2167.6
1366610 2167.0
1366620 2167.0
1366630 2166.9
1366640 2164.6
1366650 2152.3
1366660 2152.3
1366670 2134.8
1366680 2125.7
1366690 2125.7
1366700 2121.6
1366710 2121.3
1366720 2121.3
1366730 2121.5
1366740 2126.6
1366750 2126.6
1366760 2157.8
1366770 2182.5
1366780 2182.5
1366790 2200.4
1366800 2210.1
1366810 2210.1
1366820 2218.7
1366830 2227.4
1366840 2227.4
1366850 2236.4
1366860 2245.2
1366870 2245.2
1366880 2253.1
1366890 2260.6
1366900 2267.8
1366910 2267.8
1366920 2276.0
1366930 2284.8
1366940 2284.8
1366950 2293.7
1366960 2303.3
1366970 2303.3
1366980 2312.3
1366990 2321.3
1367000 2321.3
1367010 2330.7
1367020 2339.5
1367030 2339.5
1367040 2347.4
1367050 2356.0
1367060 2356.0
1367070 2362.5
1367080 2367.8
1367090 2367.8
1367100 2372.2
1367110 2377.3
1367120 2381.1
1367130 2373.9
1367140 2379.1
1367150 2385.6
1367160 2385.6
1367170 2389.7
1367180 2389.8
1367190 2389.8
1367200 2394.7
1367210 2400.8
1367220 2400.8
1367230 2403.9
1367240 2405.6
1367250 2405.6
1367260 2410.1
1367270 2416.7
1367280 2416.7
1367290 2423.2
1367300 2425.7
1367310 2425.7
1367320 2428.8
1367330 2433.8
1367340 2433.8
1367350 2439.3
1367360 2448.0
1367370 2456.2
1367380 2456.2
1367390 2464.2
1367400 2470.2
1367410 2470.2
1367420 2475.9
1367430 2480.4
1367440 2480.4
1367450 2486.3
1367460 2492.5
1367470 2492.5
1367480 2498.5
1367490 2504.7
1367500 2504.7
1367510 2511.5
1367520 2518.7
1367530 2518.7
1367540 2527.1
1367550 2536.2
1367560 2536.2
1367570 2544.2
1367580 2552.6
1367590 2560.7
1367600 2560.7
1367610 2569.2
1367620 2577.9
1367630 2577.9
1367640 2584.8
1367650 2593.3
1367660 2593.3
1367670 2606.9
1367680 2617.2
1367690 2617.2
1367700 2628.0
1367710 2639.0
1367720 2639.0
1367730 2644.0
1367740 2651.2
1367750 2651.2
1367760 2662.1
1367770 2672.1
1367780 2672.1
1367790 2679.7
1367800 2688.1
1367810 2688.1
1367820 2694.4
1367830 2705.6
1367840 2714.9
1367850 2714.9
1367860 2738.9
1367870 2760.2
1367880 2760.2
1367890 2773.8
1367900 2780.2
1367910 2780.2
1367920 2778.1
1367930 2773.6
1367940 2773.6
1367950 2765.6
1367960 2758.1
1367970 2758.1
1367980 2753.7
1367990 2749.9
1368000 2749.9
1368010 2745.4
1368020 2743.8
1368030 2743.8
1368040 2742.6
1368050 2741.1
1368060 2739.2
1368070 2739.2
1368080 2737.9
1368090 2737.5
1368100 2737.5
1368110 2738.5
1368120 2738.9
1368130 2738.9
1368140 2739.3
1368150 2739.2
1368160 2739.2
1368170 2738.6
1368180 2736.2
1368190 2736.2
1368200 2734.1
1368210 2730.6
1368220 2739.9
1368230 2732.2
1368240 2721.9
1368250 2721.9
1368260 2717.2
1368270 2716.1
1368280 2716.1
1368290 2715.9
1368300 2713.8
1368310 2713.4
1368320 2713.4
1368330 2708.4
1368340 2704.5
1368350 2704.5
1368360 2701.8
1368370 2696.0
1368380 2696.0
1368390 2690.6
1368400 2688.1
1368410 2688.1
1368420 2686.1
1368430 2684.4
1368440 2684.4
1368450 2682.4
1368460 2679.1
1368470 2679.1
1368480 2677.3
1368490 2675.1
1368500 2675.1
1368510 2672.9
1368520 2671.8
1368530 2671.3
1368540 2671.3
1368550 2672.2
1368560 2673.4
1368570 2673.4
1368580 2672.3
1368590 2669.2
1368600 2669.2
1368610 2665.2
1368620 2660.0
1368630 2660.0
1368640 2656.2
1368650 2646.6
1368660 2646.6
1368670 2626.7
1368680 2609.3
1368690 2609.3
1368700 2598.4
1368710 2588.3
1368720 2588.3
1368730 2586.3
1368740 2582.0
1368750 2582.0
1368760 2565.3
1368770 2548.2
1368780 2543.0
1368790 2543.0
1368800 2544.1
1368810 2547.7
1368820 2547.7
1368830 2552.5
1368840 2552.9
1368850 2552.9
1368860 2536.0
1368870 2515.7
1368880 2515.7
1368890 2497.9
1368900 2474.5
1368910 2474.5
1368920 2455.6
1368930 2454.9
1368940 2454.9
1368950 2464.8
1368960 2469.9
1368970 2469.9
1368980 2471.7
1368990 2476.9
1369000 2479.6
1369010 2479.6
1369020 2480.3
1369030 2482.3
1369040 2482.3
1369050 2474.4
1369060 2455.6
1369070 2455.6
1369080 2441.4
1369090 2423.7
1369100 2423.7
1369110 2401.2
1369120 2381.9
1369130 2381.9
1369140 2361.7
1369150 2356.1
1369160 2356.1
1369170 2365.6
1369180 2366.8
1369190 2366.8
1369200 2365.1
1369210 2361.2
1369220 2361.2
1369230 2366.7
1369240 2361.0
1369250 2339.3
1369260 2339.3
1369270 2319.5
1369280 2307.6
1369290 2307.6
1369300 2294.9
1369310 2280.5
1369320 2283.6
1369330 2268.0
1369340 2256.0
1369350 2256.0
1369360 2246.0
1369370 2236.7
1369380 2236.7
1369390 2229.3
1369400 2223.3
1369410 2223.3
1369420 2219.5
1369430 2216.1
1369440 2216.1
1369450 2214.3
1369460 2211.1
1369470 2211.1
1369480 2203.0
1369490 2192.9
1369500 2183.7
1369510 2183.7
1369520 2176.0
1369530 2175.4
1369540 2175.4
1369550 2172.3
1369560 2167.7
1369570 2167.7
1369580 2173.5
1369590 2176.6
1369600 2176.6
1369610 2177.1
1369620 2178.1
1369630 2178.1
1369640 2179.2
1369650 2181.0
1369660 2181.0
1369670 2180.4
1369680 2180.3
1369690 2180.3
1369700 2180.5
1369710 2182.0
1369720 2188.8
1369730 2188.8
1369740 2195.0
1369750 2195.7
1369760 2195.7
1369770 2192.7
1369780 2188.6
1369790 2188.6
1369800 2184.5
1369810 2183.0
1369820 2183.0
1369830 2183.6
1369840 2184.4
1369850 2184.4
1369860 2182.5
1369870 2183.4
1369880 2183.4
1369890 2185.7
1369900 2186.6
1369910 2186.6
1369920 2185.2
1369930 2183.4
1369940 2183.4
1369950 2183.9
1369960 2183.1
1369970 2181.0
1369980 2181.0
1369990 2178.2
1370000 2175.7
1370010 2175.7
1370020 2172.9
1370030 2168.6
1370040 2168.6
1370050 2162.1
1370060 2155.9
1370070 2155.9
1370080 2152.4
1370090 2149.7
1370100 2149.7
1370110 2146.8
1370120 2143.6
1370130 2143.6
1370140 2139.9
1370150 2135.9
1370160 2135.9
1370170 2132.5
1370180 2128.8
1370190 2125.1
1370200 2125.1
1370210 2121.8
1370220 2118.4
1370230 2118.4
1370240 2115.1
1370250 2111.4
1370260 2111.4
1370270 2109.3
1370280 2107.9
1370290 2107.9
1370300 2108.1
1370310 2109.4
1370320 2109.4
1370330 2109.7
1370340 2109.9
1370350 2109.9
1370360 2107.1
1370370 2096.6
1370380 2096.6
1370390 2088.5
1370400 2082.6
1370410 2082.6
1370420 2070.8
1370430 2064.2
1370440 2058.7
1370450 2058.7
1370460 2053.5
1370470 2047.7
1370480 2047.7
1370490 2041.5
1370500 2032.5
1370510 2032.5
1370520 2022.7
1370530 2010.3
1370540 2010.3
1370550 1994.6
1370560 1985.9
1370570 1985.9
1370580 1980.9
1370590 1977.3
1370600 1977.3
1370610 1973.2
1370620 1968.9
1370630 1968.9
1370640 1964.9
1370650 1961.0
1370660 1957.9
1370670 1957.9
1370680 1954.3
1370690 1950.6
1370700 1950.6
1370710 1946.9
1370720 1942.7
1370730 1942.7
1370740 1939.0
1370750 1934.9
1370760 1934.9
1370770 1930.3
1370780 1925.6
1370790 1925.6
1370800 1921.7
1370810 1917.8
1370820 1917.8
1370830 1913.8
1370840 1910.1
1370850 1910.1
1370860 1906.3
1370870 1902.3
1370880 1902.3
1370890 1898.2
1370900 1893.9
1370910 1888.9
1370920 1888.9
1370930 1884.5
1370940 1879.6
1370950 1879.6
1370960 1875.4
1370970 1870.9
1370980 1870.9
1370990 1867.0
1371000 1866.6
1371010 1866.6
1371020 1863.2
1371030 1855.8
1371040 1855.8
1371050 1847.0
1371060 1840.6
1371070 1840.6
1371080 1834.5
1371090 1828.0
1371100 1828.0
1371110 1823.1
1371120 1817.0
1371130 1811.2
1371140 1811.2
1371150 1809.3
1371160 1809.1
1371170 1809.1
1371180 1810.1
1371190 1811.1
1371200 1811.1
1371210 1816.8
1371220 1819.7
1371230 1819.7
1371240 1823.3
1371250 1827.3
1371260 1827.3
1371270 1831.8
1371280 1836.8
1371290 1836.8
1371300 1842.9
1371310 1850.1
1371320 1850.1
1371330 1858.6
1371340 1867.4
1371350 1867.4
1371360 1875.7
1371370 1883.4
1371380 1890.8
1371390 1890.8
1371400 1897.9
1371410 1904.7
1371420 1904.7
1371430 1911.4
1371440 1921.3
1371450 1921.3
1371460 1936.2
1371470 1951.7
1371480 1951.7
1371490 1959.4
1371500 1966.5
1371510 1966.5
1371520 1973.4
1371530 1980.3
1371540 1977.9
1371550 1988.7
1371560 2006.5
1371570 2006.5
1371580 2013.6
1371590 2019.9
1371600 2030.2
1371610 2030.2
1371620 2043.7
1371630 2058.9
1371640 2058.9
1371650 2075.9
1371660 2093.2
1371670 2093.2
1371680 2110.7
1371690 2122.1
1371700 2122.1
1371710 2128.3
1371720 2132.9
1371730 2132.9
1371740 2137.8
1371750 2143.6
1371760 2143.6
1371770 2148.7
1371780 2154.1
1371790 2154.1
1371800 2159.3
1371810 2165.3
1371820 2165.3
1371830 2171.4
1371840 2178.7
1371850 2186.9
1371860 2186.9
1371870 2194.1
1371880 2201.3
1371890 2201.3
1371900 2209.3
1371910 2217.4
1371920 2217.4
1371930 2224.9
1371940 2234.0
1371950 2234.0
1371960 2243.3
1371970 2254.2
1371980 2254.2
1371990 2268.4
1372000 2277.9
1372010 2277.9
1372020 2283.5
1372030 2287.5
1372040 2287.5
1372050 2290.7
1372060 2295.0
1372070 2303.5
1372080 2303.5
1372090 2311.5
1372100 2320.0
1372110 2320.0
1372120 2326.7
1372130 2334.5
1372140 2334.5
1372150 2341.7
1372160 2347.7
1372170 2347.7
1372180 2354.4
1372190 2360.4
1372200 2360.4
1372210 2368.3
1372220 2377.4
1372230 2377.4
1372240 2386.3
1372250 2392.6
1372260 2392.6
1372270 2397.3
1372280 2401.5
1372290 2401.5
1372300 2406.2
1372310 2411.1
1372320 2416.5
1372330 2416.5
1372340 2420.6
1372350 2424.6
1372360 2424.6
1372370 2429.5
1372380 2435.1
1372390 2435.1
1372400 2441.1
1372410 2446.9
1372420 2446.9
1372430 2452.2
1372440 2456.5
1372450 2456.5
1372460 2459.9
1372470 2463.0
1372480 2463.0
1372490 2466.7
1372500 2470.9
1372510 2470.9
1372520 2474.7
1372530 2478.1
1372540 2472.7
1372550 2472.7
1372560 2460.1
1372570 2454.1
1372580 2454.1
1372590 2452.6
1372600 2452.2
1372610 2452.2
1372620 2450.8
1372630 2450.3
1372640 2450.3
1372650 2451.5
1372660 2452.9
1372670 2446.3
1372680 2448.1
1372690 2451.1
1372700 2451.1
1372710 2452.9
1372720 2454.1
1372730 2454.1
1372740 2454.6
1372750 2454.9
1372760 2454.9
1372770 2456.1
1372780 2458.8
1372790 2462.0
1372800 2462.0
1372810 2464.4
1372820 2466.7
1372830 2466.7
1372840 2468.0
1372850 2470.4
1372860 2470.4
1372870 2471.9
1372880 2474.0
1372890 2474.0
1372900 2476.2
1372910 2478.2
1372920 2478.2
1372930 2480.9
1372940 2484.2
1372950 2484.2
1372960 2487.8
1372970 2490.7
1372980 2490.7
1372990 2493.6
1373000 2497.5
1373010 2497.5
1373020 2501.8
1373030 2506.4
1373040 2510.7
1373050 2510.7
1373060 2514.2
1373070 2516.7
1373080 2516.7
1373090 2518.8
1373100 2520.3
1373110 2520.3
1373120 2523.0
1373130 2527.1
1373140 2527.1
1373150 2531.2
1373160 2535.3
1373170 2535.3
1373180 2538.4
1373190 2538.5
1373200 2538.5
1373210 2538.0
1373220 2537.6
1373230 2537.6
1373240 2540.4
1373250 2543.8
1373260 2546.0
1373270 2546.0
1373280 2548.0
1373290 2555.0
1373300 2555.0
1373310 2557.6
1373320 2556.2
1373330 2556.2
1373340 2559.8
1373350 2562.3
1373360 2562.3
1373370 2564.4
1373380 2566.6
1373390 2566.6
1373400 2571.6
1373410 2577.2
1373420 2577.2
1373430 2583.2
1373440 2588.6
1373450 2588.6
1373460 2594.4
1373470 2600.0
1373480 2600.0
1373490 2605.5
1373500 2610.4
1373510 2615.0
1373520 2615.0
1373530 2619.5
1373540 2623.9
1373550 2623.9
1373560 2629.2
1373570 2634.0
1373580 2634.0
1373590 2638.9
1373600 2644.2
1373610 2644.2
1373620 2649.8
1373630 2654.5
1373640 2654.5
1373650 2659.8
1373660 2666.3
1373670 2666.3
1373680 2673.8
1373690 2685.2
1373700 2685.2
1373710 2697.6
1373720 2709.8
1373730 2719.8
1373740 2719.8
1373750 2727.5
1373760 2734.7
1373770 2734.7
1373780 2742.0
1373790 2748.7
1373800 2748.7
1373810 2752.1
1373820 2759.4
1373830 2759.4
1373840 2766.5
1373850 2773.7
1373860 2773.7
1373870 2780.8
1373880 2786.6
1373890 2786.6
1373900 2791.2
1373910 2794.6
1373920 2794.6
1373930 2797.5
1373940 2801.6
1373950 2801.6
1373960 2806.5
1373970 2813.3
1373980 2819.6
1373990 2819.6
1374000 2827.7
1374010 2835.1
1374020 2835.1
1374030 2841.1
1374040 2846.8
1374050 2846.8
1374060 2853.2
1374070 2859.5
1374080 2859.5
1374090 2863.5
1374100 2865.8
1374110 2865.8
1374120 2873.2
1374130 2883.7
1374140 2883.7
1374150 2894.7
1374160 2906.3
1374170 2906.3
1374180 2920.6
1374190 2934.8
1374200 2952.1
1374210 2952.1
1374220 2956.6
1374230 2948.3
1374240 2948.3
1374250 2937.3
1374260 2928.5
1374270 2928.5
1374280 2920.7
1374290 2914.0
1374300 2914.0
1374310 2906.8
1374320 2900.9
1374330 2900.9
1374340 2895.5
1374350 2888.9
1374360 2888.9
1374370 2883.4
1374380 2878.3
1374390 2878.3
1374400 2873.4
1374410 2868.5
1374420 2868.5
1374430 2863.5
1374440 2858.2
1374450 2853.7
1374460 2853.7
1374470 2849.5
1374480 2843.8
1374490 2843.8
1374500 2840.0
1374510 2838.4
1374520 2838.4
1374530 2835.4
1374540 2827.1
1374550 2827.1
1374560 2818.0
1374570 2808.5
1374580 2808.5
1374590 2799.7
1374600 2793.5
1374610 2793.5
1374620 2787.4
1374630 2781.5
1374640 2781.5
1374650 2776.9
1374660 2772.8
1374670 2769.6
1374680 2769.6
1374690 2765.9
1374700 2759.9
1374710 2759.9
1374720 2754.1
1374730 2747.6
1374740 2747.6
1374750 2742.7
1374760 2739.6
1374770 2739.6
1374780 2737.5
1374790 2735.2
1374800 2735.2
1374810 2730.8
1374820 2730.8
1374830 2730.8
1374840 2727.5
1374850 2728.7
1374860 2728.7
1374870 2717.2
1374880 2697.3
1374890 2697.3
1374900 2695.0
1374910 2693.6
1374920 2689.1
1374930 2689.1
1374940 2686.3
1374950 2686.0
1374960 2686.0
1374970 2694.7
1374980 2693.1
1374990 2693.1
1375000 2691.8
1375010 2689.9
1375020 2689.9
1375030 2679.7
1375040 2672.2
1375050 2672.2
1375060 2665.6
1375070 2659.8
1375080 2659.8
1375090 2654.2
1375100 2648.5
1375110 2648.5
1375120 2643.2
1375130 2638.0
1375140 2633.9
1375150 2633.9
1375160 2630.5
1375170 2625.9
1375180 2625.9
1375190 2619.5
1375200 2612.5
1375210 2612.5
1375220 2598.2
1375230 2588.1
1375240 2588.1
1375250 2579.9
1375260 2573.4
1375270 2573.4
1375280 2568.5
1375290 2563.1
1375300 2563.1
1375310 2557.6
1375320 2551.6
1375330 2551.6
1375340 2542.1
1375350 2533.2
1375360 2533.2
1375370 2520.7
1375380 2509.8
1375390 2503.2
1375400 2503.2
1375410 2498.9
1375420 2494.1
1375430 2494.1
1375440 2488.7
1375450 2483.6
1375460 2483.6
1375470 2479.1
1375480 2474.1
1375490 2474.1
1375500 2468.4
1375510 2463.4
1375520 2463.4
1375530 2457.5
1375540 2450.8
1375550 2450.8
1375560 2444.7
1375570 2436.7
1375580 2436.7
1375590 2428.6
1375600 2421.9
1375610 2416.5
1375620 2416.5
1375630 2413.1
1375640 2410.1
1375650 2410.1
1375660 2408.8
1375670 2407.8
1375680 2407.8
1375690 2405.3
1375700 2402.1
1375710 2402.1
1375720 2398.3
1375730 2392.6
1375740 2392.6
1375750 2385.7
1375760 2382.2
1375770 2382.2
1375780 2377.1
1375790 2371.7
1375800 2371.7
1375810 2369.1
1375820 2368.6
1375830 2368.6
1375840 2367.4
1375850 2365.5
1375860 2363.9
1375870 2363.9
1375880 2361.6
1375890 2359.2
1375900 2359.2
1375910 2357.8
1375920 2356.0
1375930 2356.0
1375940 2350.9
1375950 2344.2
1375960 2344.2
1375970 2337.3
1375980 2330.6
1375990 2330.6
1376000 2324.1
1376010 2317.6
1376020 2317.6
1376030 2311.1
1376040 2305.0
1376050 2305.0
1376060 2299.4
1376070 2293.9
1376080 2288.5
1376090 2288.5
1376100 2281.5
1376110 2274.1
1376120 2274.1
1376130 2271.7
1376140 2267.8
1376150 2267.8
1376160 2265.0
1376170 2261.4
1376180 2261.4
1376190 2257.7
1376200 2253.9
1376210 2253.9
1376220 2250.0
1376230 2245.9
1376240 2245.9
1376250 2241.9
1376260 2237.9
1376270 2237.9
1376280 2233.8
1376290 2230.1
1376300 2230.1
1376310 2226.0
1376320 2220.0
1376330 2215.1
1376340 2215.1
1376350 2213.1
1376360 2210.9
1376370 2210.9
1376380 2208.0
1376390 2204.3
1376400 2204.3
1376410 2200.3
1376420 2197.3
1376430 2197.3
1376440 2194.1
1376450 2191.1
1376460 2191.1
1376470 2188.0
1376480 2184.5
1376490 2184.5
1376500 2181.3
1376510 2176.8
1376520 2176.8
1376530 2173.3
1376540 2170.7
1376550 2166.9
1376560 2166.9
1376570 2163.4
1376580 2160.3
1376590 2160.3
1376600 2157.8
1376610 2154.1
1376620 2154.1
1376630 2150.0
1376640 2145.4
1376650 2145.4
1376660 2141.6
1376670 2138.3
1376680 2138.3
1376690 2133.6
1376700 2129.3
1376710 2129.3
1376720 2124.7
1376730 2118.8
1376740 2118.8
1376750 2113.3
1376760 2109.9
1376770 2109.9
1376780 2107.7
1376790 2105.7
1376800 2102.7
1376810 2102.7
1376820 2098.4
1376830 2095.1
1376840 2095.1
1376850 2092.5
1376860 2090.5
1376870 2090.5
1376880 2090.5
1376890 2085.8
1376900 2085.8
1376910 2078.1
1376920 2073.7
1376930 2073.7
1376940 2068.9
1376950 2057.8
1376960 2057.8
1376970 2036.4
1376980 2011.8
1376990 2011.8
1377000 1992.8
1377010 1983.1
1377020 1975.1
1377030 1975.1
1377040 1968.6
1377050 1959.6
1377060 1959.6
1377070 1942.8
1377080 1928.8
1377090 1928.8
1377100 1920.0
1377110 1913.0
1377120 1913.0
1377130 1906.2
1377140 1899.7
1377150 1899.7
1377160 1893.4
1377170 1885.4
1377180 1885.4
1377190 1874.6
1377200 1866.6
1377210 1866.6
1377220 1862.1
1377230 1856.4
1377240 1856.4
1377250 1850.1
1377260 1844.5
1377270 1839.0
1377280 1839.0
1377290 1834.2
1377300 1829.7
1377310 1832.2
1377320 1828.2
1377330 1824.1
1377340 1824.1
1377350 1820.2
1377360 1816.2
1377370 1816.2
1377380 1812.6
1377390 1809.3
1377400 1809.3
1377410 1806.3
1377420 1803.4
1377430 1803.4
1377440 1800.9
1377450 1798.6
1377460 1798.6
1377470 1797.0
1377480 1795.8
1377490 1794.2
1377500 1794.2
1377510 1793.3
1377520 1792.6
1377530 1792.6
1377540 1793.2
1377550 1792.7
1377560 1792.7
1377570 1792.9
1377580 1793.4
1377590 1793.4
1377600 1793.3
1377610 1793.3
1377620 1793.3
1377630 1793.6
1377640 1794.1
1377650 1794.1
1377660 1795.1
1377670 1796.5
1377680 1796.5
1377690 1798.6
1377700 1803.7
1377710 1803.7
1377720 1809.3
1377730 1815.4
1377740 1821.8
1377750 1821.8
1377760 1828.8
1377770 1834.6
1377780 1834.6
1377790 1841.0
1377800 1847.6
1377810 1847.6
1377820 1854.4
1377830 1861.7
1377840 1861.7
1377850 1869.0
1377860 1876.1
1377870 1876.1
1377880 1882.9
1377890 1897.5
1377900 1897.5
1377910 1926.8
1377920 1946.1
1377930 1946.1
1377940 1958.8
1377950 1971.4
1377960 1971.4
1377970 1988.8
1377980 1996.7
1377990 2003.2
1378000 2003.2
1378010 2016.3
1378020 2030.5
1378030 2030.5
1378040 2046.3
1378050 2058.7
1378060 2058.7
1378070 2070.9
1378080 2079.6
1378090 2079.6
1378100 2086.0
1378110 2091.8
1378120 2091.8
1378130 2097.0
1378140 2102.2
1378150 2102.2
1378160 2106.6
1378170 2110.5
1378180 2110.5
1378190 2114.7
1378200 2119.9
1378210 2125.9
1378220 2125.9
1378230 2130.6
1378240 2134.6
1378250 2134.6
1378260 2138.2
1378270 2141.2
1378280 2141.2
1378290 2144.0
1378300 2147.2
1378310 2147.2
1378320 2151.6
1378330 2155.8
1378340 2155.8
1378350 2159.5
1378360 2163.2
1378370 2163.2
1378380 2166.6
1378390 2170.4
1378400 2170.4
1378410 2174.3
1378420 2177.1
1378430 2177.1
1378440 2180.1
1378450 2182.8
1378460 2186.2
1378470 2186.2
1378480 2190.1
1378490 2194.0
1378500 2192.7
1378510 2197.2
1378520 2201.3
1378530 2201.3
1378540 2204.5
1378550 2207.6
1378560 2207.6
1378570 2210.4
1378580 2213.0
1378590 2213.0
1378600 2215.5
1378610 2218.6
1378620 2218.6
1378630 2222.2
1378640 2225.9
1378650 2225.9
1378660 2228.2
1378670 2231.3
1378680 2235.7
1378690 2235.7
1378700 2239.7
1378710 2244.0
1378720 2244.0
1378730 2248.3
1378740 2252.4
1378750 2252.4
1378760 2255.7
1378770 2258.3
1378780 2258.3
1378790 2261.1
1378800 2264.9
1378810 2264.9
1378820 2268.4
1378830 2271.5
1378840 2271.5
1378850 2274.6
1378860 2278.0
1378870 2278.0
1378880 2282.0
1378890 2285.6
1378900 2285.6
1378910 2288.4
1378920 2291.3
1378930 2294.4
1378940 2294.4
1378950 2298.2
1378960 2303.3
1378970 2303.3
1378980 2308.4
1378990 2312.5
1379000 2312.5
1379010 2316.6
1379020 2319.4
1379030 2319.4
1379040 2322.3
1379050 2327.2
1379060 2327.2
1379070 2331.6
1379080 2334.6
1379090 2334.6
1379100 2335.9
1379110 2337.1
1379120 2337.1
1379130 2339.2
1379140 2341.7
1379150 2344.5
1379160 2344.5
1379170 2348.5
1379180 2352.6
1379190 2352.6
1379200 2355.3
1379210 2357.1
1379220 2357.1
1379230 2359.9
1379240 2363.3
1379250 2363.3
1379260 2366.3
1379270 2369.6
1379280 2369.6
1379290 2372.8
1379300 2375.6
1379310 2375.6
1379320 2377.2
1379330 2379.3
1379340 2379.3
1379350 2381.6
1379360 2383.8
1379370 2383.8
1379380 2386.7
1379390 2390.0
1379400 2394.4
1379410 2394.4
1379420 2397.8
1379430 2400.5
1379440 2400.5
1379450 2404.0
1379460 2409.2
1379470 2409.2
1379480 2414.1
1379490 2418.9
1379500 2418.9
1379510 2423.0
1379520 2427.0
1379530 2427.0
1379540 2432.5
1379550 2438.8
1379560 2438.8
1379570 2446.2
1379580 2453.3
1379590 2453.3
1379600 2458.7
1379610 2463.2
1379620 2467.4
1379630 2467.4
1379640 2470.4
1379650 2473.4
1379660 2473.4
1379670 2477.8
1379680 2483.5
1379690 2483.5
1379700 2490.5
1379710 2494.0
1379720 2494.0
1379730 2497.7
1379740 2501.2
1379750 2501.2
1379760 2504.4
1379770 2508.0
1379780 2508.0
1379790 2511.4
1379800 2515.1
1379810 2515.1
1379820 2518.9
1379830 2522.1
1379840 2522.1
1379850 2525.4
1379860 2528.4
1379870 2530.7
1379880 2530.7
1379890 2533.5
1379900 2535.8
1379910 2535.8
1379920 2538.4
1379930 2542.3
1379940 2542.3
1379950 2545.7
1379960 2548.5
1379970 2548.5
1379980 2552.0
1379990 2554.9
