1360000 2671.7
1360010 2671.7
1360020 2664.7
1360030 2657.6
1360040 2657.6
1360050 2651.0
1360060 2644.5
1360070 2644.5
1360080 2638.0
1360090 2631.3
1360100 2631.3
1360110 2624.7
1360120 2618.2
1360130 2612.6
1360140 2612.6
1360150 2607.3
1360160 2601.7
1360170 2601.7
1360180 2596.0
1360190 2590.9
1360200 2592.9
1360210 2587.7
1360220 2582.2
1360230 2582.2
1360240 2577.0
1360250 2571.6
1360260 2571.6
1360270 2566.7
1360280 2562.0
1360290 2562.0
1360300 2557.8
1360310 2552.0
1360320 2552.0
1360330 2546.7
1360340 2542.0
1360350 2542.0
1360360 2537.5
1360370 2535.0
1360380 2533.3
1360390 2533.3
1360400 2530.2
1360410 2526.0
1360420 2526.0
1360430 2523.7
1360440 2522.7
1360450 2522.7
1360460 2521.0
1360470 2518.6
1360480 2518.6
1360490 2515.6
1360500 2513.1
1360510 2513.1
1360520 2510.3
1360530 2508.0
1360540 2508.0
1360550 2508.5
1360560 2510.7
1360570 2510.7
1360580 2512.2
1360590 2512.1
1360600 2510.8
1360610 2510.8
1360620 2507.0
1360630 2503.5
1360640 2503.5
1360650 2499.0
1360660 2493.9
1360670 2493.9
1360680 2489.9
1360690 2486.9
1360700 2486.9
1360710 2484.7
1360720 2482.2
1360730 2482.2
1360740 2479.0
1360750 2475.5
1360760 2475.5
1360770 2472.3
1360780 2470.6
1360790 2470.6
1360800 2469.4
1360810 2468.2
1360820 2468.2
1360830 2466.3
1360840 2464.4
1360850 2461.9
1360860 2461.9
1360870 2462.0
1360880 2462.1
1360890 2462.1
1360900 2461.1
1360910 2460.1
1360920 2460.1
1360930 2459.5
1360940 2459.3
1360950 2459.3
1360960 2458.3
1360970 2458.3
1360980 2458.3
1360990 2458.5
1361000 2457.9
1361010 2457.9
1361020 2457.2
1361030 2455.9
1361040 2455.9
1361050 2454.2
1361060 2452.6
1361070 2452.6
1361080 2450.7
1361090 2448.7
1361100 2446.8
1361110 2446.8
1361120 2444.1
1361130 2441.7
1361140 2441.7
1361150 2441.0
1361160 2442.2
1361170 2442.2
1361180 2444.0
1361190 2444.1
1361200 2444.1
1361210 2441.0
1361220 2441.8
1361230 2441.8
1361240 2438.2
1361250 2436.5
1361260 2436.5
1361270 2436.8
1361280 2437.2
1361290 2437.2
1361300 2437.6
1361310 2440.3
1361320 2440.5
1361330 2440.5
1361340 2440.4
1361350 2443.1
1361360 2443.1
1361370 2443.8
1361380 2443.3
1361390 2443.3
1361400 2444.5
1361410 2444.6
1361420 2444.6
1361430 2444.5
1361440 2444.8
1361450 2444.8
1361460 2445.7
1361470 2445.8
1361480 2445.8
1361490 2445.4
1361500 2445.7
1361510 2445.7
1361520 2445.6
1361530 2446.9
1361540 2446.9
1361550 2446.7
1361560 2447.1
1361570 2449.8
1361580 2449.8
1361590 2451.8
1361600 2458.7
1361610 2458.7
1361620 2463.8
1361630 2473.0
1361640 2473.0
1361650 2477.1
1361660 2480.4
1361670 2480.4
1361680 2486.1
1361690 2491.6
1361700 2491.6
1361710 2491.9
1361720 2492.7
1361730 2492.7
1361740 2495.4
1361750 2498.4
1361760 2498.4
1361770 2500.1
1361780 2499.1
1361790 2492.8
1361800 2492.8
1361810 2484.0
1361820 2474.1
1361830 2474.1
1361840 2465.6
1361850 2457.5
1361860 2457.5
1361870 2444.7
1361880 2432.7
1361890 2432.7
1361900 2425.5
1361910 2418.9
1361920 2418.9
1361930 2411.1
1361940 2404.2
1361950 2404.2
1361960 2397.3
1361970 2390.6
1361980 2390.6
1361990 2384.4
1362000 2378.6
1362010 2378.6
1362020 2372.9
1362030 2367.9
1362040 2363.2
1362050 2363.2
1362060 2358.6
1362070 2354.0
1362080 2354.0
1362090 2349.7
1362100 2346.9
1362110 2346.9
1362120 2342.6
1362130 2338.1
1362140 2338.1
1362150 2334.7
1362160 2330.6
1362170 2330.6
1362180 2326.7
1362190 2321.8
1362200 2321.8
1362210 2315.0
1362220 2308.4
1362230 2308.4
1362240 2301.7
1362250 2294.3
1362260 2291.9
1362270 2291.9
1362280 2286.0
1362290 2280.2
1362300 2280.2
1362310 2274.8
1362320 2269.3
1362330 2269.3
1362340 2263.4
1362350 2256.9
1362360 2256.9
1362370 2250.4
1362380 2244.8
1362390 2244.8
1362400 2239.6
1362410 2231.1
1362420 2231.1
1362430 2224.5
1362440 2218.5
1362450 2218.5
1362460 2211.4
1362470 2204.7
1362480 2204.7
1362490 2199.3
1362500 2193.5
1362510 2188.1
1362520 2188.1
1362530 2182.9
1362540 2179.8
1362550 2179.8
1362560 2177.8
1362570 2175.4
1362580 2175.4
1362590 2170.9
1362600 2166.7
1362610 2166.7
1362620 2163.6
1362630 2160.8
1362640 2160.8
1362650 2157.0
1362660 2154.8
1362670 2154.8
1362680 2153.6
1362690 2152.3
1362700 2152.3
1362710 2150.5
1362720 2148.4
1362730 2148.4
1362740 2145.6
1362750 2142.5
1362760 2139.2
1362770 2139.2
1362780 2134.4
1362790 2132.9
1362800 2132.9
1362810 2132.8
1362820 2132.8
1362830 2132.8
1362840 2132.8
1362850 2132.8
1362860 2132.8
1362870 2132.8
1362880 2132.8
1362890 2132.8
1362900 2132.9
1362910 2134.3
1362920 2134.3
1362930 2137.9
1362940 2143.3
1362950 2143.3
1362960 2148.9
1362970 2153.2
1362980 2156.9
1362990 2156.9
1363000 2162.2
1363010 2168.3
1363020 2168.3
1363030 2174.1
1363040 2179.4
1363050 2179.4
1363060 2183.4
1363070 2186.8
1363080 2186.8
1363090 2189.3
1363100 2191.4
1363110 2191.4
1363120 2193.7
1363130 2195.3
1363140 2195.3
1363150 2195.8
1363160 2194.6
1363170 2194.6
1363180 2192.3
1363190 2189.7
1363200 2189.7
1363210 2187.7
1363220 2185.9
1363230 2184.9
1363240 2184.9
1363250 2184.2
1363260 2182.4
1363270 2182.4
1363280 2179.4
1363290 2176.4
1363300 2180.6
1363310 2176.5
1363320 2171.4
1363330 2171.4
1363340 2165.8
1363350 2161.6
1363360 2161.6
1363370 2158.0
1363380 2154.9
1363390 2154.9
1363400 2153.0
1363410 2150.9
1363420 2150.9
1363430 2149.1
1363440 2147.7
1363450 2147.2
1363460 2147.2
1363470 2146.7
1363480 2146.8
1363490 2146.8
1363500 2146.9
1363510 2147.7
1363520 2147.7
1363530 2150.5
1363540 2152.1
1363550 2152.1
1363560 2153.6
1363570 2156.5
1363580 2156.5
1363590 2163.9
1363600 2169.8
1363610 2169.8
1363620 2174.0
1363630 2177.9
1363640 2177.9
1363650 2178.4
1363660 2172.9
1363670 2172.9
1363680 2165.0
1363690 2157.0
1363700 2148.3
1363710 2148.3
1363720 2140.2
1363730 2132.7
1363740 2132.7
1363750 2125.9
1363760 2118.4
1363770 2118.4
1363780 2111.4
1363790 2104.6
1363800 2104.6
1363810 2096.4
1363820 2086.9
1363830 2086.9
1363840 2077.7
1363850 2069.0
1363860 2069.0
1363870 2060.2
1363880 2051.5
1363890 2051.5
1363900 2042.2
1363910 2033.4
1363920 2025.5
1363930 2025.5
1363940 2017.9
1363950 2010.1
1363960 2010.1
1363970 2001.6
1363980 1991.6
1363990 1991.6
1364000 1979.9
1364010 1969.0
1364020 1969.0
1364030 1957.0
1364040 1942.7
1364050 1942.7
1364060 1926.5
1364070 1916.1
1364080 1916.1
1364090 1902.1
1364100 1888.0
1364110 1888.0
1364120 1876.9
1364130 1865.9
1364140 1865.9
1364150 1856.7
1364160 1849.4
1364170 1842.1
1364180 1842.1
1364190 1831.5
1364200 1816.0
1364210 1816.0
1364220 1816.8
1364230 1827.2
1364240 1827.2
1364250 1831.2
1364260 1820.5
1364270 1820.5
1364280 1807.0
1364290 1793.1
1364300 1793.1
1364310 1789.6
1364320 1794.6
1364330 1794.6
1364340 1796.2
1364350 1798.1
1364360 1798.1
1364370 1787.8
1364380 1778.8
1364390 1778.8
1364400 1771.1
1364410 1765.3
1364420 1760.2
1364430 1760.2
1364440 1754.8
1364450 1750.0
1364460 1750.0
1364470 1745.2
1364480 1743.1
1364490 1743.1
1364500 1739.1
1364510 1728.0
1364520 1728.0
1364530 1718.4
1364540 1712.1
1364550 1712.1
1364560 1705.0
1364570 1697.9
1364580 1697.9
1364590 1688.9
1364600 1681.9
1364610 1681.9
1364620 1676.7
1364630 1671.9
1364640 1668.3
1364650 1668.3
1364660 1663.8
1364670 1654.3
1364680 1654.3
1364690 1643.9
1364700 1635.7
1364710 1635.7
1364720 1628.7
1364730 1621.4
1364740 1621.4
1364750 1614.3
1364760 1606.7
1364770 1606.7
1364780 1599.6
1364790 1594.0
1364800 1594.0
1364810 1589.6
1364820 1585.7
1364830 1585.7
1364840 1583.1
1364850 1581.3
1364860 1581.3
1364870 1578.7
1364880 1575.7
1364890 1573.6
1364900 1573.6
1364910 1570.6
1364920 1567.0
1364930 1567.0
1364940 1564.4
1364950 1562.2
1364960 1562.2
1364970 1560.2
1364980 1557.9
1364990 1557.9
1365000 1555.4
1365010 1552.3
1365020 1552.3
1365030 1550.3
1365040 1550.4
1365050 1550.4
1365060 1550.0
1365070 1550.0
1365080 1550.0
1365090 1550.3
1365100 1552.5
1365110 1555.4
1365120 1555.4
1365130 1557.5
1365140 1559.0
1365150 1559.0
1365160 1560.5
1365170 1562.4
1365180 1562.4
1365190 1564.0
1365200 1565.8
1365210 1565.8
1365220 1567.9
1365230 1570.0
1365240 1570.0
1365250 1572.6
1365260 1575.0
1365270 1575.0
1365280 1577.8
1365290 1580.7
1365300 1580.7
1365310 1583.8
1365320 1587.2
1365330 1587.2
1365340 1590.3
1365350 1593.7
1365360 1597.6
1365370 1597.6
1365380 1600.5
1365390 1603.9
1365400 1603.9
1365410 1607.8
1365420 1610.6
1365430 1610.6
1365440 1615.4
1365450 1620.3
1365460 1620.3
1365470 1625.7
1365480 1631.0
1365490 1631.0
1365500 1635.7
1365510 1640.4
1365520 1640.4
1365530 1645.7
1365540 1650.9
1365550 1650.9
1365560 1657.0
1365570 1661.9
1365580 1666.6
1365590 1666.6
1365600 1671.8
1365610 1677.7
1365620 1677.7
1365630 1682.9
1365640 1688.1
1365650 1688.1
1365660 1693.9
1365670 1699.5
1365680 1699.5
1365690 1705.2
1365700 1711.4
1365710 1711.4
1365720 1717.3
1365730 1723.2
1365740 1723.2
1365750 1729.4
1365760 1736.0
1365770 1736.0
1365780 1742.5
1365790 1749.1
1365800 1749.1
1365810 1755.8
1365820 1765.0
1365830 1774.2
1365840 1774.2
1365850 1783.6
1365860 1790.4
1365870 1790.4
1365880 1799.3
1365890 1804.1
1365900 1804.1
1365910 1810.8
1365920 1823.3
1365930 1823.3
1365940 1832.8
1365950 1840.1
1365960 1840.1
1365970 1847.2
1365980 1854.3
1365990 1854.3
1366000 1862.0
1366010 1872.8
1366020 1872.8
1366030 1883.3
1366040 1892.4
1366050 1892.4
1366060 1897.8
1366070 1904.2
1366080 1912.4
1366090 1912.4
1366100 1921.4
1366110 1924.7
1366120 1924.7
1366130 1932.3
1366140 1939.7
1366150 1939.7
1366160 1946.9
1366170 1957.3
1366180 1957.3
1366190 1966.5
1366200 1974.3
1366210 1974.3
1366220 1985.6
1366230 1996.8
1366240 1996.8
1366250 2007.5
1366260 2015.8
1366270 2015.8
1366280 2021.1
1366290 2029.2
1366300 2035.4
1366310 2035.4
1366320 2040.9
1366330 2042.9
1366340 2042.9
1366350 2048.1
1366360 2058.9
1366370 2058.9
1366380 2074.6
1366390 2098.2
1366400 2098.2
1366410 2120.6
1366420 2134.9
1366430 2134.9
1366440 2148.8
1366450 2156.8
1366460 2156.8
1366470 2154.1
1366480 2160.8
1366490 2141.9
1366500 2140.9
1366510 2138.4
1366520 2138.4
1366530 2136.8
1366540 2147.0
1366550 2156.5
1366560 2156.5
1366570 2159.1
1366580 2155.3
1366590 2155.3
1366600 2149.8
1366610 2146.1
1366620 2146.1
1366630 2145.5
1366640 2147.6
1366650 2147.6
1366660 2155.2
1366670 2167.2
1366680 2167.2
1366690 2180.9
1366700 2192.3
1366710 2192.3
1366720 2202.4
1366730 2212.7
1366740 2212.7
1366750 2223.8
1366760 2237.6
1366770 2246.2
1366780 2246.2
1366790 2258.0
1366800 2271.6
1366810 2271.6
1366820 2284.0
1366830 2295.5
1366840 2295.5
1366850 2304.7
1366860 2313.9
1366870 2313.9
1366880 2321.9
1366890 2328.0
1366900 2328.0
1366910 2334.2
1366920 2340.5
1366930 2340.5
1366940 2347.1
1366950 2353.2
1366960 2353.2
1366970 2360.3
1366980 2367.1
1366990 2367.1
1367000 2373.8
1367010 2380.2
1367020 2387.2
1367030 2387.2
1367040 2394.7
1367050 2402.5
1367060 2402.5
1367070 2410.7
1367080 2418.8
1367090 2418.8
1367100 2426.6
1367110 2433.9
1367120 2433.9
1367130 2441.7
1367140 2449.8
1367150 2449.8
1367160 2457.4
1367170 2464.8
1367180 2464.8
1367190 2472.2
1367200 2479.7
1367210 2479.7
1367220 2487.0
1367230 2494.5
1367240 2494.5
1367250 2502.4
1367260 2510.6
1367270 2519.0
1367280 2519.0
1367290 2526.9
1367300 2534.6
1367310 2534.6
1367320 2542.3
1367330 2550.0
1367340 2550.0
1367350 2558.7
1367360 2570.6
1367370 2570.6
1367380 2585.5
1367390 2598.7
1367400 2598.7
1367410 2609.9
1367420 2614.5
1367430 2614.5
1367440 2622.5
1367450 2634.0
1367460 2634.0
1367470 2630.0
1367480 2614.4
1367490 2596.1
1367500 2596.1
1367510 2584.9
1367520 2577.8
1367530 2577.8
1367540 2570.8
1367550 2564.4
1367560 2564.4
1367570 2561.8
1367580 2556.3
1367590 2556.3
1367600 2551.1
1367610 2546.8
1367620 2546.8
1367630 2543.6
1367640 2539.7
1367650 2539.7
1367660 2536.2
1367670 2533.7
1367680 2533.7
1367690 2531.9
1367700 2526.5
1367710 2526.5
1367720 2524.3
1367730 2520.5
1367740 2519.1
1367750 2519.1
1367760 2517.4
1367770 2517.6
1367780 2517.6
1367790 2518.9
1367800 2519.8
1367810 2519.8
1367820 2519.9
1367830 2521.0
1367840 2521.0
1367850 2521.0
1367860 2522.1
1367870 2522.1
1367880 2524.4
1367890 2528.9
1367900 2528.9
1367910 2530.8
1367920 2528.8
1367930 2528.8
1367940 2528.6
1367950 2526.5
1367960 2516.8
1367970 2516.8
1367980 2504.1
1367990 2492.6
1368000 2492.6
1368010 2481.2
1368020 2468.9
1368030 2468.9
1368040 2458.7
1368050 2446.6
1368060 2446.6
1368070 2432.1
1368080 2424.0
1368090 2424.0
1368100 2417.3
1368110 2410.0
1368120 2410.0
1368130 2402.6
1368140 2395.5
1368150 2395.5
1368160 2388.8
1368170 2381.9
1368180 2381.9
1368190 2375.2
1368200 2367.9
1368210 2360.4
1368220 2360.4
1368230 2353.2
1368240 2346.0
1368250 2346.0
1368260 2339.4
1368270 2333.6
1368280 2333.6
1368290 2328.3
1368300 2324.2
1368310 2324.2
1368320 2320.2
1368330 2316.4
1368340 2316.4
1368350 2311.6
1368360 2304.8
1368370 2304.8
1368380 2301.0
1368390 2299.6
1368400 2299.6
1368410 2291.7
1368420 2286.5
1368430 2284.8
1368440 2284.8
1368450 2282.6
1368460 2280.2
1368470 2280.2
1368480 2276.8
1368490 2274.1
1368500 2274.1
1368510 2272.5
1368520 2270.8
1368530 2270.8
1368540 2268.8
1368550 2267.7
1368560 2267.7
1368570 2265.9
1368580 2267.5
1368590 2267.5
1368600 2272.8
1368610 2279.6
1368620 2279.6
1368630 2280.6
1368640 2280.2
1368650 2280.2
1368660 2289.5
1368670 2289.3
1368680 2287.2
1368690 2287.2
1368700 2284.7
1368710 2282.9
1368720 2282.9
1368730 2281.6
1368740 2281.5
1368750 2281.5
1368760 2282.2
1368770 2290.0
1368780 2290.0
1368790 2297.6
1368800 2299.5
1368810 2299.5
1368820 2302.0
1368830 2304.9
1368840 2304.9
1368850 2308.6
1368860 2311.1
1368870 2311.1
1368880 2310.7
1368890 2306.9
1368900 2303.8
1368910 2303.8
1368920 2300.9
1368930 2295.2
1368940 2295.2
1368950 2289.7
1368960 2288.2
1368970 2288.2
1368980 2289.3
1368990 2289.8
1369000 2289.8
1369010 2287.1
1369020 2283.4
1369030 2283.4
1369040 2278.9
1369050 2274.5
1369060 2274.5
1369070 2270.2
1369080 2265.1
1369090 2265.1
1369100 2259.5
1369110 2252.8
1369120 2252.8
1369130 2245.6
1369140 2237.8
1369150 2230.5
1369160 2230.5
1369170 2223.5
1369180 2217.5
1369190 2217.5
1369200 2213.4
1369210 2209.5
1369220 2209.5
1369230 2205.1
1369240 2200.7
1369250 2200.7
1369260 2197.1
1369270 2193.2
1369280 2193.2
1369290 2189.0
1369300 2185.3
1369310 2185.3
1369320 2181.6
1369330 2178.4
1369340 2178.4
1369350 2173.2
1369360 2167.2
1369370 2167.2
1369380 2161.2
1369390 2153.9
1369400 2146.1
1369410 2146.1
1369420 2138.3
1369430 2130.8
1369440 2130.8
1369450 2123.0
1369460 2114.7
1369470 2114.7
1369480 2108.1
1369490 2102.8
1369500 2102.8
1369510 2096.2
1369520 2090.4
1369530 2090.4
1369540 2085.9
1369550 2080.6
1369560 2080.6
1369570 2075.9
1369580 2070.4
1369590 2070.4
1369600 2065.0
1369610 2060.0
1369620 2054.7
1369630 2054.7
1369640 2049.5
1369650 2044.3
1369660 2044.3
1369670 2038.8
1369680 2033.1
1369690 2033.1
1369700 2025.9
1369710 2015.1
1369720 2015.1
1369730 2004.7
1369740 1996.2
1369750 1996.2
1369760 1987.5
1369770 1981.8
1369780 1981.8
1369790 1976.4
1369800 1968.6
1369810 1968.6
1369820 1959.4
1369830 1950.9
1369840 1950.9
1369850 1942.0
1369860 1934.6
1369870 1928.7
1369880 1928.7
1369890 1922.1
1369900 1915.0
1369910 1915.0
1369920 1908.0
1369930 1900.1
1369940 1900.1
1369950 1894.1
1369960 1888.3
1369970 1888.3
1369980 1881.3
1369990 1875.9
1370000 1875.9
1370010 1872.4
1370020 1868.2
1370030 1868.2
1370040 1864.3
1370050 1860.6
1370060 1860.6
1370070 1858.2
1370080 1855.6
1370090 1851.2
1370100 1851.2
1370110 1847.6
1370120 1843.9
1370130 1843.9
1370140 1840.5
1370150 1838.3
1370160 1838.3
1370170 1835.1
1370180 1830.9
1370190 1830.9
1370200 1826.9
1370210 1820.8
1370220 1820.8
1370230 1811.6
1370240 1802.5
1370250 1802.5
1370260 1796.8
1370270 1788.8
1370280 1788.8
1370290 1780.1
1370300 1771.8
1370310 1771.8
1370320 1764.7
1370330 1757.6
1370340 1749.4
1370350 1749.4
1370360 1741.8
1370370 1734.9
1370380 1734.9
1370390 1728.5
1370400 1724.1
1370410 1724.1
1370420 1719.4
1370430 1716.4
1370440 1716.4
1370450 1710.5
1370460 1704.3
1370470 1704.3
1370480 1696.4
1370490 1688.4
1370500 1688.4
1370510 1684.9
1370520 1683.7
1370530 1683.7
1370540 1681.2
1370550 1678.0
1370560 1674.5
1370570 1674.5
1370580 1671.3
1370590 1668.2
1370600 1668.2
1370610 1665.4
1370620 1661.5
1370630 1661.5
1370640 1661.8
1370650 1661.5
1370660 1661.5
1370670 1662.6
1370680 1663.0
1370690 1663.0
1370700 1663.5
1370710 1664.4
1370720 1664.4
1370730 1665.2
1370740 1666.9
1370750 1666.9
1370760 1669.0
1370770 1670.4
1370780 1670.4
1370790 1671.5
1370800 1672.5
1370810 1674.0
1370820 1674.0
1370830 1676.1
1370840 1679.2
1370850 1679.2
1370860 1682.2
1370870 1686.4
1370880 1686.4
1370890 1689.4
1370900 1692.7
1370910 1692.7
1370920 1695.8
1370930 1698.7
1370940 1698.7
1370950 1701.2
1370960 1705.7
1370970 1705.7
1370980 1712.0
1370990 1717.7
1371000 1717.7
1371010 1725.1
1371020 1731.3
1371030 1731.3
1371040 1739.0
1371050 1745.0
1371060 1750.8
1371070 1750.8
1371080 1756.8
1371090 1763.2
1371100 1763.2
1371110 1769.6
1371120 1776.2
1371130 1776.2
1371140 1782.6
1371150 1790.0
1371160 1790.0
1371170 1819.7
1371180 1841.9
1371190 1841.9
1371200 1851.2
1371210 1865.6
1371220 1865.6
1371230 1876.5
1371240 1884.7
1371250 1884.7
1371260 1897.2
1371270 1917.7
1371280 1962.5
1371290 1962.5
1371300 1986.9
1371310 2022.4
1371320 2022.4
1371330 2032.1
1371340 2039.9
1371350 2039.9
1371360 2046.3
1371370 2052.1
1371380 2052.1
1371390 2058.0
1371400 2063.5
1371410 2063.5
1371420 2070.3
1371430 2077.1
1371440 2077.1
1371450 2083.6
1371460 2089.7
1371470 2089.7
1371480 2096.5
1371490 2103.2
1371500 2103.2
1371510 2109.8
1371520 2117.0
1371530 2125.8
1371540 2125.8
1371550 2138.3
1371560 2149.4
1371570 2149.4
1371580 2168.8
1371590 2178.9
1371600 2178.9
1371610 2187.7
1371620 2195.9
1371630 2195.9
1371640 2204.4
1371650 2213.6
1371660 2213.6
1371670 2222.1
1371680 2232.6
1371690 2232.6
1371700 2244.6
1371710 2260.0
1371720 2260.0
1371730 2276.7
1371740 2289.8
1371750 2306.9
1371760 2306.9
1371770 2310.6
1371780 2309.1
1371790 2309.1
1371800 2306.1
1371810 2301.4
1371820 2301.4
1371830 2308.1
1371840 2311.8
1371850 2311.8
1371860 2316.8
1371870 2321.5
1371880 2321.5
1371890 2322.0
1371900 2320.6
1371910 2320.6
1371920 2320.9
1371930 2317.5
1371940 2317.5
1371950 2333.6
1371960 2331.6
1371970 2331.6
1371980 2323.0
1371990 2293.0
1372000 2302.5
1372010 2302.5
1372020 2315.5
1372030 2326.9
1372040 2326.9
1372050 2340.5
1372060 2352.1
1372070 2352.1
1372080 2360.9
1372090 2379.4
1372100 2379.4
1372110 2394.2
1372120 2405.3
1372130 2405.3
1372140 2421.1
1372150 2447.7
1372160 2447.7
1372170 2461.4
1372180 2470.4
1372190 2470.4
1372200 2478.7
1372210 2488.5
1372220 2497.8
1372230 2497.8
1372240 2506.0
1372250 2514.3
1372260 2514.3
1372270 2525.1
1372280 2532.8
1372290 2532.8
1372300 2537.9
1372310 2541.8
1372320 2541.8
1372330 2545.1
1372340 2546.6
1372350 2546.6
1372360 2549.8
1372370 2550.3
1372380 2550.3
1372390 2551.6
1372400 2554.4
1372410 2554.4
1372420 2557.8
1372430 2561.3
1372440 2561.3
1372450 2565.7
1372460 2571.2
1372470 2577.2
1372480 2577.2
1372490 2582.9
1372500 2588.7
1372510 2588.7
1372520 2594.9
1372530 2604.2
1372540 2604.2
1372550 2613.9
1372560 2623.0
1372570 2623.0
1372580 2630.9
1372590 2639.3
1372600 2639.3
1372610 2648.0
1372620 2657.0
1372630 2657.0
1372640 2666.1
1372650 2675.2
1372660 2675.2
1372670 2684.1
1372680 2693.2
1372690 2693.2
1372700 2702.4
1372710 2711.1
1372720 2718.2
1372730 2718.2
1372740 2724.1
1372750 2729.7
1372760 2729.7
1372770 2728.4
1372780 2711.9
1372790 2711.9
1372800 2707.0
1372810 2704.6
1372820 2704.6
1372830 2705.3
1372840 2706.8
1372850 2706.8
1372860 2706.9
1372870 2704.5
1372880 2704.5
1372890 2704.9
1372900 2704.7
1372910 2704.7
1372920 2705.1
1372930 2703.3
1372940 2697.6
1372950 2697.6
1372960 2695.8
1372970 2694.9
1372980 2694.9
1372990 2689.7
1373000 2686.7
1373010 2686.7
1373020 2686.0
1373030 2684.2
1373040 2684.2
1373050 2673.5
1373060 2660.7
1373070 2660.7
1373080 2652.1
1373090 2648.9
1373100 2648.9
1373110 2645.2
1373120 2643.6
1373130 2653.2
1373140 2651.8
1373150 2649.6
1373160 2649.6
1373170 2647.8
1373180 2646.5
1373190 2646.7
1373200 2646.7
1373210 2646.6
1373220 2646.4
1373230 2646.4
1373240 2646.1
1373250 2648.0
1373260 2648.0
1373270 2646.8
1373280 2650.0
1373290 2650.0
1373300 2649.9
1373310 2648.4
1373320 2648.4
1373330 2649.2
1373340 2645.2
1373350 2645.2
1373360 2647.7
1373370 2650.4
1373380 2650.4
1373390 2655.2
1373400 2661.7
1373410 2663.0
1373420 2663.0
1373430 2661.4
1373440 2659.6
1373450 2659.6
1373460 2658.8
1373470 2663.5
1373480 2663.5
1373490 2662.9
1373500 2660.7
1373510 2660.7
1373520 2661.9
1373530 2666.8
1373540 2666.8
1373550 2667.5
1373560 2667.8
1373570 2667.8
1373580 2669.7
1373590 2674.5
1373600 2674.5
1373610 2679.1
1373620 2682.2
1373630 2682.2
1373640 2683.3
1373650 2690.6
1373660 2696.9
1373670 2696.9
1373680 2702.0
1373690 2702.8
1373700 2702.8
1373710 2697.5
1373720 2689.4
1373730 2689.4
1373740 2681.3
1373750 2672.1
1373760 2672.1
1373770 2657.4
1373780 2649.5
1373790 2649.5
1373800 2638.1
1373810 2634.1
1373820 2634.1
1373830 2630.5
1373840 2627.2
1373850 2627.2
1373860 2625.5
1373870 2624.1
1373880 2623.0
1373890 2623.0
1373900 2621.7
1373910 2619.6
1373920 2619.6
1373930 2618.2
1373940 2617.9
1373950 2617.9
1373960 2616.4
1373970 2616.0
1373980 2616.0
1373990 2616.0
1374000 2619.3
1374010 2619.3
1374020 2622.3
1374030 2622.3
1374040 2622.3
1374050 2619.6
1374060 2617.3
1374070 2617.3
1374080 2617.4
1374090 2616.9
1374100 2616.9
1374110 2615.8
1374120 2615.7
1374130 2615.9
1374140 2615.9
1374150 2617.5
1374160 2625.1
1374170 2625.1
1374180 2638.2
1374190 2647.5
1374200 2647.5
1374210 2654.2
1374220 2658.0
1374230 2658.0
1374240 2660.5
1374250 2658.1
1374260 2658.1
1374270 2660.4
1374280 2658.3
1374290 2658.3
1374300 2656.6
1374310 2655.7
1374320 2655.7
1374330 2656.4
1374340 2657.2
1374350 2657.2
1374360 2658.7
1374370 2661.4
1374380 2666.3
1374390 2666.3
1374400 2670.8
1374410 2658.1
1374420 2658.1
1374430 2634.6
1374440 2614.3
1374450 2614.3
1374460 2593.0
1374470 2570.8
1374480 2570.8
1374490 2554.8
1374500 2543.8
1374510 2543.8
1374520 2537.5
1374530 2535.4
1374540 2535.4
1374550 2532.7
1374560 2529.5
1374570 2529.5
1374580 2526.5
1374590 2524.5
1374600 2522.7
1374610 2522.7
1374620 2520.5
1374630 2518.2
1374640 2518.2
1374650 2514.4
1374660 2509.9
1374670 2509.9
1374680 2505.2
1374690 2500.9
1374700 2500.9
1374710 2497.7
1374720 2495.7
1374730 2495.7
1374740 2494.0
1374750 2491.3
1374760 2491.3
1374770 2487.1
1374780 2481.7
1374790 2481.7
1374800 2475.2
1374810 2468.6
1374820 2468.6
1374830 2462.0
1374840 2456.9
1374850 2454.2
1374860 2454.2
1374870 2448.3
1374880 2442.0
1374890 2442.0
1374900 2437.1
1374910 2436.6
1374920 2436.6
1374930 2434.9
1374940 2420.3
1374950 2420.3
1374960 2402.2
1374970 2386.9
1374980 2386.9
1374990 2374.6
1375000 2362.8
1375010 2362.8
1375020 2354.5
1375030 2347.0
1375040 2347.0
1375050 2342.4
1375060 2337.1
1375070 2331.9
1375080 2331.9
1375090 2326.7
1375100 2321.6
1375110 2321.6
1375120 2316.5
1375130 2311.2
1375140 2311.2
1375150 2306.0
1375160 2301.1
1375170 2301.1
1375180 2296.6
1375190 2292.0
1375200 2292.0
1375210 2288.4
1375220 2286.0
1375230 2286.0
1375240 2284.4
1375250 2280.7
1375260 2280.7
1375270 2272.7
1375280 2267.0
1375290 2267.0
1375300 2261.8
1375310 2256.7
1375320 2249.1
1375330 2249.1
1375340 2241.9
1375350 2236.3
1375360 2236.3
1375370 2231.5
1375380 2227.0
1375390 2227.0
1375400 2222.6
1375410 2218.6
1375420 2218.6
1375430 2219.2
1375440 2216.7
1375450 2216.7
1375460 2213.9
1375470 2211.1
1375480 2211.1
1375490 2208.4
1375500 2205.6
1375510 2205.6
1375520 2202.4
1375530 2199.4
1375540 2196.4
1375550 2196.4
1375560 2193.4
1375570 2190.4
1375580 2190.4
1375590 2187.4
1375600 2184.4
1375610 2184.4
1375620 2181.7
1375630 2179.0
1375640 2179.0
1375650 2176.2
1375660 2173.7
1375670 2173.7
1375680 2171.1
1375690 2168.2
1375700 2168.2
1375710 2165.1
1375720 2160.7
1375730 2160.7
1375740 2155.3
1375750 2150.2
1375760 2150.2
1375770 2147.3
1375780 2148.7
1375790 2148.2
1375800 2148.2
1375810 2146.2
1375820 2143.9
1375830 2143.9
1375840 2140.3
1375850 2136.8
1375860 2136.8
1375870 2133.4
1375880 2130.0
1375890 2130.0
1375900 2127.1
1375910 2124.5
1375920 2124.5
1375930 2121.7
1375940 2118.7
1375950 2118.7
1375960 2115.7
1375970 2113.6
1375980 2113.6
1375990 2112.3
1376000 2109.6
1376010 2109.6
1376020 2106.2
1376030 2102.1
1376040 2097.3
1376050 2097.3
1376060 2091.0
1376070 2084.3
1376080 2084.3
1376090 2079.5
1376100 2076.9
1376110 2076.9
1376120 2074.1
1376130 2071.1
1376140 2071.1
1376150 2067.5
1376160 2063.2
1376170 2063.2
1376180 2058.9
1376190 2055.2
1376200 2055.2
1376210 2052.8
1376220 2051.2
1376230 2051.2
1376240 2048.8
1376250 2044.7
1376260 2040.2
1376270 2040.2
1376280 2035.8
1376290 2031.0
1376300 2031.0
1376310 2025.7
1376320 2020.0
1376330 2020.0
1376340 2014.6
1376350 2010.0
1376360 2010.0
1376370 2006.4
1376380 2004.0
1376390 2004.0
1376400 2001.2
1376410 1998.0
1376420 1998.0
1376430 1995.3
1376440 1991.3
1376450 1991.3
1376460 1987.8
1376470 1984.4
1376480 1984.4
1376490 1981.7
1376500 1979.4
1376510 1975.8
1376520 1975.8
1376530 1971.9
1376540 1967.3
1376550 1967.3
1376560 1952.0
1376570 1925.1
1376580 1925.1
1376590 1903.9
1376600 1912.5
1376610 1912.5
1376620 1922.8
1376630 1922.3
1376640 1922.3
1376650 1912.8
1376660 1904.9
1376670 1904.9
1376680 1896.1
1376690 1888.0
1376700 1888.0
1376710 1883.7
1376720 1883.2
1376730 1878.2
1376740 1878.2
1376750 1871.7
1376760 1865.4
1376770 1865.4
1376780 1859.1
1376790 1856.5
1376800 1856.5
1376810 1850.5
1376820 1848.3
1376830 1848.3
1376840 1842.1
1376850 1825.7
1376860 1825.7
1376870 1814.8
1376880 1803.5
1376890 1803.5
1376900 1788.4
1376910 1776.5
1376920 1776.5
1376930 1766.6
1376940 1757.7
1376950 1757.7
1376960 1755.9
1376970 1751.9
1376980 1744.1
1376990 1744.1
1377000 1735.3
1377010 1726.2
1377020 1726.2
1377030 1721.8
1377040 1716.2
1377050 1716.2
1377060 1708.4
1377070 1703.0
1377080 1703.0
1377090 1698.1
1377100 1694.0
1377110 1694.0
1377120 1689.9
1377130 1688.2
1377140 1688.2
1377150 1688.4
1377160 1689.0
1377170 1689.0
1377180 1690.1
1377190 1690.4
1377200 1691.3
1377210 1691.3
1377220 1691.3
1377230 1690.6
1377240 1690.6
1377250 1690.3
1377260 1691.4
1377270 1691.4
1377280 1694.8
1377290 1697.4
1377300 1697.4
1377310 1699.6
1377320 1702.0
1377330 1702.0
1377340 1704.8
1377350 1708.0
1377360 1708.0
1377370 1712.0
1377380 1716.7
1377390 1716.7
1377400 1722.0
1377410 1727.8
1377420 1727.8
1377430 1733.4
1377440 1739.4
1377450 1745.1
1377460 1745.1
1377470 1751.0
1377480 1757.1
1377490 1757.1
1377500 1763.2
1377510 1769.4
1377520 1769.4
1377530 1775.4
1377540 1781.3
1377550 1781.3
1377560 1786.8
1377570 1794.2
1377580 1794.2
1377590 1809.7
1377600 1826.8
1377610 1826.8
1377620 1836.3
1377630 1845.6
1377640 1845.6
1377650 1852.5
1377660 1857.5
1377670 1863.9
1377680 1863.9
1377690 1874.9
1377700 1892.2
1377710 1892.2
1377720 1917.6
1377730 1938.5
1377740 1938.5
1377750 1944.8
1377760 1951.5
1377770 1951.5
1377780 1967.1
1377790 1978.6
1377800 1978.6
1377810 1990.3
1377820 2000.5
1377830 2000.5
1377840 2008.9
1377850 2020.0
1377860 2020.0
1377870 2038.9
1377880 2052.8
1377890 2052.8
1377900 2060.2
1377910 2066.0
1377920 2070.6
1377930 2070.6
1377940 2075.1
1377950 2079.4
1377960 2079.4
1377970 2084.6
1377980 2089.7
1377990 2089.7
1378000 2094.4
1378010 2098.8
1378020 2098.8
1378030 2103.0
1378040 2106.7
1378050 2106.7
1378060 2111.4
1378070 2116.6
1378080 2116.6
1378090 2120.9
1378100 2124.5
1378110 2124.5
1378120 2127.9
1378130 2130.9
1378140 2130.9
1378150 2133.8
1378160 2136.6
1378170 2140.2
1378180 2140.2
1378190 2143.6
1378200 2146.5
1378210 2146.5
1378220 2149.3
1378230 2152.2
1378240 2152.2
1378250 2154.6
1378260 2156.3
1378270 2156.3
1378280 2157.7
1378290 2160.0
1378300 2160.0
1378310 2162.6
1378320 2165.4
1378330 2165.4
1378340 2168.9
1378350 2173.3
1378360 2173.3
1378370 2177.6
1378380 2181.8
1378390 2185.6
1378400 2185.6
1378410 2188.8
1378420 2192.2
1378430 2192.2
1378440 2195.7
1378450 2198.8
1378460 2198.8
1378470 2202.3
1378480 2206.4
1378490 2206.4
1378500 2210.1
1378510 2212.8
1378520 2212.8
1378530 2215.3
1378540 2218.1
1378550 2218.1
1378560 2221.2
1378570 2224.3
1378580 2224.3
1378590 2227.2
1378600 2230.9
1378610 2230.9
1378620 2235.7
1378630 2239.8
1378640 2243.3
1378650 2243.3
1378660 2246.6
1378670 2250.4
1378680 2250.4
1378690 2253.3
1378700 2256.8
1378710 2256.8
1378720 2260.9
1378730 2264.9
1378740 2264.9
1378750 2269.6
1378760 2275.4
1378770 2275.4
1378780 2281.5
1378790 2287.6
1378800 2287.6
1378810 2292.8
1378820 2296.7
1378830 2296.7
1378840 2299.1
1378850 2301.1
1378860 2302.8
1378870 2302.8
1378880 2305.8
1378890 2309.9
1378900 2309.9
1378910 2314.5
1378920 2318.8
1378930 2318.8
1378940 2322.5
1378950 2324.9
1378960 2324.9
1378970 2328.0
1378980 2328.2
1378990 2328.2
1379000 2332.1
1379010 2335.0
1379020 2335.0
1379030 2337.5
1379040 2340.2
1379050 2340.2
1379060 2344.4
1379070 2348.8
1379080 2348.8
1379090 2352.7
1379100 2356.2
1379110 2359.8
1379120 2359.8
1379130 2362.9
1379140 2368.3
1379150 2368.3
1379160 2373.9
1379170 2377.8
1379180 2377.8
1379190 2381.2
1379200 2383.6
1379210 2383.6
1379220 2385.1
1379230 2387.5
1379240 2387.5
1379250 2389.3
1379260 2391.7
1379270 2391.7
1379280 2394.7
1379290 2397.9
1379300 2397.9
1379310 2402.5
1379320 2406.1
1379330 2409.8
1379340 2409.8
1379350 2414.1
1379360 2418.3
1379370 2418.3
1379380 2423.2
1379390 2428.0
1379400 2428.0
1379410 2432.9
1379420 2437.9
1379430 2437.9
1379440 2443.9
1379450 2449.5
1379460 2449.5
1379470 2455.1
1379480 2461.4
1379490 2461.4
1379500 2467.4
1379510 2473.6
1379520 2473.6
1379530 2480.4
1379540 2487.5
1379550 2487.5
1379560 2495.5
1379570 2504.0
1379580 2511.3
1379590 2511.3
1379600 2517.1
1379610 2520.1
1379620 2520.1
1379630 2527.0
1379640 2534.4
1379650 2534.4
1379660 2537.7
1379670 2538.3
1379680 2538.3
1379690 2538.3
1379700 2539.0
1379710 2539.0
1379720 2541.5
1379730 2544.3
1379740 2544.3
1379750 2546.7
1379760 2548.9
1379770 2548.9
1379780 2551.3
1379790 2555.8
1379800 2555.8
1379810 2560.8
1379820 2565.9
1379830 2570.7
1379840 2570.7
1379850 2576.2
1379860 2582.3
1379870 2582.3
1379880 2588.0
1379890 2593.8
1379900 2593.8
1379910 2599.4
1379920 2604.1
1379930 2604.1
1379940 2609.4
1379950 2615.8
1379960 2615.8
1379970 2622.4
1379980 2629.1
1379990 2629.1
