1360000 2564.1
1360010 2564.1
1360020 2563.5
1360030 2556.2
1360040 2556.2
1360050 2547.6
1360060 2538.7
1360070 2538.7
1360080 2527.7
1360090 2522.7
1360100 2522.7
1360110 2514.0
1360120 2509.7
1360130 2505.5
1360140 2505.5
1360150 2500.3
1360160 2495.9
1360170 2495.9
1360180 2490.6
1360190 2484.6
1360200 2484.6
1360210 2479.3
1360220 2471.9
1360230 2471.9
1360240 2462.3
1360250 2459.6
1360260 2459.6
1360270 2458.9
1360280 2454.3
1360290 2454.3
1360300 2446.6
1360310 2443.4
1360320 2443.4
1360330 2440.5
1360340 2438.2
1360350 2438.2
1360360 2435.6
1360370 2431.3
1360380 2430.5
1360390 2430.5
1360400 2424.9
1360410 2423.8
1360420 2423.8
1360430 2413.0
1360440 2402.1
1360450 2402.1
1360460 2394.9
1360470 2386.0
1360480 2386.0
1360490 2374.1
1360500 2360.4
1360510 2360.4
1360520 2348.2
1360530 2339.6
1360540 2339.6
1360550 2332.1
1360560 2325.0
1360570 2325.0
1360580 2319.0
1360590 2313.3
1360600 2308.8
1360610 2308.8
1360620 2305.3
1360630 2302.0
1360640 2302.0
1360650 2296.9
1360660 2290.5
1360670 2290.5
1360680 2280.1
1360690 2275.5
1360700 2275.5
1360710 2269.0
1360720 2257.7
1360730 2257.7
1360740 2244.8
1360750 2232.0
1360760 2232.0
1360770 2218.2
1360780 2222.4
1360790 2222.4
1360800 2202.5
1360810 2190.8
1360820 2190.8
1360830 2182.9
1360840 2175.1
1360850 2169.6
1360860 2169.6
1360870 2170.7
1360880 2159.0
1360890 2159.0
1360900 2142.0
1360910 2131.5
1360920 2131.5
1360930 2121.9
1360940 2113.5
1360950 2113.5
1360960 2106.2
1360970 2099.8
1360980 2099.8
1360990 2093.6
1361000 2088.8
1361010 2088.8
1361020 2087.0
1361030 2086.9
1361040 2086.9
1361050 2086.9
1361060 2086.9
1361070 2086.9
1361080 2086.9
1361090 2087.0
1361100 2087.7
1361110 2087.7
1361120 2086.6
1361130 2083.7
1361140 2083.7
1361150 2081.5
1361160 2081.9
1361170 2081.9
1361180 2081.8
1361190 2081.6
1361200 2081.6
1361210 2081.4
1361220 2081.3
1361230 2081.3
1361240 2081.3
1361250 2081.3
1361260 2081.3
1361270 2081.3
1361280 2081.3
1361290 2081.3
1361300 2081.3
1361310 2081.3
1361320 2081.3
1361330 2081.3
1361340 2081.3
1361350 2081.3
1361360 2081.3
1361370 2081.3
1361380 2081.3
1361390 2081.3
1361400 2081.3
1361410 2081.3
1361420 2081.3
1361430 2081.3
1361440 2081.3
1361450 2081.3
1361460 2081.3
1361470 2081.3
1361480 2081.3
1361490 2081.2
1361500 2081.9
1361510 2081.9
1361520 2087.8
1361530 2097.9
1361540 2097.9
1361550 2106.3
1361560 2114.8
1361570 2123.0
1361580 2123.0
1361590 2130.6
1361600 2137.4
1361610 2137.4
1361620 2143.4
1361630 2149.2
1361640 2149.2
1361650 2154.9
1361660 2162.7
1361670 2162.7
1361680 2174.9
1361690 2181.5
1361700 2181.5
1361710 2186.8
1361720 2191.5
1361730 2191.5
1361740 2196.6
1361750 2202.9
1361760 2202.9
1361770 2207.4
1361780 2210.4
1361790 2211.8
1361800 2211.8
1361810 2216.3
1361820 2213.8
1361830 2213.8
1361840 2211.9
1361850 2209.0
1361860 2209.0
1361870 2205.5
1361880 2202.5
1361890 2202.5
1361900 2200.6
1361910 2200.0
1361920 2200.0
1361930 2199.5
1361940 2200.8
1361950 2200.8
1361960 2203.7
1361970 2205.4
1361980 2205.4
1361990 2204.6
1362000 2202.9
1362010 2202.9
1362020 2202.3
1362030 2202.2
1362040 2203.4
1362050 2203.4
1362060 2204.1
1362070 2203.5
1362080 2203.5
1362090 2201.9
1362100 2199.9
1362110 2199.9
1362120 2200.1
1362130 2203.0
1362140 2203.0
1362150 2204.4
1362160 2203.8
1362170 2203.8
1362180 2204.3
1362190 2207.5
1362200 2207.5
1362210 2212.3
1362220 2216.0
1362230 2216.0
1362240 2220.5
1362250 2226.3
1362260 2226.3
1362270 2229.8
1362280 2231.9
1362290 2234.5
1362300 2234.5
1362310 2235.8
1362320 2238.0
1362330 2238.0
1362340 2239.1
1362350 2240.5
1362360 2240.5
1362370 2241.2
1362380 2242.8
1362390 2242.8
1362400 2244.9
1362410 2247.3
1362420 2247.3
1362430 2249.8
1362440 2251.4
1362450 2251.4
1362460 2252.1
1362470 2253.2
1362480 2253.2
1362490 2254.7
1362500 2256.1
1362510 2257.7
1362520 2257.7
1362530 2259.0
1362540 2259.9
1362550 2259.9
1362560 2260.7
1362570 2260.8
1362580 2260.8
1362590 2259.1
1362600 2257.7
1362610 2257.7
1362620 2256.9
1362630 2258.7
1362640 2258.7
1362650 2260.9
1362660 2264.3
1362670 2264.3
1362680 2267.4
1362690 2270.3
1362700 2270.3
1362710 2273.6
1362720 2275.6
1362730 2275.6
1362740 2278.2
1362750 2278.5
1362760 2278.4
1362770 2278.4
1362780 2280.7
1362790 2283.5
1362800 2283.5
1362810 2286.2
1362820 2287.2
1362830 2287.2
1362840 2287.1
1362850 2301.2
1362860 2301.2
1362870 2301.7
1362880 2303.1
1362890 2303.1
1362900 2301.3
1362910 2298.1
1362920 2298.1
1362930 2292.8
1362940 2288.0
1362950 2288.0
1362960 2284.8
1362970 2281.6
1362980 2278.1
1362990 2278.1
1363000 2273.0
1363010 2265.6
1363020 2265.6
1363030 2258.3
1363040 2252.1
1363050 2252.1
1363060 2247.7
1363070 2237.3
1363080 2237.3
1363090 2227.3
1363100 2218.3
1363110 2218.3
1363120 2202.5
1363130 2184.3
1363140 2184.3
1363150 2174.6
1363160 2168.8
1363170 2168.8
1363180 2163.3
1363190 2158.4
1363200 2158.4
1363210 2150.3
1363220 2142.9
1363230 2139.7
1363240 2139.7
1363250 2133.2
1363260 2125.7
1363270 2125.7
1363280 2117.0
1363290 2107.1
1363300 2107.1
1363310 2099.9
1363320 2094.2
1363330 2094.2
1363340 2085.2
1363350 2077.3
1363360 2077.3
1363370 2073.1
1363380 2063.6
1363390 2063.6
1363400 2054.8
1363410 2048.6
1363420 2048.6
1363430 2041.5
1363440 2035.0
1363450 2035.0
1363460 2029.5
1363470 2023.8
1363480 2018.3
1363490 2018.3
1363500 2012.6
1363510 2004.7
1363520 2004.7
1363530 1996.8
1363540 1987.7
1363550 1987.7
1363560 1975.0
1363570 1964.7
1363580 1964.7
1363590 1957.6
1363600 1952.5
1363610 1952.5
1363620 1948.2
1363630 1944.1
1363640 1944.1
1363650 1939.6
1363660 1934.6
1363670 1934.6
1363680 1929.6
1363690 1925.4
1363700 1921.3
1363710 1921.3
1363720 1916.4
1363730 1909.5
1363740 1909.5
1363750 1902.6
1363760 1896.4
1363770 1896.4
1363780 1890.6
1363790 1884.8
1363800 1884.8
1363810 1879.1
1363820 1874.5
1363830 1874.5
1363840 1872.5
1363850 1870.3
1363860 1870.3
1363870 1866.9
1363880 1861.4
1363890 1861.4
1363900 1849.0
1363910 1835.1
1363920 1835.1
1363930 1827.9
1363940 1820.9
1363950 1814.0
1363960 1814.0
1363970 1807.2
1363980 1800.9
1363990 1800.9
1364000 1794.9
1364010 1789.0
1364020 1789.0
1364030 1784.2
1364040 1779.4
1364050 1779.4
1364060 1774.6
1364070 1770.5
1364080 1770.5
1364090 1764.6
1364100 1759.7
1364110 1759.7
1364120 1753.7
1364130 1747.6
1364140 1747.6
1364150 1741.0
1364160 1732.9
1364170 1725.3
1364180 1725.3
1364190 1714.7
1364200 1700.9
1364210 1700.9
1364220 1687.7
1364230 1682.4
1364240 1682.4
1364250 1680.8
1364260 1682.7
1364270 1682.7
1364280 1682.5
1364290 1678.0
1364300 1678.0
1364310 1674.6
1364320 1671.5
1364330 1671.5
1364340 1667.9
1364350 1664.2
1364360 1664.2
1364370 1659.7
1364380 1654.5
1364390 1654.5
1364400 1648.6
1364410 1642.6
1364420 1636.5
1364430 1636.5
1364440 1632.0
1364450 1628.1
1364460 1628.1
1364470 1625.0
1364480 1622.3
1364490 1622.3
1364500 1619.4
1364510 1614.6
1364520 1614.6
1364530 1605.6
1364540 1595.4
1364550 1595.4
1364560 1586.4
1364570 1579.3
1364580 1579.3
1364590 1572.9
1364600 1563.7
1364610 1563.7
1364620 1551.8
1364630 1541.3
1364640 1541.3
1364650 1534.8
1364660 1531.5
1364670 1528.2
1364680 1528.2
1364690 1525.3
1364700 1522.9
1364710 1522.9
1364720 1521.1
1364730 1520.8
1364740 1520.8
1364750 1519.5
1364760 1518.0
1364770 1518.0
1364780 1516.6
1364790 1514.8
1364800 1514.8
1364810 1513.1
1364820 1510.1
1364830 1510.1
1364840 1508.8
1364850 1509.6
1364860 1509.6
1364870 1514.7
1364880 1518.9
1364890 1521.1
1364900 1521.1
1364910 1523.1
1364920 1524.7
1364930 1524.7
1364940 1526.4
1364950 1528.0
1364960 1529.2
1364970 1530.7
1364980 1532.2
1364990 1532.2
1365000 1533.5
1365010 1535.1
1365020 1535.1
1365030 1536.9
1365040 1539.0
1365050 1539.0
1365060 1540.8
1365070 1542.9
1365080 1542.9
1365090 1544.9
1365100 1547.4
1365110 1547.4
1365120 1550.0
1365130 1552.3
1365140 1554.9
1365150 1554.9
1365160 1557.1
1365170 1559.3
1365180 1559.3
1365190 1562.4
1365200 1565.2
1365210 1565.2
1365220 1568.0
1365230 1570.4
1365240 1570.4
1365250 1573.1
1365260 1576.3
1365270 1576.3
1365280 1580.1
1365290 1583.5
1365300 1583.5
1365310 1586.9
1365320 1590.7
1365330 1590.7
1365340 1595.0
1365350 1599.0
1365360 1599.0
1365370 1602.6
1365380 1606.6
1365390 1610.6
1365400 1610.6
1365410 1615.3
1365420 1619.9
1365430 1619.9
1365440 1624.1
1365450 1629.8
1365460 1629.8
1365470 1644.6
1365480 1666.8
1365490 1666.8
1365500 1671.8
1365510 1675.5
1365520 1675.5
1365530 1680.3
1365540 1685.4
1365550 1685.4
1365560 1691.0
1365570 1696.7
1365580 1696.7
1365590 1703.1
1365600 1709.7
1365610 1716.5
1365620 1716.5
1365630 1724.3
1365640 1734.2
1365650 1734.2
1365660 1745.4
1365670 1753.7
1365680 1753.7
1365690 1764.3
1365700 1772.6
1365710 1772.6
1365720 1778.6
1365730 1786.0
1365740 1786.0
1365750 1795.0
1365760 1804.3
1365770 1804.3
1365780 1814.2
1365790 1824.6
1365800 1824.6
1365810 1835.4
1365820 1847.8
1365830 1847.8
1365840 1861.5
1365850 1872.2
1365860 1880.7
1365870 1880.7
1365880 1883.7
1365890 1886.6
1365900 1886.6
1365910 1892.9
1365920 1899.6
1365930 1899.6
1365940 1913.3
1365950 1924.0
1365960 1924.0
1365970 1929.3
1365980 1930.9
1365990 1930.9
1366000 1930.8
1366010 1933.5
1366020 1933.5
1366030 1939.9
1366040 1951.3
1366050 1951.3
1366060 1961.8
1366070 1970.8
1366080 1979.7
1366090 1979.7
1366100 1983.6
1366110 1990.0
1366120 1990.0
1366130 2001.8
1366140 2010.8
1366150 2010.8
1366160 2016.2
1366170 2022.8
1366180 2022.8
1366190 2030.9
1366200 2036.1
1366210 2036.1
1366220 2043.6
1366230 2050.4
1366240 2050.4
1366250 2058.6
1366260 2068.9
1366270 2068.9
1366280 2083.2
1366290 2093.7
1366300 2093.7
1366310 2102.1
1366320 2105.8
1366330 2104.2
1366340 2104.2
1366350 2103.1
1366360 2102.1
1366370 2102.1
1366380 2102.6
1366390 2103.8
1366400 2103.8
1366410 2105.1
1366420 2107.3
1366430 2107.3
1366440 2109.5
1366450 2110.7
1366460 2110.7
1366470 2112.7
1366480 2114.2
1366490 2114.2
1366500 2114.7
1366510 2117.4
1366520 2117.4
1366530 2120.5
1366540 2122.0
1366550 2122.0
1366560 2124.1
1366570 2128.2
1366580 2131.1
1366590 2131.1
1366600 2136.3
1366610 2141.5
1366620 2141.5
1366630 2145.5
1366640 2153.7
1366650 2153.7
1366660 2162.2
1366670 2169.3
1366680 2169.3
1366690 2175.3
1366700 2179.8
1366710 2179.8
1366720 2183.6
1366730 2187.5
1366740 2187.5
1366750 2192.3
1366760 2197.7
1366770 2197.7
1366780 2203.6
1366790 2209.9
1366800 2217.9
1366810 2217.9
1366820 2223.0
1366830 2222.4
1366840 2222.4
1366850 2218.8
1366860 2215.7
1366870 2215.7
1366880 2215.9
1366890 2218.5
1366900 2218.5
1366910 2221.3
1366920 2224.7
1366930 2224.7
1366940 2230.3
1366950 2236.1
1366960 2236.1
1366970 2243.2
1366980 2251.3
1366990 2251.3
1367000 2260.0
1367010 2268.8
1367020 2268.8
1367030 2277.2
1367040 2286.0
1367050 2295.1
1367060 2295.1
1367070 2305.4
1367080 2312.7
1367090 2312.7
1367100 2318.5
1367110 2328.1
1367120 2328.1
1367130 2337.7
1367140 2344.7
1367150 2344.7
1367160 2351.9
1367170 2364.0
1367180 2364.0
1367190 2373.9
1367200 2378.6
1367210 2378.6
1367220 2386.9
1367230 2394.9
1367240 2394.9
1367250 2402.5
1367260 2409.4
1367270 2409.4
1367280 2414.5
1367290 2420.6
1367300 2427.0
1367310 2427.0
1367320 2433.6
1367330 2443.7
1367340 2443.7
1367350 2461.6
1367360 2477.2
1367370 2477.2
1367380 2485.8
1367390 2491.8
1367400 2491.8
1367410 2498.1
1367420 2504.3
1367430 2504.3
1367440 2511.5
1367450 2518.1
1367460 2518.1
1367470 2524.8
1367480 2532.5
1367490 2532.5
1367500 2541.7
1367510 2549.8
1367520 2556.7
1367530 2556.7
1367540 2552.7
1367550 2544.0
1367560 2544.0
1367570 2536.8
1367580 2529.6
1367590 2529.6
1367600 2523.7
1367610 2519.6
1367620 2519.6
1367630 2515.2
1367640 2510.2
1367650 2510.2
1367660 2505.3
1367670 2499.8
1367680 2499.8
1367690 2494.3
1367700 2487.9
1367710 2487.9
1367720 2480.6
1367730 2473.4
1367740 2473.4
1367750 2467.2
1367760 2461.8
1367770 2455.9
1367780 2455.9
1367790 2449.6
1367800 2441.2
1367810 2441.2
1367820 2432.0
1367830 2427.1
1367840 2427.1
1367850 2426.9
1367860 2422.6
1367870 2422.6
1367880 2418.7
1367890 2413.5
1367900 2413.5
1367910 2409.4
1367920 2406.0
1367930 2406.0
1367940 2402.5
1367950 2399.4
1367960 2399.4
1367970 2395.3
1367980 2391.2
1367990 2387.2
1368000 2387.2
1368010 2382.7
1368020 2378.7
1368030 2378.7
1368040 2375.4
1368050 2371.8
1368060 2371.8
1368070 2371.2
1368080 2370.5
1368090 2370.5
1368100 2365.5
1368110 2356.7
1368120 2356.7
1368130 2348.3
1368140 2339.6
1368150 2339.6
1368160 2331.3
1368170 2323.1
1368180 2323.1
1368190 2311.7
1368200 2304.0
1368210 2304.0
1368220 2296.5
1368230 2289.6
1368240 2281.8
1368250 2281.8
1368260 2274.0
1368270 2266.6
1368280 2266.6
1368290 2259.5
1368300 2252.5
1368310 2252.5
1368320 2245.8
1368330 2239.5
1368340 2239.5
1368350 2233.6
1368360 2227.6
1368370 2227.6
1368380 2222.4
1368390 2216.7
1368400 2216.7
1368410 2211.2
1368420 2207.0
1368430 2207.0
1368440 2203.0
1368450 2198.4
1368460 2198.4
1368470 2192.9
1368480 2187.5
1368490 2183.5
1368500 2183.5
1368510 2178.7
1368520 2170.9
1368530 2170.9
1368540 2162.1
1368550 2154.0
1368560 2154.0
1368570 2143.8
1368580 2135.3
1368590 2135.3
1368600 2126.8
1368610 2118.8
1368620 2118.8
1368630 2111.0
1368640 2104.0
1368650 2104.0
1368660 2097.3
1368670 2091.4
1368680 2091.4
1368690 2086.2
1368700 2081.1
1368710 2076.0
1368720 2076.0
1368730 2071.4
1368740 2067.3
1368750 2067.3
1368760 2063.6
1368770 2058.6
1368780 2058.6
1368790 2053.2
1368800 2049.5
1368810 2049.5
1368820 2045.3
1368830 2044.2
1368840 2044.2
1368850 2045.0
1368860 2042.8
1368870 2042.8
1368880 2038.4
1368890 2032.6
1368900 2032.6
1368910 2025.3
1368920 2018.1
1368930 2018.1
1368940 2011.6
1368950 2005.1
1368960 2001.8
1368970 2001.8
1368980 1999.8
1368990 1997.3
1369000 1997.3
1369010 1995.4
1369020 1996.3
1369030 1996.3
1369040 1995.5
1369050 1992.3
1369060 1992.3
1369070 1987.7
1369080 1982.3
1369090 1982.3
1369100 1975.5
1369110 1966.8
1369120 1966.8
1369130 1957.2
1369140 1950.4
1369150 1950.4
1369160 1949.9
1369170 1951.3
1369180 1955.5
1369190 1955.5
1369200 1952.1
1369210 1944.7
1369220 1944.7
1369230 1936.9
1369240 1928.4
1369250 1928.4
1369260 1919.0
1369270 1913.3
1369280 1913.3
1369290 1923.4
1369300 1923.6
1369310 1923.6
1369320 1919.4
1369330 1919.0
1369340 1919.0
1369350 1917.9
1369360 1912.2
1369370 1912.2
1369380 1901.7
1369390 1893.0
1369400 1893.0
1369410 1889.6
1369420 1887.6
1369430 1880.3
1369440 1880.3
1369450 1872.0
1369460 1866.2
1369470 1866.2
1369480 1860.9
1369490 1856.2
1369500 1856.2
1369510 1849.1
1369520 1838.8
1369530 1838.8
1369540 1828.3
1369550 1820.4
1369560 1820.4
1369570 1810.5
1369580 1797.8
1369590 1797.8
1369600 1777.4
1369610 1758.9
1369620 1758.9
1369630 1742.0
1369640 1726.7
1369650 1726.7
1369660 1712.7
1369670 1703.1
1369680 1711.3
1369690 1711.3
1369700 1717.0
1369710 1701.4
1369720 1701.4
1369730 1684.4
1369740 1670.0
1369750 1670.0
1369760 1649.8
1369770 1643.7
1369780 1643.7
1369790 1640.2
1369800 1626.8
1369810 1626.8
1369820 1614.5
1369830 1609.9
1369840 1609.9
1369850 1606.8
1369860 1604.4
1369870 1604.4
1369880 1601.6
1369890 1599.2
1369900 1596.0
1369910 1596.0
1369920 1593.0
1369930 1589.0
1369940 1589.0
1369950 1584.0
1369960 1583.3
1369970 1583.3
1369980 1583.1
1369990 1584.2
1370000 1584.2
1370010 1584.8
1370020 1585.7
1370030 1585.7
1370040 1587.3
1370050 1590.0
1370060 1590.0
1370070 1591.1
1370080 1592.5
1370090 1592.5
1370100 1593.7
1370110 1595.2
1370120 1595.2
1370130 1596.2
1370140 1597.2
1370150 1598.4
1370160 1598.4
1370170 1599.9
1370180 1601.5
1370190 1601.5
1370200 1602.9
1370210 1604.5
1370220 1604.5
1370230 1606.3
1370240 1608.0
1370250 1608.0
1370260 1609.6
1370270 1611.9
1370280 1611.9
1370290 1614.7
1370300 1616.8
1370310 1616.8
1370320 1620.3
1370330 1623.8
1370340 1623.8
1370350 1626.6
1370360 1629.8
1370370 1629.8
1370380 1635.8
1370390 1639.5
1370400 1643.0
1370410 1643.0
1370420 1646.6
1370430 1649.7
1370440 1649.7
1370450 1654.0
1370460 1658.1
1370470 1658.1
1370480 1661.6
1370490 1665.3
1370500 1665.3
1370510 1668.8
1370520 1672.2
1370530 1672.2
1370540 1676.9
1370550 1681.5
1370560 1681.5
1370570 1687.0
1370580 1692.5
1370590 1692.5
1370600 1698.2
1370610 1703.8
1370620 1707.2
1370630 1707.2
1370640 1711.5
1370650 1717.6
1370660 1717.6
1370670 1724.6
1370680 1731.0
1370690 1731.0
1370700 1737.4
1370710 1743.6
1370720 1743.6
1370730 1749.4
1370740 1755.2
1370750 1755.2
1370760 1760.8
1370770 1766.5
1370780 1766.5
1370790 1772.8
1370800 1779.3
1370810 1779.3
1370820 1785.6
1370830 1791.9
1370840 1791.9
1370850 1798.6
1370860 1805.2
1370870 1812.0
1370880 1812.0
1370890 1819.0
1370900 1825.7
1370910 1825.7
1370920 1833.3
1370930 1839.2
1370940 1839.2
1370950 1845.4
1370960 1851.1
1370970 1851.1
1370980 1857.2
1370990 1863.6
1371000 1863.6
1371010 1869.7
1371020 1876.1
1371030 1876.1
1371040 1881.9
1371050 1888.2
1371060 1888.2
1371070 1895.0
1371080 1901.4
1371090 1908.3
1371100 1908.3
1371110 1915.1
1371120 1922.5
1371130 1922.5
1371140 1929.2
1371150 1936.5
1371160 1936.5
1371170 1943.2
1371180 1949.8
1371190 1949.8
1371200 1956.7
1371210 1963.9
1371220 1963.9
1371230 1971.4
1371240 1978.6
1371250 1978.6
1371260 1985.8
1371270 1992.9
1371280 1992.9
1371290 2000.7
1371300 2007.5
1371310 2007.5
1371320 2014.7
1371330 2021.7
1371340 2028.9
1371350 2028.9
1371360 2036.1
1371370 2043.2
1371380 2043.2
1371390 2050.1
1371400 2057.2
1371410 2057.2
1371420 2064.4
1371430 2071.2
1371440 2071.2
1371450 2078.3
1371460 2091.8
1371470 2091.8
1371480 2119.1
1371490 2156.7
1371500 2156.7
1371510 2209.4
1371520 2220.5
1371530 2220.5
1371540 2231.0
1371550 2238.9
1371560 2238.9
1371570 2246.3
1371580 2254.9
1371590 2262.0
1371600 2262.0
1371610 2269.9
1371620 2278.0
1371630 2278.0
1371640 2286.0
1371650 2293.2
1371660 2293.2
1371670 2300.4
1371680 2308.2
1371690 2308.2
1371700 2316.0
1371710 2323.7
1371720 2323.7
1371730 2331.1
1371740 2339.6
1371750 2339.6
1371760 2347.3
1371770 2354.7
1371780 2354.7
1371790 2362.3
1371800 2369.8
1371810 2377.5
1371820 2377.5
1371830 2385.2
1371840 2392.9
1371850 2392.9
1371860 2400.5
1371870 2408.5
1371880 2408.5
1371890 2417.8
1371900 2425.7
1371910 2425.7
1371920 2431.1
1371930 2438.5
1371940 2438.5
1371950 2446.6
1371960 2456.5
1371970 2456.5
1371980 2467.5
1371990 2472.2
1372000 2472.2
1372010 2475.3
1372020 2477.0
1372030 2477.0
1372040 2479.5
1372050 2484.9
1372060 2494.0
1372070 2494.0
1372080 2503.1
1372090 2512.0
1372100 2512.0
1372110 2520.2
1372120 2529.0
1372130 2529.0
1372140 2537.6
1372150 2546.9
1372160 2546.9
1372170 2556.8
1372180 2565.3
1372190 2565.3
1372200 2572.4
1372210 2580.2
1372220 2580.2
1372230 2587.5
1372240 2594.5
1372250 2594.5
1372260 2595.1
1372270 2592.5
1372280 2586.7
1372290 2586.7
1372300 2573.9
1372310 2566.6
1372320 2566.6
1372330 2568.6
1372340 2568.9
1372350 2568.9
1372360 2553.6
1372370 2528.0
1372380 2528.0
1372390 2520.8
1372400 2509.9
1372410 2509.9
1372420 2503.4
1372430 2494.3
1372440 2494.3
1372450 2480.6
1372460 2472.6
1372470 2472.6
1372480 2467.1
1372490 2462.0
1372500 2462.0
1372510 2455.2
1372520 2449.1
1372530 2441.9
1372540 2441.9
1372550 2436.3
1372560 2429.7
1372570 2429.7
1372580 2422.8
1372590 2416.7
1372600 2416.7
1372610 2410.2
1372620 2403.3
1372630 2403.3
1372640 2401.0
1372650 2396.1
1372660 2396.1
1372670 2391.1
1372680 2385.4
1372690 2385.4
1372700 2380.6
1372710 2374.8
1372720 2374.8
1372730 2370.1
1372740 2364.9
1372750 2364.9
1372760 2360.7
1372770 2355.9
1372780 2351.5
1372790 2351.5
1372800 2346.9
1372810 2343.9
1372820 2343.9
1372830 2341.7
1372840 2341.7
1372850 2341.7
1372860 2342.8
1372870 2343.1
1372880 2343.1
1372890 2343.2
1372900 2340.8
1372910 2340.8
1372920 2338.5
1372930 2337.0
1372940 2337.0
1372950 2335.3
1372960 2336.2
1372970 2336.2
1372980 2333.2
1372990 2329.9
1373000 2328.0
1373010 2328.0
1373020 2327.8
1373030 2327.0
1373040 2327.0
1373050 2326.0
1373060 2324.4
1373070 2324.4
1373080 2321.8
1373090 2319.1
1373100 2319.1
1373110 2314.5
1373120 2311.4
1373130 2311.4
1373140 2310.0
1373150 2307.9
1373160 2307.9
1373170 2306.0
1373180 2299.7
1373190 2299.7
1373200 2291.1
1373210 2285.1
1373220 2285.1
1373230 2281.5
1373240 2279.5
1373250 2278.4
1373260 2278.4
1373270 2277.4
1373280 2276.3
1373290 2276.3
1373300 2273.0
1373310 2269.1
1373320 2269.1
1373330 2264.8
1373340 2251.9
1373350 2251.9
1373360 2246.6
1373370 2245.4
1373380 2245.4
1373390 2248.2
1373400 2251.2
1373410 2251.2
1373420 2251.8
1373430 2255.1
1373440 2255.1
1373450 2256.2
1373460 2258.6
1373470 2258.6
1373480 2259.9
1373490 2260.2
1373500 2259.6
1373510 2259.6
1373520 2258.8
1373530 2257.4
1373540 2257.4
1373550 2256.1
1373560 2254.8
1373570 2254.8
1373580 2253.2
1373590 2252.7
1373600 2252.7
1373610 2251.5
1373620 2249.3
1373630 2249.3
1373640 2249.6
1373650 2249.6
1373660 2249.6
1373670 2247.6
1373680 2244.8
1373690 2244.8
1373700 2241.4
1373710 2236.7
1373720 2235.7
1373730 2235.7
1373740 2235.6
1373750 2236.0
1373760 2236.0
1373770 2236.1
1373780 2242.6
1373790 2242.6
1373800 2241.6
1373810 2242.3
1373820 2242.3
1373830 2245.7
1373840 2251.9
1373850 2251.9
1373860 2254.7
1373870 2253.4
1373880 2253.4
1373890 2251.7
1373900 2250.3
1373910 2250.3
1373920 2249.9
1373930 2251.1
1373940 2251.1
1373950 2253.5
1373960 2255.5
1373970 2251.5
1373980 2251.5
1373990 2243.3
1374000 2219.0
1374010 2219.0
1374020 2217.1
1374030 2219.5
1374040 2219.5
1374050 2211.8
1374060 2209.8
1374070 2209.8
1374080 2205.2
1374090 2205.6
1374100 2205.6
1374110 2201.8
1374120 2197.7
1374130 2197.7
1374140 2193.9
1374150 2188.1
1374160 2188.1
1374170 2188.5
1374180 2197.9
1374190 2204.8
1374200 2204.8
1374210 2205.1
1374220 2205.4
1374230 2205.4
1374240 2203.9
1374250 2196.6
1374260 2196.6
1374270 2190.0
1374280 2185.1
1374290 2185.1
1374300 2186.2
1374310 2186.1
1374320 2186.1
1374330 2178.7
1374340 2175.9
1374350 2175.9
1374360 2173.4
1374370 2170.3
1374380 2170.3
1374390 2167.0
1374400 2165.7
1374410 2165.7
1374420 2165.3
1374430 2165.8
1374440 2166.3
1374450 2166.3
1374460 2165.8
1374470 2165.7
1374480 2165.7
1374490 2163.9
1374500 2165.9
1374510 2165.9
1374520 2166.2
1374530 2165.9
1374540 2165.9
1374550 2165.4
1374560 2163.6
1374570 2163.6
1374580 2164.2
1374590 2166.7
1374600 2166.7
1374610 2169.5
1374620 2177.8
1374630 2177.8
1374640 2179.0
1374650 2178.0
1374660 2178.0
1374670 2180.3
1374680 2186.1
1374690 2191.4
1374700 2191.4
1374710 2195.9
1374720 2200.1
1374730 2200.1
1374740 2206.3
1374750 2211.8
1374760 2211.8
1374770 2215.8
1374780 2222.1
1374790 2222.1
1374800 2226.4
1374810 2229.9
1374820 2229.9
1374830 2234.6
1374840 2237.6
1374850 2237.6
1374860 2240.3
1374870 2244.5
1374880 2244.5
1374890 2248.6
1374900 2252.2
1374910 2254.8
1374920 2254.8
1374930 2257.9
1374940 2274.4
1374950 2274.4
1374960 2282.1
1374970 2288.4
1374980 2288.4
1374990 2293.3
1375000 2293.6
1375010 2293.6
1375020 2297.1
1375030 2303.6
1375040 2303.6
1375050 2309.7
1375060 2312.9
1375070 2312.9
1375080 2309.0
1375090 2305.2
1375100 2305.2
1375110 2302.0
1375120 2300.8
1375130 2300.8
1375140 2293.3
1375150 2281.8
1375160 2264.6
1375170 2264.6
1375180 2253.0
1375190 2242.6
1375200 2242.6
1375210 2226.9
1375220 2207.0
1375230 2207.0
1375240 2185.9
1375250 2170.1
1375260 2170.1
1375270 2161.6
1375280 2151.5
1375290 2151.5
1375300 2138.8
1375310 2128.8
1375320 2128.8
1375330 2121.6
1375340 2112.6
1375350 2112.6
1375360 2105.5
1375370 2098.7
1375380 2092.2
1375390 2092.2
1375400 2085.8
1375410 2079.0
1375420 2079.0
1375430 2072.3
1375440 2066.0
1375450 2066.0
1375460 2059.8
1375470 2053.5
1375480 2053.5
1375490 2047.7
1375500 2040.9
1375510 2040.9
1375520 2033.3
1375530 2025.6
1375540 2025.6
1375550 2021.2
1375560 2017.3
1375570 2017.3
1375580 2010.9
1375590 2004.4
1375600 2004.4
1375610 1997.9
1375620 1995.6
1375630 1991.4
1375640 1991.4
1375650 1988.9
1375660 1984.8
1375670 1984.8
1375680 1973.8
1375690 1962.9
1375700 1962.9
1375710 1955.5
1375720 1949.9
1375730 1949.9
1375740 1946.3
1375750 1942.4
1375760 1942.4
1375770 1935.3
1375780 1934.2
1375790 1934.2
1375800 1929.1
1375810 1926.0
1375820 1926.0
1375830 1921.9
1375840 1915.4
1375850 1915.4
1375860 1914.6
1375870 1916.5
1375880 1915.1
1375890 1915.1
1375900 1913.9
1375910 1911.3
1375920 1911.3
1375930 1909.2
1375940 1904.1
1375950 1904.1
1375960 1897.4
1375970 1890.0
1375980 1890.0
1375990 1881.3
1376000 1870.8
1376010 1870.8
1376020 1859.3
1376030 1846.9
1376040 1846.9
1376050 1834.3
1376060 1823.4
1376070 1823.4
1376080 1812.7
1376090 1805.4
1376100 1809.7
1376110 1809.7
1376120 1797.8
1376130 1784.4
1376140 1784.4
1376150 1773.9
1376160 1768.6
1376170 1768.6
1376180 1769.7
1376190 1773.9
1376200 1773.9
1376210 1772.4
1376220 1767.9
1376230 1767.9
1376240 1764.0
1376250 1757.6
1376260 1757.6
1376270 1754.7
1376280 1754.1
1376290 1754.1
1376300 1747.9
1376310 1741.4
1376320 1741.4
1376330 1730.0
1376340 1714.4
1376350 1706.8
1376360 1706.8
1376370 1702.4
1376380 1698.7
1376390 1698.7
1376400 1691.1
1376410 1683.5
1376420 1683.5
1376430 1676.9
1376440 1668.8
1376450 1668.8
1376460 1658.2
1376470 1644.7
1376480 1644.7
1376490 1630.2
1376500 1615.9
1376510 1615.9
1376520 1601.6
1376530 1595.1
1376540 1595.1
1376550 1583.5
1376560 1577.5
1376570 1571.8
1376580 1571.8
1376590 1573.5
1376600 1580.0
1376610 1580.0
1376620 1584.4
1376630 1590.0
1376640 1590.0
1376650 1594.6
1376660 1598.3
1376670 1598.3
1376680 1601.7
1376690 1605.8
1376700 1605.8
1376710 1610.6
1376720 1615.2
1376730 1615.2
1376740 1620.3
1376750 1625.2
1376760 1625.2
1376770 1630.1
1376780 1635.0
1376790 1635.0
1376800 1640.6
1376810 1645.6
1376820 1651.0
1376830 1651.0
1376840 1656.4
1376850 1661.8
1376860 1661.8
1376870 1667.0
1376880 1672.5
1376890 1672.5
1376900 1678.0
1376910 1683.5
1376920 1683.5
1376930 1689.2
1376940 1695.0
1376950 1695.0
1376960 1700.8
1376970 1707.1
1376980 1707.1
1376990 1712.9
1377000 1718.0
1377010 1718.0
1377020 1723.3
1377030 1729.1
1377040 1729.1
1377050 1734.7
1377060 1740.1
1377070 1745.4
1377080 1745.4
1377090 1750.7
1377100 1755.4
1377110 1755.4
1377120 1757.7
1377130 1760.7
1377140 1760.7
1377150 1765.4
1377160 1771.6
1377170 1771.6
1377180 1780.4
1377190 1790.5
1377200 1790.5
1377210 1806.7
1377220 1820.2
1377230 1820.2
1377240 1827.9
1377250 1834.5
1377260 1834.5
1377270 1841.0
1377280 1841.1
1377290 1848.8
1377300 1848.8
1377310 1856.4
1377320 1864.7
1377330 1864.7
1377340 1873.2
1377350 1882.0
1377360 1882.0
1377370 1892.1
1377380 1902.8
1377390 1902.8
1377400 1910.4
1377410 1917.4
1377420 1917.4
1377430 1927.6
1377440 1941.1
1377450 1941.1
1377460 1955.8
1377470 1969.0
1377480 1969.0
1377490 1977.6
1377500 1984.7
1377510 1984.7
1377520 1996.9
1377530 2011.1
1377540 2019.8
1377550 2019.8
1377560 2025.9
1377570 2030.3
1377580 2030.3
1377590 2037.5
1377600 2047.0
1377610 2047.0
1377620 2057.5
1377630 2067.9
1377640 2067.9
1377650 2078.3
1377660 2088.1
1377670 2088.1
1377680 2097.1
1377690 2105.9
1377700 2105.9
1377710 2113.7
1377720 2122.0
1377730 2122.0
1377740 2129.7
1377750 2137.8
1377760 2137.8
1377770 2146.7
1377780 2156.2
1377790 2164.1
1377800 2164.1
1377810 2172.0
1377820 2180.3
1377830 2180.3
1377840 2188.9
1377850 2198.3
1377860 2198.3
1377870 2208.1
1377880 2217.1
1377890 2217.1
1377900 2226.8
1377910 2237.4
1377920 2237.4
1377930 2250.9
1377940 2260.3
1377950 2260.3
1377960 2258.4
1377970 2256.9
1377980 2256.9
1377990 2253.1
1378000 2251.4
1378010 2250.5
1378020 2250.5
1378030 2249.6
1378040 2249.7
1378050 2249.7
1378060 2250.4
1378070 2251.5
1378080 2251.5
1378090 2252.6
1378100 2253.7
1378110 2253.7
1378120 2255.2
1378130 2255.8
1378140 2255.8
1378150 2257.2
1378160 2259.4
1378170 2259.4
1378180 2262.6
1378190 2265.5
1378200 2265.5
1378210 2267.7
1378220 2270.2
1378230 2270.2
1378240 2272.9
1378250 2277.4
1378260 2281.8
1378270 2281.8
1378280 2286.1
1378290 2289.9
1378300 2289.9
1378310 2293.4
1378320 2296.6
1378330 2296.6
1378340 2299.4
1378350 2301.0
1378360 2301.0
1378370 2301.9
1378380 2303.4
1378390 2303.4
1378400 2305.6
1378410 2307.3
1378420 2307.3
1378430 2308.3
1378440 2310.3
1378450 2310.3
1378460 2313.3
1378470 2313.5
1378480 2316.8
1378490 2316.8
1378500 2320.4
1378510 2323.2
1378520 2323.2
1378530 2323.1
1378540 2323.1
1378550 2323.1
1378560 2323.6
1378570 2325.9
1378580 2325.9
1378590 2331.9
1378600 2339.8
1378610 2339.8
1378620 2347.8
1378630 2355.1
1378640 2355.1
1378650 2362.6
1378660 2372.2
1378670 2372.2
1378680 2382.1
1378690 2390.6
1378700 2390.6
1378710 2399.3
1378720 2407.8
1378730 2413.0
1378740 2413.0
1378750 2415.8
1378760 2419.2
1378770 2419.2
1378780 2421.4
1378790 2423.1
1378800 2423.1
1378810 2424.9
1378820 2424.7
1378830 2424.7
1378840 2425.0
1378850 2429.9
1378860 2429.9
1378870 2437.1
1378880 2443.3
1378890 2443.3
1378900 2447.9
1378910 2450.8
1378920 2450.8
1378930 2455.3
1378940 2460.5
1378950 2460.5
1378960 2465.2
1378970 2469.9
1378980 2474.2
1378990 2474.2
1379000 2477.9
1379010 2481.5
1379020 2481.5
1379030 2485.8
1379040 2489.0
1379050 2489.0
1379060 2492.7
1379070 2500.5
1379080 2500.5
1379090 2510.6
1379100 2519.0
1379110 2519.0
1379120 2525.8
1379130 2533.7
1379140 2533.7
1379150 2539.0
1379160 2542.9
1379170 2542.9
1379180 2546.8
1379190 2549.7
1379200 2551.8
1379210 2551.8
1379220 2554.3
1379230 2556.1
1379240 2556.1
1379250 2556.6
1379260 2558.3
1379270 2558.3
1379280 2560.6
1379290 2562.6
1379300 2562.6
1379310 2564.2
1379320 2565.1
1379330 2565.1
1379340 2566.9
1379350 2568.0
1379360 2568.0
1379370 2570.1
1379380 2571.6
1379390 2571.6
1379400 2574.8
1379410 2580.2
1379420 2580.2
1379430 2582.6
1379440 2585.4
1379450 2591.9
1379460 2591.9
1379470 2597.6
1379480 2603.5
1379490 2603.5
1379500 2608.9
1379510 2614.1
1379520 2614.1
1379530 2619.9
1379540 2626.3
1379550 2626.3
1379560 2635.5
1379570 2645.4
1379580 2645.4
1379590 2653.9
1379600 2659.0
1379610 2659.0
1379620 2664.5
1379630 2674.5
1379640 2674.5
1379650 2687.6
1379660 2698.9
1379670 2711.7
1379680 2711.7
1379690 2716.8
1379700 2719.5
1379710 2719.5
1379720 2721.8
1379730 2725.0
1379740 2725.0
1379750 2729.8
1379760 2736.4
1379770 2736.4
1379780 2741.1
1379790 2745.4
1379800 2745.4
1379810 2750.4
1379820 2756.2
1379830 2756.2
1379840 2762.2
1379850 2768.5
1379860 2768.5
1379870 2773.5
1379880 2776.8
1379890 2776.8
1379900 2780.1
1379910 2784.0
1379920 2789.4
1379930 2789.4
1379940 2795.4
1379950 2799.9
1379960 2799.9
1379970 2806.1
1379980 2811.2
1379990 2811.2
