1360000 2647.9
1360010 2647.9
1360020 2640.1
1360030 2632.8
1360040 2632.8
1360050 2624.8
1360060 2617.4
1360070 2617.4
1360080 2609.0
1360090 2599.2
1360100 2599.2
1360110 2591.7
1360120 2583.9
1360130 2583.9
1360140 2577.0
1360150 2566.3
1360160 2566.3
1360170 2551.2
1360180 2541.1
1360190 2541.1
1360200 2533.4
1360210 2526.0
1360220 2526.0
1360230 2515.8
1360240 2509.4
1360250 2502.8
1360260 2502.8
1360270 2496.1
1360280 2489.8
1360290 2489.8
1360300 2483.1
1360310 2476.7
1360320 2476.7
1360330 2472.7
1360340 2468.2
1360350 2468.2
1360360 2460.2
1360370 2451.0
1360380 2451.0
1360390 2440.2
1360400 2428.7
1360410 2428.7
1360420 2417.8
1360430 2408.7
1360440 2408.7
1360450 2400.2
1360460 2393.3
1360470 2386.8
1360480 2386.8
1360490 2380.8
1360500 2375.0
1360510 2375.0
1360520 2369.3
1360530 2364.2
1360540 2364.2
1360550 2359.6
1360560 2355.4
1360570 2355.4
1360580 2352.7
1360590 2350.1
1360600 2350.1
1360610 2347.7
1360620 2345.4
1360630 2345.4
1360640 2342.6
1360650 2337.9
1360660 2337.9
1360670 2333.1
1360680 2328.1
1360690 2328.1
1360700 2321.5
1360710 2312.5
1360720 2300.2
1360730 2300.2
1360740 2284.7
1360750 2270.0
1360760 2270.0
1360770 2259.5
1360780 2256.2
1360790 2256.2
1360800 2256.8
1360810 2251.5
1360820 2251.5
1360830 2248.8
1360840 2249.4
1360850 2249.4
1360860 2249.7
1360870 2251.7
1360880 2251.7
1360890 2249.4
1360900 2249.6
1360910 2249.6
1360920 2251.8
1360930 2254.2
1360940 2254.2
1360950 2246.3
1360960 2227.9
1360970 2211.2
1360980 2211.2
1360990 2202.3
1361000 2188.6
1361010 2188.6
1361020 2174.8
1361030 2166.0
1361040 2166.0
1361050 2161.5
1361060 2155.1
1361070 2155.1
1361080 2147.6
1361090 2138.6
1361100 2138.6
1361110 2133.3
1361120 2128.1
1361130 2128.1
1361140 2120.4
1361150 2115.5
1361160 2115.5
1361170 2113.3
1361180 2109.1
1361190 2104.2
1361200 2104.2
1361210 2098.9
1361220 2094.5
1361230 2094.5
1361240 2092.8
1361250 2092.6
1361260 2096.7
1361270 2095.8
1361280 2094.8
1361290 2094.8
1361300 2093.7
1361310 2093.8
1361320 2093.8
1361330 2094.9
1361340 2096.8
1361350 2096.8
1361360 2098.2
1361370 2098.6
1361380 2098.6
1361390 2097.5
1361400 2097.9
1361410 2097.9
1361420 2100.0
1361430 2102.6
1361440 2106.2
1361450 2106.2
1361460 2110.3
1361470 2114.3
1361480 2114.3
1361490 2118.1
1361500 2123.1
1361510 2123.1
1361520 2129.0
1361530 2135.2
1361540 2135.2
1361550 2141.1
1361560 2147.5
1361570 2147.5
1361580 2154.1
1361590 2160.8
1361600 2160.8
1361610 2168.6
1361620 2178.2
1361630 2178.2
1361640 2190.0
1361650 2200.0
1361660 2200.0
1361670 2208.2
1361680 2215.6
1361690 2224.0
1361700 2224.0
1361710 2230.9
1361720 2236.9
1361730 2236.9
1361740 2243.0
1361750 2249.6
1361760 2249.6
1361770 2255.7
1361780 2260.3
1361790 2260.3
1361800 2263.7
1361810 2266.8
1361820 2266.8
1361830 2267.8
1361840 2267.3
1361850 2267.3
1361860 2269.0
1361870 2270.7
1361880 2270.7
1361890 2270.7
1361900 2270.5
1361910 2270.5
1361920 2270.5
1361930 2269.6
1361940 2268.9
1361950 2268.9
1361960 2268.7
1361970 2266.7
1361980 2266.7
1361990 2262.6
1362000 2259.6
1362010 2259.6
1362020 2257.3
1362030 2255.3
1362040 2255.3
1362050 2252.9
1362060 2251.6
1362070 2251.6
1362080 2250.0
1362090 2247.6
1362100 2247.6
1362110 2247.9
1362120 2250.2
1362130 2250.2
1362140 2251.5
1362150 2252.5
1362160 2254.8
1362170 2254.8
1362180 2257.6
1362190 2260.5
1362200 2260.5
1362210 2264.0
1362220 2268.5
1362230 2268.5
1362240 2272.3
1362250 2275.4
1362260 2275.4
1362270 2277.7
1362280 2280.2
1362290 2280.2
1362300 2286.2
1362310 2288.2
1362320 2288.2
1362330 2289.7
1362340 2291.2
1362350 2291.2
1362360 2292.7
1362370 2293.7
1362380 2295.1
1362390 2295.1
1362400 2295.6
1362410 2295.7
1362420 2295.7
1362430 2297.6
1362440 2299.1
1362450 2299.1
1362460 2299.6
1362470 2300.1
1362480 2300.1
1362490 2301.9
1362500 2305.0
1362510 2305.0
1362520 2309.4
1362530 2315.1
1362540 2315.1
1362550 2323.5
1362560 2333.1
1362570 2333.1
1362580 2342.2
1362590 2348.7
1362600 2348.7
1362610 2353.0
1362620 2357.8
1362630 2351.9
1362640 2351.9
1362650 2339.5
1362660 2327.9
1362670 2327.9
1362680 2318.6
1362690 2311.8
1362700 2311.8
1362710 2305.2
1362720 2296.5
1362730 2296.5
1362740 2288.1
1362750 2279.8
1362760 2279.8
1362770 2272.7
1362780 2266.3
1362790 2266.3
1362800 2262.1
1362810 2252.8
1362820 2252.8
1362830 2244.0
1362840 2237.3
1362850 2237.3
1362860 2233.1
1362870 2229.5
1362880 2221.4
1362890 2221.4
1362900 2212.9
1362910 2206.8
1362920 2206.8
1362930 2202.7
1362940 2201.9
1362950 2201.9
1362960 2202.1
1362970 2195.2
1362980 2195.2
1362990 2185.0
1363000 2176.7
1363010 2176.7
1363020 2171.6
1363030 2167.9
1363040 2167.9
1363050 2164.4
1363060 2159.5
1363070 2159.5
1363080 2154.6
1363090 2149.9
1363100 2144.4
1363110 2144.4
1363120 2138.3
1363130 2132.3
1363140 2132.3
1363150 2126.4
1363160 2119.1
1363170 2119.1
1363180 2109.9
1363190 2100.7
1363200 2100.7
1363210 2093.4
1363220 2087.1
1363230 2087.1
1363240 2080.6
1363250 2074.1
1363260 2074.1
1363270 2068.8
1363280 2064.1
1363290 2064.1
1363300 2059.7
1363310 2055.6
1363320 2055.6
1363330 2050.6
1363340 2042.5
1363350 2038.2
1363360 2038.2
1363370 2033.4
1363380 2028.2
1363390 2028.2
1363400 2022.2
1363410 2016.7
1363420 2016.7
1363430 2011.7
1363440 2006.7
1363450 2006.7
1363460 2000.8
1363470 1996.1
1363480 1996.1
1363490 1990.8
1363500 1985.1
1363510 1985.1
1363520 1980.1
1363530 1975.1
1363540 1975.1
1363550 1971.0
1363560 1967.0
1363570 1963.5
1363580 1963.5
1363590 1960.2
1363600 1956.8
1363610 1956.8
1363620 1953.1
1363630 1949.0
1363640 1949.0
1363650 1945.2
1363660 1942.3
1363670 1942.3
1363680 1939.6
1363690 1935.7
1363700 1935.7
1363710 1931.5
1363720 1926.3
1363730 1926.3
1363740 1918.7
1363750 1907.8
1363760 1907.8
1363770 1898.4
1363780 1888.5
1363790 1888.5
1363800 1879.0
1363810 1870.0
1363820 1862.2
1363830 1862.2
1363840 1855.5
1363850 1849.3
1363860 1849.3
1363870 1843.6
1363880 1838.6
1363890 1838.6
1363900 1833.7
1363910 1827.9
1363920 1827.9
1363930 1817.9
1363940 1808.6
1363950 1808.6
1363960 1802.7
1363970 1800.6
1363980 1800.6
1363990 1796.9
1364000 1793.7
1364010 1793.7
1364020 1793.8
1364030 1796.0
1364040 1796.0
1364050 1795.1
1364060 1791.4
1364070 1785.1
1364080 1785.1
1364090 1779.4
1364100 1773.4
1364110 1773.4
1364120 1767.6
1364130 1763.3
1364140 1763.3
1364150 1757.6
1364160 1752.5
1364170 1752.5
1364180 1747.2
1364190 1741.0
1364200 1741.0
1364210 1732.7
1364220 1719.2
1364230 1719.2
1364240 1705.4
1364250 1693.5
1364260 1693.5
1364270 1684.7
1364280 1676.1
1364290 1668.8
1364300 1668.8
1364310 1661.5
1364320 1654.0
1364330 1654.0
1364340 1646.7
1364350 1640.3
1364360 1640.3
1364370 1635.5
1364380 1631.6
1364390 1626.7
1364400 1620.7
1364410 1615.2
1364420 1615.2
1364430 1608.1
1364440 1601.9
1364450 1601.9
1364460 1596.6
1364470 1588.6
1364480 1588.6
1364490 1578.2
1364500 1569.7
1364510 1569.7
1364520 1561.0
1364530 1553.6
1364540 1545.1
1364550 1545.1
1364560 1537.0
1364570 1529.1
1364580 1529.1
1364590 1523.6
1364600 1520.5
1364610 1520.5
1364620 1519.3
1364630 1518.1
1364640 1518.1
1364650 1516.4
1364660 1514.7
1364670 1514.7
1364680 1514.4
1364690 1514.6
1364700 1514.6
1364710 1514.8
1364720 1514.8
1364730 1514.8
1364740 1515.3
1364750 1516.3
1364760 1516.3
1364770 1517.6
1364780 1518.6
1364790 1520.4
1364800 1520.4
1364810 1521.9
1364820 1523.1
1364830 1523.1
1364840 1524.5
1364850 1526.6
1364860 1526.6
1364870 1528.6
1364880 1530.1
1364890 1530.1
1364900 1531.2
1364910 1532.7
1364920 1532.7
1364930 1534.8
1364940 1536.6
1364950 1536.6
1364960 1539.2
1364970 1541.2
1364980 1541.2
1364990 1543.0
1365000 1544.4
1365010 1546.4
1365020 1546.4
1365030 1548.8
1365040 1551.4
1365050 1551.4
1365060 1554.1
1365070 1556.4
1365080 1556.4
1365090 1558.6
1365100 1560.3
1365110 1560.3
1365120 1561.7
1365130 1564.3
1365140 1564.3
1365150 1567.8
1365160 1570.8
1365170 1570.8
1365180 1573.5
1365190 1576.1
1365200 1576.1
1365210 1579.1
1365220 1581.8
1365230 1581.8
1365240 1584.3
1365250 1588.2
1365260 1592.4
1365270 1592.4
1365280 1596.5
1365290 1600.6
1365300 1600.6
1365310 1604.3
1365320 1608.0
1365330 1608.0
1365340 1612.5
1365350 1617.2
1365360 1617.2
1365370 1621.4
1365380 1625.8
1365390 1625.8
1365400 1631.0
1365410 1635.9
1365420 1635.9
1365430 1641.2
1365440 1646.9
1365450 1647.0
1365460 1652.8
1365470 1658.6
1365480 1663.9
1365490 1663.9
1365500 1669.3
1365510 1675.0
1365520 1675.0
1365530 1680.7
1365540 1686.8
1365550 1686.8
1365560 1692.8
1365570 1698.9
1365580 1698.9
1365590 1705.2
1365600 1711.3
1365610 1711.3
1365620 1717.1
1365630 1723.4
1365640 1723.4
1365650 1729.4
1365660 1736.0
1365670 1736.0
1365680 1742.5
1365690 1748.9
1365700 1748.9
1365710 1754.9
1365720 1761.3
1365730 1768.2
1365740 1768.2
1365750 1774.9
1365760 1781.3
1365770 1781.3
1365780 1788.4
1365790 1795.2
1365800 1795.2
1365810 1802.2
1365820 1809.3
1365830 1809.3
1365840 1816.6
1365850 1823.6
1365860 1823.6
1365870 1831.0
1365880 1838.4
1365890 1838.4
1365900 1846.1
1365910 1854.3
1365920 1854.3
1365930 1862.8
1365940 1871.1
1365950 1871.1
1365960 1879.1
1365970 1887.2
1365980 1895.1
1365990 1895.1
1366000 1903.5
1366010 1912.1
1366020 1912.1
1366030 1920.3
1366040 1928.6
1366050 1928.6
1366060 1938.3
1366070 1949.2
1366080 1949.2
1366090 1957.3
1366100 1966.6
1366110 1966.6
1366120 1975.0
1366130 1980.2
1366140 1980.2
1366150 1986.7
1366160 1996.7
1366170 1996.7
1366180 2007.1
1366190 2014.8
1366200 2022.4
1366210 2022.4
1366220 2030.6
1366230 2040.5
1366240 2040.5
1366250 2054.6
1366260 2068.5
1366270 2068.5
1366280 2075.5
1366290 2083.6
1366300 2083.6
1366310 2089.4
1366320 2092.8
1366330 2092.8
1366340 2096.1
1366350 2099.8
1366360 2099.8
1366370 2107.3
1366380 2112.8
1366390 2112.8
1366400 2119.2
1366410 2123.4
1366420 2123.4
1366430 2128.2
1366440 2134.7
1366450 2141.6
1366460 2141.6
1366470 2149.2
1366480 2156.6
1366490 2156.6
1366500 2164.0
1366510 2170.9
1366520 2170.9
1366530 2170.6
1366540 2177.8
1366550 2177.8
1366560 2184.6
1366570 2190.8
1366580 2190.8
1366590 2196.4
1366600 2203.8
1366610 2203.8
1366620 2211.7
1366630 2217.2
1366640 2217.2
1366650 2222.5
1366660 2227.5
1366670 2232.4
1366680 2232.4
1366690 2237.0
1366700 2241.9
1366710 2241.9
1366720 2248.8
1366730 2255.4
1366740 2255.4
1366750 2263.3
1366760 2272.5
1366770 2272.5
1366780 2281.9
1366790 2290.9
1366800 2290.9
1366810 2299.0
1366820 2307.0
1366830 2307.0
1366840 2314.9
1366850 2323.8
1366860 2323.8
1366870 2333.6
1366880 2339.9
1366890 2339.9
1366900 2337.7
1366910 2335.8
1366920 2334.2
1366930 2334.2
1366940 2327.5
1366950 2319.1
1366960 2319.1
1366970 2317.0
1366980 2318.0
1366990 2318.0
1367000 2325.1
1367010 2334.2
1367020 2334.2
1367030 2341.7
1367040 2346.0
1367050 2346.0
1367060 2346.3
1367070 2347.9
1367080 2347.9
1367090 2346.9
1367100 2350.9
1367110 2350.9
1367120 2355.5
1367130 2362.0
1367140 2362.0
1367150 2369.7
1367160 2378.7
1367170 2387.0
1367180 2387.0
1367190 2395.9
1367200 2406.1
1367210 2406.1
1367220 2419.9
1367230 2427.6
1367240 2427.6
1367250 2436.4
1367260 2445.1
1367270 2445.1
1367280 2458.4
1367290 2470.6
1367300 2470.6
1367310 2482.9
1367320 2491.7
1367330 2491.7
1367340 2495.7
1367350 2499.3
1367360 2499.3
1367370 2505.6
1367380 2514.5
1367390 2521.6
1367400 2521.6
1367410 2530.6
1367420 2545.9
1367430 2545.9
1367440 2560.3
1367450 2584.4
1367460 2584.4
1367470 2587.6
1367480 2585.0
1367490 2585.0
1367500 2579.1
1367510 2567.2
1367520 2567.2
1367530 2552.5
1367540 2541.0
1367550 2541.0
1367560 2529.7
1367570 2522.0
1367580 2522.0
1367590 2514.9
1367600 2508.1
1367610 2506.3
1367620 2499.8
1367630 2492.9
1367640 2486.2
1367650 2486.2
1367660 2479.8
1367670 2474.2
1367680 2474.2
1367690 2468.8
1367700 2463.5
1367710 2463.5
1367720 2459.8
1367730 2456.5
1367740 2456.5
1367750 2453.6
1367760 2450.5
1367770 2450.5
1367780 2446.1
1367790 2440.2
1367800 2440.2
1367810 2435.4
1367820 2431.3
1367830 2431.3
1367840 2427.3
1367850 2424.6
1367860 2421.0
1367870 2421.0
1367880 2417.5
1367890 2411.5
1367900 2411.5
1367910 2404.7
1367920 2399.6
1367930 2399.6
1367940 2394.4
1367950 2389.9
1367960 2389.9
1367970 2386.0
1367980 2382.5
1367990 2382.5
1368000 2378.5
1368010 2375.1
1368020 2375.1
1368030 2370.4
1368040 2365.2
1368050 2365.2
1368060 2358.2
1368070 2350.5
1368080 2350.5
1368090 2342.9
1368100 2335.8
1368110 2328.6
1368120 2328.6
1368130 2320.9
1368140 2314.0
1368150 2314.0
1368160 2308.0
1368170 2302.9
1368180 2302.9
1368190 2297.2
1368200 2291.1
1368210 2291.1
1368220 2285.7
1368230 2280.7
1368240 2280.7
1368250 2274.9
1368260 2268.2
1368270 2268.2
1368280 2262.3
1368290 2256.8
1368300 2256.8
1368310 2250.9
1368320 2245.1
1368330 2245.1
1368340 2239.3
1368350 2234.7
1368360 2231.4
1368370 2231.4
1368380 2227.8
1368390 2225.1
1368400 2225.1
1368410 2221.2
1368420 2216.0
1368430 2216.0
1368440 2210.1
1368450 2203.7
1368460 2203.7
1368470 2197.3
1368480 2190.3
1368490 2190.3
1368500 2183.6
1368510 2176.8
1368520 2176.8
1368530 2169.9
1368540 2159.9
1368550 2159.9
1368560 2154.2
1368570 2149.6
1368580 2142.9
1368590 2142.9
1368600 2136.4
1368610 2130.3
1368620 2130.3
1368630 2125.9
1368640 2121.6
1368650 2121.6
1368660 2117.4
1368670 2114.6
1368680 2114.6
1368690 2112.7
1368700 2117.0
1368710 2117.0
1368720 2115.5
1368730 2114.8
1368740 2114.8
1368750 2112.3
1368760 2108.0
1368770 2108.0
1368780 2103.7
1368790 2099.5
1368800 2099.5
1368810 2094.2
1368820 2088.3
1368830 2083.6
1368840 2083.6
1368850 2082.3
1368860 2075.3
1368870 2075.3
1368880 2069.3
1368890 2064.9
1368900 2064.9
1368910 2062.6
1368920 2056.5
1368930 2056.5
1368940 2053.6
1368950 2053.2
1368960 2053.2
1368970 2054.3
1368980 2051.5
1368990 2051.5
1369000 2049.3
1369010 2046.3
1369020 2046.3
1369030 2043.8
1369040 2041.2
1369050 2041.2
1369060 2037.7
1369070 2032.8
1369080 2028.4
1369090 2028.4
1369100 2024.9
1369110 2021.9
1369120 2021.9
1369130 2019.1
1369140 2016.3
1369150 2016.3
1369160 2013.1
1369170 2009.5
1369180 2009.5
1369190 2005.1
1369200 2000.8
1369210 2000.8
1369220 1997.1
1369230 1993.6
1369240 1993.6
1369250 1991.4
1369260 1987.3
1369270 1987.3
1369280 1981.4
1369290 1975.1
1369300 1969.0
1369310 1969.0
1369320 1962.5
1369330 1954.6
1369340 1954.6
1369350 1942.5
1369360 1930.4
1369370 1930.4
1369380 1919.7
1369390 1908.7
1369400 1908.7
1369410 1893.6
1369420 1874.2
1369430 1874.2
1369440 1843.2
1369450 1824.0
1369460 1824.0
1369470 1808.4
1369480 1796.2
1369490 1796.2
1369500 1787.8
1369510 1779.4
1369520 1779.4
1369530 1768.8
1369540 1757.0
1369550 1747.9
1369560 1747.9
1369570 1741.6
1369580 1737.2
1369590 1737.2
1369600 1734.8
1369610 1733.8
1369620 1733.8
1369630 1734.6
1369640 1727.4
1369650 1727.4
1369660 1726.9
1369670 1726.5
1369680 1726.5
1369690 1717.4
1369700 1716.5
1369710 1716.5
1369720 1726.7
1369730 1718.2
1369740 1718.2
1369750 1709.7
1369760 1705.4
1369770 1699.1
1369780 1699.1
1369790 1692.9
1369800 1694.5
1369810 1694.5
1369820 1688.7
1369830 1683.4
1369840 1683.4
1369850 1675.9
1369860 1665.1
1369870 1665.1
1369880 1656.7
1369890 1652.3
1369900 1652.3
1369910 1648.0
1369920 1642.7
1369930 1642.7
1369940 1637.5
1369950 1632.8
1369960 1632.8
1369970 1627.8
1369980 1623.0
1369990 1623.0
1370000 1617.9
1370010 1612.3
1370020 1607.0
1370030 1607.0
1370040 1601.5
1370050 1596.3
1370060 1596.3
1370070 1593.4
1370080 1593.3
1370090 1593.3
1370100 1593.4
1370110 1593.8
1370120 1593.8
1370130 1594.4
1370140 1594.4
1370150 1594.4
1370160 1595.2
1370170 1596.1
1370180 1596.1
1370190 1596.6
1370200 1597.3
1370210 1597.3
1370220 1598.4
1370230 1599.7
1370240 1599.7
1370250 1601.3
1370260 1603.5
1370270 1605.0
1370280 1605.0
1370290 1606.5
1370300 1609.2
1370310 1609.2
1370320 1611.4
1370330 1613.1
1370340 1613.1
1370350 1614.1
1370360 1617.2
1370370 1617.2
1370380 1619.2
1370390 1621.3
1370400 1621.3
1370410 1622.9
1370420 1627.4
1370430 1627.4
1370440 1632.2
1370450 1636.4
1370460 1636.4
1370470 1641.1
1370480 1645.1
1370490 1649.3
1370500 1649.3
1370510 1653.8
1370520 1657.5
1370530 1657.5
1370540 1662.0
1370550 1667.5
1370560 1667.5
1370570 1673.6
1370580 1677.6
1370590 1677.6
1370600 1681.7
1370610 1686.5
1370620 1686.5
1370630 1691.8
1370640 1696.8
1370650 1696.8
1370660 1701.5
1370670 1706.2
1370680 1706.2
1370690 1711.5
1370700 1716.2
1370710 1716.2
1370720 1720.7
1370730 1723.6
1370740 1725.0
1370750 1725.0
1370760 1728.0
1370770 1728.2
1370780 1728.2
1370790 1727.2
1370800 1726.6
1370810 1726.6
1370820 1730.2
1370830 1734.3
1370840 1734.3
1370850 1762.4
1370860 1797.6
1370870 1797.6
1370880 1813.6
1370890 1824.3
1370900 1824.3
1370910 1831.1
1370920 1838.1
1370930 1838.1
1370940 1850.4
1370950 1854.6
1370960 1847.8
1370970 1847.8
1370980 1845.3
1370990 1848.0
1371000 1848.0
1371010 1857.9
1371020 1871.2
1371030 1871.2
1371040 1887.1
1371050 1895.1
1371060 1895.1
1371070 1898.8
1371080 1905.1
1371090 1905.1
1371100 1911.7
1371110 1920.6
1371120 1920.6
1371130 1931.3
1371140 1942.0
1371150 1942.0
1371160 1955.9
1371170 1966.7
1371180 1966.7
1371190 1977.4
1371200 1985.7
1371210 1994.3
1371220 1994.3
1371230 2000.9
1371240 2010.1
1371250 2010.1
1371260 2022.5
1371270 2043.2
1371280 2043.2
1371290 2051.7
1371300 2059.7
1371310 2059.7
1371320 2067.7
1371330 2067.9
1371340 2067.9
1371350 2069.6
1371360 2074.5
1371370 2074.5
1371380 2077.0
1371390 2080.9
1371400 2080.9
1371410 2086.8
1371420 2093.6
1371430 2093.6
1371440 2101.0
1371450 2108.3
1371460 2116.1
1371470 2116.1
1371480 2123.8
1371490 2131.2
1371500 2131.2
1371510 2138.5
1371520 2145.7
1371530 2145.7
1371540 2159.6
1371550 2185.9
1371560 2185.9
1371570 2211.6
1371580 2233.3
1371590 2233.3
1371600 2260.7
1371610 2270.6
1371620 2270.6
1371630 2274.2
1371640 2273.9
1371650 2273.9
1371660 2276.5
1371670 2281.1
1371680 2287.3
1371690 2287.3
1371700 2292.6
1371710 2298.3
1371720 2298.3
1371730 2304.3
1371740 2309.3
1371750 2309.3
1371760 2315.6
1371770 2327.1
1371780 2327.1
1371790 2338.3
1371800 2347.4
1371810 2347.4
1371820 2356.3
1371830 2365.0
1371840 2365.0
1371850 2374.2
1371860 2379.0
1371870 2379.0
1371880 2383.0
1371890 2394.5
1371900 2394.5
1371910 2406.3
1371920 2415.8
1371930 2423.1
1371940 2423.1
1371950 2430.5
1371960 2438.3
1371970 2438.3
1371980 2445.5
1371990 2452.8
1372000 2452.8
1372010 2460.5
1372020 2468.8
1372030 2468.8
1372040 2474.9
1372050 2481.7
1372060 2481.7
1372070 2486.5
1372080 2492.5
1372090 2492.5
1372100 2500.1
1372110 2507.5
1372120 2507.5
1372130 2511.2
1372140 2520.1
1372150 2529.6
1372160 2529.6
1372170 2541.6
1372180 2554.7
1372190 2554.7
1372200 2567.4
1372210 2583.8
1372220 2583.8
1372230 2589.3
1372240 2596.9
1372250 2596.9
1372260 2599.9
1372270 2600.2
1372280 2600.2
1372290 2606.2
1372300 2613.2
1372310 2613.2
1372320 2614.9
1372330 2612.5
1372340 2612.5
1372350 2611.4
1372360 2612.3
1372370 2612.3
1372380 2610.4
1372390 2598.2
1372400 2577.1
1372410 2577.1
1372420 2563.8
1372430 2547.1
1372440 2547.1
1372450 2518.3
1372460 2511.2
1372470 2511.2
1372480 2505.6
1372490 2502.4
1372500 2502.4
1372510 2501.8
1372520 2486.6
1372530 2486.6
1372540 2481.6
1372550 2477.6
1372560 2477.6
1372570 2467.1
1372580 2452.5
1372590 2452.5
1372600 2447.8
1372610 2444.6
1372620 2444.6
1372630 2440.0
1372640 2434.2
1372650 2427.9
1372660 2427.9
1372670 2422.1
1372680 2413.0
1372690 2413.0
1372700 2405.7
1372710 2399.4
1372720 2399.4
1372730 2393.6
1372740 2387.4
1372750 2387.4
1372760 2381.2
1372770 2375.6
1372780 2375.6
1372790 2370.8
1372800 2367.1
1372810 2367.1
1372820 2364.4
1372830 2363.6
1372840 2363.6
1372850 2362.1
1372860 2359.9
1372870 2357.6
1372880 2357.6
1372890 2355.8
1372900 2354.9
1372910 2354.9
1372920 2353.0
1372930 2352.1
1372940 2352.1
1372950 2349.8
1372960 2348.5
1372970 2348.5
1372980 2348.1
1372990 2347.5
1373000 2347.5
1373010 2346.7
1373020 2346.3
1373030 2346.3
1373040 2345.4
1373050 2343.5
1373060 2343.5
1373070 2342.3
1373080 2340.5
1373090 2340.5
1373100 2339.5
1373110 2338.8
1373120 2337.6
1373130 2337.6
1373140 2336.2
1373150 2333.2
1373160 2333.2
1373170 2331.6
1373180 2329.6
1373190 2329.6
1373200 2329.1
1373210 2327.7
1373220 2327.7
1373230 2326.1
1373240 2324.6
1373250 2324.6
1373260 2323.1
1373270 2320.2
1373280 2320.2
1373290 2318.1
1373300 2317.9
1373310 2317.9
1373320 2317.0
1373330 2314.9
1373340 2315.7
1373350 2315.7
1373360 2317.3
1373370 2318.3
1373380 2318.3
1373390 2318.7
1373400 2318.4
1373410 2318.4
1373420 2317.9
1373430 2317.3
1373440 2317.3
1373450 2316.9
1373460 2316.2
1373470 2316.2
1373480 2315.5
1373490 2314.4
1373500 2314.4
1373510 2313.9
1373520 2313.2
1373530 2313.2
1373540 2312.3
1373550 2311.4
1373560 2311.4
1373570 2309.8
1373580 2308.8
1373590 2307.3
1373600 2307.3
1373610 2305.9
1373620 2305.6
1373630 2305.6
1373640 2305.9
1373650 2307.0
1373660 2307.0
1373670 2308.2
1373680 2311.0
1373690 2311.0
1373700 2314.2
1373710 2317.8
1373720 2317.8
1373730 2322.2
1373740 2325.4
1373750 2325.4
1373760 2326.9
1373770 2324.5
1373780 2324.5
1373790 2323.5
1373800 2321.7
1373810 2321.7
1373820 2320.5
1373830 2318.5
1373840 2318.4
1373850 2318.4
1373860 2317.9
1373870 2318.9
1373880 2318.9
1373890 2323.9
1373900 2333.0
1373910 2333.0
1373920 2342.6
1373930 2350.3
1373940 2350.3
1373950 2350.5
1373960 2347.7
1373970 2347.7
1373980 2344.3
1373990 2338.4
1374000 2338.4
1374010 2329.0
1374020 2321.2
1374030 2321.2
1374040 2316.0
1374050 2313.0
1374060 2305.3
1374070 2305.3
1374080 2288.3
1374090 2274.6
1374100 2274.6
1374110 2268.3
1374120 2262.1
1374130 2262.1
1374140 2256.1
1374150 2252.1
1374160 2252.1
1374170 2249.1
1374180 2249.2
1374190 2249.2
1374200 2252.0
1374210 2251.9
1374220 2251.9
1374230 2247.1
1374240 2248.1
1374250 2248.1
1374260 2248.7
1374270 2248.4
1374280 2248.4
1374290 2248.1
1374300 2249.0
1374310 2250.1
1374320 2259.8
1374330 2264.5
1374340 2268.2
1374350 2268.2
1374360 2271.6
1374370 2270.9
1374380 2270.9
1374390 2266.2
1374400 2259.8
1374410 2259.8
1374420 2253.5
1374430 2250.0
1374440 2250.0
1374450 2249.1
1374460 2247.5
1374470 2247.5
1374480 2247.4
1374490 2245.9
1374500 2245.9
1374510 2245.6
1374520 2250.2
1374530 2249.3
1374540 2249.3
1374550 2251.0
1374560 2256.0
1374570 2256.0
1374580 2261.9
1374590 2267.0
1374600 2267.0
1374610 2271.5
1374620 2275.9
1374630 2275.9
1374640 2278.1
1374650 2281.5
1374660 2281.5
1374670 2287.7
1374680 2295.2
1374690 2295.2
1374700 2302.2
1374710 2310.8
1374720 2310.8
1374730 2319.1
1374740 2326.7
1374750 2326.7
1374760 2335.4
1374770 2342.9
1374780 2349.8
1374790 2349.8
1374800 2356.3
1374810 2364.2
1374820 2364.2
1374830 2378.1
1374840 2386.7
1374850 2386.7
1374860 2379.4
1374870 2365.8
1374880 2365.8
1374890 2349.9
1374900 2341.0
1374910 2341.0
1374920 2329.3
1374930 2317.3
1374940 2317.3
1374950 2309.1
1374960 2301.2
1374970 2301.2
1374980 2293.0
1374990 2284.8
1375000 2284.8
1375010 2278.9
1375020 2273.1
1375030 2263.2
1375040 2263.2
1375050 2248.0
1375060 2236.8
1375070 2236.8
1375080 2228.0
1375090 2220.9
1375100 2220.9
1375110 2212.5
1375120 2202.5
1375130 2202.5
1375140 2194.9
1375150 2186.5
1375160 2186.5
1375170 2177.9
1375180 2169.4
1375190 2169.4
1375200 2161.3
1375210 2153.7
1375220 2153.7
1375230 2147.0
1375240 2140.1
1375250 2134.0
1375260 2134.0
1375270 2127.8
1375280 2122.0
1375290 2122.0
1375300 2116.6
1375310 2111.9
1375320 2111.9
1375330 2107.7
1375340 2103.7
1375350 2103.7
1375360 2100.6
1375370 2097.7
1375380 2097.7
1375390 2095.1
1375400 2091.2
1375410 2091.2
1375420 2088.0
1375430 2084.3
1375440 2084.3
1375450 2080.4
1375460 2077.5
1375470 2077.5
1375480 2077.4
1375490 2073.7
1375500 2069.4
1375510 2069.4
1375520 2066.2
1375530 2063.1
1375540 2063.1
1375550 2059.3
1375560 2053.2
1375570 2053.2
1375580 2046.5
1375590 2040.2
1375600 2040.2
1375610 2035.1
1375620 2029.8
1375630 2029.8
1375640 2025.3
1375650 2023.2
1375660 2023.2
1375670 2019.5
1375680 2014.6
1375690 2014.6
1375700 2010.7
1375710 2005.6
1375720 2000.3
1375730 2000.3
1375740 2001.0
1375750 2000.2
1375760 2000.2
1375770 1995.8
1375780 1991.2
1375790 1991.2
1375800 1985.8
1375810 1980.2
1375820 1980.2
1375830 1973.4
1375840 1961.5
1375850 1961.5
1375860 1945.2
1375870 1934.2
1375880 1934.2
1375890 1932.2
1375900 1932.3
1375910 1932.3
1375920 1936.0
1375930 1932.6
1375940 1932.6
1375950 1919.2
1375960 1908.5
1375970 1899.9
1375980 1899.9
1375990 1891.6
1376000 1881.8
1376010 1881.8
1376020 1872.6
1376030 1870.4
1376040 1870.4
1376050 1875.4
1376060 1872.0
1376070 1872.0
1376080 1866.7
1376090 1866.6
1376100 1866.6
1376110 1866.1
1376120 1866.5
1376130 1866.5
1376140 1866.9
1376150 1870.6
1376160 1870.6
1376170 1873.5
1376180 1872.7
1376190 1872.7
1376200 1853.8
1376210 1837.8
1376220 1833.3
1376230 1833.3
1376240 1837.5
1376250 1842.1
1376260 1842.1
1376270 1847.7
1376280 1844.9
1376290 1844.9
1376300 1837.5
1376310 1831.5
1376320 1831.5
1376330 1812.7
1376340 1796.7
1376350 1796.7
1376360 1780.5
1376370 1761.6
1376380 1761.6
1376390 1745.0
1376400 1733.7
1376410 1733.7
1376420 1724.2
1376430 1714.5
1376440 1714.5
1376450 1714.5
1376460 1713.8
1376470 1700.0
1376480 1700.0
1376490 1689.1
1376500 1683.6
1376510 1683.6
1376520 1671.5
1376530 1662.4
1376540 1662.4
1376550 1655.3
1376560 1643.5
1376570 1643.5
1376580 1625.3
1376590 1609.6
1376600 1609.6
1376610 1603.0
1376620 1600.4
1376630 1600.4
1376640 1603.3
1376650 1605.3
1376660 1605.3
1376670 1607.7
1376680 1611.8
1376690 1615.5
1376700 1615.5
1376710 1618.9
1376720 1621.8
1376730 1621.8
1376740 1624.2
1376750 1627.8
1376760 1627.8
1376770 1631.5
1376780 1634.2
1376790 1634.2
1376800 1637.3
1376810 1640.5
1376820 1640.5
1376830 1643.4
1376840 1647.5
1376850 1647.5
1376860 1651.6
1376870 1655.2
1376880 1655.2
1376890 1659.0
1376900 1663.6
1376910 1666.7
1376920 1666.7
1376930 1669.0
1376940 1672.2
1376950 1672.2
1376960 1675.6
1376970 1679.2
1376980 1679.2
1376990 1681.7
1377000 1683.6
1377010 1683.6
1377020 1687.7
1377030 1688.6
1377040 1688.6
1377050 1689.9
1377060 1691.5
1377070 1691.5
1377080 1692.8
1377090 1693.6
1377100 1693.6
1377110 1697.5
1377120 1706.1
1377130 1706.1
1377140 1718.7
1377150 1731.5
1377160 1735.7
1377170 1735.7
1377180 1738.5
1377190 1746.2
1377200 1746.2
1377210 1753.4
1377220 1759.7
1377230 1759.7
1377240 1765.8
1377250 1781.6
1377260 1781.6
1377270 1801.7
1377280 1820.1
1377290 1820.1
1377300 1829.2
1377310 1837.5
1377320 1837.5
1377330 1845.5
1377340 1853.1
1377350 1853.1
1377360 1861.6
1377370 1870.5
1377380 1870.5
1377390 1879.0
1377400 1888.0
1377410 1899.1
1377420 1899.1
1377430 1911.3
1377440 1929.4
1377450 1929.4
1377460 1941.9
1377470 1957.6
1377480 1957.6
1377490 1969.4
1377500 1976.7
1377510 1976.7
1377520 1983.5
1377530 1990.7
1377540 1990.7
1377550 1998.0
1377560 2005.2
1377570 2005.2
1377580 2012.4
1377590 2020.2
1377600 2020.2
1377610 2027.8
1377620 2035.3
1377630 2042.9
1377640 2042.9
1377650 2053.4
1377660 2067.2
1377670 2067.2
1377680 2081.6
1377690 2091.6
1377700 2091.6
1377710 2099.4
1377720 2103.6
1377730 2103.6
1377740 2108.2
1377750 2111.5
1377760 2111.5
1377770 2117.2
1377780 2124.3
1377790 2124.3
1377800 2132.6
1377810 2144.6
1377820 2144.6
1377830 2157.9
1377840 2162.5
1377850 2162.5
1377860 2166.4
1377870 2168.9
1377880 2170.2
1377890 2170.2
1377900 2171.8
1377910 2174.8
1377920 2174.8
1377930 2179.3
1377940 2183.7
1377950 2183.7
1377960 2187.8
1377970 2191.5
1377980 2191.5
1377990 2195.1
1378000 2198.5
1378010 2198.5
1378020 2201.4
1378030 2204.4
1378040 2204.4
1378050 2206.9
1378060 2209.7
1378070 2209.7
1378080 2212.8
1378090 2216.5
1378100 2216.5
1378110 2220.2
1378120 2223.3
1378130 2226.3
1378140 2226.3
1378150 2229.2
1378160 2231.8
1378170 2231.8
1378180 2233.2
1378190 2233.6
1378200 2233.6
1378210 2233.2
1378220 2233.3
1378230 2233.3
1378240 2234.5
1378250 2236.9
1378260 2236.9
1378270 2239.5
1378280 2242.2
1378290 2242.2
1378300 2245.0
1378310 2248.1
1378320 2248.1
1378330 2251.6
1378340 2254.1
1378350 2255.5
1378360 2255.5
1378370 2258.2
1378380 2261.4
1378390 2261.4
1378400 2263.6
1378410 2262.8
1378420 2262.8
1378430 2262.0
1378440 2264.4
1378450 2264.4
1378460 2270.2
1378470 2276.3
1378480 2276.3
1378490 2280.4
1378500 2282.6
1378510 2282.6
1378520 2285.4
1378530 2288.6
1378540 2288.6
1378550 2293.2
1378560 2297.7
1378570 2297.7
1378580 2302.7
1378590 2306.6
1378600 2309.3
1378610 2309.3
1378620 2312.6
1378630 2317.5
1378640 2317.5
1378650 2322.7
1378660 2327.8
1378670 2327.8
1378680 2333.0
1378690 2337.5
1378700 2337.5
1378710 2341.6
1378720 2345.4
1378730 2345.4
1378740 2349.2
1378750 2353.5
1378760 2353.5
1378770 2358.0
1378780 2362.5
1378790 2362.5
1378800 2366.8
1378810 2370.9
1378820 2375.2
1378830 2375.2
1378840 2378.7
1378850 2379.8
1378860 2379.8
1378870 2380.5
1378880 2386.7
1378890 2386.7
1378900 2394.8
1378910 2402.5
1378920 2402.5
1378930 2410.0
1378940 2417.6
1378950 2417.6
1378960 2425.1
1378970 2432.9
1378980 2432.9
1378990 2441.0
1379000 2448.7
1379010 2448.7
1379020 2456.0
1379030 2444.8
1379040 2444.8
1379050 2443.3
1379060 2443.6
1379070 2446.3
1379080 2446.3
1379090 2449.5
1379100 2451.4
1379110 2451.4
1379120 2453.8
1379130 2456.7
1379140 2456.7
1379150 2458.7
1379160 2460.6
1379170 2460.6
1379180 2463.1
1379190 2465.6
1379200 2465.6
1379210 2467.0
1379220 2469.3
1379230 2469.3
1379240 2471.2
1379250 2474.5
1379260 2474.5
1379270 2478.4
1379280 2481.8
1379290 2481.8
1379300 2484.3
1379310 2488.3
1379320 2492.6
1379330 2492.6
1379340 2496.2
1379350 2498.8
1379360 2498.8
1379370 2502.9
1379380 2507.5
1379390 2507.5
1379400 2513.2
1379410 2519.0
1379420 2519.0
1379430 2525.4
1379440 2533.0
1379450 2533.0
1379460 2540.9
1379470 2548.2
1379480 2548.2
1379490 2555.3
1379500 2563.0
1379510 2563.0
1379520 2570.3
1379530 2576.2
1379540 2580.2
1379550 2580.2
1379560 2583.1
1379570 2584.8
1379580 2584.8
1379590 2585.9
1379600 2588.0
1379610 2588.0
1379620 2590.9
1379630 2593.8
1379640 2593.8
1379650 2598.3
1379660 2602.6
1379670 2602.6
1379680 2606.6
1379690 2610.9
1379700 2610.9
1379710 2615.6
1379720 2620.4
1379730 2620.4
1379740 2625.1
1379750 2628.8
1379760 2628.8
1379770 2630.0
1379780 2634.6
1379790 2638.5
1379800 2638.5
1379810 2643.8
1379820 2650.1
1379830 2650.1
1379840 2655.3
1379850 2660.9
1379860 2660.9
1379870 2666.3
1379880 2671.5
1379890 2671.5
1379900 2675.8
1379910 2677.8
1379920 2677.8
1379930 2679.7
1379940 2683.3
1379950 2683.3
1379960 2688.4
1379970 2696.1
1379980 2696.1
1379990 2700.1
