1360000 2699.2
1360010 2696.6
1360020 2694.8
1360030 2693.2
1360040 2693.2
1360050 2691.6
1360060 2691.0
1360070 2691.0
1360080 2690.3
1360090 2688.2
1360100 2688.2
1360110 2685.6
1360120 2684.2
1360130 2684.2
1360140 2683.5
1360150 2682.3
1360160 2682.3
1360170 2680.4
1360180 2677.9
1360190 2677.9
1360200 2675.6
1360210 2674.5
1360220 2674.5
1360230 2673.5
1360240 2672.2
1360250 2671.9
1360260 2671.9
1360270 2671.1
1360280 2670.3
1360290 2670.3
1360300 2667.6
1360310 2664.2
1360320 2664.2
1360330 2657.7
1360340 2650.6
1360350 2650.6
1360360 2643.8
1360370 2636.6
1360380 2636.6
1360390 2629.7
1360400 2622.7
1360410 2622.7
1360420 2615.7
1360430 2608.9
1360440 2608.9
1360450 2602.3
1360460 2594.9
1360470 2594.9
1360480 2585.8
1360490 2574.5
1360500 2569.0
1360510 2569.0
1360520 2558.2
1360530 2545.7
1360540 2545.7
1360550 2539.4
1360560 2533.5
1360570 2533.5
1360580 2528.0
1360590 2522.5
1360600 2522.5
1360610 2516.7
1360620 2510.3
1360630 2510.3
1360640 2505.0
1360650 2505.8
1360660 2505.8
1360670 2504.3
1360680 2504.5
1360690 2504.5
1360700 2502.8
1360710 2500.9
1360720 2500.9
1360730 2500.4
1360740 2500.2
1360750 2498.9
1360760 2498.9
1360770 2496.9
1360780 2495.5
1360790 2495.5
1360800 2494.5
1360810 2493.8
1360820 2493.8
1360830 2493.7
1360840 2493.0
1360850 2493.0
1360860 2492.1
1360870 2491.8
1360880 2491.8
1360890 2490.2
1360900 2488.1
1360910 2488.1
1360920 2485.5
1360930 2483.5
1360940 2483.5
1360950 2483.1
1360960 2484.2
1360970 2484.8
1360980 2489.7
1360990 2490.6
1361000 2491.6
1361010 2491.6
1361020 2493.4
1361030 2496.4
1361040 2496.4
1361050 2499.4
1361060 2501.3
1361070 2501.3
1361080 2501.4
1361090 2501.1
1361100 2501.1
1361110 2497.7
1361120 2491.8
1361130 2491.8
1361140 2486.5
1361150 2481.3
1361160 2481.3
1361170 2476.7
1361180 2472.7
1361190 2472.7
1361200 2469.1
1361210 2466.2
1361220 2463.6
1361230 2463.6
1361240 2460.3
1361250 2455.3
1361260 2455.3
1361270 2450.6
1361280 2444.2
1361290 2444.2
1361300 2441.5
1361310 2438.0
1361320 2438.0
1361330 2430.7
1361340 2417.7
1361350 2417.7
1361360 2411.6
1361370 2407.0
1361380 2407.0
1361390 2402.9
1361400 2399.7
1361410 2399.7
1361420 2395.6
1361430 2389.9
1361440 2389.9
1361450 2384.2
1361460 2377.4
1361470 2372.5
1361480 2372.5
1361490 2368.1
1361500 2365.0
1361510 2365.0
1361520 2362.2
1361530 2358.6
1361540 2358.6
1361550 2353.3
1361560 2349.3
1361570 2349.3
1361580 2345.8
1361590 2342.7
1361600 2342.7
1361610 2341.5
1361620 2341.2
1361630 2341.2
1361640 2342.0
1361650 2342.7
1361660 2342.7
1361670 2344.0
1361680 2344.0
1361690 2344.0
1361700 2340.7
1361710 2337.0
1361720 2333.0
1361730 2333.0
1361740 2330.2
1361750 2329.6
1361760 2329.6
1361770 2329.1
1361780 2328.4
1361790 2328.4
1361800 2326.9
1361810 2325.4
1361820 2325.4
1361830 2326.2
1361840 2325.2
1361850 2325.2
1361860 2322.9
1361870 2322.0
1361880 2322.0
1361890 2321.2
1361900 2320.7
1361910 2320.7
1361920 2319.3
1361930 2318.4
1361940 2319.6
1361950 2319.6
1361960 2320.1
1361970 2319.6
1361980 2319.6
1361990 2318.7
1362000 2315.9
1362010 2308.1
1362020 2306.2
1362030 2303.3
1362040 2303.3
1362050 2299.6
1362060 2296.9
1362070 2296.9
1362080 2295.0
1362090 2294.2
1362100 2294.2
1362110 2292.3
1362120 2290.0
1362130 2290.0
1362140 2286.5
1362150 2283.2
1362160 2283.2
1362170 2280.4
1362180 2277.4
1362190 2274.7
1362200 2274.7
1362210 2272.4
1362220 2269.8
1362230 2269.8
1362240 2266.1
1362250 2261.6
1362260 2261.6
1362270 2256.3
1362280 2253.2
1362290 2253.2
1362300 2251.4
1362310 2249.1
1362320 2249.1
1362330 2247.7
1362340 2246.3
1362350 2246.3
1362360 2244.5
1362370 2241.8
1362380 2241.8
1362390 2238.6
1362400 2235.6
1362410 2235.6
1362420 2233.3
1362430 2231.4
1362440 2229.8
1362450 2229.8
1362460 2227.3
1362470 2224.2
1362480 2224.2
1362490 2221.2
1362500 2218.3
1362510 2218.3
1362520 2216.3
1362530 2214.3
1362540 2214.3
1362550 2212.1
1362560 2209.6
1362570 2209.6
1362580 2208.2
1362590 2205.6
1362600 2205.6
1362610 2201.1
1362620 2196.2
1362630 2196.2
1362640 2191.7
1362650 2188.0
1362660 2183.6
1362670 2183.6
1362680 2178.6
1362690 2174.5
1362700 2174.5
1362710 2170.2
1362720 2165.3
1362730 2165.3
1362740 2160.2
1362750 2155.5
1362760 2155.5
1362770 2150.8
1362780 2145.9
1362790 2145.9
1362800 2141.6
1362810 2138.2
1362820 2138.2
1362830 2133.7
1362840 2128.6
1362850 2128.6
1362860 2123.7
1362870 2119.1
1362880 2119.1
1362890 2112.6
1362900 2104.8
1362910 2098.7
1362920 2098.7
1362930 2093.5
1362940 2087.7
1362950 2087.7
1362960 2082.7
1362970 2079.2
1362980 2079.2
1362990 2073.7
1363000 2068.3
1363010 2068.3
1363020 2064.9
1363030 2061.7
1363040 2061.7
1363050 2057.1
1363060 2047.2
1363070 2047.2
1363080 2043.3
1363090 2038.9
1363100 2038.9
1363110 2035.7
1363120 2030.9
1363130 2030.9
1363140 2023.1
1363150 2017.0
1363160 2014.8
1363170 2014.8
1363180 2012.8
1363190 2009.6
1363200 2009.6
1363210 2004.9
1363220 2000.7
1363230 2000.7
1363240 1997.0
1363250 1993.4
1363260 1993.4
1363270 1989.6
1363280 1985.6
1363290 1985.6
1363300 1980.0
1363310 1974.4
1363320 1974.4
1363330 1969.6
1363340 1964.8
1363350 1964.8
1363360 1960.7
1363370 1957.2
1363380 1957.2
1363390 1954.6
1363400 1952.6
1363410 1948.7
1363420 1948.7
1363430 1943.1
1363440 1938.9
1363450 1938.9
1363460 1935.7
1363470 1932.2
1363480 1932.2
1363490 1928.9
1363500 1924.7
1363510 1924.7
1363520 1919.7
1363530 1915.8
1363540 1915.8
1363550 1912.4
1363560 1909.5
1363570 1909.5
1363580 1905.2
1363590 1901.4
1363600 1901.4
1363610 1898.4
1363620 1895.2
1363630 1892.0
1363640 1892.0
1363650 1888.1
1363660 1884.5
1363670 1884.5
1363680 1879.5
1363690 1872.4
1363700 1872.4
1363710 1867.1
1363720 1864.1
1363730 1864.1
1363740 1858.5
1363750 1851.3
1363760 1851.3
1363770 1847.4
1363780 1843.7
1363790 1843.7
1363800 1839.4
1363810 1835.4
1363820 1835.4
1363830 1830.5
1363840 1824.2
1363850 1824.2
1363860 1816.4
1363870 1810.8
1363880 1807.1
1363890 1807.1
1363900 1802.5
1363910 1799.1
1363920 1799.1
1363930 1794.5
1363940 1790.6
1363950 1790.6
1363960 1787.4
1363970 1780.5
1363980 1780.5
1363990 1769.4
1364000 1759.4
1364010 1759.4
1364020 1751.8
1364030 1745.7
1364040 1745.7
1364050 1739.1
1364060 1732.2
1364070 1732.2
1364080 1726.7
1364090 1720.6
1364100 1720.6
1364110 1705.9
1364120 1699.3
1364130 1693.1
1364140 1693.1
1364150 1687.9
1364160 1682.6
1364170 1682.6
1364180 1676.9
1364190 1671.1
1364200 1671.1
1364210 1664.9
1364220 1659.7
1364230 1659.7
1364240 1654.9
1364250 1647.5
1364260 1647.5
1364270 1641.3
1364280 1634.8
1364290 1634.8
1364300 1628.5
1364310 1622.4
1364320 1622.4
1364330 1616.6
1364340 1611.1
1364350 1605.0
1364360 1605.0
1364370 1599.4
1364380 1593.6
1364390 1593.6
1364400 1588.2
1364410 1581.7
1364420 1581.7
1364430 1575.8
1364440 1571.4
1364450 1571.4
1364460 1568.3
1364470 1563.7
1364480 1563.7
1364490 1558.0
1364500 1553.3
1364510 1553.3
1364520 1548.6
1364530 1544.5
1364540 1544.5
1364550 1539.8
1364560 1532.4
1364570 1532.4
1364580 1524.0
1364590 1516.5
1364600 1507.3
1364610 1507.3
1364620 1497.0
1364630 1487.9
1364640 1487.9
1364650 1480.3
1364660 1472.6
1364670 1472.6
1364680 1465.7
1364690 1458.9
1364700 1458.9
1364710 1453.0
1364720 1448.4
1364730 1448.4
1364740 1441.9
1364750 1433.7
1364760 1433.7
1364770 1425.7
1364780 1419.5
1364790 1419.5
1364800 1413.5
1364810 1407.5
1364820 1407.5
1364830 1399.8
1364840 1388.7
1364850 1377.0
1364860 1377.0
1364870 1367.1
1364880 1359.3
1364890 1359.3
1364900 1352.0
1364910 1346.4
1364920 1346.4
1364930 1340.8
1364940 1335.3
1364950 1335.3
1364960 1330.2
1364970 1326.6
1364980 1326.6
1364990 1327.2
1365000 1328.1
1365010 1328.1
1365020 1330.3
1365030 1328.1
1365040 1328.1
1365050 1321.9
1365060 1317.0
1365070 1313.0
1365080 1313.0
1365090 1310.9
1365100 1311.3
1365110 1311.3
1365120 1319.2
1365130 1324.7
1365140 1324.7
1365150 1325.0
1365160 1329.5
1365170 1329.5
1365180 1329.9
1365190 1334.8
1365200 1334.8
1365210 1343.2
1365220 1350.4
1365230 1350.4
1365240 1354.7
1365250 1357.8
1365260 1357.8
1365270 1360.1
1365280 1363.3
1365290 1363.3
1365300 1367.0
1365310 1370.2
1365320 1374.1
1365330 1374.1
1365340 1377.7
1365350 1380.5
1365360 1380.5
1365370 1383.2
1365380 1386.4
1365390 1386.4
1365400 1389.7
1365410 1393.4
1365420 1393.4
1365430 1399.7
1365440 1406.5
1365450 1406.5
1365460 1412.8
1365470 1418.6
1365480 1418.6
1365490 1424.4
1365500 1430.6
1365510 1430.6
1365520 1436.4
1365530 1443.1
1365540 1443.1
1365550 1449.2
1365560 1455.1
1365570 1460.7
1365580 1460.7
1365590 1466.4
1365600 1472.2
1365610 1472.2
1365620 1478.0
1365630 1484.0
1365640 1484.0
1365650 1490.4
1365660 1498.0
1365670 1498.0
1365680 1505.4
1365690 1512.0
1365700 1512.0
1365710 1517.7
1365720 1522.4
1365730 1522.4
1365740 1527.0
1365750 1531.3
1365760 1531.3
1365770 1535.4
1365780 1539.1
1365790 1539.1
1365800 1542.4
1365810 1546.2
1365820 1550.0
1365830 1550.0
1365840 1554.7
1365850 1559.0
1365860 1559.0
1365870 1565.0
1365880 1573.1
1365890 1573.1
1365900 1581.7
1365910 1588.5
1365920 1588.5
1365930 1595.2
1365940 1603.8
1365950 1603.8
1365960 1615.9
1365970 1627.4
1365980 1627.4
1365990 1637.7
1366000 1649.0
1366010 1649.0
1366020 1659.8
1366030 1670.4
1366040 1681.6
1366050 1681.6
1366060 1692.5
1366070 1704.0
1366080 1704.0
1366090 1717.0
1366100 1728.7
1366110 1728.7
1366120 1738.2
1366130 1746.0
1366140 1746.0
1366150 1753.5
1366160 1761.1
1366170 1761.1
1366180 1767.8
1366190 1776.0
1366200 1776.0
1366210 1784.7
1366220 1793.2
1366230 1785.8
1366240 1793.0
1366250 1800.8
1366260 1800.8
1366270 1808.8
1366280 1808.3
1366290 1807.8
1366300 1807.8
1366310 1815.8
1366320 1823.9
1366330 1823.9
1366340 1835.0
1366350 1845.6
1366360 1845.6
1366370 1857.2
1366380 1866.7
1366390 1866.7
1366400 1878.9
1366410 1894.7
1366420 1894.7
1366430 1909.9
1366440 1925.3
1366450 1925.3
1366460 1940.2
1366470 1955.8
1366480 1955.8
1366490 1966.1
1366500 1978.2
1366510 1978.2
1366520 1994.4
1366530 2014.6
1366540 2025.1
1366550 2025.1
1366560 2025.0
1366570 2018.3
1366580 2018.3
1366590 2010.7
1366600 2002.9
1366610 2002.9
1366620 1994.9
1366630 1987.5
1366640 1987.5
1366650 1979.4
1366660 1972.0
1366670 1972.0
1366680 1966.1
1366690 1960.4
1366700 1960.4
1366710 1954.2
1366720 1948.9
1366730 1948.9
1366740 1943.9
1366750 1939.2
1366760 1933.6
1366770 1933.6
1366780 1928.5
1366790 1923.4
1366800 1923.4
1366810 1920.0
1366820 1918.2
1366830 1918.2
1366840 1917.4
1366850 1917.3
1366860 1917.3
1366870 1916.4
1366880 1914.8
1366890 1914.8
1366900 1910.3
1366910 1904.7
1366920 1904.7
1366930 1899.7
1366940 1894.9
1366950 1894.9
1366960 1889.5
1366970 1884.3
1366980 1884.3
1366990 1879.2
1367000 1875.4
1367010 1872.7
1367020 1872.7
1367030 1870.6
1367040 1867.8
1367050 1867.8
1367060 1864.8
1367070 1861.9
1367080 1861.9
1367090 1858.8
1367100 1856.3
1367110 1856.3
1367120 1853.7
1367130 1852.2
1367140 1852.2
1367150 1851.3
1367160 1849.8
1367170 1849.8
1367180 1849.4
1367190 1848.7
1367200 1848.7
1367210 1847.2
1367220 1845.4
1367230 1845.4
1367240 1844.6
1367250 1843.4
1367260 1842.9
1367270 1842.9
1367280 1842.9
1367290 1842.1
1367300 1842.1
1367310 1849.5
1367320 1849.4
1367330 1849.4
1367340 1848.1
1367350 1846.7
1367360 1846.7
1367370 1845.6
1367380 1844.1
1367390 1844.1
1367400 1842.6
1367410 1841.6
1367420 1841.6
1367430 1841.3
1367440 1841.1
1367450 1841.1
1367460 1840.9
1367470 1839.9
1367480 1839.4
1367490 1839.4
1367500 1839.0
1367510 1838.9
1367520 1838.9
1367530 1839.1
1367540 1840.0
1367550 1840.0
1367560 1842.4
1367570 1845.0
1367580 1845.0
1367590 1848.8
1367600 1853.2
1367610 1853.2
1367620 1856.6
1367630 1855.8
1367640 1855.8
1367650 1854.4
1367660 1851.3
1367670 1851.3
1367680 1846.6
1367690 1843.7
1367700 1843.7
1367710 1840.5
1367720 1833.4
1367730 1825.6
1367740 1825.6
1367750 1819.2
1367760 1812.4
1367770 1812.4
1367780 1806.1
1367790 1801.0
1367800 1801.0
1367810 1795.5
1367820 1789.8
1367830 1789.8
1367840 1782.4
1367850 1772.7
1367860 1772.7
1367870 1759.5
1367880 1751.1
1367890 1751.1
1367900 1742.9
1367910 1735.1
1367920 1735.1
1367930 1725.5
1367940 1716.2
1367950 1716.2
1367960 1708.8
1367970 1699.0
1367980 1690.3
1367990 1690.3
1368000 1681.5
1368010 1673.3
1368020 1673.3
1368030 1662.4
1368040 1653.2
1368050 1653.2
1368060 1644.1
1368070 1635.7
1368080 1635.7
1368090 1628.1
1368100 1621.5
1368110 1621.5
1368120 1615.8
1368130 1611.0
1368140 1611.0
1368150 1606.0
1368160 1599.6
1368170 1599.6
1368180 1588.8
1368190 1576.0
1368200 1576.0
1368210 1560.2
1368220 1549.6
1368230 1538.1
1368240 1538.1
1368250 1523.8
1368260 1508.1
1368270 1508.1
1368280 1494.5
1368290 1485.4
1368300 1485.4
1368310 1480.5
1368320 1478.7
1368330 1478.7
1368340 1477.5
1368350 1476.0
1368360 1476.0
1368370 1476.4
1368380 1475.7
1368390 1475.7
1368400 1486.3
1368410 1501.6
1368420 1501.6
1368430 1513.3
1368440 1510.9
1368450 1503.3
1368460 1503.3
1368470 1498.7
1368480 1493.5
1368490 1493.5
1368500 1486.6
1368510 1479.2
1368520 1479.2
1368530 1469.3
1368540 1456.8
1368550 1456.8
1368560 1441.6
1368570 1428.6
1368580 1428.6
1368590 1405.4
1368600 1387.1
1368610 1387.1
1368620 1369.4
1368630 1366.9
1368640 1366.9
1368650 1362.4
1368660 1358.5
1368670 1358.5
1368680 1357.0
1368690 1355.9
1368700 1354.7
1368710 1354.7
1368720 1353.6
1368730 1353.1
1368740 1353.1
1368750 1353.2
1368760 1353.5
1368770 1353.5
1368780 1353.9
1368790 1353.8
1368800 1353.8
1368810 1354.2
1368820 1355.0
1368830 1355.0
1368840 1355.4
1368850 1355.6
1368860 1355.6
1368870 1356.3
1368880 1357.0
1368890 1357.0
1368900 1358.1
1368910 1361.0
1368920 1361.0
1368930 1364.4
1368940 1367.1
1368950 1369.2
1368960 1369.2
1368970 1370.1
1368980 1372.2
1368990 1372.2
1369000 1375.1
1369010 1377.1
1369020 1377.1
1369030 1378.4
1369040 1380.2
1369050 1380.2
1369060 1382.9
1369070 1387.3
1369080 1387.3
1369090 1392.2
1369100 1397.6
1369110 1397.6
1369120 1403.0
1369130 1408.7
1369140 1408.7
1369150 1414.5
1369160 1420.5
1369170 1427.4
1369180 1427.4
1369190 1433.2
1369200 1437.6
1369210 1437.6
1369220 1439.2
1369230 1439.3
1369240 1439.3
1369250 1439.8
1369260 1442.3
1369270 1442.3
1369280 1452.0
1369290 1471.6
1369300 1471.6
1369310 1501.6
1369320 1503.0
1369330 1503.0
1369340 1504.5
1369350 1501.6
1369360 1501.6
1369370 1494.1
1369380 1496.6
1369390 1496.6
1369400 1500.6
1369410 1507.9
1369420 1515.1
1369430 1515.1
1369440 1521.2
1369450 1529.0
1369460 1529.0
1369470 1538.2
1369480 1553.3
1369490 1553.3
1369500 1572.2
1369510 1582.5
1369520 1582.5
1369530 1579.8
1369540 1588.4
1369550 1588.4
1369560 1614.2
1369570 1644.8
1369580 1644.8
1369590 1664.2
1369600 1679.0
1369610 1679.0
1369620 1700.4
1369630 1761.0
1369640 1761.0
1369650 1790.5
1369660 1801.6
1369670 1805.7
1369680 1805.7
1369690 1812.6
1369700 1828.0
1369710 1828.0
1369720 1826.7
1369730 1821.2
1369740 1821.2
1369750 1835.0
1369760 1848.8
1369770 1848.8
1369780 1855.7
1369790 1861.9
1369800 1861.9
1369810 1868.4
1369820 1876.8
1369830 1876.8
1369840 1884.3
1369850 1892.2
1369860 1892.2
1369870 1900.2
1369880 1910.6
1369890 1918.9
1369900 1918.9
1369910 1926.7
1369920 1934.7
1369930 1934.7
1369940 1941.5
1369950 1949.2
1369960 1949.2
1369970 1957.0
1369980 1967.5
1369990 1967.5
1370000 1978.9
1370010 1993.1
1370020 1993.1
1370030 2015.1
1370040 2027.2
1370050 2027.2
1370060 2032.5
1370070 2040.3
1370080 2040.3
1370090 2049.5
1370100 2060.1
1370110 2060.1
1370120 2071.6
1370130 2082.2
1370140 2093.2
1370150 2093.2
1370160 2102.4
1370170 2112.3
1370180 2112.3
1370190 2123.2
1370200 2133.8
1370210 2133.8
1370220 2143.8
1370230 2152.4
1370240 2152.4
1370250 2159.6
1370260 2166.6
1370270 2166.6
1370280 2174.4
1370290 2181.3
1370300 2181.3
1370310 2185.5
1370320 2188.5
1370330 2188.5
1370340 2191.2
1370350 2195.2
1370360 2195.2
1370370 2199.7
1370380 2205.2
1370390 2212.5
1370400 2212.5
1370410 2221.9
1370420 2226.3
1370430 2226.3
1370440 2239.9
1370450 2251.5
1370460 2251.5
1370470 2247.7
1370480 2248.6
1370490 2248.6
1370500 2253.4
1370510 2257.9
1370520 2257.9
1370530 2262.4
1370540 2270.9
1370550 2270.9
1370560 2274.2
1370570 2272.7
1370580 2272.7
1370590 2270.6
1370600 2271.9
1370610 2263.4
1370620 2264.5
1370630 2268.9
1370640 2276.2
1370650 2276.2
1370660 2281.4
1370670 2287.9
1370680 2287.9
1370690 2296.9
1370700 2301.7
1370710 2301.7
1370720 2307.0
1370730 2312.8
1370740 2312.8
1370750 2317.7
1370760 2322.3
1370770 2322.3
1370780 2327.1
1370790 2333.7
1370800 2333.7
1370810 2343.5
1370820 2353.5
1370830 2353.5
1370840 2361.8
1370850 2369.6
1370860 2374.4
1370870 2374.4
1370880 2381.2
1370890 2389.0
1370900 2389.0
1370910 2397.9
1370920 2407.1
1370930 2407.1
1370940 2415.5
1370950 2424.3
1370960 2424.3
1370970 2430.5
1370980 2438.7
1370990 2438.7
1371000 2448.0
1371010 2458.0
1371020 2458.0
1371030 2471.0
1371040 2486.0
1371050 2486.0
1371060 2496.8
1371070 2504.6
1371080 2504.6
1371090 2515.0
1371100 2526.6
1371110 2537.0
1371120 2537.0
1371130 2550.0
1371140 2553.5
1371150 2553.5
1371160 2561.4
1371170 2590.4
1371180 2590.4
1371190 2619.9
1371200 2642.0
1371210 2642.0
1371220 2656.1
1371230 2647.7
1371240 2647.7
1371250 2641.7
1371260 2635.4
1371270 2635.4
1371280 2628.5
1371290 2623.6
1371300 2623.6
1371310 2621.2
1371320 2622.3
1371330 2622.3
1371340 2624.4
1371350 2626.1
1371360 2633.2
1371370 2633.2
1371380 2634.8
1371390 2629.3
1371400 2629.3
1371410 2626.6
1371420 2629.9
1371430 2629.9
1371440 2641.0
1371450 2655.1
1371460 2655.1
1371470 2663.2
1371480 2659.5
1371490 2659.5
1371500 2652.2
1371510 2648.9
1371520 2648.9
1371530 2658.4
1371540 2665.2
1371550 2665.2
1371560 2663.3
1371570 2672.6
1371580 2683.4
1371590 2683.4
1371600 2688.9
1371610 2691.5
1371620 2691.5
1371630 2689.2
1371640 2688.8
1371650 2688.8
1371660 2691.4
1371670 2688.1
1371680 2688.1
1371690 2695.7
1371700 2703.1
1371710 2703.1
1371720 2710.6
1371730 2713.7
1371740 2713.7
1371750 2726.1
1371760 2741.5
1371770 2741.5
1371780 2749.9
1371790 2758.7
1371800 2758.7
1371810 2763.4
1371820 2740.5
1371830 2726.1
1371840 2726.1
1371850 2709.3
1371860 2695.0
1371870 2695.0
1371880 2685.1
1371890 2677.0
1371900 2677.0
1371910 2668.3
1371920 2658.9
1371930 2658.9
1371940 2649.8
1371950 2640.3
1371960 2640.3
1371970 2631.4
1371980 2623.4
1371990 2623.4
1372000 2615.3
1372010 2606.7
1372020 2606.7
1372030 2596.0
1372040 2585.2
1372050 2585.2
1372060 2577.9
1372070 2571.1
1372080 2563.7
1372090 2563.7
1372100 2556.2
1372110 2548.9
1372120 2548.9
1372130 2542.4
1372140 2536.0
1372150 2536.0
1372160 2529.3
1372170 2522.8
1372180 2522.8
1372190 2516.7
1372200 2511.1
1372210 2511.1
1372220 2505.7
1372230 2500.8
1372240 2500.8
1372250 2495.3
1372260 2489.8
1372270 2489.8
1372280 2483.8
1372290 2475.5
1372300 2449.5
1372310 2449.5
1372320 2437.8
1372330 2432.3
1372340 2432.3
1372350 2422.3
1372360 2410.2
1372370 2410.2
1372380 2402.7
1372390 2394.9
1372400 2394.9
1372410 2387.8
1372420 2380.8
1372430 2380.8
1372440 2374.1
1372450 2367.6
1372460 2367.6
1372470 2361.1
1372480 2355.3
1372490 2355.3
1372500 2349.5
1372510 2343.9
1372520 2343.9
1372530 2338.7
1372540 2333.3
1372550 2328.1
1372560 2328.1
1372570 2323.4
1372580 2319.1
1372590 2319.1
1372600 2314.5
1372610 2311.1
1372620 2311.1
1372630 2306.7
1372640 2302.7
1372650 2302.7
1372660 2298.8
1372670 2296.7
1372680 2296.7
1372690 2296.1
1372700 2296.2
1372710 2296.2
1372720 2293.9
1372730 2287.0
1372740 2287.0
1372750 2280.1
1372760 2272.2
1372770 2272.2
1372780 2259.1
1372790 2245.5
1372800 2237.4
1372810 2237.4
1372820 2231.3
1372830 2225.7
1372840 2225.7
1372850 2220.2
1372860 2208.4
1372870 2208.4
1372880 2202.1
1372890 2195.0
1372900 2195.0
1372910 2186.3
1372920 2177.2
1372930 2177.2
1372940 2168.4
1372950 2160.9
1372960 2160.9
1372970 2155.2
1372980 2148.4
1372990 2148.4
1373000 2136.9
1373010 2127.1
1373020 2127.1
1373030 2121.5
1373040 2115.6
1373050 2109.1
1373060 2109.1
1373070 2103.1
1373080 2095.7
1373090 2095.7
1373100 2087.0
1373110 2078.0
1373120 2078.0
1373130 2069.2
1373140 2061.7
1373150 2061.7
1373160 2054.7
1373170 2047.9
1373180 2047.9
1373190 2041.3
1373200 2034.2
1373210 2034.2
1373220 2027.5
1373230 2020.3
1373240 2020.3
1373250 2013.7
1373260 2008.0
1373270 2002.7
1373280 2002.7
1373290 1997.4
1373300 1992.2
1373310 1992.2
1373320 1987.1
1373330 1982.8
1373340 1982.8
1373350 1978.7
1373360 1971.6
1373370 1971.6
1373380 1961.8
1373390 1955.3
1373400 1955.3
1373410 1950.6
1373420 1947.6
1373430 1947.6
1373440 1944.1
1373450 1939.3
1373460 1939.3
1373470 1932.8
1373480 1925.6
1373490 1925.6
1373500 1918.4
1373510 1913.3
1373520 1908.2
1373530 1908.2
1373540 1902.5
1373550 1899.6
1373560 1899.6
1373570 1890.7
1373580 1879.2
1373590 1879.2
1373600 1868.9
1373610 1862.3
1373620 1862.3
1373630 1858.2
1373640 1852.8
1373650 1852.8
1373660 1848.2
1373670 1844.1
1373680 1844.1
1373690 1840.1
1373700 1836.9
1373710 1836.9
1373720 1833.9
1373730 1829.9
1373740 1829.9
1373750 1826.6
1373760 1823.9
1373770 1820.8
1373780 1820.8
1373790 1817.5
1373800 1814.1
1373810 1814.1
1373820 1810.1
1373830 1806.3
1373840 1806.3
1373850 1802.4
1373860 1798.5
1373870 1798.5
1373880 1795.4
1373890 1792.6
1373900 1792.6
1373910 1789.3
1373920 1786.2
1373930 1786.2
1373940 1783.1
1373950 1780.3
1373960 1780.3
1373970 1778.1
1373980 1776.6
1373990 1774.0
1374000 1774.0
1374010 1780.6
1374020 1781.6
1374030 1781.6
1374040 1783.3
1374050 1783.8
1374060 1783.8
1374070 1784.5
1374080 1785.3
1374090 1785.3
1374100 1787.0
1374110 1790.0
1374120 1790.0
1374130 1791.7
1374140 1792.2
1374150 1792.2
1374160 1793.2
1374170 1794.5
1374180 1794.5
1374190 1795.5
1374200 1795.8
1374210 1795.8
1374220 1796.7
1374230 1796.7
1374240 1797.5
1374250 1797.5
1374260 1799.4
1374270 1801.2
1374280 1801.2
1374290 1800.9
1374300 1798.2
1374310 1798.2
1374320 1793.8
1374330 1786.1
1374340 1786.1
1374350 1777.2
1374360 1769.2
1374370 1769.2
1374380 1761.8
1374390 1756.1
1374400 1756.1
1374410 1750.3
1374420 1744.0
1374430 1744.0
1374440 1738.0
1374450 1732.3
1374460 1732.3
1374470 1727.4
1374480 1723.0
1374490 1718.9
1374500 1718.9
1374510 1714.8
1374520 1710.0
1374530 1710.0
1374540 1705.4
1374550 1700.8
1374560 1700.8
1374570 1695.7
1374580 1687.7
1374590 1687.7
1374600 1679.0
1374610 1672.0
1374620 1672.0
1374630 1666.2
1374640 1659.4
1374650 1659.4
1374660 1654.4
1374670 1649.9
1374680 1649.9
1374690 1641.0
1374700 1633.9
1374710 1630.1
1374720 1630.1
1374730 1626.9
1374740 1623.7
1374750 1623.7
1374760 1618.7
1374770 1612.9
1374780 1612.9
1374790 1604.4
1374800 1597.4
1374810 1597.4
1374820 1591.3
1374830 1585.0
1374840 1585.0
1374850 1575.6
1374860 1564.6
1374870 1564.6
1374880 1550.6
1374890 1527.1
1374900 1527.1
1374910 1507.5
1374920 1492.9
1374930 1492.9
1374940 1482.4
1374950 1477.7
1374960 1475.4
1374970 1475.4
1374980 1470.6
1374990 1465.3
1375000 1465.3
1375010 1458.4
1375020 1449.5
1375030 1449.5
1375040 1439.8
1375050 1428.9
1375060 1428.9
1375070 1419.7
1375080 1412.6
1375090 1412.6
1375100 1409.4
1375110 1410.4
1375120 1410.4
1375130 1410.7
1375140 1409.4
1375150 1409.4
1375160 1409.8
1375170 1409.4
1375180 1409.4
1375190 1409.3
1375200 1409.4
1375210 1409.7
1375220 1409.7
1375230 1409.8
1375240 1409.5
1375250 1409.5
1375260 1409.2
1375270 1409.0
1375280 1409.0
1375290 1409.1
1375300 1409.6
1375310 1409.6
1375320 1409.9
1375330 1410.2
1375340 1410.2
1375350 1410.2
1375360 1410.4
1375370 1410.4
1375380 1410.6
1375390 1411.3
1375400 1411.3
1375410 1411.6
1375420 1411.5
1375430 1411.5
1375440 1411.5
1375450 1411.6
1375460 1411.6
1375470 1411.6
1375480 1411.5
1375490 1411.6
1375500 1411.6
1375510 1412.6
1375520 1412.9
1375530 1412.9
1375540 1412.0
1375550 1413.0
1375560 1413.0
1375570 1412.6
1375580 1412.3
1375590 1412.3
1375600 1412.6
1375610 1412.6
1375620 1412.6
1375630 1412.9
1375640 1414.3
1375650 1414.3
1375660 1417.2
1375670 1421.7
1375680 1427.1
1375690 1427.1
1375700 1433.0
1375710 1439.1
1375720 1439.1
1375730 1446.3
1375740 1456.9
1375750 1456.9
1375760 1466.7
1375770 1468.1
1375780 1468.1
1375790 1486.5
1375800 1495.6
1375810 1495.6
1375820 1527.5
1375830 1564.6
1375840 1564.6
1375850 1577.3
1375860 1584.9
1375870 1584.9
1375880 1596.9
1375890 1609.9
1375900 1609.9
1375910 1618.0
1375920 1628.7
1375930 1643.8
1375940 1643.8
1375950 1661.0
1375960 1673.4
1375970 1673.4
1375980 1683.7
1375990 1692.7
1376000 1692.7
1376010 1706.1
1376020 1719.5
1376030 1719.5
1376040 1731.4
1376050 1742.1
1376060 1742.1
1376070 1752.2
1376080 1760.9
1376090 1760.9
1376100 1768.6
1376110 1776.4
1376120 1776.4
1376130 1785.8
1376140 1795.3
1376150 1795.3
1376160 1802.4
1376170 1810.0
1376180 1819.2
1376190 1819.2
1376200 1827.1
1376210 1831.5
1376220 1831.5
1376230 1835.7
1376240 1844.0
1376250 1844.0
1376260 1852.9
1376270 1861.0
1376280 1861.0
1376290 1868.1
1376300 1876.4
1376310 1876.4
1376320 1883.2
1376330 1883.6
1376340 1883.6
1376350 1892.2
1376360 1901.7
1376370 1901.7
1376380 1910.0
1376390 1918.4
1376400 1926.3
1376410 1926.3
1376420 1935.1
1376430 1945.4
1376440 1945.4
1376450 1957.5
1376460 1966.1
1376470 1966.1
1376480 1972.3
1376490 1979.5
1376500 1979.5
1376510 1987.8
1376520 1994.8
1376530 1994.8
1376540 2000.4
1376550 2006.9
1376560 2006.9
1376570 2013.3
1376580 2018.1
1376590 2018.1
1376600 2020.9
1376610 2024.2
1376620 2024.2
1376630 2028.1
1376640 2031.9
1376650 2036.9
1376660 2036.9
1376670 2042.3
1376680 2047.3
1376690 2047.3
1376700 2052.6
1376710 2058.6
1376720 2058.6
1376730 2063.8
1376740 2069.2
1376750 2069.2
1376760 2074.5
1376770 2079.8
1376780 2079.8
1376790 2084.8
1376800 2086.3
1376810 2086.3
1376820 2080.3
1376830 2081.3
1376840 2081.3
1376850 2087.7
1376860 2091.0
1376870 2091.0
1376880 2090.1
1376890 2090.5
1376900 2096.0
1376910 2096.0
1376920 2100.3
1376930 2105.2
1376940 2105.2
1376950 2111.0
1376960 2115.9
1376970 2115.9
1376980 2119.9
1376990 2125.2
1377000 2125.2
1377010 2130.6
1377020 2133.0
1377030 2133.0
1377040 2137.7
1377050 2142.1
1377060 2142.1
1377070 2145.6
1377080 2150.3
1377090 2150.3
1377100 2155.9
1377110 2162.1
1377120 2169.2
1377130 2169.2
1377140 2177.4
1377150 2186.9
1377160 2186.9
1377170 2198.0
1377180 2210.7
1377190 2210.7
1377200 2223.7
1377210 2234.7
1377220 2234.7
1377230 2243.3
1377240 2251.3
1377250 2251.3
1377260 2259.1
1377270 2267.6
1377280 2267.6
1377290 2276.2
1377300 2284.2
1377310 2284.2
1377320 2291.7
1377330 2299.4
1377340 2299.4
1377350 2307.3
1377360 2315.7
1377370 2325.0
1377380 2325.0
1377390 2335.0
1377400 2344.6
1377410 2344.6
1377420 2354.2
1377430 2363.9
1377440 2363.9
1377450 2371.4
1377460 2375.2
1377470 2375.2
1377480 2378.7
1377490 2384.3
1377500 2384.3
1377510 2378.7
1377520 2382.5
1377530 2382.5
1377540 2389.2
1377550 2394.5
1377560 2394.5
1377570 2398.8
1377580 2400.6
1377590 2400.6
1377600 2404.3
1377610 2412.6
1377620 2421.6
1377630 2421.6
1377640 2428.9
1377650 2436.7
1377660 2436.7
1377670 2445.8
1377680 2454.9
1377690 2454.9
1377700 2463.1
1377710 2464.9
1377720 2464.9
1377730 2464.2
1377740 2468.3
1377750 2468.3
1377760 2471.8
1377770 2472.4
1377780 2472.4
1377790 2477.9
1377800 2485.5
1377810 2485.5
1377820 2493.0
1377830 2501.6
1377840 2509.9
1377850 2509.9
1377860 2518.4
1377870 2526.8
1377880 2526.8
1377890 2534.9
1377900 2543.2
1377910 2543.2
1377920 2551.8
1377930 2560.8
1377940 2560.8
1377950 2570.0
1377960 2579.0
1377970 2579.0
1377980 2588.2
1377990 2596.5
1378000 2596.5
1378010 2602.2
1378020 2606.1
1378030 2606.1
1378040 2610.1
1378050 2615.9
1378060 2615.9
1378070 2621.5
1378080 2627.2
1378090 2633.8
1378100 2633.8
1378110 2641.9
1378120 2650.2
1378130 2650.2
1378140 2658.6
1378150 2667.2
1378160 2667.2
1378170 2675.5
1378180 2683.4
1378190 2683.4
1378200 2690.8
1378210 2698.5
1378220 2698.5
1378230 2705.1
1378240 2710.7
1378250 2710.7
1378260 2716.9
1378270 2723.6
1378280 2723.6
1378290 2728.1
1378300 2722.9
1378310 2722.9
1378320 2712.7
1378330 2703.2
1378340 2695.7
1378350 2695.7
1378360 2689.8
1378370 2682.8
1378380 2682.8
1378390 2679.3
1378400 2675.8
1378410 2675.8
1378420 2669.7
1378430 2662.0
1378440 2662.0
1378450 2655.2
1378460 2648.9
1378470 2648.9
1378480 2644.1
1378490 2640.9
1378500 2640.9
1378510 2637.9
1378520 2635.8
1378530 2635.8
1378540 2633.2
1378550 2630.6
1378560 2630.6
1378570 2627.6
1378580 2625.2
1378590 2623.0
1378600 2623.0
1378610 2621.2
1378620 2620.4
1378630 2620.4
1378640 2620.8
1378650 2622.2
1378660 2622.2
1378670 2621.1
1378680 2617.7
1378690 2617.7
1378700 2616.1
1378710 2616.3
1378720 2616.3
1378730 2615.8
1378740 2615.8
1378750 2615.8
1378760 2615.6
1378770 2615.6
1378780 2615.6
1378790 2615.6
1378800 2615.6
1378810 2615.6
1378820 2615.6
1378830 2615.6
1378840 2615.8
1378850 2615.8
1378860 2616.2
1378870 2617.1
1378880 2617.1
1378890 2618.5
1378900 2621.0
1378910 2621.0
1378920 2623.4
1378930 2626.7
1378940 2626.7
1378950 2629.5
1378960 2632.4
1378970 2632.4
1378980 2633.6
1378990 2634.9
1379000 2634.9
1379010 2636.2
1379020 2638.0
1379030 2638.0
1379040 2640.3
1379050 2642.9
1379060 2644.4
1379070 2644.4
1379080 2647.7
1379090 2653.8
1379100 2653.8
1379110 2661.1
1379120 2664.9
1379130 2664.9
1379140 2667.3
1379150 2670.5
1379160 2670.5
1379170 2674.4
1379180 2679.3
1379190 2679.3
1379200 2684.4
1379210 2689.7
1379220 2689.7
1379230 2691.9
1379240 2688.8
1379250 2688.8
1379260 2684.8
1379270 2677.7
1379280 2677.7
1379290 2669.1
1379300 2660.4
1379310 2651.4
1379320 2651.4
1379330 2642.6
1379340 2633.4
1379350 2633.4
1379360 2626.5
1379370 2620.3
1379380 2620.3
1379390 2615.6
1379400 2611.4
1379410 2611.4
1379420 2607.8
1379430 2604.1
1379440 2604.1
1379450 2599.8
1379460 2596.6
1379470 2596.6
1379480 2593.9
1379490 2590.6
1379500 2590.6
1379510 2588.1
1379520 2588.0
1379530 2587.5
1379540 2587.5
1379550 2582.3
1379560 2577.9
1379570 2577.9
1379580 2576.8
1379590 2574.7
1379600 2574.7
1379610 2571.6
1379620 2569.2
1379630 2569.2
1379640 2567.3
1379650 2563.9
1379660 2563.9
1379670 2559.9
1379680 2557.8
1379690 2557.8
1379700 2556.3
1379710 2554.6
1379720 2554.6
1379730 2553.1
1379740 2552.6
1379750 2552.6
1379760 2554.9
1379770 2558.2
1379780 2554.7
1379790 2554.7
1379800 2541.3
1379810 2532.2
1379820 2532.2
1379830 2524.2
1379840 2512.9
1379850 2512.9
1379860 2504.5
1379870 2497.9
1379880 2497.9
1379890 2492.5
1379900 2487.6
1379910 2491.5
1379920 2486.8
1379930 2483.9
1379940 2483.9
1379950 2480.4
1379960 2476.9
1379970 2476.9
1379980 2475.8
1379990 2474.5
