1360000 2681.9
1360010 2681.9
1360020 2680.1
1360030 2678.3
1360040 2678.3
1360050 2676.3
1360060 2674.5
1360070 2674.5
1360080 2673.8
1360090 2671.3
1360100 2671.3
1360110 2668.8
1360120 2667.9
1360130 2667.9
1360140 2666.2
1360150 2665.2
1360160 2665.2
1360170 2663.9
1360180 2661.8
1360190 2661.8
1360200 2659.3
1360210 2658.2
1360220 2658.2
1360230 2657.5
1360240 2656.3
1360250 2654.9
1360260 2654.9
1360270 2653.6
1360280 2651.8
1360290 2651.8
1360300 2650.7
1360310 2648.8
1360320 2648.8
1360330 2649.4
1360340 2647.6
1360350 2647.6
1360360 2644.0
1360370 2637.4
1360380 2637.4
1360390 2629.8
1360400 2622.4
1360410 2622.4
1360420 2614.7
1360430 2607.3
1360440 2607.3
1360450 2600.1
1360460 2592.2
1360470 2581.2
1360480 2581.2
1360490 2567.0
1360500 2555.8
1360510 2555.8
1360520 2547.0
1360530 2540.1
1360540 2540.1
1360550 2533.8
1360560 2527.6
1360570 2527.6
1360580 2521.6
1360590 2515.8
1360600 2515.8
1360610 2509.7
1360620 2502.1
1360630 2502.1
1360640 2496.0
1360650 2493.7
1360660 2493.7
1360670 2493.8
1360680 2495.1
1360690 2495.1
1360700 2494.3
1360710 2492.6
1360720 2491.8
1360730 2491.8
1360740 2491.0
1360750 2489.8
1360760 2489.8
1360770 2487.2
1360780 2484.2
1360790 2484.2
1360800 2481.2
1360810 2479.7
1360820 2479.7
1360830 2480.8
1360840 2481.7
1360850 2481.7
1360860 2481.3
1360870 2480.2
1360880 2480.2
1360890 2479.6
1360900 2479.6
1360910 2479.6
1360920 2479.2
1360930 2478.3
1360940 2478.3
1360950 2477.6
1360960 2477.5
1360970 2476.8
1360980 2476.8
1360990 2475.9
1361000 2476.0
1361010 2476.0
1361020 2481.5
1361030 2480.7
1361040 2480.7
1361050 2481.4
1361060 2484.9
1361070 2484.9
1361080 2487.5
1361090 2489.5
1361100 2489.5
1361110 2491.5
1361120 2492.0
1361130 2492.0
1361140 2490.2
1361150 2486.9
1361160 2486.9
1361170 2484.1
1361180 2481.6
1361190 2479.0
1361200 2479.0
1361210 2477.1
1361220 2475.3
1361230 2475.3
1361240 2473.0
1361250 2470.2
1361260 2470.2
1361270 2465.7
1361280 2457.9
1361290 2457.9
1361300 2450.7
1361310 2448.8
1361320 2448.8
1361330 2448.2
1361340 2444.3
1361350 2444.3
1361360 2437.8
1361370 2429.7
1361380 2429.7
1361390 2423.6
1361400 2419.1
1361410 2419.1
1361420 2415.3
1361430 2409.5
1361440 2405.8
1361450 2405.8
1361460 2402.3
1361470 2395.0
1361480 2395.0
1361490 2388.8
1361500 2384.2
1361510 2384.2
1361520 2378.6
1361530 2377.0
1361540 2377.0
1361550 2375.5
1361560 2371.7
1361570 2371.7
1361580 2366.2
1361590 2359.8
1361600 2359.8
1361610 2356.0
1361620 2355.4
1361630 2355.4
1361640 2357.6
1361650 2360.3
1361660 2360.3
1361670 2361.5
1361680 2360.3
1361690 2358.1
1361700 2358.1
1361710 2354.6
1361720 2349.8
1361730 2349.8
1361740 2346.8
1361750 2345.3
1361760 2345.3
1361770 2345.5
1361780 2345.6
1361790 2345.6
1361800 2345.2
1361810 2343.7
1361820 2343.7
1361830 2343.5
1361840 2342.9
1361850 2342.9
1361860 2341.2
1361870 2341.1
1361880 2341.1
1361890 2340.6
1361900 2339.5
1361910 2339.5
1361920 2337.8
1361930 2336.6
1361940 2336.0
1361950 2336.0
1361960 2335.4
1361970 2334.4
1361980 2334.4
1361990 2334.7
1362000 2330.9
1362010 2330.9
1362020 2325.5
1362030 2321.1
1362040 2321.1
1362050 2309.8
1362060 2306.9
1362070 2306.9
1362080 2305.2
1362090 2304.6
1362100 2304.6
1362110 2304.4
1362120 2304.4
1362130 2304.4
1362140 2303.1
1362150 2301.7
1362160 2299.3
1362170 2299.3
1362180 2295.4
1362190 2291.2
1362200 2291.2
1362210 2288.3
1362220 2285.7
1362230 2285.7
1362240 2283.3
1362250 2280.4
1362260 2280.4
1362270 2277.0
1362280 2272.9
1362290 2272.9
1362300 2268.3
1362310 2264.9
1362320 2264.9
1362330 2263.0
1362340 2260.6
1362350 2260.6
1362360 2257.6
1362370 2253.7
1362380 2253.7
1362390 2250.0
1362400 2247.1
1362410 2244.8
1362420 2244.8
1362430 2242.7
1362440 2240.3
1362450 2240.3
1362460 2237.4
1362470 2233.8
1362480 2233.8
1362490 2231.1
1362500 2228.8
1362510 2228.8
1362520 2227.4
1362530 2226.2
1362540 2226.2
1362550 2224.9
1362560 2222.8
1362570 2222.8
1362580 2219.6
1362590 2215.7
1362600 2215.7
1362610 2211.5
1362620 2207.3
1362630 2207.3
1362640 2201.7
1362650 2196.4
1362660 2191.8
1362670 2191.8
1362680 2187.1
1362690 2182.7
1362700 2182.7
1362710 2178.6
1362720 2173.9
1362730 2173.9
1362740 2169.2
1362750 2164.2
1362760 2164.2
1362770 2159.1
1362780 2154.0
1362790 2154.0
1362800 2149.3
1362810 2145.4
1362820 2145.4
1362830 2141.5
1362840 2136.7
1362850 2136.7
1362860 2131.4
1362870 2126.8
1362880 2121.0
1362890 2121.0
1362900 2113.8
1362910 2107.0
1362920 2107.0
1362930 2101.6
1362940 2094.9
1362950 2094.9
1362960 2089.9
1362970 2085.7
1362980 2085.7
1362990 2081.8
1363000 2077.1
1363010 2077.1
1363020 2071.8
1363030 2066.7
1363040 2066.7
1363050 2062.6
1363060 2059.9
1363070 2059.9
1363080 2056.9
1363090 2047.0
1363100 2047.0
1363110 2041.4
1363120 2035.6
1363130 2030.3
1363140 2030.3
1363150 2026.5
1363160 2024.0
1363170 2024.0
1363180 2020.6
1363190 2016.1
1363200 2016.1
1363210 2013.1
1363220 2009.2
1363230 2009.2
1363240 2005.2
1363250 2001.6
1363260 2001.6
1363270 1998.4
1363280 1995.0
1363290 1995.0
1363300 1990.6
1363310 1984.4
1363320 1984.4
1363330 1978.5
1363340 1974.2
1363350 1974.2
1363360 1969.8
1363370 1966.0
1363380 1964.1
1363390 1964.1
1363400 1961.2
1363410 1957.3
1363420 1957.3
1363430 1954.0
1363440 1952.4
1363450 1952.4
1363460 1949.4
1363470 1944.6
1363480 1944.6
1363490 1940.0
1363500 1936.2
1363510 1936.2
1363520 1933.3
1363530 1929.2
1363540 1929.2
1363550 1924.4
1363560 1920.6
1363570 1920.6
1363580 1916.9
1363590 1913.5
1363600 1913.5
1363610 1910.0
1363620 1905.7
1363630 1901.9
1363640 1901.9
1363650 1898.4
1363660 1894.3
1363670 1894.3
1363680 1889.8
1363690 1881.8
1363700 1881.8
1363710 1875.2
1363720 1870.4
1363730 1870.4
1363740 1864.1
1363750 1859.5
1363760 1859.5
1363770 1856.6
1363780 1852.9
1363790 1852.9
1363800 1849.4
1363810 1844.2
1363820 1844.2
1363830 1836.6
1363840 1829.2
1363850 1823.0
1363860 1823.0
1363870 1818.0
1363880 1813.0
1363890 1813.0
1363900 1808.1
1363910 1803.3
1363920 1803.3
1363930 1799.7
1363940 1794.8
1363950 1794.8
1363960 1791.6
1363970 1787.3
1363980 1787.3
1363990 1780.0
1364000 1772.9
1364010 1772.9
1364020 1765.4
1364030 1757.7
1364040 1757.7
1364050 1750.7
1364060 1744.7
1364070 1744.7
1364080 1737.7
1364090 1730.6
1364100 1724.0
1364110 1724.0
1364120 1716.8
1364130 1709.8
1364140 1708.3
1364150 1702.4
1364160 1696.1
1364170 1696.1
1364180 1689.8
1364190 1682.5
1364200 1682.5
1364210 1674.2
1364220 1666.8
1364230 1666.8
1364240 1660.5
1364250 1653.1
1364260 1653.1
1364270 1646.0
1364280 1639.4
1364290 1639.4
1364300 1634.5
1364310 1630.5
1364320 1630.5
1364330 1625.3
1364340 1620.1
1364350 1614.5
1364360 1614.5
1364370 1606.2
1364380 1596.8
1364390 1596.8
1364400 1590.0
1364410 1586.5
1364420 1586.5
1364430 1583.7
1364440 1580.1
1364450 1580.1
1364460 1575.5
1364470 1571.7
1364480 1571.7
1364490 1567.2
1364500 1562.9
1364510 1562.9
1364520 1558.4
1364530 1553.7
1364540 1553.7
1364550 1548.7
1364560 1542.3
1364570 1535.1
1364580 1535.1
1364590 1525.6
1364600 1515.1
1364610 1515.1
1364620 1503.4
1364630 1494.5
1364640 1494.5
1364650 1487.2
1364660 1480.4
1364670 1480.4
1364680 1472.4
1364690 1465.8
1364700 1465.8
1364710 1459.4
1364720 1452.2
1364730 1452.2
1364740 1444.7
1364750 1436.6
1364760 1436.6
1364770 1429.4
1364780 1424.3
1364790 1424.3
1364800 1418.9
1364810 1413.9
1364820 1408.3
1364830 1408.3
1364840 1402.6
1364850 1396.0
1364860 1396.0
1364870 1380.3
1364880 1364.1
1364890 1364.1
1364900 1354.9
1364910 1348.1
1364920 1348.1
1364930 1341.2
1364940 1333.6
1364950 1333.6
1364960 1328.9
1364970 1323.7
1364980 1323.7
1364990 1323.0
1365000 1324.7
1365010 1324.7
1365020 1324.7
1365030 1322.4
1365040 1322.4
1365050 1319.5
1365060 1313.1
1365070 1307.5
1365080 1307.5
1365090 1305.9
1365100 1309.0
1365110 1309.0
1365120 1315.5
1365130 1321.0
1365140 1321.0
1365150 1324.9
1365160 1331.8
1365170 1331.8
1365180 1338.5
1365190 1342.6
1365200 1342.6
1365210 1347.0
1365220 1348.9
1365230 1348.9
1365240 1351.6
1365250 1356.0
1365260 1356.0
1365270 1360.3
1365280 1363.4
1365290 1366.7
1365300 1366.7
1365310 1369.9
1365320 1372.9
1365330 1372.9
1365340 1376.2
1365350 1379.9
1365360 1379.9
1365370 1383.3
1365380 1387.5
1365390 1387.5
1365400 1391.3
1365410 1395.2
1365420 1395.2
1365430 1401.3
1365440 1407.1
1365450 1407.1
1365460 1412.3
1365470 1417.8
1365480 1417.8
1365490 1423.6
1365500 1430.5
1365510 1430.5
1365520 1438.5
1365530 1444.8
1365540 1449.5
1365550 1449.5
1365560 1454.5
1365570 1459.9
1365580 1459.9
1365590 1465.0
1365600 1470.9
1365610 1470.9
1365620 1477.4
1365630 1483.5
1365640 1483.5
1365650 1489.8
1365660 1496.3
1365670 1496.3
1365680 1502.2
1365690 1507.9
1365700 1507.9
1365710 1513.4
1365720 1518.4
1365730 1518.4
1365740 1523.0
1365750 1527.9
1365760 1527.9
1365770 1533.0
1365780 1538.4
1365790 1543.7
1365800 1543.7
1365810 1548.7
1365820 1553.3
1365830 1553.3
1365840 1558.2
1365850 1563.5
1365860 1563.5
1365870 1568.3
1365880 1573.0
1365890 1573.0
1365900 1578.9
1365910 1586.1
1365920 1586.1
1365930 1593.4
1365940 1601.0
1365950 1601.0
1365960 1609.3
1365970 1619.5
1365980 1619.5
1365990 1635.3
1366000 1651.2
1366010 1651.2
1366020 1661.2
1366030 1671.9
1366040 1684.8
1366050 1684.8
1366060 1696.8
1366070 1707.2
1366080 1707.2
1366090 1717.6
1366100 1727.7
1366110 1727.7
1366120 1738.5
1366130 1746.0
1366140 1746.0
1366150 1753.4
1366160 1761.4
1366170 1761.4
1366180 1769.5
1366190 1777.7
1366200 1777.7
1366210 1785.6
1366220 1793.3
1366230 1793.3
1366240 1802.7
1366250 1811.4
1366260 1818.6
1366270 1818.1
1366280 1825.1
1366290 1826.8
1366300 1826.8
1366310 1829.6
1366320 1839.2
1366330 1839.2
1366340 1850.8
1366350 1857.2
1366360 1857.2
1366370 1864.2
1366380 1878.0
1366390 1878.0
1366400 1892.1
1366410 1908.0
1366420 1908.0
1366430 1923.2
1366440 1936.6
1366450 1936.6
1366460 1947.7
1366470 1959.5
1366480 1959.5
1366490 1970.7
1366500 1982.6
1366510 1996.6
1366520 1996.6
1366530 2010.8
1366540 2023.6
1366550 2023.6
1366560 2028.2
1366570 2020.8
1366580 2020.8
1366590 2013.0
1366600 2005.2
1366610 2005.2
1366620 1997.1
1366630 1989.6
1366640 1989.6
1366650 1981.8
1366660 1973.0
1366670 1973.0
1366680 1964.9
1366690 1957.9
1366700 1957.9
1366710 1952.2
1366720 1947.2
1366730 1947.2
1366740 1941.7
1366750 1936.2
1366760 1929.5
1366770 1929.5
1366780 1922.8
1366790 1918.3
1366800 1918.3
1366810 1914.6
1366820 1910.7
1366830 1910.7
1366840 1908.6
1366850 1907.6
1366860 1907.6
1366870 1907.2
1366880 1905.8
1366890 1905.8
1366900 1903.0
1366910 1897.6
1366920 1897.6
1366930 1891.1
1366940 1884.5
1366950 1884.5
1366960 1879.9
1366970 1875.2
1366980 1870.3
1366990 1870.3
1367000 1865.7
1367010 1862.6
1367020 1862.6
1367030 1860.2
1367040 1858.0
1367050 1858.0
1367060 1855.1
1367070 1851.9
1367080 1851.9
1367090 1848.6
1367100 1845.8
1367110 1845.8
1367120 1843.1
1367130 1840.6
1367140 1840.6
1367150 1839.2
1367160 1837.8
1367170 1837.8
1367180 1836.0
1367190 1833.5
1367200 1833.5
1367210 1831.9
1367220 1830.3
1367230 1828.9
1367240 1828.9
1367250 1828.3
1367260 1827.6
1367270 1827.6
1367280 1827.3
1367290 1826.1
1367300 1826.1
1367310 1825.8
1367320 1825.9
1367330 1825.9
1367340 1826.4
1367350 1832.0
1367360 1832.0
1367370 1830.3
1367380 1828.9
1367390 1828.9
1367400 1827.9
1367410 1826.7
1367420 1826.7
1367430 1826.2
1367440 1826.6
1367450 1826.6
1367460 1826.9
1367470 1826.7
1367480 1825.4
1367490 1825.4
1367500 1824.1
1367510 1823.8
1367520 1823.8
1367530 1824.0
1367540 1824.6
1367550 1824.6
1367560 1826.1
1367570 1827.5
1367580 1827.5
1367590 1830.2
1367600 1833.6
1367610 1833.6
1367620 1838.0
1367630 1841.6
1367640 1841.6
1367650 1842.2
1367660 1841.8
1367670 1841.8
1367680 1838.7
1367690 1835.8
1367700 1835.8
1367710 1834.2
1367720 1832.2
1367730 1828.8
1367740 1828.8
1367750 1824.9
1367760 1819.0
1367770 1819.0
1367780 1811.9
1367790 1805.8
1367800 1805.8
1367810 1800.5
1367820 1795.2
1367830 1795.2
1367840 1787.4
1367850 1776.6
1367860 1776.6
1367870 1766.7
1367880 1757.4
1367890 1757.4
1367900 1748.6
1367910 1740.4
1367920 1740.4
1367930 1732.4
1367940 1725.1
1367950 1718.4
1367960 1718.4
1367970 1711.4
1367980 1704.7
1367990 1704.7
1368000 1696.5
1368010 1690.2
1368020 1690.2
1368030 1682.5
1368040 1672.8
1368050 1672.8
1368060 1660.2
1368070 1650.9
1368080 1650.9
1368090 1643.2
1368100 1634.3
1368110 1634.3
1368120 1626.4
1368130 1621.5
1368140 1621.5
1368150 1617.2
1368160 1611.4
1368170 1611.4
1368180 1604.4
1368190 1595.9
1368200 1586.6
1368210 1586.6
1368220 1575.1
1368230 1563.2
1368240 1563.2
1368250 1550.9
1368260 1541.5
1368270 1541.5
1368280 1530.8
1368290 1518.5
1368300 1518.5
1368310 1501.9
1368320 1480.2
1368330 1480.2
1368340 1466.6
1368350 1463.6
1368360 1463.6
1368370 1460.9
1368380 1460.0
1368390 1460.0
1368400 1459.3
1368410 1456.2
1368420 1456.2
1368430 1452.0
1368440 1462.5
1368450 1468.4
1368460 1468.4
1368470 1472.6
1368480 1476.3
1368490 1476.3
1368500 1479.9
1368510 1476.8
1368520 1476.8
1368530 1463.4
1368540 1446.9
1368550 1446.9
1368560 1433.3
1368570 1415.4
1368580 1415.4
1368590 1396.2
1368600 1374.0
1368610 1374.0
1368620 1366.6
1368630 1364.4
1368640 1364.4
1368650 1362.1
1368660 1360.0
1368670 1358.1
1368680 1358.1
1368690 1355.8
1368700 1354.3
1368710 1354.3
1368720 1352.8
1368730 1351.8
1368740 1351.8
1368750 1352.7
1368760 1352.2
1368770 1352.2
1368780 1351.5
1368790 1352.4
1368800 1352.4
1368810 1353.9
1368820 1354.4
1368830 1354.4
1368840 1355.1
1368850 1355.4
1368860 1355.4
1368870 1356.7
1368880 1359.8
1368890 1359.8
1368900 1362.4
1368910 1365.0
1368920 1367.4
1368930 1367.4
1368940 1369.5
1368950 1371.5
1368960 1371.5
1368970 1375.3
1368980 1378.0
1368990 1378.0
1369000 1379.9
1369010 1381.8
1369020 1381.8
1369030 1383.1
1369040 1385.6
1369050 1385.6
1369060 1390.0
1369070 1393.1
1369080 1393.1
1369090 1395.7
1369100 1398.7
1369110 1398.7
1369120 1402.6
1369130 1406.8
1369140 1406.8
1369150 1412.6
1369160 1418.6
1369170 1423.9
1369180 1423.9
1369190 1427.7
1369200 1429.2
1369210 1429.2
1369220 1430.3
1369230 1433.8
1369240 1433.8
1369250 1439.7
1369260 1446.7
1369270 1446.7
1369280 1462.8
1369290 1507.4
1369300 1507.4
1369310 1531.1
1369320 1534.1
1369330 1534.1
1369340 1527.4
1369350 1521.9
1369360 1521.9
1369370 1517.9
1369380 1514.4
1369390 1513.5
1369400 1513.5
1369410 1512.3
1369420 1515.6
1369430 1515.6
1369440 1523.3
1369450 1530.8
1369460 1530.8
1369470 1544.1
1369480 1576.8
1369490 1576.8
1369500 1594.8
1369510 1604.6
1369520 1604.6
1369530 1609.0
1369540 1602.5
1369550 1602.5
1369560 1618.7
1369570 1651.7
1369580 1651.7
1369590 1670.5
1369600 1688.0
1369610 1688.0
1369620 1733.8
1369630 1779.7
1369640 1794.4
1369650 1794.4
1369660 1804.1
1369670 1813.2
1369680 1813.2
1369690 1821.2
1369700 1827.9
1369710 1827.9
1369720 1833.5
1369730 1839.0
1369740 1839.0
1369750 1845.5
1369760 1851.4
1369770 1851.4
1369780 1857.4
1369790 1864.2
1369800 1864.2
1369810 1871.6
1369820 1878.3
1369830 1878.3
1369840 1885.9
1369850 1893.5
1369860 1893.5
1369870 1901.7
1369880 1910.9
1369890 1921.1
1369900 1921.1
1369910 1928.9
1369920 1936.6
1369930 1936.6
1369940 1944.7
1369950 1953.5
1369960 1953.5
1369970 1963.0
1369980 1971.6
1369990 1971.6
1370000 1980.8
1370010 1994.6
1370020 1994.6
1370030 2008.5
1370040 2016.7
1370050 2016.7
1370060 2027.3
1370070 2038.3
1370080 2038.3
1370090 2054.2
1370100 2063.9
1370110 2063.9
1370120 2074.0
1370130 2083.5
1370140 2093.4
1370150 2093.4
1370160 2102.9
1370170 2109.5
1370180 2109.5
1370190 2115.8
1370200 2123.1
1370210 2123.1
1370220 2133.6
1370230 2143.2
1370240 2143.2
1370250 2149.9
1370260 2156.9
1370270 2156.9
1370280 2165.3
1370290 2175.6
1370300 2175.6
1370310 2187.0
1370320 2198.0
1370330 2198.0
1370340 2203.9
1370350 2208.2
1370360 2213.2
1370370 2213.2
1370380 2218.6
1370390 2223.7
1370400 2223.7
1370410 2229.6
1370420 2239.6
1370430 2239.6
1370440 2252.8
1370450 2263.6
1370460 2263.6
1370470 2267.3
1370480 2267.1
1370490 2267.1
1370500 2269.9
1370510 2276.2
1370520 2276.2
1370530 2281.3
1370540 2286.7
1370550 2286.7
1370560 2290.6
1370570 2293.4
1370580 2293.4
1370590 2294.3
1370600 2291.4
1370610 2293.4
1370620 2293.4
1370630 2299.8
1370640 2312.9
1370650 2299.0
1370660 2303.8
1370670 2306.6
1370680 2306.6
1370690 2309.4
1370700 2319.6
1370710 2319.6
1370720 2328.2
1370730 2333.3
1370740 2333.3
1370750 2335.6
1370760 2338.3
1370770 2338.3
1370780 2346.0
1370790 2355.0
1370800 2355.0
1370810 2358.4
1370820 2360.4
1370830 2360.4
1370840 2369.1
1370850 2386.2
1370860 2396.3
1370870 2396.3
1370880 2406.5
1370890 2416.5
1370900 2416.5
1370910 2431.7
1370920 2440.0
1370930 2440.0
1370940 2442.0
1370950 2442.2
1370960 2442.2
1370970 2446.7
1370980 2449.3
1370990 2449.3
1371000 2451.5
1371010 2460.8
1371020 2460.8
1371030 2474.1
1371040 2489.5
1371050 2489.5
1371060 2508.2
1371070 2524.5
1371080 2532.5
1371090 2532.5
1371100 2545.8
1371110 2559.5
1371120 2559.5
1371130 2567.8
1371140 2572.7
1371150 2572.7
1371160 2580.6
1371170 2597.9
1371180 2597.9
1371190 2613.1
1371200 2627.5
1371210 2627.5
1371220 2643.4
1371230 2659.1
1371240 2659.1
1371250 2658.0
1371260 2647.6
1371270 2647.6
1371280 2641.9
1371290 2638.5
1371300 2638.5
1371310 2638.0
1371320 2640.0
1371330 2642.6
1371340 2642.6
1371350 2643.6
1371360 2647.2
1371370 2647.2
1371380 2654.0
1371390 2647.1
1371400 2647.1
1371410 2643.1
1371420 2647.1
1371430 2647.1
1371440 2655.1
1371450 2668.2
1371460 2668.2
1371470 2678.8
1371480 2674.9
1371490 2674.9
1371500 2666.8
1371510 2663.3
1371520 2663.3
1371530 2666.9
1371540 2676.9
1371550 2676.9
1371560 2679.6
1371570 2681.1
1371580 2690.9
1371590 2690.9
1371600 2704.8
1371610 2712.9
1371620 2712.9
1371630 2707.9
1371640 2707.4
1371650 2707.4
1371660 2709.7
1371670 2709.0
1371680 2709.0
1371690 2708.7
1371700 2711.9
1371710 2711.9
1371720 2722.2
1371730 2731.3
1371740 2731.3
1371750 2737.7
1371760 2740.3
1371770 2735.0
1371780 2745.3
1371790 2761.1
1371800 2769.1
1371810 2769.1
1371820 2754.9
1371830 2742.1
1371840 2742.1
1371850 2726.2
1371860 2714.6
1371870 2714.6
1371880 2704.6
1371890 2697.4
1371900 2697.4
1371910 2686.0
1371920 2677.4
1371930 2677.4
1371940 2666.2
1371950 2657.3
1371960 2657.3
1371970 2647.9
1371980 2635.8
1371990 2635.8
1372000 2625.8
1372010 2610.2
1372020 2610.2
1372030 2597.1
1372040 2586.8
1372050 2577.4
1372060 2577.4
1372070 2570.2
1372080 2563.3
1372090 2563.3
1372100 2555.6
1372110 2548.4
1372120 2548.4
1372130 2541.1
1372140 2534.0
1372150 2534.0
1372160 2527.1
1372170 2520.1
1372180 2520.1
1372190 2513.4
1372200 2506.5
1372210 2506.5
1372220 2500.2
1372230 2494.2
1372240 2494.2
1372250 2488.1
1372260 2481.1
1372270 2481.1
1372280 2473.5
1372290 2466.4
1372300 2452.7
1372310 2452.7
1372320 2443.3
1372330 2435.5
1372340 2435.5
1372350 2428.0
1372360 2417.8
1372370 2417.8
1372380 2408.6
1372390 2401.9
1372400 2401.9
1372410 2391.4
1372420 2382.7
1372430 2382.7
1372440 2371.3
1372450 2364.1
1372460 2364.1
1372470 2358.0
1372480 2352.5
1372490 2352.5
1372500 2346.7
1372510 2342.1
1372520 2342.1
1372530 2337.3
1372540 2332.0
1372550 2326.4
1372560 2326.4
1372570 2321.9
1372580 2316.7
1372590 2316.7
1372600 2312.8
1372610 2309.5
1372620 2309.5
1372630 2304.5
1372640 2299.8
1372650 2299.8
1372660 2295.7
1372670 2292.4
1372680 2292.4
1372690 2290.1
1372700 2288.2
1372710 2288.2
1372720 2287.3
1372730 2287.5
1372740 2287.5
1372750 2286.8
1372760 2282.5
1372770 2277.8
1372780 2277.8
1372790 2265.3
1372800 2253.9
1372810 2253.9
1372820 2248.2
1372830 2240.1
1372840 2240.1
1372850 2233.5
1372860 2229.4
1372870 2229.4
1372880 2223.3
1372890 2216.0
1372900 2211.9
1372910 2201.0
1372920 2189.4
1372930 2189.4
1372940 2178.9
1372950 2169.5
1372960 2169.5
1372970 2160.2
1372980 2150.1
1372990 2150.1
1373000 2140.2
1373010 2130.9
1373020 2123.4
1373030 2123.4
1373040 2117.5
1373050 2112.7
1373060 2112.7
1373070 2109.3
1373080 2102.5
1373090 2102.5
1373100 2091.3
1373110 2079.4
1373120 2079.4
1373130 2070.9
1373140 2063.5
1373150 2063.5
1373160 2056.2
1373170 2049.1
1373180 2049.1
1373190 2042.4
1373200 2035.5
1373210 2035.5
1373220 2029.5
1373230 2023.3
1373240 2023.3
1373250 2016.0
1373260 2008.5
1373270 2001.1
1373280 2001.1
1373290 1994.5
1373300 1988.3
1373310 1988.3
1373320 1983.1
1373330 1978.4
1373340 1978.4
1373350 1974.1
1373360 1970.2
1373370 1970.2
1373380 1966.3
1373390 1961.9
1373400 1961.9
1373410 1955.9
1373420 1948.9
1373430 1948.9
1373440 1941.3
1373450 1933.9
1373460 1933.9
1373470 1926.6
1373480 1921.6
1373490 1916.4
1373500 1916.4
1373510 1911.0
1373520 1905.4
1373530 1905.4
1373540 1898.6
1373550 1890.5
1373560 1890.5
1373570 1879.7
1373580 1868.0
1373590 1868.0
1373600 1858.7
1373610 1852.0
1373620 1852.0
1373630 1848.7
1373640 1847.0
1373650 1847.0
1373660 1843.3
1373670 1839.7
1373680 1839.7
1373690 1836.2
1373700 1832.8
1373710 1832.8
1373720 1829.4
1373730 1825.6
1373740 1822.1
1373750 1822.1
1373760 1819.1
1373770 1815.8
1373780 1815.8
1373790 1812.9
1373800 1809.8
1373810 1809.8
1373820 1806.7
1373830 1803.1
1373840 1803.1
1373850 1798.6
1373860 1794.8
1373870 1794.8
1373880 1791.5
1373890 1788.2
1373900 1788.2
1373910 1784.8
1373920 1781.8
1373930 1781.8
1373940 1778.4
1373950 1774.9
1373960 1774.9
1373970 1772.0
1373980 1769.3
1373990 1766.9
1374000 1766.9
1374010 1764.9
1374020 1763.4
1374030 1763.4
1374040 1764.3
1374050 1772.6
1374060 1772.6
1374070 1773.2
1374080 1774.0
1374090 1774.0
1374100 1774.1
1374110 1774.2
1374120 1774.2
1374130 1775.4
1374140 1777.9
1374150 1777.9
1374160 1779.8
1374170 1781.5
1374180 1781.5
1374190 1782.4
1374200 1782.9
1374210 1784.0
1374220 1784.0
1374230 1784.7
1374240 1786.3
1374250 1786.3
1374260 1787.8
1374270 1788.5
1374280 1788.5
1374290 1789.1
1374300 1788.3
1374310 1788.3
1374320 1785.1
1374330 1778.7
1374340 1778.7
1374350 1768.6
1374360 1759.6
1374370 1759.6
1374380 1752.8
1374390 1746.4
1374400 1746.4
1374410 1740.7
1374420 1735.3
1374430 1735.3
1374440 1729.4
1374450 1723.1
1374460 1717.1
1374470 1717.1
1374480 1712.2
1374490 1707.6
1374500 1707.6
1374510 1702.9
1374520 1698.5
1374530 1698.5
1374540 1693.9
1374550 1690.0
1374560 1690.0
1374570 1685.1
1374580 1676.8
1374590 1676.8
1374600 1670.4
1374610 1663.2
1374620 1663.2
1374630 1656.2
1374640 1649.9
1374650 1649.9
1374660 1643.5
1374670 1638.1
1374680 1638.1
1374690 1631.2
1374700 1622.3
1374710 1615.6
1374720 1615.6
1374730 1610.9
1374740 1607.6
1374750 1607.6
1374760 1604.0
1374770 1599.1
1374780 1599.1
1374790 1589.3
1374800 1579.8
1374810 1579.8
1374820 1575.1
1374830 1570.9
1374840 1570.9
1374850 1561.1
1374860 1553.8
1374870 1553.8
1374880 1538.4
1374890 1515.3
1374900 1515.3
1374910 1505.5
1374920 1493.1
1374930 1476.0
1374940 1476.0
1374950 1461.3
1374960 1459.3
1374970 1459.3
1374980 1458.0
1374990 1456.1
1375000 1456.1
1375010 1451.3
1375020 1443.4
1375030 1443.4
1375040 1435.7
1375050 1426.7
1375060 1426.7
1375070 1416.6
1375080 1408.4
1375090 1408.4
1375100 1404.9
1375110 1405.6
1375120 1405.6
1375130 1407.3
1375140 1407.1
1375150 1407.1
1375160 1406.7
1375170 1407.2
1375180 1407.6
1375190 1407.6
1375200 1408.3
1375210 1408.3
1375220 1408.3
1375230 1407.9
1375240 1407.9
1375250 1407.9
1375260 1408.1
1375270 1408.4
1375280 1408.4
1375290 1408.8
1375300 1409.1
1375310 1409.1
1375320 1409.4
1375330 1409.6
1375340 1409.6
1375350 1409.8
1375360 1410.0
1375370 1410.0
1375380 1410.4
1375390 1410.6
1375400 1410.6
1375410 1410.6
1375420 1410.6
1375430 1410.7
1375440 1410.7
1375450 1410.6
1375460 1410.7
1375470 1410.7
1375480 1410.7
1375490 1410.8
1375500 1410.8
1375510 1412.5
1375520 1411.6
1375530 1411.6
1375540 1411.4
1375550 1411.9
1375560 1411.9
1375570 1411.7
1375580 1411.6
1375590 1411.6
1375600 1411.8
1375610 1412.0
1375620 1412.0
1375630 1412.7
1375640 1415.3
1375650 1415.3
1375660 1420.6
1375670 1426.8
1375680 1433.2
1375690 1433.2
1375700 1438.7
1375710 1450.2
1375720 1450.2
1375730 1458.0
1375740 1471.6
1375750 1471.6
1375760 1492.9
1375770 1505.7
1375780 1505.7
1375790 1506.3
1375800 1520.6
1375810 1520.6
1375820 1556.9
1375830 1568.1
1375840 1568.1
1375850 1573.5
1375860 1582.1
1375870 1582.1
1375880 1594.2
1375890 1611.4
1375900 1624.1
1375910 1624.1
1375920 1635.3
1375930 1653.3
1375940 1653.3
1375950 1665.8
1375960 1674.8
1375970 1674.8
1375980 1683.3
1375990 1694.3
1376000 1694.3
1376010 1709.0
1376020 1722.3
1376030 1722.3
1376040 1731.0
1376050 1739.4
1376060 1739.4
1376070 1749.4
1376080 1757.7
1376090 1757.7
1376100 1765.3
1376110 1774.2
1376120 1774.2
1376130 1782.9
1376140 1790.8
1376150 1798.9
1376160 1798.9
1376170 1806.6
1376180 1813.7
1376190 1813.7
1376200 1821.0
1376210 1828.0
1376220 1828.0
1376230 1835.4
1376240 1842.4
1376250 1842.4
1376260 1849.9
1376270 1856.2
1376280 1856.2
1376290 1861.8
1376300 1868.6
1376310 1868.6
1376320 1878.1
1376330 1892.7
1376340 1892.7
1376350 1904.0
1376360 1913.1
1376370 1910.9
1376380 1919.0
1376390 1927.1
1376400 1936.2
1376410 1936.2
1376420 1947.3
1376430 1959.0
1376440 1959.0
1376450 1968.4
1376460 1973.6
1376470 1973.6
1376480 1979.8
1376490 1988.7
1376500 1988.7
1376510 1998.1
1376520 2006.7
1376530 2006.7
1376540 2014.4
1376550 2023.2
1376560 2023.2
1376570 2030.1
1376580 2034.5
1376590 2034.5
1376600 2037.1
1376610 2039.7
1376620 2042.9
1376630 2042.9
1376640 2045.7
1376650 2049.1
1376660 2049.1
1376670 2054.9
1376680 2061.0
1376690 2061.0
1376700 2066.0
1376710 2072.7
1376720 2072.7
1376730 2079.3
1376740 2084.0
1376750 2084.0
1376760 2089.0
1376770 2094.6
1376780 2094.6
1376790 2100.7
1376800 2106.0
1376810 2106.0
1376820 2107.5
1376830 2107.2
1376840 2107.2
1376850 2109.0
1376860 2112.0
1376870 2119.3
1376880 2119.3
1376890 2122.0
1376900 2124.7
1376910 2124.7
1376920 2129.4
1376930 2133.5
1376940 2133.5
1376950 2137.1
1376960 2139.9
1376970 2139.9
1376980 2143.7
1376990 2148.5
1377000 2148.5
1377010 2156.7
1377020 2165.0
1377030 2165.0
1377040 2171.1
1377050 2173.0
1377060 2173.0
1377070 2174.2
1377080 2175.1
1377090 2175.1
1377100 2181.2
1377110 2187.2
1377120 2189.1
1377130 2189.1
1377140 2195.8
1377150 2204.0
1377160 2204.0
1377170 2210.0
1377180 2217.7
1377190 2217.7
1377200 2226.8
1377210 2237.9
1377220 2237.9
1377230 2248.3
1377240 2257.1
1377250 2257.1
1377260 2265.9
1377270 2274.9
1377280 2274.9
1377290 2283.3
1377300 2290.9
1377310 2290.9
1377320 2298.9
1377330 2307.8
1377340 2316.8
1377350 2316.8
1377360 2325.0
1377370 2333.0
1377380 2333.0
1377390 2341.0
1377400 2349.7
1377410 2349.7
1377420 2358.9
1377430 2367.9
1377440 2367.9
1377450 2376.0
1377460 2384.8
1377470 2384.8
1377480 2393.3
1377490 2400.7
1377500 2400.7
1377510 2406.7
1377520 2409.4
1377530 2409.4
1377540 2411.7
1377550 2406.9
1377560 2406.9
1377570 2414.3
1377580 2421.6
1377590 2426.6
1377600 2426.6
1377610 2429.4
1377620 2432.0
1377630 2432.0
1377640 2438.5
1377650 2448.7
1377660 2448.7
1377670 2455.8
1377680 2461.5
1377690 2461.5
1377700 2469.1
1377710 2478.1
1377720 2478.1
1377730 2481.4
1377740 2482.2
1377750 2482.2
1377760 2488.0
1377770 2491.4
1377780 2491.4
1377790 2491.8
1377800 2492.9
1377810 2492.9
1377820 2499.3
1377830 2507.8
1377840 2515.5
1377850 2515.5
1377860 2522.7
1377870 2529.5
1377880 2529.5
1377890 2536.1
1377900 2543.1
1377910 2543.1
1377920 2550.5
1377930 2558.4
1377940 2558.4
1377950 2566.6
1377960 2575.4
1377970 2575.4
1377980 2584.2
1377990 2592.9
1378000 2592.9
1378010 2601.9
1378020 2610.9
1378030 2610.9
1378040 2620.4
1378050 2629.8
1378060 2629.8
1378070 2637.0
1378080 2642.3
1378090 2646.7
1378100 2646.7
1378110 2651.2
1378120 2655.8
1378130 2655.8
1378140 2661.8
1378150 2670.2
1378160 2670.2
1378170 2678.3
1378180 2686.2
1378190 2686.2
1378200 2694.2
1378210 2702.6
1378220 2702.6
1378230 2710.7
1378240 2718.7
1378250 2718.7
1378260 2726.5
1378270 2728.5
1378280 2728.5
1378290 2721.4
1378300 2711.6
1378310 2701.8
1378320 2701.8
1378330 2694.5
1378340 2688.1
1378350 2688.1
1378360 2681.8
1378370 2674.8
1378380 2674.8
1378390 2668.6
1378400 2665.9
1378410 2665.9
1378420 2660.4
1378430 2655.7
1378440 2655.7
1378450 2648.9
1378460 2640.9
1378470 2640.9
1378480 2637.6
1378490 2634.4
1378500 2634.4
1378510 2632.5
1378520 2630.2
1378530 2630.2
1378540 2627.9
1378550 2625.9
1378560 2623.8
1378570 2623.8
1378580 2621.4
1378590 2619.1
1378600 2619.1
1378610 2617.5
1378620 2617.1
1378630 2617.1
1378640 2616.0
1378650 2615.7
1378660 2615.7
1378670 2615.8
1378680 2615.9
1378690 2615.9
1378700 2615.9
1378710 2615.9
1378720 2615.9
1378730 2615.6
1378740 2615.6
1378750 2615.6
1378760 2615.6
1378770 2615.6
1378780 2615.6
1378790 2615.6
1378800 2615.6
1378810 2615.6
1378820 2615.6
1378830 2615.6
1378840 2615.6
1378850 2615.6
1378860 2615.6
1378870 2615.8
1378880 2615.8
1378890 2615.9
1378900 2617.0
1378910 2617.0
1378920 2618.9
1378930 2621.6
1378940 2621.6
1378950 2623.4
1378960 2624.7
1378970 2624.7
1378980 2624.7
1378990 2624.6
1379000 2624.6
1379010 2625.3
1379020 2626.7
1379030 2629.6
1379040 2629.6
1379050 2635.3
1379060 2638.5
1379070 2638.5
1379080 2643.2
1379090 2650.0
1379100 2650.0
1379110 2657.7
1379120 2664.2
1379130 2664.2
1379140 2670.2
1379150 2676.6
1379160 2676.6
1379170 2682.4
1379180 2687.2
1379190 2687.2
1379200 2692.4
1379210 2697.0
1379220 2697.0
1379230 2696.2
1379240 2693.5
1379250 2693.5
1379260 2689.2
1379270 2681.8
1379280 2675.2
1379290 2675.2
1379300 2666.8
1379310 2657.3
1379320 2657.3
1379330 2647.1
1379340 2637.8
1379350 2637.8
1379360 2627.7
1379370 2616.8
1379380 2616.8
1379390 2610.8
1379400 2604.1
1379410 2604.1
1379420 2598.1
1379430 2592.8
1379440 2592.8
1379450 2589.2
1379460 2584.8
1379470 2584.8
1379480 2581.0
1379490 2578.6
1379500 2578.6
1379510 2577.3
1379520 2575.7
1379530 2572.5
1379540 2572.5
1379550 2568.7
1379560 2567.2
1379570 2567.2
1379580 2566.8
1379590 2566.0
1379600 2566.0
1379610 2564.8
1379620 2561.8
1379630 2561.8
1379640 2558.8
1379650 2554.6
1379660 2554.6
1379670 2549.6
1379680 2547.3
1379690 2547.3
1379700 2545.1
1379710 2542.9
1379720 2542.9
1379730 2541.3
1379740 2539.2
1379750 2538.2
1379760 2538.2
1379770 2540.6
1379780 2545.7
1379790 2545.7
1379800 2534.3
1379810 2525.6
1379820 2525.6
1379830 2519.9
1379840 2509.4
1379850 2509.4
1379860 2500.0
1379870 2491.9
1379880 2491.9
1379890 2484.2
1379900 2478.0
1379910 2478.0
1379920 2475.2
1379930 2471.5
1379940 2471.5
1379950 2471.4
1379960 2467.9
1379970 2467.9
1379980 2465.6
1379990 2463.5
