1360000 2654.2
1360010 2654.2
1360020 2652.3
1360030 2650.4
1360040 2650.4
1360050 2649.0
1360060 2647.3
1360070 2647.3
1360080 2644.8
1360090 2641.7
1360100 2641.7
1360110 2638.8
1360120 2635.3
1360130 2635.3
1360140 2631.4
1360150 2629.5
1360160 2629.5
1360170 2629.4
1360180 2629.1
1360190 2628.3
1360200 2628.3
1360210 2627.6
1360220 2626.1
1360230 2626.1
1360240 2624.4
1360250 2621.2
1360260 2621.2
1360270 2618.7
1360280 2616.3
1360290 2616.3
1360300 2615.1
1360310 2614.5
1360320 2614.5
1360330 2613.6
1360340 2611.8
1360350 2611.8
1360360 2609.8
1360370 2607.5
1360380 2607.5
1360390 2605.5
1360400 2603.8
1360410 2603.8
1360420 2602.4
1360430 2600.8
1360440 2595.5
1360450 2595.5
1360460 2587.8
1360470 2579.4
1360480 2579.4
1360490 2568.5
1360500 2552.9
1360510 2552.9
1360520 2538.5
1360530 2529.5
1360540 2529.5
1360550 2522.0
1360560 2514.2
1360570 2514.2
1360580 2506.3
1360590 2498.6
1360600 2498.6
1360610 2492.6
1360620 2487.4
1360630 2487.4
1360640 2482.1
1360650 2477.1
1360660 2473.6
1360670 2473.6
1360680 2472.2
1360690 2469.4
1360700 2469.4
1360710 2464.9
1360720 2463.0
1360730 2463.0
1360740 2462.7
1360750 2462.0
1360760 2467.2
1360770 2465.3
1360780 2463.8
1360790 2463.8
1360800 2463.8
1360810 2463.2
1360820 2463.2
1360830 2461.4
1360840 2459.6
1360850 2459.6
1360860 2458.2
1360870 2457.5
1360880 2457.5
1360890 2457.8
1360900 2458.2
1360910 2459.6
1360920 2459.6
1360930 2461.3
1360940 2461.9
1360950 2461.9
1360960 2462.0
1360970 2461.7
1360980 2461.7
1360990 2461.9
1361000 2461.9
1361010 2461.9
1361020 2462.0
1361030 2461.4
1361040 2461.4
1361050 2458.6
1361060 2457.5
1361070 2457.5
1361080 2458.4
1361090 2458.3
1361100 2458.3
1361110 2458.0
1361120 2459.7
1361130 2459.7
1361140 2461.1
1361150 2462.0
1361160 2460.7
1361170 2460.7
1361180 2457.3
1361190 2452.2
1361200 2452.2
1361210 2448.8
1361220 2444.2
1361230 2444.2
1361240 2440.8
1361250 2438.4
1361260 2438.4
1361270 2436.0
1361280 2434.0
1361290 2434.0
1361300 2431.4
1361310 2426.4
1361320 2426.4
1361330 2422.3
1361340 2422.1
1361350 2422.1
1361360 2422.2
1361370 2421.4
1361380 2421.4
1361390 2420.2
1361400 2418.7
1361410 2418.0
1361420 2418.0
1361430 2416.8
1361440 2415.7
1361450 2415.7
1361460 2414.5
1361470 2412.9
1361480 2412.9
1361490 2412.4
1361500 2412.2
1361510 2412.2
1361520 2411.2
1361530 2409.5
1361540 2409.5
1361550 2408.4
1361560 2407.8
1361570 2407.8
1361580 2407.2
1361590 2407.3
1361600 2407.3
1361610 2405.3
1361620 2404.0
1361630 2401.1
1361640 2401.1
1361650 2397.2
1361660 2393.1
1361670 2393.1
1361680 2390.6
1361690 2389.3
1361700 2389.3
1361710 2394.7
1361720 2403.1
1361730 2403.1
1361740 2404.5
1361750 2403.1
1361760 2403.1
1361770 2402.2
1361780 2401.9
1361790 2388.9
1361800 2385.2
1361810 2386.4
1361820 2386.4
1361830 2384.3
1361840 2379.7
1361850 2379.7
1361860 2377.2
1361870 2376.8
1361880 2377.7
1361890 2377.7
1361900 2377.7
1361910 2376.6
1361920 2376.6
1361930 2375.7
1361940 2373.9
1361950 2373.9
1361960 2369.6
1361970 2365.0
1361980 2365.0
1361990 2361.5
1362000 2357.8
1362010 2357.8
1362020 2354.5
1362030 2351.6
1362040 2351.6
1362050 2347.8
1362060 2343.5
1362070 2343.5
1362080 2340.2
1362090 2339.9
1362100 2339.9
1362110 2340.8
1362120 2341.8
1362130 2341.5
1362140 2341.5
1362150 2340.5
1362160 2339.3
1362170 2339.3
1362180 2337.0
1362190 2335.1
1362200 2335.1
1362210 2332.9
1362220 2331.6
1362230 2331.6
1362240 2330.8
1362250 2328.1
1362260 2328.1
1362270 2322.6
1362280 2316.2
1362290 2316.2
1362300 2310.1
1362310 2305.4
1362320 2305.4
1362330 2301.1
1362340 2298.1
1362350 2295.0
1362360 2295.0
1362370 2290.7
1362380 2287.0
1362390 2287.0
1362400 2283.6
1362410 2280.5
1362420 2280.5
1362430 2276.4
1362440 2271.7
1362450 2271.7
1362460 2267.5
1362470 2263.3
1362480 2263.3
1362490 2259.7
1362500 2256.1
1362510 2256.1
1362520 2252.4
1362530 2249.2
1362540 2249.2
1362550 2244.6
1362560 2241.4
1362570 2241.4
1362580 2239.4
1362590 2237.3
1362600 2233.3
1362610 2233.3
1362620 2228.0
1362630 2221.8
1362640 2221.8
1362650 2215.8
1362660 2210.0
1362670 2210.0
1362680 2204.3
1362690 2198.8
1362700 2198.8
1362710 2193.5
1362720 2187.4
1362730 2187.4
1362740 2181.5
1362750 2177.0
1362760 2177.0
1362770 2172.5
1362780 2167.5
1362790 2167.5
1362800 2164.2
1362810 2160.3
1362820 2160.3
1362830 2151.8
1362840 2147.3
1362850 2142.4
1362860 2142.4
1362870 2137.5
1362880 2131.3
1362890 2131.3
1362900 2125.4
1362910 2121.1
1362920 2121.1
1362930 2110.5
1362940 2087.0
1362950 2087.0
1362960 2065.0
1362970 2054.8
1362980 2054.8
1362990 2056.3
1363000 2063.1
1363010 2063.1
1363020 2061.2
1363030 2059.7
1363040 2059.7
1363050 2063.4
1363060 2063.2
1363070 2062.5
1363080 2062.5
1363090 2060.6
1363100 2057.9
1363110 2057.9
1363120 2055.4
1363130 2052.2
1363140 2052.2
1363150 2047.9
1363160 2045.6
1363170 2045.6
1363180 2042.2
1363190 2035.8
1363200 2035.8
1363210 2030.4
1363220 2025.9
1363230 2025.9
1363240 2025.3
1363250 2023.4
1363260 2023.4
1363270 2019.2
1363280 2013.5
1363290 2013.5
1363300 2009.0
1363310 2004.8
1363320 1999.3
1363330 1999.3
1363340 1993.0
1363350 1986.7
1363360 1986.7
1363370 1983.5
1363380 1980.6
1363390 1980.6
1363400 1977.0
1363410 1973.8
1363420 1973.8
1363430 1969.7
1363440 1964.2
1363450 1964.2
1363460 1959.0
1363470 1954.3
1363480 1954.3
1363490 1951.1
1363500 1948.2
1363510 1948.2
1363520 1946.2
1363530 1944.9
1363540 1944.9
1363550 1944.1
1363560 1943.0
1363570 1939.2
1363580 1939.2
1363590 1935.3
1363600 1934.4
1363610 1934.4
1363620 1931.0
1363630 1925.6
1363640 1925.6
1363650 1917.2
1363660 1909.5
1363670 1909.5
1363680 1903.5
1363690 1897.7
1363700 1897.7
1363710 1893.3
1363720 1888.7
1363730 1888.7
1363740 1881.8
1363750 1875.5
1363760 1875.5
1363770 1871.4
1363780 1866.7
1363790 1866.7
1363800 1857.7
1363810 1852.2
1363820 1847.7
1363830 1847.7
1363840 1844.2
1363850 1838.3
1363860 1838.3
1363870 1832.1
1363880 1826.7
1363890 1826.7
1363900 1819.9
1363910 1812.7
1363920 1812.7
1363930 1808.3
1363940 1803.0
1363950 1803.0
1363960 1797.6
1363970 1791.0
1363980 1791.0
1363990 1784.0
1364000 1775.5
1364010 1775.5
1364020 1766.9
1364030 1759.7
1364040 1752.7
1364050 1752.7
1364060 1744.9
1364070 1736.5
1364080 1736.5
1364090 1728.1
1364100 1719.5
1364110 1719.5
1364120 1711.1
1364130 1703.1
1364140 1703.1
1364150 1695.8
1364160 1689.4
1364170 1689.4
1364180 1684.4
1364190 1678.0
1364200 1678.0
1364210 1670.7
1364220 1662.7
1364230 1662.7
1364240 1651.2
1364250 1639.8
1364260 1639.8
1364270 1630.3
1364280 1625.7
1364290 1620.1
1364300 1620.1
1364310 1616.7
1364320 1614.9
1364330 1614.9
1364340 1607.5
1364350 1598.9
1364360 1598.9
1364370 1591.7
1364380 1583.1
1364390 1583.1
1364400 1570.1
1364410 1557.4
1364420 1557.4
1364430 1549.3
1364440 1544.5
1364450 1544.5
1364460 1540.7
1364470 1538.1
1364480 1538.1
1364490 1537.9
1364500 1539.5
1364510 1539.5
1364520 1536.5
1364530 1534.2
1364540 1531.4
1364550 1531.4
1364560 1530.9
1364570 1529.5
1364580 1529.5
1364590 1527.5
1364600 1524.5
1364610 1524.5
1364620 1519.6
1364630 1514.4
1364640 1514.4
1364650 1507.3
1364660 1499.5
1364670 1499.5
1364680 1492.3
1364690 1485.1
1364700 1485.1
1364710 1476.3
1364720 1466.1
1364730 1466.1
1364740 1455.7
1364750 1443.5
1364760 1433.7
1364770 1433.7
1364780 1426.3
1364790 1420.5
1364800 1420.5
1364810 1415.8
1364820 1412.4
1364830 1412.4
1364840 1408.5
1364850 1403.0
1364860 1403.0
1364870 1398.0
1364880 1394.1
1364890 1394.1
1364900 1389.4
1364910 1379.6
1364920 1379.6
1364930 1360.9
1364940 1344.2
1364950 1344.2
1364960 1336.2
1364970 1329.0
1364980 1329.0
1364990 1324.3
1365000 1320.4
1365010 1315.4
1365020 1315.4
1365030 1307.1
1365040 1300.8
1365050 1300.8
1365060 1298.9
1365070 1301.6
1365080 1301.6
1365090 1306.4
1365100 1309.9
1365110 1309.9
1365120 1313.5
1365130 1319.2
1365140 1319.2
1365150 1326.1
1365160 1332.1
1365170 1332.1
1365180 1336.5
1365190 1339.8
1365200 1339.8
1365210 1342.9
1365220 1346.2
1365230 1346.2
1365240 1349.2
1365250 1352.3
1365260 1355.2
1365270 1355.2
1365280 1358.5
1365290 1361.6
1365300 1361.6
1365310 1365.0
1365320 1369.5
1365330 1369.5
1365340 1372.7
1365350 1376.6
1365360 1376.6
1365370 1381.0
1365380 1386.2
1365390 1386.2
1365400 1391.7
1365410 1398.0
1365420 1398.0
1365430 1404.1
1365440 1411.5
1365450 1411.5
1365460 1417.9
1365470 1423.8
1365480 1423.8
1365490 1428.5
1365500 1433.5
1365510 1438.8
1365520 1438.8
1365530 1444.8
1365540 1451.6
1365550 1451.6
1365560 1457.0
1365570 1461.5
1365580 1461.5
1365590 1465.9
1365600 1469.8
1365610 1469.8
1365620 1474.1
1365630 1478.8
1365640 1478.8
1365650 1483.5
1365660 1488.4
1365670 1488.4
1365680 1493.8
1365690 1499.8
1365700 1499.8
1365710 1506.3
1365720 1515.6
1365730 1525.6
1365740 1525.6
1365750 1533.3
1365760 1538.3
1365770 1538.3
1365780 1544.3
1365790 1550.4
1365800 1550.4
1365810 1556.8
1365820 1563.1
1365830 1563.1
1365840 1569.1
1365850 1575.2
1365860 1575.2
1365870 1581.7
1365880 1588.3
1365890 1588.3
1365900 1594.2
1365910 1598.9
1365920 1598.9
1365930 1605.4
1365940 1612.3
1365950 1612.3
1365960 1618.2
1365970 1624.2
1365980 1634.5
1365990 1634.5
1366000 1645.4
1366010 1662.1
1366020 1662.1
1366030 1679.0
1366040 1688.9
1366050 1688.9
1366060 1698.4
1366070 1710.6
1366080 1710.6
1366090 1723.2
1366100 1732.2
1366110 1732.2
1366120 1737.7
1366130 1743.2
1366140 1743.2
1366150 1750.1
1366160 1757.6
1366170 1757.6
1366180 1765.5
1366190 1773.2
1366200 1773.2
1366210 1781.8
1366220 1789.8
1366230 1797.7
1366240 1797.7
1366250 1806.2
1366260 1814.5
1366270 1814.5
1366280 1822.5
1366290 1830.1
1366300 1830.1
1366310 1838.3
1366320 1849.2
1366330 1849.2
1366340 1860.8
1366350 1873.5
1366360 1873.5
1366370 1889.6
1366380 1902.7
1366390 1902.7
1366400 1915.1
1366410 1930.9
1366420 1930.9
1366430 1942.4
1366440 1951.0
1366450 1958.6
1366460 1958.6
1366470 1972.7
1366480 1990.2
1366490 1990.2
1366500 2009.8
1366510 2026.2
1366520 2026.2
1366530 2040.9
1366540 2045.3
1366550 2045.3
1366560 2037.9
1366570 2030.3
1366580 2030.3
1366590 2022.7
1366600 2015.4
1366610 2015.4
1366620 2007.3
1366630 1997.4
1366640 1997.4
1366650 1988.0
1366660 1979.0
1366670 1979.0
1366680 1969.8
1366690 1959.8
1366700 1950.9
1366710 1950.9
1366720 1943.1
1366730 1936.6
1366740 1936.6
1366750 1930.7
1366760 1924.6
1366770 1924.6
1366780 1918.0
1366790 1912.2
1366800 1912.2
1366810 1906.8
1366820 1902.7
1366830 1902.7
1366840 1899.4
1366850 1896.3
1366860 1896.3
1366870 1891.3
1366880 1885.5
1366890 1885.5
1366900 1879.1
1366910 1872.8
1366920 1872.8
1366930 1867.1
1366940 1862.9
1366950 1859.0
1366960 1859.0
1366970 1855.1
1366980 1849.8
1366990 1849.8
1367000 1843.8
1367010 1840.1
1367020 1840.1
1367030 1834.0
1367040 1828.7
1367050 1828.7
1367060 1827.4
1367070 1825.8
1367080 1833.3
1367090 1831.3
1367100 1828.3
1367110 1828.3
1367120 1825.2
1367130 1822.2
1367140 1822.2
1367150 1819.2
1367160 1816.9
1367170 1816.9
1367180 1815.6
1367190 1813.3
1367200 1810.3
1367210 1810.3
1367220 1807.5
1367230 1806.0
1367240 1806.0
1367250 1804.3
1367260 1802.9
1367270 1802.9
1367280 1801.9
1367290 1799.1
1367300 1799.1
1367310 1796.7
1367320 1795.5
1367330 1795.5
1367340 1793.4
1367350 1792.0
1367360 1792.0
1367370 1791.1
1367380 1791.2
1367390 1791.2
1367400 1791.7
1367410 1790.9
1367420 1789.9
1367430 1789.9
1367440 1789.3
1367450 1789.5
1367460 1789.5
1367470 1790.3
1367480 1790.6
1367490 1790.6
1367500 1791.3
1367510 1790.1
1367520 1790.1
1367530 1789.8
1367540 1790.5
1367550 1790.5
1367560 1791.3
1367570 1791.0
1367580 1791.0
1367590 1791.1
1367600 1791.7
1367610 1791.7
1367620 1794.7
1367630 1796.9
1367640 1796.9
1367650 1797.0
1367660 1798.8
1367670 1801.7
1367680 1801.7
1367690 1802.7
1367700 1802.0
1367710 1802.0
1367720 1802.5
1367730 1802.2
1367740 1802.2
1367750 1798.7
1367760 1797.0
1367770 1797.0
1367780 1794.9
1367790 1790.9
1367800 1790.9
1367810 1788.1
1367820 1783.0
1367830 1783.0
1367840 1779.4
1367850 1777.9
1367860 1777.9
1367870 1772.4
1367880 1766.0
1367890 1766.0
1367900 1759.5
1367910 1754.6
1367920 1749.5
1367930 1749.5
1367940 1745.2
1367950 1740.7
1367960 1740.7
1367970 1735.5
1367980 1728.6
1367990 1728.6
1368000 1721.6
1368010 1715.3
1368020 1715.3
1368030 1709.6
1368040 1704.9
1368050 1704.9
1368060 1699.4
1368070 1692.7
1368080 1692.7
1368090 1685.5
1368100 1677.5
1368110 1677.5
1368120 1667.9
1368130 1659.8
1368140 1651.7
1368150 1651.7
1368160 1641.7
1368170 1638.3
1368180 1638.3
1368190 1634.1
1368200 1623.3
1368210 1623.3
1368220 1611.3
1368230 1598.8
1368240 1598.8
1368250 1593.4
1368260 1587.0
1368270 1587.0
1368280 1580.6
1368290 1575.1
1368300 1575.1
1368310 1569.5
1368320 1557.3
1368330 1557.3
1368340 1540.9
1368350 1525.7
1368360 1525.7
1368370 1512.3
1368380 1477.1
1368390 1442.2
1368400 1442.2
1368410 1435.9
1368420 1430.2
1368430 1430.2
1368440 1423.2
1368450 1418.8
1368460 1418.8
1368470 1413.8
1368480 1409.3
1368490 1409.3
1368500 1405.1
1368510 1401.0
1368520 1401.0
1368530 1397.2
1368540 1393.3
1368550 1393.3
1368560 1389.6
1368570 1386.7
1368580 1386.7
1368590 1382.4
1368600 1378.0
1368610 1378.0
1368620 1373.0
1368630 1368.6
1368640 1364.2
1368650 1364.2
1368660 1361.3
1368670 1358.1
1368680 1358.1
1368690 1355.5
1368700 1353.3
1368710 1353.3
1368720 1349.4
1368730 1348.8
1368740 1348.8
1368750 1348.5
1368760 1348.0
1368770 1348.0
1368780 1348.7
1368790 1349.6
1368800 1349.6
1368810 1351.7
1368820 1354.9
1368830 1354.9
1368840 1357.2
1368850 1359.3
1368860 1361.8
1368870 1361.8
1368880 1363.6
1368890 1366.0
1368900 1366.0
1368910 1368.6
1368920 1369.4
1368930 1369.4
1368940 1371.1
1368950 1373.6
1368960 1373.6
1368970 1376.8
1368980 1378.2
1368990 1378.2
1369000 1380.1
1369010 1382.8
1369020 1382.8
1369030 1386.0
1369040 1389.2
1369050 1389.2
1369060 1392.1
1369070 1394.8
1369080 1394.8
1369090 1398.7
1369100 1401.5
1369110 1403.2
1369120 1403.2
1369130 1404.9
1369140 1408.5
1369150 1408.5
1369160 1413.5
1369170 1418.6
1369180 1418.6
1369190 1425.7
1369200 1432.7
1369210 1432.7
1369220 1439.3
1369230 1446.8
1369240 1446.8
1369250 1454.0
1369260 1458.4
1369270 1458.4
1369280 1472.3
1369290 1483.7
1369300 1483.7
1369310 1493.7
1369320 1518.2
1369330 1518.2
1369340 1551.2
1369350 1563.3
1369360 1558.5
1369370 1558.5
1369380 1553.2
1369390 1547.5
1369400 1547.5
1369410 1544.4
1369420 1542.0
1369430 1542.0
1369440 1538.8
1369450 1546.4
1369460 1546.4
1369470 1559.7
1369480 1567.1
1369490 1567.1
1369500 1581.8
1369510 1598.9
1369520 1598.9
1369530 1610.5
1369540 1627.4
1369550 1627.4
1369560 1654.2
1369570 1672.4
1369580 1672.4
1369590 1689.1
1369600 1716.2
1369610 1759.6
1369620 1759.6
1369630 1775.8
1369640 1784.0
1369650 1784.0
1369660 1790.8
1369670 1797.7
1369680 1797.7
1369690 1802.5
1369700 1803.4
1369710 1803.4
1369720 1803.1
1369730 1808.3
1369740 1808.3
1369750 1824.0
1369760 1833.7
1369770 1833.7
1369780 1835.8
1369790 1843.0
1369800 1843.0
1369810 1849.7
1369820 1859.8
1369830 1870.8
1369840 1870.8
1369850 1882.6
1369860 1894.9
1369870 1894.9
1369880 1905.1
1369890 1916.7
1369900 1916.7
1369910 1926.2
1369920 1936.8
1369930 1936.8
1369940 1945.6
1369950 1953.6
1369960 1953.6
1369970 1961.8
1369980 1970.0
1369990 1970.0
1370000 1977.5
1370010 1986.4
1370020 1986.4
1370030 1995.2
1370040 2002.8
1370050 2002.8
1370060 2014.7
1370070 2024.9
1370080 2032.6
1370090 2032.6
1370100 2042.4
1370110 2051.3
1370120 2051.3
1370130 2061.2
1370140 2070.4
1370150 2070.4
1370160 2079.9
1370170 2088.2
1370180 2088.2
1370190 2096.7
1370200 2105.8
1370210 2105.8
1370220 2114.8
1370230 2123.7
1370240 2123.7
1370250 2133.4
1370260 2143.8
1370270 2143.8
1370280 2156.7
1370290 2168.3
1370300 2168.3
1370310 2177.3
1370320 2185.1
1370330 2193.0
1370340 2193.0
1370350 2200.6
1370360 2207.5
1370370 2210.0
1370380 2216.5
1370390 2222.3
1370400 2222.3
1370410 2227.7
1370420 2232.6
1370430 2232.6
1370440 2237.8
1370450 2245.0
1370460 2245.0
1370470 2254.9
1370480 2262.5
1370490 2262.5
1370500 2269.8
1370510 2275.4
1370520 2275.4
1370530 2281.7
1370540 2288.1
1370550 2293.4
1370560 2293.4
1370570 2299.1
1370580 2305.0
1370590 2305.0
1370600 2310.2
1370610 2316.0
1370620 2316.0
1370630 2322.1
1370640 2328.5
1370650 2328.5
1370660 2335.2
1370670 2343.4
1370680 2343.4
1370690 2352.4
1370700 2360.6
1370710 2360.6
1370720 2368.9
1370730 2378.8
1370740 2378.8
1370750 2386.9
1370760 2388.2
1370770 2388.2
1370780 2386.8
1370790 2398.1
1370800 2419.3
1370810 2419.3
1370820 2428.0
1370830 2431.9
1370840 2431.9
1370850 2426.9
1370860 2421.6
1370870 2421.6
1370880 2418.8
1370890 2427.9
1370900 2427.9
1370910 2448.3
1370920 2461.2
1370930 2461.2
1370940 2483.4
1370950 2501.0
1370960 2501.0
1370970 2523.3
1370980 2534.9
1370990 2534.9
1371000 2531.6
1371010 2527.0
1371020 2527.0
1371030 2522.5
1371040 2517.7
1371050 2515.5
1371060 2515.5
1371070 2518.5
1371080 2529.2
1371090 2529.2
1371100 2539.4
1371110 2552.2
1371120 2552.2
1371130 2581.7
1371140 2613.7
1371150 2613.7
1371160 2644.6
1371170 2664.0
1371180 2664.0
1371190 2677.4
1371200 2677.1
1371210 2677.1
1371220 2667.4
1371230 2676.8
1371240 2676.8
1371250 2693.1
1371260 2703.6
1371270 2703.6
1371280 2701.2
1371290 2694.4
1371300 2702.2
1371310 2702.2
1371320 2699.2
1371330 2700.6
1371340 2700.6
1371350 2705.6
1371360 2701.6
1371370 2701.6
1371380 2701.5
1371390 2691.0
1371400 2691.0
1371410 2683.9
1371420 2685.7
1371430 2685.7
1371440 2697.1
1371450 2713.8
1371460 2713.8
1371470 2730.2
1371480 2725.5
1371490 2718.6
1371500 2706.7
1371510 2696.4
1371520 2698.8
1371530 2698.8
1371540 2707.9
1371550 2710.0
1371560 2710.0
1371570 2721.8
1371580 2728.9
1371590 2728.9
1371600 2737.4
1371610 2734.2
1371620 2734.2
1371630 2738.2
1371640 2750.7
1371650 2750.7
1371660 2757.2
1371670 2757.5
1371680 2757.5
1371690 2746.5
1371700 2744.5
1371710 2744.5
1371720 2745.5
1371730 2756.6
1371740 2756.6
1371750 2770.0
1371760 2779.2
1371770 2775.0
1371780 2775.0
1371790 2759.1
1371800 2745.8
1371810 2745.8
1371820 2734.7
1371830 2721.3
1371840 2721.3
1371850 2704.5
1371860 2691.2
1371870 2691.2
1371880 2690.6
1371890 2683.8
1371900 2683.8
1371910 2678.4
1371920 2670.0
1371930 2670.0
1371940 2663.1
1371950 2649.4
1371960 2649.4
1371970 2642.2
1371980 2635.5
1371990 2635.5
1372000 2627.9
1372010 2616.4
1372020 2602.6
1372030 2602.6
1372040 2592.9
1372050 2582.8
1372060 2582.8
1372070 2568.4
1372080 2555.4
1372090 2555.4
1372100 2548.8
1372110 2542.0
1372120 2542.0
1372130 2532.2
1372140 2520.0
1372150 2520.0
1372160 2511.4
1372170 2505.8
1372180 2505.8
1372190 2500.3
1372200 2494.7
1372210 2494.7
1372220 2489.0
1372230 2483.4
1372240 2477.6
1372250 2477.6
1372260 2471.6
1372270 2465.6
1372280 2465.6
1372290 2459.7
1372300 2453.7
1372310 2453.7
1372320 2448.0
1372330 2442.3
1372340 2442.3
1372350 2436.3
1372360 2430.6
1372370 2430.6
1372380 2424.9
1372390 2419.3
1372400 2419.3
1372410 2412.9
1372420 2407.9
1372430 2407.9
1372440 2403.1
1372450 2394.3
1372460 2394.3
1372470 2374.1
1372480 2348.6
1372490 2341.4
1372500 2341.4
1372510 2335.4
1372520 2329.7
1372530 2329.7
1372540 2324.0
1372550 2318.5
1372560 2318.5
1372570 2314.3
1372580 2310.6
1372590 2310.6
1372600 2306.7
1372610 2302.8
1372620 2304.4
1372630 2300.0
1372640 2296.5
1372650 2296.5
1372660 2292.9
1372670 2289.4
1372680 2289.4
1372690 2286.8
1372700 2282.0
1372710 2282.0
1372720 2277.4
1372730 2272.1
1372740 2268.2
1372750 2268.2
1372760 2260.2
1372770 2251.6
1372780 2251.6
1372790 2247.5
1372800 2243.6
1372810 2243.6
1372820 2241.2
1372830 2238.3
1372840 2238.3
1372850 2230.5
1372860 2222.3
1372870 2222.3
1372880 2219.9
1372890 2215.7
1372900 2215.7
1372910 2208.1
1372920 2201.7
1372930 2201.7
1372940 2195.3
1372950 2189.9
1372960 2186.4
1372970 2186.4
1372980 2179.7
1372990 2170.6
1373000 2170.6
1373010 2162.2
1373020 2149.4
1373030 2149.4
1373040 2136.1
1373050 2124.4
1373060 2124.4
1373070 2114.0
1373080 2104.1
1373090 2104.1
1373100 2095.9
1373110 2086.8
1373120 2086.8
1373130 2078.7
1373140 2071.3
1373150 2071.3
1373160 2063.0
1373170 2054.0
1373180 2054.0
1373190 2044.9
1373200 2037.2
1373210 2033.2
1373220 2033.2
1373230 2031.0
1373240 2022.0
1373250 2022.0
1373260 2011.4
1373270 2000.9
1373280 2000.9
1373290 1990.4
1373300 1982.8
1373310 1982.8
1373320 1976.6
1373330 1971.4
1373340 1971.4
1373350 1966.0
1373360 1960.0
1373370 1960.0
1373380 1954.6
1373390 1948.7
1373400 1948.7
1373410 1943.1
1373420 1936.5
1373430 1936.5
1373440 1928.6
1373450 1920.2
1373460 1914.3
1373470 1914.3
1373480 1911.1
1373490 1907.8
1373500 1907.8
1373510 1906.3
1373520 1903.5
1373530 1903.5
1373540 1898.4
1373550 1892.3
1373560 1892.3
1373570 1884.4
1373580 1872.0
1373590 1872.0
1373600 1859.7
1373610 1849.2
1373620 1849.2
1373630 1841.7
1373640 1836.0
1373650 1836.0
1373660 1830.0
1373670 1824.6
1373680 1824.6
1373690 1822.1
1373700 1819.0
1373710 1815.1
1373720 1815.1
1373730 1811.7
1373740 1808.5
1373750 1808.5
1373760 1810.3
1373770 1808.1
1373780 1808.1
1373790 1805.1
1373800 1801.9
1373810 1801.9
1373820 1798.4
1373830 1794.6
1373840 1794.6
1373850 1790.8
1373860 1786.7
1373870 1786.7
1373880 1782.8
1373890 1779.3
1373900 1779.3
1373910 1776.2
1373920 1773.0
1373930 1769.6
1373940 1769.6
1373950 1766.3
1373960 1763.1
1373970 1763.1
1373980 1759.9
1373990 1756.2
1374000 1756.2
1374010 1753.3
1374020 1751.1
1374030 1751.1
1374040 1748.7
1374050 1746.7
1374060 1746.7
1374070 1744.8
1374080 1743.8
1374090 1743.8
1374100 1744.2
1374110 1743.8
1374120 1743.8
1374130 1744.2
1374140 1744.7
1374150 1744.7
1374160 1744.7
1374170 1745.0
1374180 1745.5
1374190 1745.5
1374200 1744.6
1374210 1743.2
1374220 1743.2
1374230 1744.3
1374240 1743.4
1374250 1743.4
1374260 1744.0
1374270 1744.4
1374280 1744.4
1374290 1745.5
1374300 1745.7
1374310 1745.7
1374320 1748.6
1374330 1750.1
1374340 1750.1
1374350 1745.5
1374360 1738.7
1374370 1738.7
1374380 1732.2
1374390 1725.9
1374400 1725.9
1374410 1719.8
1374420 1713.2
1374430 1707.2
1374440 1707.2
1374450 1702.2
1374460 1696.8
1374470 1696.8
1374480 1691.4
1374490 1687.4
1374500 1687.4
1374510 1681.8
1374520 1675.8
1374530 1675.8
1374540 1669.7
1374550 1664.6
1374560 1664.6
1374570 1660.1
1374580 1654.7
1374590 1654.7
1374600 1648.8
1374610 1642.4
1374620 1642.4
1374630 1636.0
1374640 1630.1
1374650 1623.6
1374660 1623.6
1374670 1616.9
1374680 1610.5
1374690 1610.5
1374700 1604.5
1374710 1598.2
1374720 1598.2
1374730 1592.9
1374740 1586.2
1374750 1586.2
1374760 1578.2
1374770 1569.2
1374780 1569.2
1374790 1561.1
1374800 1553.7
1374810 1553.7
1374820 1545.2
1374830 1537.1
1374840 1537.1
1374850 1527.6
1374860 1517.6
1374870 1517.6
1374880 1509.1
1374890 1474.0
1374900 1451.3
1374910 1462.0
1374920 1456.9
1374930 1448.5
1374940 1448.5
1374950 1437.1
1374960 1432.3
1374970 1432.3
1374980 1428.6
1374990 1426.1
1375000 1426.1
1375010 1422.9
1375020 1418.2
1375030 1418.2
1375040 1412.4
1375050 1408.0
1375060 1408.0
1375070 1402.8
1375080 1402.6
1375090 1402.6
1375100 1403.0
1375110 1403.5
1375120 1403.5
1375130 1404.1
1375140 1404.7
1375150 1405.0
1375160 1405.0
1375170 1405.3
1375180 1405.3
1375190 1405.3
1375200 1405.6
1375210 1405.9
1375220 1405.9
1375230 1406.3
1375240 1406.7
1375250 1406.7
1375260 1407.0
1375270 1407.3
1375280 1407.3
1375290 1407.4
1375300 1407.6
1375310 1407.6
1375320 1407.9
1375330 1408.3
1375340 1408.3
1375350 1408.4
1375360 1408.1
1375370 1408.1
1375380 1408.1
1375390 1408.3
1375400 1408.6
1375410 1408.6
1375420 1408.7
1375430 1409.0
1375440 1409.0
1375450 1409.7
1375460 1408.7
1375470 1408.7
1375480 1408.9
1375490 1409.2
1375500 1409.2
1375510 1409.6
1375520 1409.8
1375530 1409.8
1375540 1409.9
1375550 1410.2
1375560 1410.2
1375570 1410.4
1375580 1411.1
1375590 1411.1
1375600 1414.1
1375610 1417.7
1375620 1422.7
1375630 1422.7
1375640 1428.5
1375650 1434.4
1375660 1434.4
1375670 1440.1
1375680 1449.3
1375690 1449.3
1375700 1460.6
1375710 1470.1
1375720 1470.1
1375730 1484.3
1375740 1501.5
1375750 1501.5
1375760 1516.8
1375770 1529.4
1375780 1529.4
1375790 1544.8
1375800 1561.0
1375810 1561.0
1375820 1573.5
1375830 1579.5
1375840 1579.5
1375850 1590.7
1375860 1602.8
1375870 1612.5
1375880 1612.5
1375890 1621.9
1375900 1629.6
1375910 1629.6
1375920 1639.6
1375930 1650.3
1375940 1650.3
1375950 1661.5
1375960 1677.5
1375970 1677.5
1375980 1696.0
1375990 1712.1
1376000 1712.1
1376010 1723.4
1376020 1733.2
1376030 1733.2
1376040 1741.6
1376050 1749.4
1376060 1749.4
1376070 1757.3
1376080 1763.5
1376090 1763.5
1376100 1771.7
1376110 1779.2
1376120 1786.0
1376130 1786.0
1376140 1794.0
1376150 1802.7
1376160 1802.7
1376170 1812.1
1376180 1820.5
1376190 1820.5
1376200 1827.9
1376210 1835.4
1376220 1835.4
1376230 1843.1
1376240 1850.8
1376250 1850.8
1376260 1861.0
1376270 1871.4
1376280 1871.4
1376290 1882.4
1376300 1894.1
1376310 1894.1
1376320 1903.0
1376330 1911.2
1376340 1918.4
1376350 1918.4
1376360 1924.4
1376370 1926.7
1376380 1926.7
1376390 1931.0
1376400 1937.6
1376410 1937.6
1376420 1949.0
1376430 1959.7
1376440 1959.7
1376450 1968.9
1376460 1978.1
1376470 1978.1
1376480 1987.0
1376490 1996.4
1376500 1996.4
1376510 2006.2
1376520 2015.8
1376530 2015.8
1376540 2026.3
1376550 2035.5
1376560 2035.5
1376570 2042.7
1376580 2049.4
1376590 2055.8
1376600 2055.8
1376610 2061.3
1376620 2068.4
1376630 2068.4
1376640 2076.0
1376650 2083.4
1376660 2083.4
1376670 2090.6
1376680 2096.5
1376690 2096.5
1376700 2101.6
1376710 2107.0
1376720 2107.0
1376730 2112.1
1376740 2118.7
1376750 2118.7
1376760 2123.9
1376770 2129.9
1376780 2129.9
1376790 2137.9
1376800 2145.0
1376810 2145.0
1376820 2150.6
1376830 2156.0
1376840 2161.9
1376850 2161.9
1376860 2166.6
1376870 2170.5
1376880 2170.5
1376890 2174.1
1376900 2176.8
1376910 2176.8
1376920 2179.0
1376930 2185.0
1376940 2185.0
1376950 2190.6
1376960 2194.7
1376970 2194.7
1376980 2195.2
1376990 2195.7
1377000 2195.7
1377010 2200.6
1377020 2206.3
1377030 2206.3
1377040 2210.9
1377050 2216.2
1377060 2221.9
1377070 2221.9
1377080 2223.7
1377090 2222.1
1377100 2222.1
1377110 2224.3
1377120 2231.6
1377130 2231.6
1377140 2235.8
1377150 2240.9
1377160 2240.9
1377170 2246.8
1377180 2253.2
1377190 2253.2
1377200 2259.3
1377210 2264.0
1377220 2264.0
1377230 2267.9
1377240 2271.9
1377250 2271.9
1377260 2265.8
1377270 2271.3
1377280 2271.3
1377290 2278.4
1377300 2286.7
1377310 2296.2
1377320 2296.2
1377330 2305.7
1377340 2314.5
1377350 2314.5
1377360 2322.9
1377370 2331.5
1377380 2331.5
1377390 2340.0
1377400 2348.5
1377410 2348.5
1377420 2357.3
1377430 2365.9
1377440 2365.9
1377450 2374.9
1377460 2383.3
1377470 2383.3
1377480 2391.8
1377490 2401.0
1377500 2401.0
1377510 2411.4
1377520 2421.2
1377530 2421.2
1377540 2430.6
1377550 2439.6
1377560 2448.2
1377570 2448.2
1377580 2456.3
1377590 2463.0
1377600 2463.0
1377610 2467.2
1377620 2470.5
1377630 2470.5
1377640 2475.3
1377650 2482.8
1377660 2482.8
1377670 2489.7
1377680 2492.0
1377690 2492.0
1377700 2494.9
1377710 2500.3
1377720 2500.3
1377730 2508.6
1377740 2518.2
1377750 2518.2
1377760 2523.7
1377770 2525.7
1377780 2531.4
1377790 2531.4
1377800 2538.7
1377810 2542.5
1377820 2542.5
1377830 2542.0
1377840 2542.2
1377850 2542.2
1377860 2542.0
1377870 2546.8
1377880 2546.8
1377890 2554.6
1377900 2560.4
1377910 2560.4
1377920 2565.4
1377930 2571.9
1377940 2571.9
1377950 2579.2
1377960 2587.2
1377970 2587.2
1377980 2595.7
1377990 2604.0
1378000 2604.0
1378010 2612.2
1378020 2620.9
1378030 2630.0
1378040 2630.0
1378050 2638.7
1378060 2646.9
1378070 2646.9
1378080 2655.9
1378090 2664.0
1378100 2664.0
1378110 2671.7
1378120 2681.5
1378130 2681.5
1378140 2692.0
1378150 2703.1
1378160 2703.1
1378170 2708.7
1378180 2711.3
1378190 2711.3
1378200 2715.3
1378210 2720.9
1378220 2720.9
1378230 2726.7
1378240 2726.4
1378250 2726.4
1378260 2718.3
1378270 2708.5
1378280 2698.4
1378290 2698.4
1378300 2687.7
1378310 2678.9
1378320 2678.9
1378330 2673.6
1378340 2668.4
1378350 2668.4
1378360 2663.3
1378370 2658.5
1378380 2658.5
1378390 2653.0
1378400 2646.5
1378410 2646.5
1378420 2638.6
1378430 2633.9
1378440 2633.9
1378450 2633.7
1378460 2631.8
1378470 2631.8
1378480 2629.6
1378490 2628.1
1378500 2628.1
1378510 2625.6
1378520 2622.8
1378530 2620.3
1378540 2620.3
1378550 2619.6
1378560 2619.0
1378570 2619.0
1378580 2618.2
1378590 2618.1
1378600 2618.1
1378610 2618.0
1378620 2617.3
1378630 2617.3
1378640 2616.4
1378650 2616.0
1378660 2616.0
1378670 2616.1
1378680 2616.0
1378690 2616.0
1378700 2615.8
1378710 2615.7
1378720 2615.7
1378730 2615.7
1378740 2615.7
1378750 2615.8
1378760 2615.8
1378770 2615.8
1378780 2615.6
1378790 2615.6
1378800 2615.6
1378810 2615.6
1378820 2615.6
1378830 2615.6
1378840 2615.6
1378850 2615.6
1378860 2615.7
1378870 2616.3
1378880 2616.3
1378890 2617.6
1378900 2619.4
1378910 2619.4
1378920 2621.0
1378930 2622.7
1378940 2622.7
1378950 2625.5
1378960 2626.9
1378970 2626.9
1378980 2624.6
1378990 2621.7
1379000 2621.3
1379010 2621.3
1379020 2622.7
1379030 2625.5
1379040 2625.5
1379050 2628.7
1379060 2632.4
1379070 2632.4
1379080 2637.7
1379090 2645.0
1379100 2645.0
1379110 2655.5
1379120 2665.7
1379130 2665.7
1379140 2674.3
1379150 2682.5
1379160 2682.5
1379170 2690.4
1379180 2694.6
1379190 2694.6
1379200 2687.9
1379210 2677.9
1379220 2677.9
1379230 2673.9
1379240 2664.4
1379250 2638.5
1379260 2638.5
1379270 2621.3
1379280 2619.9
1379290 2619.9
1379300 2621.6
1379310 2617.3
1379320 2617.3
1379330 2610.2
1379340 2594.5
1379350 2594.5
1379360 2595.0
1379370 2594.7
1379380 2594.7
1379390 2581.6
1379400 2569.4
1379410 2569.4
1379420 2565.9
1379430 2567.7
1379440 2567.7
1379450 2570.3
1379460 2567.9
1379470 2561.4
1379480 2561.4
1379490 2554.7
1379500 2551.8
1379510 2551.8
1379520 2552.1
1379530 2549.5
1379540 2549.5
1379550 2546.2
1379560 2543.3
1379570 2543.3
1379580 2540.2
1379590 2537.1
1379600 2537.1
1379610 2536.1
1379620 2535.3
1379630 2535.3
1379640 2536.2
1379650 2540.5
1379660 2540.5
1379670 2536.6
1379680 2532.1
1379690 2532.1
1379700 2527.5
1379710 2524.7
1379720 2524.0
1379730 2524.0
1379740 2521.3
1379750 2517.9
1379760 2517.9
1379770 2515.3
1379780 2512.7
1379790 2512.7
1379800 2510.7
1379810 2504.2
1379820 2504.2
1379830 2492.0
1379840 2488.0
1379850 2488.0
1379860 2484.3
1379870 2481.1
1379880 2481.1
1379890 2474.3
1379900 2467.6
1379910 2467.6
1379920 2462.1
1379930 2456.4
1379940 2456.4
1379950 2451.2
1379960 2447.7
1379970 2444.6
1379980 2444.6
1379990 2442.0
