1360000 1937.9
1360010 1940.0
1360020 1943.0
1360030 1943.0
1360040 1944.6
1360050 1947.3
1360060 1947.3
1360070 1952.4
1360080 1958.6
1360090 1958.6
1360100 1965.4
1360110 1971.5
1360120 1971.5
1360130 1977.1
1360140 1983.3
1360150 1983.3
1360160 1988.7
1360170 1993.7
1360180 2000.2
1360190 2000.2
1360200 2005.8
1360210 2011.7
1360220 2011.7
1360230 2017.7
1360240 2023.1
1360250 2023.1
1360260 2028.8
1360270 2036.0
1360280 2036.0
1360290 2043.2
1360300 2050.5
1360310 2050.5
1360320 2058.7
1360330 2068.2
1360340 2068.2
1360350 2074.4
1360360 2080.8
1360370 2080.8
1360380 2088.6
1360390 2102.7
1360400 2102.7
1360410 2110.8
1360420 2115.0
1360430 2118.1
1360440 2118.1
1360450 2121.1
1360460 2126.7
1360470 2126.7
1360480 2134.0
1360490 2141.6
1360500 2141.6
1360510 2149.4
1360520 2156.5
1360530 2156.5
1360540 2163.6
1360550 2170.9
1360560 2170.9
1360570 2180.1
1360580 2192.4
1360590 2192.4
1360600 2204.1
1360610 2214.1
1360620 2214.1
1360630 2226.1
1360640 2233.6
1360650 2233.6
1360660 2241.1
1360670 2247.9
1360680 2253.3
1360690 2253.3
1360700 2257.9
1360710 2262.5
1360720 2262.5
1360730 2267.3
1360740 2272.9
1360750 2272.9
1360760 2279.9
1360770 2286.6
1360780 2286.6
1360790 2291.6
1360800 2287.6
1360810 2287.6
1360820 2275.6
1360830 2265.3
1360840 2265.3
1360850 2256.1
1360860 2246.9
1360870 2246.9
1360880 2238.1
1360890 2229.3
1360900 2229.3
1360910 2221.0
1360920 2213.5
1360930 2206.3
1360940 2206.3
1360950 2199.5
1360960 2193.1
1360970 2193.1
1360980 2186.8
1360990 2181.7
1361000 2181.7
1361010 2176.3
1361020 2170.5
1361030 2170.5
1361040 2165.2
1361050 2159.5
1361060 2159.5
1361070 2152.9
1361080 2148.2
1361090 2148.2
1361100 2142.6
1361110 2134.8
1361120 2134.8
1361130 2126.5
1361140 2118.3
1361150 2108.8
1361160 2108.8
1361170 2099.3
1361180 2090.5
1361190 2090.5
1361200 2083.2
1361210 2077.1
1361220 2077.1
1361230 2071.8
1361240 2069.2
1361250 2069.2
1361260 2067.5
1361270 2064.3
1361280 2064.3
1361290 2061.5
1361300 2059.7
1361310 2059.7
1361320 2056.3
1361330 2052.9
1361340 2052.9
1361350 2051.8
1361360 2048.5
1361370 2048.5
1361380 2041.6
1361390 2035.2
1361400 2032.5
1361410 2032.5
1361420 2028.8
1361430 2028.9
1361440 2028.9
1361450 2028.0
1361460 2024.0
1361470 2024.0
1361480 2017.6
1361490 2011.2
1361500 2011.2
1361510 2004.0
1361520 1998.1
1361530 1998.1
1361540 1992.5
1361550 1985.2
1361560 1985.2
1361570 1977.4
1361580 1969.8
1361590 1969.8
1361600 1963.4
1361610 1958.9
1361620 1958.9
1361630 1960.8
1361640 1955.8
1361650 1950.7
1361660 1950.7
1361670 1947.0
1361680 1943.3
1361690 1943.3
1361700 1940.6
1361710 1937.5
1361720 1937.5
1361730 1937.3
1361740 1936.1
1361750 1936.1
1361760 1933.7
1361770 1929.6
1361780 1929.6
1361790 1927.5
1361800 1924.4
1361810 1924.4
1361820 1917.7
1361830 1913.5
1361840 1913.5
1361850 1908.5
1361860 1901.7
1361870 1901.7
1361880 1896.4
1361890 1890.0
1361900 1882.2
1361910 1882.2
1361920 1874.1
1361930 1865.8
1361940 1865.8
1361950 1856.1
1361960 1847.3
1361970 1847.3
1361980 1838.8
1361990 1831.3
1362000 1831.3
1362010 1824.2
1362020 1815.6
1362030 1815.6
1362040 1806.0
1362050 1795.8
1362060 1795.8
1362070 1786.4
1362080 1778.4
1362090 1778.4
1362100 1770.9
1362110 1761.8
1362120 1761.8
1362130 1751.9
1362140 1744.1
1362150 1736.3
1362160 1736.3
1362170 1728.2
1362180 1722.0
1362190 1722.0
1362200 1714.2
1362210 1706.5
1362220 1706.5
1362230 1696.8
1362240 1679.9
1362250 1679.9
1362260 1661.9
1362270 1644.8
1362280 1644.8
1362290 1630.6
1362300 1618.6
1362310 1618.6
1362320 1614.6
1362330 1615.6
1362340 1615.6
1362350 1610.3
1362360 1602.1
1362370 1602.1
1362380 1594.0
1362390 1586.1
1362400 1577.6
1362410 1577.6
1362420 1567.3
1362430 1556.5
1362440 1556.5
1362450 1554.0
1362460 1552.8
1362470 1552.8
1362480 1548.3
1362490 1540.9
1362500 1540.9
1362510 1531.1
1362520 1520.0
1362530 1520.0
1362540 1504.5
1362550 1486.2
1362560 1486.2
1362570 1470.3
1362580 1457.9
1362590 1457.9
1362600 1448.8
1362610 1440.6
1362620 1431.6
1362630 1431.6
1362640 1423.1
1362650 1419.5
1362660 1419.5
1362670 1437.6
1362680 1442.4
1362690 1442.4
1362700 1436.0
1362710 1428.2
1362720 1428.2
1362730 1419.5
1362740 1411.4
1362750 1411.4
1362760 1403.9
1362770 1395.5
1362780 1395.5
1362790 1386.0
1362800 1377.0
1362810 1377.0
1362820 1365.9
1362830 1354.6
1362840 1354.6
1362850 1345.1
1362860 1333.7
1362870 1320.8
1362880 1320.8
1362890 1308.6
1362900 1296.9
1362910 1296.9
1362920 1285.3
1362930 1275.0
1362940 1275.0
1362950 1266.0
1362960 1254.1
1362970 1254.1
1362980 1238.6
1362990 1204.3
1363000 1204.3
1363010 1183.6
1363020 1175.2
1363030 1175.2
1363040 1167.3
1363050 1159.9
1363060 1159.9
1363070 1152.9
1363080 1145.3
1363090 1145.3
1363100 1137.0
1363110 1128.6
1363120 1120.9
1363130 1120.9
1363140 1113.2
1363150 1105.3
1363160 1105.3
1363170 1098.3
1363180 1091.4
1363190 1091.4
1363200 1084.5
1363210 1078.5
1363220 1078.5
1363230 1072.9
1363240 1067.5
1363250 1067.5
1363260 1063.5
1363270 1064.1
1363280 1064.1
1363290 1065.9
1363300 1067.8
1363310 1067.8
1363320 1067.1
1363330 1066.2
1363340 1066.2
1363350 1064.9
1363360 1062.8
1363370 1060.9
1363380 1060.9
1363390 1058.7
1363400 1057.0
1363410 1057.0
1363420 1055.0
1363430 1055.8
1363440 1055.8
1363450 1054.3
1363460 1050.4
1363470 1050.4
1363480 1049.6
1363490 1049.1
1363500 1049.1
1363510 1047.1
1363520 1045.4
1363530 1045.4
1363540 1042.4
1363550 1039.6
1363560 1039.6
1363570 1040.2
1363580 1038.4
1363590 1038.4
1363600 1037.6
1363610 1033.7
1363620 1031.2
1363630 1031.2
1363640 1030.2
1363650 1030.1
1363660 1030.1
1363670 1028.8
1363680 1029.4
1363690 1029.4
1363700 1033.8
1363710 1042.2
1363720 1040.9
1363730 1045.6
1363740 1047.8
1363750 1047.8
1363760 1049.8
1363770 1052.9
1363780 1052.9
1363790 1058.0
1363800 1062.5
1363810 1062.5
1363820 1065.3
1363830 1068.2
1363840 1068.2
1363850 1071.7
1363860 1076.9
1363870 1081.2
1363880 1081.2
1363890 1087.1
1363900 1092.1
1363910 1092.1
1363920 1096.9
1363930 1101.4
1363940 1101.4
1363950 1105.0
1363960 1108.4
1363970 1108.4
1363980 1112.7
1363990 1116.7
1364000 1116.7
1364010 1120.4
1364020 1123.8
1364030 1123.8
1364040 1127.2
1364050 1132.5
1364060 1132.5
1364070 1138.0
1364080 1143.2
1364090 1143.2
1364100 1147.4
1364110 1150.4
1364120 1153.5
1364130 1153.5
1364140 1158.1
1364150 1161.3
1364160 1161.3
1364170 1164.9
1364180 1168.5
1364190 1168.5
1364200 1173.7
1364210 1179.6
1364220 1179.6
1364230 1185.7
1364240 1192.2
1364250 1192.2
1364260 1198.9
1364270 1205.8
1364280 1205.8
1364290 1212.5
1364300 1219.0
1364310 1219.0
1364320 1225.5
1364330 1231.1
1364340 1237.1
1364350 1237.1
1364360 1243.8
1364370 1251.2
1364380 1251.2
1364390 1259.2
1364400 1266.5
1364410 1266.5
1364420 1273.5
1364430 1279.6
1364440 1279.6
1364450 1285.3
1364460 1305.6
1364470 1305.6
1364480 1331.6
1364490 1336.1
1364500 1336.1
1364510 1354.5
1364520 1381.0
1364530 1381.0
1364540 1393.5
1364550 1409.2
1364560 1409.2
1364570 1432.5
1364580 1449.2
1364590 1457.5
1364600 1457.5
1364610 1464.2
1364620 1467.2
1364630 1467.2
1364640 1475.5
1364650 1498.1
1364660 1498.1
1364670 1518.3
1364680 1526.9
1364690 1526.9
1364700 1545.0
1364710 1562.0
1364720 1562.0
1364730 1577.0
1364740 1572.4
1364750 1572.4
1364760 1566.7
1364770 1548.3
1364780 1548.3
1364790 1546.1
1364800 1543.0
1364810 1543.0
1364820 1558.6
1364830 1579.7
1364840 1592.6
1364850 1592.6
1364860 1605.6
1364870 1621.1
1364880 1621.1
1364890 1636.1
1364900 1655.5
1364910 1655.5
1364920 1688.5
1364930 1724.9
1364940 1724.9
1364950 1742.5
1364960 1755.8
1364970 1755.8
1364980 1767.1
1364990 1779.0
1365000 1779.0
1365010 1789.7
1365020 1798.2
1365030 1798.2
1365040 1807.0
1365050 1815.8
1365060 1815.8
1365070 1823.5
1365080 1827.4
1365090 1831.6
1365100 1831.6
1365110 1832.7
1365120 1831.6
1365130 1831.6
1365140 1831.6
1365150 1834.3
1365160 1834.3
1365170 1836.9
1365180 1843.3
1365190 1843.3
1365200 1855.4
1365210 1866.5
1365220 1866.5
1365230 1878.5
1365240 1891.5
1365250 1891.5
1365260 1906.9
1365270 1919.2
1365280 1919.2
1365290 1927.4
1365300 1934.0
1365310 1934.0
1365320 1943.4
1365330 1953.1
1365340 1962.8
1365350 1962.8
1365360 1966.8
1365370 1969.7
1365380 1969.7
1365390 1972.7
1365400 1975.5
1365410 1975.5
1365420 1975.8
1365430 1975.6
1365440 1975.6
1365450 1974.7
1365460 1972.2
1365470 1972.2
1365480 1965.4
1365490 1958.3
1365500 1958.3
1365510 1946.7
1365520 1934.8
1365530 1934.8
1365540 1924.8
1365550 1916.5
1365560 1916.5
1365570 1907.1
1365580 1899.4
1365590 1893.2
1365600 1893.2
1365610 1886.2
1365620 1879.7
1365630 1879.7
1365640 1873.3
1365650 1865.8
1365660 1865.8
1365670 1857.7
1365680 1849.1
1365690 1849.1
1365700 1840.4
1365710 1832.0
1365720 1832.0
1365730 1823.5
1365740 1817.1
1365750 1817.1
1365760 1811.1
1365770 1803.4
1365780 1803.4
1365790 1789.8
1365800 1785.7
1365810 1787.0
1365820 1787.0
1365830 1785.7
1365840 1794.5
1365850 1794.5
1365860 1796.1
1365870 1795.0
1365880 1795.0
1365890 1795.0
1365900 1795.5
1365910 1795.5
1365920 1796.3
1365930 1796.4
1365940 1796.4
1365950 1795.6
1365960 1795.3
1365970 1795.3
1365980 1794.9
1365990 1794.3
1366000 1794.3
1366010 1795.0
1366020 1798.0
1366030 1798.0
1366040 1798.8
1366050 1800.6
1366060 1801.6
1366070 1801.6
1366080 1802.4
1366090 1802.2
1366100 1802.2
1366110 1801.0
1366120 1798.3
1366130 1798.3
1366140 1792.6
1366150 1785.3
1366160 1785.3
1366170 1778.2
1366180 1770.9
1366190 1770.9
1366200 1762.9
1366210 1754.8
1366220 1754.8
1366230 1747.0
1366240 1738.8
1366250 1738.8
1366260 1730.8
1366270 1723.1
1366280 1723.1
1366290 1715.4
1366300 1707.3
1366310 1699.1
1366320 1699.1
1366330 1692.4
1366340 1685.0
1366350 1685.0
1366360 1677.6
1366370 1669.7
1366380 1669.7
1366390 1660.3
1366400 1649.4
1366410 1649.4
1366420 1637.0
1366430 1625.3
1366440 1625.3
1366450 1606.7
1366460 1591.4
1366470 1591.4
1366480 1578.9
1366490 1574.3
1366500 1574.3
1366510 1571.9
1366520 1567.6
1366530 1567.6
1366540 1564.2
1366550 1560.5
1366560 1556.3
1366570 1556.3
1366580 1548.0
1366590 1539.5
1366600 1539.5
1366610 1531.2
1366620 1523.8
1366630 1523.8
1366640 1518.5
1366650 1515.0
1366660 1515.0
1366670 1511.7
1366680 1506.9
1366690 1506.9
1366700 1502.7
1366710 1499.9
1366720 1499.9
1366730 1498.9
1366740 1496.5
1366750 1496.5
1366760 1491.9
1366770 1487.6
1366780 1487.6
1366790 1482.7
1366800 1477.4
1366810 1471.7
1366820 1471.7
1366830 1466.3
1366840 1461.1
1366850 1461.1
1366860 1454.8
1366870 1439.9
1366880 1439.9
1366890 1428.6
1366900 1419.4
1366910 1409.4
1366920 1400.1
1366930 1378.3
1366940 1378.3
1366950 1366.5
1366960 1363.6
1366970 1363.6
1366980 1349.0
1366990 1337.4
1367000 1337.4
1367010 1325.3
1367020 1309.8
1367030 1309.8
1367040 1299.6
1367050 1288.4
1367060 1277.0
1367070 1277.0
1367080 1267.3
1367090 1257.1
1367100 1257.1
1367110 1251.4
1367120 1244.1
1367130 1244.1
1367140 1237.2
1367150 1232.1
1367160 1232.1
1367170 1227.1
1367180 1221.7
1367190 1221.7
1367200 1215.7
1367210 1210.4
1367220 1210.4
1367230 1205.7
1367240 1200.9
1367250 1200.9
1367260 1197.3
1367270 1194.8
1367280 1191.1
1367290 1191.1
1367300 1188.1
1367310 1186.7
1367320 1186.7
1367330 1187.2
1367340 1189.3
1367350 1189.3
1367360 1193.4
1367370 1198.1
1367380 1198.1
1367390 1203.7
1367400 1209.7
1367410 1209.7
1367420 1215.7
1367430 1222.8
1367440 1222.8
1367450 1229.6
1367460 1236.2
1367470 1236.2
1367480 1242.7
1367490 1252.4
1367500 1252.4
1367510 1265.3
1367520 1273.6
1367530 1283.6
1367540 1283.6
1367550 1294.1
1367560 1307.3
1367570 1307.3
1367580 1322.5
1367590 1338.5
1367600 1338.5
1367610 1351.9
1367620 1363.5
1367630 1363.5
1367640 1369.1
1367650 1363.0
1367660 1363.0
1367670 1355.3
1367680 1348.7
1367690 1348.7
1367700 1350.4
1367710 1351.9
1367720 1351.9
1367730 1354.7
1367740 1361.5
1367750 1361.5
1367760 1368.2
1367770 1375.6
1367780 1385.8
1367790 1385.8
1367800 1401.6
1367810 1423.6
1367820 1423.6
1367830 1441.5
1367840 1444.0
1367850 1444.0
1367860 1443.6
1367870 1454.6
1367880 1454.6
1367890 1473.5
1367900 1498.3
1367910 1498.3
1367920 1518.8
1367930 1532.7
1367940 1532.7
1367950 1545.3
1367960 1559.6
1367970 1559.6
1367980 1573.7
1367990 1586.7
1368000 1582.4
1368010 1594.7
1368020 1607.1
1368030 1614.1
1368040 1614.1
1368050 1617.2
1368060 1609.6
1368070 1609.6
1368080 1600.5
1368090 1589.9
1368100 1589.9
1368110 1574.2
1368120 1566.6
1368130 1566.6
1368140 1559.3
1368150 1552.7
1368160 1552.7
1368170 1565.4
1368180 1593.4
1368190 1593.4
1368200 1620.1
1368210 1626.2
1368220 1626.2
1368230 1632.4
1368240 1627.6
1368250 1627.6
1368260 1623.9
1368270 1634.1
1368280 1637.2
1368290 1637.2
1368300 1640.6
1368310 1638.5
1368320 1638.5
1368330 1639.2
1368340 1641.5
1368350 1641.5
1368360 1635.6
1368370 1628.4
1368380 1628.4
1368390 1627.7
1368400 1628.1
1368410 1628.1
1368420 1629.8
1368430 1636.7
1368440 1636.7
1368450 1648.6
1368460 1656.2
1368470 1656.2
1368480 1662.7
1368490 1672.9
1368500 1672.9
1368510 1681.7
1368520 1691.4
1368530 1702.0
1368540 1702.0
1368550 1712.3
1368560 1720.8
1368570 1720.8
1368580 1737.4
1368590 1753.0
1368600 1753.0
1368610 1764.2
1368620 1772.1
1368630 1772.1
1368640 1777.7
1368650 1780.7
1368660 1780.7
1368670 1784.5
1368680 1789.8
1368690 1789.8
1368700 1790.6
1368710 1789.9
1368720 1789.9
1368730 1786.7
1368740 1791.1
1368750 1802.9
1368760 1802.9
1368770 1813.9
1368780 1823.5
1368790 1823.5
1368800 1839.7
1368810 1854.0
1368820 1854.0
1368830 1860.3
1368840 1871.1
1368850 1871.1
1368860 1881.2
1368870 1890.8
1368880 1890.8
1368890 1899.0
1368900 1906.4
1368910 1906.4
1368920 1913.0
1368930 1919.4
1368940 1919.4
1368950 1925.2
1368960 1929.3
1368970 1929.3
1368980 1934.3
1368990 1940.2
1369000 1944.4
1369010 1944.4
1369020 1949.6
1369030 1951.0
1369040 1951.0
1369050 1954.7
1369060 1956.9
1369070 1956.9
1369080 1963.1
1369090 1964.0
1369100 1964.0
1369110 1961.5
1369120 1962.6
1369130 1962.6
1369140 1973.8
1369150 1986.9
1369160 1986.9
1369170 1999.6
1369180 2009.5
1369190 2009.5
1369200 2017.0
1369210 2024.4
1369220 2024.4
1369230 2031.9
1369240 2038.0
1369250 2041.5
1369260 2041.5
1369270 2048.5
1369280 2057.7
1369290 2057.7
1369300 2059.9
1369310 2062.2
1369320 2062.2
1369330 2066.9
1369340 2072.5
1369350 2072.5
1369360 2076.4
1369370 2084.7
1369380 2084.7
1369390 2095.3
1369400 2117.3
1369410 2117.3
1369420 2127.3
1369430 2130.8
1369440 2130.8
1369450 2135.8
1369460 2130.2
1369470 2130.2
1369480 2138.7
1369490 2145.9
1369500 2153.7
1369510 2153.7
1369520 2157.9
1369530 2165.4
1369540 2165.4
1369550 2174.3
1369560 2184.1
1369570 2184.1
1369580 2195.4
1369590 2205.0
1369600 2205.0
1369610 2214.8
1369620 2223.6
1369630 2223.6
1369640 2231.7
1369650 2239.5
1369660 2239.5
1369670 2248.3
1369680 2257.2
1369690 2257.2
1369700 2265.5
1369710 2274.2
1369720 2274.2
1369730 2282.0
1369740 2289.9
1369750 2298.8
1369760 2298.8
1369770 2308.1
1369780 2319.0
1369790 2319.0
1369800 2335.1
1369810 2345.0
1369820 2345.0
1369830 2348.8
1369840 2354.1
1369850 2354.1
1369860 2357.2
1369870 2365.2
1369880 2365.2
1369890 2384.0
1369900 2401.8
1369910 2401.8
1369920 2412.8
1369930 2427.5
1369940 2427.5
1369950 2437.7
1369960 2439.3
1369970 2439.3
1369980 2438.5
1369990 2436.8
1370000 2439.9
1370010 2439.9
1370020 2445.0
1370030 2451.6
1370040 2451.6
1370050 2459.2
1370060 2466.8
1370070 2466.8
1370080 2477.0
1370090 2487.0
1370100 2487.0
1370110 2504.8
1370120 2515.5
1370130 2515.5
1370140 2524.1
1370150 2540.2
1370160 2540.2
1370170 2562.2
1370180 2576.9
1370190 2576.9
1370200 2587.1
1370210 2598.6
1370220 2608.7
1370230 2608.7
1370240 2618.2
1370250 2626.7
1370260 2626.7
1370270 2631.7
1370280 2637.6
1370290 2637.6
1370300 2645.1
1370310 2652.7
1370320 2652.7
1370330 2667.0
1370340 2676.7
1370350 2676.7
1370360 2680.9
1370370 2676.5
1370380 2676.5
1370390 2665.8
1370400 2642.6
1370410 2642.6
1370420 2631.7
1370430 2623.7
1370440 2623.7
1370450 2618.1
1370460 2614.9
1370470 2608.1
1370480 2608.1
1370490 2600.4
1370500 2594.7
1370510 2594.7
1370520 2588.5
1370530 2584.6
1370540 2584.6
1370550 2583.9
1370560 2583.4
1370570 2583.4
1370580 2580.2
1370590 2577.0
1370600 2577.0
1370610 2575.4
1370620 2573.6
1370630 2573.6
1370640 2572.0
1370650 2571.4
1370660 2571.4
1370670 2572.0
1370680 2573.3
1370690 2573.3
1370700 2575.0
1370710 2575.9
1370720 2579.3
1370730 2579.3
1370740 2583.9
1370750 2586.7
1370760 2586.7
1370770 2590.0
1370780 2590.9
1370790 2590.9
1370800 2592.9
1370810 2591.7
1370820 2591.7
1370830 2583.8
1370840 2573.2
1370850 2573.2
1370860 2566.5
1370870 2560.1
1370880 2560.1
1370890 2553.0
1370900 2547.5
1370910 2547.5
1370920 2543.9
1370930 2539.7
1370940 2539.7
1370950 2536.5
1370960 2533.3
1370970 2532.0
1370980 2532.0
1370990 2534.2
1371000 2539.3
1371010 2539.3
1371020 2539.6
1371030 2537.7
1371040 2537.7
1371050 2532.8
1371060 2525.8
1371070 2525.8
1371080 2519.7
1371090 2512.1
1371100 2512.1
1371110 2503.2
1371120 2495.4
1371130 2495.4
1371140 2489.1
1371150 2483.8
1371160 2483.8
1371170 2477.7
1371180 2471.7
1371190 2471.7
1371200 2468.4
1371210 2465.9
1371220 2462.1
1371230 2462.1
1371240 2459.5
1371250 2456.1
1371260 2456.1
1371270 2450.9
1371280 2449.0
1371290 2449.0
1371300 2447.6
1371310 2445.7
1371320 2439.2
1371330 2441.4
1371340 2439.9
1371350 2439.9
1371360 2437.9
1371370 2433.3
1371380 2433.3
1371390 2428.4
1371400 2424.7
1371410 2424.7
1371420 2411.7
1371430 2404.3
1371440 2404.3
1371450 2400.9
1371460 2397.0
1371470 2392.4
1371480 2392.4
1371490 2385.0
1371500 2375.3
1371510 2375.3
1371520 2368.4
1371530 2361.8
1371540 2361.8
1371550 2355.5
1371560 2350.4
1371570 2350.4
1371580 2346.2
1371590 2339.4
1371600 2339.4
1371610 2331.3
1371620 2323.7
1371630 2323.7
1371640 2316.9
1371650 2309.3
1371660 2309.3
1371670 2300.6
1371680 2291.7
1371690 2281.2
1371700 2281.2
1371710 2271.3
1371720 2261.7
1371730 2261.7
1371740 2253.3
1371750 2245.2
1371760 2245.2
1371770 2237.9
1371780 2229.0
1371790 2229.0
1371800 2219.7
1371810 2210.4
1371820 2210.4
1371830 2202.7
1371840 2196.0
1371850 2196.0
1371860 2189.7
1371870 2183.8
1371880 2183.8
1371890 2177.8
1371900 2172.4
1371910 2172.4
1371920 2167.1
1371930 2161.9
1371940 2157.2
1371950 2157.2
1371960 2152.9
1371970 2149.1
1371980 2149.1
1371990 2145.4
1372000 2141.6
1372010 2141.6
1372020 2137.2
1372030 2132.0
1372040 2132.0
1372050 2126.8
1372060 2121.8
1372070 2121.8
1372080 2117.5
1372090 2113.7
1372100 2113.7
1372110 2110.8
1372120 2107.8
1372130 2107.8
1372140 2103.8
1372150 2099.7
1372160 2099.7
1372170 2097.0
1372180 2094.3
1372190 2091.8
1372200 2091.8
1372210 2088.8
1372220 2085.3
1372230 2085.3
1372240 2082.0
1372250 2079.2
1372260 2079.2
1372270 2075.9
1372280 2071.9
1372290 2071.9
1372300 2068.0
1372310 2064.0
1372320 2064.0
1372330 2061.0
1372340 2058.8
1372350 2058.8
1372360 2056.5
1372370 2054.6
1372380 2054.6
1372390 2053.1
1372400 2051.7
1372410 2051.7
1372420 2047.7
1372430 2042.5
1372440 2037.2
1372450 2037.2
1372460 2033.7
1372470 2030.0
1372480 2030.0
1372490 2026.6
1372500 2023.1
1372510 2023.1
1372520 2018.8
1372530 2015.4
1372540 2015.4
1372550 2012.9
1372560 2010.2
1372570 2010.2
1372580 2007.2
1372590 2003.8
1372600 2003.8
1372610 2000.1
1372620 1997.4
1372630 1997.4
1372640 1994.2
1372650 1989.4
1372660 1989.4
1372670 1983.8
1372680 1976.9
1372690 1969.6
1372700 1969.6
1372710 1962.5
1372720 1955.7
1372730 1955.7
1372740 1948.8
1372750 1942.0
1372760 1942.0
1372770 1936.6
1372780 1931.4
1372790 1931.4
1372800 1924.2
1372810 1916.7
1372820 1916.7
1372830 1909.1
1372840 1902.2
1372850 1902.2
1372860 1896.4
1372870 1891.9
1372880 1891.9
1372890 1886.4
1372900 1880.4
1372910 1880.4
1372920 1874.3
1372930 1868.6
1372940 1862.7
1372950 1862.7
1372960 1858.3
1372970 1853.9
1372980 1853.9
1372990 1848.4
1373000 1842.9
1373010 1842.9
1373020 1836.5
1373030 1829.7
1373040 1829.7
1373050 1821.3
1373060 1813.0
1373070 1813.0
1373080 1805.6
1373090 1797.9
1373100 1797.9
1373110 1789.2
1373120 1781.3
1373130 1781.3
1373140 1775.3
1373150 1767.9
1373160 1760.5
1373170 1760.5
1373180 1756.4
1373190 1749.8
1373200 1749.8
1373210 1742.8
1373220 1736.8
1373230 1736.8
1373240 1730.6
1373250 1724.7
1373260 1724.7
1373270 1719.5
1373280 1713.9
1373290 1713.9
1373300 1708.0
1373310 1701.4
1373320 1701.4
1373330 1695.8
1373340 1690.4
1373350 1690.4
1373360 1684.8
1373370 1679.5
1373380 1679.5
1373390 1673.3
1373400 1666.0
1373410 1659.9
1373420 1659.9
1373430 1653.7
1373440 1644.5
1373450 1644.5
1373460 1630.0
1373470 1613.7
1373480 1613.7
1373490 1602.2
1373500 1589.1
1373510 1589.1
1373520 1582.3
1373530 1578.5
1373540 1578.5
1373550 1578.2
1373560 1577.7
1373570 1577.7
1373580 1575.8
1373590 1573.2
1373600 1573.2
1373610 1571.7
1373620 1568.4
1373630 1568.4
1373640 1565.6
1373650 1563.6
1373660 1561.2
1373670 1561.2
1373680 1559.1
1373690 1557.3
1373700 1557.3
1373710 1555.9
1373720 1554.6
1373730 1554.6
1373740 1554.1
1373750 1554.5
1373760 1554.5
1373770 1554.8
1373780 1554.5
1373790 1554.5
1373800 1550.4
1373810 1544.3
1373820 1544.3
1373830 1536.8
1373840 1528.9
1373850 1528.9
1373860 1519.8
1373870 1508.3
1373880 1508.3
1373890 1498.3
1373900 1488.2
1373910 1476.0
1373920 1476.0
1373930 1466.5
1373940 1458.3
1373950 1458.3
1373960 1458.5
1373970 1458.7
1373980 1458.7
1373990 1449.3
1374000 1439.7
1374010 1439.7
1374020 1428.1
1374030 1418.1
1374040 1418.1
1374050 1408.5
1374060 1398.9
1374070 1398.9
1374080 1388.6
1374090 1381.8
1374100 1381.8
1374110 1376.7
1374120 1370.7
1374130 1370.7
1374140 1362.4
1374150 1353.8
1374160 1345.9
1374170 1345.9
1374180 1338.2
1374190 1332.2
1374200 1332.2
1374210 1327.2
1374220 1324.3
1374230 1324.3
1374240 1320.4
1374250 1314.3
1374260 1314.3
1374270 1307.6
1374280 1304.4
1374290 1304.4
1374300 1304.5
1374310 1305.0
1374320 1305.0
1374330 1305.6
1374340 1306.1
1374350 1306.1
1374360 1306.5
1374370 1306.9
1374380 1305.8
1374390 1305.8
1374400 1306.9
1374410 1308.2
1374420 1308.2
1374430 1309.3
1374440 1310.7
1374450 1310.7
1374460 1312.0
1374470 1313.2
1374480 1313.2
1374490 1313.9
1374500 1314.8
1374510 1314.8
1374520 1316.0
1374530 1317.4
1374540 1317.4
1374550 1319.0
1374560 1321.0
1374570 1321.0
1374580 1321.6
1374590 1321.9
1374600 1321.9
1374610 1324.2
1374620 1328.0
1374630 1328.9
1374640 1328.9
1374650 1332.5
1374660 1335.8
1374670 1335.8
1374680 1338.9
1374690 1341.7
1374700 1341.7
1374710 1345.0
1374720 1348.8
1374730 1348.8
1374740 1354.2
1374750 1358.7
1374760 1358.7
1374770 1363.0
1374780 1367.8
1374790 1367.8
1374800 1372.8
1374810 1377.7
1374820 1377.7
1374830 1382.1
1374840 1387.7
1374850 1387.7
1374860 1392.3
1374870 1397.4
1374880 1402.8
1374890 1402.8
1374900 1408.2
1374910 1414.0
1374920 1414.0
1374930 1419.3
1374940 1425.0
1374950 1425.0
1374960 1431.1
1374970 1436.7
1374980 1436.7
1374990 1442.5
1375000 1448.6
1375010 1448.6
1375020 1454.9
1375030 1461.0
1375040 1461.0
1375050 1467.6
1375060 1474.6
1375070 1474.6
1375080 1480.5
1375090 1486.6
1375100 1486.6
1375110 1492.5
1375120 1497.6
1375130 1502.0
1375140 1502.0
1375150 1506.6
1375160 1512.7
1375170 1512.7
1375180 1519.2
1375190 1526.2
1375200 1526.2
1375210 1533.9
1375220 1541.2
1375230 1541.2
1375240 1548.8
1375250 1556.3
1375260 1556.3
1375270 1563.9
1375280 1572.1
1375290 1572.1
1375300 1580.5
1375310 1588.8
1375320 1588.8
1375330 1599.4
1375340 1612.2
1375350 1612.2
1375360 1628.9
1375370 1649.1
1375380 1661.3
1375390 1661.3
1375400 1674.2
1375410 1681.1
1375420 1681.1
1375430 1690.9
1375440 1710.5
1375450 1710.5
1375460 1737.6
1375470 1755.8
1375480 1755.8
1375490 1766.3
1375500 1771.6
1375510 1771.6
1375520 1768.5
1375530 1763.8
1375540 1763.8
1375550 1774.0
1375560 1782.8
1375570 1782.8
1375580 1792.1
1375590 1805.0
1375600 1805.0
1375610 1810.8
1375620 1813.6
1375630 1819.1
1375640 1819.1
1375650 1840.7
1375660 1841.5
1375670 1841.5
1375680 1841.3
1375690 1856.3
1375700 1856.3
1375710 1866.6
1375720 1862.4
1375730 1862.4
1375740 1851.4
1375750 1845.0
1375760 1845.0
1375770 1864.7
1375780 1881.5
1375790 1881.5
1375800 1886.9
1375810 1886.1
1375820 1886.1
1375830 1884.8
1375840 1885.2
1375850 1894.5
1375860 1894.5
1375870 1918.8
1375880 1943.3
1375890 1943.3
1375900 1977.2
1375910 1986.4
1375920 1986.4
1375930 1996.4
1375940 2003.3
1375950 2003.3
1375960 2007.9
1375970 2012.0
1375980 2012.0
1375990 2014.4
1376000 2015.4
1376010 2015.4
1376020 2018.7
1376030 2020.8
1376040 2020.8
1376050 2023.1
1376060 2027.0
1376070 2027.0
1376080 2030.3
1376090 2035.9
1376100 2044.8
1376110 2044.8
1376120 2054.8
1376130 2063.4
1376140 2063.4
1376150 2071.9
1376160 2078.6
1376170 2078.6
1376180 2085.5
1376190 2094.5
1376200 2094.5
1376210 2102.1
1376220 2110.9
1376230 2110.9
1376240 2120.7
1376250 2129.9
1376260 2129.9
1376270 2141.3
1376280 2151.7
1376290 2151.7
1376300 2160.7
1376310 2168.9
1376320 2168.9
1376330 2176.4
1376340 2182.7
1376350 2188.9
1376360 2188.9
1376370 2194.9
1376380 2199.7
1376390 2199.7
1376400 2205.3
1376410 2211.4
1376420 2211.4
1376430 2217.6
1376440 2225.5
1376450 2225.5
1376460 2233.9
1376470 2243.1
1376480 2243.1
1376490 2252.1
1376500 2260.4
1376510 2260.4
1376520 2268.0
1376530 2276.8
1376540 2276.8
1376550 2287.4
1376560 2292.6
1376570 2292.6
1376580 2298.0
1376590 2304.9
1376600 2313.1
1376610 2313.1
1376620 2320.6
1376630 2328.1
1376640 2328.1
1376650 2335.6
1376660 2343.0
1376670 2343.0
1376680 2346.6
1376690 2339.6
1376700 2339.6
1376710 2332.2
1376720 2326.3
1376730 2326.3
1376740 2320.3
1376750 2314.9
1376760 2314.9
1376770 2310.0
1376780 2302.1
1376790 2302.1
1376800 2295.2
1376810 2289.5
1376820 2289.5
1376830 2284.0
1376840 2278.5
1376850 2275.5
1376860 2275.5
1376870 2274.2
1376880 2272.2
1376890 2272.2
1376900 2268.7
1376910 2265.3
1376920 2265.3
1376930 2264.7
1376940 2266.3
1376950 2266.3
1376960 2268.5
1376970 2272.1
1376980 2272.1
1376990 2273.8
1377000 2275.8
1377010 2275.8
1377020 2276.5
1377030 2276.5
1377040 2276.5
1377050 2271.3
1377060 2265.0
1377070 2265.0
1377080 2264.5
1377090 2258.8
1377100 2258.0
1377110 2258.0
1377120 2259.5
1377130 2260.7
1377140 2260.7
1377150 2260.4
1377160 2263.1
1377170 2263.1
1377180 2270.4
1377190 2277.1
1377200 2277.1
1377210 2283.1
1377220 2289.4
1377230 2289.4
1377240 2295.7
1377250 2301.7
1377260 2301.7
1377270 2308.3
1377280 2315.1
1377290 2315.1
1377300 2322.0
1377310 2328.9
1377320 2337.4
1377330 2337.4
1377340 2346.2
1377350 2356.6
1377360 2356.6
1377370 2364.5
1377380 2370.9
1377390 2370.9
1377400 2379.3
1377410 2387.7
1377420 2387.7
1377430 2396.1
1377440 2404.1
1377450 2404.1
1377460 2409.7
1377470 2414.8
1377480 2414.8
1377490 2419.9
1377500 2425.3
1377510 2425.3
1377520 2431.8
1377530 2439.1
1377540 2439.1
1377550 2446.7
1377560 2455.4
1377570 2462.9
1377580 2462.9
1377590 2468.1
1377600 2475.4
1377610 2475.4
1377620 2484.0
1377630 2491.6
1377640 2491.6
1377650 2497.4
1377660 2503.4
1377670 2503.4
1377680 2511.4
1377690 2517.7
1377700 2517.7
1377710 2522.1
1377720 2525.9
1377730 2525.9
1377740 2528.3
1377750 2527.1
1377760 2527.1
1377770 2530.7
1377780 2548.3
1377790 2548.3
1377800 2557.0
1377810 2562.2
1377820 2565.6
1377830 2565.6
1377840 2566.9
1377850 2566.1
1377860 2566.1
1377870 2563.3
1377880 2559.3
1377890 2559.3
1377900 2554.4
1377910 2548.2
1377920 2548.2
1377930 2542.2
1377940 2536.1
1377950 2536.1
1377960 2529.4
1377970 2525.1
1377980 2525.1
1377990 2519.6
1378000 2504.4
1378010 2504.4
1378020 2488.6
1378030 2471.8
1378040 2471.8
1378050 2446.5
1378060 2429.0
1378070 2413.8
1378080 2413.8
1378090 2402.3
1378100 2393.4
1378110 2393.4
1378120 2386.3
1378130 2380.6
1378140 2380.6
1378150 2376.4
1378160 2372.7
1378170 2372.7
1378180 2368.4
1378190 2364.4
1378200 2364.4
1378210 2360.4
1378220 2356.3
1378230 2356.3
1378240 2352.9
1378250 2350.3
1378260 2350.3
1378270 2349.6
1378280 2346.4
1378290 2346.4
1378300 2345.4
1378310 2344.3
1378320 2343.2
1378330 2343.2
1378340 2342.7
1378350 2342.1
1378360 2342.1
1378370 2341.0
1378380 2341.9
1378390 2341.9
1378400 2342.3
1378410 2343.4
1378420 2343.4
1378430 2344.6
1378440 2345.8
1378450 2345.8
1378460 2347.1
1378470 2348.7
1378480 2348.7
1378490 2349.8
1378500 2351.9
1378510 2351.9
1378520 2354.2
1378530 2357.7
1378540 2357.7
1378550 2362.1
1378560 2366.8
1378570 2372.0
1378580 2372.0
1378590 2377.7
1378600 2383.8
1378610 2383.8
1378620 2390.3
1378630 2397.3
1378640 2397.3
1378650 2404.2
1378660 2411.4
1378670 2411.4
1378680 2419.3
1378690 2427.2
1378700 2427.2
1378710 2434.7
1378720 2442.2
1378730 2442.2
1378740 2454.4
1378750 2480.3
1378760 2480.3
1378770 2498.7
1378780 2517.3
1378790 2518.6
1378800 2518.6
1378810 2509.7
1378820 2500.1
1378830 2500.1
1378840 2489.9
1378850 2477.0
1378860 2477.0
1378870 2456.8
1378880 2441.6
1378890 2441.6
1378900 2421.9
1378910 2408.4
1378920 2408.4
1378930 2400.2
1378940 2394.7
1378950 2394.7
1378960 2389.1
1378970 2382.9
1378980 2382.9
1378990 2376.5
1379000 2370.2
1379010 2370.2
1379020 2364.1
1379030 2358.0
1379040 2351.3
1379050 2351.3
1379060 2344.9
1379070 2338.5
1379080 2338.5
1379090 2332.6
1379100 2326.3
1379110 2326.3
1379120 2320.7
1379130 2315.0
1379140 2315.0
1379150 2310.1
1379160 2305.6
1379170 2305.6
1379180 2301.8
1379190 2298.2
1379200 2298.2
1379210 2293.9
1379220 2288.7
1379230 2288.7
1379240 2284.2
1379250 2281.6
1379260 2281.6
1379270 2280.1
1379280 2277.6
1379290 2275.1
1379300 2275.1
1379310 2271.3
1379320 2266.0
1379330 2266.0
1379340 2261.0
1379350 2255.2
1379360 2255.2
1379370 2248.9
1379380 2243.3
1379390 2243.3
1379400 2237.7
1379410 2232.3
1379420 2232.3
1379430 2227.5
1379440 2223.1
1379450 2223.1
1379460 2219.0
1379470 2211.8
1379480 2211.8
1379490 2205.0
1379500 2199.6
1379510 2199.6
1379520 2190.3
1379530 2178.8
1379540 2164.3
1379550 2164.3
1379560 2154.2
1379570 2147.8
1379580 2147.8
1379590 2141.2
1379600 2134.1
1379610 2134.1
1379620 2128.9
1379630 2123.5
1379640 2123.5
1379650 2117.9
1379660 2112.3
1379670 2112.3
1379680 2106.4
1379690 2100.3
1379700 2100.3
1379710 2094.5
1379720 2088.1
1379730 2088.1
1379740 2082.2
1379750 2076.2
1379760 2076.2
1379770 2070.6
1379780 2065.0
1379790 2059.2
1379800 2059.2
1379810 2053.9
1379820 2048.4
1379830 2048.4
1379840 2042.7
1379850 2037.0
1379860 2037.0
1379870 2031.4
1379880 2025.9
1379890 2025.9
1379900 2020.3
1379910 2014.8
1379920 2014.8
1379930 2009.0
1379940 2003.3
1379950 2003.3
1379960 1997.5
1379970 1991.7
1379980 1991.7
1379990 1985.9
