1360000 2022.9
1360010 2019.3
1360020 2018.8
1360030 2018.8
1360040 2017.8
1360050 2014.6
1360060 2014.6
1360070 2010.3
1360080 2006.0
1360090 2006.0
1360100 2001.8
1360110 1996.3
1360120 1996.3
1360130 1990.3
1360140 1983.9
1360150 1983.9
1360160 1977.1
1360170 1973.6
1360180 1963.0
1360190 1963.0
1360200 1948.4
1360210 1934.2
1360220 1934.2
1360230 1926.4
1360240 1919.5
1360250 1919.5
1360260 1909.3
1360270 1898.7
1360280 1898.7
1360290 1889.9
1360300 1885.1
1360310 1885.1
1360320 1881.9
1360330 1879.1
1360340 1879.1
1360350 1877.7
1360360 1878.5
1360370 1878.5
1360380 1882.0
1360390 1892.4
1360400 1892.4
1360410 1897.6
1360420 1902.4
1360430 1903.5
1360440 1907.5
1360450 1909.4
1360460 1913.1
1360470 1913.1
1360480 1912.8
1360490 1910.6
1360500 1910.6
1360510 1914.2
1360520 1918.7
1360530 1918.7
1360540 1924.7
1360550 1932.6
1360560 1932.6
1360570 1939.7
1360580 1952.0
1360590 1952.0
1360600 1954.4
1360610 1952.5
1360620 1952.5
1360630 1949.8
1360640 1947.3
1360650 1947.3
1360660 1945.8
1360670 1945.3
1360680 1946.0
1360690 1946.0
1360700 1947.2
1360710 1946.3
1360720 1946.3
1360730 1943.9
1360740 1941.2
1360750 1941.2
1360760 1938.4
1360770 1935.9
1360780 1935.9
1360790 1933.8
1360800 1932.5
1360810 1932.5
1360820 1931.7
1360830 1930.2
1360840 1930.2
1360850 1928.0
1360860 1924.4
1360870 1924.4
1360880 1920.6
1360890 1917.3
1360900 1917.3
1360910 1913.3
1360920 1909.9
1360930 1907.2
1360940 1907.2
1360950 1904.4
1360960 1902.6
1360970 1902.6
1360980 1898.3
1360990 1891.7
1361000 1891.7
1361010 1884.3
1361020 1880.0
1361030 1880.0
1361040 1878.1
1361050 1876.0
1361060 1876.0
1361070 1872.7
1361080 1867.9
1361090 1867.9
1361100 1858.6
1361110 1848.2
1361120 1848.2
1361130 1840.0
1361140 1832.6
1361150 1832.6
1361160 1825.0
1361170 1818.7
1361180 1814.5
1361190 1814.5
1361200 1810.2
1361210 1805.3
1361220 1805.3
1361230 1800.9
1361240 1796.9
1361250 1796.9
1361260 1793.3
1361270 1789.6
1361280 1789.6
1361290 1788.2
1361300 1784.9
1361310 1784.9
1361320 1781.4
1361330 1778.0
1361340 1778.0
1361350 1774.2
1361360 1770.5
1361370 1770.5
1361380 1767.7
1361390 1762.3
1361400 1757.2
1361410 1757.2
1361420 1752.5
1361430 1748.7
1361440 1748.7
1361450 1745.7
1361460 1743.3
1361470 1751.5
1361480 1751.3
1361490 1751.0
1361500 1751.0
1361510 1749.6
1361520 1749.5
1361530 1749.5
1361540 1749.9
1361550 1752.7
1361560 1752.7
1361570 1755.9
1361580 1758.3
1361590 1758.3
1361600 1758.9
1361610 1761.3
1361620 1761.3
1361630 1764.3
1361640 1760.7
1361650 1755.9
1361660 1755.9
1361670 1750.3
1361680 1742.8
1361690 1742.8
1361700 1735.1
1361710 1727.4
1361720 1727.4
1361730 1720.1
1361740 1712.6
1361750 1712.6
1361760 1705.2
1361770 1698.5
1361780 1698.5
1361790 1691.6
1361800 1684.2
1361810 1684.2
1361820 1675.9
1361830 1668.1
1361840 1668.1
1361850 1661.3
1361860 1654.3
1361870 1654.3
1361880 1647.4
1361890 1641.1
1361900 1633.8
1361910 1633.8
1361920 1626.6
1361930 1619.5
1361940 1619.5
1361950 1613.0
1361960 1605.8
1361970 1605.8
1361980 1598.7
1361990 1591.2
1362000 1591.2
1362010 1584.3
1362020 1577.2
1362030 1577.2
1362040 1569.4
1362050 1561.1
1362060 1561.1
1362070 1552.6
1362080 1543.4
1362090 1543.4
1362100 1535.4
1362110 1529.2
1362120 1529.2
1362130 1523.3
1362140 1516.8
1362150 1510.8
1362160 1510.8
1362170 1504.9
1362180 1498.5
1362190 1498.5
1362200 1492.5
1362210 1486.2
1362220 1486.2
1362230 1479.9
1362240 1473.6
1362250 1473.6
1362260 1467.7
1362270 1461.2
1362280 1461.2
1362290 1453.5
1362300 1443.2
1362310 1443.2
1362320 1433.1
1362330 1424.0
1362340 1424.0
1362350 1417.9
1362360 1413.3
1362370 1413.3
1362380 1404.1
1362390 1388.8
1362400 1375.6
1362410 1375.6
1362420 1364.6
1362430 1353.0
1362440 1353.0
1362450 1342.4
1362460 1333.4
1362470 1333.4
1362480 1324.8
1362490 1317.6
1362500 1317.6
1362510 1316.2
1362520 1307.0
1362530 1307.0
1362540 1297.2
1362550 1289.9
1362560 1289.9
1362570 1284.2
1362580 1279.2
1362590 1279.2
1362600 1273.8
1362610 1268.4
1362620 1268.4
1362630 1265.5
1362640 1264.1
1362650 1261.9
1362660 1261.9
1362670 1257.0
1362680 1251.0
1362690 1251.0
1362700 1246.8
1362710 1243.2
1362720 1243.2
1362730 1236.7
1362740 1229.5
1362750 1229.5
1362760 1223.4
1362770 1218.1
1362780 1218.1
1362790 1211.8
1362800 1204.5
1362810 1204.5
1362820 1198.3
1362830 1190.3
1362840 1190.3
1362850 1174.8
1362860 1155.7
1362870 1155.7
1362880 1141.7
1362890 1133.0
1362900 1124.3
1362910 1124.3
1362920 1115.9
1362930 1105.0
1362940 1105.0
1362950 1095.1
1362960 1088.9
1362970 1088.9
1362980 1083.5
1362990 1077.0
1363000 1077.0
1363010 1070.5
1363020 1063.5
1363030 1063.5
1363040 1056.3
1363050 1048.8
1363060 1048.8
1363070 1041.3
1363080 1033.9
1363090 1033.9
1363100 1027.1
1363110 1020.7
1363120 1020.7
1363130 1014.4
1363140 1008.6
1363150 1002.9
1363160 1002.9
1363170 999.2
1363180 995.0
1363190 995.0
1363200 990.8
1363210 987.4
1363220 987.4
1363230 986.1
1363240 986.2
1363250 986.2
1363260 984.7
1363270 982.9
1363280 982.9
1363290 981.4
1363300 980.7
1363310 980.7
1363320 981.2
1363330 981.2
1363340 981.2
1363350 980.2
1363360 979.7
1363370 979.7
1363380 979.7
1363390 981.6
1363400 981.6
1363410 981.6
1363420 982.7
1363430 988.9
1363440 988.9
1363450 995.8
1363460 998.2
1363470 998.2
1363480 999.9
1363490 1001.5
1363500 1001.5
1363510 1003.4
1363520 1004.5
1363530 1004.5
1363540 1005.6
1363550 1008.1
1363560 1008.1
1363570 1009.3
1363580 1011.1
1363590 1011.1
1363600 1013.1
1363610 1014.4
1363620 1015.2
1363630 1015.2
1363640 1016.7
1363650 1018.4
1363660 1018.4
1363670 1020.0
1363680 1021.9
1363690 1021.9
1363700 1024.6
1363710 1027.8
1363720 1027.8
1363730 1031.4
1363740 1035.9
1363750 1035.9
1363760 1040.1
1363770 1044.6
1363780 1044.6
1363790 1050.3
1363800 1056.7
1363810 1056.7
1363820 1063.5
1363830 1070.3
1363840 1070.3
1363850 1077.1
1363860 1084.0
1363870 1091.3
1363880 1091.3
1363890 1098.5
1363900 1106.0
1363910 1106.0
1363920 1113.0
1363930 1120.4
1363940 1120.4
1363950 1127.9
1363960 1135.9
1363970 1135.9
1363980 1143.7
1363990 1151.7
1364000 1151.7
1364010 1159.5
1364020 1167.1
1364030 1167.1
1364040 1174.9
1364050 1182.4
1364060 1182.4
1364070 1190.0
1364080 1197.4
1364090 1197.4
1364100 1205.2
1364110 1213.2
1364120 1226.7
1364130 1226.7
1364140 1254.8
1364150 1277.1
1364160 1277.1
1364170 1288.5
1364180 1287.4
1364190 1287.4
1364200 1311.8
1364210 1357.8
1364220 1357.8
1364230 1378.8
1364240 1391.5
1364250 1391.5
1364260 1401.5
1364270 1410.9
1364280 1410.9
1364290 1420.1
1364300 1428.3
1364310 1428.3
1364320 1441.5
1364330 1456.7
1364340 1456.7
1364350 1473.0
1364360 1488.9
1364370 1500.3
1364380 1500.3
1364390 1516.5
1364400 1528.0
1364410 1528.0
1364420 1536.8
1364430 1551.8
1364440 1551.8
1364450 1565.9
1364460 1574.5
1364470 1574.5
1364480 1582.6
1364490 1600.3
1364500 1600.3
1364510 1612.1
1364520 1619.4
1364530 1619.4
1364540 1625.9
1364550 1633.0
1364560 1633.0
1364570 1641.5
1364580 1651.7
1364590 1651.7
1364600 1662.0
1364610 1676.9
1364620 1690.1
1364630 1690.1
1364640 1702.3
1364650 1712.3
1364660 1712.3
1364670 1729.5
1364680 1744.5
1364690 1744.5
1364700 1758.0
1364710 1768.9
1364720 1768.9
1364730 1769.7
1364740 1770.4
1364750 1770.4
1364760 1784.1
1364770 1796.8
1364780 1796.8
1364790 1794.4
1364800 1784.8
1364810 1784.8
1364820 1775.7
1364830 1802.6
1364840 1802.6
1364850 1852.0
1364860 1854.3
1364870 1848.2
1364880 1848.2
1364890 1841.2
1364900 1834.9
1364910 1834.9
1364920 1828.5
1364930 1822.2
1364940 1822.2
1364950 1815.9
1364960 1809.3
1364970 1809.3
1364980 1802.2
1364990 1795.2
1365000 1795.2
1365010 1787.1
1365020 1779.8
1365030 1779.8
1365040 1773.3
1365050 1767.6
1365060 1767.6
1365070 1762.6
1365080 1758.1
1365090 1758.1
1365100 1753.2
1365110 1748.5
1365120 1744.7
1365130 1744.7
1365140 1741.1
1365150 1737.6
1365160 1737.6
1365170 1732.8
1365180 1727.0
1365190 1727.0
1365200 1719.5
1365210 1710.6
1365220 1710.6
1365230 1702.9
1365240 1704.3
1365250 1704.3
1365260 1706.0
1365270 1706.5
1365280 1706.5
1365290 1706.4
1365300 1706.9
1365310 1706.9
1365320 1710.3
1365330 1712.9
1365340 1712.9
1365350 1714.0
1365360 1713.5
1365370 1712.6
1365380 1712.6
1365390 1712.4
1365400 1713.0
1365410 1713.0
1365420 1713.5
1365430 1712.7
1365440 1712.7
1365450 1710.7
1365460 1708.5
1365470 1708.5
1365480 1704.7
1365490 1699.2
1365500 1699.2
1365510 1694.2
1365520 1688.8
1365530 1688.8
1365540 1682.8
1365550 1675.8
1365560 1675.8
1365570 1669.8
1365580 1663.7
1365590 1657.1
1365600 1657.1
1365610 1651.1
1365620 1646.3
1365630 1646.3
1365640 1642.3
1365650 1638.0
1365660 1638.0
1365670 1638.2
1365680 1631.5
1365690 1631.5
1365700 1623.3
1365710 1613.3
1365720 1613.3
1365730 1601.3
1365740 1588.6
1365750 1588.6
1365760 1576.1
1365770 1563.9
1365780 1563.9
1365790 1551.1
1365800 1538.8
1365810 1538.8
1365820 1528.4
1365830 1518.7
1365840 1508.8
1365850 1508.8
1365860 1499.7
1365870 1490.3
1365880 1490.3
1365890 1482.1
1365900 1476.1
1365910 1476.1
1365920 1469.8
1365930 1463.2
1365940 1463.2
1365950 1455.8
1365960 1448.6
1365970 1448.6
1365980 1441.7
1365990 1433.7
1366000 1433.7
1366010 1424.1
1366020 1409.3
1366030 1409.3
1366040 1392.8
1366050 1375.0
1366060 1375.0
1366070 1360.9
1366080 1350.1
1366090 1342.6
1366100 1342.6
1366110 1336.7
1366120 1336.0
1366130 1336.0
1366140 1330.6
1366150 1323.3
1366160 1323.3
1366170 1320.8
1366180 1313.5
1366190 1313.5
1366200 1302.0
1366210 1286.2
1366220 1286.2
1366230 1269.0
1366240 1258.8
1366250 1258.8
1366260 1250.7
1366270 1243.1
1366280 1243.1
1366290 1232.2
1366300 1219.3
1366310 1219.3
1366320 1208.5
1366330 1203.8
1366340 1203.7
1366350 1203.7
1366360 1201.1
1366370 1197.2
1366380 1197.2
1366390 1195.2
1366400 1193.5
1366410 1193.5
1366420 1188.0
1366430 1182.1
1366440 1182.1
1366450 1176.8
1366460 1172.4
1366470 1172.4
1366480 1168.9
1366490 1167.6
1366500 1167.6
1366510 1168.4
1366520 1169.4
1366530 1169.4
1366540 1170.1
1366550 1169.9
1366560 1169.9
1366570 1168.8
1366580 1167.1
1366590 1165.7
1366600 1165.7
1366610 1164.5
1366620 1162.5
1366630 1162.5
1366640 1159.9
1366650 1156.2
1366660 1156.2
1366670 1152.1
1366680 1149.4
1366690 1149.4
1366700 1148.1
1366710 1143.5
1366720 1143.5
1366730 1138.6
1366740 1136.0
1366750 1138.4
1366760 1137.6
1366770 1138.0
1366780 1138.0
1366790 1139.3
1366800 1145.4
1366810 1145.4
1366820 1150.4
1366830 1153.8
1366840 1163.0
1366850 1163.0
1366860 1171.1
1366870 1179.3
1366880 1179.3
1366890 1186.4
1366900 1191.6
1366910 1191.6
1366920 1195.9
1366930 1199.0
1366940 1199.0
1366950 1201.7
1366960 1207.3
1366970 1207.3
1366980 1215.4
1366990 1228.4
1367000 1228.4
1367010 1241.5
1367020 1257.5
1367030 1257.5
1367040 1271.7
1367050 1285.8
1367060 1285.8
1367070 1299.2
1367080 1315.3
1367090 1316.0
1367100 1316.0
1367110 1325.4
1367120 1338.8
1367130 1338.8
1367140 1346.5
1367150 1351.5
1367160 1351.5
1367170 1363.6
1367180 1382.2
1367190 1382.2
1367200 1393.5
1367210 1408.6
1367220 1408.6
1367230 1415.9
1367240 1425.9
1367250 1425.9
1367260 1437.9
1367270 1450.2
1367280 1450.2
1367290 1460.9
1367300 1467.6
1367310 1467.6
1367320 1473.8
1367330 1481.3
1367340 1491.1
1367350 1491.1
1367360 1504.1
1367370 1520.1
1367380 1520.1
1367390 1532.9
1367400 1540.6
1367410 1540.6
1367420 1547.6
1367430 1549.4
1367440 1549.4
1367450 1552.8
1367460 1560.6
1367470 1560.6
1367480 1572.5
1367490 1581.1
1367500 1581.1
1367510 1587.1
1367520 1591.3
1367530 1591.3
1367540 1594.8
1367550 1599.3
1367560 1599.3
1367570 1607.3
1367580 1615.6
1367590 1621.5
1367600 1621.5
1367610 1630.9
1367620 1639.4
1367630 1639.4
1367640 1648.4
1367650 1656.0
1367660 1656.0
1367670 1664.4
1367680 1672.9
1367690 1672.9
1367700 1681.0
1367710 1688.8
1367720 1688.8
1367730 1696.5
1367740 1704.6
1367750 1704.6
1367760 1713.2
1367770 1721.4
1367780 1721.4
1367790 1729.3
1367800 1737.8
1367810 1746.0
1367820 1746.0
1367830 1752.4
1367840 1759.2
1367850 1759.2
1367860 1765.9
1367870 1773.6
1367880 1773.6
1367890 1783.5
1367900 1791.9
1367910 1791.9
1367920 1799.4
1367930 1807.3
1367940 1807.3
1367950 1816.2
1367960 1825.8
1367970 1825.8
1367980 1835.6
1367990 1844.9
1368000 1844.9
1368010 1855.2
1368020 1867.2
1368030 1867.2
1368040 1876.9
1368050 1887.5
1368060 1899.7
1368070 1899.7
1368080 1909.7
1368090 1919.8
1368100 1919.8
1368110 1928.9
1368120 1937.3
1368130 1937.3
1368140 1946.1
1368150 1954.9
1368160 1954.9
1368170 1963.4
1368180 1973.5
1368190 1973.5
1368200 1984.6
1368210 1994.4
1368220 1994.4
1368230 2004.3
1368240 2013.8
1368250 2013.8
1368260 2021.6
1368270 2026.2
1368280 2026.2
1368290 2028.6
1368300 2028.6
1368310 2028.8
1368320 2028.8
1368330 2028.6
1368340 2030.9
1368350 2030.9
1368360 2037.6
1368370 2047.3
1368380 2047.3
1368390 2053.6
1368400 2060.4
1368410 2060.4
1368420 2068.3
1368430 2077.6
1368440 2077.6
1368450 2088.0
1368460 2101.3
1368470 2101.3
1368480 2108.8
1368490 2108.6
1368500 2108.6
1368510 2107.7
1368520 2106.2
1368530 2106.2
1368540 2105.6
1368550 2105.0
1368560 2103.5
1368570 2103.5
1368580 2102.0
1368590 2100.8
1368600 2100.8
1368610 2099.3
1368620 2099.0
1368630 2099.0
1368640 2097.4
1368650 2096.3
1368660 2096.3
1368670 2094.7
1368680 2093.8
1368690 2093.8
1368700 2094.8
1368710 2094.3
1368720 2094.3
1368730 2094.8
1368740 2095.3
1368750 2095.3
1368760 2095.4
1368770 2096.4
1368780 2096.4
1368790 2097.0
1368800 2097.0
1368810 2094.6
1368820 2094.6
1368830 2098.9
1368840 2105.5
1368850 2105.5
1368860 2108.4
1368870 2110.9
1368880 2110.9
1368890 2112.5
1368900 2117.8
1368910 2117.8
1368920 2120.3
1368930 2125.3
1368940 2125.3
1368950 2132.6
1368960 2145.4
1368970 2145.4
1368980 2159.7
1368990 2171.1
1369000 2171.1
1369010 2183.1
1369020 2195.5
1369030 2195.5
1369040 2210.3
1369050 2219.1
1369060 2226.0
1369070 2226.0
1369080 2232.3
1369090 2239.8
1369100 2239.8
1369110 2247.5
1369120 2255.4
1369130 2255.4
1369140 2263.4
1369150 2271.8
1369160 2271.8
1369170 2280.5
1369180 2288.7
1369190 2288.7
1369200 2295.7
1369210 2299.3
1369220 2299.3
1369230 2299.3
1369240 2299.8
1369250 2299.8
1369260 2298.7
1369270 2300.6
1369280 2300.6
1369290 2304.3
1369300 2304.1
1369310 2301.8
1369320 2301.8
1369330 2299.5
1369340 2299.2
1369350 2299.2
1369360 2300.9
1369370 2307.3
1369380 2307.3
1369390 2313.1
1369400 2319.3
1369410 2319.3
1369420 2325.6
1369430 2331.0
1369440 2331.0
1369450 2334.1
1369460 2335.4
1369470 2335.4
1369480 2336.9
1369490 2338.3
1369500 2338.3
1369510 2337.7
1369520 2342.2
1369530 2342.2
1369540 2348.4
1369550 2354.0
1369560 2360.1
1369570 2360.1
1369580 2365.7
1369590 2373.3
1369600 2373.3
1369610 2381.9
1369620 2389.9
1369630 2389.9
1369640 2397.6
1369650 2405.6
1369660 2405.6
1369670 2413.5
1369680 2419.6
1369690 2419.6
1369700 2425.6
1369710 2431.8
1369720 2431.8
1369730 2437.8
1369740 2444.2
1369750 2444.2
1369760 2450.9
1369770 2457.5
1369780 2457.5
1369790 2455.4
1369800 2445.3
1369810 2440.1
1369820 2440.1
1369830 2445.3
1369840 2446.2
1369850 2446.2
1369860 2436.5
1369870 2423.7
1369880 2423.7
1369890 2411.8
1369900 2398.0
1369910 2398.0
1369920 2392.7
1369930 2388.6
1369940 2388.6
1369950 2383.5
1369960 2379.8
1369970 2379.8
1369980 2376.0
1369990 2373.0
1370000 2373.0
1370010 2371.3
1370020 2369.7
1370030 2370.6
1370040 2370.6
1370050 2370.6
1370060 2368.3
1370070 2368.3
1370080 2366.4
1370090 2365.6
1370100 2365.6
1370110 2365.2
1370120 2364.4
1370130 2364.4
1370140 2362.6
1370150 2362.1
1370160 2362.1
1370170 2361.9
1370180 2361.6
1370190 2361.6
1370200 2362.5
1370210 2365.7
1370220 2365.7
1370230 2370.7
1370240 2383.2
1370250 2383.2
1370260 2389.0
1370270 2393.7
1370280 2398.6
1370290 2398.6
1370300 2402.1
1370310 2405.4
1370320 2405.4
1370330 2411.3
1370340 2416.4
1370350 2416.4
1370360 2416.6
1370370 2407.9
1370380 2407.9
1370390 2397.2
1370400 2384.5
1370410 2384.5
1370420 2369.7
1370430 2358.7
1370440 2358.7
1370450 2351.7
1370460 2345.2
1370470 2345.2
1370480 2339.4
1370490 2333.7
1370500 2333.7
1370510 2327.0
1370520 2319.8
1370530 2312.5
1370540 2312.5
1370550 2306.2
1370560 2302.5
1370570 2302.5
1370580 2303.3
1370590 2304.1
1370600 2304.1
1370610 2300.4
1370620 2293.7
1370630 2293.7
1370640 2278.8
1370650 2266.9
1370660 2266.9
1370670 2260.7
1370680 2255.0
1370690 2255.0
1370700 2246.9
1370710 2241.4
1370720 2241.4
1370730 2238.0
1370740 2235.5
1370750 2235.5
1370760 2232.7
1370770 2228.6
1370780 2224.9
1370790 2224.9
1370800 2220.0
1370810 2213.7
1370820 2213.7
1370830 2207.9
1370840 2198.8
1370850 2198.8
1370860 2187.4
1370870 2180.0
1370880 2180.0
1370890 2173.6
1370900 2173.5
1370910 2173.5
1370920 2172.7
1370930 2171.8
1370940 2171.8
1370950 2169.3
1370960 2165.5
1370970 2165.5
1370980 2158.7
1370990 2152.3
1371000 2152.3
1371010 2148.1
1371020 2144.0
1371030 2138.7
1371040 2138.7
1371050 2131.6
1371060 2127.4
1371070 2127.4
1371080 2125.4
1371090 2123.6
1371100 2123.6
1371110 2122.1
1371120 2119.9
1371130 2119.9
1371140 2117.0
1371150 2116.5
1371160 2116.5
1371170 2113.3
1371180 2109.9
1371190 2109.9
1371200 2107.0
1371210 2104.6
1371220 2104.6
1371230 2102.5
1371240 2099.3
1371250 2099.3
1371260 2096.1
1371270 2093.0
1371280 2089.4
1371290 2089.4
1371300 2085.8
1371310 2082.7
1371320 2082.7
1371330 2079.8
1371340 2077.0
1371350 2077.0
1371360 2076.0
1371370 2077.1
1371380 2077.1
1371390 2077.5
1371400 2076.8
1371410 2076.8
1371420 2073.6
1371430 2073.7
1371440 2073.7
1371450 2074.3
1371460 2073.6
1371470 2073.6
1371480 2070.2
1371490 2068.5
1371500 2068.5
1371510 2066.1
1371520 2064.2
1371530 2062.8
1371540 2062.8
1371550 2061.7
1371560 2062.2
1371570 2062.2
1371580 2063.3
1371590 2064.6
1371600 2064.6
1371610 2065.7
1371620 2066.5
1371630 2066.5
1371640 2066.8
1371650 2066.6
1371660 2066.6
1371670 2067.7
1371680 2073.4
1371690 2073.4
1371700 2081.5
1371710 2095.9
1371720 2095.9
1371730 2104.1
1371740 2108.9
1371750 2108.9
1371760 2114.3
1371770 2119.9
1371780 2127.6
1371790 2127.6
1371800 2134.4
1371810 2134.2
1371820 2134.2
1371830 2132.4
1371840 2131.1
1371850 2131.1
1371860 2127.7
1371870 2122.8
1371880 2122.8
1371890 2119.3
1371900 2115.4
1371910 2115.4
1371920 2112.0
1371930 2110.0
1371940 2110.0
1371950 2112.3
1371960 2114.4
1371970 2114.4
1371980 2121.8
1371990 2125.1
1372000 2130.8
1372010 2130.8
1372020 2134.1
1372030 2138.8
1372040 2138.8
1372050 2144.2
1372060 2148.4
1372070 2148.4
1372080 2154.2
1372090 2160.1
1372100 2160.1
1372110 2166.1
1372120 2169.9
1372130 2169.9
1372140 2172.1
1372150 2173.3
1372160 2173.3
1372170 2174.4
1372180 2173.4
1372190 2173.4
1372200 2166.6
1372210 2157.7
1372220 2157.7
1372230 2149.7
1372240 2141.1
1372250 2132.8
1372260 2132.8
1372270 2129.0
1372280 2119.6
1372290 2119.6
1372300 2110.1
1372310 2104.0
1372320 2104.0
1372330 2098.4
1372340 2090.9
1372350 2090.9
1372360 2085.2
1372370 2079.9
1372380 2079.9
1372390 2074.3
1372400 2071.3
1372410 2071.3
1372420 2067.1
1372430 2056.8
1372440 2056.8
1372450 2047.0
1372460 2038.4
1372470 2038.4
1372480 2031.3
1372490 2023.3
1372500 2015.5
1372510 2015.5
1372520 2007.5
1372530 1999.4
1372540 1999.4
1372550 1991.4
1372560 1983.4
1372570 1983.4
1372580 1975.9
1372590 1968.0
1372600 1968.0
1372610 1959.4
1372620 1949.9
1372630 1949.9
1372640 1946.0
1372650 1945.7
1372660 1945.7
1372670 1942.5
1372680 1940.2
1372690 1940.2
1372700 1940.5
1372710 1939.6
1372720 1939.6
1372730 1933.9
1372740 1930.6
1372750 1927.6
1372760 1927.6
1372770 1922.0
1372780 1915.5
1372790 1915.5
1372800 1907.6
1372810 1898.9
1372820 1898.9
1372830 1890.7
1372840 1881.5
1372850 1881.5
1372860 1872.1
1372870 1862.9
1372880 1862.9
1372890 1853.9
1372900 1845.6
1372910 1845.6
1372920 1837.2
1372930 1826.8
1372940 1826.8
1372950 1818.1
1372960 1814.6
1372970 1814.6
1372980 1813.9
1372990 1811.3
1373000 1810.5
1373010 1810.5
1373020 1808.1
1373030 1804.5
1373040 1804.5
1373050 1801.7
1373060 1799.6
1373070 1799.6
1373080 1797.8
1373090 1796.0
1373100 1796.0
1373110 1794.6
1373120 1792.2
1373130 1792.2
1373140 1790.3
1373150 1786.0
1373160 1786.0
1373170 1780.0
1373180 1772.8
1373190 1772.8
1373200 1764.7
1373210 1756.3
1373220 1756.3
1373230 1747.9
1373240 1740.0
1373250 1731.7
1373260 1731.7
1373270 1722.0
1373280 1713.0
1373290 1713.0
1373300 1704.9
1373310 1696.6
1373320 1696.6
1373330 1687.2
1373340 1676.9
1373350 1676.9
1373360 1663.6
1373370 1648.5
1373380 1648.5
1373390 1630.4
1373400 1607.6
1373410 1628.8
1373420 1630.0
1373430 1620.9
1373440 1620.9
1373450 1616.2
1373460 1612.7
1373470 1612.7
1373480 1607.8
1373490 1601.5
1373500 1596.5
1373510 1596.5
1373520 1593.2
1373530 1589.2
1373540 1589.2
1373550 1585.0
1373560 1579.6
1373570 1579.6
1373580 1575.1
1373590 1570.9
1373600 1570.9
1373610 1566.6
1373620 1562.2
1373630 1562.2
1373640 1558.3
1373650 1554.0
1373660 1554.0
1373670 1549.4
1373680 1543.4
1373690 1543.4
1373700 1532.9
1373710 1513.1
1373720 1513.1
1373730 1498.7
1373740 1482.8
1373750 1471.5
1373760 1471.5
1373770 1460.9
1373780 1450.3
1373790 1450.3
1373800 1439.8
1373810 1427.8
1373820 1427.8
1373830 1408.1
1373840 1363.2
1373850 1363.2
1373860 1325.1
1373870 1320.1
1373880 1320.1
1373890 1316.1
1373900 1311.0
1373910 1311.0
1373920 1306.0
1373930 1300.7
1373940 1300.7
1373950 1294.3
1373960 1288.3
1373970 1282.2
1373980 1282.2
1373990 1275.8
1374000 1270.2
1374010 1270.2
1374020 1266.2
1374030 1263.5
1374040 1263.5
1374050 1261.6
1374060 1261.6
1374070 1261.6
1374080 1262.0
1374090 1264.4
1374100 1264.4
1374110 1269.7
1374120 1271.3
1374130 1271.3
1374140 1273.2
1374150 1275.2
1374160 1275.2
1374170 1277.2
1374180 1279.6
1374190 1279.6
1374200 1281.3
1374210 1282.5
1374220 1284.0
1374230 1284.0
1374240 1287.6
1374250 1291.1
1374260 1291.1
1374270 1294.1
1374280 1296.7
1374290 1296.7
1374300 1299.2
1374310 1301.5
1374320 1301.5
1374330 1303.6
1374340 1306.3
1374350 1306.3
1374360 1308.6
1374370 1311.6
1374380 1311.6
1374390 1315.5
1374400 1319.0
1374410 1319.0
1374420 1322.3
1374430 1324.5
1374440 1324.5
1374450 1326.9
1374460 1330.1
1374470 1333.0
1374480 1333.0
1374490 1336.3
1374500 1340.0
1374510 1340.0
1374520 1343.8
1374530 1348.6
1374540 1348.6
1374550 1353.6
1374560 1358.8
1374570 1358.8
1374580 1366.1
1374590 1372.4
1374600 1372.4
1374610 1377.9
1374620 1383.8
1374630 1383.8
1374640 1389.7
1374650 1396.1
1374660 1396.1
1374670 1402.5
1374680 1409.1
1374690 1409.1
1374700 1415.1
1374710 1420.7
1374720 1429.1
1374730 1429.1
1374740 1458.1
1374750 1470.5
1374760 1470.5
1374770 1468.2
1374780 1467.2
1374790 1467.2
1374800 1466.8
1374810 1466.8
1374820 1466.8
1374830 1469.9
1374840 1472.6
1374850 1472.6
1374860 1472.4
1374870 1472.2
1374880 1472.2
1374890 1471.2
1374900 1475.9
1374910 1475.9
1374920 1484.5
1374930 1491.2
1374940 1491.2
1374950 1498.0
1374960 1504.5
1374970 1511.0
1374980 1511.0
1374990 1517.1
1375000 1523.5
1375010 1523.5
1375020 1535.2
1375030 1544.1
1375040 1544.1
1375050 1554.9
1375060 1565.3
1375070 1565.3
1375080 1571.5
1375090 1579.6
1375100 1579.6
1375110 1587.5
1375120 1596.6
1375130 1596.6
1375140 1607.0
1375150 1618.6
1375160 1618.6
1375170 1627.5
1375180 1637.0
1375190 1637.0
1375200 1651.2
1375210 1663.7
1375220 1671.1
1375230 1671.1
1375240 1680.3
1375250 1690.1
1375260 1690.1
1375270 1697.6
1375280 1714.0
1375290 1714.0
1375300 1728.4
1375310 1736.7
1375320 1736.7
1375330 1743.2
1375340 1751.6
1375350 1751.6
1375360 1762.2
1375370 1772.2
1375380 1772.2
1375390 1780.1
1375400 1794.0
1375410 1794.0
1375420 1806.9
1375430 1820.0
1375440 1820.0
1375450 1829.5
1375460 1835.3
1375470 1843.3
1375480 1843.3
1375490 1854.5
1375500 1865.9
1375510 1865.9
1375520 1874.0
1375530 1881.7
1375540 1881.7
1375550 1888.3
1375560 1893.7
1375570 1893.7
1375580 1898.7
1375590 1902.9
1375600 1902.9
1375610 1905.8
1375620 1911.4
1375630 1911.4
1375640 1917.4
1375650 1922.3
1375660 1922.3
1375670 1927.7
1375680 1932.5
1375690 1932.5
1375700 1936.7
1375710 1940.9
1375720 1947.9
1375730 1947.9
1375740 1953.6
1375750 1959.2
1375760 1959.2
1375770 1964.2
1375780 1969.3
1375790 1969.3
1375800 1974.0
1375810 1978.3
1375820 1978.3
1375830 1985.8
1375840 2000.2
1375850 2000.2
1375860 2013.5
1375870 2027.4
1375880 2027.4
1375890 2038.4
1375900 2048.0
1375910 2048.0
1375920 2056.2
1375930 2063.4
1375940 2069.5
1375950 2069.5
1375960 2075.6
1375970 2082.4
1375980 2082.4
1375990 2089.6
1376000 2096.5
1376010 2096.5
1376020 2103.4
1376030 2108.8
1376040 2108.8
1376050 2114.3
1376060 2120.0
1376070 2120.0
1376080 2125.8
1376090 2132.6
1376100 2132.6
1376110 2141.1
1376120 2149.5
1376130 2149.5
1376140 2157.5
1376150 2165.5
1376160 2165.5
1376170 2173.4
1376180 2181.9
1376190 2189.7
1376200 2189.7
1376210 2198.2
1376220 2208.1
1376230 2208.1
1376240 2217.3
1376250 2226.6
1376260 2226.6
1376270 2234.0
1376280 2239.3
1376290 2239.3
1376300 2248.5
1376310 2257.6
1376320 2257.6
1376330 2266.0
1376340 2276.7
1376350 2276.7
1376360 2281.6
1376370 2284.0
1376380 2284.0
1376390 2290.3
1376400 2297.2
1376410 2297.2
1376420 2305.9
1376430 2315.5
1376440 2321.9
1376450 2321.9
1376460 2327.5
1376470 2336.9
1376480 2336.9
1376490 2353.1
1376500 2360.1
1376510 2360.1
1376520 2367.1
1376530 2366.7
1376540 2366.7
1376550 2353.7
1376560 2344.0
1376570 2344.0
1376580 2334.6
1376590 2319.4
1376600 2319.4
1376610 2308.6
1376620 2300.5
1376630 2300.5
1376640 2293.7
1376650 2288.5
1376660 2288.5
1376670 2283.5
1376680 2278.3
1376690 2272.3
1376700 2272.3
1376710 2266.2
1376720 2260.1
1376730 2260.1
1376740 2253.8
1376750 2247.5
1376760 2247.5
1376770 2240.9
1376780 2234.6
1376790 2234.6
1376800 2228.6
1376810 2222.7
1376820 2222.7
1376830 2217.5
1376840 2212.3
1376850 2212.3
1376860 2208.3
1376870 2204.6
1376880 2204.6
1376890 2199.9
1376900 2194.0
1376910 2194.0
1376920 2189.6
1376930 2185.7
1376940 2179.9
1376950 2179.9
1376960 2176.7
1376970 2174.8
1376980 2174.8
1376990 2173.4
1377000 2170.5
1377010 2170.5
1377020 2165.1
1377030 2158.1
1377040 2158.1
1377050 2151.7
1377060 2145.4
1377070 2145.4
1377080 2139.3
1377090 2133.1
1377100 2133.1
1377110 2127.0
1377120 2121.0
1377130 2121.0
1377140 2115.6
1377150 2115.6
1377160 2115.6
1377170 2117.5
1377180 2117.6
1377190 2115.4
1377200 2115.4
1377210 2115.3
1377220 2119.8
1377230 2119.8
1377240 2124.6
1377250 2126.9
1377260 2126.9
1377270 2128.4
1377280 2125.7
1377290 2125.7
1377300 2125.9
1377310 2127.2
1377320 2127.2
1377330 2124.7
1377340 2124.5
1377350 2124.5
1377360 2125.2
1377370 2124.4
1377380 2124.4
1377390 2122.3
1377400 2119.8
1377410 2119.8
1377420 2121.3
1377430 2123.3
1377440 2124.0
1377450 2124.0
1377460 2126.7
1377470 2129.4
1377480 2129.4
1377490 2131.0
1377500 2132.8
1377510 2132.8
1377520 2136.2
1377530 2140.0
1377540 2140.0
1377550 2144.0
1377560 2148.3
1377570 2148.3
1377580 2151.3
1377590 2153.9
1377600 2153.9
1377610 2156.1
1377620 2158.5
1377630 2158.5
1377640 2161.8
1377650 2167.0
1377660 2167.0
1377670 2174.4
1377680 2181.8
1377690 2190.0
1377700 2190.0
1377710 2198.2
1377720 2208.1
1377730 2208.1
1377740 2217.5
1377750 2228.8
1377760 2228.8
1377770 2233.7
1377780 2238.7
1377790 2238.7
1377800 2245.3
1377810 2251.7
1377820 2251.7
1377830 2256.7
1377840 2261.7
1377850 2261.7
1377860 2267.1
1377870 2272.3
1377880 2272.3
1377890 2277.4
1377900 2283.3
1377910 2289.7
1377920 2289.7
1377930 2297.2
1377940 2306.5
1377950 2306.5
1377960 2314.6
1377970 2328.1
1377980 2328.1
1377990 2345.1
1378000 2357.9
1378010 2357.9
1378020 2365.4
1378030 2372.5
1378040 2372.5
1378050 2383.3
1378060 2393.1
1378070 2393.1
1378080 2401.1
1378090 2406.8
1378100 2406.8
1378110 2410.9
1378120 2407.2
1378130 2407.2
1378140 2402.1
1378150 2395.8
1378160 2393.8
1378170 2393.8
1378180 2390.1
1378190 2385.7
1378200 2385.7
1378210 2378.5
1378220 2370.4
1378230 2370.4
1378240 2362.4
1378250 2354.5
1378260 2354.5
1378270 2344.0
1378280 2335.7
1378290 2335.7
1378300 2334.1
1378310 2333.3
1378320 2333.3
1378330 2332.0
1378340 2330.4
1378350 2330.4
1378360 2328.2
1378370 2328.2
1378380 2328.2
1378390 2330.2
1378400 2325.7
1378410 2310.7
1378420 2310.7
1378430 2299.6
1378440 2293.0
1378450 2293.0
1378460 2287.9
1378470 2282.3
1378480 2282.3
1378490 2280.4
1378500 2274.8
1378510 2274.8
1378520 2268.0
1378530 2258.0
1378540 2258.0
1378550 2246.2
1378560 2238.2
1378570 2238.2
1378580 2232.3
1378590 2227.2
1378600 2227.2
1378610 2222.4
1378620 2217.2
1378630 2217.2
1378640 2211.4
1378650 2205.5
1378660 2200.4
1378670 2200.4
1378680 2195.6
1378690 2191.2
1378700 2191.2
1378710 2186.8
1378720 2182.5
1378730 2182.5
1378740 2178.0
1378750 2173.5
1378760 2173.5
1378770 2169.0
1378780 2164.7
1378790 2164.7
1378800 2160.6
1378810 2156.2
1378820 2156.2
1378830 2152.4
1378840 2149.0
1378850 2149.0
1378860 2145.9
1378870 2145.6
1378880 2145.6
1378890 2148.4
1378900 2153.3
1378910 2158.9
1378920 2158.9
1378930 2165.1
1378940 2170.2
1378950 2170.2
1378960 2176.7
1378970 2182.8
1378980 2182.8
1378990 2186.4
1379000 2188.8
1379010 2188.8
1379020 2190.9
1379030 2191.6
1379040 2191.6
1379050 2191.6
1379060 2192.0
1379070 2192.0
1379080 2193.0
1379090 2194.7
1379100 2194.7
1379110 2196.3
1379120 2197.1
1379130 2197.1
1379140 2199.9
1379150 2204.5
1379160 2209.9
1379170 2209.9
1379180 2216.6
1379190 2224.2
1379200 2224.2
1379210 2238.8
1379220 2251.1
1379230 2251.1
1379240 2259.3
1379250 2268.1
1379260 2268.1
1379270 2283.9
1379280 2306.3
1379290 2311.2
1379300 2326.4
1379310 2339.3
1379320 2339.3
1379330 2346.2
1379340 2346.7
1379350 2346.7
1379360 2343.9
1379370 2340.9
1379380 2340.9
1379390 2337.5
1379400 2332.8
1379410 2327.6
1379420 2327.6
1379430 2322.1
1379440 2316.8
1379450 2316.8
1379460 2311.2
1379470 2304.4
1379480 2304.4
1379490 2298.0
1379500 2291.9
1379510 2291.9
1379520 2286.2
1379530 2279.2
1379540 2279.2
1379550 2272.1
1379560 2264.1
1379570 2264.1
1379580 2254.7
1379590 2246.9
1379600 2246.9
1379610 2239.7
1379620 2231.0
1379630 2231.0
1379640 2215.4
1379650 2194.4
1379660 2175.8
1379670 2175.8
1379680 2156.9
1379690 2143.9
1379700 2143.9
1379710 2135.1
1379720 2116.8
1379730 2116.8
1379740 2080.2
1379750 2064.0
1379760 2064.0
1379770 2057.4
1379780 2050.4
1379790 2050.4
1379800 2043.2
1379810 2035.4
1379820 2035.4
1379830 2027.9
1379840 2021.0
1379850 2021.0
1379860 2014.5
1379870 2007.5
1379880 1996.3
1379890 1996.3
1379900 1980.5
1379910 1968.7
1379920 1968.7
1379930 1959.5
1379940 1950.8
1379950 1950.8
1379960 1943.2
1379970 1936.8
1379980 1936.8
1379990 1930.9
