1360000 1911.0
1360010 1910.4
1360020 1913.4
1360030 1913.4
1360040 1914.4
1360050 1915.1
1360060 1915.1
1360070 1915.3
1360080 1916.7
1360090 1916.7
1360100 1919.3
1360110 1921.5
1360120 1921.5
1360130 1924.0
1360140 1926.0
1360150 1926.0
1360160 1927.8
1360170 1934.0
1360180 1934.0
1360190 1936.3
1360200 1939.7
1360210 1939.7
1360220 1945.4
1360230 1952.8
1360240 1960.5
1360250 1960.5
1360260 1968.0
1360270 1975.0
1360280 1975.0
1360290 1982.7
1360300 1991.4
1360310 1991.4
1360320 2000.0
1360330 2008.6
1360340 2008.6
1360350 2017.0
1360360 2024.8
1360370 2024.8
1360380 2027.5
1360390 2026.8
1360400 2026.8
1360410 2022.1
1360420 2003.9
1360430 2003.9
1360440 1979.2
1360450 1959.4
1360460 1959.4
1360470 1946.5
1360480 1932.5
1360490 1923.4
1360500 1923.4
1360510 1915.7
1360520 1908.6
1360530 1908.6
1360540 1901.2
1360550 1893.9
1360560 1893.9
1360570 1885.7
1360580 1878.6
1360590 1878.6
1360600 1871.8
1360610 1865.7
1360620 1865.7
1360630 1858.5
1360640 1852.4
1360650 1852.4
1360660 1845.8
1360670 1838.9
1360680 1838.9
1360690 1832.2
1360700 1826.2
1360710 1826.2
1360720 1820.4
1360730 1815.1
1360740 1810.1
1360750 1810.1
1360760 1806.1
1360770 1801.3
1360780 1801.3
1360790 1795.3
1360800 1789.5
1360810 1789.5
1360820 1784.1
1360830 1777.8
1360840 1777.8
1360850 1771.1
1360860 1766.0
1360870 1766.0
1360880 1762.2
1360890 1757.8
1360900 1757.8
1360910 1752.4
1360920 1746.8
1360930 1746.8
1360940 1740.7
1360950 1734.2
1360960 1734.2
1360970 1731.1
1360980 1728.2
1360990 1724.3
1361000 1724.3
1361010 1721.8
1361020 1718.5
1361030 1718.5
1361040 1714.9
1361050 1711.8
1361060 1711.8
1361070 1709.1
1361080 1706.8
1361090 1706.8
1361100 1703.8
1361110 1699.1
1361120 1699.1
1361130 1693.7
1361140 1687.7
1361150 1687.7
1361160 1680.3
1361170 1673.8
1361180 1673.8
1361190 1670.5
1361200 1666.1
1361210 1666.1
1361220 1664.8
1361230 1664.3
1361240 1661.7
1361250 1661.7
1361260 1659.5
1361270 1659.0
1361280 1659.0
1361290 1658.4
1361300 1655.6
1361310 1655.6
1361320 1649.8
1361330 1642.8
1361340 1642.8
1361350 1634.8
1361360 1625.7
1361370 1625.7
1361380 1620.0
1361390 1615.0
1361400 1615.0
1361410 1609.9
1361420 1604.5
1361430 1604.5
1361440 1599.5
1361450 1594.5
1361460 1594.5
1361470 1589.5
1361480 1584.9
1361490 1580.7
1361500 1580.7
1361510 1576.6
1361520 1571.0
1361530 1571.0
1361540 1565.3
1361550 1556.1
1361560 1556.1
1361570 1547.6
1361580 1541.7
1361590 1541.7
1361600 1537.6
1361610 1534.1
1361620 1534.1
1361630 1530.0
1361640 1526.0
1361650 1526.0
1361660 1521.7
1361670 1515.6
1361680 1515.6
1361690 1504.4
1361700 1488.8
1361710 1488.8
1361720 1478.8
1361730 1472.8
1361740 1466.1
1361750 1466.1
1361760 1459.9
1361770 1456.0
1361780 1456.0
1361790 1451.4
1361800 1447.2
1361810 1447.2
1361820 1443.1
1361830 1438.8
1361840 1438.8
1361850 1434.7
1361860 1430.9
1361870 1430.9
1361880 1427.1
1361890 1423.5
1361900 1423.5
1361910 1420.0
1361920 1416.2
1361930 1416.2
1361940 1412.4
1361950 1409.1
1361960 1409.1
1361970 1404.7
1361980 1397.2
1361990 1391.4
1362000 1391.4
1362010 1385.3
1362020 1380.5
1362030 1380.5
1362040 1379.5
1362050 1381.5
1362060 1381.5
1362070 1384.1
1362080 1384.0
1362090 1384.0
1362100 1381.1
1362110 1379.6
1362120 1379.6
1362130 1379.3
1362140 1379.3
1362150 1379.3
1362160 1378.9
1362170 1378.4
1362180 1378.4
1362190 1377.7
1362200 1376.3
1362210 1376.3
1362220 1374.7
1362230 1380.3
1362240 1377.5
1362250 1377.5
1362260 1375.3
1362270 1373.5
1362280 1373.5
1362290 1369.8
1362300 1365.3
1362310 1365.3
1362320 1360.9
1362330 1354.0
1362340 1354.0
1362350 1342.0
1362360 1331.5
1362370 1331.5
1362380 1321.4
1362390 1310.9
1362400 1310.9
1362410 1296.4
1362420 1285.2
1362430 1285.2
1362440 1281.1
1362450 1282.9
1362460 1277.6
1362470 1277.6
1362480 1264.9
1362490 1251.7
1362500 1251.7
1362510 1246.0
1362520 1227.7
1362530 1227.7
1362540 1211.7
1362550 1200.4
1362560 1200.4
1362570 1192.9
1362580 1185.3
1362590 1185.3
1362600 1178.3
1362610 1174.1
1362620 1174.1
1362630 1169.0
1362640 1164.7
1362650 1164.7
1362660 1159.2
1362670 1147.2
1362680 1147.2
1362690 1139.0
1362700 1129.6
1362710 1118.4
1362720 1118.4
1362730 1105.4
1362740 1080.0
1362750 1080.0
1362760 1067.4
1362770 1053.1
1362780 1053.1
1362790 1043.0
1362800 1036.7
1362810 1036.7
1362820 1029.9
1362830 1021.4
1362840 1021.4
1362850 1015.5
1362860 1009.4
1362870 1009.4
1362880 1002.4
1362890 996.3
1362900 996.3
1362910 989.6
1362920 979.7
1362930 979.7
1362940 974.8
1362950 969.3
1362960 966.3
1362970 966.3
1362980 961.2
1362990 957.4
1363000 957.4
1363010 956.8
1363020 957.2
1363030 957.2
1363040 957.7
1363050 958.2
1363060 958.2
1363070 958.7
1363080 959.3
1363090 959.3
1363100 960.0
1363110 959.5
1363120 959.5
1363130 958.9
1363140 958.4
1363150 958.4
1363160 958.0
1363170 957.6
1363180 957.6
1363190 957.7
1363200 957.4
1363210 951.9
1363220 951.9
1363230 947.0
1363240 945.4
1363250 945.4
1363260 944.7
1363270 944.7
1363280 945.4
1363290 946.1
1363300 946.5
1363310 946.5
1363320 947.7
1363330 949.4
1363340 949.4
1363350 949.3
1363360 950.1
1363370 950.1
1363380 950.6
1363390 950.5
1363400 950.5
1363410 953.4
1363420 955.5
1363430 955.5
1363440 954.6
1363450 955.3
1363460 957.8
1363470 957.8
1363480 958.8
1363490 958.9
1363500 958.9
1363510 959.2
1363520 961.4
1363530 961.4
1363540 967.7
1363550 971.8
1363560 971.8
1363570 971.7
1363580 971.8
1363590 971.8
1363600 972.2
1363610 973.4
1363620 973.4
1363630 978.0
1363640 986.3
1363650 986.3
1363660 994.7
1363670 1002.6
1363680 1002.6
1363690 1011.2
1363700 1020.5
1363710 1028.4
1363720 1028.4
1363730 1035.8
1363740 1043.3
1363750 1043.3
1363760 1051.0
1363770 1058.9
1363780 1058.9
1363790 1066.6
1363800 1073.9
1363810 1073.9
1363820 1081.7
1363830 1089.3
1363840 1089.3
1363850 1096.7
1363860 1104.9
1363870 1104.9
1363880 1113.0
1363890 1120.7
1363900 1120.7
1363910 1127.9
1363920 1135.8
1363930 1135.8
1363940 1144.0
1363950 1152.4
1363960 1160.3
1363970 1160.3
1363980 1167.4
1363990 1176.1
1364000 1176.1
1364010 1189.7
1364020 1198.5
1364030 1198.5
1364040 1206.5
1364050 1214.2
1364060 1214.2
1364070 1225.2
1364080 1247.5
1364090 1247.5
1364100 1289.7
1364110 1321.1
1364120 1321.1
1364130 1336.6
1364140 1335.9
1364150 1335.9
1364160 1338.7
1364170 1344.4
1364180 1344.4
1364190 1375.4
1364200 1403.0
1364210 1413.9
1364220 1413.9
1364230 1421.7
1364240 1429.9
1364250 1429.9
1364260 1438.1
1364270 1446.6
1364280 1446.6
1364290 1453.9
1364300 1461.1
1364310 1461.1
1364320 1469.1
1364330 1479.4
1364340 1479.4
1364350 1487.3
1364360 1497.5
1364370 1497.5
1364380 1509.4
1364390 1521.3
1364400 1521.3
1364410 1537.0
1364420 1551.3
1364430 1551.3
1364440 1563.6
1364450 1573.4
1364460 1582.7
1364470 1582.7
1364480 1592.6
1364490 1601.6
1364500 1601.6
1364510 1611.9
1364520 1624.8
1364530 1624.8
1364540 1636.8
1364550 1649.4
1364560 1649.4
1364570 1662.8
1364580 1674.7
1364590 1674.7
1364600 1685.3
1364610 1696.2
1364620 1696.2
1364630 1705.8
1364640 1715.4
1364650 1715.4
1364660 1726.3
1364670 1727.5
1364680 1727.5
1364690 1725.5
1364700 1724.7
1364710 1719.3
1364720 1719.3
1364730 1714.2
1364740 1709.9
1364750 1709.9
1364760 1703.9
1364770 1699.3
1364780 1699.3
1364790 1694.3
1364800 1686.2
1364810 1686.2
1364820 1680.9
1364830 1675.0
1364840 1675.0
1364850 1666.9
1364860 1659.6
1364870 1659.6
1364880 1652.5
1364890 1644.6
1364900 1644.6
1364910 1638.7
1364920 1631.7
1364930 1631.7
1364940 1624.3
1364950 1617.4
1364960 1610.6
1364970 1610.6
1364980 1603.4
1364990 1597.3
1365000 1597.3
1365010 1589.9
1365020 1581.2
1365030 1581.2
1365040 1570.6
1365050 1559.3
1365060 1559.3
1365070 1548.2
1365080 1535.9
1365090 1535.9
1365100 1526.3
1365110 1519.7
1365120 1519.7
1365130 1514.0
1365140 1510.1
1365150 1510.1
1365160 1507.0
1365170 1502.8
1365180 1502.8
1365190 1496.5
1365200 1490.2
1365210 1484.2
1365220 1484.2
1365230 1478.1
1365240 1468.5
1365250 1468.5
1365260 1460.0
1365270 1457.7
1365280 1457.7
1365290 1453.3
1365300 1448.2
1365310 1448.2
1365320 1443.8
1365330 1441.1
1365340 1441.1
1365350 1433.2
1365360 1425.0
1365370 1425.0
1365380 1420.6
1365390 1422.4
1365400 1422.4
1365410 1415.7
1365420 1397.9
1365430 1397.9
1365440 1377.9
1365450 1362.5
1365460 1341.5
1365470 1341.5
1365480 1335.5
1365490 1339.7
1365500 1339.7
1365510 1339.6
1365520 1331.0
1365530 1331.0
1365540 1317.5
1365550 1306.8
1365560 1306.8
1365570 1297.8
1365580 1290.0
1365590 1290.0
1365600 1283.4
1365610 1276.3
1365620 1276.3
1365630 1268.8
1365640 1261.6
1365650 1261.6
1365660 1256.4
1365670 1252.6
1365680 1252.6
1365690 1248.7
1365700 1243.3
1365710 1239.4
1365720 1239.4
1365730 1237.1
1365740 1235.7
1365750 1235.7
1365760 1234.3
1365770 1231.5
1365780 1231.5
1365790 1224.7
1365800 1217.5
1365810 1217.5
1365820 1212.6
1365830 1208.5
1365840 1208.5
1365850 1205.6
1365860 1202.3
1365870 1202.3
1365880 1199.9
1365890 1198.0
1365900 1198.0
1365910 1196.1
1365920 1192.3
1365930 1187.6
1365940 1187.6
1365950 1182.3
1365960 1176.8
1365970 1176.8
1365980 1169.1
1365990 1161.7
1366000 1161.7
1366010 1155.5
1366020 1149.3
1366030 1149.3
1366040 1142.0
1366050 1130.7
1366060 1130.7
1366070 1121.9
1366080 1112.4
1366090 1112.4
1366100 1102.9
1366110 1096.3
1366120 1096.3
1366130 1093.8
1366140 1091.3
1366150 1091.3
1366160 1087.9
1366170 1084.2
1366180 1079.7
1366190 1079.7
1366200 1076.1
1366210 1073.0
1366220 1073.0
1366230 1069.8
1366240 1066.4
1366250 1066.4
1366260 1063.8
1366270 1061.7
1366280 1061.7
1366290 1059.6
1366300 1056.8
1366310 1056.8
1366320 1055.0
1366330 1052.5
1366340 1052.5
1366350 1051.8
1366360 1051.6
1366370 1051.6
1366380 1051.8
1366390 1051.7
1366400 1051.7
1366410 1052.4
1366420 1055.8
1366430 1058.0
1366440 1058.0
1366450 1060.9
1366460 1063.4
1366470 1063.4
1366480 1068.1
1366490 1074.1
1366500 1074.1
1366510 1080.8
1366520 1089.0
1366530 1089.0
1366540 1096.1
1366550 1103.0
1366560 1103.0
1366570 1110.0
1366580 1116.9
1366590 1116.9
1366600 1122.9
1366610 1130.2
1366620 1130.2
1366630 1137.3
1366640 1143.9
1366650 1143.9
1366660 1150.5
1366670 1156.4
1366680 1162.0
1366690 1162.0
1366700 1168.3
1366710 1176.0
1366720 1176.0
1366730 1184.1
1366740 1194.2
1366750 1194.2
1366760 1204.9
1366770 1214.8
1366780 1214.8
1366790 1225.9
1366800 1236.8
1366810 1236.8
1366820 1256.4
1366830 1275.9
1366840 1275.9
1366850 1288.7
1366860 1298.4
1366870 1298.4
1366880 1306.8
1366890 1312.6
1366900 1312.6
1366910 1319.1
1366920 1328.9
1366930 1343.3
1366940 1343.3
1366950 1365.6
1366960 1382.0
1366970 1382.0
1366980 1394.1
1366990 1408.3
1367000 1408.3
1367010 1422.9
1367020 1445.8
1367030 1445.8
1367040 1460.3
1367050 1467.1
1367060 1467.1
1367070 1467.4
1367080 1477.9
1367090 1477.9
1367100 1491.8
1367110 1503.2
1367120 1503.2
1367130 1512.7
1367140 1522.7
1367150 1522.7
1367160 1532.5
1367170 1544.3
1367180 1556.3
1367190 1556.3
1367200 1566.6
1367210 1575.6
1367220 1575.6
1367230 1586.5
1367240 1594.8
1367250 1594.8
1367260 1597.8
1367270 1599.2
1367280 1599.2
1367290 1602.3
1367300 1607.2
1367310 1607.2
1367320 1619.5
1367330 1631.1
1367340 1631.1
1367350 1642.5
1367360 1652.9
1367370 1652.9
1367380 1661.0
1367390 1669.7
1367400 1669.7
1367410 1679.6
1367420 1690.0
1367430 1699.7
1367440 1699.7
1367450 1709.2
1367460 1716.2
1367470 1716.2
1367480 1720.6
1367490 1723.9
1367500 1723.9
1367510 1727.1
1367520 1729.3
1367530 1729.3
1367540 1728.9
1367550 1735.7
1367560 1735.7
1367570 1741.0
1367580 1744.7
1367590 1744.7
1367600 1748.1
1367610 1751.1
1367620 1751.1
1367630 1754.8
1367640 1759.7
1367650 1759.7
1367660 1764.6
1367670 1768.4
1367680 1772.5
1367690 1772.5
1367700 1776.7
1367710 1781.2
1367720 1781.2
1367730 1783.9
1367740 1785.5
1367750 1785.5
1367760 1787.9
1367770 1791.2
1367780 1791.2
1367790 1793.5
1367800 1795.0
1367810 1795.0
1367820 1797.5
1367830 1800.7
1367840 1800.7
1367850 1803.6
1367860 1806.1
1367870 1806.1
1367880 1810.7
1367890 1816.6
1367900 1816.6
1367910 1821.3
1367920 1825.7
1367930 1830.2
1367940 1830.2
1367950 1833.2
1367960 1835.2
1367970 1835.2
1367980 1837.3
1367990 1841.8
1368000 1841.8
1368010 1844.5
1368020 1845.8
1368030 1845.8
1368040 1847.1
1368050 1852.2
1368060 1852.2
1368070 1856.5
1368080 1869.1
1368090 1869.1
1368100 1881.7
1368110 1893.4
1368120 1893.4
1368130 1902.1
1368140 1907.5
1368150 1907.5
1368160 1918.2
1368170 1927.9
1368180 1937.2
1368190 1937.2
1368200 1948.2
1368210 1961.0
1368220 1961.0
1368230 1973.5
1368240 1981.9
1368250 1981.9
1368260 1989.3
1368270 1996.5
1368280 1996.5
1368290 2003.1
1368300 2011.0
1368310 2011.0
1368320 2021.6
1368330 2028.4
1368340 2028.4
1368350 2030.0
1368360 2032.3
1368370 2032.3
1368380 2037.4
1368390 2044.8
1368400 2044.8
1368410 2053.1
1368420 2061.1
1368430 2069.7
1368440 2069.7
1368450 2078.1
1368460 2086.6
1368470 2086.6
1368480 2095.2
1368490 2103.6
1368500 2103.6
1368510 2113.2
1368520 2120.4
1368530 2120.4
1368540 2126.0
1368550 2131.8
1368560 2131.8
1368570 2138.4
1368580 2144.8
1368590 2144.8
1368600 2150.9
1368610 2157.9
1368620 2157.9
1368630 2164.8
1368640 2168.9
1368650 2168.9
1368660 2173.8
1368670 2175.9
1368680 2175.7
1368690 2175.7
1368700 2170.5
1368710 2160.7
1368720 2160.7
1368730 2151.8
1368740 2144.5
1368750 2144.5
1368760 2138.2
1368770 2134.3
1368780 2134.3
1368790 2130.3
1368800 2123.6
1368810 2123.6
1368820 2115.7
1368830 2109.2
1368840 2109.2
1368850 2102.8
1368860 2100.2
1368870 2100.2
1368880 2097.4
1368890 2092.6
1368900 2092.6
1368910 2089.1
1368920 2088.4
1368930 2087.2
1368940 2087.2
1368950 2085.3
1368960 2080.9
1368970 2080.9
1368980 2077.4
1368990 2075.7
1369000 2075.7
1369010 2073.2
1369020 2071.3
1369030 2071.3
1369040 2068.6
1369050 2066.5
1369060 2066.5
1369070 2065.8
1369080 2067.6
1369090 2067.6
1369100 2069.0
1369110 2070.6
1369120 2070.6
1369130 2070.6
1369140 2070.0
1369150 2070.0
1369160 2070.0
1369170 2071.1
1369180 2073.0
1369190 2073.0
1369200 2076.9
1369210 2081.7
1369220 2081.7
1369230 2087.9
1369240 2094.8
1369250 2094.8
1369260 2102.3
1369270 2111.5
1369280 2111.5
1369290 2126.6
1369300 2138.2
1369310 2138.2
1369320 2142.0
1369330 2144.8
1369340 2144.8
1369350 2144.8
1369360 2140.2
1369370 2140.2
1369380 2134.5
1369390 2129.7
1369400 2124.3
1369410 2124.3
1369420 2118.3
1369430 2115.1
1369440 2115.1
1369450 2113.1
1369460 2113.3
1369470 2113.3
1369480 2114.2
1369490 2116.6
1369500 2116.6
1369510 2120.0
1369520 2123.5
1369530 2123.5
1369540 2125.7
1369550 2129.0
1369560 2129.0
1369570 2130.8
1369580 2132.3
1369590 2132.3
1369600 2134.4
1369610 2138.1
1369620 2138.1
1369630 2142.7
1369640 2145.9
1369650 2143.5
1369660 2143.5
1369670 2140.1
1369680 2139.3
1369690 2139.3
1369700 2139.1
1369710 2139.8
1369720 2139.8
1369730 2140.5
1369740 2150.0
1369750 2150.0
1369760 2154.0
1369770 2158.9
1369780 2158.9
1369790 2163.7
1369800 2167.5
1369810 2167.5
1369820 2169.6
1369830 2171.1
1369840 2171.1
1369850 2173.6
1369860 2175.7
1369870 2175.7
1369880 2176.2
1369890 2174.9
1369900 2173.2
1369910 2173.2
1369920 2169.9
1369930 2164.8
1369940 2164.8
1369950 2159.2
1369960 2154.0
1369970 2154.0
1369980 2146.7
1369990 2135.4
1370000 2135.4
1370010 2131.3
1370020 2131.8
1370030 2131.8
1370040 2133.7
1370050 2134.9
1370060 2134.9
1370070 2132.4
1370080 2129.8
1370090 2129.8
1370100 2129.4
1370110 2130.7
1370120 2130.7
1370130 2130.3
1370140 2130.7
1370150 2127.5
1370160 2127.5
1370170 2123.4
1370180 2118.5
1370190 2118.5
1370200 2112.6
1370210 2109.2
1370220 2109.2
1370230 2108.8
1370240 2107.7
1370250 2107.7
1370260 2103.3
1370270 2098.2
1370280 2098.2
1370290 2092.9
1370300 2089.1
1370310 2089.1
1370320 2086.5
1370330 2083.9
1370340 2083.9
1370350 2085.7
1370360 2088.6
1370370 2088.6
1370380 2092.4
1370390 2098.6
1370400 2106.0
1370410 2106.0
1370420 2116.9
1370430 2126.0
1370440 2126.0
1370450 2118.5
1370460 2110.3
1370470 2110.3
1370480 2103.5
1370490 2098.5
1370500 2098.5
1370510 2094.5
1370520 2090.1
1370530 2090.1
1370540 2084.6
1370550 2078.7
1370560 2078.7
1370570 2073.6
1370580 2068.4
1370590 2068.4
1370600 2064.9
1370610 2061.2
1370620 2061.2
1370630 2056.0
1370640 2048.7
1370650 2040.8
1370660 2040.8
1370670 2028.3
1370680 2015.3
1370690 2015.3
1370700 2005.8
1370710 1998.5
1370720 1998.5
1370730 1991.5
1370740 1984.8
1370750 1984.8
1370760 1979.5
1370770 1974.8
1370780 1974.8
1370790 1971.0
1370800 1967.2
1370810 1967.2
1370820 1963.1
1370830 1960.0
1370840 1960.0
1370850 1960.2
1370860 1955.9
1370870 1955.9
1370880 1947.4
1370890 1938.9
1370900 1931.8
1370910 1931.8
1370920 1925.8
1370930 1921.3
1370940 1921.3
1370950 1917.2
1370960 1914.0
1370970 1914.0
1370980 1911.3
1370990 1908.0
1371000 1908.0
1371010 1904.2
1371020 1900.6
1371030 1900.6
1371040 1896.4
1371050 1892.7
1371060 1892.7
1371070 1888.8
1371080 1884.3
1371090 1884.3
1371100 1880.3
1371110 1876.3
1371120 1876.3
1371130 1872.5
1371140 1868.8
1371150 1865.1
1371160 1865.1
1371170 1861.4
1371180 1857.7
1371190 1857.7
1371200 1854.1
1371210 1850.3
1371220 1850.3
1371230 1847.3
1371240 1844.2
1371250 1844.2
1371260 1841.7
1371270 1839.1
1371280 1839.1
1371290 1836.0
1371300 1832.4
1371310 1832.4
1371320 1829.4
1371330 1826.9
1371340 1826.9
1371350 1825.0
1371360 1823.5
1371370 1823.5
1371380 1821.5
1371390 1819.3
1371400 1816.9
1371410 1816.9
1371420 1814.7
1371430 1811.9
1371440 1811.9
1371450 1808.6
1371460 1806.7
1371470 1806.7
1371480 1804.2
1371490 1801.6
1371500 1801.6
1371510 1799.4
1371520 1797.5
1371530 1797.5
1371540 1793.4
1371550 1785.4
1371560 1785.4
1371570 1775.7
1371580 1772.4
1371590 1772.4
1371600 1773.6
1371610 1772.7
1371620 1772.7
1371630 1769.8
1371640 1767.0
1371650 1765.7
1371660 1765.7
1371670 1764.4
1371680 1760.4
1371690 1760.4
1371700 1755.5
1371710 1748.6
1371720 1748.6
1371730 1742.7
1371740 1740.8
1371750 1740.8
1371760 1746.2
1371770 1753.6
1371780 1753.6
1371790 1757.2
1371800 1756.2
1371810 1756.2
1371820 1755.1
1371830 1754.1
1371840 1754.1
1371850 1751.8
1371860 1749.4
1371870 1749.4
1371880 1747.1
1371890 1747.6
1371900 1744.8
1371910 1744.8
1371920 1742.6
1371930 1741.4
1371940 1741.4
1371950 1738.8
1371960 1735.5
1371970 1740.6
1371980 1739.0
1371990 1737.1
1372000 1737.1
1372010 1733.9
1372020 1731.2
1372030 1731.2
1372040 1731.9
1372050 1732.2
1372060 1732.2
1372070 1731.1
1372080 1728.5
1372090 1728.5
1372100 1727.0
1372110 1726.9
1372120 1726.9
1372130 1725.1
1372140 1722.4
1372150 1720.7
1372160 1720.7
1372170 1719.1
1372180 1717.1
1372190 1717.1
1372200 1715.8
1372210 1713.9
1372220 1713.9
1372230 1711.5
1372240 1709.3
1372250 1709.3
1372260 1707.7
1372270 1706.6
1372280 1706.6
1372290 1705.7
1372300 1701.2
1372310 1701.2
1372320 1697.2
1372330 1696.5
1372340 1696.5
1372350 1696.2
1372360 1696.5
1372370 1696.5
1372380 1695.9
1372390 1695.7
1372400 1694.9
1372410 1694.9
1372420 1694.6
1372430 1694.6
1372440 1694.6
1372450 1695.4
1372460 1696.0
1372470 1696.0
1372480 1696.6
1372490 1697.8
1372500 1697.8
1372510 1698.8
1372520 1700.0
1372530 1700.0
1372540 1699.7
1372550 1699.4
1372560 1699.4
1372570 1702.0
1372580 1704.1
1372590 1704.1
1372600 1706.4
1372610 1708.9
1372620 1711.8
1372630 1711.8
1372640 1715.3
1372650 1716.8
1372660 1716.8
1372670 1717.0
1372680 1715.1
1372690 1715.1
1372700 1714.1
1372710 1714.5
1372720 1714.5
1372730 1715.7
1372740 1717.1
1372750 1717.1
1372760 1716.7
1372770 1714.7
1372780 1714.7
1372790 1710.5
1372800 1704.3
1372810 1704.3
1372820 1697.4
1372830 1689.0
1372840 1689.0
1372850 1681.1
1372860 1672.8
1372870 1665.3
1372880 1665.3
1372890 1656.3
1372900 1648.1
1372910 1648.1
1372920 1639.8
1372930 1630.1
1372940 1630.1
1372950 1620.9
1372960 1615.4
1372970 1615.4
1372980 1613.7
1372990 1613.5
1373000 1613.5
1373010 1611.9
1373020 1606.4
1373030 1606.4
1373040 1597.0
1373050 1588.6
1373060 1588.6
1373070 1581.9
1373080 1578.5
1373090 1578.5
1373100 1575.6
1373110 1581.8
1373120 1573.7
1373130 1573.7
1373140 1562.7
1373150 1554.3
1373160 1554.3
1373170 1546.8
1373180 1538.4
1373190 1538.4
1373200 1530.9
1373210 1520.9
1373220 1520.9
1373230 1503.5
1373240 1483.7
1373250 1483.7
1373260 1476.0
1373270 1465.8
1373280 1465.8
1373290 1455.1
1373300 1444.5
1373310 1444.5
1373320 1434.1
1373330 1425.4
1373340 1425.4
1373350 1414.6
1373360 1402.2
1373370 1387.3
1373380 1387.3
1373390 1372.0
1373400 1360.9
1373410 1360.9
1373420 1353.2
1373430 1348.3
1373440 1348.3
1373450 1348.8
1373460 1346.7
1373470 1346.7
1373480 1339.3
1373490 1330.9
1373500 1330.9
1373510 1323.4
1373520 1316.7
1373530 1316.7
1373540 1310.1
1373550 1301.9
1373560 1301.9
1373570 1292.7
1373580 1284.3
1373590 1284.3
1373600 1276.0
1373610 1269.3
1373620 1264.9
1373630 1264.9
1373640 1260.2
1373650 1255.8
1373660 1255.8
1373670 1251.4
1373680 1246.2
1373690 1246.2
1373700 1241.1
1373710 1236.1
1373720 1236.1
1373730 1229.5
1373740 1223.7
1373750 1223.7
1373760 1220.5
1373770 1218.0
1373780 1218.0
1373790 1215.6
1373800 1212.6
1373810 1212.6
1373820 1207.9
1373830 1204.2
1373840 1204.2
1373850 1206.0
1373860 1212.1
1373870 1216.9
1373880 1216.9
1373890 1221.0
1373900 1224.4
1373910 1224.4
1373920 1227.5
1373930 1231.5
1373940 1231.5
1373950 1235.3
1373960 1237.4
1373970 1237.4
1373980 1240.1
1373990 1242.0
1374000 1242.0
1374010 1245.2
1374020 1248.4
1374030 1248.4
1374040 1252.8
1374050 1257.6
1374060 1257.6
1374070 1263.5
1374080 1269.7
1374090 1269.7
1374100 1276.3
1374110 1282.3
1374120 1288.4
1374130 1288.4
1374140 1294.5
1374150 1300.8
1374160 1300.8
1374170 1307.3
1374180 1313.2
1374190 1313.2
1374200 1318.8
1374210 1325.2
1374220 1325.2
1374230 1331.2
1374240 1337.6
1374250 1337.6
1374260 1337.8
1374270 1343.4
1374280 1343.4
1374290 1349.4
1374300 1354.8
1374310 1354.8
1374320 1357.1
1374330 1359.1
1374340 1359.1
1374350 1365.8
1374360 1372.4
1374370 1375.5
1374380 1375.5
1374390 1395.3
1374400 1431.0
1374410 1431.0
1374420 1456.0
1374430 1471.0
1374440 1471.0
1374450 1481.3
1374460 1497.5
1374470 1497.5
1374480 1512.2
1374490 1521.0
1374500 1521.0
1374510 1527.3
1374520 1535.1
1374530 1535.1
1374540 1554.5
1374550 1579.6
1374560 1579.6
1374570 1591.7
1374580 1604.1
1374590 1604.1
1374600 1619.2
1374610 1629.6
1374620 1639.1
1374630 1639.1
1374640 1646.1
1374650 1653.3
1374660 1653.3
1374670 1659.5
1374680 1664.7
1374690 1664.7
1374700 1669.6
1374710 1672.8
1374720 1672.8
1374730 1673.3
1374740 1677.0
1374750 1677.0
1374760 1681.6
1374770 1688.1
1374780 1688.1
1374790 1695.6
1374800 1705.8
1374810 1705.8
1374820 1716.8
1374830 1728.1
1374840 1728.1
1374850 1741.3
1374860 1750.7
1374870 1757.9
1374880 1757.9
1374890 1771.4
1374900 1783.6
1374910 1783.6
1374920 1794.3
1374930 1803.8
1374940 1803.8
1374950 1812.9
1374960 1820.8
1374970 1820.8
1374980 1827.1
1374990 1833.0
1375000 1833.0
1375010 1838.2
1375020 1846.2
1375030 1846.2
1375040 1854.2
1375050 1861.2
1375060 1861.2
1375070 1866.9
1375080 1872.9
1375090 1872.9
1375100 1879.6
1375110 1888.9
1375120 1896.2
1375130 1896.2
1375140 1903.3
1375150 1910.5
1375160 1910.5
1375170 1917.6
1375180 1923.4
1375190 1923.4
1375200 1930.6
1375210 1938.1
1375220 1938.1
1375230 1945.5
1375240 1952.0
1375250 1952.0
1375260 1958.7
1375270 1966.1
1375280 1966.1
1375290 1973.4
1375300 1980.2
1375310 1980.2
1375320 1985.8
1375330 1990.7
1375340 1990.7
1375350 1996.6
1375360 2003.3
1375370 2009.4
1375380 2009.4
1375390 2015.6
1375400 2022.6
1375410 2022.6
1375420 2027.8
1375430 2036.7
1375440 2036.7
1375450 2044.0
1375460 2049.4
1375470 2049.4
1375480 2056.6
1375490 2062.2
1375500 2062.2
1375510 2069.3
1375520 2075.9
1375530 2075.9
1375540 2084.7
1375550 2101.3
1375560 2101.3
1375570 2109.9
1375580 2115.4
1375590 2115.4
1375600 2123.7
1375610 2130.7
1375620 2134.9
1375630 2134.9
1375640 2139.0
1375650 2144.2
1375660 2144.2
1375670 2151.4
1375680 2157.5
1375690 2157.5
1375700 2164.3
1375710 2171.4
1375720 2171.4
1375730 2177.9
1375740 2182.6
1375750 2182.6
1375760 2188.2
1375770 2195.1
1375780 2195.1
1375790 2200.7
1375800 2204.6
1375810 2204.6
1375820 2208.7
1375830 2212.4
1375840 2217.2
1375850 2217.2
1375860 2222.0
1375870 2226.7
1375880 2226.7
1375890 2231.2
1375900 2230.9
1375910 2230.9
1375920 2228.7
1375930 2228.6
1375940 2228.6
1375950 2227.2
1375960 2225.4
1375970 2225.4
1375980 2225.7
1375990 2225.4
1376000 2225.4
1376010 2224.0
1376020 2217.4
1376030 2217.4
1376040 2207.6
1376050 2206.5
1376060 2206.5
1376070 2214.1
1376080 2220.1
1376090 2223.2
1376100 2223.2
1376110 2229.0
1376120 2243.3
1376130 2243.3
1376140 2254.9
1376150 2264.6
1376160 2264.6
1376170 2273.5
1376180 2277.7
1376190 2277.7
1376200 2282.0
1376210 2289.0
1376220 2289.0
1376230 2298.0
1376240 2308.4
1376250 2308.4
1376260 2318.6
1376270 2328.3
1376280 2328.3
1376290 2335.9
1376300 2341.3
1376310 2341.3
1376320 2346.4
1376330 2353.7
1376340 2367.1
1376350 2367.1
1376360 2382.8
1376370 2383.3
1376380 2383.3
1376390 2384.9
1376400 2389.2
1376410 2389.2
1376420 2395.4
1376430 2403.4
1376440 2403.4
1376450 2412.3
1376460 2420.6
1376470 2420.6
1376480 2429.9
1376490 2437.1
1376500 2437.1
1376510 2440.2
1376520 2444.5
1376530 2444.5
1376540 2456.0
1376550 2474.2
1376560 2474.2
1376570 2489.2
1376580 2500.7
1376590 2501.8
1376600 2501.8
1376610 2502.9
1376620 2502.1
1376630 2502.1
1376640 2501.8
1376650 2501.2
1376660 2501.2
1376670 2498.6
1376680 2494.9
1376690 2494.9
1376700 2491.8
1376710 2490.1
1376720 2490.1
1376730 2486.7
1376740 2482.6
1376750 2482.6
1376760 2479.1
1376770 2476.6
1376780 2476.6
1376790 2470.9
1376800 2455.9
1376810 2455.9
1376820 2440.7
1376830 2431.4
1376840 2422.6
1376850 2422.6
1376860 2414.4
1376870 2405.9
1376880 2405.9
1376890 2396.5
1376900 2389.0
1376910 2389.0
1376920 2379.8
1376930 2371.3
1376940 2371.3
1376950 2363.3
1376960 2355.7
1376970 2355.7
1376980 2348.2
1376990 2341.1
1377000 2341.1
1377010 2334.7
1377020 2329.1
1377030 2329.1
1377040 2323.1
1377050 2316.2
1377060 2316.2
1377070 2310.6
1377080 2305.3
1377090 2298.7
1377100 2298.7
1377110 2289.9
1377120 2282.3
1377130 2282.3
1377140 2274.7
1377150 2266.8
1377160 2266.8
1377170 2258.4
1377180 2250.8
1377190 2250.8
1377200 2243.6
1377210 2235.5
1377220 2235.5
1377230 2226.5
1377240 2214.8
1377250 2214.8
1377260 2205.9
1377270 2187.2
1377280 2187.2
1377290 2170.2
1377300 2163.5
1377310 2163.5
1377320 2158.1
1377330 2152.1
1377340 2145.3
1377350 2145.3
1377360 2138.2
1377370 2131.8
1377380 2131.8
1377390 2125.2
1377400 2118.4
1377410 2118.4
1377420 2109.8
1377430 2098.6
1377440 2098.6
1377450 2090.0
1377460 2083.1
1377470 2083.1
1377480 2073.6
1377490 2063.1
1377500 2063.1
1377510 2053.1
1377520 2045.4
1377530 2045.4
1377540 2039.0
1377550 2032.7
1377560 2032.7
1377570 2026.5
1377580 2020.3
1377590 2014.3
1377600 2014.3
1377610 2008.5
1377620 2002.0
1377630 2002.0
1377640 1996.2
1377650 1991.2
1377660 1991.2
1377670 1986.9
1377680 1983.6
1377690 1983.6
1377700 1981.7
1377710 1981.1
1377720 1981.1
1377730 1980.3
1377740 1977.1
1377750 1977.1
1377760 1970.0
1377770 1961.1
1377780 1961.1
1377790 1955.6
1377800 1949.7
1377810 1949.7
1377820 1944.6
1377830 1942.3
1377840 1943.2
1377850 1943.2
1377860 1945.4
1377870 1946.4
1377880 1946.4
1377890 1947.1
1377900 1950.1
1377910 1950.1
1377920 1953.4
1377930 1958.8
1377940 1958.8
1377950 1964.1
1377960 1971.7
1377970 1971.7
1377980 1981.2
1377990 1993.8
1378000 1993.8
1378010 1996.9
1378020 1995.7
1378030 1995.7
1378040 1996.0
1378050 1997.6
1378060 1997.6
1378070 1999.3
1378080 2002.2
1378090 2004.0
1378100 2004.0
1378110 2005.4
1378120 2007.8
1378130 2007.8
1378140 2012.5
1378150 2015.1
1378160 2015.1
1378170 2016.7
1378180 2016.1
1378190 2016.1
1378200 2015.9
1378210 2017.6
1378220 2017.6
1378230 2018.0
1378240 2017.5
1378250 2017.5
1378260 2016.5
1378270 2016.5
1378280 2016.5
1378290 2014.6
1378300 2012.9
1378310 2012.9
1378320 2011.4
1378330 2008.3
1378340 2003.9
1378350 2003.9
1378360 1999.2
1378370 1994.6
1378380 1994.6
1378390 1990.9
1378400 1989.1
1378410 1989.1
1378420 1988.1
1378430 1987.2
1378440 1987.2
1378450 1986.8
1378460 1986.5
1378470 1986.5
1378480 1986.8
1378490 1987.3
1378500 1987.3
1378510 1987.4
1378520 1988.4
1378530 1988.4
1378540 1992.3
1378550 1996.2
1378560 1996.2
1378570 1999.2
1378580 2001.5
1378590 2002.9
1378600 2002.9
1378610 2002.8
1378620 2002.3
1378630 2002.3
1378640 2002.5
1378650 2002.8
1378660 2002.8
1378670 2002.9
1378680 2002.9
1378690 2002.9
1378700 2003.3
1378710 2004.3
1378720 2004.3
1378730 2006.2
1378740 2007.8
1378750 2007.8
1378760 2008.2
1378770 2008.3
1378780 2008.3
1378790 2008.0
1378800 2007.6
1378810 2006.9
1378820 2006.9
1378830 2006.7
1378840 2006.9
1378850 2006.9
1378860 2007.1
1378870 2008.4
1378880 2008.4
1378890 2011.1
1378900 2015.1
1378910 2015.1
1378920 2020.0
1378930 2025.5
1378940 2025.5
1378950 2031.5
1378960 2037.9
1378970 2035.3
1378980 2041.8
1378990 2048.2
1379000 2048.2
1379010 2057.0
1379020 2073.1
1379030 2073.1
1379040 2086.5
1379050 2099.1
1379060 2109.5
1379070 2109.5
1379080 2119.7
1379090 2131.8
1379100 2131.8
1379110 2136.1
1379120 2133.4
1379130 2133.4
1379140 2131.1
1379150 2127.6
1379160 2127.6
1379170 2123.1
1379180 2119.5
1379190 2119.5
1379200 2118.9
1379210 2120.2
1379220 2120.2
1379230 2120.6
1379240 2120.9
1379250 2120.9
1379260 2123.1
1379270 2127.1
1379280 2127.1
1379290 2132.0
1379300 2137.1
1379310 2142.3
1379320 2142.3
1379330 2148.0
1379340 2155.2
1379350 2155.2
1379360 2162.3
1379370 2178.2
1379380 2178.2
1379390 2194.1
1379400 2205.4
1379410 2205.4
1379420 2214.0
1379430 2224.2
1379440 2224.2
1379450 2229.4
1379460 2246.1
1379470 2246.1
1379480 2258.2
1379490 2247.2
1379500 2247.2
1379510 2234.5
1379520 2229.7
1379530 2229.7
1379540 2231.3
1379550 2234.3
1379560 2237.0
1379570 2237.0
1379580 2241.8
1379590 2244.4
1379600 2244.4
1379610 2242.9
1379620 2241.8
1379630 2241.8
1379640 2241.8
1379650 2243.9
1379660 2243.9
1379670 2254.5
1379680 2255.4
1379690 2255.4
1379700 2250.8
1379710 2240.8
1379720 2240.8
1379730 2228.9
1379740 2218.1
1379750 2218.1
1379760 2212.9
1379770 2203.6
1379780 2203.6
1379790 2194.4
1379800 2182.1
1379810 2163.7
1379820 2163.7
1379830 2153.3
1379840 2156.2
1379850 2156.2
1379860 2158.9
1379870 2153.4
1379880 2153.4
1379890 2144.1
1379900 2133.6
1379910 2133.6
1379920 2122.1
1379930 2115.2
1379940 2115.2
1379950 2119.8
1379960 2124.2
1379970 2124.2
1379980 2122.1
1379990 2117.1
