1360000 1890.5
1360010 1893.9
1360020 1895.1
1360030 1895.1
1360040 1896.8
1360050 1898.4
1360060 1898.4
1360070 1899.5
1360080 1900.6
1360090 1900.6
1360100 1901.4
1360110 1904.2
1360120 1904.2
1360130 1906.5
1360140 1907.6
1360150 1907.6
1360160 1909.6
1360170 1912.8
1360180 1917.3
1360190 1917.3
1360200 1922.5
1360210 1929.0
1360220 1929.0
1360230 1935.4
1360240 1943.1
1360250 1943.1
1360260 1951.6
1360270 1963.6
1360280 1963.6
1360290 1987.7
1360300 2001.7
1360310 2001.7
1360320 2010.6
1360330 2018.2
1360340 2018.2
1360350 2024.4
1360360 2030.3
1360370 2030.3
1360380 2031.2
1360390 2023.5
1360400 2023.5
1360410 2019.9
1360420 2015.7
1360430 2009.9
1360440 2009.9
1360450 1997.3
1360460 1978.1
1360470 1978.1
1360480 1964.7
1360490 1954.6
1360500 1954.6
1360510 1947.3
1360520 1932.5
1360530 1932.5
1360540 1917.9
1360550 1911.7
1360560 1911.7
1360570 1905.3
1360580 1898.7
1360590 1898.7
1360600 1887.8
1360610 1882.2
1360620 1882.2
1360630 1876.5
1360640 1870.7
1360650 1870.7
1360660 1864.1
1360670 1857.8
1360680 1852.7
1360690 1852.7
1360700 1848.1
1360710 1843.7
1360720 1843.7
1360730 1838.7
1360740 1833.8
1360750 1833.8
1360760 1828.1
1360770 1821.5
1360780 1821.5
1360790 1815.9
1360800 1812.4
1360810 1812.4
1360820 1808.1
1360830 1802.7
1360840 1802.7
1360850 1796.6
1360860 1789.7
1360870 1789.7
1360880 1782.9
1360890 1777.1
1360900 1777.1
1360910 1771.4
1360920 1765.4
1360930 1760.8
1360940 1760.8
1360950 1754.6
1360960 1748.9
1360970 1748.9
1360980 1743.3
1360990 1737.8
1361000 1737.8
1361010 1732.3
1361020 1728.8
1361030 1728.8
1361040 1725.8
1361050 1720.7
1361060 1720.7
1361070 1715.9
1361080 1710.3
1361090 1710.3
1361100 1704.2
1361110 1697.4
1361120 1697.4
1361130 1690.6
1361140 1683.9
1361150 1683.9
1361160 1678.2
1361170 1673.5
1361180 1669.6
1361190 1669.6
1361200 1665.4
1361210 1660.9
1361220 1660.9
1361230 1656.0
1361240 1651.4
1361250 1651.4
1361260 1645.9
1361270 1641.1
1361280 1641.1
1361290 1638.6
1361300 1636.3
1361310 1636.3
1361320 1633.2
1361330 1629.7
1361340 1629.7
1361350 1626.2
1361360 1623.0
1361370 1623.0
1361380 1620.7
1361390 1617.5
1361400 1617.5
1361410 1613.2
1361420 1608.5
1361430 1604.7
1361440 1604.7
1361450 1600.2
1361460 1594.8
1361470 1594.8
1361480 1589.4
1361490 1584.0
1361500 1584.0
1361510 1578.7
1361520 1573.7
1361530 1573.7
1361540 1567.8
1361550 1561.8
1361560 1561.8
1361570 1554.2
1361580 1546.8
1361590 1546.8
1361600 1540.8
1361610 1535.3
1361620 1535.3
1361630 1530.0
1361640 1525.9
1361650 1525.9
1361660 1522.0
1361670 1517.0
1361680 1509.6
1361690 1509.6
1361700 1497.5
1361710 1485.5
1361720 1485.5
1361730 1476.1
1361740 1468.4
1361750 1468.4
1361760 1462.0
1361770 1455.2
1361780 1455.2
1361790 1448.6
1361800 1443.3
1361810 1443.3
1361820 1438.4
1361830 1433.2
1361840 1433.2
1361850 1427.6
1361860 1422.2
1361870 1422.2
1361880 1417.8
1361890 1412.6
1361900 1412.6
1361910 1407.0
1361920 1401.8
1361930 1397.6
1361940 1397.6
1361950 1393.3
1361960 1388.8
1361970 1388.8
1361980 1383.8
1361990 1376.9
1362000 1376.9
1362010 1372.7
1362020 1368.5
1362030 1368.5
1362040 1362.8
1362050 1356.9
1362060 1356.9
1362070 1351.3
1362080 1345.0
1362090 1345.0
1362100 1334.5
1362110 1326.7
1362120 1326.7
1362130 1329.6
1362140 1329.4
1362150 1329.4
1362160 1322.4
1362170 1323.1
1362180 1326.8
1362190 1326.8
1362200 1326.2
1362210 1327.5
1362220 1327.5
1362230 1335.8
1362240 1339.6
1362250 1339.6
1362260 1337.1
1362270 1335.4
1362280 1335.4
1362290 1332.5
1362300 1326.5
1362310 1326.5
1362320 1320.4
1362330 1314.9
1362340 1314.9
1362350 1310.7
1362360 1305.1
1362370 1305.1
1362380 1295.8
1362390 1280.1
1362400 1280.1
1362410 1266.4
1362420 1255.7
1362430 1246.1
1362440 1246.1
1362450 1236.8
1362460 1230.1
1362470 1230.1
1362480 1224.8
1362490 1217.4
1362500 1217.4
1362510 1202.8
1362520 1190.8
1362530 1190.8
1362540 1183.8
1362550 1177.5
1362560 1177.5
1362570 1171.5
1362580 1164.5
1362590 1164.5
1362600 1157.8
1362610 1149.5
1362620 1149.5
1362630 1142.6
1362640 1137.5
1362650 1131.9
1362660 1131.9
1362670 1128.7
1362680 1120.0
1362690 1120.0
1362700 1111.7
1362710 1096.9
1362720 1096.9
1362730 1078.8
1362740 1069.6
1362750 1069.6
1362760 1061.6
1362770 1050.9
1362780 1050.9
1362790 1043.5
1362800 1036.8
1362810 1036.8
1362820 1030.4
1362830 1022.4
1362840 1022.4
1362850 1012.5
1362860 1004.3
1362870 1004.3
1362880 999.4
1362890 990.3
1362900 984.1
1362910 984.1
1362920 978.6
1362930 970.7
1362940 970.7
1362950 967.8
1362960 964.3
1362970 964.3
1362980 962.9
1362990 962.2
1363000 962.2
1363010 957.8
1363020 953.7
1363030 953.7
1363040 953.6
1363050 954.0
1363060 954.0
1363070 954.0
1363080 953.2
1363090 953.2
1363100 952.8
1363110 954.0
1363120 954.0
1363130 954.0
1363140 954.3
1363150 954.5
1363160 954.5
1363170 954.6
1363180 952.0
1363190 952.0
1363200 946.3
1363210 942.0
1363220 942.0
1363230 941.1
1363240 941.3
1363250 941.3
1363260 941.8
1363270 944.6
1363280 944.6
1363290 945.4
1363300 946.4
1363310 946.4
1363320 946.3
1363330 946.1
1363340 946.1
1363350 946.5
1363360 946.7
1363370 946.7
1363380 950.6
1363390 952.7
1363400 950.9
1363410 950.9
1363420 950.8
1363430 952.6
1363440 952.6
1363450 954.8
1363460 955.4
1363470 955.4
1363480 955.7
1363490 956.2
1363500 956.2
1363510 957.8
1363520 960.5
1363530 960.5
1363540 964.3
1363550 968.1
1363560 968.1
1363570 972.3
1363580 977.3
1363590 977.3
1363600 982.3
1363610 987.9
1363620 987.9
1363630 993.7
1363640 999.2
1363650 1005.1
1363660 1005.1
1363670 1011.2
1363680 1017.7
1363690 1017.7
1363700 1024.2
1363710 1030.6
1363720 1030.6
1363730 1037.4
1363740 1044.2
1363750 1044.2
1363760 1051.3
1363770 1058.8
1363780 1058.8
1363790 1066.0
1363800 1073.3
1363810 1073.3
1363820 1081.2
1363830 1089.1
1363840 1089.1
1363850 1097.1
1363860 1105.4
1363870 1105.4
1363880 1112.8
1363890 1120.9
1363900 1128.4
1363910 1128.4
1363920 1135.9
1363930 1144.0
1363940 1144.0
1363950 1152.0
1363960 1160.2
1363970 1160.2
1363980 1173.1
1363990 1188.9
1364000 1188.9
1364010 1206.0
1364020 1220.9
1364030 1220.9
1364040 1230.2
1364050 1241.4
1364060 1241.4
1364070 1252.1
1364080 1264.0
1364090 1264.0
1364100 1282.5
1364110 1301.4
1364120 1301.4
1364130 1318.3
1364140 1333.9
1364150 1341.8
1364160 1341.8
1364170 1354.1
1364180 1368.1
1364190 1368.1
1364200 1387.6
1364210 1404.7
1364220 1404.7
1364230 1418.7
1364240 1427.2
1364250 1427.2
1364260 1434.7
1364270 1441.9
1364280 1441.9
1364290 1449.5
1364300 1456.6
1364310 1456.6
1364320 1464.3
1364330 1472.1
1364340 1472.1
1364350 1480.3
1364360 1488.8
1364370 1488.8
1364380 1497.2
1364390 1507.0
1364400 1518.6
1364410 1518.6
1364420 1530.0
1364430 1539.0
1364440 1539.0
1364450 1549.8
1364460 1561.1
1364470 1561.1
1364480 1572.1
1364490 1583.9
1364500 1583.9
1364510 1595.3
1364520 1607.3
1364530 1607.3
1364540 1618.7
1364550 1631.0
1364560 1631.0
1364570 1642.0
1364580 1657.4
1364590 1657.4
1364600 1671.6
1364610 1687.4
1364620 1687.4
1364630 1705.7
1364640 1709.5
1364650 1703.1
1364660 1703.1
1364670 1696.6
1364680 1691.0
1364690 1691.0
1364700 1684.3
1364710 1678.0
1364720 1678.0
1364730 1671.7
1364740 1664.7
1364750 1664.7
1364760 1658.7
1364770 1653.8
1364780 1659.4
1364790 1654.0
1364800 1649.4
1364810 1649.4
1364820 1645.2
1364830 1641.3
1364840 1641.3
1364850 1637.9
1364860 1632.4
1364870 1632.4
1364880 1627.4
1364890 1621.6
1364900 1613.6
1364910 1613.6
1364920 1605.0
1364930 1596.1
1364940 1596.1
1364950 1587.2
1364960 1579.0
1364970 1579.0
1364980 1573.4
1364990 1568.4
1365000 1568.4
1365010 1564.6
1365020 1560.0
1365030 1560.0
1365040 1555.4
1365050 1550.7
1365060 1550.7
1365070 1544.7
1365080 1538.5
1365090 1538.5
1365100 1528.1
1365110 1517.0
1365120 1517.0
1365130 1508.4
1365140 1496.3
1365150 1486.7
1365160 1486.7
1365170 1478.3
1365180 1467.3
1365190 1467.3
1365200 1457.6
1365210 1451.3
1365220 1451.3
1365230 1446.7
1365240 1441.6
1365250 1441.6
1365260 1436.3
1365270 1432.5
1365280 1432.5
1365290 1428.5
1365300 1421.3
1365310 1421.3
1365320 1412.0
1365330 1402.5
1365340 1402.5
1365350 1391.5
1365360 1378.5
1365370 1378.5
1365380 1368.4
1365390 1359.3
1365400 1350.6
1365410 1350.6
1365420 1341.6
1365430 1332.9
1365440 1332.9
1365450 1324.5
1365460 1316.9
1365470 1316.9
1365480 1309.9
1365490 1304.7
1365500 1304.7
1365510 1298.9
1365520 1290.9
1365530 1290.9
1365540 1283.9
1365550 1275.6
1365560 1275.6
1365570 1265.2
1365580 1254.6
1365590 1254.6
1365600 1246.7
1365610 1242.3
1365620 1242.3
1365630 1238.1
1365640 1237.3
1365650 1234.9
1365660 1234.9
1365670 1230.7
1365680 1225.6
1365690 1225.6
1365700 1219.1
1365710 1211.5
1365720 1211.5
1365730 1204.9
1365740 1199.0
1365750 1199.0
1365760 1193.0
1365770 1189.9
1365780 1189.9
1365790 1188.2
1365800 1186.4
1365810 1186.4
1365820 1184.8
1365830 1181.9
1365840 1181.9
1365850 1181.7
1365860 1176.0
1365870 1176.0
1365880 1169.7
1365890 1162.9
1365900 1156.5
1365910 1156.5
1365920 1151.5
1365930 1147.8
1365940 1147.8
1365950 1145.9
1365960 1143.4
1365970 1143.4
1365980 1140.7
1365990 1138.3
1366000 1138.3
1366010 1132.6
1366020 1124.2
1366030 1124.2
1366040 1116.3
1366050 1110.1
1366060 1110.1
1366070 1104.3
1366080 1098.9
1366090 1098.9
1366100 1091.9
1366110 1084.4
1366120 1084.4
1366130 1078.1
1366140 1074.9
1366150 1074.5
1366160 1074.5
1366170 1073.0
1366180 1071.8
1366190 1071.8
1366200 1070.9
1366210 1070.6
1366220 1070.6
1366230 1068.6
1366240 1065.8
1366250 1065.8
1366260 1062.3
1366270 1057.6
1366280 1057.6
1366290 1051.8
1366300 1047.2
1366310 1047.2
1366320 1046.9
1366330 1047.8
1366340 1047.8
1366350 1049.4
1366360 1049.6
1366370 1049.6
1366380 1050.5
1366390 1052.4
1366400 1057.7
1366410 1057.7
1366420 1066.0
1366430 1072.5
1366440 1072.5
1366450 1076.7
1366460 1080.4
1366470 1080.4
1366480 1085.1
1366490 1090.4
1366500 1090.4
1366510 1095.2
1366520 1100.4
1366530 1100.4
1366540 1105.3
1366550 1109.9
1366560 1109.9
1366570 1114.8
1366580 1118.6
1366590 1118.6
1366600 1123.3
1366610 1129.6
1366620 1135.4
1366630 1135.4
1366640 1141.5
1366650 1148.4
1366660 1148.4
1366670 1155.4
1366680 1162.4
1366690 1162.4
1366700 1169.6
1366710 1176.2
1366720 1176.2
1366730 1184.1
1366740 1191.9
1366750 1191.9
1366760 1199.8
1366770 1212.3
1366780 1212.3
1366790 1229.9
1366800 1236.0
1366810 1236.0
1366820 1235.8
1366830 1235.7
1366840 1235.7
1366850 1242.3
1366860 1253.5
1366870 1265.3
1366880 1265.3
1366890 1277.6
1366900 1290.5
1366910 1290.5
1366920 1311.5
1366930 1323.4
1366940 1323.4
1366950 1331.2
1366960 1343.4
1366970 1343.4
1366980 1354.5
1366990 1366.5
1367000 1366.5
1367010 1395.1
1367020 1436.6
1367030 1436.6
1367040 1451.8
1367050 1461.6
1367060 1461.6
1367070 1473.6
1367080 1484.2
1367090 1484.2
1367100 1493.9
1367110 1503.1
1367120 1511.4
1367130 1511.4
1367140 1520.2
1367150 1530.5
1367160 1530.5
1367170 1540.1
1367180 1550.3
1367190 1550.3
1367200 1561.3
1367210 1571.5
1367220 1571.5
1367230 1581.6
1367240 1591.1
1367250 1591.1
1367260 1600.2
1367270 1609.3
1367280 1609.3
1367290 1617.9
1367300 1627.3
1367310 1627.3
1367320 1636.7
1367330 1646.7
1367340 1646.7
1367350 1656.8
1367360 1664.2
1367370 1669.8
1367380 1669.8
1367390 1674.9
1367400 1681.2
1367410 1681.2
1367420 1688.8
1367430 1697.3
1367440 1697.3
1367450 1706.2
1367460 1715.4
1367470 1715.4
1367480 1725.2
1367490 1734.4
1367500 1734.4
1367510 1743.2
1367520 1751.4
1367530 1751.4
1367540 1760.2
1367550 1767.4
1367560 1767.4
1367570 1773.0
1367580 1776.2
1367590 1776.2
1367600 1780.9
1367610 1784.9
1367620 1788.0
1367630 1788.0
1367640 1790.6
1367650 1793.1
1367660 1793.1
1367670 1797.2
1367680 1801.8
1367690 1801.8
1367700 1805.6
1367710 1809.7
1367720 1809.7
1367730 1814.0
1367740 1818.7
1367750 1818.7
1367760 1822.7
1367770 1826.8
1367780 1826.8
1367790 1830.3
1367800 1833.1
1367810 1833.1
1367820 1834.8
1367830 1837.0
1367840 1837.0
1367850 1840.0
1367860 1842.8
1367870 1845.8
1367880 1845.8
1367890 1849.5
1367900 1854.0
1367910 1854.0
1367920 1857.9
1367930 1861.6
1367940 1861.6
1367950 1866.3
1367960 1870.7
1367970 1870.7
1367980 1873.7
1367990 1875.7
1368000 1875.7
1368010 1873.4
1368020 1876.0
1368030 1876.0
1368040 1879.6
1368050 1886.7
1368060 1886.7
1368070 1895.8
1368080 1904.7
1368090 1904.7
1368100 1914.7
1368110 1922.8
1368120 1928.3
1368130 1928.3
1368140 1936.8
1368150 1946.8
1368160 1946.8
1368170 1953.3
1368180 1956.4
1368190 1956.4
1368200 1961.4
1368210 1969.7
1368220 1969.7
1368230 1977.5
1368240 1986.3
1368250 1986.3
1368260 1995.7
1368270 2004.9
1368280 2004.9
1368290 2013.5
1368300 2021.9
1368310 2021.9
1368320 2030.6
1368330 2040.3
1368340 2040.3
1368350 2054.5
1368360 2065.7
1368370 2072.0
1368380 2072.0
1368390 2075.6
1368400 2079.3
1368410 2079.3
1368420 2083.1
1368430 2086.1
1368440 2086.1
1368450 2090.0
1368460 2095.4
1368470 2095.4
1368480 2102.1
1368490 2110.0
1368500 2110.0
1368510 2118.2
1368520 2126.6
1368530 2126.6
1368540 2137.8
1368550 2149.1
1368560 2149.1
1368570 2159.8
1368580 2169.4
1368590 2169.4
1368600 2177.7
1368610 2181.1
1368620 2183.4
1368630 2183.4
1368640 2183.5
1368650 2177.4
1368660 2177.4
1368670 2168.1
1368680 2159.9
1368690 2159.9
1368700 2151.9
1368710 2143.4
1368720 2143.4
1368730 2134.7
1368740 2125.3
1368750 2125.3
1368760 2115.8
1368770 2108.1
1368780 2108.1
1368790 2102.7
1368800 2097.5
1368810 2097.5
1368820 2090.9
1368830 2082.0
1368840 2082.0
1368850 2075.1
1368860 2069.6
1368870 2066.6
1368880 2066.6
1368890 2064.4
1368900 2063.3
1368910 2063.3
1368920 2062.3
1368930 2060.5
1368940 2060.5
1368950 2056.8
1368960 2051.3
1368970 2051.3
1368980 2049.5
1368990 2048.8
1369000 2048.8
1369010 2045.5
1369020 2041.2
1369030 2041.2
1369040 2039.7
1369050 2040.1
1369060 2040.1
1369070 2042.0
1369080 2045.1
1369090 2045.1
1369100 2050.4
1369110 2054.5
1369120 2059.4
1369130 2059.4
1369140 2062.3
1369150 2066.0
1369160 2066.0
1369170 2069.8
1369180 2074.6
1369190 2074.6
1369200 2079.0
1369210 2083.9
1369220 2083.9
1369230 2089.5
1369240 2094.5
1369250 2094.5
1369260 2100.4
1369270 2103.4
1369280 2103.4
1369290 2102.7
1369300 2097.1
1369310 2097.1
1369320 2090.0
1369330 2085.7
1369340 2085.7
1369350 2082.2
1369360 2078.2
1369370 2075.2
1369380 2075.2
1369390 2074.9
1369400 2073.7
1369410 2073.7
1369420 2072.0
1369430 2072.1
1369440 2072.1
1369450 2072.7
1369460 2074.9
1369470 2074.9
1369480 2077.2
1369490 2078.0
1369500 2078.0
1369510 2078.6
1369520 2079.4
1369530 2079.4
1369540 2082.3
1369550 2087.7
1369560 2087.7
1369570 2091.6
1369580 2093.8
1369590 2093.8
1369600 2097.1
1369610 2098.2
1369620 2098.7
1369630 2098.7
1369640 2098.0
1369650 2098.6
1369660 2098.6
1369670 2101.2
1369680 2103.9
1369690 2103.9
1369700 2106.5
1369710 2110.0
1369720 2110.0
1369730 2114.7
1369740 2120.2
1369750 2120.2
1369760 2124.2
1369770 2129.2
1369780 2129.2
1369790 2136.7
1369800 2139.0
1369810 2139.0
1369820 2138.8
1369830 2139.5
1369840 2139.5
1369850 2138.8
1369860 2135.5
1369870 2130.4
1369880 2130.4
1369890 2126.1
1369900 2123.1
1369910 2123.1
1369920 2122.4
1369930 2120.3
1369940 2120.3
1369950 2115.2
1369960 2109.0
1369970 2109.0
1369980 2101.2
1369990 2096.2
1370000 2096.2
1370010 2093.2
1370020 2091.5
1370030 2091.5
1370040 2089.2
1370050 2087.8
1370060 2087.8
1370070 2085.9
1370080 2086.1
1370090 2087.0
1370100 2087.0
1370110 2088.1
1370120 2088.8
1370130 2088.8
1370140 2090.0
1370150 2091.4
1370160 2091.4
1370170 2092.5
1370180 2093.5
1370190 2093.5
1370200 2092.3
1370210 2095.1
1370220 2095.1
1370230 2090.8
1370240 2085.4
1370250 2085.4
1370260 2081.8
1370270 2079.9
1370280 2079.9
1370290 2077.5
1370300 2073.2
1370310 2073.2
1370320 2072.2
1370330 2067.5
1370340 2069.7
1370350 2069.7
1370360 2071.5
1370370 2076.1
1370380 2076.1
1370390 2083.8
1370400 2093.2
1370410 2093.2
1370420 2103.0
1370430 2107.6
1370440 2107.6
1370450 2102.3
1370460 2093.4
1370470 2093.4
1370480 2086.2
1370490 2080.0
1370500 2080.0
1370510 2074.2
1370520 2069.5
1370530 2069.5
1370540 2064.9
1370550 2060.4
1370560 2060.4
1370570 2055.3
1370580 2050.3
1370590 2044.3
1370600 2044.3
1370610 2040.3
1370620 2039.4
1370630 2039.4
1370640 2036.7
1370650 2032.4
1370660 2032.4
1370670 2028.3
1370680 2017.6
1370690 2017.6
1370700 2002.1
1370710 1990.8
1370720 1990.8
1370730 1983.0
1370740 1977.1
1370750 1977.1
1370760 1971.3
1370770 1965.0
1370780 1965.0
1370790 1958.3
1370800 1952.8
1370810 1952.8
1370820 1948.8
1370830 1945.3
1370840 1942.4
1370850 1942.4
1370860 1939.1
1370870 1935.1
1370880 1935.1
1370890 1931.2
1370900 1926.9
1370910 1926.9
1370920 1922.3
1370930 1917.1
1370940 1917.1
1370950 1911.6
1370960 1907.7
1370970 1907.7
1370980 1903.1
1370990 1898.1
1371000 1898.1
1371010 1893.8
1371020 1889.6
1371030 1889.6
1371040 1886.1
1371050 1882.7
1371060 1882.7
1371070 1880.5
1371080 1877.9
1371090 1875.1
1371100 1875.1
1371110 1872.2
1371120 1868.8
1371130 1868.8
1371140 1865.0
1371150 1861.2
1371160 1861.2
1371170 1858.2
1371180 1855.3
1371190 1855.3
1371200 1852.5
1371210 1849.5
1371220 1849.5
1371230 1846.1
1371240 1841.4
1371250 1841.4
1371260 1836.7
1371270 1832.8
1371280 1832.8
1371290 1829.8
1371300 1826.2
1371310 1826.2
1371320 1822.9
1371330 1821.4
1371340 1818.6
1371350 1818.6
1371360 1816.4
1371370 1814.8
1371380 1814.8
1371390 1812.6
1371400 1809.8
1371410 1809.8
1371420 1807.1
1371430 1803.2
1371440 1803.2
1371450 1799.6
1371460 1795.8
1371470 1795.8
1371480 1792.4
1371490 1789.0
1371500 1789.0
1371510 1784.3
1371520 1780.0
1371530 1780.0
1371540 1777.2
1371550 1774.8
1371560 1774.8
1371570 1771.6
1371580 1766.9
1371590 1762.0
1371600 1762.0
1371610 1753.4
1371620 1744.6
1371630 1744.6
1371640 1743.6
1371650 1744.2
1371660 1744.2
1371670 1742.1
1371680 1740.0
1371690 1740.0
1371700 1737.9
1371710 1736.7
1371720 1736.7
1371730 1735.8
1371740 1733.6
1371750 1733.6
1371760 1732.2
1371770 1728.8
1371780 1728.8
1371790 1718.4
1371800 1705.2
1371810 1705.2
1371820 1702.1
1371830 1707.8
1371840 1709.7
1371850 1709.7
1371860 1713.4
1371870 1716.6
1371880 1716.6
1371890 1716.2
1371900 1714.3
1371910 1714.3
1371920 1712.5
1371930 1710.8
1371940 1710.8
1371950 1709.6
1371960 1708.4
1371970 1708.4
1371980 1706.8
1371990 1705.6
1372000 1705.6
1372010 1703.0
1372020 1700.9
1372030 1700.9
1372040 1699.3
1372050 1696.8
1372060 1696.8
1372070 1694.0
1372080 1691.2
1372090 1690.3
1372100 1690.3
1372110 1691.5
1372120 1692.3
1372130 1692.3
1372140 1690.7
1372150 1688.9
1372160 1688.9
1372170 1687.6
1372180 1686.4
1372190 1686.4
1372200 1684.9
1372210 1682.3
1372220 1682.3
1372230 1678.5
1372240 1676.6
1372250 1676.6
1372260 1674.7
1372270 1672.8
1372280 1672.8
1372290 1671.1
1372300 1669.2
1372310 1669.2
1372320 1666.8
1372330 1665.2
1372340 1663.8
1372350 1663.8
1372360 1662.4
1372370 1661.8
1372380 1661.8
1372390 1661.2
1372400 1661.0
1372410 1661.0
1372420 1660.3
1372430 1658.3
1372440 1658.3
1372450 1658.3
1372460 1664.5
1372470 1664.5
1372480 1664.0
1372490 1665.8
1372500 1665.8
1372510 1667.3
1372520 1668.9
1372530 1668.9
1372540 1669.4
1372550 1669.3
1372560 1669.3
1372570 1669.0
1372580 1667.9
1372590 1669.3
1372600 1669.3
1372610 1672.4
1372620 1675.3
1372630 1675.3
1372640 1677.6
1372650 1680.4
1372660 1680.4
1372670 1684.5
1372680 1688.1
1372690 1688.1
1372700 1689.0
1372710 1688.3
1372720 1688.3
1372730 1687.8
1372740 1689.1
1372750 1689.1
1372760 1691.0
1372770 1690.0
1372780 1690.0
1372790 1687.0
1372800 1682.8
1372810 1682.8
1372820 1675.4
1372830 1669.7
1372840 1665.2
1372850 1665.2
1372860 1659.0
1372870 1652.9
1372880 1652.9
1372890 1648.5
1372900 1642.7
1372910 1642.7
1372920 1634.8
1372930 1625.7
1372940 1625.7
1372950 1617.3
1372960 1608.0
1372970 1608.0
1372980 1597.8
1372990 1587.7
1373000 1587.7
1373010 1576.5
1373020 1564.7
1373030 1564.7
1373040 1558.2
1373050 1557.1
1373060 1557.1
1373070 1556.7
1373080 1551.9
1373090 1546.5
1373100 1546.5
1373110 1540.6
1373120 1533.4
1373130 1533.4
1373140 1527.5
1373150 1523.9
1373160 1523.9
1373170 1519.0
1373180 1513.0
1373190 1513.0
1373200 1504.4
1373210 1501.7
1373220 1501.7
1373230 1497.0
1373240 1485.7
1373250 1485.7
1373260 1478.0
1373270 1476.8
1373280 1476.8
1373290 1471.5
1373300 1464.6
1373310 1464.6
1373320 1455.3
1373330 1442.5
1373340 1428.4
1373350 1428.4
1373360 1413.3
1373370 1398.7
1373380 1398.7
1373390 1381.7
1373400 1366.4
1373410 1366.4
1373420 1357.1
1373430 1347.6
1373440 1347.6
1373450 1338.9
1373460 1330.7
1373470 1330.7
1373480 1322.7
1373490 1316.2
1373500 1316.2
1373510 1309.0
1373520 1298.6
1373530 1298.6
1373540 1290.8
1373550 1283.3
1373560 1275.9
1373570 1275.9
1373580 1269.2
1373590 1262.5
1373600 1267.3
1373610 1264.1
1373620 1258.6
1373630 1258.6
1373640 1252.7
1373650 1246.3
1373660 1246.3
1373670 1240.0
1373680 1233.6
1373690 1233.6
1373700 1226.6
1373710 1219.3
1373720 1219.3
1373730 1211.9
1373740 1205.5
1373750 1205.5
1373760 1198.2
1373770 1196.3
1373780 1196.3
1373790 1198.3
1373800 1203.6
1373810 1209.3
1373820 1209.3
1373830 1213.4
1373840 1217.8
1373850 1217.8
1373860 1221.3
1373870 1224.2
1373880 1224.2
1373890 1226.9
1373900 1229.9
1373910 1229.9
1373920 1233.4
1373930 1238.4
1373940 1238.4
1373950 1242.3
1373960 1245.8
1373970 1245.8
1373980 1249.9
1373990 1254.1
1374000 1254.1
1374010 1257.4
1374020 1261.4
1374030 1261.4
1374040 1265.5
1374050 1270.1
1374060 1275.6
1374070 1275.6
1374080 1280.3
1374090 1286.1
1374100 1286.1
1374110 1291.5
1374120 1298.6
1374130 1298.6
1374140 1306.5
1374150 1312.2
1374160 1312.2
1374170 1318.7
1374180 1325.8
1374190 1325.8
1374200 1332.4
1374210 1339.9
1374220 1339.9
1374230 1346.6
1374240 1354.2
1374250 1354.2
1374260 1362.0
1374270 1369.5
1374280 1369.5
1374290 1377.0
1374300 1384.6
1374310 1392.2
1374320 1392.2
1374330 1399.5
1374340 1406.2
1374350 1406.2
1374360 1412.4
1374370 1422.7
1374380 1422.7
1374390 1432.6
1374400 1443.4
1374410 1443.4
1374420 1470.4
1374430 1487.4
1374440 1487.4
1374450 1498.6
1374460 1507.8
1374470 1507.8
1374480 1514.0
1374490 1522.2
1374500 1522.2
1374510 1539.7
1374520 1558.3
1374530 1558.3
1374540 1568.5
1374550 1576.0
1374560 1580.6
1374570 1580.6
1374580 1582.8
1374590 1583.9
1374600 1583.9
1374610 1584.7
1374620 1586.2
1374630 1586.2
1374640 1598.5
1374650 1611.3
1374660 1611.3
1374670 1626.0
1374680 1644.1
1374690 1644.1
1374700 1653.4
1374710 1659.7
1374720 1659.7
1374730 1666.5
1374740 1673.9
1374750 1687.8
1374760 1695.0
1374770 1703.6
1374780 1703.6
1374790 1717.9
1374800 1732.6
1374810 1747.3
1374820 1747.3
1374830 1758.2
1374840 1766.7
1374850 1766.7
1374860 1776.6
1374870 1786.1
1374880 1786.1
1374890 1795.8
1374900 1805.2
1374910 1805.2
1374920 1812.1
1374930 1819.0
1374940 1819.0
1374950 1825.1
1374960 1831.0
1374970 1831.0
1374980 1838.1
1374990 1846.3
1375000 1846.3
1375010 1855.2
1375020 1863.7
1375030 1863.7
1375040 1870.7
1375050 1877.5
1375060 1885.2
1375070 1885.2
1375080 1891.9
1375090 1898.4
1375100 1898.4
1375110 1904.1
1375120 1910.5
1375130 1910.5
1375140 1917.1
1375150 1925.0
1375160 1925.0
1375170 1930.6
1375180 1935.4
1375190 1935.4
1375200 1940.1
1375210 1946.9
1375220 1946.9
1375230 1952.7
1375240 1957.7
1375250 1957.7
1375260 1963.7
1375270 1969.1
1375280 1969.1
1375290 1974.0
1375300 1980.3
1375310 1987.4
1375320 1987.4
1375330 1994.5
1375340 2000.5
1375350 2000.5
1375360 2006.7
1375370 2013.6
1375380 2013.6
1375390 2020.4
1375400 2027.1
1375410 2027.1
1375420 2032.5
1375430 2037.3
1375440 2037.3
1375450 2042.4
1375460 2047.3
1375470 2047.3
1375480 2051.9
1375490 2057.1
1375500 2057.1
1375510 2062.6
1375520 2069.0
1375530 2069.0
1375540 2075.0
1375550 2081.1
1375560 2086.0
1375570 2086.0
1375580 2090.5
1375590 2095.3
1375600 2095.3
1375610 2101.6
1375620 2107.9
1375630 2107.9
1375640 2114.8
1375650 2122.2
1375660 2122.2
1375670 2129.0
1375680 2136.5
1375690 2136.5
1375700 2145.0
1375710 2154.0
1375720 2154.0
1375730 2163.4
1375740 2171.7
1375750 2171.7
1375760 2179.0
1375770 2185.1
1375780 2185.1
1375790 2191.7
1375800 2199.1
1375810 2207.1
1375820 2207.1
1375830 2215.3
1375840 2223.9
1375850 2223.9
1375860 2232.5
1375870 2240.0
1375880 2240.0
1375890 2246.8
1375900 2253.8
1375910 2254.5
1375920 2263.0
1375930 2270.3
1375940 2270.3
1375950 2270.6
1375960 2270.5
1375970 2270.5
1375980 2269.6
1375990 2266.6
1376000 2266.6
1376010 2264.3
1376020 2263.5
1376030 2263.5
1376040 2261.3
1376050 2253.1
1376060 2257.0
1376070 2257.0
1376080 2267.8
1376090 2266.9
1376100 2266.9
1376110 2271.5
1376120 2274.2
1376130 2274.2
1376140 2273.9
1376150 2279.5
1376160 2279.5
1376170 2290.0
1376180 2300.0
1376190 2300.0
1376200 2308.4
1376210 2316.3
1376220 2316.3
1376230 2324.6
1376240 2330.2
1376250 2330.2
1376260 2333.8
1376270 2336.8
1376280 2336.8
1376290 2341.7
1376300 2350.2
1376310 2358.4
1376320 2358.4
1376330 2367.3
1376340 2376.8
1376350 2376.8
1376360 2386.9
1376370 2394.3
1376380 2394.3
1376390 2402.8
1376400 2412.0
1376410 2412.0
1376420 2420.7
1376430 2433.1
1376440 2433.1
1376450 2444.1
1376460 2448.1
1376470 2448.1
1376480 2448.1
1376490 2453.6
1376500 2453.6
1376510 2466.1
1376520 2481.8
1376530 2481.8
1376540 2493.0
1376550 2493.8
1376560 2492.0
1376570 2492.0
1376580 2492.4
1376590 2492.1
1376600 2492.1
1376610 2489.6
1376620 2486.3
1376630 2486.3
1376640 2485.1
1376650 2483.7
1376660 2483.7
1376670 2481.4
1376680 2472.1
1376690 2472.1
1376700 2454.0
1376710 2446.0
1376720 2446.0
1376730 2440.7
1376740 2435.3
1376750 2435.3
1376760 2429.2
1376770 2423.7
1376780 2419.3
1376790 2419.3
1376800 2415.1
1376810 2407.4
1376820 2407.4
1376830 2400.1
1376840 2392.8
1376850 2392.8
1376860 2385.4
1376870 2379.1
1376880 2379.1
1376890 2374.1
1376900 2369.4
1376910 2369.4
1376920 2362.9
1376930 2356.9
1376940 2356.9
1376950 2354.3
1376960 2353.4
1376970 2353.4
1376980 2351.3
1376990 2347.3
1377000 2347.3
1377010 2345.2
1377020 2339.4
1377030 2328.6
1377040 2328.6
1377050 2322.2
1377060 2317.4
1377070 2317.4
1377080 2311.8
1377090 2305.4
1377100 2305.4
1377110 2296.9
1377120 2287.2
1377130 2287.2
1377140 2278.9
1377150 2271.5
1377160 2271.5
1377170 2263.5
1377180 2254.9
1377190 2254.9
1377200 2244.2
1377210 2229.1
1377220 2229.1
1377230 2215.8
1377240 2210.0
1377250 2210.0
1377260 2206.6
1377270 2201.8
1377280 2195.3
1377290 2195.3
1377300 2181.3
1377310 2165.5
1377320 2165.5
1377330 2155.8
1377340 2148.1
1377350 2148.1
1377360 2140.8
1377370 2133.6
1377380 2133.6
1377390 2128.2
1377400 2124.3
1377410 2124.3
1377420 2117.4
1377430 2109.2
1377440 2109.2
1377450 2102.9
1377460 2097.3
1377470 2097.3
1377480 2091.7
1377490 2087.7
1377500 2087.7
1377510 2080.3
1377520 2072.8
1377530 2065.6
1377540 2065.6
1377550 2062.1
1377560 2058.1
1377570 2058.1
1377580 2047.5
1377590 2039.4
1377600 2039.4
1377610 2033.8
1377620 2029.3
1377630 2029.3
1377640 2026.3
1377650 2024.6
1377660 2024.6
1377670 2019.2
1377680 2009.1
1377690 2009.1
1377700 2000.1
1377710 1995.5
1377720 1995.5
1377730 1991.5
1377740 1986.7
1377750 1986.7
1377760 1981.2
1377770 1975.2
1377780 1965.7
1377790 1965.7
1377800 1956.3
1377810 1949.3
1377820 1949.3
1377830 1942.4
1377840 1936.8
1377850 1936.8
1377860 1934.1
1377870 1932.9
1377880 1932.9
1377890 1930.9
1377900 1929.0
1377910 1929.0
1377920 1931.5
1377930 1931.7
1377940 1931.7
1377950 1932.1
1377960 1935.2
1377970 1935.2
1377980 1938.8
1377990 1942.7
1378000 1942.7
1378010 1949.6
1378020 1955.2
1378030 1959.1
1378040 1959.1
1378050 1965.6
1378060 1975.6
1378070 1975.6
1378080 1977.9
1378090 1978.7
1378100 1978.7
1378110 1979.9
1378120 1980.6
1378130 1980.6
1378140 1981.2
1378150 1982.4
1378160 1982.4
1378170 1984.7
1378180 1985.3
1378190 1985.3
1378200 1985.1
1378210 1987.0
1378220 1987.0
1378230 1990.4
1378240 1994.8
1378250 1994.8
1378260 1996.0
1378270 1996.0
1378280 2000.9
1378290 2000.9
1378300 2002.1
1378310 2002.9
1378320 2002.9
1378330 2002.8
1378340 2001.5
1378350 2001.5
1378360 1999.3
1378370 1995.5
1378380 1995.5
1378390 1991.1
1378400 1987.7
1378410 1987.7
1378420 1987.0
1378430 1986.5
1378440 1986.5
1378450 1986.0
1378460 1985.8
1378470 1985.8
1378480 1986.1
1378490 1986.0
1378500 1986.0
1378510 1986.8
1378520 1989.5
1378530 1992.1
1378540 1992.1
1378550 1993.9
1378560 1994.6
1378570 1994.6
1378580 1995.0
1378590 1994.2
1378600 1994.2
1378610 1992.8
1378620 1992.0
1378630 1992.0
1378640 1992.0
1378650 1992.9
1378660 1992.9
1378670 1994.0
1378680 1995.0
1378690 1995.0
1378700 1995.8
1378710 1998.2
1378720 1998.2
1378730 2000.7
1378740 2002.6
1378750 2002.6
1378760 2004.0
1378770 2004.7
1378780 2005.2
1378790 2005.2
1378800 2005.9
1378810 2006.5
1378820 2006.5
1378830 2007.5
1378840 2008.9
1378850 2008.9
1378860 2009.3
1378870 2010.2
1378880 2010.2
1378890 2015.0
1378900 2021.6
1378910 2021.6
1378920 2028.6
1378930 2035.7
1378940 2035.7
1378950 2042.8
1378960 2051.1
1378970 2051.1
1378980 2059.7
1378990 2068.3
1379000 2068.3
1379010 2077.5
1379020 2086.9
1379030 2096.3
1379040 2096.3
1379050 2105.5
1379060 2113.0
1379070 2113.0
1379080 2117.1
1379090 2111.5
1379100 2111.5
1379110 2104.3
1379120 2097.6
1379130 2097.6
1379140 2091.5
1379150 2088.0
1379160 2088.0
1379170 2087.9
1379180 2088.1
1379190 2088.1
1379200 2088.2
1379210 2090.2
1379220 2090.2
1379230 2092.3
1379240 2094.5
1379250 2094.5
1379260 2098.2
1379270 2103.0
1379280 2108.0
1379290 2108.0
1379300 2112.9
1379310 2118.6
1379320 2118.6
1379330 2126.2
1379340 2132.8
1379350 2132.8
1379360 2140.5
1379370 2150.9
1379380 2150.9
1379390 2161.8
1379400 2177.3
1379410 2177.3
1379420 2197.0
1379430 2208.4
1379440 2208.4
1379450 2218.5
1379460 2227.9
1379470 2227.9
1379480 2239.9
1379490 2246.8
1379500 2246.8
1379510 2253.7
1379520 2261.5
1379530 2269.5
1379540 2269.5
1379550 2276.3
1379560 2282.2
1379570 2282.2
1379580 2287.6
1379590 2292.6
1379600 2292.6
1379610 2297.1
1379620 2301.4
1379630 2301.4
1379640 2304.7
1379650 2308.8
1379660 2308.8
1379670 2310.6
1379680 2308.5
1379690 2308.5
1379700 2304.3
1379710 2292.0
1379720 2292.0
1379730 2277.5
1379740 2262.5
1379750 2262.5
1379760 2248.3
1379770 2237.3
1379780 2232.3
1379790 2232.3
1379800 2229.1
1379810 2225.5
1379820 2225.5
1379830 2224.7
1379840 2226.3
1379850 2226.3
1379860 2217.8
1379870 2205.3
1379880 2205.3
1379890 2202.3
1379900 2197.4
1379910 2197.4
1379920 2191.6
1379930 2183.4
1379940 2183.4
1379950 2173.1
1379960 2162.0
1379970 2162.0
1379980 2150.2
1379990 2138.7
