1360000 1424.2
1360010 1430.8
1360020 1430.8
1360030 1435.6
1360040 1439.6
1360050 1439.6
1360060 1442.2
1360070 1445.6
1360080 1445.6
1360090 1448.6
1360100 1452.3
1360110 1452.3
1360120 1456.1
1360130 1460.9
1360140 1460.9
1360150 1465.9
1360160 1471.3
1360170 1477.6
1360180 1477.6
1360190 1483.6
1360200 1488.5
1360210 1488.5
1360220 1493.4
1360230 1500.1
1360240 1500.1
1360250 1505.9
1360260 1508.0
1360270 1508.0
1360280 1508.6
1360290 1508.9
1360300 1508.9
1360310 1509.4
1360320 1509.3
1360330 1509.3
1360340 1509.1
1360350 1509.4
1360360 1509.4
1360370 1510.0
1360380 1510.5
1360390 1510.5
1360400 1511.2
1360410 1511.9
1360420 1512.4
1360430 1512.4
1360440 1513.1
1360450 1512.9
1360460 1512.9
1360470 1512.2
1360480 1511.7
1360490 1511.7
1360500 1511.3
1360510 1510.6
1360520 1510.6
1360530 1513.6
1360540 1512.5
1360550 1512.5
1360560 1511.4
1360570 1510.6
1360580 1510.6
1360590 1510.5
1360600 1511.0
1360610 1511.0
1360620 1511.6
1360630 1512.0
1360640 1512.0
1360650 1512.2
1360660 1512.4
1360670 1512.1
1360680 1512.1
1360690 1512.2
1360700 1512.9
1360710 1512.9
1360720 1513.5
1360730 1513.7
1360740 1513.7
1360750 1513.6
1360760 1513.8
1360770 1513.8
1360780 1513.8
1360790 1514.7
1360800 1514.7
1360810 1516.8
1360820 1517.5
1360830 1517.5
1360840 1517.3
1360850 1516.6
1360860 1516.6
1360870 1515.7
1360880 1515.0
1360890 1515.0
1360900 1514.9
1360910 1514.7
1360920 1513.7
1360930 1513.7
1360940 1513.5
1360950 1512.4
1360960 1512.4
1360970 1511.1
1360980 1508.9
1360990 1508.9
1361000 1505.1
1361010 1504.5
1361020 1504.5
1361030 1505.2
1361040 1506.7
1361050 1506.7
1361060 1504.2
1361070 1497.4
1361080 1497.4
1361090 1490.1
1361100 1483.0
1361110 1483.0
1361120 1475.4
1361130 1468.8
1361140 1468.8
1361150 1463.7
1361160 1458.6
1361170 1454.3
1361180 1454.3
1361190 1448.7
1361200 1441.8
1361210 1441.8
1361220 1435.0
1361230 1428.1
1361240 1428.1
1361250 1423.7
1361260 1421.7
1361270 1421.7
1361280 1419.4
1361290 1416.2
1361300 1416.2
1361310 1413.5
1361320 1410.3
1361330 1410.3
1361340 1407.2
1361350 1403.5
1361360 1403.5
1361370 1400.7
1361380 1397.7
1361390 1397.7
1361400 1395.3
1361410 1394.8
1361420 1394.8
1361430 1393.3
1361440 1392.5
1361450 1392.3
1361460 1392.3
1361470 1391.1
1361480 1388.5
1361490 1388.5
1361500 1385.2
1361510 1382.5
1361520 1382.5
1361530 1382.4
1361540 1381.8
1361550 1381.8
1361560 1384.9
1361570 1382.4
1361580 1382.4
1361590 1381.1
1361600 1381.6
1361610 1381.6
1361620 1382.8
1361630 1385.6
1361640 1385.6
1361650 1389.5
1361660 1392.8
1361670 1392.8
1361680 1394.3
1361690 1394.9
1361700 1395.9
1361710 1395.9
1361720 1394.6
1361730 1393.6
1361740 1393.6
1361750 1390.1
1361760 1388.7
1361770 1388.7
1361780 1387.0
1361790 1385.3
1361800 1385.3
1361810 1383.0
1361820 1379.5
1361830 1379.5
1361840 1374.2
1361850 1369.4
1361860 1369.4
1361870 1365.1
1361880 1359.4
1361890 1359.4
1361900 1353.8
1361910 1348.7
1361920 1348.7
1361930 1344.1
1361940 1339.8
1361950 1336.4
1361960 1336.4
1361970 1332.8
1361980 1328.2
1361990 1328.2
1362000 1323.9
1362010 1319.9
1362020 1319.9
1362030 1315.9
1362040 1309.8
1362050 1309.8
1362060 1301.9
1362070 1295.8
1362080 1295.8
1362090 1290.0
1362100 1284.7
1362110 1284.7
1362120 1280.2
1362130 1276.1
1362140 1276.1
1362150 1270.9
1362160 1266.1
1362170 1266.1
1362180 1260.3
1362190 1254.4
1362200 1248.3
1362210 1248.3
1362220 1241.8
1362230 1236.2
1362240 1236.2
1362250 1230.0
1362260 1223.0
1362270 1223.0
1362280 1216.5
1362290 1209.7
1362300 1209.7
1362310 1202.3
1362320 1195.8
1362330 1195.8
1362340 1189.1
1362350 1183.4
1362360 1183.4
1362370 1177.1
1362380 1171.0
1362390 1171.0
1362400 1164.3
1362410 1157.3
1362420 1157.3
1362430 1152.0
1362440 1146.5
1362450 1140.8
1362460 1140.8
1362470 1134.6
1362480 1129.0
1362490 1129.0
1362500 1123.5
1362510 1117.7
1362520 1117.7
1362530 1112.3
1362540 1106.3
1362550 1106.3
1362560 1099.5
1362570 1091.7
1362580 1091.7
1362590 1084.2
1362600 1078.7
1362610 1078.7
1362620 1073.1
1362630 1067.4
1362640 1067.4
1362650 1061.9
1362660 1056.7
1362670 1056.7
1362680 1052.9
1362690 1049.3
1362700 1045.8
1362710 1045.8
1362720 1041.8
1362730 1037.4
1362740 1037.4
1362750 1031.1
1362760 1023.9
1362770 1023.9
1362780 1017.5
1362790 1010.8
1362800 1010.8
1362810 1004.9
1362820 999.8
1362830 999.8
1362840 994.6
1362850 988.9
1362860 988.9
1362870 982.0
1362880 974.8
1362890 974.8
1362900 969.7
1362910 966.4
1362920 966.4
1362930 963.1
1362940 958.9
1362950 954.6
1362960 954.6
1362970 949.6
1362980 943.7
1362990 943.7
1363000 937.0
1363010 930.7
1363020 930.7
1363030 925.3
1363040 920.0
1363050 920.0
1363060 915.2
1363070 910.7
1363080 910.7
1363090 905.8
1363100 900.8
1363110 900.8
1363120 897.5
1363130 895.3
1363140 895.3
1363150 893.7
1363160 891.9
1363170 891.9
1363180 890.5
1363190 889.2
1363200 888.1
1363210 888.1
1363220 887.2
1363230 885.6
1363240 885.6
1363250 884.6
1363260 882.2
1363270 882.2
1363280 882.9
1363290 884.7
1363300 884.7
1363310 884.5
1363320 884.5
1363330 884.5
1363340 884.6
1363350 884.6
1363360 884.6
1363370 884.3
1363380 883.4
1363390 883.4
1363400 884.0
1363410 884.1
1363420 884.1
1363430 884.0
1363440 883.6
1363450 883.6
1363460 883.6
1363470 883.4
1363480 882.9
1363490 882.9
1363500 882.7
1363510 883.3
1363520 883.3
1363530 883.7
1363540 883.6
1363550 883.6
1363560 883.5
1363570 883.0
1363580 883.0
1363590 882.6
1363600 882.2
1363610 882.2
1363620 882.0
1363630 881.7
1363640 882.1
1363650 881.4
1363660 880.8
1363670 880.8
1363680 880.5
1363690 880.2
1363700 879.7
1363710 879.7
1363720 879.1
1363730 878.7
1363740 878.7
1363750 878.7
1363760 879.1
1363770 879.1
1363780 879.2
1363790 878.9
1363800 878.9
1363810 878.5
1363820 877.9
1363830 877.9
1363840 877.5
1363850 877.4
1363860 877.4
1363870 877.3
1363880 877.3
1363890 877.3
1363900 877.1
1363910 876.3
1363920 876.3
1363930 875.5
1363940 875.1
1363950 874.8
1363960 874.8
1363970 874.5
1363980 874.2
1363990 874.2
1364000 873.4
1364010 873.0
1364020 873.0
1364030 872.8
1364040 872.4
1364050 872.4
1364060 872.3
1364070 872.3
1364080 872.3
1364090 874.0
1364100 878.1
1364110 878.1
1364120 882.7
1364130 887.6
1364140 887.6
1364150 892.5
1364160 894.1
1364170 894.1
1364180 894.1
1364190 895.3
1364200 896.2
1364210 896.2
1364220 897.6
1364230 899.8
1364240 899.8
1364250 900.2
1364260 901.3
1364270 901.3
1364280 903.0
1364290 904.3
1364300 904.3
1364310 906.0
1364320 911.1
1364330 911.1
1364340 915.1
1364350 918.1
1364360 918.1
1364370 917.0
1364380 920.0
1364390 920.0
1364400 926.9
1364410 931.6
1364420 931.6
1364430 933.0
1364440 938.0
1364450 945.4
1364460 945.4
1364470 950.0
1364480 953.4
1364490 953.4
1364500 957.5
1364510 962.5
1364520 962.5
1364530 967.6
1364540 971.9
1364550 971.9
1364560 975.7
1364570 977.3
1364580 977.3
1364590 977.2
1364600 976.7
1364610 976.7
1364620 976.5
1364630 977.4
1364640 977.4
1364650 979.0
1364660 980.7
1364670 980.7
1364680 980.2
1364690 979.2
1364700 986.2
1364710 986.2
1364720 986.2
1364730 986.0
1364740 986.0
1364750 986.2
1364760 986.7
1364770 986.7
1364780 986.8
1364790 986.6
1364800 986.6
1364810 987.0
1364820 988.3
1364830 988.3
1364840 987.8
1364850 986.2
1364860 986.2
1364870 984.2
1364880 982.5
1364890 982.5
1364900 981.4
1364910 979.9
1364920 979.9
1364930 975.4
1364940 969.1
1364950 967.1
1364960 967.1
1364970 967.2
1364980 964.2
1364990 964.2
1365000 961.9
1365010 959.3
1365020 959.3
1365030 957.2
1365040 953.9
1365050 953.9
1365060 951.1
1365070 948.4
1365080 948.4
1365090 946.4
1365100 944.5
1365110 944.5
1365120 943.1
1365130 943.9
1365140 943.9
1365150 949.4
1365160 960.6
1365170 960.6
1365180 965.3
1365190 967.7
1365200 969.2
1365210 969.2
1365220 970.5
1365230 971.4
1365240 971.4
1365250 971.7
1365260 973.7
1365270 973.7
1365280 976.5
1365290 979.3
1365300 979.3
1365310 981.4
1365320 980.6
1365330 980.6
1365340 967.5
1365350 953.5
1365360 953.5
1365370 949.3
1365380 975.0
1365390 975.0
1365400 992.7
1365410 998.0
1365420 998.0
1365430 1002.2
1365440 1005.0
1365450 1006.6
1365460 1006.6
1365470 1009.0
1365480 1012.0
1365490 1012.0
1365500 1014.4
1365510 1016.9
1365520 1016.9
1365530 1020.0
1365540 1020.6
1365550 1020.6
1365560 1021.5
1365570 1023.0
1365580 1023.0
1365590 1024.7
1365600 1026.1
1365610 1026.1
1365620 1026.7
1365630 1028.0
1365640 1028.0
1365650 1030.9
1365660 1032.9
1365670 1032.9
1365680 1033.1
1365690 1032.3
1365700 1032.2
1365710 1032.2
1365720 1032.0
1365730 1032.4
1365740 1032.4
1365750 1033.3
1365760 1034.4
1365770 1032.6
1365780 1033.9
1365790 1035.4
1365800 1035.4
1365810 1037.9
1365820 1040.5
1365830 1040.5
1365840 1044.1
1365850 1048.2
1365860 1048.2
1365870 1053.2
1365880 1058.4
1365890 1058.4
1365900 1063.7
1365910 1069.0
1365920 1069.0
1365930 1074.8
1365940 1080.7
1365950 1085.9
1365960 1085.9
1365970 1090.8
1365980 1097.2
1365990 1097.2
1366000 1103.4
1366010 1108.8
1366020 1108.8
1366030 1115.0
1366040 1120.1
1366050 1120.1
1366060 1125.0
1366070 1130.9
1366080 1130.9
1366090 1136.5
1366100 1142.0
1366110 1142.0
1366120 1147.9
1366130 1154.8
1366140 1154.8
1366150 1162.1
1366160 1169.9
1366170 1169.9
1366180 1177.6
1366190 1185.2
1366200 1193.0
1366210 1193.0
1366220 1200.9
1366230 1207.8
1366240 1207.8
1366250 1214.2
1366260 1221.9
1366270 1221.9
1366280 1229.4
1366290 1241.2
1366300 1241.2
1366310 1258.7
1366320 1284.3
1366330 1284.3
1366340 1298.7
1366350 1303.5
1366360 1303.5
1366370 1301.2
1366380 1303.5
1366390 1303.5
1366400 1307.3
1366410 1312.1
1366420 1312.1
1366430 1317.4
1366440 1324.2
1366450 1331.6
1366460 1331.6
1366470 1339.6
1366480 1347.3
1366490 1347.3
1366500 1357.9
1366510 1380.4
1366520 1380.4
1366530 1395.3
1366540 1407.4
1366550 1407.4
1366560 1418.5
1366570 1433.2
1366580 1433.2
1366590 1454.7
1366600 1463.7
1366610 1463.7
1366620 1462.3
1366630 1464.3
1366640 1464.3
1366650 1467.2
1366660 1474.9
1366670 1474.9
1366680 1496.1
1366690 1527.7
1366700 1552.5
1366710 1552.5
1366720 1560.1
1366730 1564.6
1366740 1564.6
1366750 1568.2
1366760 1571.9
1366770 1571.9
1366780 1575.8
1366790 1580.6
1366800 1580.6
1366810 1585.9
1366820 1589.9
1366830 1589.9
1366840 1598.6
1366850 1603.4
1366860 1603.4
1366870 1609.5
1366880 1615.6
1366890 1615.6
1366900 1622.7
1366910 1627.8
1366920 1627.8
1366930 1631.9
1366940 1636.4
1366950 1641.2
1366960 1641.2
1366970 1647.5
1366980 1653.4
1366990 1653.4
1367000 1657.6
1367010 1660.6
1367020 1660.6
1367030 1662.2
1367040 1663.7
1367050 1663.7
1367060 1663.7
1367070 1663.6
1367080 1663.6
1367090 1665.7
1367100 1667.8
1367110 1667.8
1367120 1669.6
1367130 1672.5
1367140 1672.5
1367150 1675.6
1367160 1678.6
1367170 1678.6
1367180 1681.9
1367190 1684.4
1367200 1688.2
1367210 1688.2
1367220 1691.5
1367230 1697.0
1367240 1697.0
1367250 1698.7
1367260 1698.8
1367270 1698.8
1367280 1697.3
1367290 1695.4
1367300 1695.4
1367310 1694.5
1367320 1693.4
1367330 1693.4
1367340 1692.2
1367350 1690.2
1367360 1690.2
1367370 1688.4
1367380 1686.0
1367390 1686.0
1367400 1682.6
1367410 1680.9
1367420 1680.9
1367430 1679.9
1367440 1679.5
1367450 1681.4
1367460 1681.4
1367470 1682.5
1367480 1681.7
1367490 1681.7
1367500 1678.8
1367510 1676.4
1367520 1676.4
1367530 1674.7
1367540 1672.0
1367550 1672.0
1367560 1670.4
1367570 1669.1
1367580 1669.1
1367590 1667.2
1367600 1665.3
1367610 1665.3
1367620 1665.5
1367630 1666.4
1367640 1666.4
1367650 1664.2
1367660 1662.3
1367670 1662.3
1367680 1661.1
1367690 1659.9
1367700 1659.0
1367710 1659.0
1367720 1658.5
1367730 1657.3
1367740 1657.3
1367750 1654.2
1367760 1651.3
1367770 1651.3
1367780 1649.5
1367790 1648.3
1367800 1648.3
1367810 1646.3
1367820 1643.3
1367830 1643.3
1367840 1640.0
1367850 1637.7
1367860 1637.7
1367870 1635.4
1367880 1634.8
1367890 1634.8
1367900 1633.9
1367910 1630.6
1367920 1630.6
1367930 1629.5
1367940 1626.6
1367950 1624.1
1367960 1624.1
1367970 1622.8
1367980 1621.3
1367990 1621.3
1368000 1621.8
1368010 1622.1
1368020 1622.1
1368030 1620.2
1368040 1617.8
1368050 1617.8
1368060 1615.7
1368070 1613.1
1368080 1613.1
1368090 1610.6
1368100 1608.3
1368110 1608.3
1368120 1606.9
1368130 1605.9
1368140 1605.9
1368150 1603.6
1368160 1601.3
1368170 1601.3
1368180 1598.5
1368190 1596.7
1368200 1595.4
1368210 1595.4
1368220 1592.3
1368230 1587.5
1368240 1587.5
1368250 1583.3
1368260 1578.8
1368270 1578.8
1368280 1573.0
1368290 1568.9
1368300 1568.9
1368310 1567.6
1368320 1567.1
1368330 1567.1
1368340 1566.4
1368350 1564.2
1368360 1564.2
1368370 1561.3
1368380 1558.3
1368390 1558.3
1368400 1555.9
1368410 1554.5
1368420 1554.5
1368430 1554.9
1368440 1555.6
1368450 1554.1
1368460 1554.1
1368470 1550.3
1368480 1554.3
1368490 1554.3
1368500 1555.2
1368510 1553.7
1368520 1553.7
1368530 1553.4
1368540 1552.0
1368550 1552.0
1368560 1547.5
1368570 1543.3
1368580 1543.3
1368590 1541.9
1368600 1539.6
1368610 1539.6
1368620 1533.7
1368630 1529.0
1368640 1529.0
1368650 1529.3
1368660 1534.3
1368670 1534.3
1368680 1537.6
1368690 1541.2
1368700 1546.0
1368710 1546.0
1368720 1546.9
1368730 1546.9
1368740 1546.9
1368750 1547.2
1368760 1546.3
1368770 1546.3
1368780 1547.1
1368790 1548.8
1368800 1548.8
1368810 1550.2
1368820 1550.3
1368830 1550.3
1368840 1550.5
1368850 1553.4
1368860 1553.4
1368870 1556.3
1368880 1556.0
1368890 1556.0
1368900 1555.9
1368910 1555.9
1368920 1555.9
1368930 1557.5
1368940 1558.8
1368950 1556.3
1368960 1556.3
1368970 1551.9
1368980 1546.6
1368990 1546.6
1369000 1544.7
1369010 1545.8
1369020 1548.8
1369030 1543.0
1369040 1539.9
1369050 1539.9
1369060 1541.3
1369070 1546.0
1369080 1546.0
1369090 1546.7
1369100 1545.3
1369110 1545.3
1369120 1543.3
1369130 1540.8
1369140 1540.8
1369150 1538.0
1369160 1534.8
1369170 1534.8
1369180 1529.8
1369190 1525.8
1369200 1526.0
1369210 1526.0
1369220 1527.9
1369230 1533.1
1369240 1533.1
1369250 1539.2
1369260 1538.3
1369270 1538.3
1369280 1533.9
1369290 1528.0
1369300 1528.0
1369310 1527.3
1369320 1527.5
1369330 1527.5
1369340 1523.6
1369350 1522.3
1369360 1522.3
1369370 1521.1
1369380 1518.2
1369390 1518.2
1369400 1523.5
1369410 1528.3
1369420 1528.3
1369430 1528.6
1369440 1529.7
1369450 1531.1
1369460 1531.1
1369470 1534.1
1369480 1536.1
1369490 1536.1
1369500 1537.2
1369510 1537.4
1369520 1537.4
1369530 1537.3
1369540 1537.6
1369550 1537.6
1369560 1538.1
1369570 1538.6
1369580 1538.6
1369590 1539.4
1369600 1539.7
1369610 1539.7
1369620 1539.3
1369630 1538.7
1369640 1538.7
1369650 1536.1
1369660 1530.0
1369670 1530.0
1369680 1522.9
1369690 1519.0
1369700 1518.0
1369710 1518.0
1369720 1516.4
1369730 1512.9
1369740 1512.9
1369750 1508.0
1369760 1504.0
1369770 1504.0
1369780 1507.0
1369790 1512.6
1369800 1512.6
1369810 1514.6
1369820 1514.7
1369830 1514.7
1369840 1514.6
1369850 1515.8
1369860 1515.8
1369870 1518.4
1369880 1522.5
1369890 1522.5
1369900 1520.8
1369910 1514.6
1369920 1514.6
1369930 1511.2
1369940 1514.1
1369950 1516.1
1369960 1516.1
1369970 1518.1
1369980 1520.9
1369990 1520.9
1370000 1523.5
1370010 1526.9
1370020 1526.9
1370030 1529.7
1370040 1533.3
1370050 1533.3
1370060 1537.0
1370070 1538.8
1370080 1538.8
1370090 1539.3
1370100 1542.3
1370110 1542.3
1370120 1545.6
1370130 1555.1
1370140 1555.1
1370150 1557.0
1370160 1556.5
1370170 1556.5
1370180 1556.1
1370190 1557.4
1370200 1560.4
1370210 1560.4
1370220 1567.3
1370230 1575.7
1370240 1575.7
1370250 1583.4
1370260 1591.2
1370270 1591.2
1370280 1598.8
1370290 1603.8
1370300 1603.8
1370310 1608.6
1370320 1613.3
1370330 1613.3
1370340 1616.8
1370350 1618.3
1370360 1618.3
1370370 1618.9
1370380 1618.5
1370390 1618.5
1370400 1619.4
1370410 1620.9
1370420 1620.9
1370430 1622.0
1370440 1624.6
1370450 1627.1
1370460 1627.1
1370470 1629.9
1370480 1632.3
1370490 1632.3
1370500 1633.1
1370510 1633.1
1370520 1633.1
1370530 1634.4
1370540 1627.4
1370550 1627.4
1370560 1616.7
1370570 1607.7
1370580 1607.7
1370590 1601.0
1370600 1594.8
1370610 1594.8
1370620 1590.0
1370630 1587.2
1370640 1587.2
1370650 1586.7
1370660 1586.6
1370670 1586.6
1370680 1585.4
1370690 1585.7
1370700 1586.6
1370710 1586.6
1370720 1587.5
1370730 1587.4
1370740 1587.4
1370750 1589.6
1370760 1589.3
1370770 1589.3
1370780 1590.0
1370790 1591.7
1370800 1591.7
1370810 1592.0
1370820 1591.0
1370830 1591.0
1370840 1589.8
1370850 1588.7
1370860 1588.7
1370870 1587.3
1370880 1584.7
1370890 1584.7
1370900 1581.7
1370910 1581.0
1370920 1581.0
1370930 1582.2
1370940 1582.6
1370950 1578.4
1370960 1578.4
1370970 1580.1
1370980 1581.5
1370990 1581.5
1371000 1578.2
1371010 1581.0
1371020 1581.0
1371030 1591.3
1371040 1600.7
1371050 1600.7
1371060 1607.5
1371070 1602.0
1371080 1602.0
1371090 1593.8
1371100 1584.2
1371110 1584.2
1371120 1574.3
1371130 1569.6
1371140 1569.6
1371150 1567.5
1371160 1566.0
1371170 1566.0
1371180 1563.7
1371190 1559.9
1371200 1555.3
1371210 1555.3
1371220 1550.3
1371230 1545.2
1371240 1547.6
1371250 1543.5
1371260 1539.1
1371270 1539.1
1371280 1535.8
1371290 1531.9
1371300 1531.9
1371310 1527.7
1371320 1522.2
1371330 1522.2
1371340 1516.9
1371350 1512.3
1371360 1512.3
1371370 1508.2
1371380 1504.5
1371390 1504.5
1371400 1500.3
1371410 1495.9
1371420 1495.9
1371430 1491.8
1371440 1486.6
1371450 1481.2
1371460 1481.2
1371470 1476.1
1371480 1470.9
1371490 1470.9
1371500 1467.5
1371510 1466.5
1371520 1466.5
1371530 1465.3
1371540 1464.2
1371550 1464.2
1371560 1462.5
1371570 1460.4
1371580 1460.4
1371590 1458.9
1371600 1458.1
1371610 1458.1
1371620 1458.4
1371630 1460.5
1371640 1460.5
1371650 1462.4
1371660 1469.2
1371670 1469.2
1371680 1472.4
1371690 1471.9
1371700 1471.0
1371710 1471.0
1371720 1469.9
1371730 1468.6
1371740 1468.6
1371750 1467.0
1371760 1465.2
1371770 1465.2
1371780 1463.2
1371790 1461.6
1371800 1461.6
1371810 1460.1
1371820 1458.1
1371830 1458.1
1371840 1454.6
1371850 1446.4
1371860 1446.4
1371870 1437.8
1371880 1429.3
1371890 1429.3
1371900 1421.2
1371910 1412.9
1371920 1412.9
1371930 1403.5
1371940 1396.2
1371950 1390.5
1371960 1390.5
1371970 1390.7
1371980 1390.4
1371990 1390.4
1372000 1384.6
1372010 1349.7
1372020 1349.7
1372030 1327.7
1372040 1317.0
1372050 1317.0
1372060 1308.6
1372070 1301.6
1372080 1301.6
1372090 1296.8
1372100 1292.7
1372110 1292.7
1372120 1290.0
1372130 1287.3
1372140 1287.3
1372150 1285.0
1372160 1287.7
1372170 1287.7
1372180 1291.2
1372190 1282.5
1372200 1279.5
1372210 1279.5
1372220 1282.8
1372230 1288.9
1372240 1288.9
1372250 1303.4
1372260 1318.5
1372270 1318.5
1372280 1332.7
1372290 1336.3
1372300 1336.3
1372310 1331.4
1372320 1324.2
1372330 1324.2
1372340 1316.4
1372350 1307.7
1372360 1307.7
1372370 1272.0
1372380 1256.5
1372390 1256.5
1372400 1231.2
1372410 1203.8
1372420 1203.8
1372430 1196.1
1372440 1194.3
1372450 1202.1
1372460 1202.1
1372470 1201.2
1372480 1202.8
1372490 1202.8
1372500 1207.2
1372510 1208.1
1372520 1208.1
1372530 1189.8
1372540 1150.8
1372550 1150.8
1372560 1144.2
1372570 1138.3
1372580 1138.3
1372590 1129.8
1372600 1122.8
1372610 1122.8
1372620 1117.8
1372630 1116.8
1372640 1116.8
1372650 1115.2
1372660 1111.0
1372670 1111.0
1372680 1106.5
1372690 1096.3
1372700 1086.9
1372710 1086.9
1372720 1078.2
1372730 1066.9
1372740 1066.9
1372750 1058.5
1372760 1056.6
1372770 1056.6
1372780 1054.0
1372790 1051.9
1372800 1051.9
1372810 1049.7
1372820 1047.3
1372830 1047.3
1372840 1045.7
1372850 1042.4
1372860 1042.4
1372870 1039.3
1372880 1036.1
1372890 1036.1
1372900 1033.1
1372910 1028.0
1372920 1028.0
1372930 1025.5
1372940 1028.5
1372950 1034.5
1372960 1034.5
1372970 1040.8
1372980 1047.6
1372990 1047.6
1373000 1054.7
1373010 1062.8
1373020 1062.8
1373030 1071.0
1373040 1078.7
1373050 1078.7
1373060 1087.4
1373070 1098.2
1373080 1098.2
1373090 1107.9
1373100 1126.9
1373110 1126.9
1373120 1141.6
1373130 1147.5
1373140 1147.5
1373150 1157.5
1373160 1163.3
1373170 1163.3
1373180 1171.9
1373190 1183.2
1373200 1195.2
1373210 1195.2
1373220 1206.6
1373230 1216.2
1373240 1216.2
1373250 1226.3
1373260 1237.7
1373270 1237.7
1373280 1249.3
1373290 1260.6
1373300 1260.6
1373310 1271.3
1373320 1281.3
1373330 1281.3
1373340 1295.6
1373350 1305.9
1373360 1305.9
1373370 1319.8
1373380 1339.5
1373390 1339.5
1373400 1369.3
1373410 1383.6
1373420 1383.6
1373430 1389.5
1373440 1394.0
1373450 1399.7
1373460 1399.7
1373470 1418.7
1373480 1428.6
1373490 1428.6
1373500 1437.7
1373510 1445.2
1373520 1445.2
1373530 1455.1
1373540 1465.1
1373550 1465.1
1373560 1475.7
1373570 1485.9
1373580 1485.9
1373590 1495.7
1373600 1507.6
1373610 1507.6
1373620 1519.2
1373630 1531.0
1373640 1531.0
1373650 1542.0
1373660 1553.3
1373670 1553.3
1373680 1566.0
1373690 1578.8
1373700 1588.2
1373710 1588.2
1373720 1594.0
1373730 1599.9
1373740 1599.9
1373750 1605.9
1373760 1612.5
1373770 1612.5
1373780 1619.8
1373790 1627.6
1373800 1627.6
1373810 1636.6
1373820 1645.0
1373830 1645.0
1373840 1656.8
1373850 1668.8
1373860 1668.8
1373870 1674.9
1373880 1681.6
1373890 1681.6
1373900 1689.5
1373910 1699.3
1373920 1699.3
1373930 1710.2
1373940 1716.3
1373950 1715.2
1373960 1715.2
1373970 1712.4
1373980 1711.3
1373990 1711.3
1374000 1710.3
1374010 1713.1
1374020 1713.1
1374030 1722.6
1374040 1731.9
1374050 1731.9
1374060 1740.4
1374070 1749.1
1374080 1749.1
1374090 1758.0
1374100 1765.1
1374110 1765.1
1374120 1771.3
1374130 1778.5
1374140 1778.5
1374150 1786.5
1374160 1796.0
1374170 1796.0
1374180 1806.6
1374190 1815.5
1374200 1823.4
1374210 1823.4
1374220 1831.6
1374230 1839.8
1374240 1839.8
1374250 1850.6
1374260 1862.1
1374270 1862.1
1374280 1872.7
1374290 1882.8
1374300 1882.8
1374310 1897.5
1374320 1911.1
1374330 1911.1
1374340 1918.0
1374350 1919.9
1374360 1919.9
1374370 1919.8
1374380 1919.8
1374390 1919.8
1374400 1919.8
1374410 1921.1
1374420 1921.1
1374430 1922.1
1374440 1923.4
1374450 1923.6
1374460 1923.6
1374470 1921.4
1374480 1919.2
1374490 1919.2
1374500 1918.1
1374510 1917.0
1374520 1917.0
1374530 1917.7
1374540 1919.4
1374550 1919.4
1374560 1919.3
1374570 1915.2
1374580 1915.2
1374590 1906.9
1374600 1906.8
1374610 1906.8
1374620 1912.2
1374630 1913.4
1374640 1913.4
1374650 1912.6
1374660 1901.9
1374670 1901.9
1374680 1905.0
1374690 1905.5
1374700 1905.2
1374710 1905.2
1374720 1903.8
1374730 1905.1
1374740 1905.1
1374750 1912.7
1374760 1924.0
1374770 1924.0
1374780 1934.8
1374790 1944.3
1374800 1944.3
1374810 1954.3
1374820 1964.6
1374830 1964.6
1374840 1974.1
1374850 1980.0
1374860 1980.0
1374870 1983.7
1374880 1985.2
1374890 1985.2
1374900 1988.0
1374910 1991.9
1374920 1991.9
1374930 1995.4
1374940 1995.6
1374950 1995.5
1374960 1995.5
1374970 1997.5
1374980 1999.7
1374990 1999.7
1375000 2000.4
1375010 1997.9
1375020 1997.9
1375030 1997.5
1375040 2001.0
1375050 2001.0
1375060 2010.8
1375070 2018.8
1375080 2018.8
1375090 2023.9
1375100 2030.8
1375110 2030.8
1375120 2038.0
1375130 2045.7
1375140 2045.7
1375150 2053.9
1375160 2062.0
1375170 2062.0
1375180 2070.4
1375190 2077.7
1375200 2084.7
1375210 2084.7
1375220 2092.3
1375230 2101.0
1375240 2101.0
1375250 2109.3
1375260 2117.9
1375270 2117.9
1375280 2126.1
1375290 2134.5
1375300 2134.5
1375310 2142.2
1375320 2150.3
1375330 2150.3
1375340 2159.3
1375350 2169.1
1375360 2169.1
1375370 2179.2
1375380 2189.9
1375390 2189.9
1375400 2197.6
1375410 2200.1
1375420 2200.1
1375430 2207.3
1375440 2217.2
1375450 2227.7
1375460 2227.7
1375470 2238.9
1375480 2248.7
1375490 2248.7
1375500 2258.5
1375510 2261.5
1375520 2261.5
1375530 2249.6
1375540 2235.4
1375550 2235.4
1375560 2225.7
1375570 2221.7
1375580 2221.7
1375590 2219.0
1375600 2215.2
1375610 2215.2
1375620 2211.0
1375630 2207.5
1375640 2207.5
1375650 2205.2
1375660 2197.8
1375670 2197.8
1375680 2184.8
1375690 2181.3
1375700 2178.6
1375710 2178.6
1375720 2176.9
1375730 2176.6
1375740 2176.6
1375750 2176.1
1375760 2174.9
1375770 2174.9
1375780 2174.8
1375790 2175.2
1375800 2175.2
1375810 2177.0
1375820 2175.2
1375830 2175.0
1375840 2173.0
1375850 2170.7
1375860 2170.7
1375870 2168.7
1375880 2168.2
1375890 2168.2
1375900 2168.4
1375910 2169.4
1375920 2169.4
1375930 2170.9
1375940 2171.7
1375950 2170.8
1375960 2170.8
1375970 2169.1
1375980 2167.0
1375990 2167.0
1376000 2166.4
1376010 2166.9
1376020 2166.9
1376030 2165.7
1376040 2164.4
1376050 2164.4
1376060 2163.8
1376070 2162.8
1376080 2162.8
1376090 2162.9
1376100 2165.4
1376110 2165.4
1376120 2166.9
1376130 2167.4
1376140 2167.4
1376150 2166.4
1376160 2165.2
1376170 2165.2
1376180 2165.5
1376190 2166.2
1376200 2166.8
1376210 2166.8
1376220 2167.0
1376230 2170.7
1376240 2170.7
1376250 2173.8
1376260 2176.4
1376270 2176.4
1376280 2177.7
1376290 2178.3
1376300 2178.3
1376310 2180.0
1376320 2184.9
1376330 2184.9
1376340 2189.2
1376350 2190.7
1376360 2190.7
1376370 2191.9
1376380 2191.8
1376390 2191.8
1376400 2192.6
1376410 2193.8
1376420 2193.8
1376430 2197.0
1376440 2203.2
1376450 2204.5
1376460 2204.5
1376470 2202.3
1376480 2202.1
1376490 2202.1
1376500 2204.8
1376510 2207.1
1376520 2207.1
1376530 2210.3
1376540 2217.1
1376550 2217.1
1376560 2223.3
1376570 2231.1
1376580 2231.1
1376590 2240.7
1376600 2251.7
1376610 2251.7
1376620 2262.4
1376630 2272.0
1376640 2272.0
1376650 2280.2
1376660 2289.6
1376670 2289.6
1376680 2296.6
1376690 2301.7
1376700 2305.6
1376710 2305.6
1376720 2308.2
1376730 2306.7
1376740 2306.7
1376750 2300.7
1376760 2292.7
1376770 2292.7
1376780 2285.2
1376790 2278.7
1376800 2278.7
1376810 2271.6
1376820 2264.5
1376830 2264.5
1376840 2259.0
1376850 2254.8
1376860 2254.8
1376870 2250.7
1376880 2245.6
1376890 2245.6
1376900 2240.5
1376910 2234.8
1376920 2234.8
1376930 2228.9
1376940 2223.0
1376950 2217.6
1376960 2217.6
1376970 2214.2
1376980 2211.0
1376990 2211.0
1377000 2203.8
1377010 2200.5
1377020 2200.5
1377030 2198.3
1377040 2196.7
1377050 2196.7
1377060 2194.9
1377070 2192.6
1377080 2192.6
1377090 2190.2
1377100 2187.1
1377110 2187.1
1377120 2185.1
1377130 2183.7
1377140 2183.7
1377150 2183.9
1377160 2184.6
1377170 2184.6
1377180 2184.8
1377190 2183.1
1377200 2181.0
1377210 2181.0
1377220 2179.9
1377230 2178.8
1377240 2178.8
1377250 2177.7
1377260 2177.1
1377270 2177.1
1377280 2177.4
1377290 2177.4
1377300 2177.4
1377310 2176.5
1377320 2176.8
1377330 2176.8
1377340 2179.1
1377350 2180.6
1377360 2180.6
1377370 2180.4
1377380 2178.6
1377390 2178.6
1377400 2175.4
1377410 2170.4
1377420 2170.4
1377430 2167.2
1377440 2162.4
1377450 2156.8
1377460 2156.8
1377470 2151.7
1377480 2145.6
1377490 2145.6
1377500 2139.9
1377510 2134.0
1377520 2134.0
1377530 2128.1
1377540 2122.2
1377550 2122.2
1377560 2116.6
1377570 2109.7
1377580 2109.7
1377590 2102.0
1377600 2095.5
1377610 2095.5
1377620 2087.9
1377630 2081.8
1377640 2081.8
1377650 2075.8
1377660 2069.2
1377670 2069.2
1377680 2063.4
1377690 2058.2
1377700 2052.7
1377710 2052.7
1377720 2046.9
1377730 2041.0
1377740 2041.0
1377750 2035.4
1377760 2030.7
1377770 2030.7
1377780 2026.8
1377790 2023.8
1377800 2023.8
1377810 2021.5
1377820 2019.0
1377830 2019.0
1377840 2013.5
1377850 2001.4
1377860 2001.4
1377870 1990.8
1377880 1982.0
1377890 1982.0
1377900 1973.9
1377910 1966.3
1377920 1966.3
1377930 1960.1
1377940 1955.0
1377950 1950.1
1377960 1950.1
1377970 1945.7
1377980 1941.5
1377990 1941.5
1378000 1937.1
1378010 1932.3
1378020 1932.3
1378030 1927.2
1378040 1922.4
1378050 1922.4
1378060 1917.4
1378070 1912.6
1378080 1912.6
1378090 1907.8
1378100 1902.7
1378110 1902.7
1378120 1897.3
1378130 1891.5
1378140 1891.5
1378150 1886.1
1378160 1881.0
1378170 1881.0
1378180 1875.6
1378190 1868.7
1378200 1861.6
1378210 1861.6
1378220 1853.7
1378230 1846.5
1378240 1846.5
1378250 1839.7
1378260 1833.0
1378270 1833.0
1378280 1825.8
1378290 1818.1
1378300 1818.1
1378310 1810.3
1378320 1798.4
1378330 1798.4
1378340 1780.8
1378350 1767.2
1378360 1767.2
1378370 1759.7
1378380 1752.9
1378390 1752.9
1378400 1745.1
1378410 1738.9
1378420 1738.9
1378430 1735.6
1378440 1723.2
1378450 1713.3
1378460 1713.3
1378470 1704.6
1378480 1696.9
1378490 1696.9
1378500 1689.8
1378510 1684.3
1378520 1684.3
1378530 1679.2
1378540 1674.4
1378550 1674.4
1378560 1669.5
1378570 1664.7
1378580 1664.7
1378590 1660.3
1378600 1655.0
1378610 1655.0
1378620 1650.3
1378630 1645.6
1378640 1645.6
1378650 1641.0
1378660 1636.1
1378670 1636.1
1378680 1631.9
1378690 1627.6
1378700 1623.6
1378710 1623.6
1378720 1619.9
1378730 1615.2
1378740 1615.2
1378750 1610.2
1378760 1605.8
1378770 1605.8
1378780 1601.2
1378790 1596.7
1378800 1596.7
1378810 1592.8
1378820 1588.8
1378830 1588.8
1378840 1584.8
1378850 1580.6
1378860 1580.6
1378870 1576.3
1378880 1572.8
1378890 1572.8
1378900 1569.1
1378910 1564.9
1378920 1564.9
1378930 1560.7
1378940 1557.3
1378950 1554.4
1378960 1554.4
1378970 1551.4
1378980 1549.4
1378990 1549.4
1379000 1548.1
1379010 1546.5
1379020 1546.5
1379030 1542.2
1379040 1531.9
1379050 1531.9
1379060 1522.5
1379070 1518.8
1379080 1518.8
1379090 1516.9
1379100 1515.2
1379110 1515.2
1379120 1514.5
1379130 1513.4
1379140 1513.4
1379150 1513.4
1379160 1513.6
1379170 1513.6
1379180 1514.2
1379190 1514.0
1379200 1514.2
1379210 1514.2
1379220 1516.7
1379230 1519.4
1379240 1519.4
1379250 1520.4
1379260 1525.4
1379270 1525.4
1379280 1534.1
1379290 1540.4
1379300 1540.4
1379310 1543.1
1379320 1546.5
1379330 1546.5
1379340 1551.0
1379350 1552.9
1379360 1552.9
1379370 1556.8
1379380 1561.6
1379390 1561.6
1379400 1571.5
1379410 1576.7
1379420 1576.7
1379430 1582.7
1379440 1589.7
1379450 1596.3
1379460 1596.3
1379470 1601.8
1379480 1606.9
1379490 1606.9
1379500 1612.1
1379510 1616.6
1379520 1616.6
1379530 1620.0
1379540 1623.9
1379550 1623.9
1379560 1630.3
1379570 1636.7
1379580 1636.7
1379590 1640.5
1379600 1641.7
1379610 1641.7
1379620 1642.8
1379630 1643.3
1379640 1643.3
1379650 1643.7
1379660 1645.1
1379670 1645.1
1379680 1647.2
1379690 1650.3
1379700 1654.1
1379710 1654.1
1379720 1657.6
1379730 1662.1
1379740 1662.1
1379750 1664.6
1379760 1665.6
1379770 1665.6
1379780 1667.7
1379790 1671.3
1379800 1671.3
1379810 1675.0
1379820 1678.4
1379830 1678.4
1379840 1681.4
1379850 1684.9
1379860 1684.9
1379870 1688.9
1379880 1693.8
1379890 1693.8
1379900 1699.2
1379910 1704.4
1379920 1704.4
1379930 1709.7
1379940 1716.1
1379950 1722.9
1379960 1722.9
1379970 1729.2
1379980 1735.1
1379990 1735.1
