1360000 1419.4
1360010 1419.4
1360020 1429.0
1360030 1439.6
1360040 1439.6
1360050 1448.2
1360060 1456.1
1360070 1456.1
1360080 1463.1
1360090 1468.9
1360100 1473.6
1360110 1473.6
1360120 1477.0
1360130 1480.8
1360140 1480.8
1360150 1485.6
1360160 1490.3
1360170 1490.3
1360180 1495.7
1360190 1501.8
1360200 1501.8
1360210 1507.6
1360220 1512.3
1360230 1512.3
1360240 1516.1
1360250 1518.0
1360260 1518.0
1360270 1519.7
1360280 1522.1
1360290 1520.5
1360300 1523.4
1360310 1527.9
1360320 1527.9
1360330 1532.6
1360340 1536.7
1360350 1542.5
1360360 1542.5
1360370 1547.0
1360380 1547.8
1360390 1547.8
1360400 1548.8
1360410 1549.6
1360420 1549.6
1360430 1548.8
1360440 1548.0
1360450 1548.0
1360460 1547.2
1360470 1546.8
1360480 1546.8
1360490 1546.5
1360500 1546.3
1360510 1546.3
1360520 1545.6
1360530 1545.7
1360540 1545.7
1360550 1546.0
1360560 1546.3
1360570 1546.3
1360580 1546.7
1360590 1546.1
1360600 1546.0
1360610 1546.0
1360620 1546.1
1360630 1546.4
1360640 1546.4
1360650 1546.8
1360660 1546.9
1360670 1546.9
1360680 1546.9
1360690 1547.3
1360700 1547.3
1360710 1547.8
1360720 1548.1
1360730 1548.1
1360740 1548.3
1360750 1548.6
1360760 1548.6
1360770 1548.5
1360780 1548.7
1360790 1548.7
1360800 1548.6
1360810 1547.6
1360820 1547.6
1360830 1546.2
1360840 1545.9
1360850 1545.0
1360860 1545.0
1360870 1543.1
1360880 1541.1
1360890 1541.1
1360900 1539.8
1360910 1538.6
1360920 1538.6
1360930 1537.8
1360940 1537.0
1360950 1537.0
1360960 1534.2
1360970 1530.6
1360980 1530.6
1360990 1528.1
1361000 1526.0
1361010 1526.0
1361020 1524.0
1361030 1522.6
1361040 1522.6
1361050 1521.6
1361060 1520.2
1361070 1520.2
1361080 1518.9
1361090 1517.7
1361100 1517.9
1361110 1517.9
1361120 1517.7
1361130 1517.8
1361140 1517.8
1361150 1517.8
1361160 1516.6
1361170 1516.6
1361180 1516.0
1361190 1514.7
1361200 1514.7
1361210 1513.3
1361220 1511.7
1361230 1511.7
1361240 1509.7
1361250 1506.8
1361260 1506.8
1361270 1504.1
1361280 1501.0
1361290 1501.0
1361300 1497.9
1361310 1495.3
1361320 1498.3
1361330 1495.8
1361340 1493.4
1361350 1491.1
1361360 1491.1
1361370 1488.6
1361380 1486.2
1361390 1486.2
1361400 1483.7
1361410 1480.3
1361420 1480.3
1361430 1476.0
1361440 1471.4
1361450 1471.4
1361460 1468.2
1361470 1466.9
1361480 1466.9
1361490 1466.7
1361500 1466.3
1361510 1466.3
1361520 1466.1
1361530 1466.6
1361540 1466.6
1361550 1466.7
1361560 1466.4
1361570 1466.4
1361580 1466.3
1361590 1466.1
1361600 1466.0
1361610 1466.0
1361620 1464.8
1361630 1462.5
1361640 1462.5
1361650 1460.4
1361660 1458.0
1361670 1458.0
1361680 1454.6
1361690 1450.5
1361700 1450.5
1361710 1447.2
1361720 1444.3
1361730 1444.3
1361740 1441.2
1361750 1436.1
1361760 1436.1
1361770 1431.1
1361780 1427.9
1361790 1427.9
1361800 1422.8
1361810 1417.5
1361820 1417.5
1361830 1413.5
1361840 1410.4
1361850 1407.3
1361860 1407.3
1361870 1402.9
1361880 1397.2
1361890 1397.2
1361900 1391.1
1361910 1385.3
1361920 1385.3
1361930 1380.1
1361940 1373.8
1361950 1373.8
1361960 1366.1
1361970 1358.6
1361980 1358.6
1361990 1351.4
1362000 1343.8
1362010 1343.8
1362020 1337.2
1362030 1330.8
1362040 1330.8
1362050 1325.0
1362060 1319.3
1362070 1319.3
1362080 1312.1
1362090 1306.5
1362100 1298.7
1362110 1298.7
1362120 1292.0
1362130 1285.8
1362140 1285.8
1362150 1279.9
1362160 1274.4
1362170 1274.4
1362180 1268.3
1362190 1262.3
1362200 1262.3
1362210 1255.2
1362220 1247.0
1362230 1247.0
1362240 1240.4
1362250 1234.7
1362260 1234.7
1362270 1228.3
1362280 1221.9
1362290 1221.9
1362300 1215.5
1362310 1208.8
1362320 1208.8
1362330 1201.9
1362340 1194.5
1362350 1185.8
1362360 1185.8
1362370 1176.6
1362380 1166.7
1362390 1166.7
1362400 1157.2
1362410 1148.8
1362420 1148.8
1362430 1141.7
1362440 1134.8
1362450 1134.8
1362460 1129.2
1362470 1124.2
1362480 1124.2
1362490 1119.5
1362500 1115.1
1362510 1115.1
1362520 1110.2
1362530 1104.7
1362540 1104.7
1362550 1099.3
1362560 1094.4
1362570 1094.4
1362580 1089.5
1362590 1083.8
1362600 1078.1
1362610 1078.1
1362620 1072.7
1362630 1067.6
1362640 1067.6
1362650 1063.3
1362660 1058.4
1362670 1058.4
1362680 1052.6
1362690 1047.3
1362700 1047.3
1362710 1041.9
1362720 1036.8
1362730 1036.8
1362740 1032.3
1362750 1027.6
1362760 1027.6
1362770 1022.8
1362780 1018.2
1362790 1018.2
1362800 1013.7
1362810 1009.0
1362820 1009.0
1362830 1004.3
1362840 1000.1
1362850 996.6
1362860 996.6
1362870 994.0
1362880 990.4
1362890 990.4
1362900 984.9
1362910 978.1
1362920 978.1
1362930 972.0
1362940 966.3
1362950 966.3
1362960 961.3
1362970 955.4
1362980 955.4
1362990 949.5
1363000 944.9
1363010 944.9
1363020 941.3
1363030 940.1
1363040 940.1
1363050 940.7
1363060 939.0
1363070 939.0
1363080 936.3
1363090 934.1
1363100 932.0
1363110 932.0
1363120 929.6
1363130 926.2
1363140 926.2
1363150 921.3
1363160 915.9
1363170 915.9
1363180 912.1
1363190 909.6
1363200 909.6
1363210 905.9
1363220 900.6
1363230 900.6
1363240 895.6
1363250 888.6
1363260 888.6
1363270 887.0
1363280 890.1
1363290 890.1
1363300 889.9
1363310 889.3
1363320 889.3
1363330 889.9
1363340 890.1
1363350 890.7
1363360 890.7
1363370 890.4
1363380 889.9
1363390 889.9
1363400 890.3
1363410 890.4
1363420 890.4
1363430 890.1
1363440 889.6
1363450 889.6
1363460 889.0
1363470 888.5
1363480 888.5
1363490 888.2
1363500 887.9
1363510 887.9
1363520 887.5
1363530 887.1
1363540 887.1
1363550 886.7
1363560 886.4
1363570 886.4
1363580 886.0
1363590 885.7
1363600 885.5
1363610 885.5
1363620 885.6
1363630 885.5
1363640 885.5
1363650 884.8
1363660 884.4
1363670 884.4
1363680 884.0
1363690 883.8
1363700 883.8
1363710 884.0
1363720 885.1
1363730 885.1
1363740 885.7
1363750 885.9
1363760 885.9
1363770 885.9
1363780 886.2
1363790 886.2
1363800 887.6
1363810 889.0
1363820 889.0
1363830 889.6
1363840 890.4
1363850 892.2
1363860 892.2
1363870 893.8
1363880 895.7
1363890 895.7
1363900 898.3
1363910 901.0
1363920 901.0
1363930 904.9
1363940 909.8
1363950 909.8
1363960 915.0
1363970 919.1
1363980 919.1
1363990 923.5
1364000 927.7
1364010 927.7
1364020 931.1
1364030 933.4
1364040 933.4
1364050 934.8
1364060 936.6
1364070 936.6
1364080 938.5
1364090 942.0
1364100 945.8
1364110 945.8
1364120 947.8
1364130 950.2
1364140 950.2
1364150 953.0
1364160 956.7
1364170 956.7
1364180 960.8
1364190 963.6
1364200 963.6
1364210 971.4
1364220 990.3
1364230 990.3
1364240 996.8
1364250 999.0
1364260 999.0
1364270 1004.2
1364280 1007.2
1364290 1007.2
1364300 1008.3
1364310 1010.0
1364320 1010.0
1364330 1012.5
1364340 1013.8
1364350 1016.8
1364360 1016.8
1364370 1019.7
1364380 1018.2
1364390 1018.2
1364400 1017.2
1364410 1018.9
1364420 1018.9
1364430 1020.9
1364440 1024.3
1364450 1032.8
1364460 1038.2
1364470 1043.1
1364480 1043.1
1364490 1049.2
1364500 1054.0
1364510 1054.0
1364520 1059.3
1364530 1069.5
1364540 1069.5
1364550 1080.2
1364560 1088.7
1364570 1088.7
1364580 1092.3
1364590 1094.4
1364600 1094.5
1364610 1094.5
1364620 1093.2
1364630 1092.2
1364640 1092.2
1364650 1091.2
1364660 1090.3
1364670 1090.3
1364680 1088.1
1364690 1086.4
1364700 1086.4
1364710 1086.5
1364720 1085.3
1364730 1085.3
1364740 1081.9
1364750 1075.7
1364760 1075.7
1364770 1067.6
1364780 1059.5
1364790 1059.5
1364800 1055.4
1364810 1055.7
1364820 1055.7
1364830 1055.3
1364840 1053.0
1364850 1050.7
1364860 1050.7
1364870 1048.2
1364880 1045.1
1364890 1045.1
1364900 1041.6
1364910 1038.4
1364920 1038.4
1364930 1034.7
1364940 1031.0
1364950 1031.0
1364960 1028.3
1364970 1026.1
1364980 1026.1
1364990 1023.3
1365000 1019.4
1365010 1019.4
1365020 1017.0
1365030 1015.4
1365040 1015.4
1365050 1014.0
1365060 1014.2
1365070 1014.2
1365080 1013.9
1365090 1015.1
1365100 1018.8
1365110 1018.8
1365120 1021.6
1365130 1022.8
1365140 1022.8
1365150 1022.7
1365160 1022.2
1365170 1022.2
1365180 1022.5
1365190 1024.0
1365200 1024.0
1365210 1025.4
1365220 1025.7
1365230 1025.7
1365240 1027.0
1365250 1028.0
1365260 1028.0
1365270 1028.6
1365280 1028.0
1365290 1028.0
1365300 1025.9
1365310 1023.8
1365320 1023.8
1365330 1021.9
1365340 1020.7
1365350 1020.5
1365360 1020.5
1365370 1020.4
1365380 1020.6
1365390 1020.6
1365400 1020.7
1365410 1020.8
1365420 1020.8
1365430 1019.1
1365440 1014.1
1365450 1014.1
1365460 1007.4
1365470 998.1
1365480 998.1
1365490 988.6
1365500 986.6
1365510 990.9
1365520 990.1
1365530 987.9
1365540 987.9
1365550 989.4
1365560 992.2
1365570 992.2
1365580 995.1
1365590 996.7
1365600 996.8
1365610 996.8
1365620 997.5
1365630 998.2
1365640 998.2
1365650 1000.7
1365660 1004.5
1365670 1004.5
1365680 1007.7
1365690 1010.9
1365700 1010.9
1365710 1015.1
1365720 1019.4
1365730 1019.4
1365740 1023.4
1365750 1024.4
1365760 1024.4
1365770 1025.0
1365780 1028.2
1365790 1028.2
1365800 1029.9
1365810 1030.5
1365820 1030.5
1365830 1031.7
1365840 1032.8
1365850 1033.6
1365860 1033.6
1365870 1035.1
1365880 1037.9
1365890 1037.9
1365900 1041.2
1365910 1044.8
1365920 1044.8
1365930 1048.6
1365940 1052.9
1365950 1052.9
1365960 1057.6
1365970 1062.8
1365980 1062.8
1365990 1068.5
1366000 1073.5
1366010 1073.5
1366020 1078.7
1366030 1084.3
1366040 1084.3
1366050 1090.6
1366060 1097.1
1366070 1097.1
1366080 1103.6
1366090 1109.8
1366100 1116.4
1366110 1116.4
1366120 1123.8
1366130 1130.8
1366140 1130.8
1366150 1137.5
1366160 1143.6
1366170 1143.6
1366180 1149.6
1366190 1156.0
1366200 1156.0
1366210 1162.3
1366220 1167.8
1366230 1167.8
1366240 1173.5
1366250 1179.1
1366260 1179.1
1366270 1184.6
1366280 1189.7
1366290 1189.7
1366300 1195.5
1366310 1201.8
1366320 1201.8
1366330 1208.7
1366340 1216.5
1366350 1224.0
1366360 1224.0
1366370 1231.2
1366380 1238.8
1366390 1238.8
1366400 1248.0
1366410 1261.1
1366420 1261.1
1366430 1278.9
1366440 1302.0
1366450 1302.0
1366460 1304.2
1366470 1300.6
1366480 1300.6
1366490 1304.1
1366500 1309.9
1366510 1309.9
1366520 1318.1
1366530 1335.4
1366540 1335.4
1366550 1341.8
1366560 1344.6
1366570 1344.6
1366580 1349.8
1366590 1351.1
1366600 1357.8
1366610 1357.8
1366620 1364.5
1366630 1372.7
1366640 1372.7
1366650 1385.2
1366660 1405.0
1366670 1405.0
1366680 1421.8
1366690 1438.3
1366700 1438.3
1366710 1457.3
1366720 1467.1
1366730 1467.1
1366740 1468.6
1366750 1473.4
1366760 1473.4
1366770 1493.0
1366780 1499.9
1366790 1499.9
1366800 1501.7
1366810 1507.2
1366820 1507.2
1366830 1519.2
1366840 1530.3
1366850 1541.1
1366860 1541.1
1366870 1570.2
1366880 1616.9
1366890 1616.9
1366900 1651.4
1366910 1662.1
1366920 1662.1
1366930 1667.4
1366940 1671.8
1366950 1671.8
1366960 1677.4
1366970 1684.9
1366980 1684.9
1366990 1694.2
1367000 1701.8
1367010 1701.8
1367020 1711.6
1367030 1721.0
1367040 1721.0
1367050 1726.5
1367060 1730.8
1367070 1730.8
1367080 1733.5
1367090 1732.8
1367100 1730.2
1367110 1730.2
1367120 1728.1
1367130 1727.0
1367140 1727.0
1367150 1727.2
1367160 1727.0
1367170 1727.0
1367180 1726.0
1367190 1724.7
1367200 1724.7
1367210 1723.4
1367220 1722.1
1367230 1722.1
1367240 1721.2
1367250 1721.5
1367260 1721.5
1367270 1721.3
1367280 1718.6
1367290 1718.6
1367300 1716.6
1367310 1715.8
1367320 1715.8
1367330 1713.4
1367340 1711.0
1367350 1709.9
1367360 1709.9
1367370 1708.6
1367380 1708.0
1367390 1708.0
1367400 1708.1
1367410 1708.2
1367420 1708.2
1367430 1708.8
1367440 1708.9
1367450 1708.9
1367460 1707.2
1367470 1705.8
1367480 1705.8
1367490 1706.8
1367500 1707.8
1367510 1707.8
1367520 1708.5
1367530 1709.1
1367540 1709.1
1367550 1709.6
1367560 1712.2
1367570 1712.2
1367580 1716.9
1367590 1719.5
1367600 1721.4
1367610 1721.4
1367620 1723.8
1367630 1726.1
1367640 1726.1
1367650 1728.8
1367660 1731.3
1367670 1737.0
1367680 1735.6
1367690 1735.2
1367700 1735.2
1367710 1736.1
1367720 1735.4
1367730 1735.4
1367740 1732.4
1367750 1729.7
1367760 1729.7
1367770 1729.6
1367780 1731.4
1367790 1731.4
1367800 1733.8
1367810 1734.1
1367820 1734.1
1367830 1731.7
1367840 1727.1
1367850 1721.2
1367860 1721.2
1367870 1717.0
1367880 1714.4
1367890 1714.4
1367900 1713.2
1367910 1714.0
1367920 1714.0
1367930 1713.4
1367940 1712.9
1367950 1712.9
1367960 1712.3
1367970 1710.9
1367980 1710.9
1367990 1707.9
1368000 1705.4
1368010 1705.4
1368020 1702.9
1368030 1700.7
1368040 1700.7
1368050 1699.1
1368060 1698.5
1368070 1698.5
1368080 1697.7
1368090 1697.1
1368100 1695.3
1368110 1695.3
1368120 1691.5
1368130 1685.5
1368140 1685.5
1368150 1679.4
1368160 1676.8
1368170 1676.8
1368180 1674.8
1368190 1672.0
1368200 1672.0
1368210 1668.7
1368220 1664.9
1368230 1664.9
1368240 1661.2
1368250 1657.6
1368260 1657.6
1368270 1655.7
1368280 1654.7
1368290 1654.7
1368300 1654.2
1368310 1654.4
1368320 1654.4
1368330 1653.0
1368340 1648.6
1368350 1643.5
1368360 1643.5
1368370 1638.2
1368380 1635.3
1368390 1635.3
1368400 1633.1
1368410 1628.7
1368420 1628.7
1368430 1622.8
1368440 1618.4
1368450 1618.4
1368460 1617.3
1368470 1616.9
1368480 1616.9
1368490 1616.4
1368500 1616.6
1368510 1616.6
1368520 1615.9
1368530 1615.8
1368540 1615.8
1368550 1614.8
1368560 1613.7
1368570 1613.7
1368580 1611.1
1368590 1606.1
1368600 1600.8
1368610 1600.8
1368620 1597.5
1368630 1594.6
1368640 1594.6
1368650 1594.1
1368660 1597.2
1368670 1597.2
1368680 1601.3
1368690 1607.0
1368700 1607.0
1368710 1607.6
1368720 1607.2
1368730 1607.2
1368740 1607.9
1368750 1608.1
1368760 1613.7
1368770 1614.5
1368780 1614.2
1368790 1614.2
1368800 1614.8
1368810 1616.8
1368820 1616.8
1368830 1620.6
1368840 1624.9
1368850 1628.5
1368860 1628.5
1368870 1627.5
1368880 1624.9
1368890 1624.9
1368900 1623.0
1368910 1621.4
1368920 1621.4
1368930 1619.2
1368940 1617.9
1368950 1617.9
1368960 1617.1
1368970 1615.7
1368980 1615.7
1368990 1612.8
1369000 1609.1
1369010 1609.1
1369020 1608.6
1369030 1608.6
1369040 1608.6
1369050 1609.2
1369060 1610.4
1369070 1610.4
1369080 1609.9
1369090 1608.8
1369100 1609.0
1369110 1609.0
1369120 1609.1
1369130 1608.2
1369140 1608.2
1369150 1606.6
1369160 1605.1
1369170 1605.1
1369180 1604.2
1369190 1601.9
1369200 1601.9
1369210 1599.1
1369220 1591.9
1369230 1591.9
1369240 1589.7
1369250 1591.9
1369260 1591.9
1369270 1595.0
1369280 1595.4
1369290 1595.4
1369300 1595.3
1369310 1593.9
1369320 1593.9
1369330 1590.0
1369340 1585.2
1369350 1586.6
1369360 1586.6
1369370 1589.8
1369380 1588.8
1369390 1588.8
1369400 1589.3
1369410 1593.1
1369420 1593.1
1369430 1597.7
1369440 1600.4
1369450 1600.4
1369460 1602.2
1369470 1603.9
1369480 1603.9
1369490 1606.3
1369500 1609.1
1369510 1609.1
1369520 1610.8
1369530 1611.1
1369540 1611.1
1369550 1611.6
1369560 1612.7
1369570 1612.7
1369580 1613.6
1369590 1613.4
1369600 1612.9
1369610 1612.9
1369620 1608.2
1369630 1601.9
1369640 1601.9
1369650 1594.9
1369660 1589.3
1369670 1589.3
1369680 1589.2
1369690 1589.6
1369700 1589.6
1369710 1590.3
1369720 1592.4
1369730 1592.4
1369740 1592.7
1369750 1590.1
1369760 1590.1
1369770 1594.3
1369780 1597.5
1369790 1597.5
1369800 1600.5
1369810 1604.0
1369820 1604.0
1369830 1605.6
1369840 1604.5
1369850 1602.2
1369860 1602.2
1369870 1607.0
1369880 1601.2
1369890 1601.2
1369900 1600.5
1369910 1606.7
1369920 1606.7
1369930 1610.6
1369940 1614.0
1369950 1614.0
1369960 1616.8
1369970 1619.6
1369980 1619.6
1369990 1621.2
1370000 1623.8
1370010 1623.8
1370020 1625.6
1370030 1627.0
1370040 1627.0
1370050 1629.3
1370060 1633.5
1370070 1633.5
1370080 1637.7
1370090 1642.0
1370100 1646.4
1370110 1646.4
1370120 1649.5
1370130 1651.7
1370140 1651.7
1370150 1651.9
1370160 1652.0
1370170 1652.0
1370180 1652.0
1370190 1652.9
1370200 1652.9
1370210 1654.1
1370220 1656.2
1370230 1656.2
1370240 1658.1
1370250 1660.6
1370260 1660.6
1370270 1663.1
1370280 1666.3
1370290 1666.3
1370300 1672.8
1370310 1678.8
1370320 1678.8
1370330 1682.6
1370340 1684.0
1370350 1686.1
1370360 1686.1
1370370 1689.1
1370380 1690.0
1370390 1690.0
1370400 1693.0
1370410 1697.8
1370420 1697.8
1370430 1702.3
1370440 1705.9
1370450 1705.9
1370460 1709.2
1370470 1711.7
1370480 1711.7
1370490 1716.0
1370500 1719.2
1370510 1719.2
1370520 1723.9
1370530 1726.5
1370540 1726.5
1370550 1725.6
1370560 1714.7
1370570 1714.7
1370580 1703.4
1370590 1693.4
1370600 1685.3
1370610 1685.3
1370620 1680.1
1370630 1674.7
1370640 1674.7
1370650 1670.1
1370660 1668.2
1370670 1668.2
1370680 1665.7
1370690 1661.4
1370700 1661.4
1370710 1656.5
1370720 1653.9
1370730 1653.9
1370740 1651.0
1370750 1648.2
1370760 1648.2
1370770 1647.8
1370780 1649.0
1370790 1649.0
1370800 1649.2
1370810 1648.6
1370820 1648.6
1370830 1647.2
1370840 1648.9
1370850 1651.4
1370860 1651.4
1370870 1651.8
1370880 1652.8
1370890 1652.8
1370900 1654.4
1370910 1655.0
1370920 1655.0
1370930 1658.4
1370940 1663.4
1370950 1663.4
1370960 1672.4
1370970 1676.0
1370980 1685.8
1370990 1683.2
1371000 1678.2
1371010 1678.2
1371020 1672.2
1371030 1667.5
1371040 1667.5
1371050 1662.5
1371060 1654.7
1371070 1654.7
1371080 1647.4
1371090 1642.4
1371100 1637.3
1371110 1637.3
1371120 1631.7
1371130 1627.0
1371140 1627.0
1371150 1623.4
1371160 1619.2
1371170 1619.2
1371180 1615.3
1371190 1612.3
1371200 1612.3
1371210 1609.5
1371220 1607.7
1371230 1607.7
1371240 1604.3
1371250 1602.8
1371260 1602.8
1371270 1599.4
1371280 1594.0
1371290 1594.0
1371300 1587.2
1371310 1580.0
1371320 1580.0
1371330 1575.7
1371340 1567.3
1371350 1558.4
1371360 1558.4
1371370 1555.3
1371380 1558.7
1371390 1558.7
1371400 1564.4
1371410 1567.9
1371420 1567.9
1371430 1568.1
1371440 1567.9
1371450 1567.9
1371460 1568.4
1371470 1568.4
1371480 1568.4
1371490 1568.6
1371500 1568.2
1371510 1568.2
1371520 1568.8
1371530 1568.6
1371540 1568.6
1371550 1568.3
1371560 1567.9
1371570 1567.9
1371580 1566.8
1371590 1565.9
1371600 1565.4
1371610 1565.4
1371620 1565.1
1371630 1563.5
1371640 1563.5
1371650 1559.5
1371660 1554.6
1371670 1554.6
1371680 1549.6
1371690 1544.6
1371700 1544.6
1371710 1538.2
1371720 1531.7
1371730 1531.7
1371740 1526.0
1371750 1520.5
1371760 1520.5
1371770 1515.7
1371780 1511.2
1371790 1511.2
1371800 1499.3
1371810 1487.1
1371820 1487.1
1371830 1476.0
1371840 1466.6
1371850 1458.1
1371860 1458.1
1371870 1448.0
1371880 1436.3
1371890 1436.3
1371900 1425.5
1371910 1419.6
1371920 1419.6
1371930 1415.9
1371940 1415.3
1371950 1415.3
1371960 1418.5
1371970 1419.6
1371980 1419.6
1371990 1423.7
1372000 1430.1
1372010 1430.1
1372020 1436.7
1372030 1447.6
1372040 1447.6
1372050 1450.9
1372060 1451.1
1372070 1451.1
1372080 1446.1
1372090 1439.2
1372100 1424.6
1372110 1418.1
1372120 1401.6
1372130 1386.2
1372140 1386.2
1372150 1376.3
1372160 1366.1
1372170 1366.1
1372180 1356.9
1372190 1356.8
1372200 1356.8
1372210 1360.1
1372220 1363.5
1372230 1363.5
1372240 1368.5
1372250 1372.6
1372260 1372.6
1372270 1371.8
1372280 1367.1
1372290 1367.1
1372300 1361.3
1372310 1356.2
1372320 1356.2
1372330 1349.7
1372340 1342.5
1372350 1335.4
1372360 1335.4
1372370 1329.4
1372380 1319.8
1372390 1319.8
1372400 1307.8
1372410 1297.3
1372420 1297.3
1372430 1290.3
1372440 1284.2
1372450 1284.2
1372460 1276.7
1372470 1263.8
1372480 1263.8
1372490 1254.9
1372500 1246.8
1372510 1246.8
1372520 1237.9
1372530 1229.2
1372540 1229.2
1372550 1219.3
1372560 1210.1
1372570 1210.1
1372580 1201.4
1372590 1192.4
1372600 1182.6
1372610 1182.6
1372620 1174.2
1372630 1166.9
1372640 1166.9
1372650 1158.7
1372660 1149.3
1372670 1149.3
1372680 1141.6
1372690 1135.0
1372700 1135.0
1372710 1127.9
1372720 1121.3
1372730 1121.3
1372740 1114.2
1372750 1108.8
1372760 1108.8
1372770 1104.1
1372780 1097.8
1372790 1097.8
1372800 1093.6
1372810 1089.6
1372820 1089.6
1372830 1085.9
1372840 1082.2
1372850 1078.0
1372860 1078.0
1372870 1076.7
1372880 1072.8
1372890 1072.8
1372900 1066.8
1372910 1060.5
1372920 1060.5
1372930 1050.9
1372940 1040.0
1372950 1040.0
1372960 1037.5
1372970 1039.1
1372980 1039.1
1372990 1039.3
1373000 1049.3
1373010 1049.3
1373020 1064.8
1373030 1072.9
1373040 1072.9
1373050 1080.2
1373060 1087.0
1373070 1087.0
1373080 1093.8
1373090 1100.4
1373100 1107.1
1373110 1107.1
1373120 1116.6
1373130 1128.5
1373140 1128.5
1373150 1141.2
1373160 1151.6
1373170 1151.6
1373180 1163.3
1373190 1179.1
1373200 1179.1
1373210 1199.6
1373220 1216.0
1373230 1216.0
1373240 1222.2
1373250 1209.3
1373260 1209.3
1373270 1197.8
1373280 1216.5
1373290 1216.5
1373300 1256.0
1373310 1269.5
1373320 1269.5
1373330 1277.9
1373340 1286.6
1373350 1295.1
1373360 1295.1
1373370 1303.3
1373380 1312.0
1373390 1312.0
1373400 1321.0
1373410 1332.1
1373420 1332.1
1373430 1344.5
1373440 1362.6
1373450 1362.6
1373460 1375.6
1373470 1390.9
1373480 1390.9
1373490 1404.5
1373500 1417.0
1373510 1417.0
1373520 1430.0
1373530 1441.8
1373540 1441.8
1373550 1452.2
1373560 1463.5
1373570 1463.5
1373580 1473.1
1373590 1484.6
1373600 1493.3
1373610 1493.3
1373620 1502.3
1373630 1510.2
1373640 1510.2
1373650 1518.3
1373660 1527.2
1373670 1527.2
1373680 1537.7
1373690 1552.9
1373700 1552.9
1373710 1571.0
1373720 1578.6
1373730 1578.6
1373740 1581.3
1373750 1576.4
1373760 1576.4
1373770 1572.6
1373780 1572.6
1373790 1572.6
1373800 1573.3
1373810 1580.0
1373820 1580.0
1373830 1590.6
1373840 1594.2
1373850 1586.7
1373860 1586.7
1373870 1573.3
1373880 1568.7
1373890 1568.7
1373900 1581.6
1373910 1596.1
1373920 1596.1
1373930 1606.2
1373940 1617.8
1373950 1617.8
1373960 1625.2
1373970 1632.2
1373980 1632.2
1373990 1641.0
1374000 1650.6
1374010 1650.6
1374020 1660.5
1374030 1669.9
1374040 1669.9
1374050 1679.3
1374060 1688.3
1374070 1688.3
1374080 1697.3
1374090 1705.7
1374100 1714.5
1374110 1714.5
1374120 1724.5
1374130 1734.9
1374140 1734.9
1374150 1748.8
1374160 1765.8
1374170 1765.8
1374180 1779.9
1374190 1791.0
1374200 1791.0
1374210 1799.4
1374220 1808.7
1374230 1808.7
1374240 1819.3
1374250 1829.9
1374260 1829.9
1374270 1839.4
1374280 1849.3
1374290 1849.3
1374300 1856.0
1374310 1859.7
1374320 1859.7
1374330 1861.6
1374340 1859.2
1374350 1853.7
1374360 1853.7
1374370 1848.2
1374380 1837.6
1374390 1822.8
1374400 1810.9
1374410 1799.4
1374420 1799.4
1374430 1792.0
1374440 1785.2
1374450 1785.2
1374460 1778.4
1374470 1778.8
1374480 1778.8
1374490 1775.3
1374500 1772.2
1374510 1772.2
1374520 1772.0
1374530 1779.0
1374540 1779.0
1374550 1792.0
1374560 1803.5
1374570 1803.5
1374580 1814.1
1374590 1822.6
1374600 1829.3
1374610 1829.3
1374620 1837.5
1374630 1841.5
1374640 1841.5
1374650 1845.2
1374660 1851.7
1374670 1851.7
1374680 1854.6
1374690 1860.9
1374700 1860.9
1374710 1861.3
1374720 1861.6
1374730 1861.6
1374740 1860.7
1374750 1858.5
1374760 1858.5
1374770 1858.9
1374780 1857.5
1374790 1857.5
1374800 1856.3
1374810 1853.4
1374820 1853.4
1374830 1855.3
1374840 1864.0
1374850 1871.7
1374860 1871.7
1374870 1880.3
1374880 1889.9
1374890 1889.9
1374900 1899.6
1374910 1907.5
1374920 1907.5
1374930 1915.8
1374940 1925.0
1374950 1925.0
1374960 1934.6
1374970 1944.6
1374980 1944.6
1374990 1955.2
1375000 1965.6
1375010 1965.6
1375020 1976.0
1375030 1985.9
1375040 1985.9
1375050 1995.5
1375060 2005.9
1375070 2005.9
1375080 2015.1
1375090 2023.1
1375100 2030.6
1375110 2030.6
1375120 2035.3
1375130 2036.7
1375140 2036.7
1375150 2033.4
1375160 2037.3
1375170 2037.3
1375180 2048.9
1375190 2061.5
1375200 2061.5
1375210 2071.9
1375220 2076.3
1375230 2076.3
1375240 2076.5
1375250 2084.4
1375260 2084.4
1375270 2094.0
1375280 2102.0
1375290 2102.0
1375300 2109.2
1375310 2116.7
1375320 2116.7
1375330 2125.4
1375340 2135.7
1375350 2146.4
1375360 2146.4
1375370 2157.6
1375380 2167.1
1375390 2167.1
1375400 2177.9
1375410 2193.1
1375420 2193.1
1375430 2201.2
1375440 2203.8
1375450 2203.8
1375460 2207.7
1375470 2214.7
1375480 2214.7
1375490 2224.6
1375500 2235.5
1375510 2235.5
1375520 2246.6
1375530 2256.3
1375540 2256.3
1375550 2270.4
1375560 2279.5
1375570 2279.5
1375580 2288.6
1375590 2297.5
1375600 2306.5
1375610 2306.5
1375620 2315.9
1375630 2320.8
1375640 2320.8
1375650 2312.2
1375660 2305.6
1375670 2305.6
1375680 2303.6
1375690 2300.5
1375700 2300.5
1375710 2299.6
1375720 2288.0
1375730 2288.0
1375740 2278.0
1375750 2272.8
1375760 2272.8
1375770 2269.6
1375780 2269.5
1375790 2269.5
1375800 2268.2
1375810 2265.9
1375820 2265.9
1375830 2265.6
1375840 2262.4
1375850 2255.5
1375860 2255.5
1375870 2241.6
1375880 2240.0
1375890 2240.0
1375900 2236.1
1375910 2237.0
1375920 2237.0
1375930 2237.5
1375940 2237.2
1375950 2237.2
1375960 2234.8
1375970 2233.8
1375980 2233.8
1375990 2234.0
1376000 2233.4
1376010 2233.4
1376020 2232.5
1376030 2231.4
1376040 2231.4
1376050 2229.9
1376060 2226.8
1376070 2226.8
1376080 2223.7
1376090 2220.3
1376100 2217.1
1376110 2217.1
1376120 2216.5
1376130 2219.7
1376140 2219.7
1376150 2224.2
1376160 2225.7
1376170 2225.7
1376180 2228.0
1376190 2228.4
1376200 2228.4
1376210 2228.2
1376220 2228.3
1376230 2228.3
1376240 2228.8
1376250 2229.4
1376260 2229.4
1376270 2231.3
1376280 2231.9
1376290 2231.9
1376300 2231.7
1376310 2230.9
1376320 2230.9
1376330 2230.1
1376340 2228.4
1376350 2229.4
1376360 2229.4
1376370 2230.5
1376380 2228.2
1376390 2228.2
1376400 2226.2
1376410 2223.1
1376420 2223.1
1376430 2220.7
1376440 2219.0
1376450 2219.0
1376460 2217.4
1376470 2216.4
1376480 2216.4
1376490 2215.9
1376500 2215.2
1376510 2215.2
1376520 2214.2
1376530 2212.5
1376540 2212.5
1376550 2210.6
1376560 2211.3
1376570 2211.3
1376580 2213.2
1376590 2214.7
1376600 2216.1
1376610 2216.1
1376620 2216.3
1376630 2216.2
1376640 2216.2
1376650 2216.2
1376660 2215.2
1376670 2215.2
1376680 2214.0
1376690 2213.6
1376700 2213.6
1376710 2213.5
1376720 2210.4
1376730 2210.4
1376740 2213.4
1376750 2216.4
1376760 2216.4
1376770 2218.0
1376780 2220.2
1376790 2220.2
1376800 2222.3
1376810 2224.9
1376820 2224.9
1376830 2227.7
1376840 2229.7
1376850 2229.6
1376860 2229.6
1376870 2227.9
1376880 2224.8
1376890 2224.8
1376900 2220.9
1376910 2216.8
1376920 2216.8
1376930 2214.0
1376940 2211.7
1376950 2211.7
1376960 2206.7
1376970 2200.3
1376980 2200.3
1376990 2191.9
1377000 2184.9
1377010 2184.9
1377020 2178.9
1377030 2171.4
1377040 2171.4
1377050 2164.2
1377060 2158.4
1377070 2158.4
1377080 2153.0
1377090 2147.2
1377100 2142.7
1377110 2142.7
1377120 2139.0
1377130 2135.7
1377140 2135.7
1377150 2132.0
1377160 2128.3
1377170 2128.3
1377180 2125.1
1377190 2121.6
1377200 2121.6
1377210 2118.6
1377220 2116.7
1377230 2116.7
1377240 2114.5
1377250 2112.9
1377260 2112.9
1377270 2111.4
1377280 2109.4
1377290 2109.4
1377300 2108.3
1377310 2106.7
1377320 2106.7
1377330 2105.1
1377340 2103.2
1377350 2102.4
1377360 2102.4
1377370 2102.5
1377380 2102.5
1377390 2102.5
1377400 2102.7
1377410 2103.0
1377420 2103.0
1377430 2102.6
1377440 2101.2
1377450 2101.2
1377460 2099.1
1377470 2097.0
1377480 2097.0
1377490 2095.1
1377500 2091.9
1377510 2091.9
1377520 2088.4
1377530 2085.2
1377540 2085.2
1377550 2081.6
1377560 2076.7
1377570 2076.7
1377580 2071.4
1377590 2066.2
1377600 2061.3
1377610 2061.3
1377620 2056.8
1377630 2054.1
1377640 2054.1
1377650 2050.0
1377660 2044.2
1377670 2044.2
1377680 2039.6
1377690 2033.2
1377700 2033.2
1377710 2026.2
1377720 2018.7
1377730 2018.7
1377740 2013.2
1377750 2008.5
1377760 2008.5
1377770 2003.5
1377780 1997.7
1377790 1997.7
1377800 1992.8
1377810 1988.1
1377820 1988.1
1377830 1982.8
1377840 1977.2
1377850 1971.4
1377860 1971.4
1377870 1965.5
1377880 1960.8
1377890 1960.8
1377900 1958.3
1377910 1955.7
1377920 1955.7
1377930 1952.9
1377940 1949.2
1377950 1949.2
1377960 1944.4
1377970 1938.8
1377980 1938.8
1377990 1933.6
1378000 1929.1
1378010 1929.1
1378020 1925.1
1378030 1920.3
1378040 1920.3
1378050 1914.9
1378060 1906.7
1378070 1906.7
1378080 1899.3
1378090 1891.8
1378100 1887.1
1378110 1887.1
1378120 1883.2
1378130 1878.2
1378140 1878.2
1378150 1873.6
1378160 1872.0
1378170 1872.0
1378180 1870.6
1378190 1864.9
1378200 1864.9
1378210 1857.4
1378220 1845.1
1378230 1845.1
1378240 1833.2
1378250 1821.3
1378260 1821.3
1378270 1810.4
1378280 1801.3
1378290 1801.3
1378300 1791.1
1378310 1782.4
1378320 1782.4
1378330 1774.4
1378340 1766.8
1378350 1759.0
1378360 1759.0
1378370 1751.2
1378380 1744.0
1378390 1744.0
1378400 1737.2
1378410 1730.7
1378420 1730.7
1378430 1723.9
1378440 1717.2
1378450 1717.2
1378460 1709.9
1378470 1702.3
1378480 1702.3
1378490 1695.2
1378500 1687.8
1378510 1687.8
1378520 1680.9
1378530 1674.0
1378540 1674.0
1378550 1667.1
1378560 1660.7
1378570 1660.7
1378580 1654.1
1378590 1647.9
1378600 1642.0
1378610 1642.0
1378620 1636.8
1378630 1631.1
1378640 1631.1
1378650 1625.8
1378660 1620.2
1378670 1620.2
1378680 1615.7
1378690 1613.8
1378700 1613.8
1378710 1611.4
1378720 1609.5
1378730 1609.5
1378740 1607.3
1378750 1603.8
1378760 1603.8
1378770 1600.1
1378780 1596.3
1378790 1596.3
1378800 1593.6
1378810 1591.4
1378820 1591.4
1378830 1589.1
1378840 1585.8
1378850 1579.0
1378860 1579.0
1378870 1569.3
1378880 1559.9
1378890 1559.9
1378900 1552.8
1378910 1549.8
1378920 1549.8
1378930 1552.9
1378940 1557.8
1378950 1557.8
1378960 1563.9
1378970 1571.6
1378980 1571.6
1378990 1577.6
1379000 1578.9
1379010 1578.9
1379020 1579.4
1379030 1581.4
1379040 1581.4
1379050 1583.4
1379060 1585.2
1379070 1585.2
1379080 1586.0
1379090 1588.3
1379100 1592.9
1379110 1598.7
1379120 1604.1
1379130 1608.5
1379140 1608.5
1379150 1611.5
1379160 1613.3
1379170 1613.3
1379180 1612.5
1379190 1609.8
1379200 1609.8
1379210 1609.6
1379220 1609.9
1379230 1609.9
1379240 1611.1
1379250 1612.1
1379260 1612.1
1379270 1611.7
1379280 1612.5
1379290 1612.5
1379300 1614.1
1379310 1615.1
1379320 1615.1
1379330 1617.0
1379340 1615.6
1379350 1613.0
1379360 1613.0
1379370 1615.2
1379380 1620.0
1379390 1620.0
1379400 1626.9
1379410 1629.9
1379420 1629.9
1379430 1630.7
1379440 1632.0
1379450 1632.0
1379460 1633.1
1379470 1634.3
1379480 1634.3
1379490 1636.9
1379500 1639.2
1379510 1639.2
1379520 1642.3
1379530 1645.4
1379540 1645.4
1379550 1647.1
1379560 1648.8
1379570 1648.8
1379580 1650.8
1379590 1654.0
1379600 1659.1
1379610 1659.1
1379620 1666.1
1379630 1673.4
1379640 1673.4
1379650 1678.8
1379660 1683.8
1379670 1683.8
1379680 1688.3
1379690 1693.4
1379700 1693.4
1379710 1698.2
1379720 1702.7
1379730 1702.7
1379740 1708.2
1379750 1713.3
1379760 1713.3
1379770 1715.9
1379780 1718.5
1379790 1718.5
1379800 1722.2
1379810 1725.5
1379820 1725.5
1379830 1728.7
1379840 1733.0
1379850 1738.2
1379860 1738.2
1379870 1744.6
1379880 1752.0
1379890 1752.0
1379900 1759.7
1379910 1767.8
1379920 1767.8
1379930 1776.7
1379940 1785.5
1379950 1785.5
1379960 1794.1
1379970 1801.8
1379980 1801.8
1379990 1807.5
