1360000 1196.5
1360010 1196.5
1360020 1195.7
1360030 1194.3
1360040 1192.7
1360050 1192.7
1360060 1192.6
1360070 1193.8
1360080 1193.8
1360090 1195.7
1360100 1195.6
1360110 1195.6
1360120 1196.3
1360130 1196.6
1360140 1196.6
1360150 1197.5
1360160 1199.2
1360170 1199.2
1360180 1200.6
1360190 1202.5
1360200 1202.5
1360210 1204.1
1360220 1206.2
1360230 1206.2
1360240 1207.6
1360250 1208.8
1360260 1208.8
1360270 1211.3
1360280 1215.2
1360290 1219.8
1360300 1219.8
1360310 1223.1
1360320 1224.6
1360330 1224.6
1360340 1221.9
1360350 1217.7
1360360 1217.7
1360370 1215.2
1360380 1215.6
1360390 1215.6
1360400 1216.1
1360410 1214.7
1360420 1214.7
1360430 1211.4
1360440 1213.5
1360450 1213.5
1360460 1212.4
1360470 1209.8
1360480 1209.8
1360490 1205.9
1360500 1204.8
1360510 1204.8
1360520 1204.8
1360530 1205.3
1360540 1205.3
1360550 1204.0
1360560 1201.6
1360570 1200.2
1360580 1200.2
1360590 1200.8
1360600 1202.1
1360610 1202.1
1360620 1201.2
1360630 1201.3
1360640 1201.3
1360650 1201.2
1360660 1202.0
1360670 1202.0
1360680 1201.7
1360690 1200.9
1360700 1200.9
1360710 1200.4
1360720 1201.6
1360730 1201.6
1360740 1203.4
1360750 1205.4
1360760 1205.4
1360770 1207.9
1360780 1208.9
1360790 1208.9
1360800 1209.1
1360810 1209.1
1360820 1208.4
1360830 1212.9
1360840 1212.6
1360850 1212.1
1360860 1212.1
1360870 1211.1
1360880 1209.4
1360890 1209.4
1360900 1208.8
1360910 1208.2
1360920 1208.2
1360930 1206.8
1360940 1206.5
1360950 1206.5
1360960 1206.4
1360970 1206.3
1360980 1206.3
1360990 1207.0
1361000 1207.0
1361010 1207.0
1361020 1207.7
1361030 1208.9
1361040 1208.9
1361050 1210.6
1361060 1212.5
1361070 1214.2
1361080 1214.2
1361090 1217.1
1361100 1220.0
1361110 1220.0
1361120 1223.0
1361130 1226.9
1361140 1226.9
1361150 1231.2
1361160 1234.7
1361170 1234.7
1361180 1237.1
1361190 1238.7
1361200 1238.7
1361210 1240.0
1361220 1241.5
1361230 1241.5
1361240 1240.9
1361250 1239.8
1361260 1239.8
1361270 1239.6
1361280 1241.2
1361290 1241.2
1361300 1242.3
1361310 1238.1
1361320 1232.4
1361330 1232.4
1361340 1226.1
1361350 1221.2
1361360 1221.2
1361370 1216.8
1361380 1212.0
1361390 1212.0
1361400 1207.4
1361410 1204.6
1361420 1204.6
1361430 1204.4
1361440 1204.0
1361450 1204.0
1361460 1201.8
1361470 1198.1
1361480 1198.1
1361490 1196.2
1361500 1193.5
1361510 1193.5
1361520 1191.0
1361530 1189.6
1361540 1189.6
1361550 1188.4
1361560 1182.5
1361570 1178.2
1361580 1178.2
1361590 1176.4
1361600 1175.5
1361610 1175.5
1361620 1175.3
1361630 1176.2
1361640 1176.2
1361650 1177.7
1361660 1178.7
1361670 1178.7
1361680 1181.7
1361690 1185.5
1361700 1185.5
1361710 1186.8
1361720 1186.3
1361730 1186.3
1361740 1184.3
1361750 1181.4
1361760 1181.4
1361770 1178.0
1361780 1173.2
1361790 1173.2
1361800 1168.3
1361810 1166.1
1361820 1165.2
1361830 1165.2
1361840 1164.9
1361850 1165.5
1361860 1169.9
1361870 1170.5
1361880 1170.7
1361890 1170.7
1361900 1168.5
1361910 1166.7
1361920 1166.7
1361930 1166.5
1361940 1168.1
1361950 1168.1
1361960 1169.8
1361970 1171.5
1361980 1171.5
1361990 1171.8
1362000 1171.7
1362010 1171.7
1362020 1171.5
1362030 1169.6
1362040 1169.6
1362050 1167.2
1362060 1164.9
1362070 1161.5
1362080 1161.5
1362090 1158.1
1362100 1154.9
1362110 1154.9
1362120 1150.0
1362130 1144.1
1362140 1144.1
1362150 1139.6
1362160 1136.1
1362170 1136.1
1362180 1133.4
1362190 1131.0
1362200 1131.0
1362210 1128.7
1362220 1125.9
1362230 1125.9
1362240 1122.7
1362250 1119.2
1362260 1119.2
1362270 1114.0
1362280 1107.8
1362290 1107.8
1362300 1102.3
1362310 1098.3
1362320 1094.6
1362330 1094.6
1362340 1091.0
1362350 1089.7
1362360 1089.7
1362370 1090.1
1362380 1089.2
1362390 1089.2
1362400 1087.0
1362410 1084.8
1362420 1084.8
1362430 1081.7
1362440 1076.7
1362450 1076.7
1362460 1073.3
1362470 1069.8
1362480 1069.8
1362490 1065.6
1362500 1061.4
1362510 1061.4
1362520 1056.3
1362530 1050.9
1362540 1050.9
1362550 1045.4
1362560 1039.0
1362570 1032.8
1362580 1032.8
1362590 1028.2
1362600 1022.4
1362610 1022.4
1362620 1016.8
1362630 1012.1
1362640 1012.1
1362650 1007.4
1362660 1004.5
1362670 1004.5
1362680 1001.1
1362690 998.2
1362700 998.2
1362710 994.7
1362720 990.6
1362730 990.6
1362740 986.3
1362750 982.0
1362760 982.0
1362770 977.6
1362780 973.1
1362790 973.1
1362800 969.0
1362810 965.2
1362820 959.1
1362830 959.1
1362840 952.9
1362850 948.6
1362860 948.6
1362870 945.3
1362880 942.3
1362890 942.3
1362900 942.7
1362910 939.8
1362920 939.8
1362930 935.7
1362940 931.4
1362950 931.4
1362960 926.3
1362970 920.9
1362980 920.9
1362990 916.1
1363000 911.1
1363010 911.1
1363020 905.7
1363030 899.8
1363040 899.8
1363050 893.5
1363060 887.0
1363070 881.4
1363080 881.4
1363090 877.7
1363100 876.2
1363110 876.2
1363120 875.2
1363130 874.3
1363140 874.3
1363150 873.0
1363160 870.9
1363170 870.9
1363180 868.8
1363190 866.1
1363200 866.1
1363210 863.8
1363220 863.3
1363230 863.3
1363240 862.7
1363250 862.7
1363260 862.7
1363270 863.0
1363280 862.7
1363290 862.7
1363300 862.8
1363310 863.0
1363320 863.4
1363330 863.4
1363340 863.4
1363350 863.6
1363360 863.6
1363370 863.0
1363380 862.9
1363390 862.9
1363400 863.3
1363410 864.0
1363420 864.0
1363430 862.1
1363440 863.9
1363450 863.9
1363460 864.5
1363470 863.3
1363480 863.3
1363490 862.8
1363500 862.4
1363510 862.4
1363520 862.2
1363530 862.0
1363540 862.0
1363550 861.7
1363560 860.7
1363570 860.2
1363580 860.2
1363590 860.1
1363600 859.8
1363610 859.8
1363620 859.6
1363630 859.7
1363640 859.7
1363650 860.4
1363660 860.8
1363670 860.8
1363680 860.6
1363690 860.5
1363700 860.5
1363710 860.5
1363720 860.3
1363730 860.3
1363740 860.0
1363750 859.6
1363760 859.6
1363770 859.1
1363780 859.0
1363790 859.0
1363800 858.8
1363810 858.6
1363820 858.5
1363830 858.5
1363840 858.2
1363850 858.0
1363860 858.0
1363870 858.1
1363880 858.2
1363890 858.2
1363900 858.0
1363910 857.8
1363920 857.8
1363930 857.7
1363940 857.5
1363950 857.7
1363960 857.4
1363970 857.4
1363980 857.4
1363990 857.5
1364000 857.3
1364010 857.3
1364020 857.2
1364030 857.0
1364040 857.0
1364050 856.9
1364060 856.8
1364070 856.5
1364080 856.5
1364090 856.1
1364100 855.7
1364110 855.7
1364120 855.7
1364130 855.8
1364140 855.8
1364150 855.5
1364160 855.1
1364170 855.1
1364180 854.6
1364190 854.4
1364200 854.4
1364210 854.3
1364220 854.0
1364230 854.0
1364240 854.1
1364250 854.4
1364260 854.4
1364270 854.6
1364280 854.6
1364290 854.6
1364300 854.4
1364310 854.1
1364320 854.0
1364330 854.0
1364340 853.9
1364350 853.8
1364360 853.8
1364370 853.6
1364380 853.4
1364390 853.4
1364400 853.3
1364410 853.2
1364420 853.2
1364430 853.2
1364440 852.9
1364450 852.9
1364460 852.5
1364470 852.2
1364480 852.2
1364490 851.8
1364500 851.4
1364510 851.4
1364520 851.1
1364530 850.8
1364540 850.8
1364550 850.6
1364560 850.4
1364570 850.4
1364580 850.2
1364590 850.1
1364600 850.1
1364610 850.1
1364620 850.0
1364630 849.8
1364640 849.8
1364650 849.5
1364660 849.5
1364670 849.5
1364680 849.3
1364690 849.2
1364700 849.2
1364710 849.3
1364720 849.3
1364730 849.3
1364740 849.3
1364750 848.4
1364760 848.4
1364770 848.6
1364780 849.7
1364790 849.7
1364800 850.0
1364810 849.9
1364820 849.9
1364830 850.0
1364840 850.1
1364850 850.4
1364860 850.4
1364870 850.4
1364880 849.9
1364890 849.9
1364900 849.8
1364910 849.7
1364920 849.7
1364930 849.5
1364940 849.8
1364950 849.8
1364960 850.6
1364970 850.9
1364980 850.9
1364990 851.0
1365000 850.5
1365010 850.4
1365020 850.1
1365030 850.2
1365040 850.2
1365050 849.3
1365060 849.9
1365070 849.9
1365080 850.2
1365090 852.8
1365100 858.3
1365110 858.3
1365120 860.0
1365130 860.7
1365140 860.7
1365150 861.6
1365160 863.1
1365170 863.1
1365180 864.4
1365190 867.6
1365200 867.6
1365210 871.8
1365220 876.6
1365230 876.6
1365240 881.5
1365250 886.2
1365260 886.2
1365270 891.3
1365280 896.8
1365290 896.8
1365300 902.6
1365310 908.0
1365320 908.0
1365330 912.1
1365340 916.7
1365350 920.4
1365360 920.4
1365370 926.1
1365380 932.2
1365390 932.2
1365400 937.6
1365410 942.2
1365420 942.2
1365430 946.9
1365440 951.8
1365450 951.8
1365460 956.9
1365470 961.6
1365480 961.6
1365490 965.1
1365500 967.6
1365510 967.6
1365520 970.9
1365530 975.3
1365540 975.3
1365550 980.3
1365560 982.9
1365570 982.9
1365580 979.6
1365590 974.1
1365600 969.8
1365610 969.8
1365620 969.1
1365630 970.0
1365640 970.0
1365650 972.3
1365660 976.3
1365670 976.3
1365680 980.0
1365690 983.7
1365700 983.7
1365710 988.3
1365720 993.8
1365730 993.8
1365740 999.7
1365750 1005.0
1365760 1005.0
1365770 1009.5
1365780 1014.7
1365790 1014.7
1365800 1019.8
1365810 1025.5
1365820 1025.5
1365830 1031.3
1365840 1036.6
1365850 1041.5
1365860 1041.5
1365870 1046.1
1365880 1050.7
1365890 1050.7
1365900 1055.3
1365910 1059.8
1365920 1059.8
1365930 1064.1
1365940 1068.5
1365950 1068.5
1365960 1073.1
1365970 1077.5
1365980 1077.5
1365990 1082.9
1366000 1086.3
1366010 1086.3
1366020 1090.1
1366030 1093.4
1366040 1093.4
1366050 1096.5
1366060 1099.4
1366070 1099.4
1366080 1105.5
1366090 1108.5
1366100 1111.8
1366110 1111.8
1366120 1115.4
1366130 1118.8
1366140 1118.8
1366150 1122.2
1366160 1125.8
1366170 1125.8
1366180 1128.9
1366190 1132.1
1366200 1132.1
1366210 1135.3
1366220 1138.2
1366230 1138.2
1366240 1141.6
1366250 1145.0
1366260 1145.0
1366270 1148.2
1366280 1151.5
1366290 1151.5
1366300 1155.1
1366310 1159.1
1366320 1159.1
1366330 1163.2
1366340 1166.2
1366350 1167.8
1366360 1167.8
1366370 1170.3
1366380 1171.9
1366390 1171.9
1366400 1173.1
1366410 1174.6
1366420 1174.6
1366430 1175.6
1366440 1176.6
1366450 1176.6
1366460 1179.0
1366470 1181.2
1366480 1181.2
1366490 1183.4
1366500 1185.5
1366510 1185.5
1366520 1187.6
1366530 1189.1
1366540 1189.1
1366550 1190.4
1366560 1192.1
1366570 1192.1
1366580 1194.0
1366590 1196.0
1366600 1198.2
1366610 1198.2
1366620 1200.8
1366630 1203.7
1366640 1203.7
1366650 1206.6
1366660 1208.9
1366670 1208.9
1366680 1209.9
1366690 1210.6
1366700 1210.6
1366710 1211.6
1366720 1212.8
1366730 1212.8
1366740 1214.0
1366750 1215.5
1366760 1215.5
1366770 1217.9
1366780 1219.5
1366790 1219.5
1366800 1219.5
1366810 1219.7
1366820 1219.7
1366830 1222.1
1366840 1224.7
1366850 1228.0
1366860 1228.0
1366870 1231.3
1366880 1233.9
1366890 1233.9
1366900 1235.7
1366910 1237.3
1366920 1237.3
1366930 1238.1
1366940 1239.2
1366950 1239.2
1366960 1243.2
1366970 1246.7
1366980 1246.7
1366990 1248.5
1367000 1249.3
1367010 1249.3
1367020 1250.3
1367030 1251.0
1367040 1251.0
1367050 1251.8
1367060 1253.1
1367070 1253.1
1367080 1254.6
1367090 1256.7
1367100 1257.9
1367110 1257.9
1367120 1256.9
1367130 1255.9
1367140 1255.9
1367150 1255.6
1367160 1265.3
1367170 1265.3
1367180 1267.0
1367190 1268.4
1367200 1268.4
1367210 1269.1
1367220 1269.7
1367230 1269.7
1367240 1272.0
1367250 1275.2
1367260 1275.2
1367270 1276.3
1367280 1277.4
1367290 1277.4
1367300 1278.7
1367310 1281.2
1367320 1281.2
1367330 1283.9
1367340 1286.4
1367350 1287.6
1367360 1287.6
1367370 1288.9
1367380 1290.5
1367390 1290.5
1367400 1294.2
1367410 1296.7
1367420 1296.7
1367430 1298.7
1367440 1300.6
1367450 1300.6
1367460 1299.2
1367470 1297.2
1367480 1297.2
1367490 1294.7
1367500 1290.8
1367510 1290.8
1367520 1285.6
1367530 1282.9
1367540 1282.9
1367550 1281.8
1367560 1280.7
1367570 1280.7
1367580 1279.2
1367590 1279.0
1367600 1283.6
1367610 1283.6
1367620 1285.4
1367630 1280.7
1367640 1280.7
1367650 1276.4
1367660 1274.6
1367670 1274.6
1367680 1275.1
1367690 1273.5
1367700 1273.5
1367710 1271.0
1367720 1270.7
1367730 1270.7
1367740 1267.3
1367750 1266.4
1367760 1266.4
1367770 1265.0
1367780 1264.0
1367790 1264.0
1367800 1263.2
1367810 1262.4
1367820 1262.4
1367830 1262.8
1367840 1262.5
1367850 1261.1
1367860 1261.1
1367870 1261.6
1367880 1264.2
1367890 1264.2
1367900 1266.9
1367910 1268.7
1367920 1268.7
1367930 1268.2
1367940 1266.5
1367950 1266.5
1367960 1265.1
1367970 1265.0
1367980 1265.0
1367990 1266.3
1368000 1268.7
1368010 1268.7
1368020 1272.6
1368030 1275.0
1368040 1275.0
1368050 1276.4
1368060 1276.5
1368070 1276.5
1368080 1274.9
1368090 1271.8
1368100 1267.3
1368110 1267.3
1368120 1264.8
1368130 1264.3
1368140 1264.3
1368150 1263.0
1368160 1261.1
1368170 1261.1
1368180 1262.3
1368190 1263.2
1368200 1263.2
1368210 1261.6
1368220 1256.8
1368230 1256.8
1368240 1256.2
1368250 1266.0
1368260 1266.0
1368270 1265.4
1368280 1264.0
1368290 1264.0
1368300 1261.7
1368310 1259.7
1368320 1259.7
1368330 1261.6
1368340 1258.9
1368350 1258.1
1368360 1258.1
1368370 1258.4
1368380 1255.8
1368390 1255.8
1368400 1256.0
1368410 1256.6
1368420 1256.6
1368430 1256.3
1368440 1255.9
1368450 1255.9
1368460 1254.5
1368470 1254.6
1368480 1254.6
1368490 1254.6
1368500 1254.7
1368510 1254.7
1368520 1251.9
1368530 1245.5
1368540 1245.5
1368550 1242.2
1368560 1234.9
1368570 1234.9
1368580 1226.3
1368590 1222.0
1368600 1232.4
1368610 1232.4
1368620 1241.1
1368630 1244.9
1368640 1244.9
1368650 1255.8
1368660 1256.7
1368670 1256.7
1368680 1257.4
1368690 1257.7
1368700 1257.7
1368710 1256.4
1368720 1254.9
1368730 1254.9
1368740 1253.1
1368750 1252.1
1368760 1252.1
1368770 1250.1
1368780 1248.9
1368790 1248.9
1368800 1246.9
1368810 1243.8
1368820 1243.8
1368830 1240.6
1368840 1241.3
1368850 1241.3
1368860 1243.0
1368870 1247.6
1368880 1250.0
1368890 1250.0
1368900 1252.3
1368910 1255.7
1368920 1255.7
1368930 1257.8
1368940 1261.3
1368950 1261.3
1368960 1265.6
1368970 1271.7
1368980 1271.7
1368990 1279.8
1369000 1287.7
1369010 1287.7
1369020 1296.9
1369030 1301.9
1369040 1301.9
1369050 1304.2
1369060 1304.4
1369070 1304.4
1369080 1303.3
1369090 1303.5
1369100 1303.5
1369110 1306.9
1369120 1310.8
1369130 1315.0
1369140 1315.0
1369150 1318.1
1369160 1319.3
1369170 1319.3
1369180 1319.3
1369190 1319.7
1369200 1319.7
1369210 1320.4
1369220 1321.4
1369230 1321.4
1369240 1322.8
1369250 1323.6
1369260 1323.6
1369270 1323.4
1369280 1323.8
1369290 1323.8
1369300 1324.5
1369310 1323.9
1369320 1323.9
1369330 1324.4
1369340 1325.7
1369350 1330.8
1369360 1333.5
1369370 1337.5
1369380 1339.5
1369390 1339.5
1369400 1341.5
1369410 1343.5
1369420 1343.5
1369430 1344.1
1369440 1344.8
1369450 1344.8
1369460 1346.3
1369470 1348.1
1369480 1348.1
1369490 1349.4
1369500 1349.7
1369510 1349.7
1369520 1348.9
1369530 1348.6
1369540 1348.6
1369550 1349.3
1369560 1349.4
1369570 1349.4
1369580 1349.8
1369590 1350.0
1369600 1350.0
1369610 1349.6
1369620 1348.2
1369630 1347.2
1369640 1347.2
1369650 1347.0
1369660 1346.8
1369670 1346.8
1369680 1346.4
1369690 1346.8
1369700 1346.8
1369710 1347.2
1369720 1347.4
1369730 1347.4
1369740 1347.2
1369750 1346.9
1369760 1346.9
1369770 1346.4
1369780 1345.8
1369790 1345.8
1369800 1345.2
1369810 1344.3
1369820 1344.3
1369830 1343.4
1369840 1342.3
1369850 1342.3
1369860 1341.3
1369870 1339.7
1369880 1332.9
1369890 1332.9
1369900 1326.1
1369910 1318.9
1369920 1318.9
1369930 1311.0
1369940 1304.1
1369950 1304.1
1369960 1297.8
1369970 1290.8
1369980 1290.8
1369990 1284.6
1370000 1277.9
1370010 1277.9
1370020 1270.1
1370030 1262.4
1370040 1262.4
1370050 1256.5
1370060 1249.7
1370070 1249.7
1370080 1246.9
1370090 1250.1
1370100 1250.1
1370110 1252.2
1370120 1255.1
1370130 1259.0
1370140 1259.0
1370150 1262.9
1370160 1266.5
1370170 1266.5
1370180 1269.9
1370190 1275.5
1370200 1275.5
1370210 1282.5
1370220 1289.3
1370230 1289.3
1370240 1296.7
1370250 1300.8
1370260 1300.8
1370270 1299.9
1370280 1297.3
1370290 1297.3
1370300 1296.8
1370310 1297.1
1370320 1297.1
1370330 1299.7
1370340 1300.7
1370350 1300.7
1370360 1301.9
1370370 1303.7
1370380 1306.3
1370390 1306.3
1370400 1307.8
1370410 1307.5
1370420 1307.5
1370430 1305.4
1370440 1302.9
1370450 1304.6
1370460 1301.9
1370470 1297.8
1370480 1297.8
1370490 1295.2
1370500 1295.3
1370510 1295.3
1370520 1295.4
1370530 1295.0
1370540 1295.0
1370550 1298.0
1370560 1300.6
1370570 1300.6
1370580 1302.0
1370590 1302.9
1370600 1302.9
1370610 1302.8
1370620 1302.1
1370630 1302.4
1370640 1302.4
1370650 1302.8
1370660 1301.7
1370670 1301.7
1370680 1301.5
1370690 1299.9
1370700 1299.9
1370710 1298.1
1370720 1296.1
1370730 1296.1
1370740 1295.1
1370750 1295.4
1370760 1295.4
1370770 1296.1
1370780 1298.4
1370790 1298.4
1370800 1300.3
1370810 1304.0
1370820 1304.0
1370830 1307.4
1370840 1310.7
1370850 1310.7
1370860 1314.6
1370870 1317.2
1370880 1317.8
1370890 1317.8
1370900 1318.8
1370910 1320.6
1370920 1320.6
1370930 1325.2
1370940 1325.0
1370950 1325.0
1370960 1324.5
1370970 1326.9
1370980 1326.9
1370990 1330.5
1371000 1330.1
1371010 1330.1
1371020 1327.2
1371030 1326.2
1371040 1326.2
1371050 1327.1
1371060 1327.0
1371070 1327.0
1371080 1324.9
1371090 1320.9
1371100 1320.9
1371110 1317.6
1371120 1314.0
1371130 1311.7
1371140 1311.7
1371150 1309.6
1371160 1306.2
1371170 1306.2
1371180 1304.2
1371190 1303.3
1371200 1303.3
1371210 1300.9
1371220 1294.6
1371230 1294.6
1371240 1289.9
1371250 1285.3
1371260 1285.3
1371270 1280.0
1371280 1275.3
1371290 1275.3
1371300 1271.4
1371310 1267.3
1371320 1267.3
1371330 1261.4
1371340 1254.7
1371350 1254.7
1371360 1249.0
1371370 1246.2
1371380 1247.4
1371390 1247.4
1371400 1245.9
1371410 1243.4
1371420 1243.4
1371430 1240.0
1371440 1235.9
1371450 1235.9
1371460 1231.9
1371470 1228.2
1371480 1228.2
1371490 1223.5
1371500 1219.5
1371510 1219.5
1371520 1216.6
1371530 1217.2
1371540 1217.2
1371550 1215.3
1371560 1211.2
1371570 1215.8
1371580 1211.7
1371590 1207.5
1371600 1207.5
1371610 1204.6
1371620 1204.4
1371630 1205.1
1371640 1205.1
1371650 1204.3
1371660 1203.4
1371670 1203.4
1371680 1203.4
1371690 1201.8
1371700 1201.8
1371710 1200.7
1371720 1200.8
1371730 1200.8
1371740 1209.3
1371750 1212.4
1371760 1212.4
1371770 1210.1
1371780 1202.4
1371790 1202.4
1371800 1193.8
1371810 1181.2
1371820 1181.2
1371830 1173.4
1371840 1172.6
1371850 1172.6
1371860 1170.4
1371870 1163.2
1371880 1163.5
1371890 1163.5
1371900 1160.3
1371910 1155.2
1371920 1155.2
1371930 1147.3
1371940 1143.4
1371950 1143.4
1371960 1143.4
1371970 1144.2
1371980 1144.2
1371990 1142.5
1372000 1140.0
1372010 1140.0
1372020 1136.3
1372030 1130.8
1372040 1130.8
1372050 1105.6
1372060 1094.0
1372070 1094.0
1372080 1094.1
1372090 1094.2
1372100 1094.2
1372110 1084.4
1372120 1071.2
1372130 1056.5
1372140 1056.5
1372150 1043.2
1372160 1037.7
1372170 1037.7
1372180 1034.8
1372190 1031.5
1372200 1031.5
1372210 1025.6
1372220 1019.4
1372230 1019.4
1372240 1015.6
1372250 1011.7
1372260 1011.7
1372270 1007.3
1372280 1004.2
1372290 1004.2
1372300 1002.2
1372310 997.7
1372320 997.7
1372330 998.8
1372340 994.3
1372350 994.3
1372360 990.6
1372370 987.9
1372380 984.5
1372390 984.5
1372400 982.5
1372410 980.7
1372420 980.7
1372430 978.6
1372440 976.1
1372450 976.1
1372460 972.8
1372470 969.2
1372480 969.2
1372490 966.5
1372500 964.6
1372510 964.6
1372520 961.8
1372530 953.3
1372540 953.3
1372550 946.8
1372560 945.8
1372570 945.8
1372580 948.9
1372590 955.8
1372600 955.8
1372610 962.2
1372620 966.8
1372630 971.5
1372640 971.5
1372650 976.8
1372660 981.8
1372670 981.8
1372680 985.9
1372690 990.8
1372700 990.8
1372710 1002.8
1372720 1006.6
1372730 1006.6
1372740 1010.3
1372750 1013.0
1372760 1013.0
1372770 1017.3
1372780 1020.9
1372790 1020.9
1372800 1027.6
1372810 1033.4
1372820 1033.4
1372830 1038.8
1372840 1043.6
1372850 1043.6
1372860 1047.7
1372870 1052.1
1372880 1057.3
1372890 1057.3
1372900 1066.2
1372910 1073.2
1372920 1073.2
1372930 1077.8
1372940 1083.1
1372950 1083.1
1372960 1087.8
1372970 1097.5
1372980 1097.5
1372990 1105.2
1373000 1111.1
1373010 1111.1
1373020 1118.4
1373030 1127.3
1373040 1127.3
1373050 1135.0
1373060 1140.9
1373070 1140.9
1373080 1146.3
1373090 1152.1
1373100 1152.1
1373110 1156.6
1373120 1161.1
1373130 1165.6
1373140 1165.6
1373150 1169.8
1373160 1174.3
1373170 1174.3
1373180 1181.8
1373190 1193.1
1373200 1193.1
1373210 1204.2
1373220 1209.4
1373230 1209.4
1373240 1213.9
1373250 1217.2
1373260 1217.2
1373270 1221.9
1373280 1228.4
1373290 1228.4
1373300 1235.3
1373310 1243.7
1373320 1243.7
1373330 1253.0
1373340 1260.4
1373350 1260.4
1373360 1277.9
1373370 1322.5
1373380 1322.5
1373390 1368.3
1373400 1383.6
1373410 1400.3
1373420 1400.3
1373430 1429.1
1373440 1444.3
1373450 1444.3
1373460 1455.4
1373470 1466.7
1373480 1466.7
1373490 1473.2
1373500 1473.6
1373510 1473.6
1373520 1478.2
1373530 1479.4
1373540 1479.4
1373550 1483.4
1373560 1491.7
1373570 1491.7
1373580 1502.8
1373590 1518.6
1373600 1518.6
1373610 1529.2
1373620 1537.9
1373630 1537.9
1373640 1540.9
1373650 1548.8
1373660 1559.6
1373670 1559.6
1373680 1572.7
1373690 1580.6
1373700 1580.6
1373710 1583.2
1373720 1585.9
1373730 1585.9
1373740 1590.3
1373750 1599.2
1373760 1599.2
1373770 1613.9
1373780 1627.1
1373790 1627.1
1373800 1637.8
1373810 1647.5
1373820 1647.5
1373830 1656.8
1373840 1667.1
1373850 1669.4
1373860 1676.9
1373870 1685.4
1373880 1685.4
1373890 1693.8
1373900 1701.8
1373910 1707.4
1373920 1707.4
1373930 1711.4
1373940 1716.9
1373950 1716.9
1373960 1724.1
1373970 1730.0
1373980 1730.0
1373990 1735.8
1374000 1742.3
1374010 1742.3
1374020 1749.7
1374030 1756.7
1374040 1756.7
1374050 1766.3
1374060 1780.1
1374070 1780.1
1374080 1789.9
1374090 1802.6
1374100 1802.6
1374110 1824.0
1374120 1840.2
1374130 1840.2
1374140 1843.5
1374150 1848.1
1374160 1852.5
1374170 1852.5
1374180 1854.1
1374190 1856.6
1374200 1856.6
1374210 1858.9
1374220 1858.9
1374230 1858.9
1374240 1858.4
1374250 1858.6
1374260 1858.6
1374270 1857.8
1374280 1858.1
1374290 1858.1
1374300 1858.8
1374310 1860.2
1374320 1860.2
1374330 1862.7
1374340 1865.9
1374350 1865.9
1374360 1869.0
1374370 1873.1
1374380 1873.1
1374390 1876.9
1374400 1879.8
1374410 1883.2
1374420 1883.2
1374430 1887.4
1374440 1891.9
1374450 1891.9
1374460 1895.6
1374470 1900.7
1374480 1900.7
1374490 1906.3
1374500 1912.0
1374510 1912.0
1374520 1917.5
1374530 1923.2
1374540 1923.2
1374550 1928.0
1374560 1933.2
1374570 1933.2
1374580 1939.6
1374590 1946.0
1374600 1946.0
1374610 1952.1
1374620 1959.6
1374630 1959.6
1374640 1968.7
1374650 1977.0
1374660 1985.0
1374670 1985.0
1374680 1994.8
1374690 2004.7
1374700 2004.7
1374710 2014.3
1374720 2024.4
1374730 2024.4
1374740 2037.6
1374750 2049.3
1374760 2049.3
1374770 2057.8
1374780 2064.1
1374790 2064.1
1374800 2069.2
1374810 2074.0
1374820 2074.0
1374830 2079.2
1374840 2086.5
1374850 2086.5
1374860 2094.7
1374870 2103.1
1374880 2103.1
1374890 2112.9
1374900 2125.8
1374910 2137.9
1374920 2137.9
1374930 2150.3
1374940 2165.8
1374950 2165.8
1374960 2172.9
1374970 2179.0
1374980 2179.0
1374990 2186.2
1375000 2197.9
1375010 2197.9
1375020 2202.5
1375030 2208.7
1375040 2208.7
1375050 2215.0
1375060 2220.9
1375070 2220.9
1375080 2225.3
1375090 2227.3
1375100 2227.3
1375110 2229.8
1375120 2229.1
1375130 2229.1
1375140 2225.3
1375150 2220.6
1375160 2213.2
1375170 2213.2
1375180 2205.4
1375190 2197.7
1375200 2197.7
1375210 2190.1
1375220 2182.7
1375230 2182.7
1375240 2175.6
1375250 2168.2
1375260 2168.2
1375270 2160.8
1375280 2153.2
1375290 2153.2
1375300 2145.8
1375310 2138.4
1375320 2138.4
1375330 2130.9
1375340 2123.6
1375350 2123.6
1375360 2116.6
1375370 2109.7
1375380 2109.7
1375390 2105.1
1375400 2100.3
1375410 2091.6
1375420 2091.6
1375430 2082.1
1375440 2074.4
1375450 2074.4
1375460 2067.4
1375470 2061.6
1375480 2061.6
1375490 2056.1
1375500 2049.4
1375510 2049.4
1375520 2043.3
1375530 2037.8
1375540 2037.8
1375550 2032.8
1375560 2028.4
1375570 2028.4
1375580 2025.4
1375590 2021.6
1375600 2021.6
1375610 2018.0
1375620 2014.3
1375630 2014.3
1375640 2010.7
1375650 2005.6
1375660 2000.5
1375670 2000.5
1375680 1999.1
1375690 1997.8
1375700 1997.8
1375710 1995.8
1375720 1995.9
1375730 1995.9
1375740 1998.4
1375750 2000.4
1375760 2000.4
1375770 2001.7
1375780 2003.2
1375790 2003.2
1375800 2004.7
1375810 2008.2
1375820 2008.2
1375830 2012.2
1375840 2015.2
1375850 2015.2
1375860 2017.6
1375870 2018.8
1375880 2018.8
1375890 2019.2
1375900 2019.0
1375910 2018.4
1375920 2018.4
1375930 2017.2
1375940 2015.8
1375950 2015.8
1375960 2014.6
1375970 2014.1
1375980 2014.1
1375990 2014.4
1376000 2017.8
1376010 2017.8
1376020 2022.2
1376030 2024.1
1376040 2024.1
1376050 2024.2
1376060 2025.0
1376070 2025.0
1376080 2025.2
1376090 2025.3
1376100 2025.3
1376110 2027.0
1376120 2029.2
1376130 2029.2
1376140 2031.1
1376150 2032.5
1376160 2033.5
1376170 2039.3
1376180 2039.9
1376190 2040.6
1376200 2040.6
1376210 2040.8
1376220 2042.8
1376230 2042.8
1376240 2046.6
1376250 2052.5
1376260 2052.5
1376270 2059.9
1376280 2064.4
1376290 2064.4
1376300 2065.3
1376310 2067.3
1376320 2067.3
1376330 2070.8
1376340 2075.7
1376350 2075.7
1376360 2082.0
1376370 2086.5
1376380 2086.5
1376390 2088.2
1376400 2089.9
1376410 2089.5
1376420 2089.5
1376430 2088.3
1376440 2084.2
1376450 2084.2
1376460 2079.1
1376470 2076.0
1376480 2076.0
1376490 2075.0
1376500 2077.1
1376510 2077.1
1376520 2078.9
1376530 2079.9
1376540 2079.9
1376550 2081.0
1376560 2082.8
1376570 2082.8
1376580 2085.3
1376590 2088.2
1376600 2088.2
1376610 2092.3
1376620 2097.6
1376630 2097.6
1376640 2103.2
1376650 2110.0
1376660 2116.4
1376670 2116.4
1376680 2120.9
1376690 2126.1
1376700 2126.1
1376710 2130.6
1376720 2136.1
1376730 2136.1
1376740 2142.5
1376750 2154.5
1376760 2154.5
1376770 2173.2
1376780 2183.4
1376790 2183.4
1376800 2192.7
1376810 2200.3
1376820 2200.3
1376830 2207.6
1376840 2211.9
1376850 2211.9
1376860 2216.9
1376870 2223.6
1376880 2223.6
1376890 2229.2
1376900 2229.3
1376910 2224.4
1376920 2224.4
1376930 2219.4
1376940 2215.7
1376950 2215.7
1376960 2212.4
1376970 2208.3
1376980 2208.3
1376990 2202.9
1377000 2197.7
1377010 2197.7
1377020 2190.3
1377030 2183.1
1377040 2183.1
1377050 2176.6
1377060 2171.5
1377070 2171.5
1377080 2169.9
1377090 2168.2
1377100 2168.2
1377110 2167.2
1377120 2165.4
1377130 2165.4
1377140 2163.2
1377150 2162.4
1377160 2163.0
1377170 2163.0
1377180 2163.8
1377190 2163.8
1377200 2163.8
1377210 2164.1
1377220 2165.0
1377230 2165.0
1377240 2164.6
1377250 2162.7
1377260 2162.7
1377270 2159.2
1377280 2154.7
1377290 2154.7
1377300 2151.7
1377310 2150.4
1377320 2150.4
1377330 2150.8
1377340 2151.6
1377350 2151.3
1377360 2152.4
1377370 2154.8
1377380 2154.8
1377390 2157.3
1377400 2157.7
1377410 2159.5
1377420 2159.5
1377430 2161.6
1377440 2162.3
1377450 2162.3
1377460 2161.4
1377470 2159.7
1377480 2159.7
1377490 2157.7
1377500 2157.3
1377510 2157.3
1377520 2156.0
1377530 2152.8
1377540 2152.8
1377550 2149.5
1377560 2141.6
1377570 2141.6
1377580 2132.9
1377590 2127.1
1377600 2127.1
1377610 2121.7
1377620 2117.3
1377630 2117.3
1377640 2114.3
1377650 2114.4
1377660 2113.7
1377670 2113.7
1377680 2113.3
1377690 2113.5
1377700 2113.5
1377710 2112.2
1377720 2108.2
1377730 2108.2
1377740 2103.3
1377750 2102.9
1377760 2102.9
1377770 2103.7
1377780 2104.6
1377790 2104.6
1377800 2100.4
1377810 2093.7
1377820 2093.7
1377830 2080.2
1377840 2065.9
1377850 2065.9
1377860 2057.5
1377870 2050.0
1377880 2050.0
1377890 2042.8
1377900 2037.8
1377910 2034.0
1377920 2034.0
1377930 2030.8
1377940 2028.4
1377950 2028.4
1377960 2028.1
1377970 2029.6
1377980 2029.6
1377990 2032.1
1378000 2034.6
1378010 2034.6
1378020 2036.1
1378030 2035.7
1378040 2035.7
1378050 2035.6
1378060 2035.3
1378070 2035.3
1378080 2034.8
1378090 2034.5
1378100 2034.5
1378110 2033.8
1378120 2033.2
1378130 2033.2
1378140 2032.7
1378150 2031.6
1378160 2030.5
1378170 2030.5
1378180 2029.6
1378190 2028.5
1378200 2028.5
1378210 2025.4
1378220 2020.5
1378230 2020.5
1378240 2017.7
1378250 2013.4
1378260 2013.4
1378270 2004.9
1378280 1998.8
1378290 1998.8
1378300 1993.3
1378310 1990.9
1378320 1990.9
1378330 1990.5
1378340 1989.7
1378350 1989.7
1378360 1990.1
1378370 1989.3
1378380 1989.3
1378390 1987.8
1378400 1989.9
1378410 1989.9
1378420 1993.1
1378430 1990.4
1378440 1984.5
1378450 1984.5
1378460 1978.8
1378470 1976.4
1378480 1976.4
1378490 1971.3
1378500 1965.1
1378510 1965.1
1378520 1957.2
1378530 1949.4
1378540 1949.4
1378550 1937.1
1378560 1931.8
1378570 1931.8
1378580 1925.3
1378590 1919.2
1378600 1919.2
1378610 1912.6
1378620 1904.1
1378630 1904.1
1378640 1895.0
1378650 1886.2
1378660 1886.2
1378670 1874.4
1378680 1867.1
1378690 1860.4
1378700 1860.4
1378710 1852.6
1378720 1843.8
1378730 1843.8
1378740 1835.1
1378750 1828.5
1378760 1828.5
1378770 1822.3
1378780 1816.3
1378790 1816.3
1378800 1810.6
1378810 1804.0
1378820 1804.0
1378830 1797.9
1378840 1791.3
1378850 1791.3
1378860 1783.1
1378870 1774.4
1378880 1774.4
1378890 1768.4
1378900 1763.8
1378910 1763.8
1378920 1759.2
1378930 1754.7
1378940 1751.1
1378950 1751.1
1378960 1746.6
1378970 1742.5
1378980 1742.5
1378990 1738.6
1379000 1734.5
1379010 1734.5
1379020 1729.0
1379030 1723.5
1379040 1723.5
1379050 1717.6
1379060 1712.5
1379070 1712.5
1379080 1708.1
1379090 1704.3
1379100 1704.3
1379110 1701.4
1379120 1698.5
1379130 1698.5
1379140 1694.8
1379150 1690.9
1379160 1690.9
1379170 1686.3
1379180 1681.0
1379190 1675.7
1379200 1675.7
1379210 1670.4
1379220 1666.0
1379230 1666.0
1379240 1662.3
1379250 1657.2
1379260 1657.2
1379270 1653.2
1379280 1650.8
1379290 1650.8
1379300 1647.8
1379310 1644.6
1379320 1644.6
1379330 1640.6
1379340 1636.7
1379350 1636.7
1379360 1632.6
1379370 1628.0
1379380 1628.0
1379390 1622.9
1379400 1618.2
1379410 1618.2
1379420 1614.8
1379430 1610.2
1379440 1604.4
1379450 1604.4
1379460 1598.5
1379470 1592.6
1379480 1592.6
1379490 1586.9
1379500 1581.0
1379510 1581.0
1379520 1574.9
1379530 1567.0
1379540 1567.0
1379550 1557.3
1379560 1547.8
1379570 1547.8
1379580 1541.9
1379590 1537.8
1379600 1537.8
1379610 1530.6
1379620 1523.1
1379630 1523.1
1379640 1517.5
1379650 1511.0
1379660 1511.0
1379670 1505.3
1379680 1499.7
1379690 1496.8
1379700 1496.8
1379710 1494.0
1379720 1491.3
1379730 1491.3
1379740 1487.4
1379750 1475.1
1379760 1475.1
1379770 1468.6
1379780 1463.4
1379790 1463.4
1379800 1458.9
1379810 1452.6
1379820 1452.6
1379830 1446.2
1379840 1440.7
1379850 1440.7
1379860 1436.4
1379870 1435.6
1379880 1435.6
1379890 1440.6
1379900 1442.7
1379910 1442.7
1379920 1442.5
1379930 1442.4
1379940 1443.5
1379950 1443.5
1379960 1444.7
1379970 1446.4
1379980 1446.4
1379990 1449.6
