1360000 1133.3
1360010 1133.9
1360020 1133.9
1360030 1135.8
1360040 1138.6
1360050 1138.6
1360060 1140.9
1360070 1142.6
1360080 1142.6
1360090 1144.0
1360100 1145.7
1360110 1145.7
1360120 1146.9
1360130 1148.1
1360140 1148.1
1360150 1149.1
1360160 1150.1
1360170 1150.1
1360180 1151.2
1360190 1152.2
1360200 1153.0
1360210 1153.0
1360220 1154.8
1360230 1157.4
1360240 1157.4
1360250 1160.5
1360260 1161.7
1360270 1161.7
1360280 1161.3
1360290 1161.6
1360300 1161.6
1360310 1166.3
1360320 1164.1
1360330 1164.1
1360340 1161.6
1360350 1157.0
1360360 1157.0
1360370 1154.5
1360380 1152.6
1360390 1152.6
1360400 1151.2
1360410 1150.4
1360420 1150.4
1360430 1152.7
1360440 1154.8
1360450 1154.9
1360460 1154.9
1360470 1154.2
1360480 1153.9
1360490 1153.9
1360500 1154.9
1360510 1156.4
1360520 1156.4
1360530 1159.3
1360540 1162.1
1360550 1162.1
1360560 1159.5
1360570 1156.0
1360580 1156.0
1360590 1157.0
1360600 1156.5
1360610 1156.5
1360620 1156.9
1360630 1157.7
1360640 1157.7
1360650 1158.7
1360660 1159.6
1360670 1159.6
1360680 1160.1
1360690 1162.0
1360700 1163.9
1360710 1163.9
1360720 1166.2
1360730 1169.7
1360740 1169.7
1360750 1172.1
1360760 1174.8
1360770 1174.8
1360780 1174.5
1360790 1173.5
1360800 1173.5
1360810 1172.7
1360820 1170.6
1360830 1170.6
1360840 1169.9
1360850 1169.9
1360860 1169.9
1360870 1169.9
1360880 1170.5
1360890 1170.5
1360900 1170.8
1360910 1170.8
1360920 1170.8
1360930 1170.1
1360940 1168.6
1360950 1168.1
1360960 1168.1
1360970 1167.8
1360980 1168.6
1360990 1168.6
1361000 1168.2
1361010 1168.9
1361020 1168.9
1361030 1170.5
1361040 1172.7
1361050 1172.7
1361060 1174.3
1361070 1177.5
1361080 1177.5
1361090 1182.2
1361100 1186.4
1361110 1186.4
1361120 1189.6
1361130 1191.8
1361140 1191.8
1361150 1193.3
1361160 1192.9
1361170 1192.9
1361180 1187.5
1361190 1184.4
1361200 1186.2
1361210 1186.2
1361220 1193.3
1361230 1195.8
1361240 1195.8
1361250 1194.5
1361260 1196.1
1361270 1196.1
1361280 1201.8
1361290 1208.0
1361300 1208.0
1361310 1214.2
1361320 1218.7
1361330 1223.8
1361340 1226.4
1361350 1225.4
1361360 1225.4
1361370 1223.4
1361380 1221.2
1361390 1221.2
1361400 1216.7
1361410 1206.7
1361420 1206.7
1361430 1196.3
1361440 1185.4
1361450 1176.3
1361460 1176.3
1361470 1168.8
1361480 1164.1
1361490 1164.1
1361500 1161.1
1361510 1158.9
1361520 1158.9
1361530 1156.1
1361540 1153.0
1361550 1153.0
1361560 1150.0
1361570 1146.6
1361580 1146.6
1361590 1144.7
1361600 1143.7
1361610 1143.7
1361620 1143.2
1361630 1143.3
1361640 1143.3
1361650 1144.3
1361660 1147.3
1361670 1147.3
1361680 1149.7
1361690 1150.5
1361700 1151.8
1361710 1151.8
1361720 1153.4
1361730 1151.3
1361740 1151.3
1361750 1149.3
1361760 1148.0
1361770 1148.0
1361780 1146.3
1361790 1143.9
1361800 1143.9
1361810 1141.2
1361820 1138.5
1361830 1138.5
1361840 1136.9
1361850 1135.8
1361860 1135.8
1361870 1135.1
1361880 1135.3
1361890 1135.3
1361900 1135.8
1361910 1136.6
1361920 1136.6
1361930 1137.2
1361940 1138.1
1361950 1138.1
1361960 1138.6
1361970 1139.0
1361980 1139.8
1361990 1139.8
1362000 1140.0
1362010 1139.1
1362020 1139.1
1362030 1137.9
1362040 1138.4
1362050 1138.4
1362060 1138.6
1362070 1138.9
1362080 1138.9
1362090 1136.7
1362100 1135.8
1362110 1135.8
1362120 1132.7
1362130 1127.6
1362140 1127.6
1362150 1122.4
1362160 1118.3
1362170 1118.3
1362180 1115.4
1362190 1112.7
1362200 1112.7
1362210 1109.4
1362220 1106.9
1362230 1104.3
1362240 1104.3
1362250 1100.1
1362260 1095.3
1362270 1095.3
1362280 1090.8
1362290 1086.6
1362300 1086.6
1362310 1082.8
1362320 1081.0
1362330 1081.0
1362340 1079.2
1362350 1075.0
1362360 1075.0
1362370 1072.7
1362380 1069.2
1362390 1069.2
1362400 1067.6
1362410 1066.8
1362420 1066.8
1362430 1064.8
1362440 1062.0
1362450 1062.0
1362460 1059.3
1362470 1056.5
1362480 1054.0
1362490 1054.0
1362500 1050.6
1362510 1045.6
1362520 1045.6
1362530 1040.0
1362540 1033.5
1362550 1033.5
1362560 1027.7
1362570 1023.5
1362580 1023.5
1362590 1019.0
1362600 1012.9
1362610 1012.9
1362620 1006.8
1362630 1000.0
1362640 1000.0
1362650 993.3
1362660 988.9
1362670 988.9
1362680 984.5
1362690 979.3
1362700 979.3
1362710 974.2
1362720 969.3
1362730 964.6
1362740 964.6
1362750 960.1
1362760 955.7
1362770 955.7
1362780 951.3
1362790 946.7
1362800 946.7
1362810 942.3
1362820 937.9
1362830 937.9
1362840 933.5
1362850 929.3
1362860 929.3
1362870 925.1
1362880 921.2
1362890 921.2
1362900 917.4
1362910 914.3
1362920 914.3
1362930 912.4
1362940 909.6
1362950 909.6
1362960 906.2
1362970 902.3
1362980 898.2
1362990 898.2
1363000 894.2
1363010 890.4
1363020 890.4
1363030 887.6
1363040 884.2
1363050 884.2
1363060 880.8
1363070 877.4
1363080 877.4
1363090 874.2
1363100 871.7
1363110 871.7
1363120 869.2
1363130 866.6
1363140 866.6
1363150 864.0
1363160 861.3
1363170 861.3
1363180 860.1
1363190 860.3
1363200 860.3
1363210 860.2
1363220 859.8
1363230 859.5
1363240 859.5
1363250 859.4
1363260 859.5
1363270 859.5
1363280 859.9
1363290 860.6
1363300 860.6
1363310 861.1
1363320 861.3
1363330 861.3
1363340 861.4
1363350 861.1
1363360 861.1
1363370 860.8
1363380 860.6
1363390 860.6
1363400 860.7
1363410 860.8
1363420 861.1
1363430 861.4
1363440 861.7
1363450 861.7
1363460 862.0
1363470 860.1
1363480 860.7
1363490 860.7
1363500 861.8
1363510 860.6
1363520 860.6
1363530 859.4
1363540 858.9
1363550 858.9
1363560 858.7
1363570 858.5
1363580 858.5
1363590 858.4
1363600 858.3
1363610 858.3
1363620 858.3
1363630 858.2
1363640 858.2
1363650 858.1
1363660 857.9
1363670 857.9
1363680 857.7
1363690 857.5
1363700 857.5
1363710 857.3
1363720 857.0
1363730 856.6
1363740 856.6
1363750 856.4
1363760 856.4
1363770 856.4
1363780 856.5
1363790 856.1
1363800 856.1
1363810 855.9
1363820 855.8
1363830 855.8
1363840 855.7
1363850 855.6
1363860 855.6
1363870 855.5
1363880 855.5
1363890 855.5
1363900 855.4
1363910 855.4
1363920 855.4
1363930 855.1
1363940 855.0
1363950 855.0
1363960 855.0
1363970 854.9
1363980 854.8
1363990 854.8
1364000 854.9
1364010 854.9
1364020 854.9
1364030 854.9
1364040 854.7
1364050 854.7
1364060 854.7
1364070 854.5
1364080 854.5
1364090 854.1
1364100 854.0
1364110 854.0
1364120 854.0
1364130 853.9
1364140 853.9
1364150 853.9
1364160 853.9
1364170 853.9
1364180 853.7
1364190 853.4
1364200 853.4
1364210 853.2
1364220 853.1
1364230 852.7
1364240 852.7
1364250 852.4
1364260 852.1
1364270 852.1
1364280 851.6
1364290 851.4
1364300 851.4
1364310 851.7
1364320 852.1
1364330 852.1
1364340 852.2
1364350 852.1
1364360 852.1
1364370 851.8
1364380 851.6
1364390 851.6
1364400 851.3
1364410 851.0
1364420 851.0
1364430 850.8
1364440 850.5
1364450 850.5
1364460 850.3
1364470 850.6
1364480 850.5
1364490 850.5
1364500 850.3
1364510 850.1
1364520 850.1
1364530 849.7
1364540 849.4
1364550 849.4
1364560 849.1
1364570 849.0
1364580 849.0
1364590 848.9
1364600 848.7
1364610 848.7
1364620 848.5
1364630 848.5
1364640 848.5
1364650 848.4
1364660 848.3
1364670 848.3
1364680 848.3
1364690 848.2
1364700 848.2
1364710 848.2
1364720 847.9
1364730 847.1
1364740 847.1
1364750 846.9
1364760 847.7
1364770 847.7
1364780 848.2
1364790 848.3
1364800 848.3
1364810 848.5
1364820 848.5
1364830 848.5
1364840 848.5
1364850 848.2
1364860 848.2
1364870 848.0
1364880 848.3
1364890 848.3
1364900 848.8
1364910 848.8
1364920 848.8
1364930 848.1
1364940 847.7
1364950 847.7
1364960 848.1
1364970 848.1
1364980 848.2
1364990 848.2
1365000 848.3
1365010 848.3
1365020 848.3
1365030 848.1
1365040 848.1
1365050 848.1
1365060 848.4
1365070 848.7
1365080 848.7
1365090 848.5
1365100 847.8
1365110 847.8
1365120 847.8
1365130 848.2
1365140 848.2
1365150 847.9
1365160 848.7
1365170 848.7
1365180 852.1
1365190 855.7
1365200 855.7
1365210 856.4
1365220 856.5
1365230 859.3
1365240 859.3
1365250 863.6
1365260 867.6
1365270 867.6
1365280 872.3
1365290 878.2
1365300 878.2
1365310 884.3
1365320 890.6
1365330 890.6
1365340 896.8
1365350 901.8
1365360 901.8
1365370 906.2
1365380 910.2
1365390 910.2
1365400 915.8
1365410 919.8
1365420 919.8
1365430 922.8
1365440 927.4
1365450 927.4
1365460 933.4
1365470 939.5
1365480 944.9
1365490 944.9
1365500 949.4
1365510 952.3
1365520 952.3
1365530 955.6
1365540 960.5
1365550 960.5
1365560 966.8
1365570 972.5
1365580 972.5
1365590 974.7
1365600 970.7
1365610 970.7
1365620 964.5
1365630 959.4
1365640 959.4
1365650 957.8
1365660 957.7
1365670 957.7
1365680 957.7
1365690 957.7
1365700 957.7
1365710 957.9
1365720 959.7
1365730 959.7
1365740 964.0
1365750 968.5
1365760 973.2
1365770 973.2
1365780 977.8
1365790 983.2
1365800 983.2
1365810 988.3
1365820 993.1
1365830 993.1
1365840 997.5
1365850 1001.6
1365860 1001.6
1365870 1006.1
1365880 1010.4
1365890 1010.4
1365900 1014.7
1365910 1020.0
1365920 1020.0
1365930 1026.1
1365940 1032.0
1365950 1032.0
1365960 1037.3
1365970 1043.4
1365980 1043.4
1365990 1048.8
1366000 1053.8
1366010 1058.7
1366020 1058.7
1366030 1063.3
1366040 1067.2
1366050 1067.2
1366060 1071.1
1366070 1073.4
1366080 1073.4
1366090 1074.4
1366100 1078.5
1366110 1078.5
1366120 1082.1
1366130 1085.0
1366140 1085.0
1366150 1088.5
1366160 1091.9
1366170 1091.9
1366180 1094.9
1366190 1098.1
1366200 1098.1
1366210 1101.5
1366220 1104.8
1366230 1104.8
1366240 1108.4
1366250 1112.2
1366260 1115.7
1366270 1115.7
1366280 1119.1
1366290 1122.8
1366300 1122.8
1366310 1126.3
1366320 1129.5
1366330 1129.5
1366340 1132.6
1366350 1135.6
1366360 1135.6
1366370 1138.7
1366380 1141.4
1366390 1141.4
1366400 1144.0
1366410 1146.5
1366420 1146.5
1366430 1148.9
1366440 1151.1
1366450 1151.1
1366460 1153.6
1366470 1156.4
1366480 1156.4
1366490 1158.4
1366500 1160.0
1366510 1161.9
1366520 1161.9
1366530 1164.2
1366540 1165.5
1366550 1165.5
1366560 1167.4
1366570 1169.7
1366580 1169.7
1366590 1171.5
1366600 1173.4
1366610 1177.4
1366620 1179.2
1366630 1180.9
1366640 1180.9
1366650 1182.7
1366660 1184.6
1366670 1184.6
1366680 1186.9
1366690 1188.9
1366700 1188.9
1366710 1189.9
1366720 1191.3
1366730 1191.3
1366740 1192.9
1366750 1194.5
1366760 1195.8
1366770 1195.8
1366780 1197.2
1366790 1198.6
1366800 1198.6
1366810 1200.4
1366820 1201.9
1366830 1201.9
1366840 1202.9
1366850 1202.9
1366860 1202.9
1366870 1203.5
1366880 1204.6
1366890 1204.6
1366900 1205.2
1366910 1205.9
1366920 1205.9
1366930 1206.5
1366940 1207.8
1366950 1207.8
1366960 1209.3
1366970 1210.5
1366980 1210.5
1366990 1211.4
1367000 1211.3
1367010 1210.7
1367020 1210.7
1367030 1210.5
1367040 1210.8
1367050 1210.8
1367060 1211.6
1367070 1212.7
1367080 1212.7
1367090 1213.6
1367100 1214.5
1367110 1214.5
1367120 1214.9
1367130 1215.5
1367140 1215.5
1367150 1215.9
1367160 1215.9
1367170 1215.9
1367180 1215.7
1367190 1216.8
1367200 1216.8
1367210 1218.4
1367220 1219.1
1367230 1219.1
1367240 1219.0
1367250 1219.5
1367260 1220.1
1367270 1220.1
1367280 1220.8
1367290 1221.7
1367300 1221.7
1367310 1221.7
1367320 1222.1
1367330 1222.1
1367340 1222.3
1367350 1221.2
1367360 1221.2
1367370 1220.8
1367380 1221.1
1367390 1221.1
1367400 1221.6
1367410 1222.0
1367420 1222.0
1367430 1221.3
1367440 1220.7
1367450 1220.7
1367460 1219.4
1367470 1219.1
1367480 1219.1
1367490 1219.3
1367500 1219.6
1367510 1220.2
1367520 1220.2
1367530 1221.1
1367540 1219.6
1367550 1219.6
1367560 1221.5
1367570 1223.3
1367580 1223.3
1367590 1223.9
1367600 1224.9
1367610 1224.9
1367620 1224.2
1367630 1222.8
1367640 1222.8
1367650 1224.6
1367660 1224.9
1367670 1224.9
1367680 1224.1
1367690 1228.3
1367700 1228.3
1367710 1228.9
1367720 1225.8
1367730 1225.8
1367740 1220.0
1367750 1218.2
1367760 1219.4
1367770 1219.4
1367780 1220.1
1367790 1219.1
1367800 1219.1
1367810 1218.2
1367820 1216.9
1367830 1216.9
1367840 1214.6
1367850 1213.2
1367860 1213.2
1367870 1212.5
1367880 1212.3
1367890 1212.3
1367900 1212.9
1367910 1212.6
1367920 1212.6
1367930 1212.0
1367940 1211.8
1367950 1211.8
1367960 1211.8
1367970 1211.6
1367980 1211.6
1367990 1210.3
1368000 1208.5
1368010 1205.6
1368020 1205.6
1368030 1200.9
1368040 1199.9
1368050 1199.9
1368060 1203.2
1368070 1206.2
1368080 1206.2
1368090 1206.5
1368100 1205.3
1368110 1205.3
1368120 1202.9
1368130 1199.5
1368140 1199.5
1368150 1197.3
1368160 1196.3
1368170 1196.3
1368180 1195.1
1368190 1192.5
1368200 1192.5
1368210 1193.3
1368220 1192.8
1368230 1192.8
1368240 1195.0
1368250 1198.1
1368260 1199.0
1368270 1199.0
1368280 1196.2
1368290 1197.2
1368300 1197.2
1368310 1198.4
1368320 1196.6
1368330 1196.6
1368340 1199.0
1368350 1198.8
1368360 1198.8
1368370 1197.2
1368380 1194.9
1368390 1194.9
1368400 1191.9
1368410 1189.3
1368420 1189.3
1368430 1187.7
1368440 1187.7
1368450 1187.7
1368460 1186.5
1368470 1183.8
1368480 1183.8
1368490 1180.5
1368500 1179.0
1368510 1177.2
1368520 1177.2
1368530 1174.2
1368540 1172.2
1368550 1172.2
1368560 1169.9
1368570 1165.5
1368580 1165.5
1368590 1158.3
1368600 1156.4
1368610 1156.4
1368620 1167.9
1368630 1171.9
1368640 1171.9
1368650 1172.3
1368660 1173.1
1368670 1173.1
1368680 1172.9
1368690 1170.8
1368700 1170.8
1368710 1174.4
1368720 1179.0
1368730 1179.0
1368740 1183.7
1368750 1188.2
1368760 1192.0
1368770 1192.0
1368780 1197.4
1368790 1200.0
1368800 1200.0
1368810 1204.5
1368820 1207.7
1368830 1207.7
1368840 1210.9
1368850 1215.7
1368860 1215.7
1368870 1222.9
1368880 1231.0
1368890 1231.0
1368900 1239.0
1368910 1238.3
1368920 1238.3
1368930 1238.2
1368940 1243.4
1368950 1243.4
1368960 1250.5
1368970 1256.3
1368980 1256.3
1368990 1257.0
1369000 1256.6
1369010 1255.4
1369020 1255.4
1369030 1254.1
1369040 1255.1
1369050 1255.1
1369060 1259.5
1369070 1265.4
1369080 1265.4
1369090 1270.0
1369100 1272.3
1369110 1272.3
1369120 1272.7
1369130 1271.9
1369140 1271.9
1369150 1273.8
1369160 1278.1
1369170 1278.1
1369180 1281.7
1369190 1284.2
1369200 1284.2
1369210 1283.7
1369220 1282.4
1369230 1282.4
1369240 1281.2
1369250 1281.9
1369260 1283.2
1369270 1283.2
1369280 1284.4
1369290 1287.4
1369300 1287.4
1369310 1291.4
1369320 1294.0
1369330 1294.0
1369340 1294.0
1369350 1293.7
1369360 1293.7
1369370 1294.5
1369380 1297.9
1369390 1297.9
1369400 1301.1
1369410 1302.9
1369420 1302.9
1369430 1303.6
1369440 1303.9
1369450 1303.9
1369460 1304.1
1369470 1304.2
1369480 1304.2
1369490 1304.3
1369500 1304.8
1369510 1304.8
1369520 1306.0
1369530 1307.9
1369540 1308.9
1369550 1308.9
1369560 1309.1
1369570 1309.6
1369580 1309.6
1369590 1310.2
1369600 1310.6
1369610 1310.6
1369620 1310.7
1369630 1311.0
1369640 1311.0
1369650 1311.6
1369660 1312.0
1369670 1312.0
1369680 1312.3
1369690 1312.1
1369700 1312.1
1369710 1312.1
1369720 1312.4
1369730 1312.4
1369740 1312.6
1369750 1312.6
1369760 1312.6
1369770 1312.8
1369780 1313.2
1369790 1313.9
1369800 1313.9
1369810 1314.7
1369820 1315.1
1369830 1315.1
1369840 1315.1
1369850 1315.1
1369860 1315.1
1369870 1315.5
1369880 1315.8
1369890 1319.6
1369900 1319.5
1369910 1316.6
1369920 1316.6
1369930 1311.0
1369940 1306.4
1369950 1306.4
1369960 1300.2
1369970 1292.6
1369980 1292.6
1369990 1285.0
1370000 1279.0
1370010 1279.0
1370020 1274.8
1370030 1271.1
1370040 1264.4
1370050 1264.4
1370060 1259.0
1370070 1253.9
1370080 1253.9
1370090 1247.7
1370100 1239.4
1370110 1239.4
1370120 1231.8
1370130 1224.9
1370140 1224.9
1370150 1220.6
1370160 1226.1
1370170 1226.1
1370180 1234.5
1370190 1244.4
1370200 1244.4
1370210 1251.4
1370220 1259.8
1370230 1259.8
1370240 1269.0
1370250 1271.8
1370260 1271.8
1370270 1268.6
1370280 1268.5
1370290 1271.6
1370300 1271.6
1370310 1276.5
1370320 1281.6
1370330 1281.6
1370340 1283.4
1370350 1286.4
1370360 1286.4
1370370 1288.5
1370380 1288.4
1370390 1288.4
1370400 1289.3
1370410 1288.9
1370420 1288.9
1370430 1286.5
1370440 1280.8
1370450 1280.8
1370460 1274.2
1370470 1270.1
1370480 1270.1
1370490 1268.1
1370500 1266.7
1370510 1266.7
1370520 1265.3
1370530 1264.2
1370540 1263.0
1370550 1263.0
1370560 1266.4
1370570 1269.2
1370580 1269.2
1370590 1272.1
1370600 1273.7
1370610 1273.7
1370620 1274.2
1370630 1274.7
1370640 1274.7
1370650 1275.6
1370660 1275.8
1370670 1275.8
1370680 1276.9
1370690 1277.3
1370700 1277.3
1370710 1276.4
1370720 1273.0
1370730 1273.0
1370740 1270.5
1370750 1267.4
1370760 1267.4
1370770 1264.5
1370780 1264.8
1370790 1264.7
1370800 1264.7
1370810 1264.9
1370820 1265.3
1370830 1265.3
1370840 1265.4
1370850 1264.0
1370860 1264.0
1370870 1259.7
1370880 1261.0
1370890 1261.0
1370900 1263.3
1370910 1266.1
1370920 1266.1
1370930 1268.9
1370940 1270.1
1370950 1270.1
1370960 1271.0
1370970 1271.9
1370980 1271.9
1370990 1273.0
1371000 1275.1
1371010 1275.1
1371020 1273.8
1371030 1274.0
1371040 1273.8
1371050 1273.8
1371060 1275.8
1371070 1273.4
1371080 1273.4
1371090 1274.4
1371100 1273.7
1371110 1273.7
1371120 1271.8
1371130 1270.0
1371140 1270.0
1371150 1267.9
1371160 1266.1
1371170 1266.1
1371180 1264.6
1371190 1262.7
1371200 1262.7
1371210 1260.1
1371220 1256.9
1371230 1256.9
1371240 1251.9
1371250 1247.0
1371260 1247.0
1371270 1244.0
1371280 1241.9
1371290 1238.4
1371300 1238.4
1371310 1233.6
1371320 1230.1
1371330 1230.1
1371340 1225.9
1371350 1222.0
1371360 1222.0
1371370 1218.9
1371380 1216.8
1371390 1216.8
1371400 1214.9
1371410 1211.7
1371420 1211.7
1371430 1207.1
1371440 1205.4
1371450 1205.4
1371460 1203.2
1371470 1200.7
1371480 1200.7
1371490 1198.6
1371500 1195.7
1371510 1195.7
1371520 1191.1
1371530 1185.2
1371540 1176.4
1371550 1176.4
1371560 1168.7
1371570 1166.5
1371580 1166.5
1371590 1165.3
1371600 1162.2
1371610 1162.2
1371620 1157.9
1371630 1156.0
1371640 1156.0
1371650 1155.5
1371660 1153.5
1371670 1153.5
1371680 1149.6
1371690 1151.1
1371700 1151.1
1371710 1153.5
1371720 1156.0
1371730 1156.0
1371740 1157.6
1371750 1147.8
1371760 1147.8
1371770 1140.2
1371780 1135.9
1371790 1132.7
1371800 1132.7
1371810 1126.7
1371820 1121.4
1371830 1121.4
1371840 1115.7
1371850 1111.8
1371860 1111.8
1371870 1108.5
1371880 1102.2
1371890 1102.2
1371900 1096.0
1371910 1090.4
1371920 1090.4
1371930 1085.2
1371940 1082.7
1371950 1082.7
1371960 1077.2
1371970 1074.7
1371980 1074.7
1371990 1073.1
1372000 1068.5
1372010 1068.5
1372020 1063.3
1372030 1056.0
1372040 1051.9
1372050 1051.9
1372060 1048.0
1372070 1043.6
1372080 1043.6
1372090 1038.9
1372100 1033.0
1372110 1033.0
1372120 1026.3
1372130 1022.2
1372140 1022.2
1372150 1017.5
1372160 1011.6
1372170 1011.6
1372180 1005.5
1372190 1000.5
1372200 1000.5
1372210 996.1
1372220 990.7
1372230 990.7
1372240 986.7
1372250 981.9
1372260 981.9
1372270 977.1
1372280 974.1
1372290 971.3
1372300 971.3
1372310 967.6
1372320 965.0
1372330 965.0
1372340 964.3
1372350 962.1
1372360 962.1
1372370 960.7
1372380 959.0
1372390 959.0
1372400 957.4
1372410 955.2
1372420 955.2
1372430 953.8
1372440 953.6
1372450 953.6
1372460 952.4
1372470 945.7
1372480 945.7
1372490 938.2
1372500 933.7
1372510 933.7
1372520 930.5
1372530 929.3
1372540 934.2
1372550 934.2
1372560 942.0
1372570 949.6
1372580 949.6
1372590 953.3
1372600 957.4
1372610 957.4
1372620 961.3
1372630 965.0
1372640 965.0
1372650 969.2
1372660 974.4
1372670 974.4
1372680 982.6
1372690 989.1
1372700 989.1
1372710 995.6
1372720 1001.9
1372730 1001.9
1372740 1008.5
1372750 1013.5
1372760 1013.5
1372770 1018.8
1372780 1024.5
1372790 1030.1
1372800 1030.1
1372810 1036.0
1372820 1041.7
1372830 1041.7
1372840 1047.1
1372850 1052.8
1372860 1052.8
1372870 1058.5
1372880 1064.3
1372890 1064.3
1372900 1069.9
1372910 1074.5
1372920 1074.5
1372930 1078.7
1372940 1082.7
1372950 1082.7
1372960 1088.1
1372970 1092.8
1372980 1092.8
1372990 1098.6
1373000 1104.2
1373010 1104.2
1373020 1112.1
1373030 1120.7
1373040 1134.8
1373050 1134.8
1373060 1149.2
1373070 1158.7
1373080 1158.7
1373090 1166.9
1373100 1171.9
1373110 1171.9
1373120 1174.5
1373130 1179.9
1373140 1179.9
1373150 1185.1
1373160 1189.0
1373170 1189.0
1373180 1193.2
1373190 1200.8
1373200 1200.8
1373210 1211.3
1373220 1228.0
1373230 1228.0
1373240 1254.5
1373250 1267.3
1373260 1263.9
1373270 1263.5
1373280 1261.8
1373290 1260.0
1373300 1260.0
1373310 1260.8
1373320 1261.8
1373330 1261.8
1373340 1264.7
1373350 1270.8
1373360 1270.8
1373370 1274.6
1373380 1281.0
1373390 1281.0
1373400 1286.7
1373410 1291.9
1373420 1291.9
1373430 1299.0
1373440 1310.2
1373450 1310.2
1373460 1331.2
1373470 1347.2
1373480 1347.2
1373490 1367.8
1373500 1401.3
1373510 1401.3
1373520 1445.3
1373530 1465.6
1373540 1476.8
1373550 1476.8
1373560 1484.7
1373570 1491.7
1373580 1491.7
1373590 1497.6
1373600 1506.5
1373610 1506.5
1373620 1516.1
1373630 1525.1
1373640 1525.1
1373650 1537.7
1373660 1549.3
1373670 1549.3
1373680 1557.2
1373690 1563.3
1373700 1563.3
1373710 1569.8
1373720 1575.5
1373730 1575.5
1373740 1583.6
1373750 1592.7
1373760 1592.7
1373770 1597.4
1373780 1596.9
1373790 1596.9
1373800 1601.1
1373810 1609.5
1373820 1614.6
1373830 1614.6
1373840 1619.8
1373850 1627.6
1373860 1627.6
1373870 1635.5
1373880 1642.2
1373890 1642.2
1373900 1651.0
1373910 1658.1
1373920 1658.1
1373930 1666.0
1373940 1674.5
1373950 1674.5
1373960 1683.4
1373970 1693.0
1373980 1693.0
1373990 1702.2
1374000 1710.3
1374010 1710.3
1374020 1719.7
1374030 1734.8
1374040 1734.8
1374050 1748.2
1374060 1758.6
1374070 1770.1
1374080 1770.1
1374090 1774.9
1374100 1776.2
1374110 1776.2
1374120 1778.0
1374130 1779.7
1374140 1779.7
1374150 1779.7
1374160 1780.1
1374170 1780.1
1374180 1780.4
1374190 1780.2
1374200 1780.2
1374210 1783.5
1374220 1785.7
1374230 1785.7
1374240 1788.9
1374250 1792.5
1374260 1792.5
1374270 1796.2
1374280 1800.1
1374290 1800.1
1374300 1804.7
1374310 1810.0
1374320 1813.8
1374330 1813.8
1374340 1819.4
1374350 1825.5
1374360 1825.5
1374370 1831.1
1374380 1835.2
1374390 1835.2
1374400 1839.1
1374410 1849.2
1374420 1849.2
1374430 1853.5
1374440 1859.7
1374450 1859.7
1374460 1867.0
1374470 1872.8
1374480 1872.8
1374490 1879.4
1374500 1886.9
1374510 1886.9
1374520 1895.0
1374530 1903.3
1374540 1903.3
1374550 1911.8
1374560 1920.2
1374570 1927.6
1374580 1927.6
1374590 1933.5
1374600 1939.1
1374610 1939.1
1374620 1945.3
1374630 1951.7
1374640 1951.7
1374650 1959.2
1374660 1969.0
1374670 1969.0
1374680 1981.0
1374690 1989.0
1374700 1989.0
1374710 1995.3
1374720 2001.6
1374730 2001.6
1374740 2008.0
1374750 2015.8
1374760 2015.8
1374770 2026.3
1374780 2035.6
1374790 2035.6
1374800 2044.3
1374810 2051.2
1374820 2056.9
1374830 2056.9
1374840 2062.3
1374850 2068.8
1374860 2068.8
1374870 2075.6
1374880 2083.4
1374890 2083.4
1374900 2090.7
1374910 2098.0
1374920 2098.0
1374930 2106.5
1374940 2115.9
1374950 2115.9
1374960 2122.0
1374970 2129.7
1374980 2129.7
1374990 2134.5
1375000 2136.9
1375010 2136.9
1375020 2141.4
1375030 2145.8
1375040 2145.8
1375050 2151.5
1375060 2158.4
1375070 2161.2
1375080 2161.2
1375090 2165.4
1375100 2165.5
1375110 2165.5
1375120 2167.3
1375130 2172.0
1375140 2172.0
1375150 2176.0
1375160 2173.3
1375170 2173.3
1375180 2167.1
1375190 2160.3
1375200 2160.3
1375210 2152.7
1375220 2145.4
1375230 2145.4
1375240 2138.2
1375250 2131.3
1375260 2131.3
1375270 2124.2
1375280 2117.6
1375290 2117.6
1375300 2110.6
1375310 2104.0
1375320 2097.0
1375330 2097.0
1375340 2089.8
1375350 2083.2
1375360 2083.2
1375370 2076.7
1375380 2070.0
1375390 2070.0
1375400 2063.8
1375410 2057.0
1375420 2057.0
1375430 2051.0
1375440 2045.2
1375450 2045.2
1375460 2039.5
1375470 2034.0
1375480 2034.0
1375490 2028.2
1375500 2023.5
1375510 2023.5
1375520 2018.8
1375530 2014.6
1375540 2014.6
1375550 2010.1
1375560 2005.9
1375570 2003.0
1375580 2003.0
1375590 1999.3
1375600 1996.2
1375610 1996.2
1375620 1993.9
1375630 1992.1
1375640 1992.1
1375650 1990.1
1375660 1987.7
1375670 1987.7
1375680 1986.0
1375690 1985.5
1375700 1985.5
1375710 1981.8
1375720 1975.7
1375730 1975.7
1375740 1972.2
1375750 1970.2
1375760 1970.2
1375770 1968.7
1375780 1968.2
1375790 1968.2
1375800 1970.6
1375810 1973.2
1375820 1976.3
1375830 1976.3
1375840 1980.4
1375850 1984.7
1375860 1984.7
1375870 1987.7
1375880 1989.8
1375890 1989.8
1375900 1992.1
1375910 1996.0
1375920 1996.0
1375930 1997.5
1375940 2000.2
1375950 2000.2
1375960 2001.7
1375970 2002.3
1375980 2002.3
1375990 2002.6
1376000 2002.6
1376010 2002.6
1376020 2000.7
1376030 1998.2
1376040 1998.2
1376050 1997.7
1376060 1998.0
1376070 1999.7
1376080 1999.7
1376090 2001.2
1376100 2001.3
1376110 2001.3
1376120 2000.8
1376130 1999.8
1376140 1999.8
1376150 1999.6
1376160 2001.2
1376170 2001.2
1376180 2001.9
1376190 2002.2
1376200 2002.2
1376210 2003.2
1376220 2005.7
1376230 2005.7
1376240 2009.0
1376250 2012.6
1376260 2012.6
1376270 2016.9
1376280 2020.6
1376290 2020.6
1376300 2024.6
1376310 2028.4
1376320 2030.7
1376330 2030.7
1376340 2031.8
1376350 2033.2
1376360 2033.2
1376370 2035.0
1376380 2037.0
1376390 2037.0
1376400 2038.6
1376410 2039.0
1376420 2039.0
1376430 2040.4
1376440 2042.0
1376450 2042.0
1376460 2042.2
1376470 2039.7
1376480 2039.7
1376490 2037.4
1376500 2037.5
1376510 2037.5
1376520 2038.8
1376530 2037.9
1376540 2037.9
1376550 2037.8
1376560 2039.0
1376570 2041.3
1376580 2041.3
1376590 2045.0
1376600 2047.8
1376610 2047.8
1376620 2051.4
1376630 2056.6
1376640 2056.6
1376650 2062.2
1376660 2068.5
1376670 2068.5
1376680 2075.1
1376690 2082.0
1376700 2082.0
1376710 2088.5
1376720 2097.0
1376730 2097.0
1376740 2109.2
1376750 2121.3
1376760 2121.3
1376770 2132.1
1376780 2143.0
1376790 2143.0
1376800 2153.3
1376810 2160.5
1376820 2167.8
1376830 2167.8
1376840 2177.9
1376850 2194.4
1376860 2194.4
1376870 2214.7
1376880 2227.3
1376890 2227.3
1376900 2230.5
1376910 2225.5
1376920 2225.5
1376930 2219.9
1376940 2213.3
1376950 2213.3
1376960 2206.6
1376970 2200.9
1376980 2200.9
1376990 2195.7
1377000 2189.9
1377010 2189.9
1377020 2183.9
1377030 2179.2
1377040 2179.2
1377050 2173.7
1377060 2168.2
1377070 2164.3
1377080 2164.3
1377090 2163.3
1377100 2159.2
1377110 2159.2
1377120 2152.7
1377130 2144.6
1377140 2144.6
1377150 2139.5
1377160 2136.4
1377170 2136.4
1377180 2134.7
1377190 2135.5
1377200 2135.5
1377210 2138.4
1377220 2142.2
1377230 2142.2
1377240 2145.0
1377250 2147.0
1377260 2147.0
1377270 2148.4
1377280 2149.2
1377290 2149.2
1377300 2149.5
1377310 2151.2
1377320 2153.1
1377330 2153.1
1377340 2155.2
1377350 2154.7
1377360 2154.7
1377370 2152.7
1377380 2150.5
1377390 2150.5
1377400 2148.4
1377410 2147.4
1377420 2147.4
1377430 2144.7
1377440 2140.6
1377450 2140.6
1377460 2136.8
1377470 2137.4
1377480 2137.4
1377490 2138.0
1377500 2139.3
1377510 2139.3
1377520 2139.0
1377530 2135.4
1377540 2135.4
1377550 2129.0
1377560 2121.9
1377570 2115.6
1377580 2115.6
1377590 2109.4
1377600 2104.9
1377610 2104.9
1377620 2099.9
1377630 2094.9
1377640 2094.9
1377650 2089.4
1377660 2086.2
1377670 2086.2
1377680 2081.8
1377690 2077.9
1377700 2077.9
1377710 2076.1
1377720 2075.4
1377730 2075.4
1377740 2076.9
1377750 2077.9
1377760 2077.9
1377770 2078.5
1377780 2081.3
1377790 2081.3
1377800 2083.2
1377810 2084.7
1377820 2084.7
1377830 2085.4
1377840 2087.6
1377850 2090.2
1377860 2090.2
1377870 2090.4
1377880 2089.2
1377890 2089.2
1377900 2089.0
1377910 2089.9
1377920 2089.9
1377930 2090.8
1377940 2087.1
1377950 2087.1
1377960 2080.6
1377970 2073.1
1377980 2073.1
1377990 2065.8
1378000 2060.3
1378010 2060.3
1378020 2051.6
1378030 2044.2
1378040 2044.2
1378050 2039.5
1378060 2031.1
1378070 2031.1
1378080 2018.4
1378090 2013.7
1378100 2010.4
1378110 2010.4
1378120 2008.5
1378130 2008.3
1378140 2008.3
1378150 2004.2
1378160 2002.7
1378170 2002.7
1378180 2002.6
1378190 2001.6
1378200 2001.6
1378210 2000.6
1378220 1998.9
1378230 1998.9
1378240 1995.8
1378250 1992.2
1378260 1992.2
1378270 1988.5
1378280 1985.7
1378290 1985.7
1378300 1983.3
1378310 1981.1
1378320 1981.1
1378330 1980.3
1378340 1980.6
1378350 1981.5
1378360 1981.5
1378370 1983.4
1378380 1986.1
1378390 1986.1
1378400 1990.0
1378410 1993.5
1378420 1993.5
1378430 1997.0
1378440 2001.6
1378450 2001.6
1378460 2006.0
1378470 2011.7
1378480 2011.7
1378490 2016.0
1378500 2014.9
1378510 2014.9
1378520 2012.5
1378530 2008.9
1378540 2008.9
1378550 2002.5
1378560 1995.4
1378570 1995.4
1378580 1988.8
1378590 1981.7
1378600 1968.4
1378610 1968.4
1378620 1959.1
1378630 1951.0
1378640 1951.0
1378650 1938.0
1378660 1923.2
1378670 1923.2
1378680 1912.3
1378690 1905.4
1378700 1905.4
1378710 1899.2
1378720 1892.9
1378730 1892.9
1378740 1888.4
1378750 1885.2
1378760 1885.2
1378770 1880.9
1378780 1876.6
1378790 1876.6
1378800 1871.5
1378810 1865.6
1378820 1865.6
1378830 1858.2
1378840 1849.5
1378850 1841.6
1378860 1841.6
1378870 1834.8
1378880 1826.3
1378890 1826.3
1378900 1819.9
1378910 1814.4
1378920 1814.4
1378930 1808.7
1378940 1802.4
1378950 1802.4
1378960 1795.4
1378970 1788.9
1378980 1788.9
1378990 1783.0
1379000 1778.2
1379010 1778.2
1379020 1773.2
1379030 1768.0
1379040 1768.0
1379050 1763.0
1379060 1760.1
1379070 1760.1
1379080 1758.6
1379090 1757.1
1379100 1754.9
1379110 1754.9
1379120 1752.7
1379130 1743.3
1379140 1743.3
1379150 1742.0
1379160 1740.6
1379170 1740.6
1379180 1739.4
1379190 1737.7
1379200 1737.7
1379210 1736.0
1379220 1734.3
1379230 1734.3
1379240 1730.1
1379250 1725.8
1379260 1725.8
1379270 1721.2
1379280 1716.1
1379290 1716.1
1379300 1710.7
1379310 1703.8
1379320 1703.8
1379330 1698.1
1379340 1693.9
1379350 1689.7
1379360 1689.7
1379370 1685.0
1379380 1679.4
1379390 1679.4
1379400 1672.7
1379410 1663.6
1379420 1663.6
1379430 1654.4
1379440 1646.5
1379450 1646.5
1379460 1640.0
1379470 1633.4
1379480 1633.4
1379490 1627.0
1379500 1619.7
1379510 1619.7
1379520 1613.0
1379530 1606.7
1379540 1606.7
1379550 1601.2
1379560 1594.7
1379570 1594.7
1379580 1589.1
1379590 1584.3
1379600 1578.5
1379610 1578.5
1379620 1572.0
1379630 1565.5
1379640 1565.5
1379650 1558.9
1379660 1551.9
1379670 1551.9
1379680 1544.4
1379690 1535.6
1379700 1535.6
1379710 1526.6
1379720 1518.1
1379730 1518.1
1379740 1509.5
1379750 1501.7
1379760 1501.7
1379770 1495.2
1379780 1491.3
1379790 1491.3
1379800 1486.0
1379810 1480.5
1379820 1480.5
1379830 1476.2
1379840 1472.1
1379850 1467.7
1379860 1467.7
1379870 1462.7
1379880 1455.8
1379890 1455.8
1379900 1448.9
1379910 1442.3
1379920 1442.3
1379930 1436.6
1379940 1432.1
1379950 1432.1
1379960 1427.0
1379970 1421.7
1379980 1421.7
1379990 1415.8
