1360000 1121.8
1360010 1126.4
1360020 1126.4
1360030 1130.4
1360040 1133.5
1360050 1133.5
1360060 1135.4
1360070 1135.3
1360080 1135.3
1360090 1135.0
1360100 1135.6
1360110 1135.6
1360120 1136.8
1360130 1138.2
1360140 1138.2
1360150 1139.8
1360160 1140.5
1360170 1141.5
1360180 1141.5
1360190 1143.5
1360200 1145.7
1360210 1145.7
1360220 1147.4
1360230 1149.0
1360240 1149.0
1360250 1150.6
1360260 1151.7
1360270 1151.7
1360280 1153.5
1360290 1151.9
1360300 1151.9
1360310 1148.2
1360320 1141.6
1360330 1141.6
1360340 1134.7
1360350 1128.4
1360360 1128.4
1360370 1131.1
1360380 1129.9
1360390 1129.9
1360400 1128.8
1360410 1129.3
1360420 1130.8
1360430 1130.8
1360440 1133.7
1360450 1136.2
1360460 1136.2
1360470 1138.6
1360480 1140.0
1360490 1140.0
1360500 1139.9
1360510 1139.3
1360520 1139.3
1360530 1138.1
1360540 1138.5
1360550 1138.5
1360560 1141.2
1360570 1143.6
1360580 1143.6
1360590 1144.5
1360600 1146.1
1360610 1146.1
1360620 1147.9
1360630 1148.6
1360640 1148.6
1360650 1148.2
1360660 1147.9
1360670 1147.9
1360680 1147.9
1360690 1148.0
1360700 1149.3
1360710 1149.3
1360720 1150.2
1360730 1152.8
1360740 1152.8
1360750 1156.1
1360760 1155.7
1360770 1155.7
1360780 1153.3
1360790 1152.5
1360800 1152.5
1360810 1153.6
1360820 1156.7
1360830 1156.7
1360840 1159.4
1360850 1159.6
1360860 1159.6
1360870 1159.6
1360880 1160.6
1360890 1160.6
1360900 1160.2
1360910 1156.5
1360920 1152.8
1360930 1152.8
1360940 1149.3
1360950 1146.8
1360960 1146.8
1360970 1146.2
1360980 1146.3
1360990 1146.3
1361000 1147.0
1361010 1148.9
1361020 1148.9
1361030 1151.0
1361040 1151.8
1361050 1151.8
1361060 1155.6
1361070 1159.0
1361080 1159.0
1361090 1164.3
1361100 1169.3
1361110 1169.3
1361120 1171.0
1361130 1170.5
1361140 1170.5
1361150 1170.7
1361160 1172.6
1361170 1171.9
1361180 1171.9
1361190 1167.4
1361200 1160.6
1361210 1160.6
1361220 1154.4
1361230 1154.5
1361240 1154.5
1361250 1153.8
1361260 1154.1
1361270 1154.1
1361280 1158.5
1361290 1172.3
1361300 1172.3
1361310 1186.6
1361320 1193.7
1361330 1193.7
1361340 1196.4
1361350 1198.2
1361360 1198.2
1361370 1198.7
1361380 1197.6
1361390 1197.6
1361400 1197.1
1361410 1191.3
1361420 1184.8
1361430 1184.8
1361440 1177.3
1361450 1170.7
1361460 1170.7
1361470 1163.2
1361480 1153.7
1361490 1153.7
1361500 1145.5
1361510 1140.9
1361520 1140.9
1361530 1138.3
1361540 1136.5
1361550 1136.5
1361560 1133.3
1361570 1131.8
1361580 1131.8
1361590 1129.7
1361600 1128.7
1361610 1128.7
1361620 1128.3
1361630 1127.3
1361640 1127.3
1361650 1127.4
1361660 1129.2
1361670 1132.2
1361680 1132.2
1361690 1133.9
1361700 1136.4
1361710 1136.4
1361720 1135.0
1361730 1132.3
1361740 1132.3
1361750 1131.0
1361760 1131.1
1361770 1131.1
1361780 1131.2
1361790 1130.5
1361800 1130.5
1361810 1129.2
1361820 1128.3
1361830 1128.3
1361840 1127.9
1361850 1127.2
1361860 1127.2
1361870 1126.3
1361880 1125.3
1361890 1125.3
1361900 1124.6
1361910 1123.1
1361920 1122.3
1361930 1122.3
1361940 1121.1
1361950 1120.1
1361960 1120.1
1361970 1120.3
1361980 1119.5
1361990 1119.5
1362000 1117.2
1362010 1115.5
1362020 1115.5
1362030 1115.2
1362040 1116.5
1362050 1116.5
1362060 1115.9
1362070 1116.5
1362080 1116.5
1362090 1116.4
1362100 1112.2
1362110 1112.2
1362120 1109.0
1362130 1103.1
1362140 1103.1
1362150 1098.9
1362160 1097.1
1362170 1095.3
1362180 1095.3
1362190 1093.8
1362200 1092.1
1362210 1092.1
1362220 1088.9
1362230 1085.0
1362240 1085.0
1362250 1080.6
1362260 1076.8
1362270 1076.8
1362280 1074.4
1362290 1070.0
1362300 1070.0
1362310 1064.1
1362320 1059.9
1362330 1059.9
1362340 1058.0
1362350 1056.1
1362360 1056.1
1362370 1053.4
1362380 1050.8
1362390 1050.8
1362400 1047.7
1362410 1045.6
1362420 1045.3
1362430 1045.3
1362440 1046.5
1362450 1045.6
1362460 1045.6
1362470 1043.0
1362480 1040.1
1362490 1040.1
1362500 1038.1
1362510 1036.4
1362520 1036.4
1362530 1032.9
1362540 1028.0
1362550 1028.0
1362560 1021.4
1362570 1015.3
1362580 1015.3
1362590 1010.3
1362600 1005.4
1362610 1005.4
1362620 1000.3
1362630 994.0
1362640 994.0
1362650 987.2
1362660 981.2
1362670 976.2
1362680 976.2
1362690 971.6
1362700 969.7
1362710 969.7
1362720 967.0
1362730 963.8
1362740 963.8
1362750 960.4
1362760 957.3
1362770 957.3
1362780 954.6
1362790 952.2
1362800 952.2
1362810 948.8
1362820 944.8
1362830 944.8
1362840 941.0
1362850 937.3
1362860 937.3
1362870 933.4
1362880 929.0
1362890 929.0
1362900 924.2
1362910 920.0
1362920 915.5
1362930 915.5
1362940 911.1
1362950 906.1
1362960 906.1
1362970 900.0
1362980 894.1
1362990 894.1
1363000 889.1
1363010 884.4
1363020 884.4
1363030 880.2
1363040 875.8
1363050 875.8
1363060 873.1
1363070 871.8
1363080 871.8
1363090 870.3
1363100 868.0
1363110 868.0
1363120 865.0
1363130 862.1
1363140 862.1
1363150 859.8
1363160 859.2
1363170 859.1
1363180 859.1
1363190 859.1
1363200 858.8
1363210 858.8
1363220 858.7
1363230 858.9
1363240 858.9
1363250 858.9
1363260 858.8
1363270 858.8
1363280 858.7
1363290 858.6
1363300 858.6
1363310 859.7
1363320 860.0
1363330 860.0
1363340 860.3
1363350 860.6
1363360 860.6
1363370 860.5
1363380 860.0
1363390 860.0
1363400 859.6
1363410 859.4
1363420 859.4
1363430 859.4
1363440 859.5
1363450 859.9
1363460 859.9
1363470 860.2
1363480 860.4
1363490 860.9
1363500 860.7
1363510 859.0
1363520 859.0
1363530 860.5
1363540 860.8
1363550 860.8
1363560 859.6
1363570 858.6
1363580 858.6
1363590 858.1
1363600 857.8
1363610 857.8
1363620 857.5
1363630 857.2
1363640 857.2
1363650 856.8
1363660 856.4
1363670 856.4
1363680 856.1
1363690 855.9
1363700 855.8
1363710 855.8
1363720 855.7
1363730 855.6
1363740 855.6
1363750 855.5
1363760 855.4
1363770 855.4
1363780 855.2
1363790 855.1
1363800 855.1
1363810 855.4
1363820 855.3
1363830 855.3
1363840 854.9
1363850 854.7
1363860 854.7
1363870 854.4
1363880 854.2
1363890 854.2
1363900 854.0
1363910 854.2
1363920 854.2
1363930 853.9
1363940 853.7
1363950 853.7
1363960 853.7
1363970 853.9
1363980 854.2
1363990 854.2
1364000 854.3
1364010 854.2
1364020 854.2
1364030 854.0
1364040 854.0
1364050 854.0
1364060 853.8
1364070 853.5
1364080 853.5
1364090 853.3
1364100 853.1
1364110 853.1
1364120 853.1
1364130 853.1
1364140 853.1
1364150 853.0
1364160 853.0
1364170 853.0
1364180 853.1
1364190 853.2
1364200 852.7
1364210 852.7
1364220 852.5
1364230 852.7
1364240 852.7
1364250 852.2
1364260 852.0
1364270 852.0
1364280 851.7
1364290 851.4
1364300 851.4
1364310 851.0
1364320 851.0
1364330 851.0
1364340 850.9
1364350 850.9
1364360 850.9
1364370 850.8
1364380 850.8
1364390 850.8
1364400 850.7
1364410 850.6
1364420 850.6
1364430 850.4
1364440 850.3
1364450 850.1
1364460 850.1
1364470 850.0
1364480 849.8
1364490 849.8
1364500 849.5
1364510 849.2
1364520 849.2
1364530 849.1
1364540 848.9
1364550 848.9
1364560 848.6
1364570 848.4
1364580 848.4
1364590 848.3
1364600 848.1
1364610 848.1
1364620 847.9
1364630 847.8
1364640 847.8
1364650 847.7
1364660 847.6
1364670 847.6
1364680 847.5
1364690 847.6
1364700 847.7
1364710 847.7
1364720 847.6
1364730 847.3
1364740 847.3
1364750 846.5
1364760 846.7
1364770 846.7
1364780 847.4
1364790 847.6
1364800 847.6
1364810 847.5
1364820 847.3
1364830 847.3
1364840 847.1
1364850 847.1
1364860 847.1
1364870 847.1
1364880 847.1
1364890 847.1
1364900 847.4
1364910 847.0
1364920 847.0
1364930 846.9
1364940 847.0
1364950 847.1
1364960 847.1
1364970 847.3
1364980 847.2
1364990 847.2
1365000 847.0
1365010 847.2
1365020 847.2
1365030 847.2
1365040 847.0
1365050 847.0
1365060 847.0
1365070 847.0
1365080 847.0
1365090 847.0
1365100 846.7
1365110 846.7
1365120 846.3
1365130 846.3
1365140 846.3
1365150 846.2
1365160 846.1
1365170 846.1
1365180 846.3
1365190 846.9
1365200 847.3
1365210 847.3
1365220 846.9
1365230 846.5
1365240 846.5
1365250 847.2
1365260 849.3
1365270 849.3
1365280 854.4
1365290 860.4
1365300 860.4
1365310 866.1
1365320 870.4
1365330 870.4
1365340 875.0
1365350 880.9
1365360 880.9
1365370 886.2
1365380 891.2
1365390 891.2
1365400 896.5
1365410 901.0
1365420 901.0
1365430 903.8
1365440 909.9
1365450 917.0
1365460 917.0
1365470 920.7
1365480 923.5
1365490 923.5
1365500 927.3
1365510 931.6
1365520 931.6
1365530 935.8
1365540 940.0
1365550 940.0
1365560 943.7
1365570 948.1
1365580 948.1
1365590 952.1
1365600 956.5
1365610 963.1
1365620 964.9
1365630 961.2
1365640 961.2
1365650 957.7
1365660 957.4
1365670 957.4
1365680 957.5
1365690 957.6
1365700 957.7
1365710 957.7
1365720 957.8
1365730 957.9
1365740 957.9
1365750 958.4
1365760 961.3
1365770 961.3
1365780 966.0
1365790 970.5
1365800 970.5
1365810 975.0
1365820 978.9
1365830 978.9
1365840 982.6
1365850 986.4
1365860 986.4
1365870 990.2
1365880 994.8
1365890 994.8
1365900 999.4
1365910 1003.6
1365920 1003.6
1365930 1008.0
1365940 1012.1
1365950 1015.7
1365960 1015.7
1365970 1020.0
1365980 1025.7
1365990 1025.7
1366000 1031.5
1366010 1037.0
1366020 1037.0
1366030 1042.4
1366040 1047.4
1366050 1047.4
1366060 1051.6
1366070 1055.0
1366080 1055.0
1366090 1058.0
1366100 1061.7
1366110 1061.7
1366120 1064.6
1366130 1068.2
1366140 1068.2
1366150 1072.0
1366160 1075.8
1366170 1075.8
1366180 1079.1
1366190 1082.3
1366200 1085.5
1366210 1085.5
1366220 1089.5
1366230 1093.1
1366240 1093.1
1366250 1096.3
1366260 1099.2
1366270 1099.2
1366280 1102.4
1366290 1105.6
1366300 1105.6
1366310 1108.5
1366320 1112.2
1366330 1112.2
1366340 1115.9
1366350 1119.4
1366360 1119.4
1366370 1122.8
1366380 1125.9
1366390 1125.9
1366400 1128.6
1366410 1131.6
1366420 1131.6
1366430 1134.9
1366440 1138.1
1366450 1140.8
1366460 1140.8
1366470 1143.3
1366480 1145.9
1366490 1145.9
1366500 1148.4
1366510 1150.7
1366520 1150.7
1366530 1153.1
1366540 1155.6
1366550 1155.6
1366560 1157.6
1366570 1158.4
1366580 1158.4
1366590 1159.6
1366600 1160.9
1366610 1160.9
1366620 1162.2
1366630 1164.0
1366640 1164.0
1366650 1166.3
1366660 1168.4
1366670 1168.4
1366680 1174.4
1366690 1176.1
1366700 1177.7
1366710 1177.7
1366720 1179.2
1366730 1180.3
1366740 1180.3
1366750 1181.3
1366760 1182.8
1366770 1182.8
1366780 1184.7
1366790 1185.7
1366800 1185.7
1366810 1186.8
1366820 1188.4
1366830 1188.4
1366840 1189.8
1366850 1191.1
1366860 1191.1
1366870 1192.9
1366880 1194.6
1366890 1194.6
1366900 1195.5
1366910 1196.4
1366920 1196.4
1366930 1197.6
1366940 1199.2
1366950 1200.2
1366960 1200.2
1366970 1200.4
1366980 1200.3
1366990 1200.3
1367000 1200.3
1367010 1201.3
1367020 1201.3
1367030 1202.1
1367040 1202.3
1367050 1202.3
1367060 1202.1
1367070 1202.0
1367080 1202.0
1367090 1201.9
1367100 1201.4
1367110 1201.4
1367120 1200.6
1367130 1199.3
1367140 1199.3
1367150 1198.0
1367160 1197.4
1367170 1197.4
1367180 1197.8
1367190 1199.0
1367200 1199.0
1367210 1199.0
1367220 1198.8
1367230 1199.3
1367240 1199.3
1367250 1200.1
1367260 1200.8
1367270 1200.8
1367280 1200.8
1367290 1200.6
1367300 1200.6
1367310 1201.4
1367320 1202.5
1367330 1202.5
1367340 1202.6
1367350 1202.5
1367360 1202.5
1367370 1202.3
1367380 1202.7
1367390 1202.7
1367400 1201.8
1367410 1201.0
1367420 1201.0
1367430 1201.7
1367440 1202.3
1367450 1202.3
1367460 1202.0
1367470 1201.7
1367480 1201.9
1367490 1201.9
1367500 1202.8
1367510 1203.8
1367520 1203.8
1367530 1203.7
1367540 1204.3
1367550 1204.3
1367560 1204.9
1367570 1204.7
1367580 1204.7
1367590 1205.5
1367600 1205.3
1367610 1205.3
1367620 1203.6
1367630 1203.2
1367640 1203.2
1367650 1204.5
1367660 1206.2
1367670 1206.2
1367680 1206.2
1367690 1202.6
1367700 1202.6
1367710 1199.6
1367720 1196.4
1367730 1193.8
1367740 1193.8
1367750 1193.7
1367760 1201.3
1367770 1201.3
1367780 1200.3
1367790 1198.0
1367800 1198.0
1367810 1196.4
1367820 1195.1
1367830 1195.1
1367840 1195.2
1367850 1192.9
1367860 1192.9
1367870 1190.5
1367880 1190.7
1367890 1190.7
1367900 1191.1
1367910 1191.5
1367920 1191.5
1367930 1191.5
1367940 1190.3
1367950 1190.3
1367960 1187.8
1367970 1185.0
1367980 1183.5
1367990 1183.5
1368000 1182.4
1368010 1180.3
1368020 1180.3
1368030 1176.7
1368040 1174.4
1368050 1174.4
1368060 1172.7
1368070 1172.9
1368080 1172.9
1368090 1172.4
1368100 1171.7
1368110 1171.7
1368120 1171.2
1368130 1171.2
1368140 1171.2
1368150 1170.5
1368160 1166.6
1368170 1166.6
1368180 1168.2
1368190 1168.1
1368200 1168.1
1368210 1169.1
1368220 1168.1
1368230 1166.8
1368240 1166.8
1368250 1169.1
1368260 1169.2
1368270 1169.2
1368280 1168.1
1368290 1167.3
1368300 1167.3
1368310 1168.3
1368320 1169.2
1368330 1169.2
1368340 1169.7
1368350 1170.2
1368360 1170.2
1368370 1169.2
1368380 1168.7
1368390 1168.7
1368400 1167.6
1368410 1166.7
1368420 1166.7
1368430 1166.0
1368440 1164.6
1368450 1164.6
1368460 1162.2
1368470 1160.4
1368480 1158.0
1368490 1158.0
1368500 1154.2
1368510 1152.1
1368520 1152.1
1368530 1150.6
1368540 1149.0
1368550 1149.0
1368560 1144.3
1368570 1140.0
1368580 1140.0
1368590 1137.4
1368600 1139.1
1368610 1139.1
1368620 1140.8
1368630 1145.6
1368640 1145.6
1368650 1151.0
1368660 1155.7
1368670 1155.7
1368680 1160.9
1368690 1165.1
1368700 1165.1
1368710 1168.9
1368720 1171.3
1368730 1173.5
1368740 1173.5
1368750 1175.5
1368760 1177.3
1368770 1177.3
1368780 1178.8
1368790 1182.9
1368800 1182.9
1368810 1188.8
1368820 1196.9
1368830 1196.9
1368840 1205.4
1368850 1215.8
1368860 1217.0
1368870 1223.2
1368880 1221.6
1368890 1221.6
1368900 1219.6
1368910 1222.2
1368920 1222.2
1368930 1227.2
1368940 1232.7
1368950 1232.7
1368960 1233.9
1368970 1232.6
1368980 1230.1
1368990 1230.1
1369000 1228.5
1369010 1231.0
1369020 1231.0
1369030 1236.0
1369040 1240.2
1369050 1240.2
1369060 1244.7
1369070 1248.9
1369080 1248.9
1369090 1251.8
1369100 1251.6
1369110 1251.6
1369120 1252.0
1369130 1255.5
1369140 1255.5
1369150 1260.1
1369160 1263.6
1369170 1263.6
1369180 1264.3
1369190 1262.4
1369200 1262.4
1369210 1262.0
1369220 1261.5
1369230 1262.6
1369240 1262.6
1369250 1267.8
1369260 1273.2
1369270 1273.2
1369280 1277.3
1369290 1280.7
1369300 1280.7
1369310 1282.2
1369320 1282.3
1369330 1282.3
1369340 1281.9
1369350 1280.9
1369360 1280.9
1369370 1281.8
1369380 1285.0
1369390 1285.0
1369400 1287.4
1369410 1288.9
1369420 1288.9
1369430 1289.0
1369440 1289.5
1369450 1289.5
1369460 1289.9
1369470 1290.2
1369480 1290.1
1369490 1290.1
1369500 1289.8
1369510 1290.8
1369520 1290.8
1369530 1292.1
1369540 1293.3
1369550 1293.3
1369560 1294.1
1369570 1294.4
1369580 1294.4
1369590 1294.6
1369600 1294.6
1369610 1294.6
1369620 1294.5
1369630 1294.8
1369640 1294.8
1369650 1294.9
1369660 1295.0
1369670 1295.0
1369680 1295.4
1369690 1295.7
1369700 1295.7
1369710 1296.0
1369720 1296.3
1369730 1296.9
1369740 1296.9
1369750 1297.3
1369760 1297.8
1369770 1297.8
1369780 1298.2
1369790 1298.9
1369800 1298.9
1369810 1299.2
1369820 1299.5
1369830 1299.5
1369840 1299.4
1369850 1299.6
1369860 1299.6
1369870 1299.9
1369880 1300.4
1369890 1300.4
1369900 1301.0
1369910 1298.4
1369920 1298.4
1369930 1291.5
1369940 1284.7
1369950 1284.7
1369960 1286.1
1369970 1277.2
1369980 1269.2
1369990 1269.2
1370000 1263.3
1370010 1256.9
1370020 1256.9
1370030 1251.5
1370040 1244.2
1370050 1244.2
1370060 1237.6
1370070 1232.6
1370080 1232.6
1370090 1226.8
1370100 1220.0
1370110 1220.0
1370120 1213.5
1370130 1208.2
1370140 1208.2
1370150 1214.6
1370160 1226.5
1370170 1226.5
1370180 1238.6
1370190 1247.9
1370200 1247.9
1370210 1255.8
1370220 1264.1
1370230 1272.2
1370240 1272.2
1370250 1275.4
1370260 1270.0
1370270 1270.0
1370280 1263.0
1370290 1256.7
1370300 1256.7
1370310 1253.4
1370320 1254.7
1370330 1254.7
1370340 1257.6
1370350 1258.9
1370360 1258.9
1370370 1259.4
1370380 1260.9
1370390 1260.9
1370400 1263.3
1370410 1263.3
1370420 1263.3
1370430 1261.5
1370440 1260.1
1370450 1260.1
1370460 1259.8
1370470 1260.2
1370480 1260.6
1370490 1260.6
1370500 1259.3
1370510 1256.9
1370520 1256.9
1370530 1253.8
1370540 1250.7
1370550 1250.7
1370560 1253.5
1370570 1256.3
1370580 1256.3
1370590 1257.1
1370600 1258.5
1370610 1258.5
1370620 1258.3
1370630 1259.1
1370640 1259.1
1370650 1260.0
1370660 1259.1
1370670 1259.1
1370680 1260.5
1370690 1263.0
1370700 1263.0
1370710 1264.1
1370720 1263.9
1370730 1262.4
1370740 1262.4
1370750 1258.3
1370760 1252.3
1370770 1252.3
1370780 1248.7
1370790 1249.8
1370800 1249.8
1370810 1250.9
1370820 1251.5
1370830 1251.5
1370840 1251.8
1370850 1249.8
1370860 1249.8
1370870 1245.6
1370880 1243.5
1370890 1243.5
1370900 1244.6
1370910 1244.0
1370920 1244.0
1370930 1244.3
1370940 1245.2
1370950 1245.2
1370960 1246.7
1370970 1248.5
1370980 1248.5
1370990 1249.6
1371000 1251.5
1371010 1254.0
1371020 1254.0
1371030 1255.3
1371040 1255.0
1371050 1255.0
1371060 1253.9
1371070 1251.2
1371080 1253.8
1371090 1254.1
1371100 1255.1
1371110 1255.1
1371120 1254.1
1371130 1253.1
1371140 1253.1
1371150 1252.3
1371160 1250.6
1371170 1250.6
1371180 1249.6
1371190 1248.1
1371200 1248.1
1371210 1244.8
1371220 1241.6
1371230 1241.6
1371240 1238.9
1371250 1236.5
1371260 1234.8
1371270 1234.8
1371280 1232.9
1371290 1229.8
1371300 1229.8
1371310 1228.1
1371320 1224.4
1371330 1224.4
1371340 1220.2
1371350 1214.5
1371360 1214.5
1371370 1212.4
1371380 1212.6
1371390 1212.6
1371400 1213.2
1371410 1209.6
1371420 1209.6
1371430 1204.6
1371440 1198.1
1371450 1198.1
1371460 1192.1
1371470 1188.7
1371480 1188.7
1371490 1185.3
1371500 1181.2
1371510 1177.6
1371520 1177.6
1371530 1173.9
1371540 1170.1
1371550 1170.1
1371560 1165.3
1371570 1159.5
1371580 1159.5
1371590 1154.1
1371600 1152.4
1371610 1152.4
1371620 1149.6
1371630 1146.7
1371640 1146.7
1371650 1143.8
1371660 1142.7
1371670 1142.7
1371680 1141.0
1371690 1138.8
1371700 1138.8
1371710 1137.5
1371720 1138.1
1371730 1138.1
1371740 1139.5
1371750 1139.4
1371760 1135.2
1371770 1135.2
1371780 1126.9
1371790 1119.9
1371800 1119.9
1371810 1113.2
1371820 1106.1
1371830 1106.1
1371840 1100.3
1371850 1096.2
1371860 1096.2
1371870 1091.5
1371880 1086.5
1371890 1086.5
1371900 1081.1
1371910 1075.9
1371920 1075.9
1371930 1070.3
1371940 1066.1
1371950 1066.1
1371960 1063.2
1371970 1060.1
1371980 1060.1
1371990 1056.7
1372000 1054.6
1372010 1050.9
1372020 1050.9
1372030 1045.8
1372040 1040.9
1372050 1040.9
1372060 1037.4
1372070 1032.5
1372080 1032.5
1372090 1027.2
1372100 1022.3
1372110 1022.3
1372120 1016.6
1372130 1011.5
1372140 1011.5
1372150 1006.0
1372160 1002.1
1372170 1002.1
1372180 997.5
1372190 991.9
1372200 994.6
1372210 987.6
1372220 984.8
1372230 984.8
1372240 982.3
1372250 980.0
1372260 977.6
1372270 977.6
1372280 975.2
1372290 971.6
1372300 971.6
1372310 967.0
1372320 962.8
1372330 962.8
1372340 957.3
1372350 952.8
1372360 952.8
1372370 948.5
1372380 947.2
1372390 947.2
1372400 946.9
1372410 945.7
1372420 945.7
1372430 945.6
1372440 941.5
1372450 941.5
1372460 935.5
1372470 930.4
1372480 930.4
1372490 926.8
1372500 927.1
1372510 931.4
1372520 931.4
1372530 934.9
1372540 939.2
1372550 939.2
1372560 943.0
1372570 946.6
1372580 946.6
1372590 950.2
1372600 954.7
1372610 954.7
1372620 959.9
1372630 965.6
1372640 965.6
1372650 971.5
1372660 978.0
1372670 978.0
1372680 983.8
1372690 989.3
1372700 989.3
1372710 996.1
1372720 1002.3
1372730 1002.3
1372740 1009.8
1372750 1017.5
1372760 1023.4
1372770 1023.4
1372780 1029.1
1372790 1033.9
1372800 1033.9
1372810 1038.3
1372820 1043.3
1372830 1043.3
1372840 1047.5
1372850 1052.1
1372860 1052.1
1372870 1056.6
1372880 1061.5
1372890 1061.5
1372900 1065.8
1372910 1070.9
1372920 1070.9
1372930 1076.6
1372940 1082.7
1372950 1082.7
1372960 1088.0
1372970 1093.1
1372980 1093.1
1372990 1098.5
1373000 1104.0
1373010 1111.9
1373020 1111.9
1373030 1123.6
1373040 1138.3
1373050 1138.3
1373060 1147.6
1373070 1151.3
1373080 1151.3
1373090 1157.4
1373100 1169.5
1373110 1169.5
1373120 1185.3
1373130 1196.6
1373140 1196.6
1373150 1203.3
1373160 1203.8
1373170 1203.8
1373180 1206.1
1373190 1209.8
1373200 1209.8
1373210 1221.8
1373220 1241.1
1373230 1241.1
1373240 1261.8
1373250 1279.7
1373260 1298.6
1373270 1298.6
1373280 1313.0
1373290 1333.4
1373300 1333.4
1373310 1351.1
1373320 1361.0
1373330 1361.0
1373340 1336.8
1373350 1337.0
1373360 1337.0
1373370 1335.8
1373380 1331.6
1373390 1331.6
1373400 1327.8
1373410 1326.3
1373420 1326.3
1373430 1327.1
1373440 1327.0
1373450 1327.0
1373460 1328.4
1373470 1331.4
1373480 1331.4
1373490 1340.0
1373500 1355.1
1373510 1379.9
1373520 1379.9
1373530 1420.6
1373540 1445.8
1373550 1445.8
1373560 1456.6
1373570 1465.4
1373580 1465.4
1373590 1473.1
1373600 1480.9
1373610 1480.9
1373620 1489.1
1373630 1495.7
1373640 1495.7
1373650 1502.0
1373660 1511.0
1373670 1511.0
1373680 1525.7
1373690 1539.9
1373700 1539.9
1373710 1551.2
1373720 1558.3
1373730 1558.3
1373740 1560.3
1373750 1561.1
1373760 1568.7
1373770 1568.7
1373780 1577.6
1373790 1585.8
1373800 1585.8
1373810 1593.1
1373820 1601.0
1373830 1601.0
1373840 1608.9
1373850 1617.3
1373860 1617.3
1373870 1626.0
1373880 1636.9
1373890 1636.9
1373900 1644.6
1373910 1651.7
1373920 1651.7
1373930 1657.9
1373940 1664.7
1373950 1664.7
1373960 1671.9
1373970 1680.1
1373980 1680.1
1373990 1687.8
1374000 1696.0
1374010 1705.2
1374020 1705.2
1374030 1714.7
1374040 1727.2
1374050 1727.2
1374060 1735.7
1374070 1737.6
1374080 1737.6
1374090 1737.6
1374100 1740.7
1374110 1740.7
1374120 1743.0
1374130 1744.6
1374140 1744.6
1374150 1748.2
1374160 1752.7
1374170 1752.7
1374180 1755.1
1374190 1756.9
1374200 1756.9
1374210 1760.8
1374220 1764.8
1374230 1764.8
1374240 1769.2
1374250 1774.3
1374260 1779.6
1374270 1779.6
1374280 1785.1
1374290 1790.8
1374300 1790.8
1374310 1795.2
1374320 1798.8
1374330 1798.8
1374340 1803.2
1374350 1807.8
1374360 1807.8
1374370 1815.5
1374380 1823.1
1374390 1823.1
1374400 1829.8
1374410 1837.1
1374420 1837.1
1374430 1842.9
1374440 1848.4
1374450 1848.4
1374460 1854.8
1374470 1862.7
1374480 1862.7
1374490 1872.2
1374500 1879.3
1374510 1886.1
1374520 1886.1
1374530 1893.6
1374540 1900.3
1374550 1900.3
1374560 1906.4
1374570 1912.2
1374580 1912.2
1374590 1918.4
1374600 1925.5
1374610 1925.5
1374620 1932.0
1374630 1939.3
1374640 1939.3
1374650 1948.7
1374660 1958.0
1374670 1958.0
1374680 1966.4
1374690 1973.9
1374700 1973.9
1374710 1981.3
1374720 1987.6
1374730 1987.6
1374740 1994.6
1374750 2001.8
1374760 2009.8
1374770 2009.8
1374780 2017.6
1374790 2025.4
1374800 2025.4
1374810 2032.7
1374820 2040.1
1374830 2040.1
1374840 2047.2
1374850 2054.4
1374860 2054.4
1374870 2060.1
1374880 2065.5
1374890 2065.5
1374900 2071.0
1374910 2076.5
1374920 2076.5
1374930 2082.4
1374940 2088.4
1374950 2088.4
1374960 2093.9
1374970 2099.5
1374980 2099.5
1374990 2103.9
1375000 2107.5
1375010 2107.5
1375020 2111.7
1375030 2114.3
1375040 2118.0
1375050 2118.0
1375060 2121.6
1375070 2124.3
1375080 2124.3
1375090 2126.4
1375100 2129.5
1375110 2129.5
1375120 2131.6
1375130 2133.6
1375140 2133.6
1375150 2139.3
1375160 2146.4
1375170 2146.4
1375180 2152.8
1375190 2156.1
1375200 2156.1
1375210 2154.3
1375220 2151.1
1375230 2151.1
1375240 2146.8
1375250 2140.1
1375260 2140.1
1375270 2134.6
1375280 2128.9
1375290 2124.0
1375300 2124.0
1375310 2115.9
1375320 2105.9
1375330 2105.9
1375340 2097.9
1375350 2086.7
1375360 2086.7
1375370 2078.5
1375380 2070.5
1375390 2070.5
1375400 2064.5
1375410 2059.6
1375420 2059.6
1375430 2052.6
1375440 2044.8
1375450 2044.8
1375460 2038.3
1375470 2032.0
1375480 2032.0
1375490 2025.2
1375500 2018.1
1375510 2018.1
1375520 2011.9
1375530 2007.8
1375540 2004.6
1375550 2004.6
1375560 2000.9
1375570 1997.2
1375580 1997.2
1375590 1994.7
1375600 1992.3
1375610 1992.3
1375620 1990.3
1375630 1987.3
1375640 1987.3
1375650 1985.1
1375660 1983.3
1375670 1983.3
1375680 1983.3
1375690 1978.6
1375700 1978.6
1375710 1972.5
1375720 1968.1
1375730 1968.1
1375740 1965.0
1375750 1963.8
1375760 1963.8
1375770 1965.2
1375780 1965.1
1375790 1963.6
1375800 1963.6
1375810 1962.8
1375820 1963.6
1375830 1963.6
1375840 1963.1
1375850 1963.4
1375860 1963.4
1375870 1965.5
1375880 1966.6
1375890 1966.6
1375900 1968.1
1375910 1970.1
1375920 1970.1
1375930 1972.7
1375940 1974.0
1375950 1974.0
1375960 1975.0
1375970 1975.7
1375980 1975.7
1375990 1977.1
1376000 1979.9
1376010 1979.9
1376020 1983.8
1376030 1985.3
1376040 1984.5
1376050 1984.5
1376060 1984.7
1376070 1985.8
1376080 1985.8
1376090 1986.2
1376100 1987.2
1376110 1987.2
1376120 1988.2
1376130 1990.2
1376140 1990.2
1376150 1991.1
1376160 1991.6
1376170 1991.6
1376180 1992.9
1376190 1995.4
1376200 1995.4
1376210 1997.4
1376220 1997.7
1376230 1997.7
1376240 1995.6
1376250 1994.5
1376260 1994.5
1376270 1995.6
1376280 1996.8
1376290 1998.2
1376300 1998.2
1376310 1999.3
1376320 1999.3
1376330 1999.3
1376340 2000.4
1376350 2002.1
1376360 2002.1
1376370 2004.1
1376380 2007.5
1376390 2007.5
1376400 2011.5
1376410 2014.8
1376420 2014.8
1376430 2018.1
1376440 2020.3
1376450 2020.3
1376460 2019.7
1376470 2017.0
1376480 2017.0
1376490 2015.2
1376500 2016.8
1376510 2016.8
1376520 2018.0
1376530 2019.7
1376540 2021.5
1376550 2021.5
1376560 2023.9
1376570 2028.4
1376580 2028.4
1376590 2034.0
1376600 2039.3
1376610 2039.3
1376620 2045.0
1376630 2051.5
1376640 2051.5
1376650 2057.5
1376660 2063.2
1376670 2063.2
1376680 2069.0
1376690 2075.3
1376700 2075.3
1376710 2081.9
1376720 2089.8
1376730 2089.8
1376740 2100.7
1376750 2109.7
1376760 2109.7
1376770 2117.7
1376780 2127.6
1376790 2135.6
1376800 2135.6
1376810 2143.8
1376820 2154.9
1376830 2155.9
1376840 2168.8
1376850 2184.5
1376860 2184.5
1376870 2200.2
1376880 2209.6
1376890 2209.6
1376900 2214.9
1376910 2219.6
1376920 2219.6
1376930 2213.3
1376940 2201.6
1376950 2201.6
1376960 2192.7
1376970 2185.9
1376980 2185.9
1376990 2181.7
1377000 2176.5
1377010 2176.5
1377020 2170.4
1377030 2164.6
1377040 2162.4
1377050 2162.4
1377060 2159.4
1377070 2153.4
1377080 2153.4
1377090 2145.8
1377100 2136.3
1377110 2136.3
1377120 2133.9
1377130 2134.5
1377140 2134.5
1377150 2134.1
1377160 2132.7
1377170 2132.7
1377180 2128.4
1377190 2126.2
1377200 2126.2
1377210 2126.6
1377220 2127.6
1377230 2127.6
1377240 2128.7
1377250 2131.3
1377260 2131.3
1377270 2134.8
1377280 2138.1
1377290 2140.6
1377300 2140.6
1377310 2141.9
1377320 2143.1
1377330 2143.1
1377340 2144.0
1377350 2145.2
1377360 2145.2
1377370 2146.2
1377380 2146.1
1377390 2146.1
1377400 2145.3
1377410 2143.0
1377420 2143.0
1377430 2139.4
1377440 2136.3
1377450 2136.3
1377460 2134.5
1377470 2134.2
1377480 2134.2
1377490 2131.1
1377500 2125.1
1377510 2125.1
1377520 2119.0
1377530 2113.4
1377540 2107.4
1377550 2107.4
1377560 2101.5
1377570 2095.3
1377580 2095.3
1377590 2089.4
1377600 2084.1
1377610 2084.1
1377620 2079.0
1377630 2074.2
1377640 2074.2
1377650 2068.9
1377660 2063.4
1377670 2063.4
1377680 2058.4
1377690 2054.4
1377700 2054.4
1377710 2052.1
1377720 2051.9
1377730 2051.9
1377740 2053.2
1377750 2056.1
1377760 2056.1
1377770 2061.9
1377780 2069.1
1377790 2072.5
1377800 2072.5
1377810 2075.7
1377820 2078.8
1377830 2078.8
1377840 2080.4
1377850 2079.8
1377860 2079.8
1377870 2079.3
1377880 2078.8
1377890 2078.8
1377900 2077.4
1377910 2070.0
1377920 2070.0
1377930 2065.6
1377940 2064.8
1377950 2064.8
1377960 2064.8
1377970 2063.3
1377980 2063.3
1377990 2056.1
1378000 2031.1
1378010 2043.1
1378020 2017.8
1378030 2013.3
1378040 2003.8
1378050 2003.8
1378060 1990.9
1378070 1986.8
1378080 1986.8
1378090 1983.8
1378100 1980.0
1378110 1980.0
1378120 1975.9
1378130 1973.9
1378140 1973.9
1378150 1973.4
1378160 1972.0
1378170 1972.0
1378180 1969.4
1378190 1968.9
1378200 1968.9
1378210 1967.6
1378220 1966.3
1378230 1966.3
1378240 1964.0
1378250 1961.8
1378260 1961.8
1378270 1960.0
1378280 1958.9
1378290 1958.6
1378300 1958.6
1378310 1958.5
1378320 1959.3
1378330 1959.3
1378340 1960.2
1378350 1961.6
1378360 1961.6
1378370 1963.9
1378380 1966.0
1378390 1966.0
1378400 1967.9
1378410 1970.8
1378420 1970.8
1378430 1974.8
1378440 1978.8
1378450 1978.8
1378460 1983.0
1378470 1987.5
1378480 1987.5
1378490 1992.5
1378500 1993.9
1378510 1993.9
1378520 1996.2
1378530 1998.3
1378540 1998.9
1378550 1998.9
1378560 1997.2
1378570 1994.7
1378580 1994.7
1378590 1990.9
1378600 1985.7
1378610 1985.7
1378620 1976.2
1378630 1962.9
1378640 1962.9
1378650 1951.5
1378660 1941.8
1378670 1941.8
1378680 1934.2
1378690 1930.7
1378700 1930.7
1378710 1930.0
1378720 1926.6
1378730 1926.6
1378740 1919.9
1378750 1912.7
1378760 1912.7
1378770 1904.2
1378780 1896.7
1378790 1891.4
1378800 1891.4
1378810 1884.3
1378820 1877.6
1378830 1877.6
1378840 1872.0
1378850 1865.4
1378860 1865.4
1378870 1859.0
1378880 1853.6
1378890 1853.6
1378900 1849.0
1378910 1843.0
1378920 1843.0
1378930 1837.4
1378940 1831.0
1378950 1831.0
1378960 1824.7
1378970 1819.3
1378980 1819.3
1378990 1815.1
1379000 1811.7
1379010 1811.7
1379020 1808.9
1379030 1805.8
1379040 1805.8
1379050 1802.1
1379060 1797.6
1379070 1794.1
1379080 1794.1
1379090 1792.3
1379100 1790.5
1379110 1790.5
1379120 1788.9
1379130 1786.9
1379140 1786.9
1379150 1783.2
1379160 1778.9
1379170 1778.9
1379180 1775.2
1379190 1771.6
1379200 1771.6
1379210 1762.2
1379220 1758.9
1379230 1758.9
1379240 1756.3
1379250 1753.1
1379260 1753.1
1379270 1748.6
1379280 1743.9
1379290 1743.9
1379300 1739.0
1379310 1733.7
1379320 1728.6
1379330 1728.6
1379340 1723.5
1379350 1718.2
1379360 1718.2
1379370 1712.4
1379380 1707.5
1379390 1707.5
1379400 1701.2
1379410 1694.7
1379420 1694.7
1379430 1688.8
1379440 1680.4
1379450 1680.4
1379460 1667.6
1379470 1656.8
1379480 1656.8
1379490 1647.1
1379500 1638.2
1379510 1638.2
1379520 1630.2
1379530 1623.0
1379540 1623.0
1379550 1616.0
1379560 1609.2
1379570 1601.6
1379580 1601.6
1379590 1594.1
1379600 1587.0
1379610 1587.0
1379620 1580.5
1379630 1574.1
1379640 1574.1
1379650 1568.4
1379660 1562.2
1379670 1562.2
1379680 1555.0
1379690 1545.1
1379700 1545.1
1379710 1536.2
1379720 1528.7
1379730 1528.7
1379740 1520.8
1379750 1513.7
1379760 1513.7
1379770 1506.5
1379780 1500.7
1379790 1500.7
1379800 1495.7
1379810 1491.6
1379820 1486.7
1379830 1486.7
1379840 1482.0
1379850 1477.8
1379860 1477.8
1379870 1473.3
1379880 1468.2
1379890 1468.2
1379900 1462.4
1379910 1457.0
1379920 1457.0
1379930 1451.1
1379940 1445.0
1379950 1445.0
1379960 1440.9
1379970 1436.6
1379980 1436.6
1379990 1431.7
