1360000 1058.2
1360010 1066.1
1360020 1066.1
1360030 1072.9
1360040 1076.8
1360050 1082.8
1360060 1082.8
1360070 1082.2
1360080 1074.8
1360090 1074.8
1360100 1079.0
1360110 1087.5
1360120 1087.5
1360130 1094.8
1360140 1099.6
1360150 1099.6
1360160 1101.2
1360170 1100.5
1360180 1100.5
1360190 1099.6
1360200 1101.2
1360210 1101.2
1360220 1101.7
1360230 1100.7
1360240 1100.7
1360250 1102.5
1360260 1102.7
1360270 1102.7
1360280 1100.8
1360290 1097.9
1360300 1094.1
1360310 1094.1
1360320 1089.7
1360330 1088.4
1360340 1088.4
1360350 1088.9
1360360 1088.0
1360370 1088.0
1360380 1086.0
1360390 1085.9
1360400 1085.9
1360410 1084.9
1360420 1086.6
1360430 1086.6
1360440 1087.9
1360450 1088.9
1360460 1088.9
1360470 1089.8
1360480 1093.2
1360490 1093.2
1360500 1097.5
1360510 1101.5
1360520 1101.5
1360530 1101.8
1360540 1102.1
1360550 1102.2
1360560 1102.2
1360570 1102.8
1360580 1103.4
1360590 1103.4
1360600 1103.4
1360610 1104.2
1360620 1104.2
1360630 1105.6
1360640 1106.5
1360650 1106.5
1360660 1102.7
1360670 1099.8
1360680 1099.8
1360690 1095.5
1360700 1088.3
1360710 1088.3
1360720 1083.9
1360730 1084.4
1360740 1084.4
1360750 1083.0
1360760 1085.1
1360770 1085.1
1360780 1086.9
1360790 1090.5
1360800 1095.1
1360810 1095.1
1360820 1097.0
1360830 1098.3
1360840 1098.3
1360850 1098.7
1360860 1098.4
1360870 1098.4
1360880 1096.2
1360890 1094.6
1360900 1094.6
1360910 1096.0
1360920 1097.2
1360930 1097.2
1360940 1096.6
1360950 1092.9
1360960 1092.9
1360970 1088.4
1360980 1084.6
1360990 1084.6
1361000 1086.8
1361010 1092.9
1361020 1092.9
1361030 1094.2
1361040 1096.5
1361050 1099.9
1361060 1099.9
1361070 1100.9
1361080 1102.0
1361090 1102.0
1361100 1101.2
1361110 1100.1
1361120 1100.1
1361130 1099.4
1361140 1095.5
1361150 1095.5
1361160 1094.9
1361170 1094.0
1361180 1094.0
1361190 1095.0
1361200 1095.7
1361210 1095.7
1361220 1095.6
1361230 1094.9
1361240 1094.9
1361250 1094.4
1361260 1092.4
1361270 1092.4
1361280 1090.6
1361290 1087.7
1361300 1087.7
1361310 1084.6
1361320 1080.8
1361330 1078.4
1361340 1078.4
1361350 1075.9
1361360 1073.6
1361370 1073.6
1361380 1072.7
1361390 1073.2
1361400 1073.2
1361410 1073.9
1361420 1074.0
1361430 1074.0
1361440 1074.3
1361450 1075.6
1361460 1075.6
1361470 1077.2
1361480 1079.6
1361490 1079.6
1361500 1081.1
1361510 1082.3
1361520 1082.3
1361530 1084.3
1361540 1086.3
1361550 1086.3
1361560 1085.6
1361570 1087.5
1361580 1090.5
1361590 1090.5
1361600 1094.4
1361610 1097.6
1361620 1097.6
1361630 1098.6
1361640 1099.9
1361650 1099.9
1361660 1100.6
1361670 1100.6
1361680 1100.6
1361690 1099.4
1361700 1100.9
1361710 1100.9
1361720 1099.5
1361730 1097.2
1361740 1097.2
1361750 1094.9
1361760 1091.7
1361770 1091.7
1361780 1089.0
1361790 1089.9
1361800 1089.9
1361810 1090.3
1361820 1090.6
1361830 1092.3
1361840 1092.3
1361850 1093.2
1361860 1089.2
1361870 1089.2
1361880 1086.4
1361890 1084.4
1361900 1084.4
1361910 1088.3
1361920 1089.3
1361930 1089.3
1361940 1087.9
1361950 1084.9
1361960 1084.9
1361970 1081.0
1361980 1077.8
1361990 1077.8
1362000 1075.7
1362010 1074.6
1362020 1074.6
1362030 1073.8
1362040 1072.1
1362050 1072.1
1362060 1069.2
1362070 1067.0
1362080 1065.0
1362090 1065.0
1362100 1063.0
1362110 1062.4
1362120 1062.4
1362130 1060.7
1362140 1054.3
1362150 1054.3
1362160 1046.9
1362170 1040.4
1362180 1040.4
1362190 1035.5
1362200 1031.1
1362210 1031.1
1362220 1027.1
1362230 1024.1
1362240 1024.1
1362250 1021.8
1362260 1020.2
1362270 1020.2
1362280 1018.5
1362290 1016.0
1362300 1016.0
1362310 1012.1
1362320 1006.6
1362330 1005.6
1362340 1005.6
1362350 1006.6
1362360 1008.1
1362370 1008.1
1362380 1010.4
1362390 1011.3
1362400 1011.3
1362410 1011.2
1362420 1010.4
1362430 1010.4
1362440 1007.4
1362450 1004.1
1362460 1004.1
1362470 1003.1
1362480 1001.7
1362490 1001.7
1362500 1000.8
1362510 996.5
1362520 996.5
1362530 993.8
1362540 993.3
1362550 993.3
1362560 988.6
1362570 984.4
1362580 979.7
1362590 979.7
1362600 975.3
1362610 970.8
1362620 970.8
1362630 967.6
1362640 965.9
1362650 965.9
1362660 965.7
1362670 965.4
1362680 965.4
1362690 964.3
1362700 963.1
1362710 963.1
1362720 962.2
1362730 961.6
1362740 961.6
1362750 961.4
1362760 961.7
1362770 961.7
1362780 961.0
1362790 957.2
1362800 957.2
1362810 951.6
1362820 945.4
1362830 939.3
1362840 939.3
1362850 932.5
1362860 926.7
1362870 926.7
1362880 921.4
1362890 915.9
1362900 915.9
1362910 910.7
1362920 905.2
1362930 905.2
1362940 899.3
1362950 894.6
1362960 894.6
1362970 888.2
1362980 881.9
1362990 881.9
1363000 875.5
1363010 868.5
1363020 868.5
1363030 864.2
1363040 860.0
1363050 860.0
1363060 857.8
1363070 856.7
1363080 856.6
1363090 856.6
1363100 856.4
1363110 855.9
1363120 855.9
1363130 855.9
1363140 856.0
1363150 856.0
1363160 856.2
1363170 856.2
1363180 856.2
1363190 856.1
1363200 856.3
1363210 856.3
1363220 856.0
1363230 856.2
1363240 856.2
1363250 856.5
1363260 856.7
1363270 856.7
1363280 856.6
1363290 856.4
1363300 856.4
1363310 856.3
1363320 856.4
1363330 857.2
1363340 857.2
1363350 857.2
1363360 857.1
1363370 857.1
1363380 857.1
1363390 856.8
1363400 856.8
1363410 856.5
1363420 856.3
1363430 856.3
1363440 856.6
1363450 857.1
1363460 857.1
1363470 857.2
1363480 857.3
1363490 857.3
1363500 857.3
1363510 857.5
1363520 857.5
1363530 857.8
1363540 858.0
1363550 858.0
1363560 858.7
1363570 857.5
1363580 858.2
1363590 858.2
1363600 858.9
1363610 857.5
1363620 857.5
1363630 856.7
1363640 855.9
1363650 855.9
1363660 855.5
1363670 855.1
1363680 855.1
1363690 854.6
1363700 854.2
1363710 854.2
1363720 854.0
1363730 854.1
1363740 854.1
1363750 853.7
1363760 853.4
1363770 853.4
1363780 853.3
1363790 853.2
1363800 853.2
1363810 853.1
1363820 853.0
1363830 852.8
1363840 852.8
1363850 852.6
1363860 852.5
1363870 852.5
1363880 852.5
1363890 852.3
1363900 852.3
1363910 852.5
1363920 852.7
1363930 852.7
1363940 852.0
1363950 851.3
1363960 851.3
1363970 851.4
1363980 851.5
1363990 851.5
1364000 851.5
1364010 851.6
1364020 851.6
1364030 852.1
1364040 852.1
1364050 852.1
1364060 852.0
1364070 851.9
1364080 851.8
1364090 851.8
1364100 851.8
1364110 852.1
1364120 852.1
1364130 851.9
1364140 851.4
1364150 851.4
1364160 851.1
1364170 850.8
1364180 850.8
1364190 850.7
1364200 850.4
1364210 850.4
1364220 850.2
1364230 850.1
1364240 850.1
1364250 850.3
1364260 850.3
1364270 850.3
1364280 849.8
1364290 849.6
1364300 849.6
1364310 849.5
1364320 849.2
1364330 849.0
1364340 849.0
1364350 848.7
1364360 848.7
1364370 848.7
1364380 848.6
1364390 848.5
1364400 848.5
1364410 848.4
1364420 848.4
1364430 848.4
1364440 848.3
1364450 848.1
1364460 848.1
1364470 848.0
1364480 847.8
1364490 847.8
1364500 847.6
1364510 847.3
1364520 847.3
1364530 847.0
1364540 846.8
1364550 846.8
1364560 846.8
1364570 846.9
1364580 846.9
1364590 847.0
1364600 846.7
1364610 846.5
1364620 846.5
1364630 846.2
1364640 846.1
1364650 846.1
1364660 846.1
1364670 846.0
1364680 846.0
1364690 846.1
1364700 846.2
1364710 846.2
1364720 846.1
1364730 845.9
1364740 845.9
1364750 845.3
1364760 844.8
1364770 844.8
1364780 844.9
1364790 845.1
1364800 845.1
1364810 844.9
1364820 844.8
1364830 844.8
1364840 844.9
1364850 844.9
1364860 844.9
1364870 844.9
1364880 844.8
1364890 844.9
1364900 844.9
1364910 844.8
1364920 844.9
1364930 844.9
1364940 845.0
1364950 845.1
1364960 845.1
1364970 845.1
1364980 845.1
1364990 845.1
1365000 845.0
1365010 845.1
1365020 845.1
1365030 844.9
1365040 844.7
1365050 844.7
1365060 844.7
1365070 844.5
1365080 844.5
1365090 844.3
1365100 844.2
1365110 844.1
1365120 844.1
1365130 844.1
1365140 844.1
1365150 844.1
1365160 844.1
1365170 844.0
1365180 844.0
1365190 844.0
1365200 844.1
1365210 844.1
1365220 844.1
1365230 844.2
1365240 844.2
1365250 844.3
1365260 844.4
1365270 844.4
1365280 844.4
1365290 844.9
1365300 844.9
1365310 845.4
1365320 845.7
1365330 845.7
1365340 845.5
1365350 845.9
1365360 849.5
1365370 849.5
1365380 853.5
1365390 858.3
1365400 858.3
1365410 864.1
1365420 868.8
1365430 868.8
1365440 872.5
1365450 876.6
1365460 876.6
1365470 880.8
1365480 884.0
1365490 884.0
1365500 888.5
1365510 891.6
1365520 891.6
1365530 896.1
1365540 900.5
1365550 900.5
1365560 906.7
1365570 912.8
1365580 912.8
1365590 918.5
1365600 925.0
1365610 930.4
1365620 930.4
1365630 934.1
1365640 938.0
1365650 938.0
1365660 942.9
1365670 947.2
1365680 947.2
1365690 948.1
1365700 947.7
1365710 947.7
1365720 950.5
1365730 952.9
1365740 952.9
1365750 954.3
1365760 955.2
1365770 955.2
1365780 955.9
1365790 957.7
1365800 957.7
1365810 960.5
1365820 963.6
1365830 963.6
1365840 966.8
1365850 970.1
1365860 973.3
1365870 973.3
1365880 976.5
1365890 979.1
1365900 979.1
1365910 981.5
1365920 983.1
1365930 983.1
1365940 985.1
1365950 988.1
1365960 988.1
1365970 990.8
1365980 992.7
1365990 992.7
1366000 994.8
1366010 997.7
1366020 997.7
1366030 1000.6
1366040 1003.5
1366050 1003.5
1366060 1007.1
1366070 1011.1
1366080 1011.1
1366090 1014.5
1366100 1018.1
1366110 1022.6
1366120 1022.6
1366130 1031.0
1366140 1034.1
1366150 1034.1
1366160 1037.5
1366170 1041.2
1366180 1041.2
1366190 1044.8
1366200 1047.9
1366210 1047.9
1366220 1050.5
1366230 1054.3
1366240 1054.3
1366250 1057.1
1366260 1060.3
1366270 1060.3
1366280 1063.6
1366290 1066.5
1366300 1066.5
1366310 1069.6
1366320 1072.9
1366330 1072.9
1366340 1077.4
1366350 1082.2
1366360 1086.3
1366370 1086.3
1366380 1089.9
1366390 1092.8
1366400 1092.8
1366410 1095.7
1366420 1098.4
1366430 1098.4
1366440 1101.2
1366450 1104.0
1366460 1104.0
1366470 1106.5
1366480 1108.9
1366490 1108.9
1366500 1110.9
1366510 1113.5
1366520 1113.5
1366530 1116.9
1366540 1120.7
1366550 1120.7
1366560 1123.8
1366570 1126.8
1366580 1126.8
1366590 1129.6
1366600 1131.8
1366610 1134.0
1366620 1134.0
1366630 1136.3
1366640 1137.7
1366650 1137.7
1366660 1139.3
1366670 1141.2
1366680 1141.2
1366690 1142.6
1366700 1144.0
1366710 1144.0
1366720 1145.4
1366730 1147.1
1366740 1147.1
1366750 1148.8
1366760 1150.6
1366770 1150.6
1366780 1151.3
1366790 1152.0
1366800 1152.0
1366810 1153.7
1366820 1155.0
1366830 1155.0
1366840 1156.4
1366850 1157.6
1366860 1158.2
1366870 1158.2
1366880 1159.5
1366890 1160.7
1366900 1160.7
1366910 1162.1
1366920 1163.4
1366930 1163.4
1366940 1164.3
1366950 1165.2
1366960 1165.2
1366970 1166.3
1366980 1167.2
1366990 1167.2
1367000 1167.0
1367010 1167.5
1367020 1167.5
1367030 1167.9
1367040 1168.0
1367050 1168.0
1367060 1168.1
1367070 1168.0
1367080 1168.0
1367090 1168.3
1367100 1168.6
1367110 1169.4
1367120 1169.4
1367130 1170.3
1367140 1171.4
1367150 1171.4
1367160 1172.5
1367170 1173.3
1367180 1173.3
1367190 1174.4
1367200 1174.9
1367210 1178.4
1367220 1178.5
1367230 1178.6
1367240 1178.6
1367250 1178.5
1367260 1178.1
1367270 1178.1
1367280 1177.3
1367290 1177.2
1367300 1177.2
1367310 1177.3
1367320 1177.3
1367330 1177.3
1367340 1177.3
1367350 1177.3
1367360 1177.1
1367370 1177.1
1367380 1176.9
1367390 1176.6
1367400 1176.6
1367410 1176.7
1367420 1176.7
1367430 1176.7
1367440 1176.8
1367450 1177.1
1367460 1177.1
1367470 1176.7
1367480 1174.8
1367490 1174.8
1367500 1171.3
1367510 1175.8
1367520 1175.8
1367530 1178.1
1367540 1177.3
1367550 1177.3
1367560 1175.4
1367570 1172.9
1367580 1172.9
1367590 1169.8
1367600 1168.5
1367610 1168.0
1367620 1168.0
1367630 1167.4
1367640 1166.6
1367650 1166.6
1367660 1165.5
1367670 1162.0
1367680 1162.0
1367690 1159.4
1367700 1158.0
1367710 1158.0
1367720 1155.6
1367730 1152.5
1367740 1152.5
1367750 1150.1
1367760 1146.8
1367770 1146.8
1367780 1143.5
1367790 1142.1
1367800 1142.1
1367810 1141.8
1367820 1141.2
1367830 1141.2
1367840 1139.9
1367850 1138.6
1367860 1138.6
1367870 1135.9
1367880 1132.8
1367890 1130.7
1367900 1130.7
1367910 1128.7
1367920 1128.6
1367930 1128.6
1367940 1130.2
1367950 1130.9
1367960 1130.9
1367970 1130.7
1367980 1128.7
1367990 1128.7
1368000 1126.6
1368010 1125.4
1368020 1125.4
1368030 1124.2
1368040 1120.9
1368050 1120.9
1368060 1116.9
1368070 1113.5
1368080 1113.5
1368090 1110.4
1368100 1109.1
1368110 1109.1
1368120 1107.1
1368130 1103.8
1368140 1102.1
1368150 1102.1
1368160 1102.3
1368170 1102.4
1368180 1102.4
1368190 1101.4
1368200 1101.2
1368210 1101.2
1368220 1099.7
1368230 1101.3
1368240 1101.3
1368250 1100.7
1368260 1098.3
1368270 1098.3
1368280 1097.0
1368290 1096.7
1368300 1103.9
1368310 1104.4
1368320 1103.4
1368330 1103.4
1368340 1099.5
1368350 1098.1
1368360 1098.1
1368370 1100.6
1368380 1104.6
1368390 1106.7
1368400 1106.7
1368410 1106.5
1368420 1105.6
1368430 1105.6
1368440 1105.1
1368450 1103.1
1368460 1103.1
1368470 1100.1
1368480 1096.2
1368490 1096.2
1368500 1095.1
1368510 1100.5
1368520 1100.5
1368530 1105.0
1368540 1109.5
1368550 1109.5
1368560 1114.3
1368570 1117.8
1368580 1117.8
1368590 1121.6
1368600 1125.9
1368610 1125.9
1368620 1128.8
1368630 1131.0
1368640 1132.8
1368650 1132.8
1368660 1135.4
1368670 1138.9
1368680 1138.9
1368690 1142.3
1368700 1145.4
1368710 1145.4
1368720 1149.1
1368730 1153.5
1368740 1153.5
1368750 1158.8
1368760 1166.2
1368770 1166.2
1368780 1173.0
1368790 1180.2
1368800 1180.2
1368810 1182.7
1368820 1181.4
1368830 1181.4
1368840 1181.1
1368850 1182.1
1368860 1182.1
1368870 1182.1
1368880 1181.9
1368890 1180.4
1368900 1180.4
1368910 1180.2
1368920 1182.4
1368930 1182.4
1368940 1182.6
1368950 1181.2
1368960 1181.2
1368970 1181.4
1368980 1181.4
1368990 1181.4
1369000 1182.7
1369010 1186.9
1369020 1186.9
1369030 1191.2
1369040 1195.8
1369050 1195.8
1369060 1196.8
1369070 1197.3
1369080 1197.3
1369090 1200.4
1369100 1203.6
1369110 1203.6
1369120 1204.5
1369130 1205.8
1369140 1208.1
1369150 1208.1
1369160 1213.1
1369170 1219.7
1369180 1219.7
1369190 1225.9
1369200 1230.1
1369210 1230.1
1369220 1231.9
1369230 1233.3
1369240 1233.3
1369250 1235.0
1369260 1236.3
1369270 1236.3
1369280 1237.3
1369290 1238.2
1369300 1238.2
1369310 1239.7
1369320 1241.4
1369330 1241.4
1369340 1243.4
1369350 1245.3
1369360 1245.3
1369370 1246.6
1369380 1247.4
1369390 1250.8
1369400 1250.8
1369410 1250.3
1369420 1250.6
1369430 1250.6
1369440 1251.4
1369450 1251.8
1369460 1251.8
1369470 1251.4
1369480 1250.8
1369490 1250.8
1369500 1250.0
1369510 1250.7
1369520 1250.7
1369530 1252.8
1369540 1255.0
1369550 1255.0
1369560 1256.3
1369570 1257.6
1369580 1257.6
1369590 1257.8
1369600 1257.6
1369610 1257.6
1369620 1257.3
1369630 1257.6
1369640 1257.9
1369650 1257.9
1369660 1258.7
1369670 1259.6
1369680 1259.6
1369690 1260.4
1369700 1260.7
1369710 1260.7
1369720 1260.7
1369730 1261.9
1369740 1261.9
1369750 1262.7
1369760 1263.7
1369770 1263.7
1369780 1264.2
1369790 1265.3
1369800 1265.3
1369810 1266.0
1369820 1266.4
1369830 1266.4
1369840 1266.5
1369850 1266.4
1369860 1266.4
1369870 1266.0
1369880 1266.3
1369890 1266.2
1369900 1266.2
1369910 1266.6
1369920 1260.9
1369930 1260.9
1369940 1253.5
1369950 1244.7
1369960 1244.7
1369970 1236.4
1369980 1229.9
1369990 1229.9
1370000 1225.6
1370010 1222.3
1370020 1222.3
1370030 1214.5
1370040 1207.7
1370050 1207.7
1370060 1202.4
1370070 1196.3
1370080 1196.3
1370090 1188.0
1370100 1179.0
1370110 1179.0
1370120 1174.5
1370130 1181.2
1370140 1189.0
1370150 1189.0
1370160 1196.8
1370170 1206.1
1370180 1206.1
1370190 1214.9
1370200 1223.7
1370210 1223.7
1370220 1236.0
1370230 1243.6
1370240 1243.6
1370250 1249.7
1370260 1257.1
1370270 1257.1
1370280 1259.2
1370290 1258.0
1370300 1258.0
1370310 1257.8
1370320 1257.3
1370330 1257.3
1370340 1254.7
1370350 1250.9
1370360 1250.9
1370370 1247.2
1370380 1241.8
1370390 1236.1
1370400 1236.1
1370410 1228.6
1370420 1220.7
1370430 1220.7
1370440 1212.8
1370450 1206.1
1370460 1206.1
1370470 1203.7
1370480 1203.7
1370490 1203.7
1370500 1211.4
1370510 1211.5
1370520 1211.5
1370530 1213.0
1370540 1213.3
1370550 1213.3
1370560 1213.1
1370570 1214.9
1370580 1214.9
1370590 1217.5
1370600 1221.4
1370610 1221.4
1370620 1223.3
1370630 1222.9
1370640 1221.3
1370650 1221.3
1370660 1220.8
1370670 1221.6
1370680 1221.6
1370690 1223.4
1370700 1228.7
1370710 1228.7
1370720 1231.9
1370730 1234.4
1370740 1234.4
1370750 1235.5
1370760 1234.5
1370770 1234.5
1370780 1229.7
1370790 1226.9
1370800 1226.9
1370810 1223.5
1370820 1222.3
1370830 1222.3
1370840 1221.3
1370850 1220.4
1370860 1220.4
1370870 1219.7
1370880 1219.4
1370890 1218.6
1370900 1218.6
1370910 1218.2
1370920 1217.1
1370930 1217.1
1370940 1213.3
1370950 1211.3
1370960 1211.3
1370970 1210.6
1370980 1210.3
1370990 1210.3
1371000 1211.0
1371010 1214.3
1371020 1214.3
1371030 1217.8
1371040 1219.9
1371050 1219.9
1371060 1220.7
1371070 1221.7
1371080 1221.7
1371090 1222.6
1371100 1222.1
1371110 1222.1
1371120 1221.4
1371130 1221.3
1371140 1220.4
1371150 1220.4
1371160 1218.1
1371170 1215.7
1371180 1215.7
1371190 1212.2
1371200 1207.2
1371210 1207.2
1371220 1203.2
1371230 1200.6
1371240 1200.6
1371250 1199.0
1371260 1195.0
1371270 1195.0
1371280 1193.9
1371290 1192.5
1371300 1192.5
1371310 1191.0
1371320 1190.1
1371330 1190.1
1371340 1189.2
1371350 1187.5
1371360 1187.5
1371370 1185.0
1371380 1182.3
1371390 1182.3
1371400 1179.9
1371410 1177.6
1371420 1174.1
1371430 1174.1
1371440 1171.0
1371450 1169.7
1371460 1169.7
1371470 1168.0
1371480 1165.7
1371490 1165.7
1371500 1163.0
1371510 1159.3
1371520 1159.3
1371530 1155.9
1371540 1153.0
1371550 1153.0
1371560 1149.8
1371570 1146.7
1371580 1146.7
1371590 1143.4
1371600 1139.0
1371610 1139.0
1371620 1133.1
1371630 1130.4
1371640 1130.4
1371650 1128.3
1371660 1126.0
1371670 1124.7
1371680 1124.7
1371690 1121.6
1371700 1116.8
1371710 1116.8
1371720 1115.1
1371730 1112.1
1371740 1112.1
1371750 1108.0
1371760 1102.1
1371770 1102.1
1371780 1099.4
1371790 1096.5
1371800 1096.5
1371810 1091.7
1371820 1086.2
1371830 1086.2
1371840 1080.9
1371850 1075.3
1371860 1075.3
1371870 1070.2
1371880 1066.7
1371890 1066.7
1371900 1061.5
1371910 1055.8
1371920 1049.9
1371930 1049.9
1371940 1043.8
1371950 1037.8
1371960 1037.8
1371970 1031.2
1371980 1026.1
1371990 1026.1
1372000 1021.2
1372010 1015.9
1372020 1015.9
1372030 1012.5
1372040 1009.2
1372050 1009.2
1372060 1006.3
1372070 1002.0
1372080 1002.0
1372090 998.1
1372100 995.4
1372110 995.4
1372120 993.9
1372130 991.7
1372140 991.7
1372150 988.4
1372160 986.5
1372170 982.9
1372180 982.9
1372190 979.5
1372200 976.7
1372210 976.7
1372220 972.2
1372230 968.4
1372240 968.4
1372250 964.1
1372260 957.8
1372270 957.8
1372280 954.8
1372290 952.3
1372300 952.3
1372310 949.3
1372320 944.1
1372330 944.1
1372340 940.1
1372350 937.3
1372360 937.3
1372370 933.7
1372380 928.9
1372390 928.9
1372400 924.1
1372410 922.5
1372420 923.4
1372430 923.4
1372440 920.9
1372450 920.4
1372460 920.4
1372470 920.6
1372480 922.9
1372490 922.9
1372500 924.8
1372510 930.0
1372520 930.0
1372530 934.6
1372540 938.9
1372550 938.9
1372560 944.8
1372570 952.4
1372580 952.4
1372590 959.0
1372600 964.9
1372610 964.9
1372620 971.2
1372630 976.4
1372640 976.4
1372650 982.3
1372660 988.8
1372670 994.7
1372680 994.7
1372690 1000.7
1372700 1005.4
1372710 1005.4
1372720 1008.6
1372730 1012.5
1372740 1012.5
1372750 1018.0
1372760 1022.7
1372770 1022.7
1372780 1029.4
1372790 1036.4
1372800 1036.4
1372810 1043.0
1372820 1050.6
1372830 1050.6
1372840 1059.3
1372850 1064.1
1372860 1064.1
1372870 1069.7
1372880 1079.3
1372890 1079.3
1372900 1089.1
1372910 1100.4
1372920 1114.1
1372930 1114.1
1372940 1124.4
1372950 1131.0
1372960 1131.0
1372970 1138.3
1372980 1146.6
1372990 1146.6
1373000 1154.9
1373010 1164.3
1373020 1164.3
1373030 1177.2
1373040 1193.3
1373050 1193.3
1373060 1203.4
1373070 1210.2
1373080 1210.2
1373090 1216.2
1373100 1216.0
1373110 1216.0
1373120 1212.9
1373130 1207.9
1373140 1207.9
1373150 1202.3
1373160 1199.4
1373170 1207.1
1373180 1207.1
1373190 1222.9
1373200 1238.0
1373210 1238.0
1373220 1247.9
1373230 1257.2
1373240 1257.2
1373250 1257.3
1373260 1260.3
1373270 1260.3
1373280 1270.0
1373290 1312.3
1373300 1312.3
1373310 1337.0
1373320 1345.9
1373330 1345.9
1373340 1356.2
1373350 1362.9
1373360 1362.9
1373370 1370.6
1373380 1376.1
1373390 1376.1
1373400 1396.0
1373410 1424.4
1373420 1460.6
1373430 1460.6
1373440 1474.2
1373450 1479.4
1373460 1479.4
1373470 1481.9
1373480 1480.7
1373490 1480.7
1373500 1479.6
1373510 1478.5
1373520 1478.5
1373530 1478.2
1373540 1480.5
1373550 1480.5
1373560 1482.8
1373570 1481.4
1373580 1481.4
1373590 1474.4
1373600 1465.6
1373610 1465.6
1373620 1457.3
1373630 1460.6
1373640 1460.6
1373650 1467.5
1373660 1474.1
1373670 1485.2
1373680 1485.2
1373690 1498.6
1373700 1511.8
1373710 1511.8
1373720 1527.2
1373730 1537.9
1373740 1537.9
1373750 1546.8
1373760 1555.0
1373770 1555.0
1373780 1560.8
1373790 1567.3
1373800 1567.3
1373810 1574.3
1373820 1582.8
1373830 1582.8
1373840 1594.3
1373850 1605.3
1373860 1605.3
1373870 1614.2
1373880 1622.5
1373890 1622.5
1373900 1625.7
1373910 1635.4
1373920 1643.9
1373930 1643.9
1373940 1650.4
1373950 1653.2
1373960 1653.2
1373970 1653.4
1373980 1652.9
1373990 1652.9
1374000 1656.5
1374010 1661.7
1374020 1661.7
1374030 1666.5
1374040 1671.0
1374050 1671.0
1374060 1674.7
1374070 1679.8
1374080 1679.8
1374090 1684.4
1374100 1690.1
1374110 1690.1
1374120 1695.4
1374130 1701.6
1374140 1701.6
1374150 1707.2
1374160 1713.5
1374170 1719.6
1374180 1719.6
1374190 1723.2
1374200 1728.9
1374210 1728.9
1374220 1737.4
1374230 1744.3
1374240 1744.3
1374250 1751.2
1374260 1758.5
1374270 1758.5
1374280 1766.3
1374290 1774.2
1374300 1774.2
1374310 1782.5
1374320 1791.1
1374330 1791.1
1374340 1800.4
1374350 1809.9
1374360 1809.9
1374370 1819.6
1374380 1828.1
1374390 1828.1
1374400 1835.6
1374410 1843.6
1374420 1851.1
1374430 1851.1
1374440 1856.8
1374450 1861.7
1374460 1861.7
1374470 1863.9
1374480 1866.7
1374490 1866.7
1374500 1871.0
1374510 1876.3
1374520 1876.3
1374530 1882.9
1374540 1890.4
1374550 1890.4
1374560 1898.0
1374570 1907.4
1374580 1907.4
1374590 1914.5
1374600 1920.9
1374610 1920.9
1374620 1926.7
1374630 1932.6
1374640 1932.6
1374650 1937.7
1374660 1941.5
1374670 1946.6
1374680 1946.6
1374690 1950.9
1374700 1954.4
1374710 1954.4
1374720 1959.9
1374730 1967.0
1374740 1967.0
1374750 1973.4
1374760 1980.0
1374770 1980.0
1374780 1986.6
1374790 1991.4
1374800 1991.4
1374810 1995.1
1374820 2001.3
1374830 2001.3
1374840 2006.1
1374850 2010.0
1374860 2010.0
1374870 2014.8
1374880 2020.5
1374890 2020.5
1374900 2025.1
1374910 2027.1
1374920 2027.1
1374930 2028.9
1374940 2032.0
1374950 2035.0
1374960 2035.0
1374970 2037.9
1374980 2040.6
1374990 2040.6
1375000 2042.9
1375010 2045.0
1375020 2045.0
1375030 2047.4
1375040 2050.5
1375050 2050.5
1375060 2059.6
1375070 2061.6
1375080 2061.6
1375090 2063.9
1375100 2065.7
1375110 2065.7
1375120 2067.5
1375130 2069.8
1375140 2069.8
1375150 2072.7
1375160 2075.4
1375170 2075.4
1375180 2078.3
1375190 2081.1
1375200 2084.3
1375210 2084.3
1375220 2088.3
1375230 2091.3
1375240 2091.3
1375250 2092.8
1375260 2095.5
1375270 2095.5
1375280 2098.1
1375290 2102.7
1375300 2102.7
1375310 2108.0
1375320 2104.3
1375330 2104.3
1375340 2092.9
1375350 2082.6
1375360 2082.6
1375370 2072.4
1375380 2074.9
1375390 2074.9
1375400 2082.6
1375410 2085.0
1375420 2085.0
1375430 2074.8
1375440 2058.9
1375450 2042.1
1375460 2042.1
1375470 2026.7
1375480 2014.8
1375490 2014.8
1375500 2009.8
1375510 2006.3
1375520 2006.3
1375530 2000.6
1375540 1993.7
1375550 1993.7
1375560 1988.6
1375570 1984.4
1375580 1984.4
1375590 1980.8
1375600 1977.8
1375610 1977.8
1375620 1974.2
1375630 1969.9
1375640 1969.9
1375650 1963.9
1375660 1955.6
1375670 1955.6
1375680 1944.8
1375690 1935.0
1375700 1927.6
1375710 1927.6
1375720 1922.4
1375730 1918.3
1375740 1918.3
1375750 1914.0
1375760 1909.3
1375770 1909.3
1375780 1907.1
1375790 1907.5
1375800 1907.5
1375810 1906.7
1375820 1908.4
1375830 1908.4
1375840 1912.8
1375850 1915.9
1375860 1915.9
1375870 1919.9
1375880 1924.3
1375890 1924.3
1375900 1929.8
1375910 1933.1
1375920 1933.1
1375930 1932.0
1375940 1930.5
1375950 1929.1
1375960 1929.1
1375970 1927.4
1375980 1926.0
1375990 1926.0
1376000 1927.8
1376010 1927.5
1376020 1927.5
1376030 1926.8
1376040 1929.2
1376050 1929.2
1376060 1932.2
1376070 1934.4
1376080 1934.4
1376090 1934.2
1376100 1934.2
1376110 1934.2
1376120 1935.3
1376130 1936.9
1376140 1936.9
1376150 1938.5
1376160 1941.1
1376170 1941.1
1376180 1944.2
1376190 1946.9
1376200 1949.3
1376210 1949.3
1376220 1959.1
1376230 1960.5
1376240 1960.5
1376250 1959.1
1376260 1955.1
1376270 1955.1
1376280 1952.8
1376290 1952.9
1376300 1952.9
1376310 1956.5
1376320 1961.3
1376330 1961.3
1376340 1966.5
1376350 1970.5
1376360 1970.5
1376370 1975.6
1376380 1980.6
1376390 1980.6
1376400 1983.9
1376410 1985.4
1376420 1985.4
1376430 1984.6
1376440 1982.7
1376450 1987.0
1376460 1987.0
1376470 1991.7
1376480 1992.5
1376490 1992.5
1376500 1994.4
1376510 1997.4
1376520 1997.4
1376530 2000.6
1376540 2004.0
1376550 2004.0
1376560 2009.1
1376570 2014.7
1376580 2014.7
1376590 2020.7
1376600 2027.2
1376610 2027.2
1376620 2034.2
1376630 2041.6
1376640 2041.6
1376650 2049.0
1376660 2056.4
1376670 2056.4
1376680 2063.1
1376690 2071.5
1376700 2082.3
1376710 2082.3
1376720 2092.7
1376730 2103.4
1376740 2103.4
1376750 2115.5
1376760 2124.3
1376770 2124.3
1376780 2130.4
1376790 2137.4
1376800 2137.4
1376810 2146.1
1376820 2155.8
1376830 2155.8
1376840 2166.9
1376850 2178.2
1376860 2178.2
1376870 2187.5
1376880 2179.4
1376890 2179.4
1376900 2172.2
1376910 2166.2
1376920 2166.2
1376930 2162.2
1376940 2166.4
1376950 2171.4
1376960 2171.4
1376970 2166.9
1376980 2158.4
1376990 2158.4
1377000 2156.5
1377010 2155.1
1377020 2155.1
1377030 2156.9
1377040 2162.3
1377050 2162.3
1377060 2162.3
1377070 2158.6
1377080 2158.6
1377090 2153.7
1377100 2146.5
1377110 2146.5
1377120 2139.6
1377130 2134.6
1377140 2134.6
1377150 2128.6
1377160 2122.0
1377170 2122.0
1377180 2116.4
1377190 2110.2
1377200 2104.7
1377210 2104.7
1377220 2101.9
1377230 2100.5
1377240 2100.5
1377250 2097.5
1377260 2095.2
1377270 2095.2
1377280 2095.2
1377290 2095.9
1377300 2095.9
1377310 2095.7
1377320 2097.2
1377330 2097.2
1377340 2100.9
1377350 2098.1
1377360 2098.1
1377370 2094.0
1377380 2090.9
1377390 2090.9
1377400 2092.7
1377410 2092.2
1377420 2092.2
1377430 2092.3
1377440 2093.3
1377450 2093.0
1377460 2093.0
1377470 2092.7
1377480 2094.0
1377490 2094.0
1377500 2093.3
1377510 2089.3
1377520 2089.3
1377530 2087.9
1377540 2088.8
1377550 2088.8
1377560 2085.6
1377570 2079.1
1377580 2079.1
1377590 2072.5
1377600 2068.9
1377610 2068.9
1377620 2064.6
1377630 2061.1
1377640 2061.1
1377650 2056.5
1377660 2051.9
1377670 2051.9
1377680 2046.6
1377690 2043.1
1377700 2041.6
1377710 2041.6
1377720 2040.6
1377730 2039.7
1377740 2039.7
1377750 2037.6
1377760 2033.4
1377770 2033.4
1377780 2030.3
1377790 2029.2
1377800 2029.2
1377810 2030.5
1377820 2032.1
1377830 2032.1
1377840 2032.7
1377850 2034.7
1377860 2034.7
1377870 2036.4
1377880 2039.1
1377890 2039.1
1377900 2040.4
1377910 2036.6
1377920 2036.6
1377930 2030.6
1377940 2010.2
1377950 2003.0
1377960 2003.0
1377970 1991.4
1377980 1971.6
1377990 1971.6
1378000 1966.0
1378010 1961.6
1378020 1961.6
1378030 1956.8
1378040 1951.8
1378050 1951.8
1378060 1946.3
1378070 1940.7
1378080 1940.7
1378090 1935.5
1378100 1929.8
1378110 1929.8
1378120 1924.6
1378130 1919.9
1378140 1919.9
1378150 1915.7
1378160 1912.0
1378170 1912.0
1378180 1910.1
1378190 1907.8
1378200 1905.5
1378210 1905.5
1378220 1902.5
1378230 1901.8
1378240 1901.8
1378250 1903.6
1378260 1906.4
1378270 1906.4
1378280 1909.6
1378290 1911.3
1378300 1911.3
1378310 1913.0
1378320 1913.6
1378330 1913.6
1378340 1913.6
1378350 1914.0
1378360 1914.0
1378370 1915.3
1378380 1916.7
1378390 1916.7
1378400 1917.4
1378410 1918.1
1378420 1918.1
1378430 1919.7
1378440 1922.5
1378450 1924.3
1378460 1924.3
1378470 1926.3
1378480 1928.2
1378490 1928.2
1378500 1930.3
1378510 1931.7
1378520 1931.7
1378530 1933.0
1378540 1934.5
1378550 1934.5
1378560 1935.8
1378570 1936.9
1378580 1936.9
1378590 1937.4
1378600 1945.0
1378610 1945.0
1378620 1944.7
1378630 1943.5
1378640 1943.5
1378650 1941.2
1378660 1938.2
1378670 1938.2
1378680 1935.0
1378690 1931.0
1378700 1931.0
1378710 1927.5
1378720 1924.3
1378730 1921.8
1378740 1921.8
1378750 1919.2
1378760 1915.7
1378770 1915.7
1378780 1911.9
1378790 1907.9
1378800 1907.9
1378810 1903.4
1378820 1898.7
1378830 1898.7
1378840 1894.0
1378850 1889.7
1378860 1889.7
1378870 1885.2
1378880 1881.2
1378890 1881.2
1378900 1877.4
1378910 1873.4
1378920 1873.4
1378930 1869.4
1378940 1865.0
1378950 1865.0
1378960 1860.9
1378970 1856.6
1378980 1852.2
1378990 1852.2
1379000 1847.1
1379010 1842.0
1379020 1842.0
1379030 1836.7
1379040 1831.1
1379050 1831.1
1379060 1825.0
1379070 1819.3
1379080 1819.3
1379090 1813.5
1379100 1807.8
1379110 1807.8
1379120 1801.6
1379130 1795.7
1379140 1795.7
1379150 1789.3
1379160 1783.0
1379170 1783.0
1379180 1776.9
1379190 1770.8
1379200 1770.8
1379210 1764.2
1379220 1757.7
1379230 1751.2
1379240 1751.2
1379250 1745.0
1379260 1739.3
1379270 1739.3
1379280 1734.1
1379290 1728.8
1379300 1728.8
1379310 1722.7
1379320 1716.7
1379330 1716.7
1379340 1712.6
1379350 1708.7
1379360 1708.7
1379370 1704.6
1379380 1700.3
1379390 1700.3
1379400 1696.0
1379410 1691.7
1379420 1691.7
1379430 1686.7
1379440 1680.7
1379450 1680.7
1379460 1675.0
1379470 1669.3
1379480 1662.6
1379490 1662.6
1379500 1655.7
1379510 1650.1
1379520 1650.1
1379530 1645.0
1379540 1639.8
1379550 1639.8
1379560 1634.2
1379570 1628.2
1379580 1628.2
1379590 1622.4
1379600 1616.5
1379610 1616.5
1379620 1610.4
1379630 1604.2
1379640 1604.2
1379650 1598.1
1379660 1591.8
1379670 1591.8
1379680 1585.3
1379690 1577.7
1379700 1577.7
1379710 1568.4
1379720 1558.9
1379730 1548.3
1379740 1548.3
1379750 1539.3
1379760 1531.0
1379770 1531.0
1379780 1522.4
1379790 1512.9
1379800 1512.9
1379810 1502.5
1379820 1494.5
1379830 1494.5
1379840 1487.0
1379850 1485.5
1379860 1485.5
1379870 1487.8
1379880 1491.2
1379890 1491.2
1379900 1492.0
1379910 1488.8
1379920 1488.8
1379930 1484.8
1379940 1480.1
1379950 1480.1
1379960 1474.1
1379970 1467.6
1379980 1461.1
1379990 1461.1
