1360000 899.2
1360010 898.7
1360020 898.0
1360030 898.0
1360040 897.3
1360050 895.7
1360060 895.7
1360070 894.2
1360080 893.4
1360090 891.8
1360100 891.8
1360110 889.8
1360120 887.3
1360130 887.3
1360140 884.8
1360150 883.9
1360160 883.9
1360170 883.0
1360180 881.6
1360190 881.6
1360200 879.6
1360210 878.8
1360220 878.8
1360230 877.9
1360240 877.6
1360250 877.6
1360260 877.0
1360270 876.2
1360280 876.2
1360290 876.2
1360300 875.9
1360310 875.9
1360320 875.9
1360330 876.0
1360340 876.1
1360350 876.1
1360360 876.1
1360370 875.7
1360380 875.7
1360390 875.4
1360400 874.8
1360410 874.8
1360420 874.3
1360430 874.0
1360440 874.0
1360450 873.7
1360460 873.2
1360470 873.2
1360480 872.8
1360490 872.4
1360500 872.4
1360510 871.9
1360520 871.5
1360530 871.5
1360540 871.2
1360550 870.9
1360560 870.9
1360570 870.8
1360580 870.7
1360590 870.7
1360600 870.7
1360610 870.9
1360620 871.2
1360630 871.2
1360640 872.6
1360650 871.1
1360660 871.1
1360670 871.4
1360680 871.7
1360690 871.7
1360700 871.9
1360710 872.5
1360720 872.5
1360730 872.8
1360740 873.0
1360750 873.0
1360760 872.9
1360770 872.9
1360780 872.9
1360790 873.1
1360800 873.3
1360810 873.3
1360820 873.3
1360830 873.7
1360840 873.7
1360850 874.7
1360860 875.5
1360870 875.9
1360880 875.9
1360890 876.4
1360900 877.4
1360910 877.4
1360920 878.8
1360930 880.0
1360940 880.0
1360950 881.0
1360960 881.9
1360970 881.9
1360980 882.9
1360990 884.1
1361000 884.1
1361010 884.8
1361020 884.9
1361030 884.9
1361040 884.8
1361050 883.7
1361060 883.7
1361070 882.8
1361080 883.1
1361090 883.1
1361100 883.6
1361110 883.8
1361120 884.3
1361130 884.3
1361140 885.0
1361150 885.4
1361160 885.4
1361170 885.7
1361180 887.5
1361190 887.5
1361200 888.3
1361210 889.0
1361220 889.0
1361230 889.6
1361240 890.1
1361250 890.1
1361260 890.1
1361270 889.8
1361280 889.8
1361290 889.7
1361300 889.7
1361310 889.7
1361320 889.6
1361330 889.7
1361340 889.7
1361350 889.7
1361360 889.6
1361370 888.3
1361380 888.3
1361390 885.3
1361400 888.2
1361410 888.2
1361420 887.7
1361430 887.3
1361440 887.3
1361450 887.3
1361460 888.0
1361470 888.0
1361480 891.4
1361490 896.2
1361500 896.2
1361510 898.4
1361520 898.5
1361530 898.5
1361540 898.4
1361550 898.6
1361560 898.6
1361570 899.5
1361580 900.2
1361590 900.2
1361600 900.6
1361610 901.1
1361620 902.0
1361630 902.0
1361640 903.7
1361650 906.6
1361660 906.6
1361670 910.3
1361680 909.5
1361690 909.5
1361700 910.0
1361710 910.7
1361720 910.7
1361730 910.7
1361740 910.6
1361750 910.6
1361760 910.5
1361770 910.5
1361780 910.5
1361790 910.5
1361800 910.8
1361810 910.8
1361820 911.1
1361830 911.5
1361840 911.5
1361850 911.9
1361860 912.3
1361870 912.3
1361880 912.3
1361890 912.4
1361900 912.6
1361910 912.6
1361920 912.6
1361930 912.8
1361940 912.8
1361950 913.1
1361960 912.9
1361970 912.9
1361980 912.4
1361990 912.0
1362000 912.0
1362010 911.5
1362020 911.6
1362030 911.6
1362040 911.7
1362050 911.5
1362060 911.5
1362070 911.3
1362080 910.9
1362090 910.9
1362100 910.2
1362110 910.4
1362120 910.8
1362130 910.8
1362140 911.0
1362150 911.1
1362160 911.1
1362170 911.2
1362180 911.1
1362190 911.1
1362200 911.1
1362210 911.1
1362220 911.1
1362230 910.4
1362240 909.6
1362250 909.6
1362260 908.7
1362270 908.2
1362280 908.2
1362290 907.7
1362300 907.6
1362310 907.6
1362320 907.7
1362330 907.7
1362340 907.7
1362350 907.8
1362360 907.7
1362370 907.7
1362380 907.6
1362390 907.7
1362400 907.0
1362410 907.0
1362420 905.9
1362430 905.2
1362440 905.2
1362450 904.8
1362460 904.8
1362470 904.8
1362480 904.8
1362490 905.0
1362500 905.0
1362510 905.1
1362520 905.1
1362530 905.1
1362540 905.3
1362550 905.8
1362560 905.8
1362570 906.1
1362580 906.4
1362590 906.4
1362600 906.7
1362610 906.8
1362620 906.8
1362630 906.9
1362640 907.4
1362650 908.3
1362660 908.3
1362670 909.2
1362680 910.1
1362690 910.1
1362700 911.0
1362710 912.0
1362720 912.4
1362730 913.5
1362740 914.2
1362750 914.2
1362760 914.6
1362770 914.7
1362780 914.7
1362790 914.8
1362800 914.8
1362810 914.8
1362820 914.8
1362830 914.6
1362840 914.6
1362850 913.9
1362860 912.2
1362870 912.2
1362880 910.0
1362890 908.4
1362900 907.2
1362910 907.2
1362920 906.3
1362930 906.1
1362940 906.1
1362950 906.7
1362960 906.8
1362970 906.8
1362980 906.5
1362990 905.8
1363000 905.8
1363010 908.3
1363020 914.1
1363030 914.1
1363040 917.2
1363050 917.5
1363060 917.5
1363070 917.0
1363080 914.9
1363090 914.9
1363100 910.1
1363110 903.2
1363120 903.2
1363130 898.8
1363140 898.1
1363150 899.7
1363160 899.7
1363170 898.3
1363180 895.8
1363190 895.8
1363200 892.6
1363210 889.0
1363220 889.0
1363230 886.7
1363240 884.4
1363250 884.4
1363260 883.2
1363270 880.4
1363280 880.4
1363290 878.5
1363300 877.7
1363310 877.7
1363320 876.8
1363330 874.6
1363340 874.6
1363350 871.2
1363360 869.4
1363370 869.4
1363380 868.6
1363390 867.0
1363400 864.3
1363410 864.3
1363420 861.7
1363430 861.1
1363440 861.1
1363450 860.9
1363460 861.0
1363470 861.0
1363480 861.3
1363490 861.4
1363500 861.4
1363510 860.7
1363520 859.2
1363530 859.2
1363540 857.5
1363550 855.8
1363560 855.8
1363570 854.4
1363580 853.4
1363590 853.4
1363600 852.6
1363610 852.0
1363620 852.0
1363630 851.8
1363640 851.3
1363650 851.2
1363660 851.2
1363670 850.7
1363680 849.8
1363690 849.8
1363700 848.5
1363710 847.9
1363720 847.9
1363730 847.6
1363740 847.5
1363750 847.5
1363760 847.5
1363770 847.0
1363780 847.0
1363790 846.5
1363800 846.4
1363810 846.4
1363820 846.3
1363830 846.3
1363840 846.3
1363850 846.2
1363860 846.1
1363870 846.1
1363880 846.0
1363890 846.0
1363900 845.9
1363910 845.9
1363920 845.9
1363930 845.9
1363940 845.9
1363950 846.0
1363960 845.9
1363970 845.9
1363980 845.8
1363990 845.7
1364000 845.7
1364010 845.8
1364020 845.8
1364030 845.8
1364040 845.8
1364050 845.8
1364060 845.8
1364070 845.7
1364080 845.8
1364090 845.8
1364100 845.8
1364110 845.7
1364120 845.7
1364130 845.7
1364140 845.7
1364150 845.7
1364160 845.7
1364170 845.7
1364180 845.9
1364190 845.9
1364200 846.0
1364210 845.9
1364220 845.9
1364230 845.9
1364240 845.8
1364250 845.8
1364260 845.8
1364270 845.9
1364280 845.9
1364290 846.0
1364300 846.1
1364310 846.1
1364320 846.2
1364330 846.3
1364340 846.3
1364350 846.4
1364360 846.7
1364370 846.7
1364380 847.2
1364390 847.6
1364400 847.6
1364410 848.0
1364420 848.2
1364430 848.6
1364440 848.6
1364450 849.0
1364460 849.2
1364470 849.2
1364480 849.2
1364490 849.3
1364500 849.3
1364510 849.5
1364520 849.6
1364530 849.6
1364540 849.6
1364550 849.9
1364560 849.9
1364570 850.3
1364580 850.9
1364590 850.9
1364600 851.3
1364610 851.6
1364620 851.6
1364630 851.9
1364640 851.9
1364650 851.9
1364660 851.8
1364670 853.3
1364680 854.8
1364690 854.8
1364700 852.6
1364710 852.5
1364720 852.5
1364730 852.7
1364740 853.5
1364750 853.5
1364760 854.0
1364770 853.9
1364780 853.9
1364790 854.0
1364800 854.0
1364810 854.0
1364820 854.0
1364830 853.7
1364840 853.7
1364850 853.8
1364860 853.8
1364870 853.8
1364880 853.7
1364890 854.1
1364900 854.1
1364910 854.0
1364920 853.9
1364930 853.7
1364940 853.7
1364950 853.4
1364960 853.5
1364970 853.5
1364980 853.1
1364990 856.3
1365000 856.3
1365010 857.3
1365020 857.9
1365030 857.9
1365040 861.1
1365050 864.9
1365060 864.9
1365070 865.0
1365080 861.4
1365090 861.4
1365100 858.7
1365110 858.5
1365120 858.5
1365130 858.4
1365140 858.3
1365150 858.3
1365160 858.2
1365170 858.2
1365180 860.9
1365190 860.9
1365200 865.6
1365210 866.0
1365220 866.0
1365230 865.9
1365240 865.7
1365250 865.7
1365260 865.6
1365270 865.1
1365280 865.1
1365290 864.9
1365300 865.0
1365310 865.0
1365320 865.0
1365330 864.7
1365340 864.7
1365350 864.2
1365360 863.8
1365370 863.8
1365380 862.8
1365390 862.9
1365400 862.9
1365410 862.1
1365420 862.1
1365430 862.2
1365440 862.2
1365450 862.2
1365460 861.9
1365470 861.9
1365480 861.3
1365490 860.9
1365500 860.9
1365510 860.5
1365520 860.4
1365530 860.4
1365540 860.3
1365550 859.5
1365560 859.5
1365570 858.4
1365580 858.0
1365590 858.0
1365600 857.7
1365610 857.6
1365620 857.6
1365630 857.4
1365640 857.3
1365650 857.3
1365660 857.1
1365670 856.6
1365680 855.8
1365690 855.8
1365700 855.3
1365710 854.9
1365720 854.9
1365730 854.6
1365740 854.4
1365750 854.4
1365760 854.5
1365770 854.2
1365780 854.2
1365790 853.9
1365800 853.4
1365810 853.4
1365820 853.0
1365830 852.6
1365840 852.6
1365850 852.3
1365860 852.1
1365870 852.1
1365880 851.9
1365890 851.6
1365900 850.9
1365910 850.3
1365920 850.0
1365930 849.8
1365940 849.8
1365950 849.9
1365960 849.6
1365970 849.6
1365980 849.3
1365990 848.8
1366000 848.8
1366010 848.0
1366020 847.6
1366030 847.6
1366040 847.4
1366050 847.0
1366060 847.0
1366070 846.3
1366080 845.2
1366090 845.2
1366100 844.6
1366110 844.3
1366120 844.3
1366130 843.9
1366140 843.3
1366150 843.3
1366160 843.1
1366170 842.9
1366180 842.9
1366190 842.4
1366200 842.0
1366210 841.5
1366220 841.5
1366230 841.1
1366240 840.6
1366250 840.6
1366260 839.8
1366270 839.6
1366280 839.6
1366290 840.7
1366300 840.8
1366310 840.8
1366320 839.7
1366330 837.9
1366340 837.9
1366350 837.2
1366360 837.2
1366370 837.2
1366380 837.2
1366390 837.0
1366400 837.0
1366410 836.7
1366420 836.9
1366430 836.9
1366440 836.8
1366450 836.7
1366460 836.6
1366470 836.6
1366480 836.6
1366490 836.4
1366500 836.4
1366510 836.3
1366520 836.2
1366530 836.2
1366540 836.1
1366550 836.1
1366560 836.1
1366570 836.2
1366580 836.3
1366590 836.3
1366600 836.4
1366610 836.4
1366620 836.4
1366630 836.4
1366640 836.5
1366650 836.5
1366660 836.5
1366670 836.6
1366680 836.6
1366690 837.2
1366700 836.7
1366710 836.6
1366720 836.6
1366730 836.6
1366740 836.6
1366750 836.6
1366760 836.7
1366770 836.9
1366780 836.9
1366790 837.0
1366800 837.1
1366810 837.1
1366820 836.5
1366830 835.1
1366840 835.1
1366850 834.3
1366860 834.1
1366870 834.1
1366880 834.5
1366890 835.6
1366900 835.6
1366910 836.6
1366920 836.7
1366930 836.7
1366940 836.4
1366950 836.2
1366960 836.1
1366970 835.9
1366980 835.8
1366990 835.7
1367000 835.7
1367010 835.7
1367020 835.6
1367030 835.6
1367040 835.5
1367050 835.3
1367060 835.3
1367070 835.3
1367080 835.2
1367090 835.2
1367100 835.1
1367110 835.0
1367120 835.0
1367130 835.0
1367140 834.9
1367150 834.9
1367160 834.9
1367170 834.9
1367180 834.9
1367190 834.9
1367200 834.9
1367210 834.8
1367220 834.8
1367230 834.8
1367240 834.8
1367250 834.8
1367260 834.8
1367270 834.8
1367280 834.8
1367290 834.8
1367300 834.8
1367310 834.8
1367320 834.8
1367330 834.9
1367340 834.9
1367350 835.0
1367360 835.5
1367370 835.5
1367380 835.8
1367390 837.1
1367400 837.1
1367410 839.3
1367420 841.8
1367430 841.8
1367440 843.2
1367450 845.5
1367460 848.3
1367470 848.3
1367480 849.4
1367490 849.1
1367500 849.1
1367510 846.8
1367520 844.4
1367530 844.4
1367540 845.4
1367550 847.5
1367560 847.5
1367570 850.0
1367580 852.0
1367590 852.0
1367600 853.3
1367610 854.2
1367620 854.2
1367630 855.0
1367640 855.9
1367650 855.9
1367660 857.1
1367670 858.3
1367680 858.3
1367690 859.7
1367700 860.9
1367710 860.9
1367720 862.3
1367730 864.1
1367740 865.8
1367750 865.8
1367760 868.2
1367770 869.6
1367780 869.6
1367790 870.2
1367800 870.7
1367810 870.7
1367820 871.4
1367830 871.9
1367840 871.9
1367850 872.9
1367860 873.8
1367870 873.8
1367880 875.0
1367890 875.8
1367900 875.8
1367910 876.9
1367920 877.1
1367930 877.1
1367940 878.4
1367950 878.9
1367960 878.9
1367970 878.9
1367980 879.5
1367990 880.6
1368000 880.6
1368010 881.0
1368020 880.7
1368030 880.7
1368040 880.5
1368050 880.6
1368060 881.7
1368070 881.7
1368080 883.2
1368090 883.2
1368100 884.0
1368110 884.2
1368120 884.2
1368130 883.4
1368140 882.9
1368150 882.9
1368160 880.6
1368170 879.3
1368180 879.3
1368190 878.3
1368200 877.0
1368210 877.0
1368220 875.4
1368230 872.0
1368240 870.4
1368250 870.4
1368260 872.3
1368270 870.8
1368280 870.8
1368290 872.3
1368300 872.1
1368310 872.1
1368320 872.5
1368330 873.2
1368340 873.2
1368350 874.3
1368360 875.9
1368370 875.9
1368380 877.7
1368390 879.5
1368400 879.5
1368410 880.0
1368420 879.0
1368430 879.0
1368440 879.8
1368450 882.6
1368460 882.6
1368470 884.5
1368480 884.6
1368490 884.6
1368500 884.6
1368510 884.7
1368520 884.3
1368530 884.3
1368540 883.1
1368550 880.3
1368560 880.3
1368570 879.3
1368580 879.9
1368590 879.9
1368600 880.1
1368610 880.9
1368620 880.9
1368630 880.6
1368640 879.9
1368650 879.9
1368660 882.1
1368670 883.3
1368680 883.3
1368690 884.0
1368700 884.3
1368710 884.3
1368720 885.1
1368730 887.5
1368740 888.8
1368750 888.8
1368760 888.6
1368770 888.7
1368780 888.7
1368790 887.5
1368800 886.5
1368810 886.5
1368820 886.7
1368830 886.8
1368840 886.8
1368850 884.2
1368860 881.3
1368870 881.3
1368880 880.5
1368890 880.5
1368900 880.5
1368910 880.9
1368920 884.1
1368930 884.1
1368940 889.1
1368950 892.4
1368960 892.4
1368970 894.1
1368980 895.0
1368990 895.6
1369000 895.6
1369010 896.4
1369020 896.7
1369030 896.7
1369040 897.5
1369050 898.8
1369060 898.8
1369070 899.7
1369080 900.0
1369090 900.0
1369100 900.0
1369110 899.2
1369120 899.2
1369130 900.2
1369140 901.6
1369150 901.6
1369160 906.4
1369170 907.9
1369180 907.9
1369190 910.0
1369200 912.2
1369210 912.2
1369220 915.6
1369230 918.3
1369240 919.9
1369250 919.9
1369260 920.7
1369270 922.8
1369280 922.8
1369290 925.1
1369300 926.5
1369310 926.5
1369320 927.2
1369330 927.8
1369340 927.8
1369350 929.7
1369360 930.7
1369370 930.7
1369380 930.5
1369390 930.4
1369400 930.4
1369410 930.9
1369420 931.0
1369430 931.0
1369440 931.3
1369450 930.9
1369460 930.9
1369470 929.2
1369480 924.7
1369490 919.9
1369500 919.9
1369510 921.8
1369520 928.3
1369530 928.3
1369540 933.3
1369550 936.6
1369560 936.6
1369570 937.0
1369580 936.2
1369590 936.2
1369600 934.2
1369610 932.8
1369620 932.8
1369630 932.3
1369640 932.1
1369650 932.1
1369660 932.1
1369670 932.8
1369680 932.8
1369690 933.1
1369700 933.6
1369710 933.6
1369720 934.5
1369730 935.6
1369740 935.6
1369750 936.9
1369760 938.1
1369770 939.2
1369780 939.2
1369790 939.9
1369800 940.9
1369810 940.9
1369820 942.0
1369830 942.9
1369840 942.9
1369850 943.3
1369860 943.8
1369870 943.8
1369880 944.3
1369890 944.7
1369900 944.7
1369910 944.4
1369920 943.7
1369930 943.7
1369940 942.8
1369950 942.5
1369960 942.5
1369970 941.3
1369980 940.8
1369990 940.8
1370000 940.7
1370010 937.1
1370020 930.8
1370030 930.8
1370040 925.0
1370050 918.3
1370060 918.3
1370070 911.1
1370080 907.8
1370090 907.8
1370100 909.4
1370110 909.2
1370120 909.2
1370130 909.3
1370140 907.6
1370150 907.6
1370160 907.3
1370170 910.5
1370180 910.5
1370190 913.0
1370200 917.9
1370210 917.9
1370220 922.7
1370230 928.5
1370240 928.5
1370250 930.1
1370260 934.8
1370270 935.4
1370280 935.4
1370290 935.9
1370300 937.0
1370310 937.0
1370320 937.6
1370330 937.7
1370340 937.7
1370350 937.4
1370360 936.8
1370370 936.8
1370380 935.4
1370390 934.1
1370400 934.1
1370410 936.7
1370420 939.1
1370430 939.1
1370440 937.8
1370450 936.9
1370460 936.9
1370470 937.0
1370480 934.4
1370490 934.4
1370500 931.2
1370510 927.8
1370520 927.0
1370530 927.0
1370540 929.4
1370550 933.4
1370560 933.4
1370570 936.3
1370580 937.5
1370590 937.5
1370600 936.3
1370610 936.4
1370620 936.4
1370630 937.4
1370640 936.1
1370650 936.1
1370660 931.7
1370670 924.3
1370680 924.3
1370690 917.0
1370700 910.1
1370710 910.1
1370720 903.8
1370730 900.1
1370740 900.1
1370750 901.4
1370760 903.5
1370770 905.6
1370780 905.6
1370790 908.3
1370800 911.6
1370810 911.6
1370820 914.4
1370830 917.8
1370840 917.8
1370850 920.3
1370860 921.9
1370870 921.9
1370880 923.3
1370890 924.1
1370900 924.1
1370910 925.1
1370920 926.3
1370930 926.3
1370940 927.5
1370950 928.2
1370960 928.2
1370970 929.1
1370980 929.8
1370990 929.8
1371000 930.2
1371010 929.9
1371020 930.2
1371030 930.2
1371040 929.7
1371050 928.4
1371060 928.4
1371070 926.2
1371080 922.7
1371090 922.7
1371100 918.5
1371110 911.5
1371120 911.5
1371130 906.1
1371140 903.7
1371150 903.7
1371160 902.6
1371170 900.9
1371180 900.9
1371190 897.8
1371200 893.8
1371210 893.8
1371220 890.7
1371230 887.9
1371240 887.9
1371250 883.8
1371260 879.8
1371270 876.6
1371280 876.6
1371290 874.1
1371300 869.4
1371310 869.4
1371320 863.6
1371330 859.3
1371340 859.3
1371350 858.5
1371360 855.7
1371370 855.7
1371380 853.6
1371390 852.6
1371400 852.6
1371410 855.0
1371420 856.0
1371430 856.0
1371440 857.2
1371450 857.6
1371460 857.6
1371470 858.4
1371480 859.8
1371490 859.8
1371500 859.9
1371510 859.7
1371520 859.7
1371530 859.5
1371540 860.1
1371550 860.2
1371560 860.2
1371570 860.1
1371580 860.0
1371590 860.0
1371600 860.0
1371610 860.1
1371620 860.1
1371630 860.1
1371640 860.8
1371650 860.8
1371660 860.9
1371670 863.2
1371680 863.2
1371690 867.9
1371700 873.4
1371710 873.4
1371720 878.9
1371730 886.1
1371740 886.1
1371750 893.1
1371760 899.5
1371770 899.5
1371780 906.2
1371790 911.5
1371800 915.2
1371810 915.2
1371820 918.3
1371830 922.2
1371840 922.2
1371850 927.6
1371860 931.5
1371870 931.5
1371880 935.4
1371890 938.7
1371900 938.7
1371910 941.1
1371920 943.9
1371930 943.9
1371940 946.7
1371950 950.0
1371960 950.0
1371970 953.9
1371980 958.0
1371990 958.0
1372000 962.6
1372010 966.8
1372020 966.8
1372030 971.6
1372040 976.7
1372050 981.2
1372060 981.2
1372070 986.2
1372080 991.5
1372090 991.5
1372100 995.9
1372110 1000.6
1372120 1000.6
1372130 1004.9
1372140 1009.2
1372150 1009.2
1372160 1013.8
1372170 1018.3
1372180 1018.3
1372190 1022.4
1372200 1026.6
1372210 1026.6
1372220 1030.6
1372230 1034.2
1372240 1034.2
1372250 1037.7
1372260 1041.3
1372270 1041.3
1372280 1044.3
1372290 1046.8
1372300 1049.2
1372310 1049.2
1372320 1052.0
1372330 1055.3
1372340 1055.3
1372350 1058.6
1372360 1061.2
1372370 1061.2
1372380 1064.1
1372390 1067.1
1372400 1067.1
1372410 1070.5
1372420 1074.0
1372430 1074.0
1372440 1077.1
1372450 1080.8
1372460 1080.8
1372470 1085.4
1372480 1090.4
1372490 1090.4
1372500 1093.8
1372510 1098.2
1372520 1098.2
1372530 1102.1
1372540 1106.2
1372550 1109.6
1372560 1109.6
1372570 1112.7
1372580 1115.7
1372590 1115.7
1372600 1118.7
1372610 1121.4
1372620 1121.4
1372630 1124.2
1372640 1127.3
1372650 1127.3
1372660 1130.9
1372670 1134.7
1372680 1134.7
1372690 1138.2
1372700 1141.3
1372710 1141.3
1372720 1144.6
1372730 1147.7
1372740 1147.7
1372750 1151.0
1372760 1155.6
1372770 1155.6
1372780 1159.9
1372790 1163.6
1372800 1167.1
1372810 1167.1
1372820 1170.0
1372830 1172.2
1372840 1172.2
1372850 1173.8
1372860 1175.6
1372870 1175.6
1372880 1177.7
1372890 1180.3
1372900 1180.3
1372910 1183.1
1372920 1186.2
1372930 1186.2
1372940 1189.6
1372950 1193.7
1372960 1193.7
1372970 1198.0
1372980 1202.0
1372990 1202.0
1373000 1205.8
1373010 1210.1
1373020 1210.1
1373030 1214.8
1373040 1220.0
1373050 1224.3
1373060 1224.3
1373070 1228.7
1373080 1233.5
1373090 1233.5
1373100 1237.0
1373110 1240.0
1373120 1240.0
1373130 1240.9
1373140 1241.3
1373150 1241.3
1373160 1242.1
1373170 1243.5
1373180 1243.5
1373190 1245.8
1373200 1248.0
1373210 1248.0
1373220 1250.9
1373230 1253.9
1373240 1253.9
1373250 1257.5
1373260 1260.1
1373270 1260.1
1373280 1262.1
1373290 1264.7
1373300 1264.7
1373310 1267.9
1373320 1271.7
1373330 1275.8
1373340 1275.8
1373350 1279.8
1373360 1284.9
1373370 1284.9
1373380 1289.1
1373390 1293.2
1373400 1293.2
1373410 1296.7
1373420 1299.0
1373430 1299.0
1373440 1301.4
1373450 1303.4
1373460 1303.4
1373470 1305.3
1373480 1307.7
1373490 1307.7
1373500 1310.4
1373510 1314.4
1373520 1314.4
1373530 1318.5
1373540 1322.9
1373550 1322.9
1373560 1328.6
1373570 1333.0
1373580 1337.8
1373590 1337.8
1373600 1343.7
1373610 1348.6
1373620 1348.6
1373630 1350.3
1373640 1352.7
1373650 1355.9
1373660 1360.1
1373670 1361.5
1373680 1361.5
1373690 1362.4
1373700 1364.1
1373710 1364.1
1373720 1366.4
1373730 1369.1
1373740 1369.1
1373750 1372.1
1373760 1376.3
1373770 1376.3
1373780 1380.3
1373790 1384.2
1373800 1384.2
1373810 1388.6
1373820 1391.9
1373830 1394.8
1373840 1394.8
1373850 1398.7
1373860 1401.8
1373870 1401.8
1373880 1405.4
1373890 1409.6
1373900 1409.6
1373910 1413.6
1373920 1417.1
1373930 1417.1
1373940 1420.4
1373950 1422.7
1373960 1422.7
1373970 1424.8
1373980 1426.0
1373990 1426.0
1374000 1428.3
1374010 1431.2
1374020 1431.2
1374030 1434.9
1374040 1439.0
1374050 1439.0
1374060 1441.2
1374070 1442.6
1374080 1444.1
1374090 1444.1
1374100 1446.5
1374110 1449.4
1374120 1449.4
1374130 1452.9
1374140 1456.3
1374150 1456.3
1374160 1458.8
1374170 1461.4
1374180 1461.4
1374190 1464.7
1374200 1467.7
1374210 1467.7
1374220 1470.6
1374230 1472.7
1374240 1472.7
1374250 1476.0
1374260 1478.6
1374270 1478.6
1374280 1480.9
1374290 1484.0
1374300 1484.0
1374310 1486.1
1374320 1488.1
1374330 1490.6
1374340 1490.6
1374350 1492.7
1374360 1495.0
1374370 1495.0
1374380 1497.3
1374390 1500.0
1374400 1500.0
1374410 1502.7
1374420 1505.0
1374430 1505.0
1374440 1507.2
1374450 1510.5
1374460 1510.5
1374470 1514.6
1374480 1518.4
1374490 1518.4
1374500 1522.5
1374510 1526.0
1374520 1526.0
1374530 1530.0
1374540 1534.2
1374550 1534.2
1374560 1537.5
1374570 1540.9
1374580 1544.0
1374590 1544.0
1374600 1546.9
1374610 1548.9
1374620 1548.9
1374630 1551.2
1374640 1553.3
1374650 1553.3
1374660 1554.9
1374670 1557.1
1374680 1557.1
1374690 1558.7
1374700 1559.7
1374710 1559.7
1374720 1560.7
1374730 1563.0
1374740 1563.0
1374750 1565.2
1374760 1564.9
1374770 1564.9
1374780 1564.1
1374790 1562.0
1374800 1567.8
1374810 1564.0
1374820 1560.6
1374830 1558.1
1374840 1558.1
1374850 1555.0
1374860 1551.9
1374870 1551.9
1374880 1549.3
1374890 1546.7
1374900 1546.7
1374910 1544.5
1374920 1546.6
1374930 1546.6
1374940 1548.8
1374950 1549.5
1374960 1549.5
1374970 1550.1
1374980 1550.6
1374990 1550.6
1375000 1548.3
1375010 1547.7
1375020 1547.7
1375030 1547.0
1375040 1550.2
1375050 1550.2
1375060 1557.5
1375070 1564.3
1375080 1572.4
1375090 1572.4
1375100 1580.7
1375110 1583.9
1375120 1583.9
1375130 1583.1
1375140 1582.3
1375150 1582.3
1375160 1581.0
1375170 1579.1
1375180 1579.1
1375190 1577.8
1375200 1576.6
1375210 1576.6
1375220 1574.9
1375230 1571.8
1375240 1571.8
1375250 1569.4
1375260 1566.2
1375270 1566.2
1375280 1562.4
1375290 1561.8
1375300 1561.8
1375310 1564.5
1375320 1567.9
1375330 1567.9
1375340 1566.8
1375350 1565.1
1375360 1565.5
1375370 1565.5
1375380 1567.2
1375390 1570.4
1375400 1570.4
1375410 1573.7
1375420 1575.9
1375430 1575.9
1375440 1575.6
1375450 1571.9
1375460 1571.9
1375470 1573.9
1375480 1576.3
1375490 1576.3
1375500 1579.3
1375510 1580.4
1375520 1580.4
1375530 1581.6
1375540 1581.9
1375550 1581.9
1375560 1582.7
1375570 1584.0
1375580 1584.0
1375590 1585.8
1375600 1588.1
1375610 1589.9
1375620 1589.9
1375630 1590.7
1375640 1592.0
1375650 1592.0
1375660 1595.3
1375670 1597.9
1375680 1597.9
1375690 1599.6
1375700 1601.1
1375710 1601.1
1375720 1602.3
1375730 1606.0
1375740 1606.0
1375750 1611.4
1375760 1616.4
1375770 1616.4
1375780 1621.4
1375790 1625.5
1375800 1625.5
1375810 1629.8
1375820 1634.3
1375830 1634.3
1375840 1638.8
1375850 1643.7
1375860 1649.5
1375870 1649.5
1375880 1655.6
1375890 1662.0
1375900 1662.0
1375910 1666.5
1375920 1670.9
1375930 1670.9
1375940 1674.8
1375950 1678.5
1375960 1678.5
1375970 1684.5
1375980 1687.4
1375990 1687.4
1376000 1690.3
1376010 1693.6
1376020 1693.6
1376030 1696.7
1376040 1699.3
1376050 1699.3
1376060 1701.5
1376070 1704.1
1376080 1704.1
1376090 1707.9
1376100 1713.0
1376110 1717.7
1376120 1717.7
1376130 1722.1
1376140 1726.1
1376150 1726.1
1376160 1729.6
1376170 1733.1
1376180 1733.1
1376190 1737.1
1376200 1741.3
1376210 1741.3
1376220 1744.9
1376230 1747.4
1376240 1747.4
1376250 1749.4
1376260 1751.8
1376270 1751.8
1376280 1755.1
1376290 1758.2
1376300 1758.2
1376310 1760.5
1376320 1762.8
1376330 1762.8
1376340 1765.2
1376350 1767.7
1376360 1770.5
1376370 1770.5
1376380 1773.0
1376390 1775.5
1376400 1775.5
1376410 1778.0
1376420 1780.2
1376430 1780.2
1376440 1782.9
1376450 1785.4
1376460 1785.4
1376470 1788.0
1376480 1790.0
1376490 1790.0
1376500 1792.5
1376510 1795.1
1376520 1795.1
1376530 1799.0
1376540 1801.9
1376550 1801.9
1376560 1804.5
1376570 1807.1
1376580 1807.1
1376590 1809.3
1376600 1811.8
1376610 1814.1
1376620 1814.1
1376630 1816.4
1376640 1818.8
1376650 1818.8
1376660 1820.3
1376670 1822.3
1376680 1822.3
1376690 1824.7
1376700 1827.8
1376710 1827.8
1376720 1830.5
1376730 1830.6
1376740 1830.6
1376750 1829.5
1376760 1825.5
1376770 1825.5
1376780 1816.6
1376790 1806.8
1376800 1806.8
1376810 1797.4
1376820 1789.5
1376830 1789.5
1376840 1782.4
1376850 1777.1
1376860 1772.2
1376870 1772.2
1376880 1767.5
1376890 1762.5
1376900 1762.5
1376910 1756.2
1376920 1749.2
1376930 1749.2
1376940 1743.9
1376950 1744.2
1376960 1744.2
1376970 1744.5
1376980 1745.3
1376990 1745.3
1377000 1744.6
1377010 1743.2
1377020 1743.2
1377030 1742.0
1377040 1742.0
1377050 1742.0
1377060 1741.5
1377070 1741.3
1377080 1741.3
1377090 1740.1
1377100 1738.8
1377110 1738.8
1377120 1736.6
1377130 1731.5
1377140 1731.0
1377150 1732.6
1377160 1737.2
1377170 1738.7
1377180 1738.7
1377190 1738.3
1377200 1736.5
1377210 1736.5
1377220 1734.4
1377230 1737.6
1377240 1737.6
1377250 1739.8
1377260 1739.8
1377270 1739.8
1377280 1737.2
1377290 1732.1
1377300 1732.1
1377310 1727.3
1377320 1729.7
1377330 1729.7
1377340 1735.9
1377350 1742.2
1377360 1742.2
1377370 1745.3
1377380 1747.2
1377390 1749.3
1377400 1749.3
1377410 1752.0
1377420 1755.6
1377430 1755.6
1377440 1759.7
1377450 1764.2
1377460 1764.2
1377470 1769.1
1377480 1774.7
1377490 1774.7
1377500 1778.3
1377510 1782.0
1377520 1782.0
1377530 1786.2
1377540 1789.4
1377550 1789.4
1377560 1792.5
1377570 1797.2
1377580 1797.2
1377590 1802.0
1377600 1805.3
1377610 1805.3
1377620 1807.8
1377630 1809.2
1377640 1809.7
1377650 1809.7
1377660 1809.0
1377670 1808.6
1377680 1808.6
1377690 1808.4
1377700 1808.8
1377710 1808.8
1377720 1809.0
1377730 1809.4
1377740 1809.4
1377750 1810.6
1377760 1811.9
1377770 1811.9
1377780 1814.3
1377790 1817.9
1377800 1817.9
1377810 1821.4
1377820 1825.0
1377830 1825.0
1377840 1829.1
1377850 1834.5
1377860 1834.5
1377870 1840.1
1377880 1845.8
1377890 1851.2
1377900 1851.2
1377910 1855.1
1377920 1857.9
1377930 1857.9
1377940 1861.5
1377950 1863.7
1377960 1863.7
1377970 1864.3
1377980 1866.0
1377990 1866.0
1378000 1867.2
1378010 1868.2
1378020 1868.2
1378030 1869.2
1378040 1870.3
1378050 1870.3
1378060 1870.6
1378070 1867.2
1378080 1867.2
1378090 1854.6
1378100 1841.6
1378110 1841.6
1378120 1831.6
1378130 1823.9
1378140 1817.7
1378150 1817.7
1378160 1811.7
1378170 1806.5
1378180 1806.5
1378190 1802.8
1378200 1799.7
1378210 1799.7
1378220 1797.1
1378230 1795.3
1378240 1795.3
1378250 1795.3
1378260 1795.7
1378270 1795.7
1378280 1797.7
1378290 1799.7
1378300 1799.7
1378310 1802.4
1378320 1805.3
1378330 1805.3
1378340 1811.6
1378350 1814.7
1378360 1814.7
1378370 1817.1
1378380 1820.4
1378390 1824.4
1378400 1824.4
1378410 1829.5
1378420 1834.3
1378430 1834.3
1378440 1838.9
1378450 1844.2
1378460 1844.2
1378470 1849.8
1378480 1855.2
1378490 1855.2
1378500 1859.7
1378510 1862.5
1378520 1862.5
1378530 1862.0
1378540 1861.6
1378550 1861.6
1378560 1863.3
1378570 1865.2
1378580 1865.2
1378590 1867.2
1378600 1869.6
1378610 1869.6
1378620 1872.3
1378630 1874.1
1378640 1875.4
1378650 1875.4
1378660 1876.5
1378670 1878.5
1378680 1878.5
1378690 1879.6
1378700 1880.5
1378710 1880.5
1378720 1882.3
1378730 1884.7
1378740 1884.7
1378750 1888.0
1378760 1891.5
1378770 1891.5
1378780 1896.1
1378790 1902.0
1378800 1902.0
1378810 1909.3
1378820 1916.9
1378830 1916.9
1378840 1924.6
1378850 1931.6
1378860 1931.6
1378870 1936.8
1378880 1940.2
1378890 1940.2
1378900 1944.0
1378910 1947.2
1378920 1949.0
1378930 1949.0
1378940 1951.0
1378950 1951.0
1378960 1951.0
1378970 1950.1
1378980 1950.6
1378990 1950.6
1379000 1948.2
1379010 1945.4
1379020 1945.4
1379030 1942.6
1379040 1940.1
1379050 1940.1
1379060 1938.0
1379070 1940.1
1379080 1940.1
1379090 1947.5
1379100 1954.0
1379110 1954.0
1379120 1957.2
1379130 1955.8
1379140 1955.8
1379150 1953.2
1379160 1950.5
1379170 1946.3
1379180 1946.3
1379190 1941.4
1379200 1935.6
1379210 1935.6
1379220 1928.9
1379230 1922.7
1379240 1922.7
1379250 1917.2
1379260 1910.8
1379270 1910.8
1379280 1902.7
1379290 1894.1
1379300 1894.1
1379310 1886.0
1379320 1878.2
1379330 1878.2
1379340 1869.8
1379350 1862.1
1379360 1862.1
1379370 1854.7
1379380 1847.7
1379390 1847.7
1379400 1841.2
1379410 1833.4
1379420 1819.1
1379430 1819.1
1379440 1805.0
1379450 1796.0
1379460 1796.0
1379470 1788.2
1379480 1780.8
1379490 1780.8
1379500 1773.2
1379510 1766.2
1379520 1766.2
1379530 1761.0
1379540 1763.6
1379550 1763.6
1379560 1758.2
1379570 1752.4
1379580 1752.4
1379590 1747.9
1379600 1743.2
1379610 1743.2
1379620 1739.1
1379630 1735.4
1379640 1735.4
1379650 1731.3
1379660 1726.3
1379670 1720.6
1379680 1720.6
1379690 1713.8
1379700 1705.5
1379710 1705.5
1379720 1699.8
1379730 1696.0
1379740 1696.0
1379750 1689.5
1379760 1683.9
1379770 1683.9
1379780 1678.1
1379790 1672.2
1379800 1672.2
1379810 1665.5
1379820 1658.1
1379830 1658.1
1379840 1653.4
1379850 1650.5
1379860 1650.5
1379870 1646.5
1379880 1642.1
1379890 1642.1
1379900 1636.8
1379910 1631.1
1379920 1623.6
1379930 1623.6
1379940 1616.6
1379950 1609.8
1379960 1609.8
1379970 1603.8
1379980 1596.2
1379990 1596.2
