1360000 1234.0
1360010 1234.0
1360020 1233.8
1360030 1232.9
1360040 1232.9
1360050 1230.8
1360060 1228.8
1360070 1228.8
1360080 1226.1
1360090 1224.2
1360100 1224.2
1360110 1222.5
1360120 1220.6
1360130 1220.6
1360140 1218.9
1360150 1219.0
1360160 1219.0
1360170 1219.8
1360180 1219.9
1360190 1219.9
1360200 1218.7
1360210 1215.3
1360220 1215.3
1360230 1211.9
1360240 1209.5
1360250 1209.5
1360260 1207.8
1360270 1206.0
1360280 1204.5
1360290 1204.5
1360300 1204.2
1360310 1203.9
1360320 1203.9
1360330 1203.6
1360340 1202.8
1360350 1202.8
1360360 1201.3
1360370 1198.9
1360380 1198.9
1360390 1194.8
1360400 1191.8
1360410 1191.8
1360420 1189.8
1360430 1188.8
1360440 1188.8
1360450 1187.9
1360460 1185.9
1360470 1185.9
1360480 1185.0
1360490 1185.4
1360500 1185.4
1360510 1184.2
1360520 1183.3
1360530 1185.6
1360540 1185.6
1360550 1186.2
1360560 1186.6
1360570 1186.6
1360580 1187.0
1360590 1187.2
1360600 1187.2
1360610 1186.5
1360620 1185.2
1360630 1185.2
1360640 1184.3
1360650 1183.5
1360660 1183.5
1360670 1182.5
1360680 1181.6
1360690 1181.6
1360700 1180.1
1360710 1178.6
1360720 1178.6
1360730 1176.8
1360740 1174.8
1360750 1174.8
1360760 1172.5
1360770 1170.3
1360780 1168.5
1360790 1168.5
1360800 1166.8
1360810 1165.7
1360820 1165.7
1360830 1164.6
1360840 1162.9
1360850 1162.9
1360860 1161.4
1360870 1161.5
1360880 1161.5
1360890 1161.3
1360900 1160.4
1360910 1156.6
1360920 1155.5
1360930 1154.4
1360940 1154.4
1360950 1152.7
1360960 1151.7
1360970 1151.7
1360980 1151.7
1360990 1151.6
1361000 1151.6
1361010 1151.1
1361020 1150.7
1361030 1150.2
1361040 1150.2
1361050 1149.6
1361060 1149.3
1361070 1149.3
1361080 1149.1
1361090 1147.8
1361100 1147.8
1361110 1138.8
1361120 1131.1
1361130 1131.1
1361140 1128.2
1361150 1122.2
1361160 1122.2
1361170 1114.5
1361180 1106.6
1361190 1106.6
1361200 1099.8
1361210 1093.6
1361220 1093.6
1361230 1088.1
1361240 1081.3
1361250 1081.3
1361260 1072.7
1361270 1064.4
1361280 1054.7
1361290 1054.7
1361300 1045.1
1361310 1035.2
1361320 1035.2
1361330 1025.7
1361340 1016.4
1361350 1016.4
1361360 1009.2
1361370 1012.9
1361380 1012.9
1361390 1021.1
1361400 1027.5
1361410 1027.5
1361420 1034.4
1361430 1041.1
1361440 1041.1
1361450 1047.8
1361460 1055.2
1361470 1055.2
1361480 1064.2
1361490 1074.6
1361500 1074.6
1361510 1086.1
1361520 1093.6
1361530 1093.6
1361540 1101.0
1361550 1108.7
1361560 1116.6
1361570 1116.6
1361580 1124.4
1361590 1132.5
1361600 1132.5
1361610 1136.1
1361620 1137.8
1361630 1137.8
1361640 1139.5
1361650 1139.6
1361660 1139.6
1361670 1139.5
1361680 1139.5
1361690 1139.5
1361700 1139.6
1361710 1139.8
1361720 1139.8
1361730 1140.3
1361740 1140.0
1361750 1140.0
1361760 1139.5
1361770 1139.2
1361780 1139.2
1361790 1138.4
1361800 1137.3
1361810 1136.7
1361820 1136.7
1361830 1136.1
1361840 1136.0
1361850 1136.0
1361860 1136.2
1361870 1136.4
1361880 1136.4
1361890 1136.7
1361900 1136.5
1361910 1136.5
1361920 1135.8
1361930 1135.4
1361940 1132.7
1361950 1133.0
1361960 1133.1
1361970 1133.1
1361980 1132.7
1361990 1132.6
1362000 1132.6
1362010 1132.5
1362020 1132.2
1362030 1132.2
1362040 1132.2
1362050 1132.4
1362060 1132.4
1362070 1132.4
1362080 1131.5
1362090 1131.0
1362100 1131.0
1362110 1130.5
1362120 1129.7
1362130 1129.7
1362140 1129.3
1362150 1129.3
1362160 1129.3
1362170 1129.3
1362180 1129.5
1362190 1129.5
1362200 1129.6
1362210 1129.4
1362220 1129.4
1362230 1129.2
1362240 1128.7
1362250 1128.7
1362260 1127.9
1362270 1128.8
1362280 1128.8
1362290 1129.1
1362300 1129.3
1362310 1129.5
1362320 1129.5
1362330 1129.5
1362340 1129.5
1362350 1129.5
1362360 1128.6
1362370 1127.4
1362380 1127.4
1362390 1125.7
1362400 1125.0
1362410 1125.0
1362420 1124.9
1362430 1124.6
1362440 1124.6
1362450 1124.6
1362460 1124.7
1362470 1124.7
1362480 1124.8
1362490 1124.9
1362500 1124.9
1362510 1124.6
1362520 1124.0
1362530 1124.0
1362540 1123.4
1362550 1123.6
1362560 1124.9
1362570 1124.9
1362580 1125.2
1362590 1124.6
1362600 1124.6
1362610 1123.8
1362620 1123.0
1362630 1123.0
1362640 1122.1
1362650 1121.1
1362660 1121.1
1362670 1120.2
1362680 1119.7
1362690 1119.7
1362700 1119.1
1362710 1118.4
1362720 1118.4
1362730 1117.6
1362740 1116.4
1362750 1116.4
1362760 1114.8
1362770 1113.3
1362780 1113.3
1362790 1112.4
1362800 1111.3
1362810 1111.3
1362820 1110.2
1362830 1109.0
1362840 1107.5
1362850 1107.5
1362860 1105.8
1362870 1104.5
1362880 1104.5
1362890 1104.0
1362900 1103.7
1362910 1103.7
1362920 1103.1
1362930 1102.6
1362940 1102.6
1362950 1102.3
1362960 1101.9
1362970 1101.9
1362980 1098.6
1362990 1097.5
1363000 1097.5
1363010 1096.3
1363020 1095.0
1363030 1095.0
1363040 1093.8
1363050 1092.4
1363060 1092.4
1363070 1090.8
1363080 1089.1
1363090 1087.3
1363100 1087.3
1363110 1085.5
1363120 1082.7
1363130 1082.7
1363140 1080.4
1363150 1078.7
1363160 1078.7
1363170 1077.2
1363180 1075.0
1363190 1075.0
1363200 1074.7
1363210 1079.0
1363220 1079.0
1363230 1078.8
1363240 1077.2
1363250 1077.2
1363260 1074.1
1363270 1070.5
1363280 1070.5
1363290 1067.9
1363300 1066.1
1363310 1066.1
1363320 1064.6
1363330 1063.5
1363340 1062.5
1363350 1062.5
1363360 1061.1
1363370 1059.7
1363380 1059.7
1363390 1058.0
1363400 1056.5
1363410 1056.5
1363420 1055.1
1363430 1053.7
1363440 1053.7
1363450 1052.5
1363460 1052.1
1363470 1052.1
1363480 1051.9
1363490 1050.8
1363500 1050.8
1363510 1049.4
1363520 1048.2
1363530 1048.2
1363540 1045.6
1363550 1041.8
1363560 1041.8
1363570 1038.9
1363580 1037.1
1363590 1038.4
1363600 1038.4
1363610 1038.4
1363620 1037.3
1363630 1037.3
1363640 1036.4
1363650 1035.6
1363660 1035.6
1363670 1034.3
1363680 1032.9
1363690 1032.9
1363700 1031.6
1363710 1030.8
1363720 1030.8
1363730 1030.3
1363740 1029.7
1363750 1029.7
1363760 1028.5
1363770 1025.5
1363780 1025.5
1363790 1021.3
1363800 1019.2
1363810 1019.2
1363820 1020.7
1363830 1021.0
1363840 1019.6
1363850 1019.6
1363860 1017.8
1363870 1016.9
1363880 1016.9
1363890 1016.5
1363900 1016.0
1363910 1016.0
1363920 1015.1
1363930 1014.3
1363940 1014.3
1363950 1014.3
1363960 1014.2
1363970 1014.2
1363980 1013.7
1363990 1012.8
1364000 1012.8
1364010 1012.0
1364020 1011.7
1364030 1008.9
1364040 1008.2
1364050 1007.2
1364060 1007.2
1364070 1006.5
1364080 1005.6
1364090 1005.6
1364100 1005.7
1364110 1005.4
1364120 1004.0
1364130 1004.0
1364140 1003.0
1364150 1002.9
1364160 1002.9
1364170 1003.2
1364180 1001.4
1364190 1001.4
1364200 1000.0
1364210 999.3
1364220 999.3
1364230 998.9
1364240 999.0
1364250 999.0
1364260 999.4
1364270 999.4
1364280 999.4
1364290 998.2
1364300 998.1
1364310 998.1
1364320 998.5
1364330 998.6
1364340 998.6
1364350 998.7
1364360 998.7
1364370 998.5
1364380 998.5
1364390 997.5
1364400 995.9
1364410 995.9
1364420 994.5
1364430 994.1
1364440 994.1
1364450 993.5
1364460 995.2
1364470 995.2
1364480 995.9
1364490 996.1
1364500 996.1
1364510 996.0
1364520 996.9
1364530 996.9
1364540 998.0
1364550 998.1
1364560 998.1
1364570 997.3
1364580 996.5
1364590 996.5
1364600 996.3
1364610 994.8
1364620 993.0
1364630 993.0
1364640 991.2
1364650 989.6
1364660 989.6
1364670 988.2
1364680 986.0
1364690 986.0
1364700 983.9
1364710 985.4
1364720 985.4
1364730 985.2
1364740 984.8
1364750 984.8
1364760 984.6
1364770 984.1
1364780 984.1
1364790 983.2
1364800 981.9
1364810 981.9
1364820 980.6
1364830 979.4
1364840 979.4
1364850 978.1
1364860 976.9
1364870 976.1
1364880 976.1
1364890 975.2
1364900 974.3
1364910 974.3
1364920 973.7
1364930 973.2
1364940 973.2
1364950 972.0
1364960 970.9
1364970 970.9
1364980 969.7
1364990 968.7
1365000 968.7
1365010 968.0
1365020 967.1
1365030 967.1
1365040 965.5
1365050 964.8
1365060 964.8
1365070 964.1
1365080 963.2
1365090 961.9
1365100 961.4
1365110 961.0
1365120 959.8
1365130 959.8
1365140 958.1
1365150 956.6
1365160 956.6
1365170 954.9
1365180 953.3
1365190 953.3
1365200 951.1
1365210 949.4
1365220 949.4
1365230 948.1
1365240 947.3
1365250 947.3
1365260 946.0
1365270 943.3
1365280 943.3
1365290 945.4
1365300 944.8
1365310 944.8
1365320 944.5
1365330 944.2
1365340 944.2
1365350 943.7
1365360 943.1
1365370 943.1
1365380 942.4
1365390 940.6
1365400 938.6
1365410 938.6
1365420 937.2
1365430 936.0
1365440 936.0
1365450 934.7
1365460 933.6
1365470 933.6
1365480 932.1
1365490 930.6
1365500 930.6
1365510 929.4
1365520 928.0
1365530 928.0
1365540 926.8
1365550 925.9
1365560 925.9
1365570 924.7
1365580 923.7
1365590 923.7
1365600 922.5
1365610 921.1
1365620 921.1
1365630 919.4
1365640 918.1
1365650 916.5
1365660 916.5
1365670 915.2
1365680 914.0
1365690 914.0
1365700 913.0
1365710 912.0
1365720 912.0
1365730 911.3
1365740 910.3
1365750 910.3
1365760 909.8
1365770 908.9
1365780 908.9
1365790 907.5
1365800 905.8
1365810 905.8
1365820 904.2
1365830 902.7
1365840 902.7
1365850 901.6
1365860 900.2
1365870 900.2
1365880 899.0
1365890 898.1
1365900 897.0
1365910 897.0
1365920 895.9
1365930 894.4
1365940 894.4
1365950 893.7
1365960 892.2
1365970 892.2
1365980 891.1
1365990 889.7
1366000 889.7
1366010 887.9
1366020 885.8
1366030 885.8
1366040 884.3
1366050 884.0
1366060 884.0
1366070 883.5
1366080 883.0
1366090 883.0
1366100 881.4
1366110 880.4
1366120 880.4
1366130 879.4
1366140 877.8
1366150 876.4
1366160 876.4
1366170 875.3
1366180 874.6
1366190 874.6
1366200 873.8
1366210 872.9
1366220 872.9
1366230 871.9
1366240 871.0
1366250 871.0
1366260 870.0
1366270 869.1
1366280 869.1
1366290 868.3
1366300 867.5
1366310 867.5
1366320 866.9
1366330 866.0
1366340 866.0
1366350 865.3
1366360 865.1
1366370 865.1
1366380 865.1
1366390 865.4
1366400 865.2
1366410 865.2
1366420 864.1
1366430 863.5
1366440 863.5
1366450 863.8
1366460 863.3
1366470 863.3
1366480 862.9
1366490 862.6
1366500 862.6
1366510 862.0
1366520 861.5
1366530 861.5
1366540 861.1
1366550 860.8
1366560 860.8
1366570 860.6
1366580 860.1
1366590 860.1
1366600 859.4
1366610 858.8
1366620 858.8
1366630 858.4
1366640 858.3
1366650 858.3
1366660 858.2
1366670 857.4
1366680 856.8
1366690 856.8
1366700 856.4
1366710 855.8
1366720 855.8
1366730 855.2
1366740 854.7
1366750 854.7
1366760 853.8
1366770 853.2
1366780 853.2
1366790 852.9
1366800 852.5
1366810 852.5
1366820 851.8
1366830 850.9
1366840 850.9
1366850 849.7
1366860 849.2
1366870 849.2
1366880 849.0
1366890 848.9
1366900 848.9
1366910 848.2
1366920 846.4
1366930 845.6
1366940 845.6
1366950 844.6
1366960 844.0
1366970 844.0
1366980 843.7
1366990 843.3
1367000 843.3
1367010 842.8
1367020 842.2
1367030 842.2
1367040 841.7
1367050 841.4
1367060 841.4
1367070 840.9
1367080 840.5
1367090 840.5
1367100 840.0
1367110 839.6
1367120 839.6
1367130 839.6
1367140 839.9
1367150 839.9
1367160 840.8
1367170 841.3
1367180 840.9
1367190 840.9
1367200 839.5
1367210 838.2
1367220 838.2
1367230 837.8
1367240 837.5
1367250 837.5
1367260 837.5
1367270 837.5
1367280 837.5
1367290 837.3
1367300 837.3
1367310 837.3
1367320 837.3
1367330 837.0
1367340 837.0
1367350 836.6
1367360 836.3
1367370 836.3
1367380 835.8
1367390 835.4
1367400 835.4
1367410 835.3
1367420 835.2
1367430 835.3
1367440 835.3
1367450 835.2
1367460 834.9
1367470 834.9
1367480 834.6
1367490 834.2
1367500 834.2
1367510 834.1
1367520 833.8
1367530 833.8
1367540 833.7
1367550 833.6
1367560 833.6
1367570 833.4
1367580 833.4
1367590 833.4
1367600 833.4
1367610 833.3
1367620 833.3
1367630 833.3
1367640 833.5
1367650 833.5
1367660 833.9
1367670 833.9
1367680 833.5
1367690 833.5
1367700 833.1
1367710 833.0
1367720 833.0
1367730 832.9
1367740 832.7
1367750 832.7
1367760 832.5
1367770 833.0
1367780 833.0
1367790 832.6
1367800 832.3
1367810 832.3
1367820 832.3
1367830 832.2
1367840 832.2
1367850 832.0
1367860 831.9
1367870 831.9
1367880 832.0
1367890 832.2
1367900 832.2
1367910 832.3
1367920 832.3
1367930 832.3
1367940 832.5
1367950 832.7
1367960 832.7
1367970 832.7
1367980 832.5
1367990 832.3
1368000 832.3
1368010 832.1
1368020 831.9
1368030 831.9
1368040 831.8
1368050 831.7
1368060 831.7
1368070 831.7
1368080 831.7
1368090 831.7
1368100 831.6
1368110 831.7
1368120 831.7
1368130 831.6
1368140 831.4
1368150 831.4
1368160 831.2
1368170 831.0
1368180 831.0
1368190 831.1
1368200 831.1
1368210 831.0
1368220 831.0
1368230 831.1
1368240 831.4
1368250 831.4
1368260 831.5
1368270 831.6
1368280 831.6
1368290 831.7
1368300 831.8
1368310 831.8
1368320 831.8
1368330 831.3
1368340 831.3
1368350 831.6
1368360 831.9
1368370 831.9
1368380 831.9
1368390 831.7
1368400 831.7
1368410 831.5
1368420 831.3
1368430 831.3
1368440 831.1
1368450 830.9
1368460 831.2
1368470 831.2
1368480 831.9
1368490 832.8
1368500 832.8
1368510 833.5
1368520 833.8
1368530 833.8
1368540 833.9
1368550 833.9
1368560 833.9
1368570 834.0
1368580 834.1
1368590 834.1
1368600 834.3
1368610 834.6
1368620 834.6
1368630 834.9
1368640 835.3
1368650 835.3
1368660 835.5
1368670 835.6
1368680 835.6
1368690 835.6
1368700 835.8
1368710 836.0
1368720 836.0
1368730 836.5
1368740 837.0
1368750 837.0
1368760 837.5
1368770 838.0
1368780 838.0
1368790 838.5
1368800 839.4
1368810 839.4
1368820 840.0
1368830 839.9
1368840 839.9
1368850 840.6
1368860 841.0
1368870 841.0
1368880 840.3
1368890 839.3
1368900 839.3
1368910 839.6
1368920 838.2
1368930 838.2
1368940 837.4
1368950 838.7
1368960 838.3
1368970 838.3
1368980 837.9
1368990 837.3
1369000 837.3
1369010 836.4
1369020 836.2
1369030 836.2
1369040 835.9
1369050 835.6
1369060 835.6
1369070 835.4
1369080 835.0
1369090 835.0
1369100 834.7
1369110 834.4
1369120 834.4
1369130 834.0
1369140 833.9
1369150 833.9
1369160 834.1
1369170 834.2
1369180 834.2
1369190 833.5
1369200 831.9
1369210 831.9
1369220 830.3
1369230 829.8
1369240 829.6
1369250 829.6
1369260 829.4
1369270 829.2
1369280 829.2
1369290 829.2
1369300 828.9
1369310 828.9
1369320 828.5
1369330 828.2
1369340 828.2
1369350 828.4
1369360 828.3
1369370 828.3
1369380 828.1
1369390 828.2
1369400 828.2
1369410 828.2
1369420 828.0
1369430 828.0
1369440 828.0
1369450 827.9
1369460 827.9
1369470 828.0
1369480 828.1
1369490 828.3
1369500 828.3
1369510 828.5
1369520 828.5
1369530 828.5
1369540 828.5
1369550 828.5
1369560 828.5
1369570 829.1
1369580 830.6
1369590 830.6
1369600 828.9
1369610 827.9
1369620 827.9
1369630 828.2
1369640 828.1
1369650 828.1
1369660 828.1
1369670 828.0
1369680 828.0
1369690 827.7
1369700 827.4
1369710 827.4
1369720 827.1
1369730 827.0
1369740 827.1
1369750 827.1
1369760 827.2
1369770 827.4
1369780 827.4
1369790 827.6
1369800 828.1
1369810 828.1
1369820 828.5
1369830 828.4
1369840 828.4
1369850 827.7
1369860 826.9
1369870 826.9
1369880 826.2
1369890 826.0
1369900 826.0
1369910 825.8
1369920 825.8
1369930 825.8
1369940 825.7
1369950 825.8
1369960 825.8
1369970 826.8
1369980 827.8
1369990 828.0
1370000 828.0
1370010 827.6
1370020 827.4
1370030 827.4
1370040 827.2
1370050 827.1
1370060 827.1
1370070 827.0
1370080 827.0
1370090 827.0
1370100 826.9
1370110 826.9
1370120 826.9
1370130 826.8
1370140 826.8
1370150 826.8
1370160 826.7
1370170 826.7
1370180 826.7
1370190 826.7
1370200 826.7
1370210 826.7
1370220 826.7
1370230 826.5
1370240 826.2
1370250 826.2
1370260 826.2
1370270 826.2
1370280 826.2
1370290 826.2
1370300 826.2
1370310 826.2
1370320 826.1
1370330 826.1
1370340 826.1
1370350 826.0
1370360 826.0
1370370 826.0
1370380 826.0
1370390 826.0
1370400 826.0
1370410 826.0
1370420 826.0
1370430 826.0
1370440 825.9
1370450 825.9
1370460 825.9
1370470 825.9
1370480 825.8
1370490 825.8
1370500 825.8
1370510 825.8
1370520 825.8
1370530 825.8
1370540 825.9
1370550 826.2
1370560 826.2
1370570 826.2
1370580 826.1
1370590 826.1
1370600 826.1
1370610 826.1
1370620 826.1
1370630 826.1
1370640 826.1
1370650 826.1
1370660 826.1
1370670 826.1
1370680 826.1
1370690 826.0
1370700 826.0
1370710 826.0
1370720 826.0
1370730 825.9
1370740 825.9
1370750 825.9
1370760 826.0
1370770 826.2
1370780 826.2
1370790 826.3
1370800 826.4
1370810 826.4
1370820 826.5
1370830 827.1
1370840 827.1
1370850 827.5
1370860 830.3
1370870 830.3
1370880 829.9
1370890 830.7
1370900 830.7
1370910 828.2
1370920 827.6
1370930 827.6
1370940 827.2
1370950 826.9
1370960 826.9
1370970 826.8
1370980 826.9
1370990 826.9
1371000 826.9
1371010 826.8
1371020 826.8
1371030 826.8
1371040 826.9
1371050 826.9
1371060 826.9
1371070 827.1
1371080 827.3
1371090 827.3
1371100 827.6
1371110 827.2
1371120 827.2
1371130 827.0
1371140 826.8
1371150 826.8
1371160 826.7
1371170 826.6
1371180 826.6
1371190 826.5
1371200 826.2
1371210 826.2
1371220 825.8
1371230 825.9
1371240 825.9
1371250 826.0
1371260 826.1
1371270 826.0
1371280 826.0
1371290 826.0
1371300 826.0
1371310 826.0
1371320 825.9
1371330 825.9
1371340 825.9
1371350 825.9
1371360 825.7
1371370 825.7
1371380 825.6
1371390 825.6
1371400 825.6
1371410 825.5
1371420 825.3
1371430 825.3
1371440 825.2
1371450 825.1
1371460 825.1
1371470 824.9
1371480 824.8
1371490 824.8
1371500 824.6
1371510 824.7
1371520 824.8
1371530 824.8
1371540 824.7
1371550 824.6
1371560 824.6
1371570 824.2
1371580 823.9
1371590 823.9
1371600 823.7
1371610 823.5
1371620 823.5
1371630 823.4
1371640 823.3
1371650 823.3
1371660 823.4
1371670 823.1
1371680 823.1
1371690 822.8
1371700 822.5
1371710 822.5
1371720 822.3
1371730 822.2
1371740 822.2
1371750 822.2
1371760 822.3
1371770 822.3
1371780 822.3
1371790 822.5
1371800 822.8
1371810 822.8
1371820 822.8
1371830 822.7
1371840 822.7
1371850 822.7
1371860 822.4
1371870 822.4
1371880 821.8
1371890 822.3
1371900 822.3
1371910 821.2
1371920 820.6
1371930 820.6
1371940 820.5
1371950 820.6
1371960 820.6
1371970 820.6
1371980 820.6
1371990 820.6
1372000 820.6
1372010 820.6
1372020 820.6
1372030 820.6
1372040 820.6
1372050 820.6
1372060 820.6
1372070 820.6
1372080 820.6
1372090 820.6
1372100 820.6
1372110 820.7
1372120 820.7
1372130 820.5
1372140 820.5
1372150 820.5
1372160 820.2
1372170 820.3
1372180 820.3
1372190 820.9
1372200 824.9
1372210 824.9
1372220 830.5
1372230 832.9
1372240 832.9
1372250 834.6
1372260 835.9
1372270 835.9
1372280 837.7
1372290 840.6
1372300 844.8
1372310 844.8
1372320 848.6
1372330 853.1
1372340 853.1
1372350 857.0
1372360 861.5
1372370 861.5
1372380 865.9
1372390 870.7
1372400 870.7
1372410 875.3
1372420 879.8
1372430 879.8
1372440 884.3
1372450 888.5
1372460 888.5
1372470 892.4
1372480 896.4
1372490 896.4
1372500 900.0
1372510 904.2
1372520 904.2
1372530 910.0
1372540 915.3
1372550 920.4
1372560 920.4
1372570 922.5
1372580 920.2
1372590 920.2
1372600 920.9
1372610 927.0
1372620 927.0
1372630 933.4
1372640 938.3
1372650 938.3
1372660 942.5
1372670 946.0
1372680 946.0
1372690 948.7
1372700 952.3
1372710 952.3
1372720 956.7
1372730 960.7
1372740 960.7
1372750 963.8
1372760 967.2
1372770 967.2
1372780 969.7
1372790 973.7
1372800 975.7
1372810 975.7
1372820 977.3
1372830 978.8
1372840 978.8
1372850 981.0
1372860 983.9
1372870 983.9
1372880 987.1
1372890 991.3
1372900 991.3
1372910 994.5
1372920 997.6
1372930 997.6
1372940 1000.0
1372950 1001.9
1372960 1001.9
1372970 1004.3
1372980 1007.0
1372990 1007.0
1373000 1008.8
1373010 1009.4
1373020 1009.4
1373030 1010.5
1373040 1012.1
1373050 1014.5
1373060 1014.5
1373070 1018.8
1373080 1024.8
1373090 1024.8
1373100 1031.1
1373110 1036.6
1373120 1036.6
1373130 1039.8
1373140 1040.7
1373150 1040.7
1373160 1041.0
1373170 1041.7
1373180 1041.7
1373190 1045.2
1373200 1050.3
1373210 1050.3
1373220 1056.0
1373230 1061.6
1373240 1061.6
1373250 1067.0
1373260 1069.3
1373270 1069.3
1373280 1070.9
1373290 1073.2
1373300 1073.2
1373310 1075.1
1373320 1076.0
1373330 1077.2
1373340 1077.2
1373350 1077.6
1373360 1076.4
1373370 1076.4
1373380 1074.6
1373390 1073.1
1373400 1073.1
1373410 1071.5
1373420 1070.9
1373430 1070.9
1373440 1074.1
1373450 1079.6
1373460 1079.6
1373470 1084.3
1373480 1088.4
1373490 1088.4
1373500 1092.5
1373510 1097.2
1373520 1097.2
1373530 1102.7
1373540 1106.9
1373550 1106.9
1373560 1107.3
1373570 1107.1
1373580 1107.5
1373590 1107.5
1373600 1107.4
1373610 1107.3
1373620 1107.3
1373630 1107.4
1373640 1107.9
1373650 1107.9
1373660 1109.7
1373670 1114.0
1373680 1114.0
1373690 1119.9
1373700 1125.3
1373710 1125.3
1373720 1129.1
1373730 1131.4
1373740 1131.4
1373750 1133.2
1373760 1135.1
1373770 1135.1
1373780 1137.3
1373790 1138.8
1373800 1138.8
1373810 1140.2
1373820 1141.2
1373830 1143.2
1373840 1143.2
1373850 1147.7
1373860 1154.0
1373870 1154.0
1373880 1160.1
1373890 1164.9
1373900 1164.9
1373910 1169.4
1373920 1173.4
1373930 1173.4
1373940 1178.0
1373950 1182.5
1373960 1182.5
1373970 1186.5
1373980 1189.0
1373990 1189.0
1374000 1191.3
1374010 1191.4
1374020 1191.4
1374030 1189.2
1374040 1186.3
1374050 1186.3
1374060 1182.4
1374070 1177.7
1374080 1174.8
1374090 1174.8
1374100 1173.3
1374110 1171.1
1374120 1171.1
1374130 1169.7
1374140 1168.9
1374150 1168.9
1374160 1167.1
1374170 1163.8
1374180 1163.8
1374190 1159.7
1374200 1156.8
1374210 1156.8
1374220 1153.9
1374230 1151.8
1374240 1151.8
1374250 1151.8
1374260 1151.9
1374270 1151.9
1374280 1150.8
1374290 1146.1
1374300 1146.1
1374310 1142.3
1374320 1137.4
1374330 1132.7
1374340 1132.7
1374350 1120.8
1374360 1112.5
1374370 1112.5
1374380 1109.7
1374390 1115.2
1374400 1115.2
1374410 1126.1
1374420 1136.1
1374430 1136.1
1374440 1149.0
1374450 1160.7
1374460 1160.7
1374470 1172.0
1374480 1183.8
1374490 1183.8
1374500 1194.0
1374510 1202.9
1374520 1202.9
1374530 1210.0
1374540 1216.9
1374550 1216.9
1374560 1222.0
1374570 1224.0
1374580 1224.0
1374590 1225.9
1374600 1227.5
1374610 1228.6
1374620 1228.6
1374630 1230.2
1374640 1232.9
1374650 1232.9
1374660 1238.5
1374670 1244.3
1374680 1244.3
1374690 1250.0
1374700 1256.0
1374710 1256.0
1374720 1260.7
1374730 1265.5
1374740 1265.5
1374750 1270.9
1374760 1276.3
1374770 1276.3
1374780 1281.4
1374790 1285.8
1374800 1285.8
1374810 1289.7
1374820 1294.3
1374830 1294.3
1374840 1298.5
1374850 1302.8
1374860 1306.6
1374870 1306.6
1374880 1308.8
1374890 1310.7
1374900 1310.7
1374910 1312.0
1374920 1313.0
1374930 1313.0
1374940 1314.7
1374950 1318.3
1374960 1318.3
1374970 1322.9
1374980 1327.6
1374990 1327.6
1375000 1331.3
1375010 1336.3
1375020 1336.3
1375030 1342.0
1375040 1347.5
1375050 1347.5
1375060 1349.6
1375070 1350.7
1375080 1350.7
1375090 1357.1
1375100 1357.9
1375110 1360.2
1375120 1360.2
1375130 1362.5
1375140 1363.9
1375150 1363.9
1375160 1365.4
1375170 1368.7
1375180 1368.7
1375190 1372.1
1375200 1373.9
1375210 1373.9
1375220 1374.7
1375230 1375.7
1375240 1375.7
1375250 1376.7
1375260 1377.5
1375270 1377.5
1375280 1377.8
1375290 1378.2
1375300 1378.2
1375310 1378.6
1375320 1378.9
1375330 1378.9
1375340 1379.3
1375350 1380.2
1375360 1381.1
1375370 1381.1
1375380 1382.0
1375390 1383.3
1375400 1383.3
1375410 1385.0
1375420 1386.1
1375430 1386.1
1375440 1387.1
1375450 1388.3
1375460 1388.3
1375470 1389.3
1375480 1389.7
1375490 1389.7
1375500 1390.0
1375510 1389.9
1375520 1389.9
1375530 1389.0
1375540 1388.6
1375550 1388.6
1375560 1388.2
1375570 1387.3
1375580 1387.3
1375590 1386.1
1375600 1385.3
1375610 1384.0
1375620 1384.0
1375630 1383.1
1375640 1382.1
1375650 1382.1
1375660 1380.8
1375670 1381.7
1375680 1381.7
1375690 1382.9
1375700 1382.4
1375710 1382.4
1375720 1383.6
1375730 1388.2
1375740 1388.2
1375750 1390.6
1375760 1390.4
1375770 1390.4
1375780 1388.4
1375790 1391.7
1375800 1391.7
1375810 1398.0
1375820 1401.0
1375830 1401.0
1375840 1404.5
1375850 1408.4
1375860 1408.4
1375870 1412.2
1375880 1415.8
1375890 1418.1
1375900 1418.1
1375910 1420.7
1375920 1422.5
1375930 1422.5
1375940 1423.5
1375950 1424.6
1375960 1424.6
1375970 1427.0
1375980 1427.4
1375990 1427.4
1376000 1426.1
1376010 1424.9
1376020 1424.9
1376030 1425.6
1376040 1429.8
1376050 1429.8
1376060 1435.5
1376070 1441.4
1376080 1441.4
1376090 1443.6
1376100 1444.2
1376110 1444.2
1376120 1444.9
1376130 1443.0
1376140 1440.7
1376150 1440.7
1376160 1439.6
1376170 1437.7
1376180 1437.7
1376190 1434.9
1376200 1433.0
1376210 1433.0
1376220 1432.8
1376230 1432.2
1376240 1432.2
1376250 1430.6
1376260 1434.8
1376270 1434.8
1376280 1433.2
1376290 1431.0
1376300 1431.0
1376310 1426.3
1376320 1421.0
1376330 1421.0
1376340 1420.5
1376350 1422.5
1376360 1422.5
1376370 1426.2
1376380 1428.6
1376390 1430.2
1376400 1430.2
1376410 1430.8
1376420 1430.8
1376430 1430.8
1376440 1431.7
1376450 1433.7
1376460 1433.7
1376470 1434.8
1376480 1434.3
1376490 1434.3
1376500 1433.5
1376510 1433.3
1376520 1433.3
1376530 1433.9
1376540 1434.6
1376550 1434.6
1376560 1435.3
1376570 1437.0
1376580 1437.0
1376590 1439.3
1376600 1440.1
1376610 1440.1
1376620 1439.3
1376630 1439.5
1376640 1440.4
1376650 1440.4
1376660 1439.8
1376670 1437.0
1376680 1437.0
1376690 1434.8
1376700 1433.7
1376710 1433.7
1376720 1431.8
1376730 1430.0
1376740 1430.0
1376750 1428.2
1376760 1426.7
1376770 1426.7
1376780 1426.1
1376790 1422.3
1376800 1422.3
1376810 1418.0
1376820 1418.3
1376830 1418.3
1376840 1421.8
1376850 1424.1
1376860 1424.1
1376870 1424.7
1376880 1426.0
1376890 1427.8
1376900 1427.8
1376910 1427.0
1376920 1425.8
1376930 1425.8
1376940 1428.8
1376950 1437.0
1376960 1437.0
1376970 1445.7
1376980 1454.1
1376990 1454.1
1377000 1461.6
1377010 1468.1
1377020 1468.1
1377030 1474.9
1377040 1482.4
1377050 1482.4
1377060 1490.2
1377070 1498.4
1377080 1498.4
1377090 1506.9
1377100 1515.0
1377110 1515.0
1377120 1523.1
1377130 1531.1
1377140 1531.1
1377150 1537.2
1377160 1542.0
1377170 1549.7
1377180 1549.7
1377190 1555.3
1377200 1559.0
1377210 1559.0
1377220 1561.3
1377230 1562.9
1377240 1562.9
1377250 1564.0
1377260 1564.3
1377270 1564.3
1377280 1564.2
1377290 1565.8
1377300 1565.8
1377310 1565.8
1377320 1566.4
1377330 1566.4
1377340 1566.9
1377350 1567.1
1377360 1567.1
1377370 1567.2
1377380 1567.7
1377390 1567.7
1377400 1568.7
1377410 1569.0
1377420 1569.2
1377430 1569.2
1377440 1575.3
1377450 1576.1
1377460 1576.1
1377470 1576.1
1377480 1576.1
1377490 1576.1
1377500 1576.3
1377510 1576.8
1377520 1576.8
1377530 1577.8
1377540 1578.8
1377550 1578.8
1377560 1579.1
1377570 1578.7
1377580 1578.7
1377590 1577.8
1377600 1576.6
1377610 1576.6
1377620 1575.8
1377630 1575.4
1377640 1575.4
1377650 1575.2
1377660 1574.2
1377670 1573.0
1377680 1573.0
1377690 1571.2
1377700 1568.5
1377710 1568.5
1377720 1565.6
1377730 1564.9
1377740 1564.9
1377750 1567.0
1377760 1569.4
1377770 1569.4
1377780 1572.4
1377790 1574.1
1377800 1574.1
1377810 1573.8
1377820 1572.5
1377830 1572.5
1377840 1570.9
1377850 1568.3
1377860 1568.3
1377870 1566.5
1377880 1565.2
1377890 1565.2
1377900 1563.9
1377910 1562.4
1377920 1560.4
1377930 1560.4
1377940 1558.8
1377950 1558.0
1377960 1558.0
1377970 1558.0
1377980 1558.0
1377990 1558.0
1378000 1558.7
1378010 1559.4
1378020 1559.4
1378030 1559.7
1378040 1559.3
1378050 1559.3
1378060 1559.7
1378070 1560.8
1378080 1560.8
1378090 1561.6
1378100 1562.3
1378110 1562.3
1378120 1563.4
1378130 1565.7
1378140 1565.7
1378150 1568.8
1378160 1572.4
1378170 1576.3
1378180 1576.3
1378190 1579.1
1378200 1579.7
1378210 1579.7
1378220 1579.7
1378230 1580.0
1378240 1580.0
1378250 1580.2
1378260 1580.7
1378270 1580.7
1378280 1581.4
1378290 1581.1
1378300 1581.1
1378310 1580.3
1378320 1580.1
1378330 1580.1
1378340 1580.2
1378350 1580.7
1378360 1580.7
1378370 1579.7
1378380 1578.1
1378390 1578.1
1378400 1576.5
1378410 1573.8
1378420 1573.8
1378430 1570.8
1378440 1572.4
1378450 1576.5
1378460 1576.5
1378470 1579.3
1378480 1581.3
1378490 1581.3
1378500 1583.1
1378510 1585.1
1378520 1585.1
1378530 1587.2
1378540 1589.3
1378550 1589.3
1378560 1591.7
1378570 1594.0
1378580 1594.0
1378590 1596.1
1378600 1598.7
1378610 1598.7
1378620 1602.9
1378630 1607.6
1378640 1612.6
1378650 1617.4
1378660 1622.2
1378670 1622.2
1378680 1627.6
1378690 1631.6
1378700 1634.1
1378710 1634.1
1378720 1636.5
1378730 1639.7
1378740 1639.7
1378750 1643.6
1378760 1647.1
1378770 1647.1
1378780 1650.8
1378790 1653.9
1378800 1653.9
1378810 1655.5
1378820 1658.0
1378830 1658.0
1378840 1660.0
1378850 1661.5
1378860 1661.5
1378870 1663.7
1378880 1667.0
1378890 1667.0
1378900 1670.3
1378910 1672.6
1378920 1672.6
1378930 1674.5
1378940 1676.9
1378950 1679.8
1378960 1679.8
1378970 1683.2
1378980 1686.1
1378990 1686.1
1379000 1687.4
1379010 1685.7
1379020 1685.7
1379030 1681.5
1379040 1679.8
1379050 1679.8
1379060 1680.1
1379070 1680.5
1379080 1680.5
1379090 1680.8
1379100 1681.2
1379110 1681.2
1379120 1681.9
1379130 1684.3
1379140 1684.3
1379150 1686.9
1379160 1689.8
1379170 1689.8
1379180 1692.5
1379190 1694.2
1379200 1695.3
1379210 1695.3
1379220 1697.3
1379230 1700.1
1379240 1700.1
1379250 1701.6
1379260 1703.9
1379270 1703.9
1379280 1706.8
1379290 1708.8
1379300 1708.8
1379310 1710.4
1379320 1711.8
1379330 1711.8
1379340 1713.2
1379350 1714.6
1379360 1714.6
1379370 1716.6
1379380 1719.0
1379390 1719.0
1379400 1721.4
1379410 1723.2
1379420 1723.2
1379430 1722.9
1379440 1723.7
1379450 1726.2
1379460 1726.2
1379470 1728.4
1379480 1730.7
1379490 1730.7
1379500 1732.7
1379510 1734.8
1379520 1734.8
1379530 1736.5
1379540 1737.5
1379550 1737.5
1379560 1737.1
1379570 1736.0
1379580 1736.0
1379590 1735.2
1379600 1733.6
1379610 1733.6
1379620 1731.5
1379630 1730.1
1379640 1730.1
1379650 1730.5
1379660 1730.3
1379670 1730.3
1379680 1726.6
1379690 1722.2
1379700 1722.2
1379710 1718.5
1379720 1715.4
1379730 1712.9
1379740 1712.9
1379750 1711.0
1379760 1709.4
1379770 1709.4
1379780 1705.5
1379790 1700.7
1379800 1700.7
1379810 1695.3
1379820 1689.3
1379830 1689.3
1379840 1683.6
1379850 1682.5
1379860 1682.5
1379870 1678.6
1379880 1675.6
1379890 1675.6
1379900 1671.0
1379910 1666.2
1379920 1666.2
1379930 1661.8
1379940 1656.6
1379950 1656.6
1379960 1650.8
1379970 1645.1
1379980 1638.8
1379990 1638.8
