1360000 1583.8
1360010 1578.7
1360020 1578.7
1360030 1572.9
1360040 1565.2
1360050 1565.2
1360060 1557.5
1360070 1549.9
1360080 1549.9
1360090 1542.3
1360100 1535.0
1360110 1535.0
1360120 1526.8
1360130 1518.9
1360140 1511.7
1360150 1511.7
1360160 1505.5
1360170 1498.9
1360180 1498.9
1360190 1491.9
1360200 1485.9
1360210 1485.9
1360220 1479.9
1360230 1474.0
1360240 1474.0
1360250 1468.2
1360260 1461.9
1360270 1461.9
1360280 1455.3
1360290 1447.8
1360300 1447.8
1360310 1443.0
1360320 1435.5
1360330 1435.5
1360340 1430.5
1360350 1427.2
1360360 1427.2
1360370 1423.3
1360380 1419.5
1360390 1419.5
1360400 1416.0
1360410 1412.2
1360420 1408.7
1360430 1408.7
1360440 1405.0
1360450 1402.1
1360460 1402.1
1360470 1398.7
1360480 1394.7
1360490 1394.7
1360500 1391.2
1360510 1387.9
1360520 1387.9
1360530 1385.0
1360540 1382.2
1360550 1382.2
1360560 1378.3
1360570 1373.3
1360580 1373.3
1360590 1367.9
1360600 1361.8
1360610 1361.8
1360620 1354.4
1360630 1344.5
1360640 1344.5
1360650 1333.7
1360660 1319.4
1360670 1302.3
1360680 1302.3
1360690 1288.6
1360700 1274.6
1360710 1274.6
1360720 1261.4
1360730 1249.8
1360740 1249.8
1360750 1245.0
1360760 1252.9
1360770 1252.9
1360780 1265.7
1360790 1276.7
1360800 1276.7
1360810 1284.6
1360820 1292.4
1360830 1292.4
1360840 1302.5
1360850 1312.0
1360860 1312.0
1360870 1317.6
1360880 1322.2
1360890 1327.2
1360900 1332.0
1360910 1337.9
1360920 1344.6
1360930 1344.6
1360940 1350.0
1360950 1355.8
1360960 1355.8
1360970 1360.0
1360980 1362.9
1360990 1362.9
1361000 1366.3
1361010 1370.1
1361020 1370.1
1361030 1373.6
1361040 1377.8
1361050 1377.8
1361060 1382.6
1361070 1387.2
1361080 1387.2
1361090 1390.9
1361100 1394.9
1361110 1394.9
1361120 1399.3
1361130 1403.4
1361140 1403.4
1361150 1408.3
1361160 1413.6
1361170 1413.6
1361180 1419.1
1361190 1424.5
1361200 1430.0
1361210 1430.0
1361220 1436.2
1361230 1442.5
1361240 1442.5
1361250 1448.3
1361260 1454.3
1361270 1454.3
1361280 1460.0
1361290 1466.0
1361300 1466.0
1361310 1471.9
1361320 1477.9
1361330 1477.9
1361340 1483.4
1361350 1488.2
1361360 1488.2
1361370 1492.7
1361380 1497.3
1361390 1497.3
1361400 1500.7
1361410 1503.6
1361420 1503.6
1361430 1509.4
1361440 1515.6
1361450 1520.8
1361460 1520.8
1361470 1525.2
1361480 1528.1
1361490 1528.1
1361500 1530.5
1361510 1532.7
1361520 1532.7
1361530 1534.4
1361540 1536.0
1361550 1536.0
1361560 1538.6
1361570 1541.1
1361580 1541.1
1361590 1543.4
1361600 1546.4
1361610 1546.4
1361620 1549.2
1361630 1551.4
1361640 1551.4
1361650 1553.2
1361660 1554.9
1361670 1554.9
1361680 1556.9
1361690 1558.8
1361700 1559.0
1361710 1559.0
1361720 1554.0
1361730 1549.0
1361740 1549.0
1361750 1545.8
1361760 1544.8
1361770 1544.8
1361780 1544.5
1361790 1543.7
1361800 1543.7
1361810 1542.0
1361820 1541.6
1361830 1541.6
1361840 1542.0
1361850 1543.2
1361860 1543.2
1361870 1545.2
1361880 1546.2
1361890 1546.2
1361900 1545.4
1361910 1543.3
1361920 1538.5
1361930 1536.6
1361940 1536.1
1361950 1534.8
1361960 1534.8
1361970 1534.0
1361980 1534.3
1361990 1534.3
1362000 1535.0
1362010 1537.3
1362020 1537.3
1362030 1539.2
1362040 1540.9
1362050 1540.9
1362060 1543.5
1362070 1545.2
1362080 1545.2
1362090 1545.4
1362100 1545.1
1362110 1545.1
1362120 1544.9
1362130 1543.3
1362140 1543.3
1362150 1541.8
1362160 1543.0
1362170 1543.0
1362180 1542.7
1362190 1540.9
1362200 1540.9
1362210 1539.0
1362220 1536.8
1362230 1536.0
1362240 1536.0
1362250 1534.9
1362260 1533.6
1362270 1533.6
1362280 1532.5
1362290 1532.8
1362300 1532.8
1362310 1534.0
1362320 1534.3
1362330 1534.3
1362340 1534.5
1362350 1534.7
1362360 1534.7
1362370 1535.1
1362380 1534.5
1362390 1534.5
1362400 1533.1
1362410 1531.7
1362420 1531.7
1362430 1531.4
1362440 1531.8
1362450 1531.8
1362460 1532.2
1362470 1530.7
1362480 1530.7
1362490 1530.7
1362500 1530.9
1362510 1529.9
1362520 1529.9
1362530 1528.5
1362540 1528.9
1362550 1528.9
1362560 1528.6
1362570 1528.2
1362580 1528.2
1362590 1527.1
1362600 1525.5
1362610 1525.5
1362620 1524.4
1362630 1522.9
1362640 1522.9
1362650 1520.8
1362660 1519.5
1362670 1519.5
1362680 1518.6
1362690 1518.7
1362700 1518.7
1362710 1519.2
1362720 1519.4
1362730 1520.5
1362740 1520.5
1362750 1522.5
1362760 1523.4
1362770 1523.4
1362780 1521.7
1362790 1522.7
1362800 1522.7
1362810 1522.7
1362820 1522.0
1362830 1522.0
1362840 1522.0
1362850 1522.0
1362860 1522.0
1362870 1520.7
1362880 1520.0
1362890 1520.0
1362900 1519.5
1362910 1518.4
1362920 1518.4
1362930 1516.8
1362940 1515.2
1362950 1515.2
1362960 1508.4
1362970 1508.0
1362980 1508.0
1362990 1507.4
1363000 1505.7
1363010 1504.7
1363020 1504.7
1363030 1504.0
1363040 1502.9
1363050 1502.9
1363060 1502.0
1363070 1501.2
1363080 1501.2
1363090 1500.6
1363100 1500.9
1363110 1500.9
1363120 1501.4
1363130 1501.9
1363140 1501.9
1363150 1500.7
1363160 1498.1
1363170 1498.1
1363180 1495.6
1363190 1494.0
1363200 1494.0
1363210 1492.8
1363220 1491.0
1363230 1491.0
1363240 1488.6
1363250 1487.1
1363260 1485.3
1363270 1485.3
1363280 1483.0
1363290 1480.4
1363300 1480.4
1363310 1478.0
1363320 1475.6
1363330 1475.6
1363340 1473.2
1363350 1469.9
1363360 1469.9
1363370 1466.6
1363380 1464.5
1363390 1464.5
1363400 1463.6
1363410 1462.1
1363420 1462.1
1363430 1460.6
1363440 1457.6
1363450 1457.6
1363460 1454.9
1363470 1452.1
1363480 1452.1
1363490 1448.9
1363500 1446.1
1363510 1443.7
1363520 1443.7
1363530 1439.9
1363540 1435.3
1363550 1435.3
1363560 1433.3
1363570 1432.5
1363580 1432.5
1363590 1431.7
1363600 1430.9
1363610 1430.9
1363620 1428.3
1363630 1427.1
1363640 1427.1
1363650 1427.3
1363660 1425.3
1363670 1425.3
1363680 1419.4
1363690 1412.9
1363700 1412.9
1363710 1409.5
1363720 1403.1
1363730 1403.1
1363740 1396.8
1363750 1391.5
1363760 1388.4
1363770 1388.4
1363780 1388.3
1363790 1389.4
1363800 1389.4
1363810 1392.1
1363820 1393.8
1363830 1393.8
1363840 1392.2
1363850 1389.1
1363860 1389.1
1363870 1385.9
1363880 1382.6
1363890 1382.6
1363900 1381.9
1363910 1379.9
1363920 1379.9
1363930 1375.3
1363940 1372.1
1363950 1372.1
1363960 1371.0
1363970 1370.5
1363980 1370.5
1363990 1369.2
1364000 1366.8
1364010 1366.8
1364020 1358.8
1364030 1355.3
1364040 1352.3
1364050 1352.3
1364060 1348.9
1364070 1345.1
1364080 1345.1
1364090 1343.5
1364100 1342.6
1364110 1342.6
1364120 1339.8
1364130 1337.5
1364140 1337.5
1364150 1333.7
1364160 1329.5
1364170 1329.5
1364180 1327.1
1364190 1323.2
1364200 1323.2
1364210 1317.6
1364220 1312.6
1364230 1312.6
1364240 1308.3
1364250 1303.7
1364260 1303.7
1364270 1300.3
1364280 1298.1
1364290 1297.7
1364300 1297.7
1364310 1297.2
1364320 1295.5
1364330 1295.5
1364340 1293.0
1364350 1290.0
1364360 1290.0
1364370 1287.7
1364380 1285.2
1364390 1285.2
1364400 1283.9
1364410 1283.1
1364420 1283.1
1364430 1281.7
1364440 1278.7
1364450 1278.7
1364460 1274.9
1364470 1271.0
1364480 1271.0
1364490 1272.5
1364500 1272.6
1364510 1272.6
1364520 1271.3
1364530 1271.1
1364540 1269.7
1364550 1269.7
1364560 1265.8
1364570 1260.9
1364580 1260.9
1364590 1262.4
1364600 1265.7
1364610 1265.7
1364620 1260.9
1364630 1254.1
1364640 1254.1
1364650 1255.1
1364660 1260.4
1364670 1260.4
1364680 1262.5
1364690 1262.1
1364700 1262.1
1364710 1261.0
1364720 1256.9
1364730 1256.9
1364740 1242.3
1364750 1229.2
1364760 1229.2
1364770 1221.1
1364780 1211.2
1364790 1200.4
1364800 1200.4
1364810 1190.5
1364820 1184.6
1364830 1184.6
1364840 1179.3
1364850 1173.9
1364860 1173.9
1364870 1168.1
1364880 1163.0
1364890 1163.0
1364900 1154.6
1364910 1143.9
1364920 1143.9
1364930 1133.1
1364940 1125.4
1364950 1125.4
1364960 1118.5
1364970 1116.6
1364980 1116.6
1364990 1112.9
1365000 1111.0
1365010 1111.0
1365020 1112.1
1365030 1114.7
1365040 1114.7
1365050 1120.3
1365060 1126.7
1365070 1133.0
1365080 1133.2
1365090 1139.9
1365100 1146.6
1365110 1146.6
1365120 1152.6
1365130 1159.7
1365140 1159.7
1365150 1166.8
1365160 1174.3
1365170 1174.3
1365180 1181.7
1365190 1188.2
1365200 1188.2
1365210 1193.4
1365220 1199.1
1365230 1199.1
1365240 1204.3
1365250 1207.1
1365260 1207.1
1365270 1211.3
1365280 1216.4
1365290 1216.4
1365300 1221.3
1365310 1226.9
1365320 1233.3
1365330 1233.3
1365340 1241.0
1365350 1249.2
1365360 1249.2
1365370 1253.2
1365380 1254.4
1365390 1254.4
1365400 1254.6
1365410 1255.3
1365420 1255.3
1365430 1255.8
1365440 1257.0
1365450 1257.0
1365460 1257.0
1365470 1254.5
1365480 1254.5
1365490 1254.0
1365500 1255.1
1365510 1255.1
1365520 1256.9
1365530 1259.3
1365540 1259.3
1365550 1259.2
1365560 1258.3
1365570 1258.8
1365580 1258.8
1365590 1259.0
1365600 1259.2
1365610 1259.2
1365620 1259.5
1365630 1259.7
1365640 1259.7
1365650 1259.6
1365660 1259.7
1365670 1259.7
1365680 1260.4
1365690 1260.7
1365700 1260.7
1365710 1260.1
1365720 1260.0
1365730 1260.0
1365740 1259.9
1365750 1260.2
1365760 1260.2
1365770 1260.6
1365780 1261.0
1365790 1261.0
1365800 1261.0
1365810 1261.1
1365820 1261.1
1365830 1260.9
1365840 1260.7
1365850 1260.8
1365860 1260.8
1365870 1262.2
1365880 1263.3
1365890 1263.3
1365900 1264.1
1365910 1265.2
1365920 1265.2
1365930 1265.0
1365940 1263.9
1365950 1263.9
1365960 1260.7
1365970 1255.1
1365980 1255.1
1365990 1247.4
1366000 1238.9
1366010 1238.9
1366020 1230.7
1366030 1223.4
1366040 1223.4
1366050 1217.8
1366060 1215.1
1366070 1215.1
1366080 1217.8
1366090 1220.5
1366100 1219.8
1366110 1219.8
1366120 1217.3
1366130 1215.8
1366140 1215.8
1366150 1205.8
1366160 1206.8
1366170 1206.8
1366180 1209.5
1366190 1212.5
1366200 1212.5
1366210 1220.0
1366220 1227.2
1366230 1227.2
1366240 1234.9
1366250 1242.7
1366260 1242.7
1366270 1250.7
1366280 1255.3
1366290 1255.3
1366300 1256.2
1366310 1256.5
1366320 1256.5
1366330 1255.8
1366340 1255.3
1366350 1255.3
1366360 1255.3
1366370 1255.6
1366380 1255.6
1366390 1255.6
1366400 1255.2
1366410 1254.7
1366420 1254.7
1366430 1254.4
1366440 1254.5
1366450 1254.5
1366460 1254.7
1366470 1254.8
1366480 1254.8
1366490 1254.9
1366500 1255.5
1366510 1255.5
1366520 1255.5
1366530 1255.0
1366540 1255.0
1366550 1254.8
1366560 1253.9
1366570 1253.9
1366580 1253.4
1366590 1253.1
1366600 1251.9
1366610 1251.9
1366620 1250.7
1366630 1251.0
1366640 1251.0
1366650 1250.9
1366660 1250.9
1366670 1250.9
1366680 1249.5
1366690 1249.0
1366700 1249.0
1366710 1248.7
1366720 1248.9
1366730 1248.9
1366740 1249.0
1366750 1248.4
1366760 1248.4
1366770 1247.1
1366780 1245.5
1366790 1245.5
1366800 1246.8
1366810 1247.9
1366820 1247.9
1366830 1247.9
1366840 1247.4
1366850 1247.4
1366860 1246.9
1366870 1246.5
1366880 1247.0
1366890 1247.0
1366900 1247.2
1366910 1246.6
1366920 1246.6
1366930 1245.3
1366940 1244.8
1366950 1244.8
1366960 1243.9
1366970 1243.4
1366980 1243.4
1366990 1244.1
1367000 1245.4
1367010 1245.4
1367020 1246.7
1367030 1247.7
1367040 1247.7
1367050 1247.0
1367060 1246.5
1367070 1246.5
1367080 1245.0
1367090 1244.6
1367100 1244.6
1367110 1245.2
1367120 1243.7
1367130 1242.0
1367140 1242.0
1367150 1243.7
1367160 1245.9
1367170 1245.9
1367180 1246.6
1367190 1246.2
1367200 1246.2
1367210 1244.7
1367220 1242.0
1367230 1237.7
1367240 1234.5
1367250 1232.0
1367260 1232.0
1367270 1231.9
1367280 1234.6
1367290 1234.6
1367300 1237.3
1367310 1239.4
1367320 1239.4
1367330 1241.8
1367340 1243.2
1367350 1243.2
1367360 1243.0
1367370 1242.2
1367380 1242.4
1367390 1242.4
1367400 1244.3
1367410 1246.4
1367420 1246.4
1367430 1241.8
1367440 1233.8
1367450 1233.8
1367460 1228.3
1367470 1226.4
1367480 1226.4
1367490 1231.1
1367500 1235.2
1367510 1235.2
1367520 1236.0
1367530 1239.4
1367540 1239.4
1367550 1243.2
1367560 1246.9
1367570 1246.9
1367580 1250.2
1367590 1253.0
1367600 1253.0
1367610 1255.4
1367620 1256.8
1367630 1256.8
1367640 1255.8
1367650 1254.6
1367660 1253.7
1367670 1253.7
1367680 1253.3
1367690 1253.0
1367700 1253.0
1367710 1251.6
1367720 1248.3
1367730 1248.3
1367740 1242.9
1367750 1237.0
1367760 1237.0
1367770 1230.7
1367780 1226.0
1367790 1226.0
1367800 1223.4
1367810 1222.9
1367820 1222.9
1367830 1222.1
1367840 1221.1
1367850 1221.1
1367860 1222.9
1367870 1225.8
1367880 1225.8
1367890 1227.7
1367900 1226.9
1367910 1223.6
1367920 1223.6
1367930 1222.4
1367940 1223.2
1367950 1223.2
1367960 1224.9
1367970 1227.0
1367980 1227.0
1367990 1228.8
1368000 1229.7
1368010 1229.7
1368020 1229.8
1368030 1229.1
1368040 1229.1
1368050 1228.1
1368060 1227.9
1368070 1227.9
1368080 1227.9
1368090 1228.0
1368100 1228.0
1368110 1227.7
1368120 1226.9
1368130 1226.9
1368140 1226.7
1368150 1226.3
1368160 1225.9
1368170 1225.9
1368180 1226.5
1368190 1226.1
1368200 1226.1
1368210 1226.1
1368220 1227.3
1368230 1227.3
1368240 1228.6
1368250 1231.1
1368260 1231.1
1368270 1232.8
1368280 1230.0
1368290 1230.0
1368300 1225.5
1368310 1220.5
1368320 1218.3
1368330 1212.0
1368340 1204.9
1368350 1204.9
1368360 1197.0
1368370 1193.3
1368380 1193.3
1368390 1201.5
1368400 1207.8
1368410 1212.2
1368420 1212.2
1368430 1216.1
1368440 1221.2
1368450 1221.2
1368460 1227.4
1368470 1232.9
1368480 1232.9
1368490 1231.0
1368500 1222.5
1368510 1222.5
1368520 1214.1
1368530 1202.5
1368540 1202.5
1368550 1190.2
1368560 1186.8
1368570 1186.8
1368580 1194.9
1368590 1203.3
1368600 1203.3
1368610 1209.5
1368620 1214.1
1368630 1214.1
1368640 1214.5
1368650 1219.1
1368660 1219.1
1368670 1224.8
1368680 1230.2
1368690 1233.5
1368700 1233.5
1368710 1236.4
1368720 1238.3
1368730 1238.3
1368740 1239.3
1368750 1240.0
1368760 1240.0
1368770 1240.2
1368780 1240.1
1368790 1240.1
1368800 1239.4
1368810 1236.8
1368820 1236.8
1368830 1231.5
1368840 1226.9
1368850 1226.9
1368860 1225.4
1368870 1224.8
1368880 1224.8
1368890 1223.3
1368900 1222.0
1368910 1222.0
1368920 1219.4
1368930 1214.3
1368940 1215.9
1368950 1215.9
1368960 1219.0
1368970 1217.3
1368980 1217.3
1368990 1217.8
1369000 1222.8
1369010 1222.8
1369020 1224.6
1369030 1225.7
1369040 1225.7
1369050 1226.9
1369060 1228.2
1369070 1228.2
1369080 1227.6
1369090 1229.3
1369100 1229.3
1369110 1233.2
1369120 1234.7
1369130 1234.7
1369140 1235.0
1369150 1235.3
1369160 1235.3
1369170 1235.4
1369180 1235.2
1369190 1235.4
1369200 1235.4
1369210 1235.7
1369220 1236.0
1369230 1236.0
1369240 1235.5
1369250 1235.6
1369260 1235.6
1369270 1235.1
1369280 1233.3
1369290 1233.3
1369300 1230.3
1369310 1223.7
1369320 1223.7
1369330 1218.4
1369340 1215.2
1369350 1215.2
1369360 1219.0
1369370 1222.5
1369380 1222.5
1369390 1227.5
1369400 1228.5
1369410 1228.5
1369420 1224.9
1369430 1226.1
1369440 1227.3
1369450 1227.3
1369460 1229.2
1369470 1229.8
1369480 1229.8
1369490 1230.0
1369500 1230.4
1369510 1230.4
1369520 1231.3
1369530 1232.2
1369540 1232.2
1369550 1233.1
1369560 1233.9
1369570 1233.9
1369580 1234.0
1369590 1234.9
1369600 1234.9
1369610 1235.7
1369620 1235.4
1369630 1235.4
1369640 1234.5
1369650 1233.8
1369660 1233.8
1369670 1233.4
1369680 1233.5
1369690 1233.5
1369700 1233.5
1369710 1233.0
1369720 1232.9
1369730 1232.9
1369740 1233.1
1369750 1233.4
1369760 1233.4
1369770 1234.6
1369780 1236.0
1369790 1236.0
1369800 1238.1
1369810 1238.9
1369820 1238.9
1369830 1238.2
1369840 1237.4
1369850 1237.4
1369860 1237.0
1369870 1237.4
1369880 1237.4
1369890 1238.9
1369900 1240.1
1369910 1240.1
1369920 1238.9
1369930 1235.5
1369940 1235.5
1369950 1233.7
1369960 1232.7
1369970 1230.6
1369980 1230.6
1369990 1228.6
1370000 1227.0
1370010 1227.0
1370020 1225.4
1370030 1223.0
1370040 1223.0
1370050 1221.8
1370060 1221.8
1370070 1221.8
1370080 1221.8
1370090 1223.2
1370100 1223.2
1370110 1223.2
1370120 1222.5
1370130 1222.5
1370140 1221.9
1370150 1220.3
1370160 1220.3
1370170 1218.2
1370180 1215.8
1370190 1215.8
1370200 1212.8
1370210 1210.4
1370220 1208.9
1370230 1208.9
1370240 1208.9
1370250 1208.0
1370260 1208.0
1370270 1206.9
1370280 1207.1
1370290 1207.1
1370300 1208.2
1370310 1208.1
1370320 1208.1
1370330 1206.2
1370340 1203.4
1370350 1203.4
1370360 1201.7
1370370 1198.7
1370380 1198.7
1370390 1193.2
1370400 1189.2
1370410 1189.2
1370420 1185.5
1370430 1183.3
1370440 1183.3
1370450 1181.2
1370460 1177.9
1370470 1177.9
1370480 1174.2
1370490 1172.1
1370500 1170.2
1370510 1170.2
1370520 1169.1
1370530 1161.8
1370540 1161.8
1370550 1160.9
1370560 1160.5
1370570 1160.5
1370580 1160.1
1370590 1159.3
1370600 1159.3
1370610 1158.1
1370620 1156.5
1370630 1156.5
1370640 1154.2
1370650 1151.8
1370660 1151.8
1370670 1150.0
1370680 1148.4
1370690 1148.4
1370700 1145.7
1370710 1140.3
1370720 1140.3
1370730 1136.4
1370740 1134.7
1370750 1132.8
1370760 1132.8
1370770 1131.3
1370780 1130.2
1370790 1130.2
1370800 1126.1
1370810 1120.0
1370820 1120.0
1370830 1114.8
1370840 1109.7
1370850 1109.7
1370860 1103.6
1370870 1098.7
1370880 1098.7
1370890 1094.2
1370900 1087.5
1370910 1087.5
1370920 1082.1
1370930 1076.8
1370940 1076.8
1370950 1068.8
1370960 1062.2
1370970 1062.2
1370980 1055.9
1370990 1049.8
1371000 1044.3
1371010 1044.3
1371020 1038.6
1371030 1032.8
1371040 1032.8
1371050 1026.5
1371060 1019.9
1371070 1019.9
1371080 1013.1
1371090 1006.0
1371100 1006.0
1371110 996.9
1371120 989.5
1371130 989.5
1371140 983.9
1371150 980.2
1371160 980.2
1371170 977.0
1371180 972.7
1371190 972.7
1371200 961.8
1371210 947.3
1371220 947.3
1371230 936.5
1371240 926.8
1371250 918.8
1371260 918.8
1371270 910.1
1371280 904.0
1371290 904.0
1371300 898.3
1371310 892.1
1371320 892.1
1371330 885.5
1371340 878.9
1371350 878.9
1371360 873.2
1371370 871.6
1371380 871.6
1371390 869.8
1371400 868.4
1371410 868.4
1371420 868.1
1371430 868.3
1371440 868.3
1371450 868.9
1371460 869.4
1371470 869.4
1371480 869.5
1371490 869.6
1371500 869.6
1371510 869.8
1371520 869.8
1371530 870.0
1371540 870.0
1371550 869.9
1371560 869.7
1371570 869.7
1371580 869.6
1371590 869.9
1371600 869.9
1371610 870.1
1371620 869.9
1371630 869.9
1371640 869.9
1371650 868.6
1371660 868.6
1371670 868.7
1371680 868.9
1371690 868.9
1371700 869.1
1371710 868.9
1371720 868.9
1371730 868.5
1371740 868.1
1371750 868.1
1371760 867.9
1371770 867.6
1371780 867.0
1371790 867.0
1371800 866.7
1371810 867.1
1371820 867.1
1371830 867.2
1371840 867.4
1371850 867.4
1371860 867.5
1371870 867.5
1371880 867.5
1371890 867.0
1371900 863.8
1371910 863.8
1371920 859.8
1371930 862.5
1371940 862.5
1371950 863.1
1371960 861.9
1371970 861.9
1371980 860.0
1371990 858.2
1372000 858.2
1372010 856.4
1372020 854.7
1372030 853.0
1372040 853.0
1372050 851.3
1372060 849.8
1372070 849.8
1372080 848.5
1372090 847.2
1372100 847.2
1372110 846.1
1372120 845.1
1372130 845.1
1372140 844.2
1372150 843.6
1372160 843.6
1372170 843.1
1372180 842.6
1372190 842.6
1372200 840.4
1372210 839.3
1372220 839.3
1372230 838.3
1372240 837.4
1372250 837.4
1372260 836.4
1372270 835.1
1372280 835.1
1372290 834.4
1372300 833.5
1372310 832.4
1372320 832.4
1372330 831.6
1372340 831.2
1372350 831.2
1372360 830.5
1372370 829.6
1372380 829.6
1372390 829.0
1372400 828.2
1372410 828.2
1372420 827.4
1372430 826.7
1372440 826.7
1372450 826.1
1372460 825.4
1372470 825.4
1372480 824.7
1372490 824.0
1372500 824.0
1372510 823.3
1372520 822.6
1372530 822.6
1372540 822.3
1372550 824.6
1372560 826.5
1372570 826.5
1372580 825.5
1372590 822.9
1372600 822.9
1372610 822.2
1372620 821.6
1372630 821.6
1372640 821.1
1372650 820.6
1372660 820.6
1372670 820.3
1372680 820.1
1372690 820.1
1372700 819.8
1372710 819.5
1372720 819.5
1372730 819.2
1372740 819.0
1372750 819.0
1372760 819.6
1372770 820.3
1372780 818.9
1372790 817.8
1372800 818.8
1372810 820.4
1372820 820.4
1372830 820.0
1372840 819.9
1372850 819.9
1372860 819.8
1372870 819.6
1372880 819.6
1372890 819.3
1372900 818.7
1372910 818.7
1372920 818.4
1372930 818.9
1372940 818.9
1372950 819.1
1372960 819.2
1372970 819.2
1372980 819.2
1372990 819.1
1373000 819.1
1373010 819.2
1373020 820.2
1373030 820.2
1373040 819.4
1373050 819.0
1373060 818.9
1373070 818.9
1373080 818.7
1373090 818.5
1373100 818.5
1373110 818.4
1373120 818.4
1373130 818.4
1373140 818.6
1373150 818.7
1373160 818.7
1373170 818.4
1373180 818.6
1373190 818.6
1373200 819.3
1373210 820.5
1373220 820.5
1373230 821.6
1373240 822.5
1373250 822.5
1373260 823.7
1373270 824.9
1373280 824.9
1373290 826.1
1373300 827.3
1373310 827.3
1373320 828.8
1373330 829.9
1373340 830.9
1373350 830.9
1373360 832.1
1373370 833.4
1373380 833.4
1373390 835.1
1373400 836.8
1373410 836.8
1373420 838.4
1373430 840.1
1373440 840.1
1373450 842.1
1373460 843.9
1373470 843.9
1373480 845.3
1373490 846.3
1373500 846.3
1373510 847.2
1373520 848.4
1373530 848.4
1373540 849.5
1373550 849.8
1373560 849.8
1373570 850.5
1373580 851.2
1373590 851.7
1373600 851.7
1373610 850.8
1373620 850.8
1373630 850.8
1373640 852.6
1373650 852.5
1373660 852.5
1373670 851.0
1373680 850.4
1373690 850.4
1373700 850.0
1373710 849.5
1373720 849.5
1373730 849.6
1373740 852.4
1373750 852.4
1373760 858.4
1373770 863.0
1373780 863.0
1373790 866.3
1373800 869.4
1373810 869.4
1373820 872.9
1373830 875.6
1373840 878.4
1373850 878.4
1373860 880.2
1373870 880.3
1373880 880.3
1373890 881.3
1373900 882.3
1373910 882.3
1373920 886.6
1373930 886.5
1373940 886.5
1373950 886.2
1373960 883.4
1373970 883.4
1373980 880.3
1373990 880.0
1374000 880.0
1374010 880.0
1374020 880.8
1374030 880.8
1374040 882.2
1374050 885.2
1374060 885.2
1374070 888.9
1374080 891.3
1374090 892.6
1374100 892.6
1374110 893.1
1374120 895.3
1374130 895.3
1374140 897.4
1374150 897.4
1374160 897.4
1374170 898.4
1374180 899.5
1374190 899.5
1374200 899.6
1374210 899.3
1374220 899.3
1374230 901.0
1374240 903.9
1374250 903.9
1374260 907.1
1374270 909.2
1374280 909.2
1374290 911.5
1374300 916.3
1374310 916.3
1374320 919.1
1374330 917.5
1374340 917.5
1374350 918.6
1374360 922.9
1374370 926.5
1374380 926.5
1374390 929.8
1374400 932.7
1374410 932.7
1374420 935.1
1374430 937.1
1374440 937.1
1374450 936.0
1374460 935.2
1374470 935.2
1374480 937.8
1374490 938.5
1374500 938.5
1374510 938.0
1374520 938.3
1374530 938.3
1374540 942.0
1374550 943.3
1374560 943.3
1374570 945.8
1374580 947.5
1374590 947.5
1374600 947.6
1374610 948.1
1374620 949.4
1374630 949.4
1374640 950.9
1374650 953.1
1374660 953.1
1374670 954.8
1374680 956.0
1374690 956.0
1374700 958.5
1374710 960.3
1374720 960.3
1374730 963.2
1374740 966.7
1374750 966.7
1374760 973.0
1374770 977.3
1374780 977.3
1374790 976.9
1374800 975.3
1374810 975.3
1374820 974.3
1374830 972.0
1374840 972.0
1374850 969.7
1374860 968.9
1374870 970.0
1374880 970.0
1374890 971.6
1374900 972.7
1374910 972.7
1374920 973.4
1374930 973.9
1374940 973.9
1374950 974.3
1374960 974.7
1374970 974.7
1374980 976.6
1374990 978.1
1375000 978.1
1375010 978.3
1375020 977.0
1375030 977.0
1375040 974.9
1375050 979.3
1375060 979.3
1375070 982.2
1375080 986.7
1375090 986.7
1375100 989.4
1375110 992.7
1375120 992.7
1375130 995.0
1375140 997.0
1375150 998.8
1375160 998.8
1375170 1000.3
1375180 1001.3
1375190 1001.3
1375200 1002.3
1375210 1003.2
1375220 1003.2
1375230 1003.2
1375240 1002.3
1375250 1002.3
1375260 1001.4
1375270 1001.3
1375280 1001.3
1375290 1002.5
1375300 1005.8
1375310 1005.8
1375320 1010.2
1375330 1014.3
1375340 1014.3
1375350 1017.8
1375360 1017.4
1375370 1017.4
1375380 1016.7
1375390 1019.2
1375400 1023.1
1375410 1023.1
1375420 1028.4
1375430 1034.1
1375440 1034.1
1375450 1039.2
1375460 1042.4
1375470 1042.4
1375480 1044.0
1375490 1045.1
1375500 1045.1
1375510 1046.5
1375520 1048.2
1375530 1048.2
1375540 1050.1
1375550 1051.2
1375560 1051.2
1375570 1051.4
1375580 1052.8
1375590 1052.8
1375600 1052.2
1375610 1051.7
1375620 1051.7
1375630 1052.7
1375640 1055.5
1375650 1058.0
1375660 1058.0
1375670 1060.6
1375680 1063.7
1375690 1063.7
1375700 1064.9
1375710 1067.1
1375720 1067.1
1375730 1067.2
1375740 1069.2
1375750 1069.2
1375760 1070.4
1375770 1071.2
1375780 1071.2
1375790 1074.4
1375800 1075.8
1375810 1075.8
1375820 1075.9
1375830 1076.1
1375840 1076.1
1375850 1077.3
1375860 1077.9
1375870 1077.9
1375880 1078.1
1375890 1078.2
1375900 1074.9
1375910 1074.9
1375920 1071.5
1375930 1066.4
1375940 1066.4
1375950 1063.2
1375960 1061.6
1375970 1061.6
1375980 1058.5
1375990 1054.7
1376000 1054.7
1376010 1051.9
1376020 1049.8
1376030 1049.8
1376040 1049.2
1376050 1047.8
1376060 1047.8
1376070 1046.0
1376080 1043.3
1376090 1043.3
1376100 1040.6
1376110 1038.4
1376120 1038.4
1376130 1035.9
1376140 1033.8
1376150 1033.8
1376160 1032.6
1376170 1031.3
1376180 1028.6
1376190 1028.6
1376200 1022.7
1376210 1019.1
1376220 1019.1
1376230 1013.1
1376240 1007.4
1376250 1011.2
1376260 1003.6
1376270 998.7
1376280 998.7
1376290 996.6
1376300 1001.8
1376310 1001.8
1376320 1007.9
1376330 1012.6
1376340 1012.6
1376350 1018.1
1376360 1022.6
1376370 1022.6
1376380 1026.8
1376390 1030.8
1376400 1030.8
1376410 1035.1
1376420 1040.2
1376430 1046.9
1376440 1046.9
1376450 1054.8
1376460 1062.6
1376470 1062.6
1376480 1070.2
1376490 1077.7
1376500 1077.7
1376510 1083.6
1376520 1088.3
1376530 1088.3
1376540 1091.9
1376550 1093.2
1376560 1093.2
1376570 1096.8
1376580 1101.8
1376590 1101.8
1376600 1108.3
1376610 1115.7
1376620 1115.7
1376630 1123.4
1376640 1130.2
1376650 1130.2
1376660 1138.0
1376670 1146.0
1376680 1154.1
1376690 1154.1
1376700 1162.3
1376710 1172.4
1376720 1172.4
1376730 1181.3
1376740 1189.7
1376750 1189.7
1376760 1196.2
1376770 1201.2
1376780 1201.2
1376790 1209.2
1376800 1218.4
1376810 1218.4
1376820 1223.6
1376830 1225.0
1376840 1225.0
1376850 1225.2
1376860 1223.7
1376870 1223.7
1376880 1220.9
1376890 1220.2
1376900 1220.2
1376910 1218.4
1376920 1215.5
1376930 1213.2
1376940 1213.2
1376950 1212.8
1376960 1213.6
1376970 1213.6
1376980 1215.6
1376990 1214.9
1377000 1214.9
1377010 1215.4
1377020 1216.3
1377030 1216.3
1377040 1212.5
1377050 1209.2
1377060 1209.2
1377070 1209.9
1377080 1221.1
1377090 1221.1
1377100 1229.1
1377110 1228.8
1377120 1228.8
1377130 1227.9
1377140 1228.7
1377150 1228.7
1377160 1231.3
1377170 1233.8
1377180 1233.8
1377190 1239.4
1377200 1244.8
1377210 1251.5
1377220 1251.5
1377230 1257.8
1377240 1263.4
1377250 1263.4
1377260 1269.5
1377270 1276.2
1377280 1276.2
1377290 1281.7
1377300 1287.3
1377310 1287.3
1377320 1290.6
1377330 1292.3
1377340 1292.3
1377350 1295.4
1377360 1299.8
1377370 1299.8
1377380 1303.1
1377390 1303.9
1377400 1303.9
1377410 1301.5
1377420 1298.7
1377430 1298.6
1377440 1294.6
1377450 1292.0
1377460 1289.6
1377470 1289.6
1377480 1287.0
1377490 1283.3
1377500 1283.3
1377510 1279.8
1377520 1277.4
1377530 1277.4
1377540 1275.0
1377550 1271.7
1377560 1271.7
1377570 1270.7
1377580 1270.5
1377590 1270.5
1377600 1270.5
1377610 1270.4
1377620 1270.4
1377630 1270.3
1377640 1270.2
1377650 1270.2
1377660 1270.2
1377670 1270.2
1377680 1270.2
1377690 1270.2
1377700 1270.4
1377710 1270.8
1377720 1270.8
1377730 1271.7
1377740 1273.1
1377750 1273.1
1377760 1274.1
1377770 1274.2
1377780 1274.2
1377790 1274.2
1377800 1274.7
1377810 1274.7
1377820 1276.2
1377830 1277.5
1377840 1277.5
1377850 1279.5
1377860 1280.9
1377870 1280.9
1377880 1281.1
1377890 1282.0
1377900 1282.0
1377910 1283.2
1377920 1284.3
1377930 1284.3
1377940 1285.5
1377950 1286.6
1377960 1286.5
1377970 1286.5
1377980 1285.8
1377990 1285.4
1378000 1285.4
1378010 1287.2
1378020 1289.7
1378030 1289.7
1378040 1290.3
1378050 1290.8
1378060 1290.8
1378070 1290.9
1378080 1293.7
1378090 1293.7
1378100 1297.5
1378110 1298.5
1378120 1298.5
1378130 1298.5
1378140 1298.6
1378150 1298.6
1378160 1298.8
1378170 1298.0
1378180 1298.0
1378190 1296.7
1378200 1297.7
1378210 1297.7
1378220 1298.8
1378230 1299.2
1378240 1298.7
1378250 1298.7
1378260 1297.7
1378270 1291.9
1378280 1291.9
1378290 1288.0
1378300 1286.8
1378310 1286.8
1378320 1285.8
1378330 1285.2
1378340 1285.2
1378350 1284.9
1378360 1284.1
1378370 1284.1
1378380 1283.2
1378390 1283.2
1378400 1283.2
1378410 1282.3
1378420 1283.0
1378430 1283.0
1378440 1284.9
1378450 1286.5
1378460 1286.5
1378470 1288.6
1378480 1290.4
1378490 1292.7
1378500 1292.7
1378510 1295.1
1378520 1297.9
1378530 1297.9
1378540 1300.3
1378550 1302.9
1378560 1302.9
1378570 1306.0
1378580 1308.9
1378590 1308.9
1378600 1312.9
1378610 1317.6
1378620 1318.6
1378630 1322.7
1378640 1325.7
1378650 1325.7
1378660 1329.5
1378670 1329.6
1378680 1329.6
1378690 1330.2
1378700 1332.4
1378710 1332.4
1378720 1333.9
1378730 1333.6
1378740 1335.0
1378750 1335.0
1378760 1336.9
1378770 1337.8
1378780 1337.8
1378790 1339.8
1378800 1340.6
1378810 1340.6
1378820 1341.5
1378830 1342.6
1378840 1342.6
1378850 1343.4
1378860 1344.1
1378870 1344.1
1378880 1344.6
1378890 1345.1
1378900 1345.1
1378910 1345.2
1378920 1345.6
1378930 1345.6
1378940 1346.4
1378950 1347.4
1378960 1347.4
1378970 1348.3
1378980 1349.7
1378990 1349.7
1379000 1350.9
1379010 1352.0
1379020 1354.2
1379030 1354.2
1379040 1356.4
1379050 1358.2
1379060 1358.2
1379070 1359.4
1379080 1360.2
1379090 1360.2
1379100 1360.8
1379110 1361.5
1379120 1361.5
1379130 1362.2
1379140 1363.1
1379150 1363.1
1379160 1364.0
1379170 1364.8
1379180 1364.8
1379190 1365.6
1379200 1366.3
1379210 1366.3
1379220 1367.5
1379230 1368.8
1379240 1368.8
1379250 1369.8
1379260 1370.8
1379270 1372.4
1379280 1372.4
1379290 1374.1
1379300 1375.6
1379310 1375.6
1379320 1377.2
1379330 1378.8
1379340 1378.8
1379350 1380.1
1379360 1381.5
1379370 1381.5
1379380 1381.7
1379390 1382.5
1379400 1382.5
1379410 1383.5
1379420 1384.1
1379430 1384.1
1379440 1384.0
1379450 1383.4
1379460 1383.4
1379470 1382.5
1379480 1380.7
1379490 1380.7
1379500 1378.1
1379510 1376.7
1379520 1374.6
1379530 1374.6
1379540 1370.5
1379550 1366.9
1379560 1366.9
1379570 1364.0
1379580 1361.4
1379590 1361.4
1379600 1358.6
1379610 1356.4
1379620 1356.4
1379630 1354.9
1379640 1353.1
1379650 1353.1
1379660 1351.3
1379670 1350.0
1379680 1350.0
1379690 1348.3
1379700 1346.1
1379710 1346.1
1379720 1344.9
1379730 1343.2
1379740 1343.2
1379750 1342.3
1379760 1342.4
1379770 1341.6
1379780 1341.6
1379790 1338.8
1379800 1335.6
1379810 1335.6
1379820 1332.8
1379830 1331.8
1379840 1331.8
1379850 1330.9
1379860 1331.5
1379870 1331.5
1379880 1331.4
1379890 1332.3
1379900 1332.3
1379910 1333.3
1379920 1333.7
1379930 1333.7
1379940 1333.6
1379950 1333.2
1379960 1333.2
1379970 1334.3
1379980 1336.5
1379990 1336.5
