1360000 1585.2
1360010 1578.9
1360020 1572.3
1360030 1572.3
1360040 1566.1
1360050 1559.9
1360060 1559.9
1360070 1553.3
1360080 1546.5
1360090 1546.5
1360100 1539.6
1360110 1533.0
1360120 1533.0
1360130 1525.3
1360140 1519.1
1360150 1519.1
1360160 1513.8
1360170 1508.6
1360180 1508.6
1360190 1503.3
1360200 1498.4
1360210 1498.4
1360220 1494.4
1360230 1491.6
1360240 1491.6
1360250 1485.8
1360260 1478.4
1360270 1471.4
1360280 1471.4
1360290 1465.0
1360300 1461.1
1360310 1461.1
1360320 1455.0
1360330 1448.5
1360340 1448.5
1360350 1442.9
1360360 1436.8
1360370 1436.8
1360380 1431.8
1360390 1427.2
1360400 1427.2
1360410 1423.4
1360420 1419.4
1360430 1418.8
1360440 1414.4
1360450 1409.2
1360460 1409.2
1360470 1403.9
1360480 1399.2
1360490 1399.2
1360500 1394.6
1360510 1390.0
1360520 1384.9
1360530 1384.9
1360540 1378.9
1360550 1372.8
1360560 1372.8
1360570 1366.7
1360580 1360.9
1360590 1360.9
1360600 1356.1
1360610 1351.7
1360620 1351.7
1360630 1347.1
1360640 1340.7
1360650 1340.7
1360660 1332.4
1360670 1324.1
1360680 1324.1
1360690 1312.9
1360700 1303.8
1360710 1303.8
1360720 1293.1
1360730 1283.3
1360740 1283.3
1360750 1271.4
1360760 1264.8
1360770 1264.6
1360780 1264.6
1360790 1272.1
1360800 1286.4
1360810 1286.4
1360820 1293.5
1360830 1301.7
1360840 1301.7
1360850 1309.6
1360860 1318.5
1360870 1318.5
1360880 1329.5
1360890 1335.8
1360900 1335.8
1360910 1341.5
1360920 1347.3
1360930 1347.3
1360940 1354.1
1360950 1358.8
1360960 1358.8
1360970 1364.3
1360980 1370.2
1360990 1370.2
1361000 1375.3
1361010 1380.9
1361020 1380.9
1361030 1386.5
1361040 1391.3
1361050 1396.5
1361060 1396.5
1361070 1402.4
1361080 1408.8
1361090 1408.8
1361100 1415.3
1361110 1422.2
1361120 1422.2
1361130 1428.3
1361140 1434.6
1361150 1434.6
1361160 1441.4
1361170 1448.7
1361180 1448.7
1361190 1456.0
1361200 1462.8
1361210 1462.8
1361220 1469.8
1361230 1476.9
1361240 1476.9
1361250 1483.9
1361260 1490.7
1361270 1490.7
1361280 1497.1
1361290 1502.6
1361300 1508.7
1361310 1508.7
1361320 1515.2
1361330 1521.5
1361340 1521.5
1361350 1527.1
1361360 1532.6
1361370 1532.6
1361380 1537.4
1361390 1541.5
1361400 1541.5
1361410 1546.4
1361420 1551.5
1361430 1551.5
1361440 1556.5
1361450 1561.5
1361460 1559.7
1361470 1564.6
1361480 1569.6
1361490 1569.6
1361500 1574.7
1361510 1578.2
1361520 1578.2
1361530 1582.2
1361540 1586.5
1361550 1590.5
1361560 1590.5
1361570 1594.3
1361580 1597.4
1361590 1597.4
1361600 1599.7
1361610 1602.0
1361620 1602.0
1361630 1604.6
1361640 1607.8
1361650 1607.8
1361660 1610.4
1361670 1612.9
1361680 1612.9
1361690 1615.7
1361700 1618.2
1361710 1618.2
1361720 1620.8
1361730 1623.6
1361740 1623.6
1361750 1626.0
1361760 1627.2
1361770 1627.2
1361780 1627.2
1361790 1624.6
1361800 1623.2
1361810 1623.2
1361820 1622.5
1361830 1622.4
1361840 1622.4
1361850 1623.0
1361860 1622.2
1361870 1622.2
1361880 1621.3
1361890 1620.7
1361900 1620.7
1361910 1620.7
1361920 1621.9
1361930 1621.9
1361940 1622.8
1361950 1623.5
1361960 1623.5
1361970 1624.3
1361980 1625.8
1361990 1625.8
1362000 1627.0
1362010 1626.4
1362020 1626.4
1362030 1625.3
1362040 1623.7
1362050 1623.7
1362060 1623.8
1362070 1623.5
1362080 1623.5
1362090 1623.5
1362100 1622.5
1362110 1620.9
1362120 1620.9
1362130 1619.8
1362140 1619.5
1362150 1619.5
1362160 1618.9
1362170 1616.6
1362180 1616.6
1362190 1614.3
1362200 1613.6
1362210 1613.6
1362220 1612.9
1362230 1611.3
1362240 1611.3
1362250 1610.1
1362260 1609.3
1362270 1609.3
1362280 1609.4
1362290 1609.8
1362300 1609.8
1362310 1610.0
1362320 1608.8
1362330 1608.3
1362340 1608.3
1362350 1607.6
1362360 1607.2
1362370 1607.2
1362380 1607.4
1362390 1607.9
1362400 1607.9
1362410 1608.3
1362420 1608.6
1362430 1608.6
1362440 1608.3
1362450 1607.8
1362460 1607.8
1362470 1606.7
1362480 1605.6
1362490 1602.9
1362500 1601.1
1362510 1599.5
1362520 1599.5
1362530 1597.3
1362540 1595.7
1362550 1595.7
1362560 1595.9
1362570 1596.7
1362580 1596.7
1362590 1596.7
1362600 1595.5
1362610 1594.1
1362620 1594.1
1362630 1593.0
1362640 1592.6
1362650 1592.6
1362660 1592.4
1362670 1591.7
1362680 1591.7
1362690 1590.6
1362700 1589.2
1362710 1589.2
1362720 1586.4
1362730 1582.9
1362740 1582.9
1362750 1581.9
1362760 1581.8
1362770 1581.8
1362780 1581.3
1362790 1580.3
1362800 1580.3
1362810 1579.8
1362820 1579.4
1362830 1579.4
1362840 1577.9
1362850 1577.8
1362860 1578.2
1362870 1578.2
1362880 1578.5
1362890 1577.2
1362900 1577.2
1362910 1575.9
1362920 1574.1
1362930 1574.1
1362940 1572.4
1362950 1571.2
1362960 1571.2
1362970 1571.9
1362980 1572.1
1362990 1572.1
1363000 1570.7
1363010 1569.1
1363020 1569.1
1363030 1567.4
1363040 1565.9
1363050 1565.9
1363060 1564.8
1363070 1562.9
1363080 1562.9
1363090 1560.8
1363100 1559.9
1363110 1558.5
1363120 1558.5
1363130 1556.0
1363140 1554.0
1363150 1554.0
1363160 1552.6
1363170 1551.1
1363180 1551.1
1363190 1550.2
1363200 1549.3
1363210 1549.3
1363220 1548.5
1363230 1548.3
1363240 1548.3
1363250 1550.7
1363260 1552.7
1363270 1552.7
1363280 1552.9
1363290 1550.7
1363300 1550.7
1363310 1548.0
1363320 1545.6
1363330 1545.6
1363340 1542.5
1363350 1539.6
1363360 1537.3
1363370 1537.3
1363380 1535.1
1363390 1532.9
1363400 1532.9
1363410 1531.1
1363420 1530.4
1363430 1530.4
1363440 1530.6
1363450 1530.5
1363460 1530.5
1363470 1529.3
1363480 1526.9
1363490 1526.9
1363500 1524.6
1363510 1522.3
1363520 1522.3
1363530 1519.0
1363540 1512.4
1363550 1512.4
1363560 1509.5
1363570 1504.6
1363580 1504.6
1363590 1499.3
1363600 1494.3
1363610 1489.8
1363620 1489.8
1363630 1485.3
1363640 1481.9
1363650 1481.9
1363660 1479.0
1363670 1475.2
1363680 1475.2
1363690 1470.9
1363700 1466.2
1363710 1466.2
1363720 1461.4
1363730 1459.9
1363740 1459.9
1363750 1461.2
1363760 1462.1
1363770 1462.1
1363780 1462.2
1363790 1459.7
1363800 1459.7
1363810 1457.0
1363820 1454.2
1363830 1454.2
1363840 1451.9
1363850 1448.7
1363860 1448.7
1363870 1449.1
1363880 1449.4
1363890 1448.2
1363900 1448.2
1363910 1446.8
1363920 1445.6
1363930 1445.6
1363940 1441.7
1363950 1438.5
1363960 1438.5
1363970 1436.1
1363980 1433.3
1363990 1433.3
1364000 1430.6
1364010 1428.1
1364020 1428.1
1364030 1425.5
1364040 1422.7
1364050 1422.7
1364060 1419.4
1364070 1416.6
1364080 1416.6
1364090 1412.0
1364100 1408.2
1364110 1408.2
1364120 1404.0
1364130 1398.5
1364140 1397.9
1364150 1397.9
1364160 1397.4
1364170 1396.4
1364180 1396.4
1364190 1394.6
1364200 1392.7
1364210 1392.7
1364220 1390.4
1364230 1387.8
1364240 1387.8
1364250 1385.8
1364260 1382.0
1364270 1382.0
1364280 1378.3
1364290 1375.3
1364300 1375.3
1364310 1372.4
1364320 1368.9
1364330 1368.9
1364340 1365.5
1364350 1361.8
1364360 1361.8
1364370 1357.9
1364380 1354.8
1364390 1350.1
1364400 1350.1
1364410 1345.1
1364420 1341.6
1364430 1341.6
1364440 1337.1
1364450 1333.2
1364460 1333.2
1364470 1328.4
1364480 1324.6
1364490 1324.6
1364500 1321.4
1364510 1318.8
1364520 1318.8
1364530 1315.1
1364540 1312.8
1364550 1312.8
1364560 1310.0
1364570 1307.1
1364580 1307.1
1364590 1302.5
1364600 1292.6
1364610 1292.6
1364620 1286.5
1364630 1283.1
1364640 1283.1
1364650 1280.0
1364660 1276.2
1364670 1270.6
1364680 1270.6
1364690 1263.8
1364700 1258.1
1364710 1258.1
1364720 1252.7
1364730 1247.7
1364740 1247.7
1364750 1241.0
1364760 1233.9
1364770 1233.9
1364780 1225.8
1364790 1218.4
1364800 1218.4
1364810 1215.2
1364820 1212.3
1364830 1212.3
1364840 1208.4
1364850 1201.2
1364860 1201.2
1364870 1194.8
1364880 1187.2
1364890 1187.2
1364900 1180.0
1364910 1173.2
1364920 1166.0
1364930 1166.0
1364940 1158.0
1364950 1149.1
1364960 1149.1
1364970 1144.6
1364980 1148.2
1364990 1148.2
1365000 1151.1
1365010 1151.9
1365020 1151.9
1365030 1156.8
1365040 1161.3
1365050 1161.3
1365060 1166.7
1365070 1172.3
1365080 1172.3
1365090 1178.3
1365100 1185.8
1365110 1185.8
1365120 1194.8
1365130 1203.7
1365140 1203.7
1365150 1210.3
1365160 1215.6
1365170 1220.5
1365180 1220.5
1365190 1225.5
1365200 1230.9
1365210 1230.9
1365220 1236.7
1365230 1241.2
1365240 1241.2
1365250 1245.6
1365260 1248.4
1365270 1248.4
1365280 1249.0
1365290 1250.6
1365300 1250.6
1365310 1258.8
1365320 1265.8
1365330 1265.8
1365340 1272.8
1365350 1279.3
1365360 1279.3
1365370 1286.9
1365380 1295.3
1365390 1295.3
1365400 1299.8
1365410 1301.1
1365420 1301.4
1365430 1301.4
1365440 1299.0
1365450 1298.7
1365460 1298.7
1365470 1301.7
1365480 1302.4
1365490 1302.4
1365500 1302.2
1365510 1301.8
1365520 1301.8
1365530 1301.8
1365540 1301.8
1365550 1301.8
1365560 1301.7
1365570 1300.9
1365580 1300.9
1365590 1301.1
1365600 1301.7
1365610 1301.7
1365620 1301.2
1365630 1300.7
1365640 1300.7
1365650 1300.7
1365660 1297.2
1365670 1297.2
1365680 1297.4
1365690 1297.5
1365700 1297.6
1365710 1297.6
1365720 1298.2
1365730 1298.2
1365740 1298.2
1365750 1297.8
1365760 1297.7
1365770 1297.7
1365780 1297.7
1365790 1297.8
1365800 1297.8
1365810 1297.8
1365820 1297.9
1365830 1297.9
1365840 1298.4
1365850 1298.4
1365860 1298.4
1365870 1297.3
1365880 1291.0
1365890 1291.0
1365900 1282.5
1365910 1271.8
1365920 1271.8
1365930 1258.7
1365940 1253.8
1365950 1261.3
1365960 1261.3
1365970 1269.5
1365980 1274.4
1365990 1274.4
1366000 1277.1
1366010 1279.1
1366020 1279.1
1366030 1283.9
1366040 1290.1
1366050 1290.1
1366060 1295.0
1366070 1299.7
1366080 1299.7
1366090 1302.6
1366100 1303.8
1366110 1303.8
1366120 1304.7
1366130 1305.1
1366140 1305.1
1366150 1305.1
1366160 1305.3
1366170 1305.3
1366180 1305.9
1366190 1306.8
1366200 1308.0
1366210 1308.0
1366220 1309.2
1366230 1311.0
1366240 1311.0
1366250 1312.4
1366260 1313.6
1366270 1313.6
1366280 1314.5
1366290 1315.0
1366300 1315.0
1366310 1315.5
1366320 1315.5
1366330 1315.5
1366340 1315.5
1366350 1315.7
1366360 1315.7
1366370 1315.4
1366380 1314.7
1366390 1314.7
1366400 1314.1
1366410 1313.6
1366420 1313.6
1366430 1313.0
1366440 1312.5
1366450 1312.5
1366460 1311.9
1366470 1311.5
1366480 1310.8
1366490 1310.8
1366500 1310.7
1366510 1310.0
1366520 1310.0
1366530 1309.6
1366540 1309.1
1366550 1309.1
1366560 1308.7
1366570 1308.7
1366580 1308.7
1366590 1309.1
1366600 1309.0
1366610 1309.0
1366620 1308.5
1366630 1308.0
1366640 1308.0
1366650 1307.8
1366660 1308.0
1366670 1308.0
1366680 1307.6
1366690 1307.2
1366700 1307.2
1366710 1307.5
1366720 1308.2
1366730 1308.4
1366740 1303.7
1366750 1304.0
1366760 1303.9
1366770 1303.9
1366780 1304.3
1366790 1304.2
1366800 1304.2
1366810 1303.6
1366820 1304.2
1366830 1304.2
1366840 1304.3
1366850 1304.2
1366860 1304.2
1366870 1303.8
1366880 1303.7
1366890 1303.7
1366900 1303.7
1366910 1303.6
1366920 1303.6
1366930 1303.4
1366940 1303.6
1366950 1303.6
1366960 1303.1
1366970 1302.8
1366980 1302.8
1366990 1302.8
1367000 1302.9
1367010 1303.4
1367020 1303.4
1367030 1303.5
1367040 1303.1
1367050 1303.1
1367060 1302.8
1367070 1302.3
1367080 1302.3
1367090 1302.6
1367100 1301.9
1367110 1301.9
1367120 1301.0
1367130 1298.4
1367140 1298.4
1367150 1294.1
1367160 1298.1
1367170 1298.1
1367180 1300.5
1367190 1301.5
1367200 1301.5
1367210 1301.6
1367220 1301.1
1367230 1301.1
1367240 1299.4
1367250 1295.7
1367260 1296.7
1367270 1296.7
1367280 1298.8
1367290 1299.7
1367300 1299.7
1367310 1299.3
1367320 1298.4
1367330 1298.4
1367340 1297.8
1367350 1298.0
1367360 1298.0
1367370 1297.5
1367380 1296.7
1367390 1296.7
1367400 1295.3
1367410 1293.8
1367420 1293.8
1367430 1292.6
1367440 1292.5
1367450 1292.5
1367460 1292.1
1367470 1292.4
1367480 1292.4
1367490 1291.0
1367500 1284.7
1367510 1274.0
1367520 1274.0
1367530 1274.5
1367540 1282.2
1367550 1282.2
1367560 1289.4
1367570 1294.9
1367580 1294.9
1367590 1301.2
1367600 1306.6
1367610 1306.6
1367620 1307.1
1367630 1302.1
1367640 1302.1
1367650 1295.5
1367660 1289.4
1367670 1289.4
1367680 1286.6
1367690 1286.5
1367700 1286.5
1367710 1287.5
1367720 1287.6
1367730 1287.6
1367740 1286.4
1367750 1285.0
1367760 1284.1
1367770 1284.1
1367780 1281.2
1367790 1282.4
1367800 1282.4
1367810 1281.9
1367820 1273.2
1367830 1273.2
1367840 1273.2
1367850 1274.5
1367860 1274.5
1367870 1274.0
1367880 1273.1
1367890 1273.1
1367900 1271.2
1367910 1271.8
1367920 1271.8
1367930 1273.4
1367940 1275.3
1367950 1275.3
1367960 1277.5
1367970 1280.0
1367980 1280.0
1367990 1282.7
1368000 1285.0
1368010 1287.3
1368020 1287.3
1368030 1289.4
1368040 1291.4
1368050 1291.4
1368060 1292.5
1368070 1293.8
1368080 1293.8
1368090 1296.0
1368100 1297.2
1368110 1297.2
1368120 1297.0
1368130 1296.9
1368140 1296.9
1368150 1296.3
1368160 1296.0
1368170 1296.0
1368180 1295.0
1368190 1292.4
1368200 1292.4
1368210 1290.5
1368220 1286.8
1368230 1286.8
1368240 1279.4
1368250 1274.9
1368260 1274.9
1368270 1271.3
1368280 1269.8
1368290 1266.4
1368300 1266.4
1368310 1260.3
1368320 1255.8
1368330 1255.8
1368340 1254.3
1368350 1250.1
1368360 1250.1
1368370 1245.0
1368380 1241.9
1368390 1241.9
1368400 1244.8
1368410 1238.1
1368420 1238.1
1368430 1231.0
1368440 1237.1
1368450 1237.1
1368460 1244.4
1368470 1248.9
1368480 1248.9
1368490 1250.0
1368500 1247.6
1368510 1247.6
1368520 1244.7
1368530 1240.6
1368540 1232.6
1368550 1232.6
1368560 1223.1
1368570 1226.3
1368580 1226.3
1368590 1237.0
1368600 1246.8
1368610 1246.8
1368620 1254.1
1368630 1260.2
1368640 1260.2
1368650 1267.6
1368660 1275.0
1368670 1275.0
1368680 1284.2
1368690 1290.0
1368700 1290.0
1368710 1288.3
1368720 1286.1
1368730 1286.1
1368740 1284.4
1368750 1283.0
1368760 1283.0
1368770 1282.2
1368780 1281.4
1368790 1280.1
1368800 1280.1
1368810 1278.6
1368820 1277.1
1368830 1277.1
1368840 1275.9
1368850 1274.8
1368860 1274.8
1368870 1273.0
1368880 1273.6
1368890 1273.6
1368900 1275.7
1368910 1277.6
1368920 1275.5
1368930 1277.2
1368940 1278.0
1368950 1278.0
1368960 1278.5
1368970 1278.7
1368980 1278.7
1368990 1277.7
1369000 1277.9
1369010 1277.9
1369020 1279.2
1369030 1281.2
1369040 1281.2
1369050 1282.9
1369060 1283.6
1369070 1283.7
1369080 1283.7
1369090 1283.3
1369100 1282.2
1369110 1282.2
1369120 1282.4
1369130 1283.3
1369140 1283.3
1369150 1284.4
1369160 1286.1
1369170 1286.1
1369180 1287.4
1369190 1288.3
1369200 1288.3
1369210 1291.9
1369220 1291.9
1369230 1291.9
1369240 1289.8
1369250 1288.5
1369260 1288.5
1369270 1287.2
1369280 1285.7
1369290 1285.7
1369300 1282.3
1369310 1280.1
1369320 1277.9
1369330 1277.9
1369340 1278.1
1369350 1280.1
1369360 1280.1
1369370 1284.5
1369380 1286.6
1369390 1286.6
1369400 1288.0
1369410 1288.3
1369420 1288.3
1369430 1288.5
1369440 1289.3
1369450 1289.3
1369460 1290.3
1369470 1291.2
1369480 1291.2
1369490 1292.3
1369500 1292.1
1369510 1292.1
1369520 1292.8
1369530 1293.7
1369540 1293.7
1369550 1293.8
1369560 1293.3
1369570 1292.8
1369580 1292.8
1369590 1293.2
1369600 1293.9
1369610 1293.9
1369620 1294.5
1369630 1295.2
1369640 1295.2
1369650 1295.4
1369660 1295.3
1369670 1295.3
1369680 1295.6
1369690 1295.9
1369700 1295.9
1369710 1295.8
1369720 1296.0
1369730 1296.0
1369740 1296.2
1369750 1296.6
1369760 1296.6
1369770 1296.9
1369780 1296.9
1369790 1296.9
1369800 1296.8
1369810 1296.5
1369820 1296.2
1369830 1296.2
1369840 1296.4
1369850 1297.0
1369860 1297.0
1369870 1297.2
1369880 1297.4
1369890 1297.4
1369900 1297.3
1369910 1297.5
1369920 1297.5
1369930 1297.4
1369940 1297.3
1369950 1297.3
1369960 1296.7
1369970 1296.0
1369980 1296.0
1369990 1295.4
1370000 1294.9
1370010 1294.9
1370020 1294.6
1370030 1290.3
1370040 1290.3
1370050 1289.6
1370060 1289.1
1370070 1289.1
1370080 1288.7
1370090 1288.5
1370100 1288.7
1370110 1288.7
1370120 1288.4
1370130 1287.7
1370140 1287.7
1370150 1287.2
1370160 1286.9
1370170 1286.9
1370180 1286.2
1370190 1284.9
1370200 1284.9
1370210 1282.1
1370220 1279.7
1370230 1279.7
1370240 1277.4
1370250 1275.8
1370260 1275.8
1370270 1274.8
1370280 1274.2
1370290 1274.2
1370300 1273.6
1370310 1272.2
1370320 1272.2
1370330 1270.7
1370340 1268.8
1370350 1267.5
1370360 1267.5
1370370 1265.3
1370380 1261.0
1370390 1261.0
1370400 1255.6
1370410 1249.3
1370420 1249.3
1370430 1244.4
1370440 1240.9
1370450 1240.9
1370460 1237.4
1370470 1234.6
1370480 1234.6
1370490 1229.8
1370500 1228.1
1370510 1228.1
1370520 1228.4
1370530 1228.9
1370540 1228.9
1370550 1228.5
1370560 1227.1
1370570 1227.1
1370580 1224.7
1370590 1221.7
1370600 1219.4
1370610 1219.4
1370620 1219.1
1370630 1218.1
1370640 1218.1
1370650 1216.7
1370660 1215.4
1370670 1215.4
1370680 1212.8
1370690 1209.5
1370700 1209.5
1370710 1205.3
1370720 1200.6
1370730 1200.6
1370740 1195.4
1370750 1185.7
1370760 1185.7
1370770 1179.1
1370780 1173.1
1370790 1173.1
1370800 1167.1
1370810 1161.0
1370820 1161.0
1370830 1156.3
1370840 1154.2
1370850 1154.2
1370860 1152.3
1370870 1148.4
1370880 1141.2
1370890 1141.2
1370900 1133.8
1370910 1126.8
1370920 1126.8
1370930 1119.7
1370940 1112.2
1370950 1112.2
1370960 1105.7
1370970 1099.6
1370980 1099.6
1370990 1094.0
1371000 1087.3
1371010 1087.3
1371020 1083.5
1371030 1079.5
1371040 1079.5
1371050 1075.1
1371060 1071.2
1371070 1071.2
1371080 1064.5
1371090 1058.0
1371100 1058.0
1371110 1052.1
1371120 1045.4
1371130 1039.2
1371140 1035.4
1371150 1028.9
1371160 1023.0
1371170 1023.0
1371180 1017.7
1371190 1013.5
1371200 1013.5
1371210 1012.8
1371220 1012.9
1371230 1012.9
1371240 1005.2
1371250 993.3
1371260 993.3
1371270 983.6
1371280 976.4
1371290 976.4
1371300 969.3
1371310 962.0
1371320 962.0
1371330 955.3
1371340 949.1
1371350 949.1
1371360 942.4
1371370 936.0
1371380 933.1
1371390 933.1
1371400 930.6
1371410 926.7
1371420 926.7
1371430 920.0
1371440 909.0
1371450 909.0
1371460 903.5
1371470 899.6
1371480 899.6
1371490 896.8
1371500 893.9
1371510 893.9
1371520 894.5
1371530 895.0
1371540 895.0
1371550 895.0
1371560 895.0
1371570 895.0
1371580 895.1
1371590 895.2
1371600 895.2
1371610 895.3
1371620 895.8
1371630 896.6
1371640 896.6
1371650 897.1
1371660 895.6
1371670 895.6
1371680 890.1
1371690 891.1
1371700 891.1
1371710 893.2
1371720 891.9
1371730 891.9
1371740 891.5
1371750 891.1
1371760 891.1
1371770 890.2
1371780 888.8
1371790 888.8
1371800 887.3
1371810 885.5
1371820 885.5
1371830 883.7
1371840 882.1
1371850 882.1
1371860 880.4
1371870 878.7
1371880 878.7
1371890 876.8
1371900 875.0
1371910 873.0
1371920 873.0
1371930 871.0
1371940 868.9
1371950 868.9
1371960 866.8
1371970 864.8
1371980 864.8
1371990 862.9
1372000 860.9
1372010 860.9
1372020 859.1
1372030 856.8
1372040 856.8
1372050 856.2
1372060 854.8
1372070 854.8
1372080 852.1
1372090 849.8
1372100 849.8
1372110 845.5
1372120 841.1
1372130 841.1
1372140 837.3
1372150 834.7
1372160 833.7
1372170 833.7
1372180 833.4
1372190 833.1
1372200 833.1
1372210 832.9
1372220 832.7
1372230 832.7
1372240 832.4
1372250 832.0
1372260 832.0
1372270 831.7
1372280 831.4
1372290 831.4
1372300 831.3
1372310 831.0
1372320 831.0
1372330 830.6
1372340 830.1
1372350 830.1
1372360 829.6
1372370 829.1
1372380 829.1
1372390 828.7
1372400 828.1
1372410 827.8
1372420 827.8
1372430 828.0
1372440 827.8
1372450 827.8
1372460 827.0
1372470 826.2
1372480 826.2
1372490 825.2
1372500 824.1
1372510 824.1
1372520 823.5
1372530 823.1
1372540 823.1
1372550 822.6
1372560 822.2
1372570 822.2
1372580 821.7
1372590 821.3
1372600 821.3
1372610 821.1
1372620 820.8
1372630 820.8
1372640 820.6
1372650 820.3
1372660 820.3
1372670 820.0
1372680 820.0
1372690 820.1
1372700 820.1
1372710 819.1
1372720 820.6
1372730 820.6
1372740 822.2
1372750 821.4
1372760 821.4
1372770 819.8
1372780 819.4
1372790 819.4
1372800 819.2
1372810 819.1
1372820 819.1
1372830 818.9
1372840 818.8
1372850 818.8
1372860 818.6
1372870 819.5
1372880 819.5
1372890 819.3
1372900 817.9
1372910 817.9
1372920 818.1
1372930 820.0
1372940 820.1
1372950 820.1
1372960 819.2
1372970 820.1
1372980 820.1
1372990 819.4
1373000 819.0
1373010 819.0
1373020 818.9
1373030 818.8
1373040 818.8
1373050 818.8
1373060 818.7
1373070 818.7
1373080 818.6
1373090 818.5
1373100 818.5
1373110 818.4
1373120 818.4
1373130 818.4
1373140 818.3
1373150 818.4
1373160 818.4
1373170 818.4
1373180 818.4
1373190 818.5
1373200 818.5
1373210 818.6
1373220 819.0
1373230 819.0
1373240 819.1
1373250 819.4
1373260 819.4
1373270 819.9
1373280 820.6
1373290 820.6
1373300 821.3
1373310 821.7
1373320 821.7
1373330 822.4
1373340 823.4
1373350 823.4
1373360 824.5
1373370 825.5
1373380 825.5
1373390 826.7
1373400 827.8
1373410 828.5
1373420 829.5
1373430 830.5
1373440 831.6
1373450 831.6
1373460 832.8
1373470 833.5
1373480 833.5
1373490 832.9
1373500 833.5
1373510 833.5
1373520 835.1
1373530 835.1
1373540 835.1
1373550 835.7
1373560 836.1
1373570 836.1
1373580 836.3
1373590 835.9
1373600 835.9
1373610 835.8
1373620 835.6
1373630 835.6
1373640 835.6
1373650 835.1
1373660 835.1
1373670 834.9
1373680 834.3
1373690 834.3
1373700 833.6
1373710 833.7
1373720 834.2
1373730 834.2
1373740 834.5
1373750 833.4
1373760 833.4
1373770 832.5
1373780 831.6
1373790 831.6
1373800 830.9
1373810 830.6
1373820 830.6
1373830 830.1
1373840 829.3
1373850 829.3
1373860 828.0
1373870 826.6
1373880 826.6
1373890 825.4
1373900 825.0
1373910 825.0
1373920 825.1
1373930 825.5
1373940 825.5
1373950 826.6
1373960 829.0
1373970 833.0
1373980 833.0
1373990 836.6
1374000 837.5
1374010 837.5
1374020 837.3
1374030 837.5
1374040 837.5
1374050 837.8
1374060 837.4
1374070 837.4
1374080 837.3
1374090 836.5
1374100 836.5
1374110 835.2
1374120 833.9
1374130 833.9
1374140 831.1
1374150 830.3
1374160 830.3
1374170 832.1
1374180 832.4
1374190 832.4
1374200 832.9
1374210 833.5
1374220 834.8
1374230 834.8
1374240 836.7
1374250 838.7
1374260 838.7
1374270 840.0
1374280 841.3
1374290 841.3
1374300 845.0
1374310 849.2
1374320 849.2
1374330 849.6
1374340 850.5
1374350 850.5
1374360 855.3
1374370 861.7
1374380 861.7
1374390 867.7
1374400 872.4
1374410 872.4
1374420 875.5
1374430 878.4
1374440 878.4
1374450 881.4
1374460 885.3
1374470 885.3
1374480 888.5
1374490 890.0
1374500 891.3
1374510 891.3
1374520 893.1
1374530 893.4
1374540 893.4
1374550 893.4
1374560 900.4
1374570 900.4
1374580 901.1
1374590 902.0
1374600 902.0
1374610 904.7
1374620 908.1
1374630 908.1
1374640 912.5
1374650 916.2
1374660 916.2
1374670 918.7
1374680 920.6
1374690 920.6
1374700 922.5
1374710 923.6
1374720 923.6
1374730 921.1
1374740 919.6
1374750 921.2
1374760 921.2
1374770 924.2
1374780 925.4
1374790 925.4
1374800 924.4
1374810 924.6
1374820 924.6
1374830 926.2
1374840 927.7
1374850 927.7
1374860 928.7
1374870 929.8
1374880 929.8
1374890 930.2
1374900 930.3
1374910 930.3
1374920 931.8
1374930 934.3
1374940 934.3
1374950 941.5
1374960 945.3
1374970 945.3
1374980 945.6
1374990 945.1
1375000 941.3
1375010 941.3
1375020 941.3
1375030 944.0
1375040 944.0
1375050 946.6
1375060 949.0
1375070 949.0
1375080 951.9
1375090 955.1
1375100 955.1
1375110 958.3
1375120 961.7
1375130 961.7
1375140 965.4
1375150 967.5
1375160 967.5
1375170 969.2
1375180 970.8
1375190 970.8
1375200 971.8
1375210 970.3
1375220 970.3
1375230 969.1
1375240 968.5
1375250 967.1
1375260 967.1
1375270 972.4
1375280 977.9
1375290 977.9
1375300 982.4
1375310 985.9
1375320 985.9
1375330 989.6
1375340 993.5
1375350 993.5
1375360 997.6
1375370 999.9
1375380 999.9
1375390 1002.1
1375400 1003.9
1375410 1003.9
1375420 1004.6
1375430 1004.6
1375440 1004.6
1375450 1004.9
1375460 1005.5
1375470 1005.5
1375480 1006.0
1375490 1006.8
1375500 1006.8
1375510 1008.1
1375520 1007.6
1375530 1005.2
1375540 1005.2
1375550 1002.6
1375560 1001.3
1375570 1001.3
1375580 1001.0
1375590 1003.9
1375600 1003.9
1375610 1007.3
1375620 1009.3
1375630 1009.3
1375640 1009.9
1375650 1010.6
1375660 1010.6
1375670 1010.8
1375680 1010.9
1375690 1010.9
1375700 1012.6
1375710 1013.1
1375720 1017.3
1375730 1018.0
1375740 1019.1
1375750 1019.1
1375760 1019.9
1375770 1021.2
1375780 1021.6
1375790 1021.6
1375800 1020.1
1375810 1018.7
1375820 1018.7
1375830 1017.7
1375840 1018.2
1375850 1018.2
1375860 1019.5
1375870 1018.8
1375880 1018.8
1375890 1017.3
1375900 1017.1
1375910 1017.1
1375920 1017.5
1375930 1017.8
1375940 1017.8
1375950 1017.0
1375960 1014.7
1375970 1014.7
1375980 1013.0
1375990 1013.4
1376000 1013.4
1376010 1013.6
1376020 1013.1
1376030 1011.5
1376040 1011.5
1376050 1009.6
1376060 1008.8
1376070 1008.8
1376080 1008.7
1376090 1008.4
1376100 1008.4
1376110 1007.2
1376120 1004.7
1376130 1004.7
1376140 1000.6
1376150 994.0
1376160 994.0
1376170 986.8
1376180 981.2
1376190 981.2
1376200 977.4
1376210 974.1
1376220 974.1
1376230 969.9
1376240 964.5
1376250 964.5
1376260 964.4
1376270 974.2
1376280 978.7
1376290 978.7
1376300 982.4
1376310 988.0
1376320 988.0
1376330 993.9
1376340 997.5
1376350 997.5
1376360 997.0
1376370 995.8
1376380 995.8
1376390 996.0
1376400 997.1
1376410 997.1
1376420 1002.0
1376430 1008.8
1376440 1008.8
1376450 1014.5
1376460 1020.3
1376470 1020.3
1376480 1026.3
1376490 1030.9
1376500 1030.9
1376510 1036.9
1376520 1044.4
1376530 1044.4
1376540 1050.4
1376550 1054.9
1376560 1058.1
1376570 1058.1
1376580 1061.0
1376590 1062.9
1376600 1062.9
1376610 1065.4
1376620 1069.6
1376630 1069.6
1376640 1075.4
1376650 1081.1
1376660 1081.1
1376670 1087.6
1376680 1094.1
1376690 1094.1
1376700 1099.7
1376710 1106.2
1376720 1106.2
1376730 1113.7
1376740 1120.6
1376750 1120.6
1376760 1127.4
1376770 1133.4
1376780 1133.4
1376790 1136.5
1376800 1137.8
1376810 1139.4
1376820 1139.4
1376830 1141.0
1376840 1142.3
1376850 1142.3
1376860 1143.8
1376870 1144.1
1376880 1144.1
1376890 1151.1
1376900 1149.0
1376910 1149.0
1376920 1146.3
1376930 1142.5
1376940 1142.5
1376950 1138.1
1376960 1134.7
1376970 1134.7
1376980 1131.2
1376990 1128.0
1377000 1128.0
1377010 1125.0
1377020 1121.3
1377030 1121.3
1377040 1118.2
1377050 1119.2
1377060 1123.3
1377070 1123.3
1377080 1127.5
1377090 1130.9
1377100 1130.9
1377110 1132.9
1377120 1136.5
1377130 1136.5
1377140 1140.4
1377150 1144.0
1377160 1144.0
1377170 1147.9
1377180 1156.0
1377190 1156.0
1377200 1163.0
1377210 1170.8
1377220 1170.8
1377230 1177.8
1377240 1178.1
1377250 1178.1
1377260 1180.6
1377270 1183.3
1377280 1183.3
1377290 1184.9
1377300 1186.4
1377310 1186.4
1377320 1189.0
1377330 1191.2
1377340 1193.8
1377350 1193.8
1377360 1196.2
1377370 1201.0
1377380 1201.0
1377390 1205.9
1377400 1212.5
1377410 1212.5
1377420 1221.7
1377430 1230.1
1377440 1230.1
1377450 1232.7
1377460 1235.3
1377470 1235.3
1377480 1237.0
1377490 1242.2
1377500 1242.2
1377510 1247.1
1377520 1252.0
1377530 1252.0
1377540 1254.6
1377550 1256.6
1377560 1256.6
1377570 1259.8
1377580 1262.9
1377590 1263.3
1377600 1263.3
1377610 1261.8
1377620 1260.3
1377630 1260.3
1377640 1258.3
1377650 1256.9
1377660 1256.9
1377670 1256.4
1377680 1256.4
1377690 1256.4
1377700 1257.9
1377710 1259.5
1377720 1259.5
1377730 1260.5
1377740 1261.6
1377750 1261.6
1377760 1262.6
1377770 1263.6
1377780 1263.6
1377790 1263.2
1377800 1261.9
1377810 1261.9
1377820 1259.7
1377830 1256.5
1377840 1253.7
1377850 1253.7
1377860 1250.7
1377870 1250.0
1377880 1250.0
1377890 1249.8
1377900 1250.2
1377910 1250.2
1377920 1250.5
1377930 1251.8
1377940 1251.8
1377950 1253.3
1377960 1255.2
1377970 1255.2
1377980 1257.5
1377990 1260.2
1378000 1260.2
1378010 1262.8
1378020 1264.1
1378030 1264.1
1378040 1265.5
1378050 1266.7
1378060 1266.7
1378070 1267.1
1378080 1268.4
1378090 1268.9
1378100 1268.9
1378110 1269.8
1378120 1270.9
1378130 1270.9
1378140 1271.7
1378150 1272.0
1378160 1272.0
1378170 1272.3
1378180 1272.7
1378190 1272.7
1378200 1272.5
1378210 1272.7
1378220 1272.7
1378230 1271.1
1378240 1264.5
1378250 1264.5
1378260 1260.1
1378270 1258.0
1378280 1258.0
1378290 1257.2
1378300 1257.0
1378310 1257.0
1378320 1255.9
1378330 1255.1
1378340 1255.1
1378350 1254.8
1378360 1255.3
1378370 1255.4
1378380 1255.4
1378390 1256.6
1378400 1257.9
1378410 1257.9
1378420 1259.8
1378430 1263.1
1378440 1263.1
1378450 1266.7
1378460 1268.9
1378470 1268.9
1378480 1273.9
1378490 1278.0
1378500 1278.0
1378510 1279.0
1378520 1280.3
1378530 1280.3
1378540 1280.4
1378550 1280.9
1378560 1280.9
1378570 1282.6
1378580 1285.6
1378590 1285.6
1378600 1288.8
1378610 1290.4
1378620 1290.3
1378630 1290.3
1378640 1289.8
1378650 1288.6
1378660 1288.6
1378670 1288.3
1378680 1290.4
1378690 1290.4
1378700 1293.5
1378710 1295.7
1378720 1295.7
1378730 1296.8
1378740 1297.1
1378750 1297.1
1378760 1297.6
1378770 1297.8
1378780 1297.8
1378790 1297.5
1378800 1297.0
1378810 1297.0
1378820 1298.4
1378830 1301.3
1378840 1301.3
1378850 1304.3
1378860 1306.9
1378870 1308.8
1378880 1308.8
1378890 1311.2
1378900 1312.9
1378910 1312.9
1378920 1315.0
1378930 1316.6
1378940 1316.6
1378950 1318.1
1378960 1319.7
1378970 1319.7
1378980 1321.3
1378990 1323.0
1379000 1323.0
1379010 1324.5
1379020 1326.3
1379030 1326.3
1379040 1328.0
1379050 1329.9
1379060 1329.9
1379070 1331.1
1379080 1331.9
1379090 1331.9
1379100 1333.1
1379110 1334.0
1379120 1334.0
1379130 1335.3
1379140 1336.6
1379150 1337.8
1379160 1337.8
1379170 1339.3
1379180 1340.2
1379190 1340.2
1379200 1341.2
1379210 1342.8
1379220 1342.8
1379230 1345.1
1379240 1347.8
1379250 1347.8
1379260 1350.0
1379270 1352.4
1379280 1352.4
1379290 1355.7
1379300 1358.6
1379310 1358.6
1379320 1361.5
1379330 1364.6
1379340 1364.6
1379350 1366.8
1379360 1369.6
1379370 1369.6
1379380 1372.2
1379390 1374.5
1379400 1376.7
1379410 1376.7
1379420 1378.7
1379430 1380.4
1379440 1380.4
1379450 1381.6
1379460 1382.1
1379470 1382.1
1379480 1381.5
1379490 1379.4
1379500 1379.4
1379510 1377.7
1379520 1376.9
1379530 1376.9
1379540 1376.5
1379550 1376.3
1379560 1376.3
1379570 1375.9
1379580 1375.2
1379590 1375.2
1379600 1374.5
1379610 1373.3
1379620 1373.3
1379630 1371.0
1379640 1367.8
1379650 1364.2
1379660 1364.2
1379670 1360.4
1379680 1356.4
1379690 1356.4
1379700 1352.4
1379710 1348.0
1379720 1348.0
1379730 1343.3
1379740 1338.8
1379750 1338.8
1379760 1334.7
1379770 1330.4
1379780 1330.4
1379790 1326.2
1379800 1322.6
1379810 1322.6
1379820 1319.4
1379830 1316.3
1379840 1316.3
1379850 1313.4
1379860 1311.6
1379870 1311.6
1379880 1310.2
1379890 1307.4
1379900 1302.7
1379910 1302.7
1379920 1298.0
1379930 1294.3
1379940 1294.3
1379950 1290.5
1379960 1286.7
1379970 1286.7
1379980 1282.9
1379990 1279.3
