1360000 1610.4
1360010 1609.2
1360020 1604.0
1360030 1598.6
1360040 1598.6
1360050 1594.2
1360060 1590.1
1360070 1590.1
1360080 1586.5
1360090 1582.7
1360100 1582.7
1360110 1579.3
1360120 1576.9
1360130 1576.9
1360140 1574.4
1360150 1571.2
1360160 1571.2
1360170 1568.7
1360180 1565.5
1360190 1565.5
1360200 1561.7
1360210 1558.4
1360220 1558.4
1360230 1555.0
1360240 1552.5
1360250 1549.7
1360260 1549.7
1360270 1545.6
1360280 1540.3
1360290 1540.3
1360300 1535.3
1360310 1531.7
1360320 1531.7
1360330 1528.9
1360340 1524.0
1360350 1524.0
1360360 1518.2
1360370 1513.0
1360380 1513.0
1360390 1507.9
1360400 1502.3
1360410 1502.3
1360420 1497.1
1360430 1492.3
1360440 1492.3
1360450 1488.9
1360460 1485.9
1360470 1485.9
1360480 1484.0
1360490 1482.1
1360500 1479.3
1360510 1479.3
1360520 1473.4
1360530 1463.0
1360540 1463.0
1360550 1455.0
1360560 1446.5
1360570 1446.5
1360580 1433.1
1360590 1428.3
1360600 1428.3
1360610 1429.9
1360620 1431.0
1360630 1431.0
1360640 1434.0
1360650 1439.9
1360660 1439.9
1360670 1444.7
1360680 1448.5
1360690 1448.5
1360700 1453.1
1360710 1460.4
1360720 1460.4
1360730 1468.5
1360740 1476.5
1360750 1482.9
1360760 1482.9
1360770 1489.2
1360780 1495.4
1360790 1495.4
1360800 1502.9
1360810 1510.1
1360820 1510.1
1360830 1517.5
1360840 1525.4
1360850 1525.4
1360860 1531.6
1360870 1536.4
1360880 1536.4
1360890 1544.1
1360900 1551.2
1360910 1551.2
1360920 1553.5
1360930 1555.7
1360940 1555.7
1360950 1558.2
1360960 1562.0
1360970 1562.0
1360980 1566.8
1360990 1572.9
1361000 1572.9
1361010 1580.7
1361020 1589.4
1361030 1596.2
1361040 1596.1
1361050 1601.1
1361060 1607.1
1361070 1607.1
1361080 1611.8
1361090 1616.6
1361100 1616.6
1361110 1620.8
1361120 1624.8
1361130 1624.8
1361140 1629.6
1361150 1633.1
1361160 1633.1
1361170 1636.3
1361180 1642.2
1361190 1642.2
1361200 1650.3
1361210 1658.0
1361220 1658.0
1361230 1664.2
1361240 1669.3
1361250 1669.3
1361260 1672.2
1361270 1675.9
1361280 1679.0
1361290 1679.0
1361300 1680.4
1361310 1681.7
1361320 1681.7
1361330 1684.1
1361340 1686.9
1361350 1686.9
1361360 1690.3
1361370 1693.8
1361380 1693.8
1361390 1697.5
1361400 1701.3
1361410 1701.3
1361420 1705.5
1361430 1708.6
1361440 1708.6
1361450 1710.9
1361460 1713.2
1361470 1713.2
1361480 1718.2
1361490 1725.4
1361500 1725.4
1361510 1734.2
1361520 1743.8
1361530 1743.8
1361540 1753.3
1361550 1762.1
1361560 1770.1
1361570 1770.1
1361580 1776.8
1361590 1783.8
1361600 1783.8
1361610 1790.8
1361620 1797.6
1361630 1797.6
1361640 1804.7
1361650 1809.3
1361660 1809.3
1361670 1814.2
1361680 1819.9
1361690 1819.9
1361700 1825.7
1361710 1832.3
1361720 1832.3
1361730 1838.7
1361740 1844.8
1361750 1844.8
1361760 1851.1
1361770 1858.3
1361780 1858.3
1361790 1866.3
1361800 1873.6
1361810 1881.2
1361820 1881.2
1361830 1889.2
1361840 1898.3
1361850 1898.3
1361860 1909.5
1361870 1920.8
1361880 1920.8
1361890 1932.0
1361900 1942.0
1361910 1942.0
1361920 1947.5
1361930 1951.9
1361940 1951.9
1361950 1957.1
1361960 1962.3
1361970 1962.3
1361980 1968.0
1361990 1973.4
1362000 1973.4
1362010 1979.3
1362020 1986.3
1362030 1986.3
1362040 1993.0
1362050 1999.3
1362060 2004.7
1362070 2006.2
1362080 2012.0
1362090 2017.5
1362100 2017.5
1362110 2023.1
1362120 2027.2
1362130 2027.2
1362140 2029.1
1362150 2031.0
1362160 2031.0
1362170 2034.3
1362180 2036.5
1362190 2036.5
1362200 2040.3
1362210 2046.9
1362220 2046.9
1362230 2051.6
1362240 2051.9
1362250 2051.9
1362260 2048.1
1362270 2047.1
1362280 2047.1
1362290 2047.2
1362300 2049.3
1362310 2049.3
1362320 2053.4
1362330 2056.3
1362340 2059.2
1362350 2059.2
1362360 2060.8
1362370 2060.9
1362380 2060.9
1362390 2061.1
1362400 2061.5
1362410 2061.5
1362420 2060.5
1362430 2058.7
1362440 2058.7
1362450 2056.9
1362460 2055.7
1362470 2055.7
1362480 2053.4
1362490 2049.9
1362500 2049.9
1362510 2045.0
1362520 2039.1
1362530 2039.1
1362540 2034.7
1362550 2030.7
1362560 2030.7
1362570 2026.1
1362580 2023.9
1362590 2021.8
1362600 2021.8
1362610 2019.5
1362620 2017.8
1362630 2017.8
1362640 2016.3
1362650 2014.7
1362660 2014.7
1362670 2013.3
1362680 2011.9
1362690 2011.9
1362700 2009.3
1362710 2006.8
1362720 2006.8
1362730 2003.4
1362740 2000.1
1362750 2000.1
1362760 1998.0
1362770 1995.4
1362780 1995.4
1362790 1993.3
1362800 1991.4
1362810 1991.4
1362820 1987.8
1362830 1982.8
1362840 1982.8
1362850 1978.8
1362860 1974.6
1362870 1970.0
1362880 1970.0
1362890 1965.0
1362900 1960.3
1362910 1960.3
1362920 1957.7
1362930 1955.5
1362940 1955.5
1362950 1953.4
1362960 1951.1
1362970 1951.1
1362980 1947.6
1362990 1943.8
1363000 1943.8
1363010 1940.5
1363020 1937.0
1363030 1937.0
1363040 1933.2
1363050 1929.1
1363060 1929.1
1363070 1926.1
1363080 1923.0
1363090 1923.0
1363100 1919.8
1363110 1915.9
1363120 1908.6
1363130 1908.6
1363140 1904.7
1363150 1903.1
1363160 1903.1
1363170 1901.9
1363180 1899.1
1363190 1899.1
1363200 1893.7
1363210 1886.5
1363220 1886.5
1363230 1879.2
1363240 1871.9
1363250 1871.9
1363260 1865.5
1363270 1859.5
1363280 1859.5
1363290 1855.2
1363300 1851.6
1363310 1851.6
1363320 1847.8
1363330 1844.9
1363340 1844.9
1363350 1842.3
1363360 1839.4
1363370 1839.4
1363380 1836.0
1363390 1832.3
1363400 1828.2
1363410 1828.2
1363420 1824.4
1363430 1822.1
1363440 1822.1
1363450 1818.7
1363460 1814.7
1363470 1814.7
1363480 1810.3
1363490 1805.0
1363500 1805.0
1363510 1799.9
1363520 1795.0
1363530 1795.0
1363540 1790.8
1363550 1786.2
1363560 1786.2
1363570 1780.4
1363580 1773.5
1363590 1773.5
1363600 1767.4
1363610 1761.2
1363620 1761.2
1363630 1754.5
1363640 1747.7
1363650 1740.9
1363660 1740.9
1363670 1734.2
1363680 1727.6
1363690 1727.6
1363700 1721.1
1363710 1714.3
1363720 1714.3
1363730 1707.4
1363740 1700.7
1363750 1700.7
1363760 1694.3
1363770 1687.9
1363780 1687.9
1363790 1682.2
1363800 1677.3
1363810 1677.3
1363820 1673.0
1363830 1668.9
1363840 1668.9
1363850 1665.5
1363860 1661.8
1363870 1661.8
1363880 1656.3
1363890 1649.3
1363900 1642.7
1363910 1642.7
1363920 1637.1
1363930 1631.2
1363940 1631.2
1363950 1624.4
1363960 1620.2
1363970 1620.2
1363980 1617.5
1363990 1614.7
1364000 1614.7
1364010 1611.8
1364020 1608.7
1364030 1608.7
1364040 1604.8
1364050 1601.6
1364060 1601.6
1364070 1598.5
1364080 1594.5
1364090 1594.5
1364100 1591.2
1364110 1587.8
1364120 1587.8
1364130 1584.9
1364140 1582.5
1364150 1582.5
1364160 1580.0
1364170 1574.8
1364180 1571.2
1364190 1571.2
1364200 1568.0
1364210 1562.5
1364220 1562.5
1364230 1555.9
1364240 1549.0
1364250 1549.0
1364260 1541.9
1364270 1534.7
1364280 1534.7
1364290 1529.8
1364300 1530.5
1364310 1530.5
1364320 1537.6
1364330 1546.3
1364340 1546.3
1364350 1554.6
1364360 1561.5
1364370 1561.5
1364380 1568.6
1364390 1575.8
1364400 1575.8
1364410 1582.5
1364420 1589.8
1364430 1596.2
1364440 1596.2
1364450 1603.0
1364460 1609.4
1364470 1609.4
1364480 1615.5
1364490 1621.5
1364500 1621.5
1364510 1627.9
1364520 1633.9
1364530 1633.9
1364540 1640.4
1364550 1646.5
1364560 1646.5
1364570 1652.7
1364580 1658.7
1364590 1658.7
1364600 1662.8
1364610 1666.9
1364620 1666.9
1364630 1671.0
1364640 1674.5
1364650 1674.5
1364660 1679.6
1364670 1685.6
1364680 1685.6
1364690 1690.4
1364700 1694.9
1364710 1701.7
1364720 1701.7
1364730 1707.7
1364740 1713.9
1364750 1713.9
1364760 1720.4
1364770 1726.8
1364780 1726.8
1364790 1733.2
1364800 1739.5
1364810 1739.5
1364820 1746.3
1364830 1753.3
1364840 1753.3
1364850 1759.3
1364860 1764.7
1364870 1764.7
1364880 1769.3
1364890 1774.0
1364900 1774.0
1364910 1779.7
1364920 1784.3
1364930 1784.3
1364940 1788.2
1364950 1791.6
1364960 1795.3
1364970 1795.3
1364980 1801.5
1364990 1808.1
1365000 1808.1
1365010 1815.8
1365020 1823.2
1365030 1823.2
1365040 1828.7
1365050 1833.9
1365060 1833.9
1365070 1839.2
1365080 1844.7
1365090 1844.7
1365100 1850.4
1365110 1856.5
1365120 1856.5
1365130 1862.8
1365140 1868.6
1365150 1868.6
1365160 1874.2
1365170 1879.4
1365180 1879.4
1365190 1885.4
1365200 1892.0
1365210 1899.2
1365220 1899.2
1365230 1903.0
1365240 1909.6
1365250 1909.6
1365260 1914.8
1365270 1916.8
1365280 1916.8
1365290 1918.4
1365300 1920.2
1365310 1920.2
1365320 1921.4
1365330 1920.1
1365340 1920.1
1365350 1920.6
1365360 1921.5
1365370 1921.5
1365380 1922.2
1365390 1922.0
1365400 1922.0
1365410 1921.5
1365420 1921.2
1365430 1921.2
1365440 1920.9
1365450 1920.3
1365460 1920.3
1365470 1919.5
1365480 1918.8
1365490 1917.7
1365500 1917.7
1365510 1916.1
1365520 1914.4
1365530 1914.4
1365540 1913.4
1365550 1912.4
1365560 1912.4
1365570 1911.0
1365580 1909.9
1365590 1909.9
1365600 1909.2
1365610 1909.1
1365620 1909.1
1365630 1908.9
1365640 1908.3
1365650 1908.3
1365660 1908.1
1365670 1908.3
1365680 1908.3
1365690 1907.5
1365700 1905.6
1365710 1905.6
1365720 1903.6
1365730 1902.2
1365740 1901.9
1365750 1901.9
1365760 1901.0
1365770 1899.7
1365780 1899.7
1365790 1898.2
1365800 1897.1
1365810 1897.1
1365820 1896.5
1365830 1895.8
1365840 1895.8
1365850 1893.2
1365860 1890.8
1365870 1890.8
1365880 1889.3
1365890 1884.6
1365900 1884.6
1365910 1884.1
1365920 1886.4
1365930 1886.4
1365940 1887.5
1365950 1888.6
1365960 1888.6
1365970 1891.4
1365980 1894.1
1365990 1894.1
1366000 1896.8
1366010 1899.5
1366020 1902.2
1366030 1902.2
1366040 1904.5
1366050 1907.2
1366060 1907.2
1366070 1909.6
1366080 1912.5
1366090 1912.5
1366100 1915.2
1366110 1917.8
1366120 1917.8
1366130 1920.0
1366140 1921.9
1366150 1921.9
1366160 1924.0
1366170 1925.8
1366180 1925.8
1366190 1926.8
1366200 1927.1
1366210 1927.1
1366220 1926.7
1366230 1925.5
1366240 1925.5
1366250 1923.4
1366260 1919.5
1366270 1915.2
1366280 1915.2
1366290 1912.0
1366300 1904.3
1366310 1904.3
1366320 1900.4
1366330 1903.5
1366340 1903.5
1366350 1909.1
1366360 1912.0
1366370 1912.0
1366380 1913.8
1366390 1915.5
1366400 1915.5
1366410 1916.4
1366420 1917.2
1366430 1917.2
1366440 1917.9
1366450 1920.5
1366460 1920.5
1366470 1923.0
1366480 1926.0
1366490 1926.0
1366500 1930.7
1366510 1936.5
1366520 1936.5
1366530 1942.8
1366540 1948.7
1366550 1954.9
1366560 1954.9
1366570 1960.7
1366580 1966.4
1366590 1966.4
1366600 1971.7
1366610 1977.1
1366620 1977.1
1366630 1982.3
1366640 1986.0
1366650 1986.0
1366660 1988.7
1366670 1990.4
1366680 1990.4
1366690 1990.9
1366700 1990.7
1366710 1990.7
1366720 1991.1
1366730 1992.2
1366740 1992.2
1366750 1993.6
1366760 1995.8
1366770 1995.8
1366780 1999.3
1366790 2004.5
1366800 2009.8
1366810 2009.8
1366820 2014.8
1366830 2020.2
1366840 2020.2
1366850 2025.1
1366860 2029.9
1366870 2029.9
1366880 2034.0
1366890 2037.9
1366900 2037.9
1366910 2041.7
1366920 2045.3
1366930 2045.3
1366940 2048.8
1366950 2052.6
1366960 2052.6
1366970 2056.0
1366980 2059.1
1366990 2059.1
1367000 2061.6
1367010 2063.3
1367020 2063.3
1367030 2066.3
1367040 2069.4
1367050 2072.6
1367060 2072.6
1367070 2075.1
1367080 2075.2
1367090 2075.2
1367100 2074.8
1367110 2074.2
1367120 2074.2
1367130 2073.5
1367140 2069.9
1367150 2069.9
1367160 2063.7
1367170 2057.8
1367180 2057.8
1367190 2052.9
1367200 2047.8
1367210 2047.8
1367220 2044.3
1367230 2039.7
1367240 2039.7
1367250 2035.1
1367260 2030.6
1367270 2030.6
1367280 2025.6
1367290 2020.4
1367300 2020.4
1367310 2015.7
1367320 2011.8
1367330 2007.3
1367340 2007.3
1367350 2003.3
1367360 1999.8
1367370 1999.8
1367380 1996.7
1367390 1991.2
1367400 1991.2
1367410 1991.1
1367420 1990.4
1367430 1990.4
1367440 1990.0
1367450 1989.8
1367460 1989.8
1367470 1989.3
1367480 1988.8
1367490 1988.8
1367500 1989.3
1367510 1991.1
1367520 1991.1
1367530 1992.6
1367540 1994.5
1367550 1994.5
1367560 1997.5
1367570 2001.0
1367580 2004.5
1367590 2004.5
1367600 2008.3
1367610 2011.8
1367620 2011.8
1367630 2013.9
1367640 2016.2
1367650 2016.2
1367660 2018.7
1367670 2021.3
1367680 2021.3
1367690 2024.0
1367700 2026.6
1367710 2026.6
1367720 2028.0
1367730 2028.6
1367740 2028.6
1367750 2029.0
1367760 2029.9
1367770 2029.9
1367780 2031.1
1367790 2032.0
1367800 2032.0
1367810 2033.4
1367820 2034.9
1367830 2034.9
1367840 2036.9
1367850 2039.0
1367860 2041.0
1367870 2041.0
1367880 2042.8
1367890 2043.7
1367900 2043.7
1367910 2043.4
1367920 2042.0
1367930 2042.0
1367940 2039.1
1367950 2033.2
1367960 2033.2
1367970 2028.0
1367980 2023.3
1367990 2023.3
1368000 2019.1
1368010 2013.9
1368020 2013.9
1368030 2007.4
1368040 2000.5
1368050 2000.5
1368060 1993.5
1368070 1986.8
1368080 1986.8
1368090 1980.8
1368100 1974.8
1368110 1969.9
1368120 1969.9
1368130 1969.5
1368140 1969.4
1368150 1969.4
1368160 1966.9
1368170 1962.9
1368180 1962.9
1368190 1959.2
1368200 1954.6
1368210 1954.6
1368220 1952.0
1368230 1951.5
1368240 1951.5
1368250 1950.0
1368260 1949.7
1368270 1949.7
1368280 1949.9
1368290 1947.1
1368300 1947.1
1368310 1943.4
1368320 1940.6
1368330 1940.6
1368340 1941.8
1368350 1941.8
1368360 1939.6
1368370 1939.6
1368380 1939.3
1368390 1941.3
1368400 1941.3
1368410 1943.6
1368420 1944.6
1368430 1944.6
1368440 1946.0
1368450 1947.4
1368460 1947.4
1368470 1948.2
1368480 1942.4
1368490 1942.4
1368500 1944.2
1368510 1946.2
1368520 1946.2
1368530 1947.1
1368540 1946.7
1368550 1946.7
1368560 1946.5
1368570 1948.2
1368580 1948.2
1368590 1950.8
1368600 1953.2
1368610 1953.2
1368620 1956.3
1368630 1959.8
1368640 1963.5
1368650 1963.5
1368660 1967.4
1368670 1971.2
1368680 1971.2
1368690 1975.3
1368700 1978.6
1368710 1978.6
1368720 1981.1
1368730 1983.4
1368740 1983.4
1368750 1985.0
1368760 1985.8
1368770 1985.8
1368780 1986.1
1368790 1985.8
1368800 1985.8
1368810 1984.8
1368820 1983.6
1368830 1983.6
1368840 1982.1
1368850 1980.2
1368860 1980.2
1368870 1977.4
1368880 1975.4
1368890 1973.1
1368900 1973.1
1368910 1971.4
1368920 1969.4
1368930 1969.4
1368940 1967.2
1368950 1965.3
1368960 1965.3
1368970 1963.2
1368980 1960.6
1368990 1960.6
1369000 1958.4
1369010 1956.4
1369020 1956.4
1369030 1954.5
1369040 1952.6
1369050 1952.6
1369060 1951.1
1369070 1948.7
1369080 1948.7
1369090 1944.4
1369100 1941.8
1369110 1941.8
1369120 1938.6
1369130 1934.0
1369140 1934.0
1369150 1928.9
1369160 1923.6
1369170 1919.5
1369180 1919.5
1369190 1915.9
1369200 1913.0
1369210 1913.0
1369220 1910.4
1369230 1907.5
1369240 1907.5
1369250 1905.1
1369260 1903.2
1369270 1903.2
1369280 1900.0
1369290 1895.7
1369300 1895.7
1369310 1892.2
1369320 1889.3
1369330 1889.3
1369340 1886.8
1369350 1883.3
1369360 1883.3
1369370 1879.2
1369380 1873.5
1369390 1873.5
1369400 1868.5
1369410 1864.2
1369420 1860.9
1369430 1860.9
1369440 1857.4
1369450 1853.5
1369460 1853.5
1369470 1849.3
1369480 1845.0
1369490 1845.0
1369500 1839.7
1369510 1832.6
1369520 1832.6
1369530 1824.8
1369540 1820.7
1369550 1820.7
1369560 1815.3
1369570 1808.3
1369580 1811.2
1369590 1803.4
1369600 1796.5
1369610 1796.5
1369620 1793.1
1369630 1793.1
1369640 1793.1
1369650 1792.3
1369660 1792.2
1369670 1792.2
1369680 1788.6
1369690 1787.3
1369700 1785.3
1369710 1785.3
1369720 1784.9
1369730 1784.8
1369740 1784.8
1369750 1782.4
1369760 1779.7
1369770 1779.7
1369780 1782.1
1369790 1784.5
1369800 1784.5
1369810 1786.8
1369820 1788.0
1369830 1788.0
1369840 1789.6
1369850 1790.4
1369860 1790.4
1369870 1792.0
1369880 1794.7
1369890 1794.7
1369900 1796.9
1369910 1798.6
1369920 1798.6
1369930 1800.1
1369940 1801.1
1369950 1802.1
1369960 1802.1
1369970 1802.9
1369980 1803.2
1369990 1803.2
1370000 1802.9
1370010 1802.2
1370020 1802.2
1370030 1801.4
1370040 1799.8
1370050 1799.8
1370060 1798.0
1370070 1795.6
1370080 1795.6
1370090 1791.7
1370100 1788.0
1370110 1788.0
1370120 1786.5
1370130 1784.9
1370140 1784.9
1370150 1781.6
1370160 1779.1
1370170 1779.1
1370180 1776.7
1370190 1774.2
1370200 1770.5
1370210 1770.5
1370220 1767.1
1370230 1764.0
1370240 1764.0
1370250 1761.1
1370260 1757.6
1370270 1757.6
1370280 1754.5
1370290 1752.1
1370300 1752.1
1370310 1750.1
1370320 1747.9
1370330 1747.9
1370340 1745.6
1370350 1743.2
1370360 1743.2
1370370 1740.4
1370380 1736.7
1370390 1736.7
1370400 1733.8
1370410 1731.6
1370420 1731.6
1370430 1728.2
1370440 1725.8
1370450 1725.8
1370460 1723.2
1370470 1720.0
1370480 1714.6
1370490 1714.6
1370500 1710.7
1370510 1708.7
1370520 1708.7
1370530 1705.0
1370540 1698.4
1370550 1698.4
1370560 1694.1
1370570 1692.4
1370580 1692.4
1370590 1692.1
1370600 1690.9
1370610 1690.9
1370620 1686.4
1370630 1682.3
1370640 1682.3
1370650 1677.7
1370660 1673.7
1370670 1673.7
1370680 1671.7
1370690 1663.4
1370700 1663.4
1370710 1660.2
1370720 1656.8
1370730 1653.1
1370740 1653.1
1370750 1650.4
1370760 1647.8
1370770 1647.8
1370780 1645.6
1370790 1641.9
1370800 1641.9
1370810 1637.6
1370820 1633.7
1370830 1633.7
1370840 1630.6
1370850 1628.2
1370860 1628.2
1370870 1625.0
1370880 1620.9
1370890 1620.9
1370900 1616.6
1370910 1613.2
1370920 1613.2
1370930 1608.6
1370940 1603.5
1370950 1603.5
1370960 1598.4
1370970 1594.1
1370980 1594.1
1370990 1589.3
1371000 1584.7
1371010 1579.3
1371020 1579.3
1371030 1573.1
1371040 1568.8
1371050 1568.8
1371060 1565.9
1371070 1562.6
1371080 1562.6
1371090 1558.8
1371100 1556.3
1371110 1556.3
1371120 1553.7
1371130 1548.9
1371140 1548.9
1371150 1546.0
1371160 1545.6
1371170 1545.6
1371180 1545.0
1371190 1543.3
1371200 1543.3
1371210 1541.1
1371220 1537.1
1371230 1537.1
1371240 1532.9
1371250 1529.2
1371260 1525.1
1371270 1525.1
1371280 1523.7
1371290 1524.0
1371300 1524.0
1371310 1524.8
1371320 1525.0
1371330 1525.0
1371340 1523.7
1371350 1522.9
1371360 1522.9
1371370 1521.9
1371380 1520.4
1371390 1520.4
1371400 1517.8
1371410 1514.4
1371420 1514.4
1371430 1511.7
1371440 1509.0
1371450 1509.0
1371460 1505.4
1371470 1502.3
1371480 1502.3
1371490 1499.3
1371500 1496.3
1371510 1494.2
1371520 1494.2
1371530 1491.3
1371540 1487.2
1371550 1487.2
1371560 1482.1
1371570 1475.7
1371580 1475.7
1371590 1467.6
1371600 1464.0
1371610 1464.0
1371620 1456.0
1371630 1450.7
1371640 1450.7
1371650 1448.8
1371660 1446.1
1371670 1446.1
1371680 1442.2
1371690 1441.6
1371700 1441.6
1371710 1441.5
1371720 1440.7
1371730 1440.7
1371740 1440.9
1371750 1440.3
1371760 1440.3
1371770 1439.1
1371780 1432.9
1371790 1425.5
1371800 1425.5
1371810 1421.4
1371820 1413.2
1371830 1413.2
1371840 1413.1
1371850 1413.2
1371860 1413.2
1371870 1413.7
1371880 1414.2
1371890 1414.2
1371900 1415.2
1371910 1415.6
1371920 1415.6
1371930 1415.0
1371940 1414.3
1371950 1414.3
1371960 1413.3
1371970 1412.1
1371980 1412.1
1371990 1412.3
1372000 1413.3
1372010 1413.3
1372020 1413.1
1372030 1414.1
1372040 1414.2
1372050 1414.2
1372060 1411.4
1372070 1405.7
1372080 1405.7
1372090 1399.2
1372100 1391.5
1372110 1391.5
1372120 1380.3
1372130 1372.8
1372140 1372.8
1372150 1362.1
1372160 1353.3
1372170 1353.3
1372180 1350.1
1372190 1355.2
1372200 1355.2
1372210 1357.7
1372220 1355.6
1372230 1355.6
1372240 1351.8
1372250 1350.6
1372260 1350.6
1372270 1354.2
1372280 1355.0
1372290 1355.0
1372300 1355.2
1372310 1354.7
1372320 1353.2
1372330 1353.2
1372340 1351.6
1372350 1350.1
1372360 1350.1
1372370 1348.4
1372380 1345.8
1372390 1345.8
1372400 1344.2
1372410 1344.4
1372420 1344.4
1372430 1344.8
1372440 1347.4
1372450 1347.4
1372460 1350.8
1372470 1354.0
1372480 1354.0
1372490 1356.5
1372500 1356.2
1372510 1356.2
1372520 1355.5
1372530 1354.5
1372540 1354.5
1372550 1351.9
1372560 1348.4
1372570 1344.7
1372580 1344.7
1372590 1340.9
1372600 1337.7
1372610 1337.7
1372620 1335.6
1372630 1336.4
1372640 1336.4
1372650 1338.5
1372660 1339.8
1372670 1339.8
1372680 1340.0
1372690 1339.9
1372700 1339.9
1372710 1340.5
1372720 1341.4
1372730 1341.4
1372740 1341.7
1372750 1342.6
1372760 1342.6
1372770 1344.2
1372780 1345.4
1372790 1345.4
1372800 1345.1
1372810 1344.7
1372820 1344.7
1372830 1346.4
1372840 1344.4
1372850 1342.8
1372860 1342.8
1372870 1340.9
1372880 1339.3
1372890 1339.3
1372900 1343.2
1372910 1345.0
1372920 1345.0
1372930 1341.5
1372940 1337.8
1372950 1333.5
1372960 1329.7
1372970 1327.1
1372980 1327.1
1372990 1328.0
1373000 1332.2
1373010 1332.2
1373020 1333.3
1373030 1332.7
1373040 1332.7
1373050 1330.8
1373060 1329.6
1373070 1329.6
1373080 1327.5
1373090 1325.8
1373100 1325.3
1373110 1325.3
1373120 1323.9
1373130 1320.4
1373140 1320.4
1373150 1317.4
1373160 1312.6
1373170 1312.6
1373180 1308.0
1373190 1303.5
1373200 1303.5
1373210 1297.5
1373220 1290.1
1373230 1290.1
1373240 1283.1
1373250 1276.7
1373260 1276.7
1373270 1270.2
1373280 1264.7
1373290 1264.7
1373300 1260.2
1373310 1254.2
1373320 1254.2
1373330 1245.4
1373340 1240.2
1373350 1242.6
1373360 1242.6
1373370 1242.8
1373380 1242.1
1373390 1242.1
1373400 1239.4
1373410 1235.9
1373420 1235.9
1373430 1232.3
1373440 1229.4
1373450 1229.4
1373460 1227.2
1373470 1225.7
1373480 1225.7
1373490 1223.8
1373500 1222.3
1373510 1222.3
1373520 1221.3
1373530 1220.6
1373540 1220.6
1373550 1219.0
1373560 1216.1
1373570 1216.1
1373580 1212.1
1373590 1206.8
1373600 1206.8
1373610 1200.8
1373620 1194.4
1373630 1187.4
1373640 1187.4
1373650 1180.1
1373660 1176.2
1373670 1176.2
1373680 1172.2
1373690 1166.2
1373700 1166.2
1373710 1156.1
1373720 1145.8
1373730 1145.8
1373740 1134.0
1373750 1120.8
1373760 1120.8
1373770 1113.1
1373780 1113.1
1373790 1113.1
1373800 1123.5
1373810 1124.1
1373820 1124.1
1373830 1117.7
1373840 1109.8
1373850 1109.8
1373860 1103.3
1373870 1096.6
1373880 1090.4
1373890 1090.4
1373900 1088.5
1373910 1085.3
1373920 1085.3
1373930 1082.1
1373940 1081.1
1373950 1081.1
1373960 1080.4
1373970 1079.6
1373980 1079.6
1373990 1078.2
1374000 1075.8
1374010 1075.8
1374020 1073.3
1374030 1071.7
1374040 1071.7
1374050 1071.3
1374060 1070.5
1374070 1070.5
1374080 1068.3
1374090 1071.1
1374100 1068.8
1374110 1068.6
1374120 1067.9
1374130 1067.9
1374140 1067.7
1374150 1067.5
1374160 1065.8
1374170 1065.8
1374180 1062.4
1374190 1059.4
1374200 1059.4
1374210 1057.2
1374220 1055.3
1374230 1055.3
1374240 1055.8
1374250 1057.6
1374260 1057.6
1374270 1059.2
1374280 1059.6
1374290 1059.6
1374300 1059.9
1374310 1059.5
1374320 1059.5
1374330 1060.4
1374340 1062.6
1374350 1062.6
1374360 1067.0
1374370 1071.7
1374380 1071.7
1374390 1075.1
1374400 1073.5
1374410 1063.2
1374420 1063.2
1374430 1051.0
1374440 1044.3
1374450 1044.3
1374460 1038.3
1374470 1033.9
1374480 1033.9
1374490 1029.9
1374500 1025.7
1374510 1025.7
1374520 1023.2
1374530 1021.8
1374540 1021.8
1374550 1019.8
1374560 1017.2
1374570 1017.2
1374580 1014.2
1374590 1011.0
1374600 1011.0
1374610 1007.8
1374620 1002.4
1374630 1002.4
1374640 998.5
1374650 997.5
1374660 995.8
1374670 995.8
1374680 993.3
1374690 991.1
1374700 991.1
1374710 987.1
1374720 982.3
1374730 982.3
1374740 978.4
1374750 976.7
1374760 976.7
1374770 979.0
1374780 979.0
1374790 979.0
1374800 977.8
1374810 978.0
1374820 978.0
1374830 978.6
1374840 978.2
1374850 978.2
1374860 977.9
1374870 977.6
1374880 977.6
1374890 978.8
1374900 980.9
1374910 980.9
1374920 981.7
1374930 982.2
1374940 982.4
1374950 982.4
1374960 981.4
1374970 980.3
1374980 980.3
1374990 979.6
1375000 975.9
1375010 975.9
1375020 972.1
1375030 971.5
1375040 971.5
1375050 972.3
1375060 972.6
1375070 972.6
1375080 972.2
1375090 971.9
1375100 971.9
1375110 971.2
1375120 968.6
1375130 968.6
1375140 966.3
1375150 965.1
1375160 965.1
1375170 963.9
1375180 962.9
1375190 962.4
1375200 962.4
1375210 960.3
1375220 958.8
1375230 958.8
1375240 958.6
1375250 957.1
1375260 950.6
1375270 949.3
1375280 947.6
1375290 947.6
1375300 945.6
1375310 944.4
1375320 944.4
1375330 944.0
1375340 942.5
1375350 942.5
1375360 940.0
1375370 939.1
1375380 939.1
1375390 939.3
1375400 937.7
1375410 937.7
1375420 936.0
1375430 934.0
1375440 934.0
1375450 932.7
1375460 931.4
1375470 930.1
1375480 930.1
1375490 928.3
1375500 926.3
1375510 926.3
1375520 924.4
1375530 923.1
1375540 923.1
1375550 921.9
1375560 920.8
1375570 920.8
1375580 919.6
1375590 918.5
1375600 918.5
1375610 917.7
1375620 916.9
1375630 916.9
1375640 915.8
1375650 913.7
1375660 913.7
1375670 910.8
1375680 908.0
1375690 908.0
1375700 905.8
1375710 904.6
1375720 903.9
1375730 903.9
1375740 900.9
1375750 897.1
1375760 897.1
1375770 891.4
1375780 886.6
1375790 886.6
1375800 888.4
1375810 890.8
1375820 890.8
1375830 886.0
1375840 884.8
1375850 884.8
1375860 882.8
1375870 883.8
1375880 883.8
1375890 883.7
1375900 881.9
1375910 881.9
1375920 880.7
1375930 879.3
1375940 879.3
1375950 879.5
1375960 878.8
1375970 878.8
1375980 876.9
1375990 874.9
1376000 873.2
1376010 873.2
1376020 872.2
1376030 871.5
1376040 871.5
1376050 871.4
1376060 870.3
1376070 870.3
1376080 869.1
1376090 868.0
1376100 868.0
1376110 867.0
1376120 866.8
1376130 866.8
1376140 866.0
1376150 864.9
1376160 864.9
1376170 863.6
1376180 862.9
1376190 862.9
1376200 863.6
1376210 863.9
1376220 863.9
1376230 863.4
1376240 863.5
1376250 863.6
1376260 863.6
1376270 863.7
1376280 864.0
1376290 864.0
1376300 864.2
1376310 864.1
1376320 864.1
1376330 864.0
1376340 863.8
1376350 863.8
1376360 864.0
1376370 864.6
1376380 864.6
1376390 865.6
1376400 868.1
1376410 868.1
1376420 869.7
1376430 867.0
1376440 867.0
1376450 866.7
1376460 866.1
1376470 866.1
1376480 866.3
1376490 865.9
1376500 865.4
1376510 865.4
1376520 865.9
1376530 866.7
1376540 866.7
1376550 867.3
1376560 867.4
1376570 867.4
1376580 865.9
1376590 863.4
1376600 863.4
1376610 861.1
1376620 860.3
1376630 860.3
1376640 860.9
1376650 861.8
1376660 861.8
1376670 859.9
1376680 857.8
1376690 857.8
1376700 856.2
1376710 854.6
1376720 854.6
1376730 853.9
1376740 853.5
1376750 853.5
1376760 853.2
1376770 853.1
1376780 853.3
1376790 853.3
1376800 853.3
1376810 852.7
1376820 852.7
1376830 851.6
1376840 851.3
1376850 851.3
1376860 851.5
1376870 851.6
1376880 851.6
1376890 851.6
1376900 851.3
1376910 851.3
1376920 851.8
1376930 849.7
1376940 849.7
1376950 847.5
1376960 851.0
1376970 851.0
1376980 851.9
1376990 852.3
1377000 852.3
1377010 851.9
1377020 850.7
1377030 847.7
1377040 847.7
1377050 845.9
1377060 844.4
1377070 844.4
1377080 844.0
1377090 843.8
1377100 843.8
1377110 843.5
1377120 843.6
1377130 843.6
1377140 843.6
1377150 843.3
1377160 843.3
1377170 843.3
1377180 842.9
1377190 842.9
1377200 842.1
1377210 840.5
1377220 840.5
1377230 838.3
1377240 836.7
1377250 836.7
1377260 835.3
1377270 834.4
1377280 834.4
1377290 833.8
1377300 833.8
1377310 833.5
1377320 833.5
1377330 832.7
1377340 832.7
1377350 832.7
1377360 832.8
1377370 832.9
1377380 832.9
1377390 833.2
1377400 833.8
1377410 833.8
1377420 834.4
1377430 834.7
1377440 834.7
1377450 834.4
1377460 832.8
1377470 832.8
1377480 831.4
1377490 830.4
1377500 830.4
1377510 830.3
1377520 830.3
1377530 830.3
1377540 830.7
1377550 830.8
1377560 830.0
1377570 830.0
1377580 829.5
1377590 827.8
1377600 827.8
1377610 827.0
1377620 827.3
1377630 827.3
1377640 829.4
1377650 829.5
1377660 829.5
1377670 829.5
1377680 829.2
1377690 829.2
1377700 828.4
1377710 827.9
1377720 827.9
1377730 827.6
1377740 827.2
1377750 827.2
1377760 827.0
1377770 826.8
1377780 826.8
1377790 826.4
1377800 825.8
1377810 825.2
1377820 825.2
1377830 825.0
1377840 824.8
1377850 824.8
1377860 823.8
1377870 824.0
1377880 824.0
1377890 824.1
1377900 823.7
1377910 823.7
1377920 822.9
1377930 822.6
1377940 822.6
1377950 822.3
1377960 821.3
1377970 821.3
1377980 820.8
1377990 820.5
1378000 820.5
1378010 820.3
1378020 820.1
1378030 820.1
1378040 819.9
1378050 819.6
1378060 819.6
1378070 819.3
1378080 819.1
1378090 818.8
1378100 818.8
1378110 818.7
1378120 818.6
1378130 818.6
1378140 818.5
1378150 818.3
1378160 818.3
1378170 818.1
1378180 817.7
1378190 817.7
1378200 817.3
1378210 817.1
1378220 817.1
1378230 817.1
1378240 816.9
1378250 816.9
1378260 816.8
1378270 816.5
1378280 816.5
1378290 816.2
1378300 815.8
1378310 815.8
1378320 815.6
1378330 815.3
1378340 815.0
1378350 815.0
1378360 814.6
1378370 814.2
1378380 814.2
1378390 813.9
1378400 813.7
1378410 813.7
1378420 813.4
1378430 813.0
1378440 813.0
1378450 812.8
1378460 812.5
1378470 812.5
1378480 812.2
1378490 812.0
1378500 812.0
1378510 811.8
1378520 811.4
1378530 811.4
1378540 811.2
1378550 811.0
1378560 811.0
1378570 810.8
1378580 810.7
1378590 810.7
1378600 810.5
1378610 810.2
1378620 810.0
1378630 810.0
1378640 809.8
1378650 809.6
1378660 809.6
1378670 809.4
1378680 809.1
1378690 809.1
1378700 809.0
1378710 808.7
1378720 808.7
1378730 808.5
1378740 808.2
1378750 808.2
1378760 808.0
1378770 807.9
1378780 807.9
1378790 807.7
1378800 807.6
1378810 807.8
1378820 807.6
1378830 807.4
1378840 807.4
1378850 807.1
1378860 806.7
1378870 806.3
1378880 806.3
1378890 805.7
1378900 805.3
1378910 805.3
1378920 805.2
1378930 805.1
1378940 805.1
1378950 805.0
1378960 805.1
1378970 805.1
1378980 805.2
1378990 804.9
1379000 804.9
1379010 804.7
1379020 804.4
1379030 804.4
1379040 804.3
1379050 804.2
1379060 804.2
1379070 804.1
1379080 804.1
1379090 804.1
1379100 804.0
1379110 804.0
1379120 803.9
1379130 803.9
1379140 803.9
1379150 803.8
1379160 803.8
1379170 803.8
1379180 803.8
1379190 803.8
1379200 803.8
1379210 803.7
1379220 803.7
1379230 803.7
1379240 803.7
1379250 803.7
1379260 803.5
1379270 803.5
1379280 803.5
1379290 804.0
1379300 804.9
1379310 804.9
1379320 806.1
1379330 807.0
1379340 807.0
1379350 807.6
1379360 807.8
1379370 807.8
1379380 807.8
1379390 807.4
1379400 806.5
1379410 806.5
1379420 805.4
1379430 804.3
1379440 804.3
1379450 803.9
1379460 803.6
1379470 803.6
1379480 803.6
1379490 803.6
1379500 803.6
1379510 803.6
1379520 803.5
1379530 803.5
1379540 803.4
1379550 803.5
1379560 803.5
1379570 803.5
1379580 803.5
1379590 803.5
1379600 803.4
1379610 803.4
1379620 803.4
1379630 803.4
1379640 803.4
1379650 803.4
1379660 803.4
1379670 803.4
1379680 803.3
1379690 803.3
1379700 803.3
1379710 803.3
1379720 803.3
1379730 803.3
1379740 803.3
1379750 803.3
1379760 803.3
1379770 803.3
1379780 803.3
1379790 803.2
1379800 803.3
1379810 803.3
1379820 803.3
1379830 803.3
1379840 803.3
1379850 803.2
1379860 803.2
1379870 803.2
1379880 803.2
1379890 803.3
1379900 803.3
1379910 803.3
1379920 804.7
1379930 807.0
1379940 807.0
1379950 806.9
1379960 806.8
1379970 806.8
1379980 805.9
1379990 805.6
