1360000 1604.4
1360010 1598.9
1360020 1598.9
1360030 1593.2
1360040 1587.4
1360050 1587.4
1360060 1581.1
1360070 1573.7
1360080 1573.7
1360090 1566.3
1360100 1558.5
1360110 1550.8
1360120 1550.8
1360130 1543.7
1360140 1537.0
1360150 1537.0
1360160 1531.2
1360170 1525.8
1360180 1525.8
1360190 1520.5
1360200 1516.1
1360210 1516.1
1360220 1512.4
1360230 1509.0
1360240 1509.0
1360250 1505.5
1360260 1501.9
1360270 1501.9
1360280 1499.1
1360290 1496.4
1360300 1496.4
1360310 1492.3
1360320 1488.3
1360330 1488.3
1360340 1485.3
1360350 1481.9
1360360 1481.9
1360370 1477.9
1360380 1476.5
1360390 1475.8
1360400 1475.8
1360410 1475.8
1360420 1477.0
1360430 1477.0
1360440 1477.1
1360450 1477.0
1360460 1477.0
1360470 1479.1
1360480 1482.6
1360490 1482.6
1360500 1490.5
1360510 1498.8
1360520 1498.8
1360530 1506.5
1360540 1512.8
1360550 1512.8
1360560 1519.6
1360570 1525.5
1360580 1525.5
1360590 1530.5
1360600 1534.5
1360610 1534.5
1360620 1539.6
1360630 1545.8
1360640 1549.5
1360650 1549.5
1360660 1554.8
1360670 1559.7
1360680 1559.7
1360690 1565.2
1360700 1571.4
1360710 1571.4
1360720 1577.3
1360730 1581.9
1360740 1581.9
1360750 1587.0
1360760 1593.1
1360770 1593.1
1360780 1598.7
1360790 1602.8
1360800 1602.8
1360810 1607.7
1360820 1614.3
1360830 1614.3
1360840 1621.3
1360850 1627.6
1360860 1627.6
1360870 1635.3
1360880 1642.5
1360890 1642.5
1360900 1648.6
1360910 1655.6
1360920 1661.0
1360930 1661.0
1360940 1665.6
1360950 1672.2
1360960 1672.2
1360970 1677.4
1360980 1681.6
1360990 1681.6
1361000 1688.7
1361010 1696.6
1361020 1696.6
1361030 1702.5
1361040 1707.5
1361050 1707.5
1361060 1712.4
1361070 1715.9
1361080 1715.9
1361090 1720.9
1361100 1725.4
1361110 1725.4
1361120 1729.5
1361130 1734.3
1361140 1734.3
1361150 1740.0
1361160 1745.7
1361170 1751.9
1361180 1751.9
1361190 1758.4
1361200 1764.8
1361210 1764.8
1361220 1770.3
1361230 1776.5
1361240 1776.5
1361250 1781.1
1361260 1785.5
1361270 1785.5
1361280 1790.9
1361290 1797.6
1361300 1797.6
1361310 1804.8
1361320 1811.7
1361330 1811.7
1361340 1819.0
1361350 1828.8
1361360 1828.8
1361370 1835.1
1361380 1841.0
1361390 1841.0
1361400 1846.2
1361410 1850.6
1361420 1850.6
1361430 1855.0
1361440 1858.3
1361450 1861.5
1361460 1861.5
1361470 1864.6
1361480 1867.6
1361490 1867.6
1361500 1871.2
1361510 1875.4
1361520 1875.4
1361530 1880.4
1361540 1885.1
1361550 1885.1
1361560 1890.4
1361570 1895.5
1361580 1895.5
1361590 1898.7
1361600 1901.6
1361610 1901.6
1361620 1904.7
1361630 1909.1
1361640 1909.1
1361650 1914.8
1361660 1922.9
1361670 1922.1
1361680 1928.2
1361690 1934.5
1361700 1941.0
1361710 1941.0
1361720 1942.5
1361730 1942.7
1361740 1942.7
1361750 1946.6
1361760 1947.3
1361770 1947.3
1361780 1948.3
1361790 1953.4
1361800 1953.4
1361810 1958.8
1361820 1963.3
1361830 1963.3
1361840 1967.6
1361850 1972.6
1361860 1972.6
1361870 1976.1
1361880 1977.7
1361890 1977.7
1361900 1979.4
1361910 1981.6
1361920 1981.6
1361930 1984.5
1361940 1987.3
1361950 1987.3
1361960 1989.8
1361970 1991.8
1361980 1995.3
1361990 1995.3
1362000 1997.4
1362010 1999.3
1362020 1999.3
1362030 2002.5
1362040 2005.3
1362050 2005.3
1362060 2008.6
1362070 2009.8
1362080 2009.8
1362090 2009.9
1362100 2010.2
1362110 2010.2
1362120 2010.3
1362130 2012.1
1362140 2012.1
1362150 2012.2
1362160 2011.4
1362170 2011.4
1362180 2017.1
1362190 2025.3
1362200 2025.3
1362210 2033.0
1362220 2040.7
1362230 2047.0
1362240 2047.0
1362250 2052.0
1362260 2057.3
1362270 2057.3
1362280 2062.0
1362290 2067.4
1362300 2067.4
1362310 2073.7
1362320 2079.3
1362330 2079.3
1362340 2086.2
1362350 2094.8
1362360 2094.8
1362370 2105.5
1362380 2118.6
1362390 2118.6
1362400 2131.9
1362410 2142.1
1362420 2142.1
1362430 2143.5
1362440 2136.7
1362450 2136.7
1362460 2132.9
1362470 2127.3
1362480 2127.3
1362490 2120.2
1362500 2112.2
1362510 2105.7
1362520 2105.7
1362530 2100.9
1362540 2096.8
1362550 2096.8
1362560 2092.2
1362570 2086.9
1362580 2086.9
1362590 2081.0
1362600 2075.6
1362610 2075.6
1362620 2071.4
1362630 2067.7
1362640 2067.7
1362650 2064.2
1362660 2060.9
1362670 2060.9
1362680 2058.8
1362690 2058.7
1362700 2058.7
1362710 2054.4
1362720 2054.4
1362730 2054.4
1362740 2054.1
1362750 2054.3
1362760 2054.4
1362770 2054.4
1362780 2052.6
1362790 2050.2
1362800 2050.2
1362810 2046.8
1362820 2044.1
1362830 2044.1
1362840 2042.4
1362850 2041.2
1362860 2041.2
1362870 2039.3
1362880 2036.2
1362890 2036.2
1362900 2031.0
1362910 2025.5
1362920 2025.5
1362930 2021.3
1362940 2016.6
1362950 2016.6
1362960 2012.1
1362970 2008.1
1362980 2008.1
1362990 2003.7
1363000 1999.6
1363010 1999.6
1363020 1996.0
1363030 1992.9
1363040 1990.5
1363050 1990.5
1363060 1988.7
1363070 1987.0
1363080 1987.0
1363090 1984.4
1363100 1980.8
1363110 1980.8
1363120 1976.9
1363130 1972.2
1363140 1972.2
1363150 1967.1
1363160 1961.3
1363170 1961.3
1363180 1956.8
1363190 1953.2
1363200 1953.2
1363210 1949.5
1363220 1945.5
1363230 1945.5
1363240 1941.6
1363250 1938.0
1363260 1938.0
1363270 1934.8
1363280 1932.3
1363290 1928.8
1363300 1928.8
1363310 1924.7
1363320 1920.4
1363330 1920.4
1363340 1917.7
1363350 1914.5
1363360 1914.5
1363370 1911.6
1363380 1909.3
1363390 1909.3
1363400 1906.2
1363410 1902.2
1363420 1902.2
1363430 1898.8
1363440 1895.7
1363450 1895.7
1363460 1891.6
1363470 1887.9
1363480 1887.9
1363490 1883.0
1363500 1878.3
1363510 1878.3
1363520 1876.0
1363530 1872.4
1363540 1872.4
1363550 1868.6
1363560 1865.5
1363570 1862.9
1363580 1862.9
1363590 1860.4
1363600 1857.7
1363610 1857.7
1363620 1854.8
1363630 1852.4
1363640 1852.4
1363650 1850.5
1363660 1848.1
1363670 1848.1
1363680 1845.3
1363690 1841.3
1363700 1841.3
1363710 1836.7
1363720 1831.9
1363730 1831.9
1363740 1827.1
1363750 1822.2
1363760 1821.1
1363770 1817.2
1363780 1812.8
1363790 1812.8
1363800 1808.1
1363810 1803.3
1363820 1798.1
1363830 1798.1
1363840 1792.4
1363850 1787.4
1363860 1787.4
1363870 1782.5
1363880 1776.7
1363890 1776.7
1363900 1770.2
1363910 1764.2
1363920 1764.2
1363930 1758.2
1363940 1749.5
1363950 1749.5
1363960 1740.7
1363970 1732.6
1363980 1732.6
1363990 1724.8
1364000 1717.4
1364010 1717.4
1364020 1710.1
1364030 1703.3
1364040 1703.3
1364050 1697.5
1364060 1692.3
1364070 1692.3
1364080 1686.5
1364090 1680.7
1364100 1676.0
1364110 1676.0
1364120 1669.9
1364130 1665.7
1364140 1665.7
1364150 1664.6
1364160 1666.0
1364170 1666.0
1364180 1673.9
1364190 1684.0
1364200 1684.0
1364210 1691.3
1364220 1697.6
1364230 1697.6
1364240 1701.6
1364250 1704.3
1364260 1704.3
1364270 1708.9
1364280 1715.4
1364290 1715.4
1364300 1722.0
1364310 1729.1
1364320 1729.1
1364330 1736.2
1364340 1742.8
1364350 1750.6
1364360 1750.6
1364370 1758.5
1364380 1767.0
1364390 1767.0
1364400 1776.3
1364410 1783.7
1364420 1783.7
1364430 1791.1
1364440 1798.5
1364450 1798.5
1364460 1803.4
1364470 1808.7
1364480 1808.7
1364490 1809.6
1364500 1812.9
1364510 1812.9
1364520 1819.9
1364530 1824.9
1364540 1824.9
1364550 1829.3
1364560 1836.4
1364570 1836.4
1364580 1842.7
1364590 1846.4
1364600 1846.4
1364610 1849.9
1364620 1853.7
1364630 1856.8
1364640 1856.8
1364650 1860.4
1364660 1865.7
1364670 1865.7
1364680 1870.8
1364690 1874.9
1364700 1874.9
1364710 1877.3
1364720 1878.5
1364730 1878.5
1364740 1880.1
1364750 1882.9
1364760 1882.9
1364770 1886.0
1364780 1889.3
1364790 1889.3
1364800 1893.1
1364810 1896.7
1364820 1897.1
1364830 1903.1
1364840 1909.4
1364850 1909.4
1364860 1915.4
1364870 1922.4
1364880 1930.7
1364890 1930.7
1364900 1939.4
1364910 1948.5
1364920 1948.5
1364930 1956.3
1364940 1962.7
1364950 1962.7
1364960 1969.5
1364970 1977.2
1364980 1977.2
1364990 1985.4
1365000 1992.4
1365010 1992.4
1365020 1998.8
1365030 2005.7
1365040 2005.7
1365050 2011.7
1365060 2019.0
1365070 2019.0
1365080 2027.3
1365090 2035.8
1365100 2035.8
1365110 2044.4
1365120 2053.0
1365130 2053.0
1365140 2061.0
1365150 2068.0
1365160 2074.6
1365170 2074.6
1365180 2078.9
1365190 2082.3
1365200 2082.3
1365210 2085.3
1365220 2086.1
1365230 2086.1
1365240 2086.4
1365250 2088.6
1365260 2088.6
1365270 2092.2
1365280 2097.3
1365290 2097.3
1365300 2101.3
1365310 2103.4
1365320 2103.4
1365330 2104.9
1365340 2106.9
1365350 2106.9
1365360 2108.5
1365370 2109.1
1365380 2109.1
1365390 2110.1
1365400 2110.2
1365410 2109.4
1365420 2109.4
1365430 2107.4
1365440 2106.4
1365450 2106.4
1365460 2106.3
1365470 2106.4
1365480 2106.4
1365490 2106.8
1365500 2105.8
1365510 2105.8
1365520 2103.6
1365530 2101.0
1365540 2101.0
1365550 2098.0
1365560 2095.8
1365570 2095.8
1365580 2093.1
1365590 2090.2
1365600 2090.2
1365610 2087.6
1365620 2084.8
1365630 2084.8
1365640 2081.8
1365650 2078.3
1365660 2078.3
1365670 2075.2
1365680 2072.4
1365690 2069.5
1365700 2069.5
1365710 2066.5
1365720 2062.8
1365730 2062.8
1365740 2059.4
1365750 2055.9
1365760 2055.9
1365770 2052.7
1365780 2049.1
1365790 2049.1
1365800 2046.8
1365810 2046.0
1365820 2046.0
1365830 2044.6
1365840 2043.0
1365850 2043.0
1365860 2041.4
1365870 2039.5
1365880 2039.5
1365890 2037.5
1365900 2035.6
1365910 2035.6
1365920 2033.8
1365930 2032.1
1365940 2029.7
1365950 2029.7
1365960 2027.3
1365970 2025.0
1365980 2025.0
1365990 2020.5
1366000 2016.6
1366010 2016.6
1366020 2013.8
1366030 2012.5
1366040 2012.5
1366050 2011.6
1366060 2009.9
1366070 2009.9
1366080 2007.5
1366090 2003.5
1366100 2003.5
1366110 1999.0
1366120 1994.5
1366130 1994.5
1366140 1990.7
1366150 1986.7
1366160 1986.7
1366170 1982.5
1366180 1977.4
1366190 1977.4
1366200 1972.0
1366210 1966.0
1366220 1958.7
1366230 1958.7
1366240 1952.2
1366250 1948.1
1366260 1948.1
1366270 1944.4
1366280 1940.3
1366290 1940.3
1366300 1937.1
1366310 1935.2
1366320 1935.2
1366330 1933.2
1366340 1931.2
1366350 1931.2
1366360 1928.5
1366370 1926.1
1366380 1926.1
1366390 1922.9
1366400 1919.5
1366410 1919.5
1366420 1915.9
1366430 1912.2
1366440 1912.2
1366450 1909.5
1366460 1906.8
1366470 1904.2
1366480 1904.2
1366490 1901.0
1366500 1898.4
1366510 1898.4
1366520 1895.9
1366530 1891.8
1366540 1891.8
1366550 1888.6
1366560 1887.0
1366570 1887.0
1366580 1883.4
1366590 1877.2
1366600 1877.2
1366610 1871.7
1366620 1867.7
1366630 1867.7
1366640 1864.5
1366650 1864.2
1366660 1864.2
1366670 1864.2
1366680 1864.3
1366690 1864.3
1366700 1863.1
1366710 1861.6
1366720 1861.6
1366730 1859.7
1366740 1858.1
1366750 1857.5
1366760 1857.5
1366770 1857.8
1366780 1857.3
1366790 1857.3
1366800 1855.8
1366810 1854.2
1366820 1854.2
1366830 1852.6
1366840 1853.0
1366850 1853.0
1366860 1854.1
1366870 1855.8
1366880 1855.8
1366890 1852.5
1366900 1852.0
1366910 1852.0
1366920 1852.8
1366930 1853.0
1366940 1853.0
1366950 1852.7
1366960 1853.6
1366970 1853.6
1366980 1852.5
1366990 1851.4
1367000 1850.3
1367010 1850.3
1367020 1848.6
1367030 1849.1
1367040 1849.1
1367050 1848.5
1367060 1847.3
1367070 1847.3
1367080 1846.0
1367090 1844.7
1367100 1844.7
1367110 1843.8
1367120 1847.4
1367130 1847.4
1367140 1847.7
1367150 1847.0
1367160 1847.0
1367170 1847.3
1367180 1846.7
1367190 1846.7
1367200 1846.7
1367210 1846.6
1367220 1846.6
1367230 1846.3
1367240 1844.8
1367250 1844.8
1367260 1843.1
1367270 1842.5
1367280 1843.1
1367290 1843.1
1367300 1842.0
1367310 1836.7
1367320 1836.7
1367330 1838.0
1367340 1836.1
1367350 1836.1
1367360 1831.3
1367370 1834.3
1367380 1834.3
1367390 1839.1
1367400 1840.0
1367410 1840.0
1367420 1840.6
1367430 1841.7
1367440 1841.7
1367450 1843.3
1367460 1844.9
1367470 1844.9
1367480 1846.5
1367490 1847.7
1367500 1847.7
1367510 1849.1
1367520 1851.0
1367530 1853.5
1367540 1853.5
1367550 1855.8
1367560 1857.8
1367570 1857.8
1367580 1859.8
1367590 1863.4
1367600 1863.4
1367610 1865.4
1367620 1868.6
1367630 1868.6
1367640 1869.0
1367650 1868.3
1367660 1868.3
1367670 1867.7
1367680 1867.2
1367690 1867.2
1367700 1866.2
1367710 1867.9
1367720 1867.9
1367730 1873.0
1367740 1877.0
1367750 1877.0
1367760 1880.7
1367770 1880.6
1367780 1880.6
1367790 1882.7
1367800 1885.0
1367810 1891.9
1367820 1891.9
1367830 1900.3
1367840 1902.6
1367850 1902.6
1367860 1904.1
1367870 1907.1
1367880 1907.1
1367890 1912.2
1367900 1916.2
1367910 1916.2
1367920 1919.0
1367930 1920.5
1367940 1920.5
1367950 1921.9
1367960 1923.5
1367970 1923.5
1367980 1927.8
1367990 1933.4
1368000 1933.4
1368010 1936.1
1368020 1937.9
1368030 1937.9
1368040 1939.7
1368050 1944.8
1368060 1947.7
1368070 1947.7
1368080 1949.8
1368090 1951.9
1368100 1951.9
1368110 1956.0
1368120 1962.0
1368130 1962.0
1368140 1965.1
1368150 1966.4
1368160 1966.4
1368170 1968.8
1368180 1973.0
1368190 1973.0
1368200 1978.7
1368210 1986.4
1368220 1986.4
1368230 1994.3
1368240 1999.0
1368250 1999.0
1368260 2001.9
1368270 2004.0
1368280 2004.0
1368290 2004.7
1368300 2004.3
1368310 2004.3
1368320 2002.5
1368330 2001.2
1368340 2000.4
1368350 2000.4
1368360 2000.3
1368370 2000.9
1368380 2000.9
1368390 2001.0
1368400 2001.1
1368410 2001.1
1368420 2001.9
1368430 2003.6
1368440 2003.6
1368450 2003.6
1368460 2003.7
1368470 2003.7
1368480 2004.0
1368490 2004.3
1368500 2004.3
1368510 2004.4
1368520 2004.8
1368530 2004.8
1368540 2005.5
1368550 2008.4
1368560 2008.4
1368570 2009.0
1368580 2010.7
1368590 2011.6
1368600 2011.6
1368610 2014.2
1368620 2018.2
1368630 2018.2
1368640 2023.6
1368650 2029.4
1368660 2029.4
1368670 2035.2
1368680 2041.1
1368690 2041.1
1368700 2047.2
1368710 2053.9
1368720 2053.9
1368730 2061.1
1368740 2068.6
1368750 2068.6
1368760 2076.8
1368770 2086.7
1368780 2086.7
1368790 2097.7
1368800 2107.1
1368810 2107.1
1368820 2114.6
1368830 2122.2
1368840 2122.2
1368850 2129.8
1368860 2136.9
1368870 2144.5
1368880 2144.5
1368890 2152.2
1368900 2159.6
1368910 2159.6
1368920 2166.7
1368930 2171.8
1368940 2171.8
1368950 2176.5
1368960 2179.2
1368970 2179.2
1368980 2178.4
1368990 2175.8
1369000 2175.8
1369010 2170.4
1369020 2165.7
1369030 2165.7
1369040 2159.3
1369050 2153.6
1369060 2153.6
1369070 2147.8
1369080 2142.1
1369090 2142.1
1369100 2137.1
1369110 2132.5
1369120 2130.0
1369130 2130.0
1369140 2126.4
1369150 2125.1
1369160 2125.1
1369170 2122.8
1369180 2121.1
1369190 2121.1
1369200 2119.5
1369210 2118.2
1369220 2118.2
1369230 2116.9
1369240 2115.9
1369250 2115.9
1369260 2114.6
1369270 2113.2
1369280 2113.2
1369290 2111.3
1369300 2107.5
1369310 2107.5
1369320 2103.2
1369330 2100.3
1369340 2100.3
1369350 2097.9
1369360 2095.9
1369370 2095.9
1369380 2093.7
1369390 2091.5
1369400 2089.2
1369410 2089.2
1369420 2086.1
1369430 2083.0
1369440 2083.0
1369450 2079.2
1369460 2075.9
1369470 2075.9
1369480 2072.5
1369490 2069.6
1369500 2069.6
1369510 2066.2
1369520 2062.4
1369530 2062.4
1369540 2060.9
1369550 2060.1
1369560 2060.1
1369570 2059.2
1369580 2058.1
1369590 2058.1
1369600 2056.7
1369610 2055.5
1369620 2055.5
1369630 2054.0
1369640 2052.5
1369650 2050.9
1369660 2050.9
1369670 2049.0
1369680 2047.4
1369690 2047.4
1369700 2045.3
1369710 2043.1
1369720 2043.1
1369730 2039.6
1369740 2036.4
1369750 2036.4
1369760 2032.9
1369770 2029.0
1369780 2029.0
1369790 2025.4
1369800 2026.2
1369810 2026.2
1369820 2026.7
1369830 2026.8
1369840 2026.8
1369850 2027.5
1369860 2027.3
1369870 2027.3
1369880 2026.6
1369890 2023.7
1369900 2023.7
1369910 2022.2
1369920 2022.4
1369930 2024.2
1369940 2024.2
1369950 2025.0
1369960 2025.5
1369970 2025.5
1369980 2025.7
1369990 2026.1
1370000 2026.1
1370010 2026.4
1370020 2026.1
1370030 2026.1
1370040 2026.3
1370050 2026.2
1370060 2026.2
1370070 2026.1
1370080 2026.1
1370090 2026.1
1370100 2026.1
1370110 2026.6
1370120 2026.6
1370130 2026.8
1370140 2026.5
1370150 2026.5
1370160 2025.8
1370170 2024.8
1370180 2023.8
1370190 2023.8
1370200 2023.2
1370210 2022.8
1370220 2022.8
1370230 2021.9
1370240 2020.4
1370250 2020.4
1370260 2021.8
1370270 2020.1
1370280 2020.1
1370290 2019.7
1370300 2019.1
1370310 2019.1
1370320 2018.2
1370330 2018.7
1370340 2018.7
1370350 2021.2
1370360 2023.1
1370370 2023.1
1370380 2024.0
1370390 2024.4
1370400 2024.4
1370410 2024.5
1370420 2024.3
1370430 2024.3
1370440 2024.1
1370450 2024.2
1370460 2024.8
1370470 2024.8
1370480 2025.7
1370490 2026.4
1370500 2026.4
1370510 2027.3
1370520 2028.9
1370530 2028.9
1370540 2030.8
1370550 2032.5
1370560 2032.5
1370570 2033.6
1370580 2034.8
1370590 2034.8
1370600 2036.3
1370610 2037.4
1370620 2037.4
1370630 2037.7
1370640 2037.1
1370650 2037.1
1370660 2036.9
1370670 2037.1
1370680 2037.1
1370690 2036.9
1370700 2036.4
1370710 2035.1
1370720 2035.1
1370730 2034.2
1370740 2033.2
1370750 2033.2
1370760 2031.3
1370770 2028.9
1370780 2028.9
1370790 2026.4
1370800 2023.3
1370810 2023.3
1370820 2020.0
1370830 2016.9
1370840 2016.9
1370850 2013.5
1370860 2009.3
1370870 2009.3
1370880 2005.2
1370890 2001.6
1370900 2001.6
1370910 1998.2
1370920 1995.6
1370930 1995.6
1370940 1993.9
1370950 1992.2
1370960 1992.2
1370970 1990.1
1370980 1987.6
1370990 1986.4
1371000 1986.4
1371010 1984.8
1371020 1982.3
1371030 1982.3
1371040 1979.6
1371050 1976.9
1371060 1976.9
1371070 1973.9
1371080 1971.8
1371090 1971.8
1371100 1970.3
1371110 1969.1
1371120 1969.1
1371130 1968.3
1371140 1967.9
1371150 1967.9
1371160 1968.0
1371170 1968.8
1371180 1968.8
1371190 1968.8
1371200 1968.7
1371210 1968.7
1371220 1968.3
1371230 1967.2
1371240 1966.5
1371250 1966.5
1371260 1965.7
1371270 1964.6
1371280 1964.6
1371290 1962.6
1371300 1960.3
1371310 1960.3
1371320 1958.2
1371330 1956.7
1371340 1956.7
1371350 1954.2
1371360 1951.7
1371370 1951.7
1371380 1943.4
1371390 1940.4
1371400 1940.4
1371410 1937.6
1371420 1935.1
1371430 1935.1
1371440 1931.4
1371450 1928.8
1371460 1928.8
1371470 1927.3
1371480 1925.2
1371490 1925.2
1371500 1923.0
1371510 1920.1
1371520 1918.3
1371530 1918.3
1371540 1915.9
1371550 1914.0
1371560 1914.0
1371570 1911.2
1371580 1907.3
1371590 1907.3
1371600 1904.1
1371610 1902.0
1371620 1902.0
1371630 1900.6
1371640 1900.7
1371650 1900.7
1371660 1901.1
1371670 1900.3
1371680 1900.3
1371690 1898.9
1371700 1898.0
1371710 1898.0
1371720 1897.1
1371730 1895.2
1371740 1895.2
1371750 1893.3
1371760 1891.9
1371770 1890.2
1371780 1890.2
1371790 1888.9
1371800 1886.3
1371810 1886.3
1371820 1885.4
1371830 1885.1
1371840 1885.1
1371850 1884.3
1371860 1882.6
1371870 1882.6
1371880 1881.7
1371890 1880.2
1371900 1880.2
1371910 1878.5
1371920 1876.7
1371930 1876.7
1371940 1874.7
1371950 1873.6
1371960 1873.6
1371970 1872.1
1371980 1871.5
1371990 1871.5
1372000 1870.2
1372010 1869.6
1372020 1869.6
1372030 1868.6
1372040 1867.9
1372050 1866.1
1372060 1866.1
1372070 1864.5
1372080 1862.8
1372090 1862.8
1372100 1861.7
1372110 1860.9
1372120 1860.9
1372130 1860.1
1372140 1858.8
1372150 1858.8
1372160 1857.2
1372170 1855.7
1372180 1855.7
1372190 1854.6
1372200 1853.7
1372210 1853.7
1372220 1853.3
1372230 1851.8
1372240 1851.8
1372250 1849.1
1372260 1846.1
1372270 1846.1
1372280 1841.6
1372290 1838.9
1372300 1836.8
1372310 1836.8
1372320 1835.4
1372330 1833.1
1372340 1833.1
1372350 1830.9
1372360 1828.5
1372370 1828.5
1372380 1825.8
1372390 1823.4
1372400 1823.4
1372410 1820.9
1372420 1818.5
1372430 1818.5
1372440 1816.3
1372450 1814.0
1372460 1814.0
1372470 1808.8
1372480 1804.7
1372490 1804.7
1372500 1800.1
1372510 1790.5
1372520 1790.5
1372530 1788.2
1372540 1785.9
1372550 1785.9
1372560 1783.3
1372570 1778.4
1372580 1776.2
1372590 1776.2
1372600 1772.5
1372610 1767.9
1372620 1767.9
1372630 1764.9
1372640 1760.6
1372650 1760.6
1372660 1756.6
1372670 1753.0
1372680 1753.0
1372690 1748.2
1372700 1740.7
1372710 1740.7
1372720 1733.7
1372730 1729.9
1372740 1729.9
1372750 1728.4
1372760 1724.8
1372770 1724.8
1372780 1719.0
1372790 1713.1
1372800 1713.1
1372810 1707.7
1372820 1705.5
1372830 1703.3
1372840 1703.3
1372850 1700.1
1372860 1696.1
1372870 1696.1
1372880 1691.8
1372890 1688.1
1372900 1688.1
1372910 1685.3
1372920 1683.3
1372930 1683.3
1372940 1681.8
1372950 1678.9
1372960 1678.9
1372970 1675.6
1372980 1672.2
1372990 1672.2
1373000 1670.0
1373010 1666.9
1373020 1666.9
1373030 1664.4
1373040 1664.6
1373050 1664.6
1373060 1663.6
1373070 1662.5
1373080 1662.5
1373090 1660.2
1373100 1658.1
1373110 1658.1
1373120 1658.1
1373130 1658.5
1373140 1657.6
1373150 1657.6
1373160 1655.1
1373170 1654.2
1373180 1654.2
1373190 1654.7
1373200 1654.4
1373210 1654.4
1373220 1653.5
1373230 1652.0
1373240 1652.0
1373250 1652.4
1373260 1654.0
1373270 1654.0
1373280 1655.2
1373290 1657.1
1373300 1657.1
1373310 1658.0
1373320 1658.2
1373330 1658.2
1373340 1658.1
1373350 1656.9
1373360 1655.6
1373370 1655.6
1373380 1655.0
1373390 1654.4
1373400 1654.4
1373410 1653.6
1373420 1652.9
1373430 1652.9
1373440 1652.2
1373450 1650.4
1373460 1650.4
1373470 1648.0
1373480 1645.1
1373490 1645.1
1373500 1644.7
1373510 1643.3
1373520 1643.3
1373530 1642.0
1373540 1641.1
1373550 1641.1
1373560 1638.7
1373570 1631.9
1373580 1631.9
1373590 1624.2
1373600 1619.7
1373610 1619.7
1373620 1616.5
1373630 1614.3
1373640 1613.5
1373650 1607.0
1373660 1604.6
1373670 1600.9
1373680 1600.9
1373690 1597.5
1373700 1593.8
1373710 1593.8
1373720 1582.5
1373730 1574.4
1373740 1574.4
1373750 1569.1
1373760 1566.1
1373770 1566.1
1373780 1567.8
1373790 1569.3
1373800 1569.3
1373810 1567.7
1373820 1566.7
1373830 1566.7
1373840 1566.5
1373850 1567.3
1373860 1567.3
1373870 1566.8
1373880 1563.8
1373890 1560.3
1373900 1560.3
1373910 1558.8
1373920 1557.9
1373930 1557.9
1373940 1555.9
1373950 1554.6
1373960 1554.6
1373970 1553.2
1373980 1550.9
1373990 1550.9
1374000 1548.2
1374010 1545.3
1374020 1545.3
1374030 1543.5
1374040 1540.4
1374050 1540.4
1374060 1537.2
1374070 1532.5
1374080 1532.5
1374090 1526.7
1374100 1522.6
1374110 1522.6
1374120 1514.8
1374130 1507.8
1374140 1507.8
1374150 1501.7
1374160 1497.0
1374170 1492.6
1374180 1492.6
1374190 1488.4
1374200 1484.3
1374210 1484.3
1374220 1479.0
1374230 1473.0
1374240 1473.0
1374250 1473.0
1374260 1475.9
1374270 1475.9
1374280 1478.1
1374290 1479.0
1374300 1479.0
1374310 1478.3
1374320 1476.8
1374330 1476.8
1374340 1474.8
1374350 1473.5
1374360 1473.5
1374370 1471.4
1374380 1466.9
1374390 1466.9
1374400 1463.5
1374410 1464.3
1374420 1464.4
1374430 1464.4
1374440 1462.2
1374450 1459.1
1374460 1459.1
1374470 1455.3
1374480 1451.6
1374490 1451.6
1374500 1449.7
1374510 1451.2
1374520 1451.2
1374530 1452.8
1374540 1454.4
1374550 1454.4
1374560 1455.6
1374570 1455.5
1374580 1455.5
1374590 1453.3
1374600 1450.1
1374610 1450.1
1374620 1448.4
1374630 1447.5
1374640 1447.5
1374650 1446.2
1374660 1445.9
1374670 1445.9
1374680 1445.7
1374690 1444.9
1374700 1444.4
1374710 1444.4
1374720 1444.2
1374730 1443.4
1374740 1443.4
1374750 1443.2
1374760 1442.9
1374770 1442.9
1374780 1442.2
1374790 1440.2
1374800 1440.2
1374810 1431.7
1374820 1427.4
1374830 1427.4
1374840 1425.2
1374850 1427.9
1374860 1427.9
1374870 1430.1
1374880 1431.6
1374890 1431.6
1374900 1432.0
1374910 1432.7
1374920 1432.7
1374930 1434.2
1374940 1435.8
1374950 1437.2
1374960 1437.2
1374970 1437.9
1374980 1437.9
1374990 1437.9
1375000 1439.2
1375010 1441.4
1375020 1441.4
1375030 1444.2
1375040 1446.3
1375050 1446.3
1375060 1448.4
1375070 1452.9
1375080 1452.9
1375090 1456.7
1375100 1460.2
1375110 1460.2
1375120 1463.3
1375130 1465.3
1375140 1465.3
1375150 1466.3
1375160 1466.9
1375170 1466.9
1375180 1467.5
1375190 1468.2
1375200 1468.2
1375210 1469.1
1375220 1470.7
1375230 1471.9
1375240 1471.9
1375250 1473.3
1375260 1473.9
1375270 1473.9
1375280 1474.0
1375290 1473.6
1375300 1473.6
1375310 1473.5
1375320 1473.2
1375330 1473.2
1375340 1472.7
1375350 1472.1
1375360 1472.1
1375370 1471.4
1375380 1469.6
1375390 1469.6
1375400 1466.6
1375410 1463.3
1375420 1463.3
1375430 1461.5
1375440 1457.2
1375450 1457.2
1375460 1453.7
1375470 1449.3
1375480 1445.0
1375490 1445.0
1375500 1440.7
1375510 1436.3
1375520 1436.3
1375530 1431.1
1375540 1425.7
1375550 1425.7
1375560 1419.5
1375570 1414.0
1375580 1414.0
1375590 1408.3
1375600 1402.2
1375610 1402.2
1375620 1395.6
1375630 1389.7
1375640 1389.7
1375650 1384.8
1375660 1379.5
1375670 1379.5
1375680 1373.9
1375690 1368.2
1375700 1368.2
1375710 1362.7
1375720 1357.5
1375730 1357.5
1375740 1351.9
1375750 1345.6
1375760 1339.5
1375770 1339.5
1375780 1335.1
1375790 1328.5
1375800 1328.5
1375810 1322.0
1375820 1315.6
1375830 1315.6
1375840 1308.0
1375850 1304.1
1375860 1304.1
1375870 1297.8
1375880 1291.4
1375890 1291.4
1375900 1285.4
1375910 1279.4
1375920 1279.4
1375930 1272.9
1375940 1266.9
1375950 1266.9
1375960 1262.4
1375970 1255.5
1375980 1255.5
1375990 1250.1
1376000 1245.4
1376010 1240.6
1376020 1240.6
1376030 1235.6
1376040 1230.8
1376050 1230.8
1376060 1225.8
1376070 1221.1
1376080 1221.1
1376090 1216.0
1376100 1210.8
1376110 1210.8
1376120 1205.0
1376130 1200.5
1376140 1200.5
1376150 1196.8
1376160 1192.8
1376170 1192.8
1376180 1189.4
1376190 1186.3
1376200 1186.3
1376210 1181.8
1376220 1178.0
1376230 1178.0
1376240 1175.6
1376250 1172.7
1376260 1172.7
1376270 1168.6
1376280 1167.2
1376290 1165.1
1376300 1165.1
1376310 1163.0
1376320 1160.7
1376330 1160.7
1376340 1157.4
1376350 1153.0
1376360 1153.0
1376370 1148.7
1376380 1145.3
1376390 1145.3
1376400 1142.6
1376410 1140.4
1376420 1140.4
1376430 1138.0
1376440 1135.3
1376450 1135.3
1376460 1132.8
1376470 1130.8
1376480 1130.8
1376490 1129.8
1376500 1128.9
1376510 1128.9
1376520 1126.7
1376530 1120.9
1376540 1114.9
1376550 1114.9
1376560 1102.3
1376570 1090.0
1376580 1090.0
1376590 1083.3
1376600 1078.5
1376610 1078.5
1376620 1073.1
1376630 1063.6
1376640 1063.6
1376650 1052.6
1376660 1042.7
1376670 1042.7
1376680 1032.2
1376690 1023.3
1376700 1023.3
1376710 1013.1
1376720 1002.3
1376730 1002.3
1376740 987.5
1376750 971.9
1376760 971.9
1376770 959.4
1376780 949.5
1376790 949.5
1376800 948.8
1376810 954.1
1376820 962.5
1376830 962.5
1376840 973.0
1376850 982.6
1376860 982.6
1376870 991.8
1376880 1000.7
1376890 1000.7
1376900 1010.0
1376910 1019.3
1376920 1019.3
1376930 1027.3
1376940 1036.0
1376950 1036.0
1376960 1044.9
1376970 1052.0
1376980 1052.0
1376990 1059.4
1377000 1065.9
1377010 1065.9
1377020 1072.7
1377030 1080.0
1377040 1080.0
1377050 1086.0
1377060 1091.4
1377070 1096.9
1377080 1096.9
1377090 1101.7
1377100 1107.5
1377110 1107.5
1377120 1113.4
1377130 1118.1
1377140 1118.1
1377150 1116.3
1377160 1118.3
1377170 1118.3
1377180 1119.7
1377190 1120.5
1377200 1120.5
1377210 1121.2
1377220 1122.2
1377230 1122.2
1377240 1123.3
1377250 1124.1
1377260 1124.1
1377270 1124.1
1377280 1124.4
1377290 1124.4
1377300 1125.6
1377310 1126.9
1377320 1127.7
1377330 1127.7
1377340 1128.0
1377350 1128.6
1377360 1128.6
1377370 1129.1
1377380 1129.2
1377390 1129.2
1377400 1129.7
1377410 1130.8
1377420 1130.8
1377430 1132.7
1377440 1134.6
1377450 1134.6
1377460 1135.7
1377470 1136.4
1377480 1136.4
1377490 1137.2
1377500 1138.7
1377510 1138.7
1377520 1140.0
1377530 1140.4
1377540 1140.4
1377550 1141.0
1377560 1141.7
1377570 1141.7
1377580 1142.5
1377590 1143.1
1377600 1143.2
1377610 1143.2
1377620 1142.9
1377630 1142.6
1377640 1142.6
1377650 1142.3
1377660 1142.6
1377670 1142.6
1377680 1143.8
1377690 1145.5
1377700 1145.5
1377710 1147.7
1377720 1150.3
1377730 1150.3
1377740 1151.2
1377750 1151.3
1377760 1151.3
1377770 1151.4
1377780 1151.8
1377790 1151.8
1377800 1151.9
1377810 1151.9
1377820 1151.9
1377830 1152.2
1377840 1153.6
1377850 1154.5
1377860 1154.5
1377870 1154.5
1377880 1153.5
1377890 1153.5
1377900 1152.4
1377910 1152.2
1377920 1152.2
1377930 1154.8
1377940 1156.5
1377950 1156.5
1377960 1157.3
1377970 1156.8
1377980 1156.8
1377990 1155.5
1378000 1154.6
1378010 1154.6
1378020 1154.3
1378030 1154.2
1378040 1154.2
1378050 1154.3
1378060 1154.7
1378070 1154.7
1378080 1154.9
1378090 1155.0
1378100 1155.0
1378110 1154.8
1378120 1154.5
1378130 1154.3
1378140 1154.3
1378150 1154.3
1378160 1154.3
1378170 1154.3
1378180 1154.5
1378190 1155.0
1378200 1155.0
1378210 1155.9
1378220 1156.3
1378230 1156.3
1378240 1155.9
1378250 1154.4
1378260 1154.4
1378270 1154.5
1378280 1154.7
1378290 1154.7
1378300 1154.9
1378310 1155.0
1378320 1155.0
1378330 1154.9
1378340 1154.9
1378350 1153.8
1378360 1152.8
1378370 1152.1
1378380 1151.5
1378390 1151.5
1378400 1150.9
1378410 1150.3
1378420 1150.3
1378430 1149.5
1378440 1148.6
1378450 1148.6
1378460 1147.7
1378470 1146.9
1378480 1146.9
1378490 1145.8
1378500 1144.9
1378510 1144.9
1378520 1144.1
1378530 1143.4
1378540 1143.4
1378550 1142.5
1378560 1140.6
1378570 1140.6
1378580 1138.8
1378590 1137.8
1378600 1137.8
1378610 1137.1
1378620 1135.8
1378630 1135.8
1378640 1132.3
1378650 1129.5
1378660 1127.5
1378670 1127.5
1378680 1126.9
1378690 1125.8
1378700 1125.8
1378710 1123.2
1378720 1120.4
1378730 1120.4
1378740 1118.0
1378750 1116.1
1378760 1116.1
1378770 1114.7
1378780 1114.5
1378790 1114.5
1378800 1114.8
1378810 1114.4
1378820 1114.4
1378830 1110.0
1378840 1106.6
1378850 1106.6
1378860 1106.4
1378870 1105.2
1378880 1105.2
1378890 1102.6
1378900 1100.8
1378910 1098.9
1378920 1098.9
1378930 1096.6
1378940 1094.0
1378950 1094.0
1378960 1092.1
1378970 1090.2
1378980 1090.2
1378990 1088.1
1379000 1085.5
1379010 1085.5
1379020 1082.9
1379030 1080.5
1379040 1080.5
1379050 1080.4
1379060 1080.2
1379070 1080.2
1379080 1077.9
1379090 1076.1
1379100 1076.1
1379110 1075.1
1379120 1074.0
1379130 1074.0
1379140 1072.5
1379150 1070.5
1379160 1070.5
1379170 1069.4
1379180 1068.9
1379190 1068.0
1379200 1068.0
1379210 1066.2
1379220 1064.2
1379230 1064.2
1379240 1060.9
1379250 1056.6
1379260 1056.6
1379270 1052.9
1379280 1050.1
1379290 1050.1
1379300 1046.9
1379310 1042.9
1379320 1042.9
1379330 1037.8
1379340 1033.9
1379350 1033.9
1379360 1031.0
1379370 1028.3
1379380 1028.3
1379390 1025.4
1379400 1022.4
1379410 1022.4
1379420 1018.9
1379430 1016.1
1379440 1014.1
1379450 1014.1
1379460 1012.8
1379470 1011.8
1379480 1011.8
1379490 1010.8
1379500 1008.6
1379510 1008.6
1379520 1006.6
1379530 1004.8
1379540 1004.8
1379550 1000.8
1379560 999.1
1379570 999.1
1379580 996.7
1379590 994.4
1379600 994.4
1379610 992.5
1379620 991.1
1379630 991.1
1379640 989.7
1379650 987.9
1379660 987.9
1379670 985.1
1379680 982.3
1379690 982.3
1379700 977.6
1379710 970.6
1379720 970.2
1379730 970.2
1379740 974.2
1379750 977.1
1379760 977.1
1379770 979.0
1379780 980.5
1379790 980.5
1379800 980.2
1379810 980.0
1379820 980.0
1379830 979.6
1379840 979.8
1379850 979.8
1379860 979.1
1379870 974.0
1379880 974.0
1379890 968.0
1379900 963.0
1379910 963.0
1379920 958.8
1379930 954.8
1379940 954.8
1379950 951.4
1379960 950.1
1379970 948.3
1379980 948.3
1379990 945.8
