1360000 1606.6
1360010 1600.2
1360020 1600.2
1360030 1594.4
1360040 1588.4
1360050 1579.8
1360060 1579.8
1360070 1570.7
1360080 1562.6
1360090 1562.6
1360100 1556.0
1360110 1550.4
1360120 1550.4
1360130 1544.6
1360140 1538.0
1360150 1538.0
1360160 1531.5
1360170 1527.2
1360180 1527.2
1360190 1522.7
1360200 1519.0
1360210 1519.0
1360220 1514.5
1360230 1509.4
1360240 1509.4
1360250 1504.2
1360260 1499.5
1360270 1499.5
1360280 1495.3
1360290 1491.9
1360300 1489.2
1360310 1489.2
1360320 1487.2
1360330 1485.3
1360340 1485.3
1360350 1483.9
1360360 1483.3
1360370 1483.3
1360380 1482.8
1360390 1481.0
1360400 1481.0
1360410 1480.3
1360420 1480.1
1360430 1480.1
1360440 1481.0
1360450 1483.5
1360460 1483.5
1360470 1490.0
1360480 1498.0
1360490 1498.0
1360500 1506.1
1360510 1509.9
1360520 1509.9
1360530 1515.8
1360540 1522.0
1360550 1522.0
1360560 1528.4
1360570 1534.5
1360580 1541.1
1360590 1541.1
1360600 1548.1
1360610 1555.2
1360620 1555.2
1360630 1561.5
1360640 1567.7
1360650 1567.7
1360660 1574.0
1360670 1579.7
1360680 1579.7
1360690 1584.9
1360700 1588.9
1360710 1588.9
1360720 1595.7
1360730 1601.9
1360740 1599.6
1360750 1605.4
1360760 1610.9
1360770 1610.9
1360780 1615.8
1360790 1619.5
1360800 1619.5
1360810 1623.2
1360820 1626.4
1360830 1628.2
1360840 1628.2
1360850 1631.4
1360860 1638.1
1360870 1638.1
1360880 1644.4
1360890 1649.9
1360900 1649.9
1360910 1655.4
1360920 1661.0
1360930 1661.0
1360940 1666.6
1360950 1672.4
1360960 1672.4
1360970 1678.3
1360980 1684.6
1360990 1684.6
1361000 1689.1
1361010 1692.6
1361020 1692.6
1361030 1698.2
1361040 1705.2
1361050 1705.2
1361060 1712.3
1361070 1718.3
1361080 1718.3
1361090 1723.3
1361100 1727.6
1361110 1732.4
1361120 1732.4
1361130 1737.7
1361140 1741.3
1361150 1741.3
1361160 1744.9
1361170 1750.2
1361180 1750.2
1361190 1755.8
1361200 1763.1
1361210 1763.1
1361220 1771.0
1361230 1777.9
1361240 1777.9
1361250 1780.9
1361260 1785.4
1361270 1785.4
1361280 1791.0
1361290 1796.3
1361300 1796.3
1361310 1800.7
1361320 1805.7
1361330 1805.7
1361340 1810.5
1361350 1815.8
1361360 1822.7
1361370 1822.7
1361380 1830.6
1361390 1839.7
1361400 1839.7
1361410 1846.5
1361420 1853.0
1361430 1853.0
1361440 1858.6
1361450 1863.3
1361460 1863.3
1361470 1868.2
1361480 1872.9
1361490 1872.9
1361500 1878.2
1361510 1883.6
1361520 1883.6
1361530 1888.0
1361540 1892.4
1361550 1892.4
1361560 1895.6
1361570 1898.1
1361580 1898.1
1361590 1900.0
1361600 1903.1
1361610 1903.1
1361620 1907.8
1361630 1913.8
1361640 1920.1
1361650 1920.1
1361660 1927.2
1361670 1934.0
1361680 1934.0
1361690 1939.6
1361700 1943.5
1361710 1943.5
1361720 1945.8
1361730 1947.7
1361740 1947.7
1361750 1950.5
1361760 1953.7
1361770 1950.6
1361780 1956.0
1361790 1961.7
1361800 1961.7
1361810 1967.5
1361820 1972.6
1361830 1972.6
1361840 1976.6
1361850 1978.4
1361860 1978.4
1361870 1981.5
1361880 1983.7
1361890 1987.1
1361900 1987.1
1361910 1990.8
1361920 1994.8
1361930 1994.8
1361940 1998.1
1361950 2002.1
1361960 2002.1
1361970 2006.0
1361980 2008.4
1361990 2008.4
1362000 2010.7
1362010 2013.0
1362020 2013.0
1362030 2014.8
1362040 2015.8
1362050 2015.8
1362060 2016.1
1362070 2016.4
1362080 2016.4
1362090 2016.8
1362100 2018.5
1362110 2018.5
1362120 2020.5
1362130 2023.5
1362140 2023.5
1362150 2026.1
1362160 2029.2
1362170 2032.3
1362180 2032.3
1362190 2035.8
1362200 2039.8
1362210 2039.8
1362220 2046.1
1362230 2052.5
1362240 2052.5
1362250 2058.9
1362260 2065.8
1362270 2065.8
1362280 2073.2
1362290 2080.3
1362300 2080.3
1362310 2086.9
1362320 2092.1
1362330 2092.1
1362340 2097.3
1362350 2105.2
1362360 2105.2
1362370 2114.2
1362380 2120.8
1362390 2120.8
1362400 2127.0
1362410 2131.9
1362420 2129.7
1362430 2129.7
1362440 2124.2
1362450 2118.3
1362460 2118.3
1362470 2111.9
1362480 2107.3
1362490 2107.3
1362500 2102.7
1362510 2098.6
1362520 2098.6
1362530 2094.3
1362540 2090.1
1362550 2090.1
1362560 2086.0
1362570 2081.9
1362580 2081.9
1362590 2078.2
1362600 2075.1
1362610 2075.1
1362620 2071.9
1362630 2069.4
1362640 2069.4
1362650 2066.9
1362660 2064.7
1362670 2064.7
1362680 2061.9
1362690 2058.9
1362700 2056.0
1362710 2056.0
1362720 2053.1
1362730 2050.3
1362740 2050.3
1362750 2047.8
1362760 2045.5
1362770 2045.5
1362780 2043.3
1362790 2040.9
1362800 2040.9
1362810 2036.9
1362820 2036.0
1362830 2036.0
1362840 2035.7
1362850 2034.8
1362860 2034.8
1362870 2033.1
1362880 2031.2
1362890 2031.2
1362900 2029.3
1362910 2026.8
1362920 2026.8
1362930 2023.4
1362940 2019.8
1362950 2016.8
1362960 2016.8
1362970 2013.5
1362980 2009.8
1362990 2009.8
1363000 2005.7
1363010 2001.2
1363020 2001.2
1363030 1996.6
1363040 1993.1
1363050 1993.1
1363060 1989.9
1363070 1986.2
1363080 1986.2
1363090 1983.2
1363100 1978.0
1363110 1978.0
1363120 1971.3
1363130 1967.0
1363140 1967.0
1363150 1964.2
1363160 1961.8
1363170 1961.8
1363180 1959.2
1363190 1956.1
1363200 1956.1
1363210 1952.7
1363220 1949.6
1363230 1946.3
1363240 1946.3
1363250 1943.1
1363260 1939.6
1363270 1939.6
1363280 1935.3
1363290 1931.2
1363300 1931.2
1363310 1927.5
1363320 1923.0
1363330 1923.0
1363340 1918.0
1363350 1913.6
1363360 1913.6
1363370 1911.2
1363380 1908.7
1363390 1908.7
1363400 1905.6
1363410 1902.9
1363420 1902.9
1363430 1899.7
1363440 1896.2
1363450 1896.2
1363460 1893.1
1363470 1890.5
1363480 1887.6
1363490 1887.6
1363500 1884.5
1363510 1881.6
1363520 1881.6
1363530 1879.1
1363540 1875.5
1363550 1875.5
1363560 1871.9
1363570 1868.4
1363580 1868.4
1363590 1864.8
1363600 1861.7
1363610 1861.7
1363620 1860.5
1363630 1856.2
1363640 1856.2
1363650 1851.7
1363660 1847.4
1363670 1847.4
1363680 1842.2
1363690 1837.4
1363700 1837.4
1363710 1833.7
1363720 1829.7
1363730 1829.7
1363740 1823.9
1363750 1817.9
1363760 1811.7
1363770 1811.7
1363780 1805.5
1363790 1798.7
1363800 1798.7
1363810 1793.1
1363820 1788.2
1363830 1788.2
1363840 1783.3
1363850 1779.0
1363860 1782.8
1363870 1778.5
1363880 1773.5
1363890 1773.5
1363900 1766.7
1363910 1760.4
1363920 1760.4
1363930 1753.9
1363940 1747.5
1363950 1747.5
1363960 1741.5
1363970 1735.7
1363980 1735.7
1363990 1730.1
1364000 1726.6
1364010 1723.0
1364020 1723.0
1364030 1718.6
1364040 1713.5
1364050 1713.5
1364060 1707.1
1364070 1699.9
1364080 1699.9
1364090 1692.6
1364100 1685.9
1364110 1685.9
1364120 1680.4
1364130 1675.0
1364140 1675.0
1364150 1670.9
1364160 1669.3
1364170 1669.3
1364180 1670.5
1364190 1673.5
1364200 1673.5
1364210 1679.6
1364220 1686.4
1364230 1686.4
1364240 1692.0
1364250 1696.2
1364260 1696.2
1364270 1700.9
1364280 1707.3
1364290 1714.3
1364300 1714.3
1364310 1721.5
1364320 1729.5
1364330 1729.5
1364340 1736.8
1364350 1744.4
1364360 1744.4
1364370 1752.0
1364380 1760.1
1364390 1760.1
1364400 1768.0
1364410 1775.6
1364420 1775.6
1364430 1782.0
1364440 1787.2
1364450 1787.2
1364460 1791.9
1364470 1798.2
1364480 1798.2
1364490 1806.6
1364500 1815.8
1364510 1815.8
1364520 1824.5
1364530 1829.7
1364540 1832.9
1364550 1832.9
1364560 1838.2
1364570 1842.9
1364580 1842.9
1364590 1847.9
1364600 1853.5
1364610 1853.5
1364620 1858.9
1364630 1863.9
1364640 1863.9
1364650 1866.9
1364660 1870.3
1364670 1870.3
1364680 1876.7
1364690 1881.6
1364700 1881.6
1364710 1883.7
1364720 1886.3
1364730 1886.3
1364740 1888.9
1364750 1890.8
1364760 1890.8
1364770 1893.2
1364780 1895.8
1364790 1895.8
1364800 1898.6
1364810 1902.4
1364820 1907.2
1364830 1907.2
1364840 1912.4
1364850 1918.4
1364860 1918.4
1364870 1924.6
1364880 1931.9
1364890 1931.9
1364900 1939.7
1364910 1946.9
1364920 1944.5
1364930 1952.9
1364940 1959.7
1364950 1959.7
1364960 1964.4
1364970 1969.6
1364980 1969.6
1364990 1974.9
1365000 1981.7
1365010 1981.7
1365020 1990.0
1365030 1997.6
1365040 1997.6
1365050 2006.2
1365060 2015.2
1365070 2025.2
1365080 2025.2
1365090 2034.5
1365100 2042.0
1365110 2042.0
1365120 2049.3
1365130 2056.4
1365140 2056.4
1365150 2060.1
1365160 2062.2
1365170 2062.2
1365180 2065.4
1365190 2069.7
1365200 2069.7
1365210 2074.5
1365220 2080.9
1365230 2080.9
1365240 2087.1
1365250 2093.2
1365260 2093.2
1365270 2098.6
1365280 2102.9
1365290 2102.9
1365300 2104.4
1365310 2107.5
1365320 2107.5
1365330 2113.5
1365340 2119.1
1365350 2121.8
1365360 2121.8
1365370 2122.3
1365380 2121.5
1365390 2121.5
1365400 2119.9
1365410 2116.7
1365420 2116.7
1365430 2112.2
1365440 2108.2
1365450 2108.2
1365460 2105.0
1365470 2103.0
1365480 2103.0
1365490 2101.4
1365500 2099.8
1365510 2099.8
1365520 2098.8
1365530 2097.2
1365540 2097.2
1365550 2093.9
1365560 2089.8
1365570 2089.8
1365580 2087.1
1365590 2084.8
1365600 2081.7
1365610 2081.7
1365620 2078.9
1365630 2076.3
1365640 2076.3
1365650 2073.5
1365660 2070.7
1365670 2070.7
1365680 2067.8
1365690 2065.8
1365700 2065.8
1365710 2064.1
1365720 2061.1
1365730 2061.1
1365740 2059.0
1365750 2057.0
1365760 2057.0
1365770 2055.4
1365780 2053.9
1365790 2053.9
1365800 2052.0
1365810 2049.1
1365820 2049.1
1365830 2047.0
1365840 2044.8
1365850 2044.8
1365860 2043.0
1365870 2040.9
1365880 2039.1
1365890 2039.1
1365900 2037.3
1365910 2035.4
1365920 2035.4
1365930 2033.2
1365940 2031.3
1365950 2031.3
1365960 2029.5
1365970 2027.3
1365980 2027.3
1365990 2024.3
1366000 2020.2
1366010 2020.2
1366020 2016.6
1366030 2014.2
1366040 2014.2
1366050 2011.8
1366060 2009.3
1366070 2009.3
1366080 2007.3
1366090 2005.4
1366100 2005.4
1366110 2003.0
1366120 2000.5
1366130 1998.3
1366140 1998.3
1366150 1993.7
1366160 1987.7
1366170 1987.7
1366180 1983.6
1366190 1980.2
1366200 1980.2
1366210 1976.3
1366220 1974.3
1366230 1974.3
1366240 1972.2
1366250 1968.5
1366260 1968.5
1366270 1965.2
1366280 1961.3
1366290 1961.3
1366300 1957.6
1366310 1954.1
1366320 1954.1
1366330 1950.2
1366340 1945.4
1366350 1945.4
1366360 1941.2
1366370 1937.6
1366380 1937.6
1366390 1934.1
1366400 1930.5
1366410 1928.0
1366420 1928.0
1366430 1923.9
1366440 1917.8
1366450 1917.8
1366460 1914.9
1366470 1912.4
1366480 1912.4
1366490 1908.2
1366500 1904.9
1366510 1904.9
1366520 1901.1
1366530 1897.3
1366540 1897.3
1366550 1894.1
1366560 1891.8
1366570 1891.8
1366580 1889.2
1366590 1885.8
1366600 1885.8
1366610 1883.3
1366620 1880.6
1366630 1880.6
1366640 1877.6
1366650 1875.0
1366660 1872.6
1366670 1872.6
1366680 1870.5
1366690 1868.6
1366700 1868.6
1366710 1866.4
1366720 1864.5
1366730 1864.5
1366740 1862.6
1366750 1860.5
1366760 1860.5
1366770 1858.0
1366780 1854.5
1366790 1854.5
1366800 1851.3
1366810 1847.5
1366820 1847.5
1366830 1845.0
1366840 1842.7
1366850 1842.7
1366860 1840.2
1366870 1839.4
1366880 1839.4
1366890 1838.9
1366900 1838.7
1366910 1838.7
1366920 1838.2
1366930 1837.5
1366940 1837.1
1366950 1837.1
1366960 1836.8
1366970 1837.2
1366980 1837.2
1366990 1837.6
1367000 1837.2
1367010 1837.2
1367020 1837.0
1367030 1837.0
1367040 1837.0
1367050 1836.4
1367060 1833.6
1367070 1832.9
1367080 1829.2
1367090 1829.5
1367100 1829.5
1367110 1829.8
1367120 1823.8
1367130 1823.8
1367140 1821.2
1367150 1822.4
1367160 1822.4
1367170 1822.8
1367180 1824.8
1367190 1820.3
1367200 1820.3
1367210 1819.9
1367220 1821.1
1367230 1821.1
1367240 1819.7
1367250 1822.1
1367260 1822.1
1367270 1823.5
1367280 1824.3
1367290 1824.3
1367300 1823.7
1367310 1823.2
1367320 1823.2
1367330 1820.9
1367340 1814.3
1367350 1814.3
1367360 1811.3
1367370 1815.1
1367380 1815.1
1367390 1815.9
1367400 1817.9
1367410 1817.9
1367420 1818.4
1367430 1818.5
1367440 1818.5
1367450 1818.8
1367460 1818.9
1367470 1819.5
1367480 1819.5
1367490 1820.3
1367500 1820.8
1367510 1820.8
1367520 1821.4
1367530 1822.9
1367540 1822.9
1367550 1824.4
1367560 1826.2
1367570 1826.2
1367580 1828.3
1367590 1830.0
1367600 1830.0
1367610 1832.1
1367620 1833.2
1367630 1833.2
1367640 1834.3
1367650 1836.0
1367660 1836.0
1367670 1837.4
1367680 1837.9
1367690 1837.9
1367700 1838.2
1367710 1840.5
1367720 1842.0
1367730 1842.0
1367740 1841.3
1367750 1845.1
1367760 1845.1
1367770 1847.9
1367780 1852.7
1367790 1852.7
1367800 1857.6
1367810 1863.1
1367820 1863.1
1367830 1867.5
1367840 1872.0
1367850 1872.0
1367860 1875.9
1367870 1879.0
1367880 1879.0
1367890 1880.7
1367900 1880.7
1367910 1880.7
1367920 1888.1
1367930 1894.0
1367940 1894.0
1367950 1897.7
1367960 1903.1
1367970 1903.1
1367980 1907.0
1367990 1910.3
1368000 1912.8
1368010 1912.8
1368020 1915.5
1368030 1916.5
1368040 1916.5
1368050 1916.8
1368060 1920.0
1368070 1920.0
1368080 1925.1
1368090 1932.3
1368100 1932.3
1368110 1938.4
1368120 1943.2
1368130 1943.2
1368140 1947.2
1368150 1951.1
1368160 1953.7
1368170 1957.6
1368180 1962.3
1368190 1962.3
1368200 1968.2
1368210 1974.4
1368220 1974.4
1368230 1978.3
1368240 1979.3
1368250 1980.4
1368260 1980.4
1368270 1981.7
1368280 1982.6
1368290 1982.6
1368300 1982.8
1368310 1983.7
1368320 1983.7
1368330 1985.1
1368340 1986.1
1368350 1986.1
1368360 1986.7
1368370 1987.1
1368380 1987.1
1368390 1990.7
1368400 1994.6
1368410 1994.6
1368420 1996.2
1368430 1996.7
1368440 1996.7
1368450 1996.3
1368460 1995.1
1368470 1995.1
1368480 1994.4
1368490 1994.3
1368500 1994.3
1368510 1994.2
1368520 1994.7
1368530 1997.7
1368540 1997.7
1368550 2000.1
1368560 2000.1
1368570 2000.1
1368580 2001.4
1368590 2002.1
1368600 2002.1
1368610 2002.2
1368620 2002.3
1368630 2002.3
1368640 2006.0
1368650 2011.9
1368660 2011.9
1368670 2018.1
1368680 2024.5
1368690 2024.5
1368700 2030.8
1368710 2037.7
1368720 2037.7
1368730 2046.2
1368740 2056.5
1368750 2056.5
1368760 2065.0
1368770 2071.8
1368780 2079.3
1368790 2079.3
1368800 2088.0
1368810 2097.9
1368820 2097.9
1368830 2107.3
1368840 2117.0
1368850 2117.0
1368860 2126.1
1368870 2134.9
1368880 2134.9
1368890 2141.5
1368900 2147.0
1368910 2147.0
1368920 2152.7
1368930 2159.1
1368940 2159.1
1368950 2166.0
1368960 2171.1
1368970 2171.1
1368980 2172.1
1368990 2168.0
1369000 2168.0
1369010 2162.4
1369020 2155.8
1369030 2155.8
1369040 2149.9
1369050 2144.8
1369060 2138.5
1369070 2138.5
1369080 2131.6
1369090 2125.4
1369100 2125.4
1369110 2120.1
1369120 2115.2
1369130 2115.2
1369140 2110.8
1369150 2107.8
1369160 2107.8
1369170 2105.8
1369180 2104.4
1369190 2104.4
1369200 2102.4
1369210 2098.6
1369220 2098.6
1369230 2094.9
1369240 2092.7
1369250 2092.7
1369260 2094.5
1369270 2093.7
1369280 2093.7
1369290 2093.1
1369300 2092.3
1369310 2090.8
1369320 2090.8
1369330 2088.2
1369340 2086.3
1369350 2086.3
1369360 2084.6
1369370 2082.0
1369380 2082.0
1369390 2081.5
1369400 2081.8
1369410 2081.8
1369420 2080.7
1369430 2078.1
1369440 2078.1
1369450 2075.5
1369460 2072.4
1369470 2072.4
1369480 2068.8
1369490 2064.5
1369500 2064.5
1369510 2059.7
1369520 2057.2
1369530 2057.2
1369540 2056.2
1369550 2055.5
1369560 2055.5
1369570 2054.5
1369580 2053.1
1369590 2050.4
1369600 2050.4
1369610 2047.7
1369620 2045.9
1369630 2045.9
1369640 2044.8
1369650 2044.1
1369660 2044.1
1369670 2042.7
1369680 2040.7
1369690 2040.7
1369700 2039.2
1369710 2037.5
1369720 2037.5
1369730 2034.8
1369740 2031.7
1369750 2031.7
1369760 2028.5
1369770 2025.5
1369780 2025.5
1369790 2022.9
1369800 2020.0
1369810 2020.0
1369820 2017.9
1369830 2016.5
1369840 2014.7
1369850 2014.7
1369860 2011.2
1369870 2008.1
1369880 2008.1
1369890 2007.9
1369900 2010.0
1369910 2010.0
1369920 2010.2
1369930 2009.5
1369940 2009.5
1369950 2009.5
1369960 2009.7
1369970 2009.7
1369980 2010.4
1369990 2010.2
1370000 2010.2
1370010 2010.1
1370020 2010.5
1370030 2010.5
1370040 2011.0
1370050 2011.3
1370060 2011.3
1370070 2011.5
1370080 2011.2
1370090 2011.2
1370100 2009.9
1370110 2008.1
1370120 2007.1
1370130 2007.1
1370140 2006.7
1370150 2006.5
1370160 2006.5
1370170 2006.4
1370180 2006.9
1370190 2006.9
1370200 2007.1
1370210 2007.2
1370220 2007.2
1370230 2006.9
1370240 2007.3
1370250 2007.3
1370260 2007.1
1370270 2007.0
1370280 2007.0
1370290 2006.7
1370300 2006.2
1370310 2006.2
1370320 2005.1
1370330 2005.0
1370340 2005.0
1370350 2004.8
1370360 2003.6
1370370 2004.9
1370380 2004.9
1370390 2005.1
1370400 2006.8
1370410 2006.8
1370420 2008.6
1370430 2009.1
1370440 2009.1
1370450 2009.8
1370460 2010.8
1370470 2010.8
1370480 2011.9
1370490 2012.9
1370500 2012.9
1370510 2014.1
1370520 2015.2
1370530 2015.2
1370540 2017.5
1370550 2019.2
1370560 2019.2
1370570 2020.2
1370580 2021.9
1370590 2021.9
1370600 2023.3
1370610 2024.4
1370620 2024.4
1370630 2025.4
1370640 2027.0
1370650 2028.2
1370660 2028.2
1370670 2029.2
1370680 2031.2
1370690 2031.2
1370700 2033.7
1370710 2036.4
1370720 2036.4
1370730 2038.3
1370740 2039.4
1370750 2039.4
1370760 2039.5
1370770 2039.5
1370780 2039.5
1370790 2038.3
1370800 2036.9
1370810 2036.9
1370820 2033.9
1370830 2030.2
1370840 2030.2
1370850 2027.1
1370860 2023.6
1370870 2023.6
1370880 2019.6
1370890 2016.1
1370900 2014.4
1370910 2014.4
1370920 2011.6
1370930 2007.9
1370940 2007.9
1370950 2004.6
1370960 2000.6
1370970 2000.6
1370980 1998.9
1370990 1997.5
1371000 1997.5
1371010 1995.2
1371020 1992.3
1371030 1992.3
1371040 1988.8
1371050 1986.8
1371060 1986.8
1371070 1984.5
1371080 1982.1
1371090 1982.1
1371100 1980.8
1371110 1979.8
1371120 1979.8
1371130 1978.8
1371140 1978.2
1371150 1978.2
1371160 1978.1
1371170 1978.5
1371180 1979.8
1371190 1979.8
1371200 1981.1
1371210 1981.7
1371220 1981.7
1371230 1981.5
1371240 1981.7
1371250 1981.7
1371260 1981.6
1371270 1981.1
1371280 1981.1
1371290 1980.6
1371300 1979.9
1371310 1979.9
1371320 1978.8
1371330 1977.4
1371340 1977.4
1371350 1976.1
1371360 1974.3
1371370 1974.3
1371380 1972.0
1371390 1969.4
1371400 1969.4
1371410 1967.2
1371420 1964.5
1371430 1962.4
1371440 1962.4
1371450 1960.4
1371460 1958.4
1371470 1958.4
1371480 1956.9
1371490 1951.5
1371500 1951.5
1371510 1949.7
1371520 1947.6
1371530 1947.6
1371540 1945.8
1371550 1944.4
1371560 1944.4
1371570 1943.2
1371580 1942.2
1371590 1942.2
1371600 1939.6
1371610 1937.5
1371620 1937.5
1371630 1935.8
1371640 1933.5
1371650 1933.5
1371660 1931.2
1371670 1929.4
1371680 1929.4
1371690 1927.9
1371700 1926.9
1371710 1925.7
1371720 1925.7
1371730 1924.4
1371740 1922.5
1371750 1922.5
1371760 1920.5
1371770 1918.5
1371780 1918.5
1371790 1916.9
1371800 1914.4
1371810 1914.4
1371820 1911.1
1371830 1909.8
1371840 1909.8
1371850 1908.5
1371860 1906.4
1371870 1906.4
1371880 1904.8
1371890 1902.9
1371900 1902.9
1371910 1902.0
1371920 1901.3
1371930 1901.3
1371940 1900.3
1371950 1898.4
1371960 1896.9
1371970 1896.9
1371980 1895.6
1371990 1893.9
1372000 1893.9
1372010 1892.1
1372020 1890.9
1372030 1890.9
1372040 1889.3
1372050 1887.1
1372060 1887.1
1372070 1886.0
1372080 1885.1
1372090 1885.1
1372100 1883.6
1372110 1882.0
1372120 1882.0
1372130 1880.3
1372140 1878.1
1372150 1878.1
1372160 1876.0
1372170 1874.2
1372180 1874.2
1372190 1872.6
1372200 1870.6
1372210 1870.6
1372220 1867.3
1372230 1865.2
1372240 1863.1
1372250 1863.1
1372260 1860.4
1372270 1857.9
1372280 1857.9
1372290 1855.4
1372300 1853.8
1372310 1853.8
1372320 1852.7
1372330 1850.6
1372340 1850.6
1372350 1848.0
1372360 1844.7
1372370 1844.7
1372380 1842.1
1372390 1839.9
1372400 1839.9
1372410 1837.5
1372420 1834.4
1372430 1834.4
1372440 1831.6
1372450 1829.7
1372460 1829.7
1372470 1826.5
1372480 1824.0
1372490 1819.8
1372500 1819.8
1372510 1815.1
1372520 1810.7
1372530 1810.7
1372540 1807.2
1372550 1803.6
1372560 1803.6
1372570 1801.4
1372580 1799.3
1372590 1799.3
1372600 1796.3
1372610 1793.0
1372620 1791.8
1372630 1788.1
1372640 1784.7
1372650 1784.7
1372660 1781.9
1372670 1777.0
1372680 1777.0
1372690 1772.7
1372700 1767.8
1372710 1767.8
1372720 1762.5
1372730 1757.5
1372740 1757.5
1372750 1752.9
1372760 1749.7
1372770 1746.9
1372780 1746.9
1372790 1743.7
1372800 1740.3
1372810 1740.3
1372820 1735.9
1372830 1732.9
1372840 1732.9
1372850 1730.7
1372860 1728.6
1372870 1728.6
1372880 1725.8
1372890 1723.0
1372900 1723.0
1372910 1720.9
1372920 1717.2
1372930 1717.2
1372940 1713.3
1372950 1709.6
1372960 1709.6
1372970 1706.6
1372980 1703.5
1372990 1703.5
1373000 1699.7
1373010 1697.7
1373020 1697.7
1373030 1696.0
1373040 1694.9
1373050 1694.5
1373060 1694.5
1373070 1694.1
1373080 1693.5
1373090 1693.5
1373100 1693.0
1373110 1692.8
1373120 1692.8
1373130 1691.0
1373140 1689.0
1373150 1689.0
1373160 1685.9
1373170 1683.5
1373180 1683.5
1373190 1683.2
1373200 1683.2
1373210 1683.2
1373220 1682.9
1373230 1682.8
1373240 1682.8
1373250 1682.6
1373260 1682.4
1373270 1682.4
1373280 1682.5
1373290 1683.2
1373300 1683.2
1373310 1683.2
1373320 1682.5
1373330 1682.6
1373340 1682.6
1373350 1681.7
1373360 1680.5
1373370 1680.5
1373380 1678.2
1373390 1677.0
1373400 1677.0
1373410 1677.0
1373420 1675.4
1373430 1675.4
1373440 1674.5
1373450 1674.1
1373460 1674.1
1373470 1674.0
1373480 1673.5
1373490 1673.5
1373500 1673.1
1373510 1672.1
1373520 1672.1
1373530 1670.8
1373540 1669.6
1373550 1669.6
1373560 1668.2
1373570 1667.0
1373580 1665.6
1373590 1665.6
1373600 1664.0
1373610 1662.5
1373620 1662.5
1373630 1660.3
1373640 1657.6
1373650 1657.6
1373660 1655.9
1373670 1646.7
1373680 1646.7
1373690 1637.9
1373700 1629.5
1373710 1629.5
1373720 1621.9
1373730 1614.7
1373740 1614.7
1373750 1609.3
1373760 1599.9
1373770 1599.9
1373780 1598.1
1373790 1596.1
1373800 1596.1
1373810 1593.9
1373820 1593.0
1373830 1591.2
1373840 1591.2
1373850 1588.5
1373860 1586.7
1373870 1586.7
1373880 1588.1
1373890 1588.9
1373900 1588.9
1373910 1588.7
1373920 1588.2
1373930 1588.2
1373940 1587.0
1373950 1583.5
1373960 1583.5
1373970 1578.9
1373980 1573.9
1373990 1573.9
1374000 1572.2
1374010 1568.8
1374020 1568.8
1374030 1564.5
1374040 1562.0
1374050 1562.0
1374060 1559.8
1374070 1556.8
1374080 1556.8
1374090 1553.3
1374100 1549.5
1374110 1544.7
1374120 1544.7
1374130 1540.4
1374140 1534.7
1374150 1534.7
1374160 1530.3
1374170 1526.4
1374180 1526.4
1374190 1519.7
1374200 1516.5
1374210 1516.5
1374220 1516.6
1374230 1517.0
1374240 1517.0
1374250 1516.5
1374260 1516.2
1374270 1516.2
1374280 1516.7
1374290 1515.7
1374300 1515.7
1374310 1514.5
1374320 1513.5
1374330 1513.5
1374340 1513.4
1374350 1513.5
1374360 1511.1
1374370 1511.1
1374380 1506.1
1374390 1500.0
1374400 1500.0
1374410 1495.7
1374420 1493.9
1374430 1493.9
1374440 1491.4
1374450 1487.4
1374460 1487.4
1374470 1484.7
1374480 1483.6
1374490 1483.6
1374500 1481.8
1374510 1481.5
1374520 1481.5
1374530 1481.5
1374540 1480.4
1374550 1480.4
1374560 1480.7
1374570 1481.3
1374580 1481.3
1374590 1481.4
1374600 1480.3
1374610 1480.3
1374620 1478.3
1374630 1476.8
1374640 1476.1
1374650 1476.1
1374660 1475.1
1374670 1475.0
1374680 1475.0
1374690 1474.6
1374700 1474.7
1374710 1474.7
1374720 1474.9
1374730 1475.1
1374740 1475.1
1374750 1474.9
1374760 1475.6
1374770 1475.6
1374780 1477.2
1374790 1477.8
1374800 1477.8
1374810 1478.4
1374820 1477.0
1374830 1477.0
1374840 1474.1
1374850 1472.6
1374860 1472.6
1374870 1472.7
1374880 1473.5
1374890 1474.3
1374900 1474.3
1374910 1475.3
1374920 1470.6
1374930 1470.6
1374940 1472.2
1374950 1474.0
1374960 1474.0
1374970 1476.0
1374980 1478.3
1374990 1478.3
1375000 1482.4
1375010 1485.5
1375020 1485.5
1375030 1488.2
1375040 1491.1
1375050 1491.1
1375060 1494.0
1375070 1498.9
1375080 1498.9
1375090 1501.9
1375100 1503.0
1375110 1503.0
1375120 1503.8
1375130 1503.6
1375140 1503.6
1375150 1503.3
1375160 1503.0
1375170 1502.4
1375180 1502.4
1375190 1501.0
1375200 1499.2
1375210 1499.2
1375220 1497.5
1375230 1495.9
1375240 1495.9
1375250 1494.6
1375260 1492.6
1375270 1492.6
1375280 1489.8
1375290 1487.3
1375300 1487.3
1375310 1484.8
1375320 1482.0
1375330 1482.0
1375340 1479.3
1375350 1476.4
1375360 1476.4
1375370 1473.2
1375380 1470.9
1375390 1470.9
1375400 1468.6
1375410 1466.0
1375420 1463.3
1375430 1463.3
1375440 1460.7
1375450 1457.9
1375460 1457.9
1375470 1455.2
1375480 1451.8
1375490 1451.8
1375500 1447.7
1375510 1443.8
1375520 1443.8
1375530 1440.3
1375540 1437.0
1375550 1437.0
1375560 1433.6
1375570 1429.5
1375580 1429.5
1375590 1424.9
1375600 1419.6
1375610 1419.6
1375620 1414.0
1375630 1406.1
1375640 1406.1
1375650 1398.1
1375660 1389.8
1375670 1389.8
1375680 1383.5
1375690 1378.3
1375700 1373.2
1375710 1373.2
1375720 1367.4
1375730 1359.7
1375740 1359.7
1375750 1353.5
1375760 1348.9
1375770 1348.9
1375780 1345.1
1375790 1341.3
1375800 1341.3
1375810 1336.6
1375820 1330.9
1375830 1330.9
1375840 1324.3
1375850 1318.5
1375860 1318.5
1375870 1312.8
1375880 1307.9
1375890 1307.9
1375900 1302.0
1375910 1298.6
1375920 1298.6
1375930 1294.2
1375940 1290.2
1375950 1285.7
1375960 1285.7
1375970 1280.0
1375980 1273.0
1375990 1273.0
1376000 1266.7
1376010 1259.9
1376020 1259.9
1376030 1253.8
1376040 1248.8
1376050 1248.8
1376060 1244.7
1376070 1241.5
1376080 1241.5
1376090 1234.7
1376100 1227.1
1376110 1227.1
1376120 1219.9
1376130 1213.7
1376140 1213.7
1376150 1209.2
1376160 1204.9
1376170 1204.9
1376180 1200.7
1376190 1195.2
1376200 1195.2
1376210 1189.5
1376220 1185.3
1376230 1181.5
1376240 1181.5
1376250 1178.4
1376260 1176.6
1376270 1176.6
1376280 1175.0
1376290 1172.6
1376300 1172.6
1376310 1168.8
1376320 1164.5
1376330 1164.5
1376340 1160.2
1376350 1156.1
1376360 1156.1
1376370 1152.0
1376380 1148.7
1376390 1148.7
1376400 1146.2
1376410 1143.3
1376420 1143.3
1376430 1139.9
1376440 1135.8
1376450 1135.8
1376460 1131.5
1376470 1127.9
1376480 1125.4
1376490 1125.4
1376500 1122.7
1376510 1117.3
1376520 1117.3
1376530 1113.3
1376540 1107.8
1376550 1107.8
1376560 1102.6
1376570 1094.0
1376580 1094.0
1376590 1079.7
1376600 1066.7
1376610 1066.7
1376620 1058.8
1376630 1053.2
1376640 1053.2
1376650 1048.1
1376660 1042.5
1376670 1042.5
1376680 1038.5
1376690 1032.5
1376700 1032.5
1376710 1020.7
1376720 1008.2
1376730 1008.2
1376740 1001.3
1376750 993.0
1376760 980.2
1376770 980.2
1376780 970.2
1376790 963.7
1376800 963.7
1376810 957.2
1376820 956.3
1376830 956.3
1376840 962.1
1376850 972.4
1376860 972.4
1376870 978.6
1376880 986.6
1376890 986.6
1376900 996.3
1376910 1004.8
1376920 1004.8
1376930 1012.3
1376940 1019.8
1376950 1019.8
1376960 1027.6
1376970 1036.5
1376980 1036.5
1376990 1044.7
1377000 1051.8
1377010 1058.8
1377020 1058.8
1377030 1067.0
1377040 1074.7
1377050 1074.7
1377060 1084.2
1377070 1092.1
1377080 1092.1
1377090 1098.6
1377100 1103.9
1377110 1103.9
1377120 1108.1
1377130 1112.5
1377140 1112.5
1377150 1116.9
1377160 1121.3
1377170 1121.3
1377180 1128.0
1377190 1134.5
1377200 1134.5
1377210 1140.3
1377220 1145.7
1377230 1145.7
1377240 1146.9
1377250 1146.1
1377260 1145.4
1377270 1141.6
1377280 1142.2
1377290 1144.0
1377300 1144.0
1377310 1146.1
1377320 1147.2
1377330 1147.2
1377340 1146.7
1377350 1145.5
1377360 1145.5
1377370 1144.8
1377380 1145.9
1377390 1145.9
1377400 1147.5
1377410 1149.1
1377420 1149.1
1377430 1150.7
1377440 1152.0
1377450 1152.0
1377460 1153.3
1377470 1155.0
1377480 1155.0
1377490 1156.4
1377500 1157.3
1377510 1157.3
1377520 1158.4
1377530 1160.0
1377540 1162.2
1377550 1162.2
1377560 1163.9
1377570 1165.1
1377580 1165.1
1377590 1166.7
1377600 1168.0
1377610 1168.0
1377620 1168.9
1377630 1170.0
1377640 1170.0
1377650 1171.6
1377660 1173.1
1377670 1173.1
1377680 1174.1
1377690 1173.9
1377700 1173.9
1377710 1172.9
1377720 1173.0
1377730 1173.0
1377740 1174.1
1377750 1175.2
1377760 1175.2
1377770 1176.3
1377780 1177.4
1377790 1178.2
1377800 1178.2
1377810 1178.6
1377820 1179.4
1377830 1179.4
1377840 1180.1
1377850 1180.1
1377860 1180.1
1377870 1179.6
1377880 1179.0
1377890 1179.0
1377900 1180.1
1377910 1180.0
1377920 1180.0
1377930 1180.3
1377940 1181.0
1377950 1181.0
1377960 1181.8
1377970 1182.2
1377980 1182.2
1377990 1182.5
1378000 1182.8
1378010 1182.8
1378020 1182.9
1378030 1183.0
1378040 1183.0
1378050 1182.9
1378060 1182.7
1378070 1182.5
1378080 1182.5
1378090 1182.4
1378100 1182.1
1378110 1182.1
1378120 1181.3
1378130 1180.6
1378140 1180.6
1378150 1180.3
1378160 1180.3
1378170 1180.3
1378180 1180.1
1378190 1179.5
1378200 1179.5
1378210 1178.8
1378220 1178.0
1378230 1178.0
1378240 1177.2
1378250 1177.1
1378260 1177.1
1378270 1177.0
1378280 1176.7
1378290 1176.7
1378300 1176.4
1378310 1175.8
1378320 1174.9
1378330 1174.9
1378340 1174.1
1378350 1173.2
1378360 1173.2
1378370 1171.9
1378380 1170.6
1378390 1170.6
1378400 1169.4
1378410 1167.9
1378420 1167.9
1378430 1166.3
1378440 1164.9
1378450 1164.9
1378460 1159.4
1378470 1157.9
1378480 1157.9
1378490 1156.1
1378500 1155.1
1378510 1155.1
1378520 1154.2
1378530 1153.4
1378540 1153.4
1378550 1152.6
1378560 1151.5
1378570 1151.5
1378580 1150.1
1378590 1148.9
1378600 1147.7
1378610 1147.7
1378620 1146.7
1378630 1146.0
1378640 1146.0
1378650 1145.0
1378660 1144.4
1378670 1144.4
1378680 1144.3
1378690 1144.9
1378700 1144.9
1378710 1145.3
1378720 1145.4
1378730 1145.4
1378740 1146.0
1378750 1146.2
1378760 1146.2
1378770 1146.3
1378780 1146.8
1378790 1146.8
1378800 1146.5
1378810 1145.8
1378820 1145.8
1378830 1144.5
1378840 1141.6
1378850 1137.3
1378860 1137.3
1378870 1133.2
1378880 1130.2
1378890 1130.2
1378900 1126.5
1378910 1123.0
1378920 1123.0
1378930 1122.4
1378940 1121.2
1378950 1121.2
1378960 1119.5
1378970 1117.6
1378980 1117.6
1378990 1116.5
1379000 1117.0
1379010 1117.0
1379020 1118.3
1379030 1118.8
1379040 1118.8
1379050 1118.5
1379060 1114.9
1379070 1114.9
1379080 1110.8
1379090 1106.6
1379100 1106.6
1379110 1103.8
1379120 1101.9
1379130 1099.8
1379140 1099.8
1379150 1097.5
1379160 1095.9
1379170 1095.9
1379180 1095.0
1379190 1094.0
1379200 1094.0
1379210 1092.2
1379220 1089.5
1379230 1089.5
1379240 1084.9
1379250 1080.5
1379260 1080.5
1379270 1075.7
1379280 1070.4
1379290 1070.4
1379300 1063.3
1379310 1057.3
1379320 1057.3
1379330 1053.2
1379340 1050.0
1379350 1050.0
1379360 1046.5
1379370 1043.7
1379380 1041.1
1379390 1041.1
1379400 1038.7
1379410 1036.3
1379420 1036.3
1379430 1034.0
1379440 1031.2
1379450 1031.2
1379460 1028.5
1379470 1025.8
1379480 1025.8
1379490 1023.5
1379500 1021.2
1379510 1021.2
1379520 1018.8
1379530 1016.5
1379540 1016.5
1379550 1014.1
1379560 1012.9
1379570 1012.9
1379580 1010.7
1379590 1009.3
1379600 1009.3
1379610 1008.1
1379620 1005.6
1379630 1005.6
1379640 1003.5
1379650 1001.7
1379660 999.5
1379670 997.8
1379680 994.7
1379690 992.4
1379700 992.4
1379710 990.3
1379720 989.8
1379730 989.8
1379740 991.6
1379750 991.9
1379760 991.9
1379770 992.2
1379780 992.1
1379790 992.1
1379800 991.6
1379810 991.0
1379820 991.0
1379830 990.4
1379840 989.2
1379850 989.2
1379860 987.4
1379870 985.1
1379880 985.1
1379890 981.6
1379900 978.6
1379910 975.0
1379920 975.0
1379930 971.9
1379940 969.8
1379950 969.8
1379960 967.5
1379970 964.7
1379980 964.7
1379990 961.7
