1360000 1701.2
1360010 1698.2
1360020 1696.9
1360030 1696.9
1360040 1695.7
1360050 1694.0
1360060 1694.0
1360070 1692.5
1360080 1691.6
1360090 1691.6
1360100 1689.6
1360110 1687.2
1360120 1687.2
1360130 1683.5
1360140 1680.8
1360150 1678.5
1360160 1678.5
1360170 1677.4
1360180 1676.4
1360190 1676.4
1360200 1675.9
1360210 1675.8
1360220 1675.8
1360230 1675.9
1360240 1676.0
1360250 1676.0
1360260 1676.0
1360270 1676.2
1360280 1676.2
1360290 1676.5
1360300 1676.7
1360310 1676.7
1360320 1677.1
1360330 1677.7
1360340 1677.7
1360350 1678.7
1360360 1680.3
1360370 1680.3
1360380 1682.1
1360390 1684.1
1360400 1686.4
1360410 1686.4
1360420 1689.0
1360430 1690.9
1360440 1690.9
1360450 1692.6
1360460 1695.3
1360470 1695.3
1360480 1698.8
1360490 1702.6
1360500 1702.6
1360510 1705.1
1360520 1707.3
1360530 1707.3
1360540 1709.1
1360550 1710.8
1360560 1710.8
1360570 1713.7
1360580 1716.8
1360590 1716.8
1360600 1718.9
1360610 1721.1
1360620 1721.1
1360630 1725.2
1360640 1729.0
1360650 1729.0
1360660 1732.2
1360670 1735.0
1360680 1737.6
1360690 1737.6
1360700 1740.6
1360710 1744.2
1360720 1744.2
1360730 1747.9
1360740 1752.2
1360750 1752.2
1360760 1757.3
1360770 1763.2
1360780 1763.2
1360790 1769.3
1360800 1775.9
1360810 1775.9
1360820 1782.4
1360830 1789.1
1360840 1789.1
1360850 1795.4
1360860 1801.4
1360870 1801.4
1360880 1807.5
1360890 1813.2
1360900 1813.2
1360910 1819.8
1360920 1826.1
1360930 1826.1
1360940 1832.4
1360950 1838.1
1360960 1842.5
1360970 1842.5
1360980 1847.8
1360990 1853.2
1361000 1853.2
1361010 1858.9
1361020 1864.0
1361030 1864.0
1361040 1869.1
1361050 1875.0
1361060 1875.0
1361070 1881.4
1361080 1888.1
1361090 1888.1
1361100 1894.8
1361110 1903.9
1361120 1903.9
1361130 1914.6
1361140 1923.5
1361150 1923.5
1361160 1931.0
1361170 1939.0
1361180 1939.0
1361190 1947.7
1361200 1956.5
1361210 1965.2
1361220 1965.2
1361230 1978.1
1361240 1991.6
1361250 1991.6
1361260 2002.7
1361270 2012.8
1361280 2012.8
1361290 2021.0
1361300 2027.4
1361310 2027.4
1361320 2034.6
1361330 2042.1
1361340 2042.1
1361350 2050.0
1361360 2055.4
1361370 2055.4
1361380 2061.1
1361390 2068.5
1361400 2068.5
1361410 2075.7
1361420 2082.7
1361430 2082.7
1361440 2089.5
1361450 2097.5
1361460 2097.5
1361470 2105.2
1361480 2111.5
1361490 2117.7
1361500 2117.7
1361510 2123.5
1361520 2129.1
1361530 2129.1
1361540 2135.2
1361550 2141.0
1361560 2141.0
1361570 2146.2
1361580 2150.8
1361590 2150.8
1361600 2155.4
1361610 2158.9
1361620 2158.9
1361630 2163.1
1361640 2166.8
1361650 2166.8
1361660 2160.9
1361670 2151.5
1361680 2151.5
1361690 2141.4
1361700 2128.5
1361710 2128.5
1361720 2116.9
1361730 2107.8
1361740 2107.8
1361750 2099.7
1361760 2090.9
1361770 2081.8
1361780 2081.8
1361790 2074.1
1361800 2067.5
1361810 2067.5
1361820 2060.8
1361830 2054.8
1361840 2054.8
1361850 2048.8
1361860 2043.0
1361870 2043.0
1361880 2037.5
1361890 2032.0
1361900 2032.0
1361910 2026.4
1361920 2021.3
1361930 2021.3
1361940 2016.1
1361950 2011.0
1361960 2011.0
1361970 2005.5
1361980 1999.6
1361990 1999.6
1362000 1993.9
1362010 1987.6
1362020 1984.1
1362030 1984.1
1362040 1980.2
1362050 1974.6
1362060 1974.6
1362070 1969.9
1362080 1965.0
1362090 1965.0
1362100 1959.1
1362110 1953.9
1362120 1953.9
1362130 1948.6
1362140 1942.8
1362150 1942.8
1362160 1938.4
1362170 1936.3
1362180 1936.3
1362190 1938.9
1362200 1936.2
1362210 1936.2
1362220 1932.1
1362230 1928.3
1362240 1928.3
1362250 1925.2
1362260 1921.7
1362270 1921.7
1362280 1920.1
1362290 1920.2
1362300 1914.2
1362310 1914.2
1362320 1909.1
1362330 1906.6
1362340 1906.6
1362350 1903.5
1362360 1902.1
1362370 1902.1
1362380 1901.3
1362390 1900.2
1362400 1900.2
1362410 1899.8
1362420 1899.7
1362430 1899.7
1362440 1898.9
1362450 1900.1
1362460 1900.1
1362470 1898.9
1362480 1896.1
1362490 1896.1
1362500 1894.0
1362510 1891.8
1362520 1891.8
1362530 1890.1
1362540 1888.8
1362550 1888.8
1362560 1889.4
1362570 1890.2
1362580 1891.1
1362590 1891.1
1362600 1894.2
1362610 1896.1
1362620 1896.1
1362630 1895.4
1362640 1893.2
1362650 1893.2
1362660 1892.6
1362670 1892.2
1362680 1892.2
1362690 1890.9
1362700 1890.8
1362710 1890.8
1362720 1892.1
1362730 1892.7
1362740 1892.7
1362750 1892.7
1362760 1892.4
1362770 1892.4
1362780 1892.2
1362790 1891.7
1362800 1891.7
1362810 1890.9
1362820 1889.8
1362830 1889.8
1362840 1888.8
1362850 1888.3
1362860 1889.0
1362870 1889.0
1362880 1891.6
1362890 1894.2
1362900 1894.2
1362910 1895.9
1362920 1897.5
1362930 1897.5
1362940 1898.7
1362950 1898.9
1362960 1898.9
1362970 1898.0
1362980 1896.0
1362990 1896.0
1363000 1893.6
1363010 1891.2
1363020 1891.2
1363030 1889.1
1363040 1886.9
1363050 1886.9
1363060 1884.8
1363070 1882.6
1363080 1882.6
1363090 1881.2
1363100 1879.6
1363110 1876.9
1363120 1876.9
1363130 1874.4
1363140 1872.9
1363150 1872.9
1363160 1872.1
1363170 1871.5
1363180 1871.5
1363190 1871.1
1363200 1870.7
1363210 1870.7
1363220 1870.3
1363230 1869.0
1363240 1867.0
1363250 1864.4
1363260 1861.9
1363270 1861.9
1363280 1861.3
1363290 1865.9
1363300 1865.9
1363310 1868.5
1363320 1870.0
1363330 1870.0
1363340 1871.2
1363350 1870.9
1363360 1870.9
1363370 1871.4
1363380 1873.3
1363390 1875.5
1363400 1875.5
1363410 1878.3
1363420 1882.5
1363430 1882.5
1363440 1888.2
1363450 1891.6
1363460 1891.6
1363470 1894.3
1363480 1896.7
1363490 1896.7
1363500 1898.1
1363510 1897.8
1363520 1897.8
1363530 1898.1
1363540 1899.6
1363550 1899.6
1363560 1903.1
1363570 1907.2
1363580 1907.2
1363590 1911.0
1363600 1915.0
1363610 1915.0
1363620 1919.4
1363630 1924.2
1363640 1924.2
1363650 1928.5
1363660 1932.4
1363670 1936.9
1363680 1936.9
1363690 1942.4
1363700 1948.1
1363710 1948.1
1363720 1954.7
1363730 1961.4
1363740 1961.4
1363750 1968.4
1363760 1976.2
1363770 1976.2
1363780 1983.5
1363790 1987.5
1363800 1987.5
1363810 1989.8
1363820 1991.1
1363830 1991.1
1363840 1991.7
1363850 1991.6
1363860 1991.6
1363870 1992.3
1363880 1995.4
1363890 1995.4
1363900 1998.0
1363910 1999.7
1363920 2001.0
1363930 2001.0
1363940 2002.5
1363950 2004.7
1363960 2004.7
1363970 2007.9
1363980 2012.8
1363990 2012.8
1364000 2017.0
1364010 2021.8
1364020 2021.8
1364030 2025.0
1364040 2025.9
1364050 2025.9
1364060 2026.1
1364070 2025.8
1364080 2025.8
1364090 2026.3
1364100 2027.3
1364110 2027.3
1364120 2027.4
1364130 2027.3
1364140 2027.3
1364150 2025.6
1364160 2022.9
1364170 2022.9
1364180 2020.1
1364190 2017.6
1364200 2015.3
1364210 2015.3
1364220 2012.5
1364230 2010.1
1364240 2010.1
1364250 2008.7
1364260 2007.0
1364270 2007.0
1364280 2005.7
1364290 2003.8
1364300 2003.8
1364310 2003.1
1364320 2002.7
1364330 2002.7
1364340 2001.8
1364350 2001.1
1364360 2001.1
1364370 2000.4
1364380 1999.8
1364390 1999.8
1364400 1998.7
1364410 1997.1
1364420 1997.1
1364430 1995.7
1364440 1994.1
1364450 1994.1
1364460 1992.2
1364470 1990.7
1364480 1988.3
1364490 1988.3
1364500 1985.5
1364510 1981.7
1364520 1981.7
1364530 1978.1
1364540 1975.3
1364550 1975.3
1364560 1973.3
1364570 1970.9
1364580 1970.9
1364590 1968.3
1364600 1965.9
1364610 1965.9
1364620 1963.8
1364630 1961.6
1364640 1961.6
1364650 1959.3
1364660 1957.5
1364670 1957.5
1364680 1955.6
1364690 1954.3
1364700 1954.3
1364710 1952.5
1364720 1951.1
1364730 1949.2
1364740 1949.2
1364750 1947.2
1364760 1945.2
1364770 1945.2
1364780 1942.8
1364790 1940.3
1364800 1940.3
1364810 1937.6
1364820 1935.5
1364830 1935.5
1364840 1933.7
1364850 1932.6
1364860 1932.6
1364870 1932.0
1364880 1932.1
1364890 1932.1
1364900 1932.4
1364910 1932.5
1364920 1932.5
1364930 1932.1
1364940 1930.6
1364950 1930.6
1364960 1929.9
1364970 1929.5
1364980 1929.5
1364990 1928.7
1365000 1927.0
1365010 1925.8
1365020 1925.8
1365030 1925.3
1365040 1924.5
1365050 1924.5
1365060 1921.9
1365070 1917.2
1365080 1917.2
1365090 1912.9
1365100 1906.9
1365110 1906.9
1365120 1900.3
1365130 1891.8
1365140 1891.8
1365150 1880.6
1365160 1872.4
1365170 1872.4
1365180 1864.8
1365190 1858.2
1365200 1858.2
1365210 1852.4
1365220 1847.2
1365230 1847.2
1365240 1843.4
1365250 1840.8
1365260 1840.8
1365270 1835.9
1365280 1830.6
1365290 1826.5
1365300 1826.5
1365310 1824.1
1365320 1822.1
1365330 1822.1
1365340 1819.1
1365350 1815.6
1365360 1815.0
1365370 1810.3
1365380 1803.3
1365390 1803.3
1365400 1795.7
1365410 1789.8
1365420 1789.8
1365430 1785.9
1365440 1781.6
1365450 1781.6
1365460 1777.6
1365470 1774.6
1365480 1774.6
1365490 1772.3
1365500 1769.4
1365510 1769.4
1365520 1765.7
1365530 1762.9
1365540 1764.9
1365550 1764.9
1365560 1768.9
1365570 1772.0
1365580 1772.0
1365590 1775.5
1365600 1779.2
1365610 1779.2
1365620 1782.1
1365630 1784.8
1365640 1784.8
1365650 1789.3
1365660 1795.4
1365670 1795.4
1365680 1801.5
1365690 1807.0
1365700 1807.0
1365710 1812.9
1365720 1818.9
1365730 1818.9
1365740 1823.1
1365750 1827.1
1365760 1827.1
1365770 1831.8
1365780 1836.8
1365790 1836.8
1365800 1841.3
1365810 1846.2
1365820 1852.5
1365830 1852.5
1365840 1859.0
1365850 1865.3
1365860 1865.3
1365870 1870.2
1365880 1874.7
1365890 1874.7
1365900 1879.3
1365910 1883.0
1365920 1883.0
1365930 1885.6
1365940 1886.9
1365950 1886.9
1365960 1889.7
1365970 1894.9
1365980 1894.9
1365990 1901.5
1366000 1908.7
1366010 1908.7
1366020 1916.2
1366030 1925.5
1366040 1925.5
1366050 1934.2
1366060 1940.1
1366070 1940.1
1366080 1946.8
1366090 1952.4
1366100 1956.6
1366110 1956.6
1366120 1960.3
1366130 1962.8
1366140 1962.8
1366150 1963.9
1366160 1966.6
1366170 1966.6
1366180 1971.3
1366190 1974.5
1366200 1974.5
1366210 1977.4
1366220 1980.9
1366230 1980.9
1366240 1983.5
1366250 1986.0
1366260 1986.0
1366270 1987.9
1366280 1992.3
1366290 1992.3
1366300 1998.7
1366310 2005.0
1366320 2005.0
1366330 2011.9
1366340 2018.4
1366350 2018.4
1366360 2022.8
1366370 2025.8
1366380 2026.4
1366390 2026.4
1366400 2029.1
1366410 2033.5
1366420 2033.5
1366430 2036.4
1366440 2037.8
1366450 2037.8
1366460 2037.8
1366470 2033.3
1366480 2033.3
1366490 2027.4
1366500 2021.5
1366510 2021.5
1366520 2016.6
1366530 2011.3
1366540 2011.3
1366550 2005.9
1366560 2001.1
1366570 2001.1
1366580 1996.9
1366590 1993.8
1366600 1993.8
1366610 1991.5
1366620 1990.3
1366630 1989.0
1366640 1989.0
1366650 1987.8
1366660 1984.4
1366670 1984.4
1366680 1979.0
1366690 1974.3
1366700 1974.3
1366710 1972.7
1366720 1971.2
1366730 1971.2
1366740 1966.8
1366750 1964.7
1366760 1964.7
1366770 1964.5
1366780 1964.1
1366790 1964.1
1366800 1962.5
1366810 1961.4
1366820 1961.4
1366830 1960.0
1366840 1959.6
1366850 1959.6
1366860 1960.0
1366870 1960.0
1366880 1960.0
1366890 1960.1
1366900 1960.4
1366910 1960.3
1366920 1960.3
1366930 1960.5
1366940 1960.0
1366950 1960.0
1366960 1959.2
1366970 1958.6
1366980 1958.6
1366990 1958.6
1367000 1959.2
1367010 1959.2
1367020 1959.7
1367030 1960.6
1367040 1960.6
1367050 1962.0
1367060 1963.3
1367070 1963.3
1367080 1965.0
1367090 1966.8
1367100 1966.8
1367110 1969.5
1367120 1971.8
1367130 1971.8
1367140 1973.2
1367150 1973.8
1367160 1973.8
1367170 1974.2
1367180 1973.3
1367190 1970.8
1367200 1970.8
1367210 1968.9
1367220 1967.6
1367230 1967.6
1367240 1964.3
1367250 1961.9
1367260 1961.9
1367270 1958.3
1367280 1953.8
1367290 1953.8
1367300 1950.0
1367310 1945.6
1367320 1945.6
1367330 1939.4
1367340 1931.7
1367350 1931.7
1367360 1926.0
1367370 1920.8
1367380 1920.8
1367390 1916.6
1367400 1914.0
1367410 1914.0
1367420 1911.8
1367430 1909.0
1367440 1906.8
1367450 1906.8
1367460 1905.1
1367470 1903.8
1367480 1903.8
1367490 1902.0
1367500 1900.1
1367510 1900.1
1367520 1895.3
1367530 1892.8
1367540 1892.8
1367550 1890.5
1367560 1887.4
1367570 1887.4
1367580 1883.8
1367590 1880.9
1367600 1880.9
1367610 1878.3
1367620 1875.9
1367630 1875.9
1367640 1873.4
1367650 1871.2
1367660 1871.2
1367670 1869.6
1367680 1867.9
1367690 1867.9
1367700 1866.4
1367710 1865.0
1367720 1863.1
1367730 1863.1
1367740 1861.1
1367750 1857.6
1367760 1857.6
1367770 1855.2
1367780 1853.3
1367790 1853.3
1367800 1850.2
1367810 1847.7
1367820 1847.7
1367830 1845.1
1367840 1843.5
1367850 1843.5
1367860 1842.2
1367870 1842.0
1367880 1842.0
1367890 1842.1
1367900 1840.2
1367910 1840.2
1367920 1837.5
1367930 1834.3
1367940 1834.3
1367950 1831.0
1367960 1826.7
1367970 1826.7
1367980 1822.2
1367990 1817.2
1368000 1811.1
1368010 1811.1
1368020 1804.8
1368030 1798.6
1368040 1798.6
1368050 1792.8
1368060 1787.4
1368070 1787.4
1368080 1782.1
1368090 1777.2
1368100 1777.2
1368110 1771.4
1368120 1765.6
1368130 1765.6
1368140 1759.6
1368150 1754.0
1368160 1754.0
1368170 1748.5
1368180 1743.1
1368190 1743.1
1368200 1740.1
1368210 1737.6
1368220 1737.6
1368230 1734.3
1368240 1730.6
1368250 1726.9
1368260 1726.9
1368270 1724.0
1368280 1720.0
1368290 1720.0
1368300 1715.3
1368310 1710.1
1368320 1710.1
1368330 1704.9
1368340 1699.9
1368350 1699.9
1368360 1695.1
1368370 1690.3
1368380 1690.3
1368390 1684.6
1368400 1678.4
1368410 1678.4
1368420 1671.7
1368430 1665.4
1368440 1665.4
1368450 1659.6
1368460 1654.0
1368470 1654.0
1368480 1647.9
1368490 1642.2
1368500 1642.2
1368510 1637.3
1368520 1632.3
1368530 1626.8
1368540 1626.8
1368550 1621.8
1368560 1617.8
1368570 1617.8
1368580 1614.3
1368590 1610.8
1368600 1610.8
1368610 1608.0
1368620 1603.6
1368630 1603.6
1368640 1598.3
1368650 1592.5
1368660 1592.5
1368670 1586.4
1368680 1580.6
1368690 1580.6
1368700 1574.7
1368710 1567.3
1368720 1567.3
1368730 1559.5
1368740 1551.7
1368750 1551.7
1368760 1544.6
1368770 1537.7
1368780 1537.7
1368790 1532.9
1368800 1526.2
1368810 1518.2
1368820 1518.2
1368830 1513.0
1368840 1504.8
1368850 1504.8
1368860 1497.1
1368870 1491.7
1368880 1491.7
1368890 1487.3
1368900 1480.1
1368910 1480.1
1368920 1472.9
1368930 1466.5
1368940 1466.5
1368950 1460.5
1368960 1455.3
1368970 1455.3
1368980 1450.9
1368990 1447.6
1369000 1447.6
1369010 1443.6
1369020 1440.0
1369030 1440.0
1369040 1435.8
1369050 1430.1
1369060 1422.9
1369070 1422.9
1369080 1416.5
1369090 1412.4
1369100 1412.4
1369110 1406.4
1369120 1400.9
1369130 1400.9
1369140 1393.5
1369150 1388.6
1369160 1388.6
1369170 1387.4
1369180 1386.8
1369190 1386.8
1369200 1388.4
1369210 1391.4
1369220 1391.4
1369230 1393.7
1369240 1397.5
1369250 1397.5
1369260 1401.4
1369270 1403.7
1369280 1403.7
1369290 1407.2
1369300 1406.3
1369310 1406.3
1369320 1404.6
1369330 1406.0
1369340 1407.0
1369350 1407.0
1369360 1401.2
1369370 1398.1
1369380 1398.1
1369390 1402.5
1369400 1401.0
1369410 1401.0
1369420 1399.4
1369430 1400.5
1369440 1400.5
1369450 1405.1
1369460 1412.6
1369470 1412.6
1369480 1418.7
1369490 1421.1
1369500 1421.1
1369510 1420.0
1369520 1422.8
1369530 1422.8
1369540 1422.1
1369550 1422.4
1369560 1422.4
1369570 1426.9
1369580 1425.4
1369590 1425.4
1369600 1419.8
1369610 1414.9
1369620 1411.1
1369630 1411.1
1369640 1413.1
1369650 1418.7
1369660 1418.7
1369670 1425.1
1369680 1432.5
1369690 1432.5
1369700 1438.6
1369710 1441.6
1369720 1446.6
1369730 1450.3
1369740 1455.2
1369750 1455.2
1369760 1459.4
1369770 1459.0
1369780 1459.0
1369790 1455.1
1369800 1454.2
1369810 1454.2
1369820 1457.6
1369830 1459.6
1369840 1459.6
1369850 1459.5
1369860 1460.5
1369870 1460.5
1369880 1463.6
1369890 1469.2
1369900 1474.1
1369910 1474.1
1369920 1480.4
1369930 1483.2
1369940 1483.2
1369950 1483.3
1369960 1484.2
1369970 1484.2
1369980 1486.9
1369990 1491.8
1370000 1491.8
1370010 1497.9
1370020 1502.8
1370030 1502.8
1370040 1505.8
1370050 1507.7
1370060 1507.7
1370070 1508.9
1370080 1509.9
1370090 1509.9
1370100 1510.8
1370110 1511.0
1370120 1511.0
1370130 1510.3
1370140 1509.6
1370150 1508.9
1370160 1508.9
1370170 1508.5
1370180 1507.8
1370190 1507.8
1370200 1507.3
1370210 1507.5
1370220 1507.5
1370230 1507.7
1370240 1507.4
1370250 1507.4
1370260 1507.3
1370270 1507.1
1370280 1507.1
1370290 1505.7
1370300 1503.7
1370310 1503.7
1370320 1502.4
1370330 1501.3
1370340 1501.3
1370350 1500.1
1370360 1497.5
1370370 1497.5
1370380 1491.1
1370390 1481.4
1370400 1481.4
1370410 1469.9
1370420 1458.8
1370430 1449.2
1370440 1449.2
1370450 1442.6
1370460 1445.8
1370470 1445.8
1370480 1454.7
1370490 1465.9
1370500 1465.9
1370510 1477.6
1370520 1482.6
1370530 1482.6
1370540 1484.2
1370550 1484.3
1370560 1484.3
1370570 1483.9
1370580 1484.2
1370590 1484.2
1370600 1484.6
1370610 1484.6
1370620 1484.6
1370630 1483.4
1370640 1481.4
1370650 1481.4
1370660 1478.6
1370670 1475.5
1370680 1475.5
1370690 1472.4
1370700 1469.2
1370710 1467.7
1370720 1467.7
1370730 1466.4
1370740 1464.0
1370750 1464.0
1370760 1461.4
1370770 1458.7
1370780 1458.7
1370790 1455.1
1370800 1454.2
1370810 1454.2
1370820 1453.4
1370830 1456.1
1370840 1456.1
1370850 1455.0
1370860 1451.8
1370870 1451.8
1370880 1448.9
1370890 1447.0
1370900 1447.0
1370910 1442.4
1370920 1441.1
1370930 1441.1
1370940 1442.3
1370950 1442.3
1370960 1441.0
1370970 1441.0
1370980 1440.9
1370990 1439.7
1371000 1439.7
1371010 1435.4
1371020 1432.5
1371030 1432.5
1371040 1430.4
1371050 1424.7
1371060 1424.7
1371070 1418.2
1371080 1411.4
1371090 1411.4
1371100 1405.2
1371110 1400.0
1371120 1400.0
1371130 1394.8
1371140 1392.9
1371150 1392.9
1371160 1392.8
1371170 1394.3
1371180 1394.3
1371190 1394.6
1371200 1387.8
1371210 1387.8
1371220 1380.3
1371230 1373.3
1371240 1366.0
1371250 1366.0
1371260 1359.5
1371270 1354.1
1371280 1354.1
1371290 1347.4
1371300 1346.1
1371310 1346.1
1371320 1349.2
1371330 1350.7
1371340 1350.7
1371350 1354.9
1371360 1356.2
1371370 1356.2
1371380 1359.9
1371390 1361.7
1371400 1361.7
1371410 1354.5
1371420 1350.9
1371430 1350.9
1371440 1347.4
1371450 1343.7
1371460 1343.7
1371470 1339.0
1371480 1330.9
1371490 1330.9
1371500 1323.5
1371510 1316.8
1371520 1312.4
1371530 1312.4
1371540 1315.8
1371550 1317.8
1371560 1317.8
1371570 1318.0
1371580 1314.5
1371590 1314.5
1371600 1314.6
1371610 1313.9
1371620 1313.9
1371630 1309.7
1371640 1301.8
1371650 1301.8
1371660 1299.7
1371670 1303.7
1371680 1303.7
1371690 1304.9
1371700 1302.1
1371710 1302.1
1371720 1296.9
1371730 1293.6
1371740 1293.6
1371750 1290.6
1371760 1288.1
1371770 1285.5
1371780 1285.5
1371790 1282.5
1371800 1279.2
1371810 1279.2
1371820 1276.1
1371830 1269.9
1371840 1269.9
1371850 1266.3
1371860 1265.1
1371870 1265.1
1371880 1264.7
1371890 1264.3
1371900 1264.3
1371910 1264.0
1371920 1264.2
1371930 1264.2
1371940 1265.8
1371950 1269.8
1371960 1265.0
1371970 1268.8
1371980 1271.6
1371990 1271.6
1372000 1273.8
1372010 1277.4
1372020 1277.4
1372030 1281.0
1372040 1281.9
1372050 1282.4
1372060 1282.4
1372070 1283.2
1372080 1283.8
1372090 1283.8
1372100 1284.8
1372110 1286.2
1372120 1286.2
1372130 1287.6
1372140 1289.0
1372150 1289.0
1372160 1289.4
1372170 1291.3
1372180 1291.3
1372190 1293.6
1372200 1295.9
1372210 1295.9
1372220 1298.3
1372230 1299.0
1372240 1299.0
1372250 1300.8
1372260 1303.5
1372270 1303.5
1372280 1309.6
1372290 1314.7
1372300 1314.7
1372310 1319.3
1372320 1323.4
1372330 1324.9
1372340 1324.9
1372350 1324.8
1372360 1323.7
1372370 1323.7
1372380 1319.9
1372390 1324.1
1372400 1324.1
1372410 1321.5
1372420 1319.6
1372430 1319.6
1372440 1327.2
1372450 1330.1
1372460 1330.1
1372470 1329.9
1372480 1331.4
1372490 1331.4
1372500 1332.5
1372510 1335.7
1372520 1335.7
1372530 1341.3
1372540 1347.0
1372550 1347.0
1372560 1348.0
1372570 1350.3
1372580 1353.6
1372590 1353.6
1372600 1360.2
1372610 1365.3
1372620 1365.3
1372630 1369.2
1372640 1372.9
1372650 1372.9
1372660 1376.1
1372670 1379.3
1372680 1379.3
1372690 1382.0
1372700 1382.0
1372710 1382.0
1372720 1386.5
1372730 1389.8
1372740 1389.8
1372750 1390.3
1372760 1390.3
1372770 1390.3
1372780 1393.1
1372790 1397.5
1372800 1397.5
1372810 1402.1
1372820 1405.3
1372830 1405.3
1372840 1407.5
1372850 1409.4
1372860 1411.6
1372870 1411.6
1372880 1413.8
1372890 1413.7
1372900 1413.7
1372910 1414.0
1372920 1414.3
1372930 1414.3
1372940 1415.2
1372950 1415.2
1372960 1415.2
1372970 1416.4
1372980 1418.5
1372990 1418.5
1373000 1419.7
1373010 1421.4
1373020 1421.4
1373030 1424.0
1373040 1428.4
1373050 1428.4
1373060 1432.7
1373070 1435.9
1373080 1435.9
1373090 1438.1
1373100 1435.5
1373110 1435.5
1373120 1437.4
1373130 1439.9
1373140 1442.5
1373150 1442.5
1373160 1444.3
1373170 1445.7
1373180 1445.7
1373190 1446.9
1373200 1447.2
1373210 1447.2
1373220 1447.2
1373230 1446.9
1373240 1446.9
1373250 1445.7
1373260 1444.0
1373270 1444.0
1373280 1442.0
1373290 1439.5
1373300 1439.5
1373310 1437.8
1373320 1436.2
1373330 1436.2
1373340 1431.1
1373350 1424.2
1373360 1424.2
1373370 1419.0
1373380 1414.1
1373390 1407.9
1373400 1407.9
1373410 1402.5
1373420 1398.7
1373430 1398.7
1373440 1396.0
1373450 1393.2
1373460 1393.2
1373470 1389.9
1373480 1387.8
1373490 1387.8
1373500 1385.3
1373510 1383.2
1373520 1383.2
1373530 1381.5
1373540 1379.5
1373550 1379.5
1373560 1374.7
1373570 1368.3
1373580 1368.3
1373590 1361.0
1373600 1351.9
1373610 1351.9
1373620 1347.1
1373630 1357.8
1373640 1357.8
1373650 1370.4
1373660 1378.2
1373670 1385.2
1373680 1385.2
1373690 1392.5
1373700 1399.0
1373710 1399.0
1373720 1405.5
1373730 1412.0
1373740 1412.0
1373750 1417.6
1373760 1423.5
1373770 1423.5
1373780 1429.4
1373790 1436.0
1373800 1436.0
1373810 1443.3
1373820 1448.0
1373830 1448.0
1373840 1456.1
1373850 1462.0
1373860 1462.0
1373870 1467.7
1373880 1473.6
1373890 1473.6
1373900 1479.8
1373910 1485.6
1373920 1485.6
1373930 1491.8
1373940 1497.5
1373950 1503.1
1373960 1503.1
1373970 1508.2
1373980 1513.9
1373990 1513.9
1374000 1519.6
1374010 1525.8
1374020 1525.8
1374030 1531.8
1374040 1538.5
1374050 1538.5
1374060 1544.5
1374070 1550.5
1374080 1550.5
1374090 1556.5
1374100 1560.7
1374110 1560.7
1374120 1562.7
1374130 1563.4
1374140 1563.4
1374150 1563.2
1374160 1562.5
1374170 1562.5
1374180 1561.0
1374190 1558.6
1374200 1558.6
1374210 1555.1
1374220 1552.0
1374230 1550.8
1374240 1546.9
1374250 1545.4
1374260 1543.2
1374270 1543.2
1374280 1541.0
1374290 1538.2
1374300 1538.2
1374310 1535.2
1374320 1532.1
1374330 1532.1
1374340 1528.7
1374350 1524.8
1374360 1524.8
1374370 1517.9
1374380 1511.9
1374390 1511.9
1374400 1507.6
1374410 1503.4
1374420 1503.4
1374430 1501.1
1374440 1497.4
1374450 1497.4
1374460 1493.9
1374470 1491.7
1374480 1488.5
1374490 1488.5
1374500 1485.6
1374510 1483.1
1374520 1483.1
1374530 1480.7
1374540 1479.1
1374550 1479.1
1374560 1475.8
1374570 1475.5
1374580 1475.5
1374590 1476.8
1374600 1478.4
1374610 1478.4
1374620 1481.1
1374630 1480.7
1374640 1480.7
1374650 1480.4
1374660 1482.9
1374670 1482.9
1374680 1487.8
1374690 1492.6
1374700 1492.6
1374710 1497.0
1374720 1501.3
1374730 1501.3
1374740 1505.5
1374750 1509.5
1374760 1513.3
1374770 1513.3
1374780 1516.4
1374790 1519.1
1374800 1519.1
1374810 1520.9
1374820 1521.8
1374830 1521.8
1374840 1521.9
1374850 1521.9
1374860 1521.9
1374870 1520.3
1374880 1518.6
1374890 1518.6
1374900 1516.1
1374910 1513.3
1374920 1513.3
1374930 1510.0
1374940 1506.1
1374950 1506.1
1374960 1502.3
1374970 1497.4
1374980 1497.4
1374990 1491.8
1375000 1486.1
1375010 1486.1
1375020 1482.6
1375030 1479.7
1375040 1477.4
1375050 1477.4
1375060 1477.9
1375070 1479.8
1375080 1479.8
1375090 1477.0
1375100 1474.8
1375110 1474.8
1375120 1475.5
1375130 1476.4
1375140 1476.4
1375150 1476.6
1375160 1475.0
1375170 1475.0
1375180 1472.9
1375190 1470.2
1375200 1470.2
1375210 1467.5
1375220 1465.3
1375230 1465.3
1375240 1462.9
1375250 1460.8
1375260 1460.8
1375270 1458.6
1375280 1453.7
1375290 1447.5
1375300 1447.5
1375310 1442.0
1375320 1435.5
1375330 1435.5
1375340 1432.1
1375350 1426.2
1375360 1426.2
1375370 1423.3
1375380 1429.2
1375390 1429.2
1375400 1439.7
1375410 1449.0
1375420 1449.0
1375430 1456.6
1375440 1463.4
1375450 1463.4
1375460 1472.1
1375470 1479.0
1375480 1479.0
1375490 1486.3
1375500 1493.2
1375510 1493.2
1375520 1499.5
1375530 1505.7
1375540 1505.7
1375550 1511.5
1375560 1517.5
1375570 1523.6
1375580 1523.6
1375590 1530.5
1375600 1539.2
1375610 1539.2
1375620 1548.7
1375630 1559.9
1375640 1559.9
1375650 1571.3
1375660 1581.6
1375670 1581.6
1375680 1591.2
1375690 1599.5
1375700 1599.5
1375710 1608.0
1375720 1615.5
1375730 1615.5
1375740 1622.2
1375750 1628.4
1375760 1628.4
1375770 1630.8
1375780 1629.6
1375790 1629.6
1375800 1628.7
1375810 1627.1
1375820 1627.1
1375830 1625.7
1375840 1625.6
1375850 1625.6
1375860 1625.6
1375870 1625.1
1375880 1623.9
1375890 1623.9
1375900 1620.6
1375910 1617.5
1375920 1617.5
1375930 1615.7
1375940 1613.8
1375950 1613.8
1375960 1613.3
1375970 1612.0
1375980 1612.0
1375990 1610.7
1376000 1613.1
1376010 1613.1
1376020 1611.8
1376030 1609.4
1376040 1609.4
1376050 1616.9
1376060 1619.8
1376070 1619.8
1376080 1620.1
1376090 1622.7
1376100 1626.9
1376110 1626.9
1376120 1631.6
1376130 1636.6
1376140 1636.6
1376150 1641.5
1376160 1646.9
1376170 1646.9
1376180 1652.8
1376190 1659.3
1376200 1659.3
1376210 1665.9
1376220 1672.5
1376230 1672.5
1376240 1678.6
1376250 1684.0
1376260 1684.0
1376270 1687.9
1376280 1689.0
1376290 1689.0
1376300 1687.8
1376310 1685.4
1376320 1685.4
1376330 1683.9
1376340 1682.1
1376350 1682.1
1376360 1680.8
1376370 1677.2
1376380 1670.5
1376390 1670.5
1376400 1663.0
1376410 1656.7
1376420 1656.7
1376430 1651.9
1376440 1648.8
1376450 1648.8
1376460 1645.4
1376470 1651.8
1376480 1651.8
1376490 1660.0
1376500 1667.0
1376510 1667.0
1376520 1675.2
1376530 1683.7
1376540 1683.7
1376550 1692.7
1376560 1704.6
1376570 1704.6
1376580 1710.6
1376590 1716.8
1376600 1716.8
1376610 1722.7
1376620 1728.2
1376630 1728.2
1376640 1731.2
1376650 1730.8
1376660 1730.5
1376670 1730.5
1376680 1730.0
1376690 1729.8
1376700 1729.8
1376710 1729.1
1376720 1727.8
1376730 1727.8
1376740 1726.6
1376750 1725.1
1376760 1725.1
1376770 1723.2
1376780 1721.0
1376790 1721.0
1376800 1718.7
1376810 1716.7
1376820 1716.7
1376830 1714.8
1376840 1712.1
1376850 1712.1
1376860 1709.3
1376870 1706.7
1376880 1706.7
1376890 1703.5
1376900 1701.5
1376910 1700.9
1376920 1700.9
1376930 1696.2
1376940 1690.8
1376950 1690.8
1376960 1696.5
1376970 1703.3
1376980 1703.3
1376990 1707.1
1377000 1709.4
1377010 1709.4
1377020 1709.9
1377030 1713.2
1377040 1713.2
1377050 1716.3
1377060 1718.2
1377070 1718.2
1377080 1719.6
1377090 1721.8
1377100 1721.8
1377110 1726.2
1377120 1730.1
1377130 1730.1
1377140 1733.6
1377150 1735.1
1377160 1735.1
1377170 1736.4
1377180 1740.8
1377190 1744.4
1377200 1744.4
1377210 1747.7
1377220 1752.9
1377230 1752.9
1377240 1757.5
1377250 1761.6
1377260 1761.6
1377270 1765.1
1377280 1767.8
1377290 1767.8
1377300 1770.5
1377310 1773.4
1377320 1773.4
1377330 1776.6
1377340 1779.7
1377350 1779.7
1377360 1782.5
1377370 1785.2
1377380 1785.2
1377390 1787.6
1377400 1790.3
1377410 1790.3
1377420 1792.5
1377430 1794.4
1377440 1794.4
1377450 1797.1
1377460 1800.7
1377470 1804.5
1377480 1804.5
1377490 1808.4
1377500 1812.5
1377510 1812.5
1377520 1816.2
1377530 1817.1
1377540 1817.1
1377550 1816.9
1377560 1817.0
1377570 1817.0
1377580 1817.2
1377590 1816.5
1377600 1816.5
1377610 1816.4
1377620 1816.4
1377630 1816.4
1377640 1816.4
1377650 1816.4
1377660 1816.4
1377670 1816.4
1377680 1816.4
1377690 1816.4
1377700 1816.4
1377710 1816.5
1377720 1816.6
1377730 1816.6
1377740 1816.8
1377750 1816.9
1377760 1816.8
1377770 1816.9
1377780 1815.0
1377790 1815.0
1377800 1813.5
1377810 1813.5
1377820 1813.5
1377830 1815.5
1377840 1817.3
1377850 1817.3
1377860 1817.0
1377870 1816.6
1377880 1816.6
1377890 1816.5
1377900 1816.4
1377910 1816.4
1377920 1816.4
1377930 1816.4
1377940 1816.4
1377950 1816.4
1377960 1816.5
1377970 1816.5
1377980 1816.6
1377990 1816.9
1378000 1818.0
1378010 1818.0
1378020 1816.8
1378030 1814.3
1378040 1814.3
1378050 1813.4
1378060 1812.7
1378070 1812.7
1378080 1812.0
1378090 1810.1
1378100 1810.1
1378110 1808.0
1378120 1806.0
1378130 1806.0
1378140 1805.4
1378150 1807.2
1378160 1807.2
1378170 1809.4
1378180 1810.4
1378190 1810.4
1378200 1811.0
1378210 1812.0
1378220 1812.0
1378230 1813.7
1378240 1815.6
1378250 1815.6
1378260 1817.8
1378270 1820.3
1378280 1822.7
1378290 1822.7
1378300 1825.0
1378310 1826.3
1378320 1826.3
1378330 1826.6
1378340 1826.5
1378350 1826.5
1378360 1826.3
1378370 1826.7
1378380 1826.7
1378390 1827.5
1378400 1829.6
1378410 1829.6
1378420 1834.2
1378430 1840.3
1378440 1840.3
1378450 1844.4
1378460 1846.9
1378470 1846.9
1378480 1851.3
1378490 1856.5
1378500 1856.5
1378510 1859.8
1378520 1860.9
1378530 1860.0
1378540 1860.0
1378550 1858.2
1378560 1857.3
1378570 1857.3
1378580 1857.0
1378590 1856.9
1378600 1856.9
1378610 1856.5
1378620 1856.3
1378630 1856.3
1378640 1855.8
1378650 1855.7
1378660 1855.7
1378670 1855.6
1378680 1854.5
1378690 1854.5
1378700 1851.4
1378710 1846.7
1378720 1846.7
1378730 1841.3
1378740 1836.5
1378750 1836.5
1378760 1832.6
1378770 1829.4
1378780 1829.4
1378790 1826.7
1378800 1824.5
1378810 1822.9
1378820 1822.9
1378830 1821.1
1378840 1819.1
1378850 1819.1
1378860 1817.2
1378870 1815.1
1378880 1815.1
1378890 1812.3
1378900 1809.2
1378910 1809.2
1378920 1806.8
1378930 1805.3
1378940 1805.3
1378950 1804.0
1378960 1802.2
1378970 1802.2
1378980 1800.9
1378990 1798.4
1379000 1798.4
1379010 1794.6
1379020 1790.7
1379030 1790.7
1379040 1785.7
1379050 1779.6
1379060 1779.6
1379070 1774.5
1379080 1774.2
1379090 1775.1
1379100 1775.1
1379110 1776.4
1379120 1777.6
1379130 1777.6
1379140 1778.1
1379150 1778.0
1379160 1778.0
1379170 1777.1
1379180 1776.9
1379190 1776.9
1379200 1777.2
1379210 1776.2
1379220 1776.2
1379230 1774.0
1379240 1771.2
1379250 1771.2
1379260 1766.7
1379270 1760.6
1379280 1760.6
1379290 1754.1
1379300 1748.4
1379310 1748.4
1379320 1743.5
1379330 1738.8
1379340 1733.8
1379350 1733.8
1379360 1728.3
1379370 1721.2
1379380 1721.2
1379390 1713.2
1379400 1707.1
1379410 1707.1
1379420 1700.7
1379430 1693.5
1379440 1693.5
1379450 1685.2
1379460 1676.8
1379470 1676.8
1379480 1669.8
1379490 1662.6
1379500 1662.6
1379510 1655.9
1379520 1650.6
1379530 1650.6
1379540 1645.4
1379550 1640.1
1379560 1640.1
1379570 1634.9
1379580 1630.4
1379590 1630.4
1379600 1626.1
1379610 1621.0
1379620 1615.7
1379630 1615.7
1379640 1611.9
1379650 1608.1
1379660 1608.1
1379670 1603.9
1379680 1598.8
1379690 1598.8
1379700 1592.6
1379710 1588.5
1379720 1588.5
1379730 1585.6
1379740 1580.8
1379750 1580.8
1379760 1577.7
1379770 1573.9
1379780 1573.9
1379790 1570.5
1379800 1567.6
1379810 1567.6
1379820 1563.8
1379830 1560.2
1379840 1560.2
1379850 1556.8
1379860 1554.4
1379870 1554.4
1379880 1552.3
1379890 1550.4
1379900 1548.8
1379910 1548.8
1379920 1547.2
1379930 1546.6
1379940 1546.6
1379950 1545.6
1379960 1543.2
1379970 1543.2
1379980 1540.2
1379990 1536.1
