1360000 1678.3
1360010 1678.3
1360020 1677.3
1360030 1677.5
1360040 1679.1
1360050 1679.1
1360060 1680.8
1360070 1681.2
1360080 1681.2
1360090 1680.8
1360100 1680.4
1360110 1680.4
1360120 1680.8
1360130 1680.2
1360140 1680.2
1360150 1679.6
1360160 1679.4
1360170 1679.4
1360180 1679.2
1360190 1678.9
1360200 1678.9
1360210 1678.8
1360220 1683.0
1360230 1683.0
1360240 1687.8
1360250 1689.4
1360260 1689.4
1360270 1691.2
1360280 1697.1
1360290 1697.1
1360300 1703.7
1360310 1709.1
1360320 1714.1
1360330 1714.1
1360340 1720.3
1360350 1727.3
1360360 1727.3
1360370 1735.9
1360380 1744.6
1360390 1744.6
1360400 1753.9
1360410 1761.4
1360420 1761.4
1360430 1768.8
1360440 1776.4
1360450 1776.4
1360460 1783.5
1360470 1788.2
1360480 1788.2
1360490 1791.5
1360500 1794.8
1360510 1794.8
1360520 1798.2
1360530 1800.3
1360540 1800.3
1360550 1802.4
1360560 1805.5
1360570 1810.2
1360580 1810.2
1360590 1815.2
1360600 1821.7
1360610 1821.7
1360620 1830.1
1360630 1836.5
1360640 1836.5
1360650 1841.9
1360660 1846.3
1360670 1846.3
1360680 1847.5
1360690 1848.5
1360700 1848.5
1360710 1851.2
1360720 1855.4
1360730 1855.4
1360740 1859.9
1360750 1863.7
1360760 1863.7
1360770 1868.0
1360780 1873.6
1360790 1873.6
1360800 1879.5
1360810 1885.4
1360820 1885.4
1360830 1891.1
1360840 1896.4
1360850 1901.7
1360860 1901.7
1360870 1906.1
1360880 1911.2
1360890 1911.2
1360900 1917.8
1360910 1923.1
1360920 1923.1
1360930 1925.6
1360940 1926.7
1360950 1926.7
1360960 1927.7
1360970 1933.0
1360980 1933.0
1360990 1938.2
1361000 1943.4
1361010 1943.4
1361020 1950.1
1361030 1958.4
1361040 1958.4
1361050 1965.7
1361060 1973.2
1361070 1973.2
1361080 1979.9
1361090 1986.5
1361100 1986.5
1361110 1991.7
1361120 1997.9
1361130 2005.3
1361140 2005.3
1361150 2011.0
1361160 2016.6
1361170 2016.6
1361180 2022.4
1361190 2029.0
1361200 2029.0
1361210 2035.0
1361220 2041.9
1361230 2041.9
1361240 2049.8
1361250 2058.6
1361260 2058.6
1361270 2063.7
1361280 2067.1
1361290 2067.1
1361300 2072.0
1361310 2077.5
1361320 2077.5
1361330 2085.4
1361340 2091.7
1361350 2091.7
1361360 2095.6
1361370 2099.2
1361380 2099.2
1361390 2102.8
1361400 2107.2
1361410 2111.5
1361420 2111.5
1361430 2114.3
1361440 2113.9
1361450 2113.9
1361460 2110.0
1361470 2105.6
1361480 2105.6
1361490 2102.8
1361500 2098.7
1361510 2098.7
1361520 2094.1
1361530 2090.0
1361540 2090.0
1361550 2086.3
1361560 2081.3
1361570 2081.3
1361580 2074.2
1361590 2067.8
1361600 2067.8
1361610 2062.5
1361620 2059.4
1361630 2059.4
1361640 2057.0
1361650 2053.5
1361660 2046.6
1361670 2046.6
1361680 2039.3
1361690 2035.2
1361700 2035.2
1361710 2030.1
1361720 2023.3
1361730 2023.3
1361740 2018.4
1361750 2015.1
1361760 2015.1
1361770 2012.4
1361780 2009.2
1361790 2009.2
1361800 2004.9
1361810 2001.0
1361820 2001.0
1361830 1997.5
1361840 1993.8
1361850 1993.8
1361860 1990.9
1361870 1981.8
1361880 1981.8
1361890 1970.8
1361900 1963.8
1361910 1963.8
1361920 1958.0
1361930 1949.1
1361940 1938.4
1361950 1938.4
1361960 1924.9
1361970 1912.9
1361980 1912.9
1361990 1905.8
1362000 1904.3
1362010 1904.3
1362020 1896.6
1362030 1889.3
1362040 1889.3
1362050 1882.2
1362060 1875.3
1362070 1875.3
1362080 1868.7
1362090 1862.1
1362100 1862.1
1362110 1856.2
1362120 1851.2
1362130 1851.2
1362140 1848.1
1362150 1845.6
1362160 1845.6
1362170 1843.0
1362180 1840.3
1362190 1840.3
1362200 1837.6
1362210 1834.3
1362220 1830.9
1362230 1830.9
1362240 1827.7
1362250 1824.2
1362260 1824.2
1362270 1819.3
1362280 1814.8
1362290 1814.8
1362300 1810.4
1362310 1804.4
1362320 1804.4
1362330 1799.9
1362340 1796.7
1362350 1796.7
1362360 1793.8
1362370 1792.8
1362380 1792.8
1362390 1794.1
1362400 1795.6
1362410 1795.6
1362420 1797.4
1362430 1799.4
1362440 1799.4
1362450 1800.9
1362460 1802.5
1362470 1804.6
1362480 1804.6
1362490 1806.5
1362500 1807.0
1362510 1807.0
1362520 1807.4
1362530 1809.0
1362540 1809.0
1362550 1810.7
1362560 1814.6
1362570 1814.6
1362580 1818.2
1362590 1820.6
1362600 1820.6
1362610 1821.0
1362620 1820.9
1362630 1820.9
1362640 1821.8
1362650 1822.5
1362660 1822.5
1362670 1824.4
1362680 1827.9
1362690 1827.9
1362700 1830.0
1362710 1829.7
1362720 1829.7
1362730 1827.3
1362740 1827.5
1362750 1827.0
1362760 1827.0
1362770 1826.1
1362780 1825.4
1362790 1825.4
1362800 1823.7
1362810 1822.2
1362820 1822.2
1362830 1821.1
1362840 1820.7
1362850 1820.7
1362860 1821.3
1362870 1820.4
1362880 1820.4
1362890 1821.4
1362900 1823.4
1362910 1823.4
1362920 1824.6
1362930 1825.5
1362940 1825.5
1362950 1826.2
1362960 1826.9
1362970 1826.9
1362980 1827.3
1362990 1827.8
1363000 1827.8
1363010 1828.2
1363020 1828.5
1363030 1827.4
1363040 1829.6
1363050 1828.9
1363060 1827.0
1363070 1827.0
1363080 1825.5
1363090 1824.5
1363100 1824.5
1363110 1825.4
1363120 1828.8
1363130 1828.8
1363140 1831.7
1363150 1833.1
1363160 1833.1
1363170 1835.4
1363180 1838.7
1363190 1838.7
1363200 1841.6
1363210 1846.1
1363220 1846.1
1363230 1850.5
1363240 1854.1
1363250 1854.1
1363260 1857.0
1363270 1859.7
1363280 1859.7
1363290 1861.9
1363300 1864.4
1363310 1867.6
1363320 1867.6
1363330 1869.9
1363340 1871.1
1363350 1871.1
1363360 1872.4
1363370 1872.7
1363380 1872.7
1363390 1872.4
1363400 1872.3
1363410 1872.3
1363420 1875.7
1363430 1877.7
1363440 1877.7
1363450 1880.1
1363460 1881.6
1363470 1881.6
1363480 1883.4
1363490 1885.5
1363500 1885.5
1363510 1887.6
1363520 1889.5
1363530 1889.5
1363540 1891.1
1363550 1893.8
1363560 1896.3
1363570 1896.3
1363580 1899.3
1363590 1902.2
1363600 1902.2
1363610 1905.8
1363620 1909.5
1363630 1909.5
1363640 1913.4
1363650 1917.4
1363660 1917.4
1363670 1920.7
1363680 1923.9
1363690 1923.9
1363700 1926.9
1363710 1929.7
1363720 1929.7
1363730 1933.0
1363740 1936.8
1363750 1936.8
1363760 1939.8
1363770 1942.2
1363780 1942.2
1363790 1945.4
1363800 1949.6
1363810 1949.6
1363820 1954.8
1363830 1960.3
1363840 1965.9
1363850 1965.9
1363860 1971.8
1363870 1977.3
1363880 1977.3
1363890 1982.4
1363900 1987.6
1363910 1987.6
1363920 1991.8
1363930 1996.5
1363940 1996.5
1363950 2001.9
1363960 2006.5
1363970 2006.5
1363980 2010.3
1363990 2013.8
1364000 2013.8
1364010 2020.4
1364020 2026.1
1364030 2026.1
1364040 2030.4
1364050 2034.0
1364060 2034.0
1364070 2035.7
1364080 2036.3
1364090 2036.3
1364100 2036.4
1364110 2039.4
1364120 2045.1
1364130 2045.1
1364140 2050.5
1364150 2055.8
1364160 2055.8
1364170 2061.2
1364180 2067.1
1364190 2067.1
1364200 2074.1
1364210 2082.2
1364220 2082.2
1364230 2090.3
1364240 2097.6
1364250 2097.6
1364260 2104.8
1364270 2112.1
1364280 2112.1
1364290 2118.5
1364300 2120.7
1364310 2120.7
1364320 2118.6
1364330 2115.1
1364340 2115.1
1364350 2108.8
1364360 2101.5
1364370 2093.1
1364380 2093.1
1364390 2083.8
1364400 2076.2
1364410 2076.2
1364420 2070.8
1364430 2066.5
1364440 2066.5
1364450 2062.5
1364460 2059.2
1364470 2059.2
1364480 2057.1
1364490 2053.8
1364500 2053.8
1364510 2049.9
1364520 2046.8
1364530 2046.8
1364540 2043.6
1364550 2040.7
1364560 2040.7
1364570 2038.8
1364580 2037.4
1364590 2037.4
1364600 2037.0
1364610 2036.7
1364620 2036.7
1364630 2035.3
1364640 2033.4
1364650 2031.8
1364660 2031.8
1364670 2029.9
1364680 2027.9
1364690 2027.9
1364700 2025.7
1364710 2024.0
1364720 2024.0
1364730 2022.7
1364740 2020.5
1364750 2020.5
1364760 2018.0
1364770 2015.7
1364780 2015.7
1364790 2013.2
1364800 2010.8
1364810 2010.8
1364820 2007.7
1364830 2003.8
1364840 2003.8
1364850 1998.8
1364860 1993.2
1364870 1993.2
1364880 1987.8
1364890 1982.5
1364900 1982.5
1364910 1977.2
1364920 1972.0
1364930 1966.9
1364940 1966.9
1364950 1962.8
1364960 1959.2
1364970 1959.2
1364980 1957.3
1364990 1955.2
1365000 1955.2
1365010 1951.3
1365020 1945.9
1365030 1945.9
1365040 1938.7
1365050 1931.9
1365060 1931.9
1365070 1926.3
1365080 1921.3
1365090 1921.3
1365100 1916.3
1365110 1909.4
1365120 1909.4
1365130 1896.7
1365140 1883.3
1365150 1883.3
1365160 1870.9
1365170 1860.6
1365180 1860.6
1365190 1853.2
1365200 1841.4
1365210 1828.6
1365220 1828.6
1365230 1820.5
1365240 1813.1
1365250 1813.1
1365260 1805.9
1365270 1798.8
1365280 1798.8
1365290 1791.6
1365300 1784.8
1365310 1784.8
1365320 1777.9
1365330 1771.2
1365340 1771.2
1365350 1764.4
1365360 1757.8
1365370 1757.8
1365380 1751.4
1365390 1744.8
1365400 1744.8
1365410 1738.5
1365420 1732.5
1365430 1732.5
1365440 1726.2
1365450 1719.6
1365460 1711.5
1365470 1711.5
1365480 1703.8
1365490 1702.4
1365500 1702.4
1365510 1704.9
1365520 1703.0
1365530 1703.0
1365540 1702.3
1365550 1704.6
1365560 1704.6
1365570 1703.9
1365580 1701.3
1365590 1701.3
1365600 1700.2
1365610 1702.0
1365620 1702.0
1365630 1703.5
1365640 1706.8
1365650 1706.8
1365660 1709.8
1365670 1712.6
1365680 1712.6
1365690 1715.8
1365700 1718.9
1365710 1718.9
1365720 1723.4
1365730 1728.2
1365740 1732.1
1365750 1732.1
1365760 1735.7
1365770 1740.1
1365780 1740.1
1365790 1743.6
1365800 1747.3
1365810 1747.3
1365820 1750.6
1365830 1754.7
1365840 1754.7
1365850 1760.5
1365860 1765.7
1365870 1765.7
1365880 1769.6
1365890 1774.0
1365900 1774.0
1365910 1779.2
1365920 1785.0
1365930 1785.0
1365940 1790.0
1365950 1794.7
1365960 1794.7
1365970 1801.5
1365980 1807.4
1365990 1807.4
1366000 1814.9
1366010 1825.5
1366020 1835.2
1366030 1835.2
1366040 1843.6
1366050 1850.4
1366060 1850.4
1366070 1858.0
1366080 1865.7
1366090 1865.7
1366100 1873.2
1366110 1880.4
1366120 1880.4
1366130 1888.0
1366140 1895.2
1366150 1895.2
1366160 1902.4
1366170 1907.9
1366180 1907.9
1366190 1912.9
1366200 1918.8
1366210 1918.8
1366220 1924.5
1366230 1937.3
1366240 1937.3
1366250 1944.3
1366260 1949.9
1366270 1953.5
1366280 1953.5
1366290 1956.1
1366300 1958.6
1366310 1958.6
1366320 1962.1
1366330 1966.3
1366340 1966.3
1366350 1968.9
1366360 1971.9
1366370 1971.9
1366380 1975.9
1366390 1979.5
1366400 1979.5
1366410 1983.2
1366420 1987.6
1366430 1987.6
1366440 1993.2
1366450 1998.6
1366460 1998.6
1366470 2005.1
1366480 2011.0
1366490 2011.0
1366500 2015.5
1366510 2020.7
1366520 2020.7
1366530 2026.2
1366540 2031.7
1366550 2036.8
1366560 2036.8
1366570 2042.6
1366580 2048.2
1366590 2048.2
1366600 2051.6
1366610 2053.6
1366620 2053.6
1366630 2057.2
1366640 2060.4
1366650 2060.4
1366660 2063.1
1366670 2065.6
1366680 2065.6
1366690 2064.8
1366700 2065.3
1366710 2065.3
1366720 2067.1
1366730 2068.8
1366740 2068.8
1366750 2070.2
1366760 2071.5
1366770 2071.5
1366780 2071.6
1366790 2071.9
1366800 2071.9
1366810 2074.2
1366820 2076.6
1366830 2079.0
1366840 2079.0
1366850 2080.7
1366860 2081.0
1366870 2081.0
1366880 2081.4
1366890 2082.6
1366900 2082.6
1366910 2083.1
1366920 2083.9
1366930 2083.9
1366940 2085.1
1366950 2085.4
1366960 2085.4
1366970 2085.8
1366980 2086.9
1366990 2086.9
1367000 2088.5
1367010 2090.1
1367020 2090.1
1367030 2091.0
1367040 2092.0
1367050 2092.0
1367060 2093.0
1367070 2092.0
1367080 2092.0
1367090 2087.9
1367100 2083.0
1367110 2078.5
1367120 2078.5
1367130 2076.7
1367140 2074.4
1367150 2074.4
1367160 2070.3
1367170 2065.3
1367180 2065.3
1367190 2060.1
1367200 2055.6
1367210 2055.6
1367220 2052.9
1367230 2048.4
1367240 2048.4
1367250 2042.1
1367260 2035.0
1367270 2035.0
1367280 2032.9
1367290 2030.7
1367300 2030.7
1367310 2019.8
1367320 2013.1
1367330 2013.1
1367340 2007.6
1367350 2000.8
1367360 1995.5
1367370 1995.5
1367380 1992.4
1367390 1986.5
1367400 1986.5
1367410 1976.5
1367420 1966.6
1367430 1966.6
1367440 1958.9
1367450 1949.0
1367460 1949.0
1367470 1943.9
1367480 1940.3
1367490 1940.3
1367500 1934.0
1367510 1925.3
1367520 1925.3
1367530 1918.7
1367540 1911.9
1367550 1911.9
1367560 1903.1
1367570 1894.3
1367580 1894.3
1367590 1888.2
1367600 1881.8
1367610 1881.8
1367620 1874.8
1367630 1868.2
1367640 1863.2
1367650 1863.2
1367660 1858.5
1367670 1853.6
1367680 1853.6
1367690 1848.4
1367700 1842.6
1367710 1842.6
1367720 1835.5
1367730 1828.6
1367740 1828.6
1367750 1821.7
1367760 1815.4
1367770 1815.4
1367780 1808.7
1367790 1800.6
1367800 1800.6
1367810 1793.5
1367820 1787.4
1367830 1787.4
1367840 1781.3
1367850 1774.4
1367860 1774.4
1367870 1768.6
1367880 1762.9
1367890 1762.9
1367900 1756.5
1367910 1752.4
1367920 1747.1
1367930 1747.1
1367940 1741.0
1367950 1734.9
1367960 1734.9
1367970 1730.4
1367980 1725.2
1367990 1725.2
1368000 1719.1
1368010 1714.6
1368020 1714.6
1368030 1709.9
1368040 1705.7
1368050 1705.7
1368060 1701.2
1368070 1696.6
1368080 1696.6
1368090 1691.5
1368100 1688.1
1368110 1688.1
1368120 1684.9
1368130 1680.2
1368140 1680.2
1368150 1676.1
1368160 1673.9
1368170 1673.4
1368180 1673.4
1368190 1669.1
1368200 1667.6
1368210 1667.6
1368220 1663.1
1368230 1658.1
1368240 1658.1
1368250 1652.3
1368260 1645.4
1368270 1645.4
1368280 1638.1
1368290 1630.0
1368300 1630.0
1368310 1624.7
1368320 1622.8
1368330 1622.8
1368340 1620.7
1368350 1619.1
1368360 1619.1
1368370 1619.3
1368380 1619.7
1368390 1619.7
1368400 1619.9
1368410 1611.5
1368420 1611.5
1368430 1604.7
1368440 1597.7
1368450 1590.4
1368460 1590.4
1368470 1583.7
1368480 1577.3
1368490 1577.3
1368500 1571.7
1368510 1568.1
1368520 1568.1
1368530 1564.2
1368540 1560.3
1368550 1560.3
1368560 1557.6
1368570 1555.0
1368580 1555.0
1368590 1550.8
1368600 1548.2
1368610 1548.2
1368620 1543.4
1368630 1540.2
1368640 1540.2
1368650 1539.6
1368660 1536.8
1368670 1536.8
1368680 1533.9
1368690 1530.9
1368700 1530.9
1368710 1528.5
1368720 1526.6
1368730 1525.2
1368740 1525.2
1368750 1527.2
1368760 1530.9
1368770 1530.9
1368780 1530.1
1368790 1530.7
1368800 1530.7
1368810 1527.8
1368820 1527.2
1368830 1527.2
1368840 1528.9
1368850 1529.4
1368860 1529.4
1368870 1527.2
1368880 1522.9
1368890 1522.9
1368900 1518.9
1368910 1514.5
1368920 1514.5
1368930 1509.3
1368940 1504.4
1368950 1504.4
1368960 1499.1
1368970 1494.7
1368980 1494.7
1368990 1489.2
1369000 1483.5
1369010 1479.5
1369020 1479.5
1369030 1475.8
1369040 1472.3
1369050 1472.3
1369060 1468.1
1369070 1462.9
1369080 1462.9
1369090 1460.1
1369100 1458.1
1369110 1458.1
1369120 1455.0
1369130 1451.2
1369140 1451.2
1369150 1449.0
1369160 1446.7
1369170 1446.7
1369180 1444.2
1369190 1440.5
1369200 1440.5
1369210 1436.5
1369220 1433.1
1369230 1433.1
1369240 1428.4
1369250 1423.9
1369260 1420.8
1369270 1420.8
1369280 1418.5
1369290 1416.3
1369300 1416.3
1369310 1412.1
1369320 1409.4
1369330 1409.4
1369340 1405.4
1369350 1402.1
1369360 1402.1
1369370 1399.1
1369380 1396.4
1369390 1396.4
1369400 1394.0
1369410 1391.9
1369420 1391.9
1369430 1390.2
1369440 1388.4
1369450 1388.4
1369460 1387.0
1369470 1385.7
1369480 1385.7
1369490 1384.2
1369500 1382.7
1369510 1380.8
1369520 1378.7
1369530 1377.0
1369540 1375.9
1369550 1375.9
1369560 1375.6
1369570 1373.9
1369580 1373.9
1369590 1372.7
1369600 1372.4
1369610 1372.4
1369620 1371.9
1369630 1369.1
1369640 1369.1
1369650 1364.0
1369660 1361.0
1369670 1361.0
1369680 1359.3
1369690 1357.2
1369700 1357.2
1369710 1355.7
1369720 1354.3
1369730 1354.3
1369740 1353.5
1369750 1352.5
1369760 1352.5
1369770 1351.6
1369780 1351.1
1369790 1351.1
1369800 1350.3
1369810 1349.6
1369820 1348.5
1369830 1348.5
1369840 1347.5
1369850 1347.0
1369860 1347.0
1369870 1346.3
1369880 1346.2
1369890 1346.2
1369900 1346.5
1369910 1346.3
1369920 1346.3
1369930 1346.0
1369940 1345.7
1369950 1345.7
1369960 1345.4
1369970 1344.9
1369980 1344.9
1369990 1345.0
1370000 1345.0
1370010 1345.0
1370020 1345.4
1370030 1344.9
1370040 1344.9
1370050 1342.6
1370060 1343.3
1370070 1342.0
1370080 1342.0
1370090 1338.9
1370100 1336.7
1370110 1336.7
1370120 1336.0
1370130 1335.3
1370140 1335.3
1370150 1334.5
1370160 1335.1
1370170 1335.1
1370180 1336.0
1370190 1336.5
1370200 1336.5
1370210 1336.1
1370220 1337.6
1370230 1337.6
1370240 1339.1
1370250 1339.6
1370260 1339.6
1370270 1339.8
1370280 1338.7
1370290 1338.7
1370300 1336.7
1370310 1335.7
1370320 1335.7
1370330 1334.4
1370340 1332.9
1370350 1331.9
1370360 1331.9
1370370 1331.3
1370380 1330.9
1370390 1330.9
1370400 1329.9
1370410 1327.7
1370420 1327.7
1370430 1327.0
1370440 1327.4
1370450 1327.4
1370460 1332.2
1370470 1335.1
1370480 1335.1
1370490 1333.2
1370500 1333.2
1370510 1333.2
1370520 1333.7
1370530 1332.9
1370540 1332.9
1370550 1330.8
1370560 1328.6
1370570 1328.6
1370580 1325.9
1370590 1323.1
1370600 1323.1
1370610 1320.6
1370620 1320.4
1370630 1318.5
1370640 1318.5
1370650 1316.0
1370660 1313.1
1370670 1313.1
1370680 1311.9
1370690 1312.8
1370700 1312.8
1370710 1313.5
1370720 1312.7
1370730 1312.7
1370740 1311.8
1370750 1311.1
1370760 1311.1
1370770 1310.3
1370780 1310.0
1370790 1310.0
1370800 1310.0
1370810 1309.8
1370820 1309.8
1370830 1309.0
1370840 1308.1
1370850 1308.1
1370860 1307.6
1370870 1306.9
1370880 1306.9
1370890 1306.2
1370900 1305.7
1370910 1304.8
1370920 1304.8
1370930 1304.2
1370940 1303.8
1370950 1303.8
1370960 1303.2
1370970 1302.6
1370980 1302.6
1370990 1301.9
1371000 1301.1
1371010 1301.1
1371020 1300.6
1371030 1301.0
1371040 1301.0
1371050 1302.4
1371060 1301.8
1371070 1301.8
1371080 1302.2
1371090 1304.2
1371100 1304.2
1371110 1306.2
1371120 1306.3
1371130 1306.3
1371140 1306.0
1371150 1307.1
1371160 1309.0
1371170 1309.0
1371180 1311.4
1371190 1317.9
1371200 1317.9
1371210 1320.7
1371220 1320.1
1371230 1320.1
1371240 1326.2
1371250 1332.4
1371260 1332.4
1371270 1335.3
1371280 1336.5
1371290 1336.5
1371300 1335.2
1371310 1342.3
1371320 1342.3
1371330 1348.1
1371340 1350.3
1371350 1350.3
1371360 1352.7
1371370 1361.2
1371380 1361.2
1371390 1366.8
1371400 1369.7
1371410 1369.7
1371420 1372.2
1371430 1374.3
1371440 1376.2
1371450 1376.2
1371460 1378.4
1371470 1380.3
1371480 1380.3
1371490 1382.0
1371500 1383.4
1371510 1383.4
1371520 1384.0
1371530 1385.2
1371540 1385.2
1371550 1386.6
1371560 1388.6
1371570 1388.6
1371580 1388.7
1371590 1386.9
1371600 1386.9
1371610 1383.5
1371620 1379.4
1371630 1379.4
1371640 1381.6
1371650 1385.1
1371660 1385.1
1371670 1386.4
1371680 1387.4
1371690 1387.4
1371700 1388.4
1371710 1388.6
1371720 1388.2
1371730 1388.2
1371740 1389.0
1371750 1386.2
1371760 1386.2
1371770 1387.7
1371780 1388.5
1371790 1388.5
1371800 1388.6
1371810 1389.8
1371820 1389.8
1371830 1390.6
1371840 1392.4
1371850 1392.4
1371860 1394.1
1371870 1394.7
1371880 1394.7
1371890 1395.4
1371900 1398.9
1371910 1398.9
1371920 1401.3
1371930 1402.9
1371940 1402.9
1371950 1404.8
1371960 1406.9
1371970 1406.9
1371980 1407.7
1371990 1407.9
1372000 1408.0
1372010 1408.0
1372020 1407.0
1372030 1398.9
1372040 1398.9
1372050 1390.7
1372060 1381.8
1372070 1381.8
1372080 1371.9
1372090 1363.0
1372100 1363.0
1372110 1354.9
1372120 1348.4
1372130 1348.4
1372140 1357.5
1372150 1371.6
1372160 1371.6
1372170 1389.6
1372180 1393.9
1372190 1393.9
1372200 1396.1
1372210 1399.6
1372220 1399.6
1372230 1405.8
1372240 1411.4
1372250 1415.2
1372260 1415.2
1372270 1419.2
1372280 1423.1
1372290 1423.1
1372300 1427.0
1372310 1432.4
1372320 1432.4
1372330 1437.2
1372340 1440.8
1372350 1440.8
1372360 1444.9
1372370 1450.3
1372380 1450.3
1372390 1455.5
1372400 1459.4
1372410 1459.4
1372420 1462.6
1372430 1466.7
1372440 1466.7
1372450 1470.4
1372460 1475.0
1372470 1475.0
1372480 1479.7
1372490 1483.3
1372500 1483.3
1372510 1486.3
1372520 1491.3
1372530 1495.9
1372540 1495.9
1372550 1500.9
1372560 1506.1
1372570 1506.1
1372580 1512.6
1372590 1517.6
1372600 1517.6
1372610 1522.2
1372620 1527.7
1372630 1527.7
1372640 1532.7
1372650 1537.4
1372660 1537.4
1372670 1541.8
1372680 1546.0
1372690 1546.0
1372700 1549.9
1372710 1553.8
1372720 1553.8
1372730 1558.4
1372740 1562.5
1372750 1562.5
1372760 1565.8
1372770 1568.4
1372780 1568.4
1372790 1572.6
1372800 1578.5
1372810 1583.2
1372820 1583.2
1372830 1587.3
1372840 1591.2
1372850 1591.2
1372860 1595.4
1372870 1600.1
1372880 1594.7
1372890 1599.6
1372900 1603.3
1372910 1603.3
1372920 1606.1
1372930 1608.2
1372940 1608.2
1372950 1609.7
1372960 1611.5
1372970 1611.5
1372980 1612.7
1372990 1613.5
1373000 1613.5
1373010 1614.1
1373020 1614.2
1373030 1614.2
1373040 1614.0
1373050 1613.1
1373060 1611.8
1373070 1611.8
1373080 1611.3
1373090 1611.8
1373100 1611.8
1373110 1612.6
1373120 1613.8
1373130 1613.8
1373140 1614.9
1373150 1614.7
1373160 1614.7
1373170 1613.1
1373180 1610.4
1373190 1610.4
1373200 1604.4
1373210 1598.2
1373220 1598.2
1373230 1591.7
1373240 1583.5
1373250 1583.5
1373260 1577.4
1373270 1570.4
1373280 1570.4
1373290 1563.9
1373300 1558.5
1373310 1558.5
1373320 1553.1
1373330 1547.2
1373340 1543.5
1373350 1543.5
1373360 1539.8
1373370 1536.1
1373380 1536.1
1373390 1532.4
1373400 1531.7
1373410 1531.7
1373420 1531.9
1373430 1531.5
1373440 1531.5
1373450 1530.0
1373460 1531.9
1373470 1531.9
1373480 1532.2
1373490 1534.0
1373500 1534.0
1373510 1535.6
1373520 1531.8
1373530 1531.8
1373540 1528.4
1373550 1526.7
1373560 1526.7
1373570 1526.2
1373580 1523.8
1373590 1523.8
1373600 1516.7
1373610 1508.9
1373620 1500.4
1373630 1500.4
1373640 1492.0
1373650 1485.8
1373660 1485.8
1373670 1480.8
1373680 1468.4
1373690 1468.4
1373700 1464.7
1373710 1473.2
1373720 1473.2
1373730 1482.6
1373740 1492.3
1373750 1492.3
1373760 1502.4
1373770 1517.1
1373780 1517.1
1373790 1525.3
1373800 1532.5
1373810 1532.5
1373820 1539.3
1373830 1545.8
1373840 1545.8
1373850 1552.5
1373860 1559.7
1373870 1559.7
1373880 1567.4
1373890 1575.3
1373900 1583.2
1373910 1583.2
1373920 1590.2
1373930 1597.0
1373940 1597.0
1373950 1604.0
1373960 1609.6
1373970 1609.6
1373980 1615.4
1373990 1621.2
1374000 1621.2
1374010 1626.6
1374020 1632.7
1374030 1629.4
1374040 1635.1
1374050 1640.4
1374060 1640.4
1374070 1646.2
1374080 1651.5
1374090 1651.5
1374100 1656.8
1374110 1662.0
1374120 1662.0
1374130 1667.1
1374140 1672.0
1374150 1676.2
1374160 1676.2
1374170 1672.6
1374180 1665.2
1374190 1665.2
1374200 1659.2
1374210 1655.4
1374220 1655.4
1374230 1651.8
1374240 1649.0
1374250 1649.0
1374260 1647.3
1374270 1645.9
1374280 1645.9
1374290 1644.9
1374300 1644.6
1374310 1644.6
1374320 1644.7
1374330 1643.8
1374340 1643.8
1374350 1643.9
1374360 1646.5
1374370 1646.5
1374380 1650.0
1374390 1656.4
1374400 1656.4
1374410 1663.4
1374420 1666.4
1374430 1666.2
1374440 1666.2
1374450 1664.8
1374460 1661.4
1374470 1661.4
1374480 1657.3
1374490 1653.6
1374500 1653.6
1374510 1649.9
1374520 1646.6
1374530 1646.6
1374540 1647.6
1374550 1649.0
1374560 1649.0
1374570 1647.6
1374580 1643.9
1374590 1643.9
1374600 1640.9
1374610 1639.0
1374620 1639.0
1374630 1634.7
1374640 1630.4
1374650 1630.4
1374660 1631.5
1374670 1640.6
1374680 1640.6
1374690 1649.6
1374700 1658.4
1374710 1664.7
1374720 1664.7
1374730 1670.0
1374740 1674.7
1374750 1674.7
1374760 1679.7
1374770 1685.1
1374780 1685.1
1374790 1688.1
1374800 1692.0
1374810 1692.0
1374820 1696.1
1374830 1700.7
1374840 1700.7
1374850 1703.6
1374860 1705.9
1374870 1705.9
1374880 1707.0
1374890 1706.7
1374900 1706.7
1374910 1705.7
1374920 1705.5
1374930 1705.5
1374940 1705.0
1374950 1703.9
1374960 1703.4
1374970 1703.4
1374980 1703.0
1374990 1701.8
1375000 1701.8
1375010 1700.9
1375020 1701.5
1375030 1701.5
1375040 1703.0
1375050 1702.9
1375060 1702.9
1375070 1700.9
1375080 1695.3
1375090 1695.3
1375100 1686.4
1375110 1680.4
1375120 1680.4
1375130 1674.0
1375140 1667.0
1375150 1667.0
1375160 1664.2
1375170 1663.4
1375180 1663.4
1375190 1650.8
1375200 1644.3
1375210 1644.3
1375220 1640.5
1375230 1634.7
1375240 1629.2
1375250 1629.2
1375260 1626.5
1375270 1625.6
1375280 1625.6
1375290 1623.0
1375300 1618.7
1375310 1618.7
1375320 1611.4
1375330 1600.4
1375340 1600.4
1375350 1595.3
1375360 1601.2
1375370 1601.2
1375380 1604.7
1375390 1603.6
1375400 1603.6
1375410 1603.8
1375420 1607.9
1375430 1607.9
1375440 1612.2
1375450 1613.5
1375460 1613.5
1375470 1613.6
1375480 1614.5
1375490 1614.5
1375500 1616.3
1375510 1615.6
1375520 1615.4
1375530 1615.4
1375540 1615.5
1375550 1615.3
1375560 1615.3
1375570 1615.3
1375580 1615.1
1375590 1615.1
1375600 1613.2
1375610 1607.5
1375620 1607.5
1375630 1608.7
1375640 1615.6
1375650 1615.6
1375660 1619.7
1375670 1620.9
1375680 1620.9
1375690 1622.6
1375700 1625.1
1375710 1625.1
1375720 1627.4
1375730 1629.3
1375740 1629.3
1375750 1631.0
1375760 1630.6
1375770 1630.6
1375780 1630.3
1375790 1632.7
1375800 1632.6
1375810 1632.6
1375820 1639.1
1375830 1646.4
1375840 1646.4
1375850 1652.9
1375860 1658.5
1375870 1658.5
1375880 1663.6
1375890 1668.4
1375900 1668.4
1375910 1673.5
1375920 1679.2
1375930 1679.2
1375940 1684.4
1375950 1690.0
1375960 1690.0
1375970 1695.8
1375980 1701.3
1375990 1701.3
1376000 1705.7
1376010 1711.0
1376020 1711.0
1376030 1714.9
1376040 1718.8
1376050 1722.6
1376060 1722.6
1376070 1725.7
1376080 1728.8
1376090 1728.8
1376100 1731.2
1376110 1733.2
1376120 1733.2
1376130 1735.6
1376140 1739.6
1376150 1739.6
1376160 1743.0
1376170 1746.6
1376180 1746.6
1376190 1750.5
1376200 1754.9
1376210 1754.9
1376220 1760.6
1376230 1766.2
1376240 1766.2
1376250 1771.1
1376260 1775.9
1376270 1775.9
1376280 1780.3
1376290 1784.5
1376300 1784.5
1376310 1788.5
1376320 1792.9
1376330 1796.7
1376340 1796.7
1376350 1799.6
1376360 1799.9
1376370 1799.9
1376380 1801.5
1376390 1804.7
1376400 1804.7
1376410 1808.8
1376420 1812.7
1376430 1812.7
1376440 1815.5
1376450 1818.4
1376460 1818.4
1376470 1821.3
1376480 1826.1
1376490 1826.1
1376500 1832.0
1376510 1838.2
1376520 1838.2
1376530 1843.8
1376540 1848.1
1376550 1848.1
1376560 1852.1
1376570 1856.5
1376580 1856.5
1376590 1860.3
1376600 1863.4
1376610 1865.9
1376620 1865.9
1376630 1868.4
1376640 1871.2
1376650 1871.2
1376660 1874.0
1376670 1874.6
1376680 1874.6
1376690 1874.1
1376700 1873.5
1376710 1873.5
1376720 1873.0
1376730 1872.3
1376740 1872.3
1376750 1871.2
1376760 1869.5
1376770 1869.5
1376780 1868.1
1376790 1866.9
1376800 1866.9
1376810 1865.8
1376820 1865.0
1376830 1865.0
1376840 1864.2
1376850 1863.5
1376860 1862.8
1376870 1862.8
1376880 1861.9
1376890 1861.4
1376900 1861.4
1376910 1861.2
1376920 1861.8
1376930 1861.8
1376940 1861.6
1376950 1860.9
1376960 1860.9
1376970 1861.3
1376980 1861.6
1376990 1861.6
1377000 1862.9
1377010 1864.8
1377020 1864.8
1377030 1866.4
1377040 1868.2
1377050 1868.2
1377060 1869.9
1377070 1871.3
1377080 1871.3
1377090 1872.2
1377100 1873.2
1377110 1873.2
1377120 1873.6
1377130 1874.2
1377140 1875.3
1377150 1875.3
1377160 1876.3
1377170 1877.9
1377180 1877.9
1377190 1879.8
1377200 1881.5
1377210 1881.5
1377220 1882.4
1377230 1884.1
1377240 1884.1
1377250 1885.4
1377260 1886.8
1377270 1886.8
1377280 1888.4
1377290 1888.7
1377300 1888.7
1377310 1888.5
1377320 1887.5
1377330 1887.5
1377340 1885.3
1377350 1882.4
1377360 1882.4
1377370 1879.8
1377380 1877.8
1377390 1877.8
1377400 1875.4
1377410 1872.6
1377420 1870.3
1377430 1870.3
1377440 1868.8
1377450 1867.6
1377460 1867.6
1377470 1866.2
1377480 1864.8
1377490 1864.8
1377500 1862.6
1377510 1859.9
1377520 1859.9
1377530 1857.5
1377540 1857.6
1377550 1857.6
1377560 1856.0
1377570 1854.2
1377580 1854.2
1377590 1851.9
1377600 1848.6
1377610 1848.6
1377620 1844.1
1377630 1839.0
1377640 1839.0
1377650 1835.1
1377660 1831.7
1377670 1828.3
1377680 1828.3
1377690 1824.1
1377700 1819.8
1377710 1819.8
1377720 1815.5
1377730 1811.6
1377740 1811.6
1377750 1808.7
1377760 1805.9
1377770 1805.9
1377780 1803.6
1377790 1801.7
1377800 1801.7
1377810 1800.0
1377820 1798.6
1377830 1798.6
1377840 1797.3
1377850 1796.1
1377860 1796.1
1377870 1795.0
1377880 1793.9
1377890 1793.9
1377900 1792.3
1377910 1790.7
1377920 1790.7
1377930 1788.9
1377940 1787.0
1377950 1784.8
1377960 1784.8
1377970 1782.5
1377980 1779.9
1377990 1779.9
1378000 1777.3
1378010 1775.0
1378020 1775.0
1378030 1773.4
1378040 1770.7
1378050 1770.7
1378060 1767.3
1378070 1763.9
1378080 1763.9
1378090 1759.9
1378100 1756.4
1378110 1756.4
1378120 1752.7
1378130 1748.8
1378140 1748.8
1378150 1744.6
1378160 1740.0
1378170 1740.0
1378180 1735.8
1378190 1731.7
1378200 1731.7
1378210 1729.5
1378220 1724.1
1378230 1721.7
1378240 1721.7
1378250 1722.6
1378260 1723.5
1378270 1723.5
1378280 1724.0
1378290 1724.7
1378300 1724.7
1378310 1726.2
1378320 1726.8
1378330 1726.8
1378340 1727.3
1378350 1727.6
1378360 1727.6
1378370 1728.0
1378380 1728.7
1378390 1728.7
1378400 1730.0
1378410 1731.2
1378420 1731.2
1378430 1732.7
1378440 1734.3
1378450 1734.3
1378460 1735.6
1378470 1737.0
1378480 1737.0
1378490 1738.4
1378500 1740.2
1378510 1742.3
1378520 1742.3
1378530 1744.4
1378540 1745.9
1378550 1745.9
1378560 1747.2
1378570 1748.6
1378580 1748.6
1378590 1750.5
1378600 1753.0
1378610 1753.0
1378620 1755.3
1378630 1756.7
1378640 1756.7
1378650 1758.4
1378660 1760.6
1378670 1760.6
1378680 1764.5
1378690 1768.1
1378700 1768.1
1378710 1771.6
1378720 1774.7
1378730 1774.7
1378740 1777.6
1378750 1776.6
1378760 1775.4
1378770 1775.4
1378780 1774.8
1378790 1774.1
1378800 1774.1
1378810 1773.4
1378820 1771.6
1378830 1771.6
1378840 1767.9
1378850 1763.7
1378860 1763.7
1378870 1762.3
1378880 1761.7
1378890 1761.7
1378900 1761.1
1378910 1760.4
1378920 1760.4
1378930 1759.5
1378940 1758.4
1378950 1758.4
1378960 1756.9
1378970 1756.3
1378980 1756.3
1378990 1757.7
1379000 1759.3
1379010 1759.3
1379020 1760.2
1379030 1760.7
1379040 1760.6
1379050 1760.6
1379060 1759.7
1379070 1758.3
1379080 1758.3
1379090 1756.2
1379100 1753.2
1379110 1753.2
1379120 1750.0
1379130 1746.6
1379140 1746.6
1379150 1743.8
1379160 1739.4
1379170 1739.4
1379180 1733.2
1379190 1725.9
1379200 1725.9
1379210 1719.8
1379220 1713.9
1379230 1713.9
1379240 1709.1
1379250 1704.5
1379260 1704.5
1379270 1699.7
1379280 1694.8
1379290 1694.8
1379300 1689.6
1379310 1684.6
1379320 1680.1
1379330 1680.1
1379340 1675.9
1379350 1671.8
1379360 1671.8
1379370 1668.3
1379380 1665.4
1379390 1665.4
1379400 1663.2
1379410 1661.9
1379420 1661.9
1379430 1661.3
1379440 1661.7
1379450 1661.7
1379460 1659.3
1379470 1654.5
1379480 1654.5
1379490 1650.8
1379500 1648.7
1379510 1648.7
1379520 1649.0
1379530 1649.5
1379540 1649.5
1379550 1649.1
1379560 1647.8
1379570 1645.6
1379580 1645.6
1379590 1642.5
1379600 1638.8
1379610 1638.8
1379620 1635.6
1379630 1632.1
1379640 1632.1
1379650 1629.7
1379660 1628.6
1379670 1628.6
1379680 1626.8
1379690 1623.9
1379700 1623.9
1379710 1620.8
1379720 1618.0
1379730 1618.0
1379740 1614.9
1379750 1611.4
1379760 1611.4
1379770 1606.7
1379780 1598.3
1379790 1598.3
1379800 1589.9
1379810 1582.8
1379820 1582.8
1379830 1577.0
1379840 1572.1
1379850 1567.1
1379860 1567.1
1379870 1561.9
1379880 1556.4
1379890 1556.4
1379900 1550.3
1379910 1544.0
1379920 1544.0
1379930 1538.5
1379940 1533.9
1379950 1535.5
1379960 1530.6
1379970 1528.3
1379980 1528.3
1379990 1527.3
