1360000 1604.0
1360010 1612.5
1360020 1620.1
1360030 1620.1
1360040 1625.3
1360050 1631.0
1360060 1631.0
1360070 1634.6
1360080 1638.4
1360090 1638.4
1360100 1643.4
1360110 1647.2
1360120 1647.2
1360130 1651.7
1360140 1655.5
1360150 1660.0
1360160 1660.0
1360170 1663.1
1360180 1664.3
1360190 1664.3
1360200 1664.9
1360210 1666.2
1360220 1666.2
1360230 1667.3
1360240 1669.4
1360250 1669.4
1360260 1672.8
1360270 1678.2
1360280 1678.2
1360290 1683.6
1360300 1688.5
1360310 1688.5
1360320 1693.1
1360330 1697.7
1360340 1697.7
1360350 1703.5
1360360 1709.2
1360370 1709.2
1360380 1714.0
1360390 1717.8
1360400 1717.8
1360410 1721.5
1360420 1725.7
1360430 1730.2
1360440 1730.2
1360450 1736.6
1360460 1743.2
1360470 1743.2
1360480 1748.6
1360490 1753.8
1360500 1753.8
1360510 1757.8
1360520 1761.0
1360530 1761.0
1360540 1766.1
1360550 1771.6
1360560 1771.6
1360570 1777.5
1360580 1784.4
1360590 1784.4
1360600 1791.6
1360610 1796.9
1360620 1796.9
1360630 1802.4
1360640 1808.5
1360650 1808.5
1360660 1814.7
1360670 1819.4
1360680 1819.4
1360690 1823.2
1360700 1827.9
1360710 1830.4
1360720 1830.4
1360730 1833.0
1360740 1838.9
1360750 1838.9
1360760 1846.7
1360770 1853.3
1360780 1853.3
1360790 1857.0
1360800 1860.1
1360810 1860.1
1360820 1865.8
1360830 1877.7
1360840 1877.7
1360850 1882.9
1360860 1886.9
1360870 1886.9
1360880 1891.2
1360890 1895.6
1360900 1895.6
1360910 1899.3
1360920 1901.3
1360930 1901.3
1360940 1904.4
1360950 1910.1
1360960 1910.1
1360970 1917.3
1360980 1920.7
1360990 1920.8
1361000 1920.8
1361010 1919.7
1361020 1919.7
1361030 1919.7
1361040 1921.8
1361050 1921.3
1361060 1921.3
1361070 1921.9
1361080 1924.8
1361090 1924.8
1361100 1928.6
1361110 1931.4
1361120 1931.4
1361130 1932.6
1361140 1935.3
1361150 1935.3
1361160 1940.8
1361170 1945.9
1361180 1945.9
1361190 1949.4
1361200 1954.6
1361210 1954.6
1361220 1957.9
1361230 1960.3
1361240 1961.2
1361250 1961.2
1361260 1959.0
1361270 1957.3
1361280 1957.3
1361290 1954.9
1361300 1952.3
1361310 1952.3
1361320 1952.7
1361330 1951.1
1361340 1951.1
1361350 1949.5
1361360 1947.8
1361370 1947.8
1361380 1946.0
1361390 1943.0
1361400 1943.0
1361410 1939.2
1361420 1937.0
1361430 1937.0
1361440 1935.5
1361450 1934.7
1361460 1934.7
1361470 1935.5
1361480 1934.2
1361490 1934.2
1361500 1931.4
1361510 1928.1
1361520 1926.2
1361530 1926.2
1361540 1925.4
1361550 1922.5
1361560 1922.5
1361570 1919.6
1361580 1916.8
1361590 1916.8
1361600 1913.0
1361610 1909.7
1361620 1909.7
1361630 1908.3
1361640 1904.9
1361650 1904.9
1361660 1902.9
1361670 1902.4
1361680 1902.4
1361690 1900.0
1361700 1897.7
1361710 1897.7
1361720 1895.6
1361730 1893.9
1361740 1893.9
1361750 1893.5
1361760 1893.9
1361770 1893.9
1361780 1892.6
1361790 1891.0
1361800 1889.8
1361810 1889.8
1361820 1888.2
1361830 1886.9
1361840 1886.9
1361850 1885.0
1361860 1882.2
1361870 1886.1
1361880 1881.4
1361890 1876.6
1361900 1876.6
1361910 1873.1
1361920 1870.4
1361930 1870.4
1361940 1867.1
1361950 1863.5
1361960 1863.5
1361970 1860.5
1361980 1857.2
1361990 1857.2
1362000 1853.0
1362010 1847.8
1362020 1847.8
1362030 1842.1
1362040 1836.2
1362050 1836.2
1362060 1830.0
1362070 1823.3
1362080 1815.7
1362090 1815.7
1362100 1808.5
1362110 1802.8
1362120 1802.8
1362130 1796.7
1362140 1790.9
1362150 1790.9
1362160 1785.5
1362170 1780.0
1362180 1780.0
1362190 1774.6
1362200 1769.5
1362210 1769.5
1362220 1764.3
1362230 1758.6
1362240 1758.6
1362250 1752.7
1362260 1747.9
1362270 1747.9
1362280 1743.6
1362290 1738.7
1362300 1738.7
1362310 1733.7
1362320 1730.6
1362330 1735.3
1362340 1735.3
1362350 1740.3
1362360 1741.2
1362370 1741.2
1362380 1742.3
1362390 1743.4
1362400 1743.4
1362410 1743.8
1362420 1743.3
1362430 1743.3
1362440 1742.9
1362450 1742.8
1362460 1742.8
1362470 1738.7
1362480 1740.3
1362490 1740.3
1362500 1747.9
1362510 1747.6
1362520 1747.6
1362530 1745.8
1362540 1745.2
1362550 1745.2
1362560 1745.1
1362570 1745.1
1362580 1745.1
1362590 1745.7
1362600 1746.2
1362610 1746.8
1362620 1746.8
1362630 1746.9
1362640 1747.1
1362650 1747.1
1362660 1747.6
1362670 1748.3
1362680 1748.3
1362690 1748.8
1362700 1749.0
1362710 1749.0
1362720 1749.9
1362730 1750.5
1362740 1750.5
1362750 1751.3
1362760 1753.3
1362770 1753.3
1362780 1757.4
1362790 1760.6
1362800 1760.6
1362810 1762.0
1362820 1762.7
1362830 1762.7
1362840 1761.2
1362850 1757.4
1362860 1757.4
1362870 1753.2
1362880 1748.8
1362890 1746.5
1362900 1746.5
1362910 1748.8
1362920 1751.1
1362930 1751.1
1362940 1752.0
1362950 1752.3
1362960 1752.3
1362970 1753.4
1362980 1754.9
1362990 1754.9
1363000 1754.9
1363010 1752.1
1363020 1752.1
1363030 1750.6
1363040 1750.2
1363050 1750.2
1363060 1749.7
1363070 1748.4
1363080 1748.4
1363090 1747.6
1363100 1748.0
1363110 1748.0
1363120 1749.4
1363130 1751.9
1363140 1751.9
1363150 1755.1
1363160 1759.0
1363170 1763.6
1363180 1763.6
1363190 1768.6
1363200 1773.7
1363210 1773.7
1363220 1777.5
1363230 1780.3
1363240 1780.3
1363250 1783.0
1363260 1787.2
1363270 1787.2
1363280 1792.5
1363290 1798.2
1363300 1798.2
1363310 1804.8
1363320 1811.9
1363330 1811.9
1363340 1819.2
1363350 1827.6
1363360 1827.6
1363370 1836.9
1363380 1843.9
1363390 1843.9
1363400 1849.6
1363410 1856.3
1363420 1863.3
1363430 1863.3
1363440 1868.7
1363450 1873.2
1363460 1873.2
1363470 1879.1
1363480 1887.5
1363490 1887.5
1363500 1895.8
1363510 1904.8
1363520 1904.8
1363530 1912.5
1363540 1917.9
1363550 1917.9
1363560 1919.6
1363570 1919.4
1363580 1919.4
1363590 1923.7
1363600 1930.6
1363610 1930.6
1363620 1937.1
1363630 1943.5
1363640 1943.5
1363650 1949.6
1363660 1957.5
1363670 1957.5
1363680 1966.2
1363690 1974.0
1363700 1984.3
1363710 1984.3
1363720 1997.7
1363730 2006.1
1363740 2006.1
1363750 2010.5
1363760 2016.2
1363770 2016.2
1363780 2024.7
1363790 2031.8
1363800 2031.8
1363810 2039.4
1363820 2049.3
1363830 2049.3
1363840 2058.1
1363850 2064.8
1363860 2064.8
1363870 2071.0
1363880 2076.8
1363890 2076.8
1363900 2082.5
1363910 2088.7
1363920 2088.7
1363930 2094.5
1363940 2100.2
1363950 2100.2
1363960 2110.4
1363970 2115.1
1363980 2119.2
1363990 2119.2
1364000 2124.7
1364010 2128.2
1364020 2128.2
1364030 2116.3
1364040 2106.9
1364050 2106.9
1364060 2100.0
1364070 2091.8
1364080 2091.8
1364090 2082.7
1364100 2074.2
1364110 2074.2
1364120 2067.2
1364130 2060.6
1364140 2060.6
1364150 2053.7
1364160 2046.8
1364170 2046.8
1364180 2040.1
1364190 2034.2
1364200 2034.2
1364210 2028.5
1364220 2023.4
1364230 2023.4
1364240 2019.1
1364250 2015.2
1364260 2011.5
1364270 2011.5
1364280 2008.3
1364290 2005.9
1364300 2005.9
1364310 2002.6
1364320 1998.9
1364330 1998.9
1364340 1995.3
1364350 1992.6
1364360 1992.6
1364370 1990.6
1364380 1989.1
1364390 1989.1
1364400 1989.6
1364410 1990.9
1364420 1990.9
1364430 1986.8
1364440 1980.7
1364450 1980.7
1364460 1974.4
1364470 1970.2
1364480 1970.2
1364490 1967.5
1364500 1964.6
1364510 1962.1
1364520 1962.1
1364530 1959.7
1364540 1957.0
1364550 1957.0
1364560 1953.9
1364570 1950.4
1364580 1950.4
1364590 1945.7
1364600 1938.8
1364610 1938.8
1364620 1931.3
1364630 1923.3
1364640 1923.3
1364650 1915.0
1364660 1907.2
1364670 1907.2
1364680 1900.5
1364690 1893.8
1364700 1893.8
1364710 1886.8
1364720 1880.8
1364730 1880.8
1364740 1875.2
1364750 1869.4
1364760 1869.4
1364770 1864.9
1364780 1862.4
1364790 1860.4
1364800 1860.4
1364810 1858.8
1364820 1856.4
1364830 1856.4
1364840 1853.7
1364850 1849.8
1364860 1849.8
1364870 1846.1
1364880 1841.9
1364890 1841.9
1364900 1837.2
1364910 1834.7
1364920 1834.7
1364930 1832.9
1364940 1830.0
1364950 1830.0
1364960 1826.3
1364970 1822.2
1364980 1822.2
1364990 1817.8
1365000 1813.8
1365010 1813.8
1365020 1813.2
1365030 1808.8
1365040 1808.8
1365050 1801.0
1365060 1790.1
1365070 1779.5
1365080 1779.5
1365090 1770.3
1365100 1768.8
1365110 1768.8
1365120 1776.7
1365130 1779.9
1365140 1779.9
1365150 1776.8
1365160 1774.0
1365170 1774.0
1365180 1770.6
1365190 1766.3
1365200 1766.3
1365210 1762.1
1365220 1757.5
1365230 1757.5
1365240 1752.5
1365250 1747.3
1365260 1747.3
1365270 1742.3
1365280 1737.1
1365290 1737.1
1365300 1732.4
1365310 1727.0
1365320 1727.0
1365330 1723.0
1365340 1719.0
1365350 1715.2
1365360 1715.2
1365370 1711.8
1365380 1708.5
1365390 1708.5
1365400 1705.3
1365410 1701.3
1365420 1701.3
1365430 1697.2
1365440 1693.1
1365450 1693.1
1365460 1688.3
1365470 1682.1
1365480 1682.1
1365490 1677.4
1365500 1673.7
1365510 1673.7
1365520 1670.6
1365530 1667.5
1365540 1667.5
1365550 1663.1
1365560 1658.6
1365570 1658.6
1365580 1654.2
1365590 1649.8
1365600 1645.3
1365610 1645.3
1365620 1641.9
1365630 1639.2
1365640 1639.2
1365650 1637.8
1365660 1635.8
1365670 1635.8
1365680 1634.2
1365690 1632.8
1365700 1632.8
1365710 1630.6
1365720 1629.5
1365730 1629.5
1365740 1632.7
1365750 1639.0
1365760 1639.0
1365770 1644.4
1365780 1648.0
1365790 1648.0
1365800 1651.1
1365810 1654.8
1365820 1654.8
1365830 1659.6
1365840 1663.6
1365850 1663.6
1365860 1667.8
1365870 1672.2
1365880 1676.3
1365890 1676.3
1365900 1680.4
1365910 1685.0
1365920 1685.0
1365930 1689.0
1365940 1693.0
1365950 1693.0
1365960 1697.0
1365970 1700.7
1365980 1700.7
1365990 1704.5
1366000 1708.9
1366010 1708.9
1366020 1711.9
1366030 1714.5
1366040 1714.5
1366050 1716.8
1366060 1720.0
1366070 1720.0
1366080 1723.9
1366090 1735.7
1366100 1735.7
1366110 1739.2
1366120 1744.0
1366130 1744.0
1366140 1750.5
1366150 1756.4
1366160 1763.0
1366170 1763.0
1366180 1769.7
1366190 1777.5
1366200 1777.5
1366210 1783.2
1366220 1788.0
1366230 1788.0
1366240 1791.5
1366250 1793.7
1366260 1793.7
1366270 1797.9
1366280 1803.0
1366290 1803.0
1366300 1808.5
1366310 1814.8
1366320 1814.8
1366330 1822.3
1366340 1829.3
1366350 1829.3
1366360 1835.1
1366370 1839.5
1366380 1839.5
1366390 1844.1
1366400 1849.0
1366410 1849.0
1366420 1854.8
1366430 1859.8
1366440 1864.7
1366450 1864.7
1366460 1870.7
1366470 1877.0
1366480 1877.0
1366490 1882.7
1366500 1887.4
1366510 1887.4
1366520 1893.3
1366530 1899.9
1366540 1899.9
1366550 1906.1
1366560 1913.2
1366570 1913.2
1366580 1921.2
1366590 1927.8
1366600 1927.8
1366610 1933.2
1366620 1938.9
1366630 1938.9
1366640 1943.7
1366650 1951.1
1366660 1951.1
1366670 1958.5
1366680 1965.0
1366690 1971.5
1366700 1971.5
1366710 1979.2
1366720 1987.1
1366730 1987.1
1366740 1995.7
1366750 2005.0
1366760 2005.0
1366770 2012.0
1366780 2014.1
1366790 2014.1
1366800 2015.8
1366810 2019.1
1366820 2019.1
1366830 2021.0
1366840 2021.7
1366850 2021.7
1366860 2023.6
1366870 2026.1
1366880 2026.1
1366890 2027.9
1366900 2028.7
1366910 2028.7
1366920 2030.8
1366930 2036.8
1366940 2036.8
1366950 2039.1
1366960 2039.6
1366970 2039.7
1366980 2039.7
1366990 2038.5
1367000 2038.6
1367010 2038.6
1367020 2040.1
1367030 2038.8
1367040 2038.8
1367050 2036.8
1367060 2036.2
1367070 2036.2
1367080 2036.0
1367090 2035.5
1367100 2035.5
1367110 2034.6
1367120 2033.0
1367130 2033.0
1367140 2030.3
1367150 2026.7
1367160 2026.7
1367170 2023.6
1367180 2018.8
1367190 2018.8
1367200 2016.7
1367210 2014.5
1367220 2014.5
1367230 2011.5
1367240 2007.6
1367250 2004.3
1367260 2004.3
1367270 2000.4
1367280 1996.8
1367290 1996.8
1367300 1995.3
1367310 1994.9
1367320 1994.9
1367330 1993.8
1367340 1992.0
1367350 1992.0
1367360 1990.8
1367370 1989.7
1367380 1989.7
1367390 1986.6
1367400 1984.7
1367410 1984.7
1367420 1982.9
1367430 1980.7
1367440 1980.7
1367450 1979.7
1367460 1979.1
1367470 1979.1
1367480 1979.5
1367490 1980.2
1367500 1980.2
1367510 1981.4
1367520 1983.8
1367530 1985.6
1367540 1985.6
1367550 1985.1
1367560 1983.9
1367570 1983.9
1367580 1982.2
1367590 1980.3
1367600 1980.3
1367610 1977.9
1367620 1975.1
1367630 1975.1
1367640 1972.0
1367650 1968.5
1367660 1968.5
1367670 1964.4
1367680 1959.5
1367690 1959.5
1367700 1955.7
1367710 1953.1
1367720 1953.1
1367730 1950.5
1367740 1947.7
1367750 1947.7
1367760 1944.6
1367770 1941.8
1367780 1938.5
1367790 1938.5
1367800 1934.7
1367810 1930.5
1367820 1930.5
1367830 1927.3
1367840 1924.2
1367850 1924.2
1367860 1921.1
1367870 1917.8
1367880 1917.8
1367890 1914.0
1367900 1910.6
1367910 1910.6
1367920 1907.4
1367930 1904.1
1367940 1904.1
1367950 1900.8
1367960 1897.1
1367970 1897.1
1367980 1892.9
1367990 1889.2
1368000 1889.2
1368010 1886.0
1368020 1882.7
1368030 1882.7
1368040 1879.3
1368050 1876.2
1368060 1873.3
1368070 1873.3
1368080 1870.7
1368090 1868.4
1368100 1868.4
1368110 1865.8
1368120 1862.4
1368130 1862.4
1368140 1857.7
1368150 1854.5
1368160 1854.5
1368170 1850.8
1368180 1846.6
1368190 1846.6
1368200 1843.2
1368210 1839.6
1368220 1839.6
1368230 1837.2
1368240 1834.6
1368250 1834.6
1368260 1831.5
1368270 1825.1
1368280 1825.1
1368290 1822.1
1368300 1819.1
1368310 1819.1
1368320 1815.1
1368330 1811.3
1368340 1807.2
1368350 1807.2
1368360 1802.6
1368370 1796.9
1368380 1796.9
1368390 1790.1
1368400 1783.7
1368410 1783.7
1368420 1778.7
1368430 1773.8
1368440 1773.8
1368450 1769.0
1368460 1764.5
1368470 1764.5
1368480 1760.3
1368490 1754.3
1368500 1754.3
1368510 1748.7
1368520 1744.5
1368530 1744.5
1368540 1741.5
1368550 1737.4
1368560 1737.4
1368570 1735.3
1368580 1731.5
1368590 1731.5
1368600 1726.6
1368610 1719.6
1368620 1713.2
1368630 1713.2
1368640 1705.0
1368650 1697.2
1368660 1697.2
1368670 1692.7
1368680 1688.1
1368690 1688.1
1368700 1683.8
1368710 1682.4
1368720 1682.4
1368730 1683.0
1368740 1682.5
1368750 1682.5
1368760 1682.9
1368770 1683.1
1368780 1683.1
1368790 1679.4
1368800 1672.3
1368810 1672.3
1368820 1666.9
1368830 1665.9
1368840 1665.9
1368850 1666.9
1368860 1666.8
1368870 1665.3
1368880 1665.3
1368890 1662.7
1368900 1659.4
1368910 1659.4
1368920 1655.6
1368930 1651.3
1368940 1651.3
1368950 1646.1
1368960 1640.7
1368970 1640.7
1368980 1635.0
1368990 1629.8
1369000 1629.8
1369010 1624.4
1369020 1615.9
1369030 1615.9
1369040 1608.5
1369050 1603.5
1369060 1603.5
1369070 1597.2
1369080 1591.2
1369090 1591.2
1369100 1586.7
1369110 1581.0
1369120 1581.0
1369130 1576.2
1369140 1570.3
1369150 1565.8
1369160 1565.8
1369170 1561.8
1369180 1557.5
1369190 1557.5
1369200 1551.4
1369210 1546.2
1369220 1546.2
1369230 1540.5
1369240 1534.7
1369250 1534.7
1369260 1526.6
1369270 1522.1
1369280 1522.1
1369290 1520.0
1369300 1512.1
1369310 1512.1
1369320 1504.2
1369330 1497.9
1369340 1497.9
1369350 1489.7
1369360 1480.2
1369370 1483.2
1369380 1476.3
1369390 1467.5
1369400 1467.5
1369410 1456.7
1369420 1453.4
1369430 1453.0
1369440 1453.0
1369450 1457.0
1369460 1466.0
1369470 1466.0
1369480 1471.2
1369490 1471.3
1369500 1471.3
1369510 1475.0
1369520 1476.8
1369530 1476.8
1369540 1477.1
1369550 1475.4
1369560 1475.4
1369570 1472.1
1369580 1468.5
1369590 1468.5
1369600 1464.4
1369610 1460.6
1369620 1460.6
1369630 1456.8
1369640 1452.4
1369650 1452.4
1369660 1448.4
1369670 1445.3
1369680 1445.3
1369690 1443.0
1369700 1440.9
1369710 1438.6
1369720 1438.6
1369730 1437.5
1369740 1435.1
1369750 1435.1
1369760 1430.1
1369770 1426.5
1369780 1426.5
1369790 1422.0
1369800 1419.8
1369810 1419.8
1369820 1414.8
1369830 1418.8
1369840 1418.8
1369850 1423.6
1369860 1422.1
1369870 1422.1
1369880 1418.6
1369890 1415.3
1369900 1415.3
1369910 1413.0
1369920 1410.0
1369930 1410.0
1369940 1407.6
1369950 1406.7
1369960 1406.4
1369970 1406.4
1369980 1406.7
1369990 1406.3
1370000 1406.3
1370010 1405.5
1370020 1406.0
1370030 1406.0
1370040 1405.7
1370050 1405.3
1370060 1405.3
1370070 1404.1
1370080 1402.0
1370090 1402.0
1370100 1399.4
1370110 1397.3
1370120 1397.3
1370130 1394.1
1370140 1391.0
1370150 1391.0
1370160 1386.8
1370170 1382.8
1370180 1382.8
1370190 1381.2
1370200 1381.0
1370210 1381.0
1370220 1383.6
1370230 1387.1
1370240 1392.9
1370250 1392.9
1370260 1394.1
1370270 1394.8
1370280 1394.8
1370290 1395.7
1370300 1396.6
1370310 1396.6
1370320 1397.2
1370330 1397.3
1370340 1397.3
1370350 1397.5
1370360 1398.0
1370370 1398.0
1370380 1398.6
1370390 1398.5
1370400 1398.5
1370410 1397.3
1370420 1394.0
1370430 1394.0
1370440 1396.2
1370450 1400.4
1370460 1400.4
1370470 1400.8
1370480 1399.0
1370490 1399.0
1370500 1398.5
1370510 1397.2
1370520 1390.2
1370530 1390.2
1370540 1379.9
1370550 1372.8
1370560 1372.8
1370570 1377.0
1370580 1386.0
1370590 1386.0
1370600 1394.1
1370610 1398.3
1370620 1398.3
1370630 1399.8
1370640 1401.5
1370650 1401.5
1370660 1403.0
1370670 1405.4
1370680 1405.4
1370690 1407.8
1370700 1411.0
1370710 1411.0
1370720 1414.3
1370730 1415.6
1370740 1415.6
1370750 1417.5
1370760 1419.2
1370770 1419.2
1370780 1417.1
1370790 1417.8
1370800 1424.3
1370810 1424.3
1370820 1426.9
1370830 1429.2
1370840 1429.2
1370850 1431.4
1370860 1431.1
1370870 1431.1
1370880 1432.8
1370890 1437.0
1370900 1437.0
1370910 1441.2
1370920 1444.3
1370930 1444.3
1370940 1446.0
1370950 1450.4
1370960 1450.4
1370970 1449.5
1370980 1445.9
1370990 1445.9
1371000 1453.3
1371010 1460.4
1371020 1460.4
1371030 1467.7
1371040 1474.6
1371050 1478.2
1371060 1478.2
1371070 1478.4
1371080 1477.2
1371090 1477.2
1371100 1485.9
1371110 1490.8
1371120 1490.8
1371130 1494.5
1371140 1497.3
1371150 1497.3
1371160 1497.7
1371170 1501.8
1371180 1501.8
1371190 1506.5
1371200 1512.8
1371210 1512.8
1371220 1517.4
1371230 1520.2
1371240 1520.2
1371250 1523.4
1371260 1525.4
1371270 1525.4
1371280 1528.8
1371290 1530.6
1371300 1530.6
1371310 1532.7
1371320 1536.1
1371330 1537.4
1371340 1537.4
1371350 1542.4
1371360 1546.9
1371370 1546.9
1371380 1550.8
1371390 1553.5
1371400 1553.5
1371410 1556.9
1371420 1558.0
1371430 1558.0
1371440 1558.8
1371450 1561.0
1371460 1561.0
1371470 1563.9
1371480 1566.4
1371490 1566.4
1371500 1567.5
1371510 1567.2
1371520 1567.2
1371530 1567.9
1371540 1569.7
1371550 1569.7
1371560 1570.0
1371570 1570.0
1371580 1570.0
1371590 1569.7
1371600 1564.8
1371610 1563.7
1371620 1563.7
1371630 1562.7
1371640 1561.9
1371650 1561.9
1371660 1562.4
1371670 1563.3
1371680 1563.3
1371690 1564.9
1371700 1566.5
1371710 1566.5
1371720 1565.6
1371730 1564.0
1371740 1564.0
1371750 1561.7
1371760 1560.4
1371770 1560.4
1371780 1559.7
1371790 1558.2
1371800 1558.2
1371810 1556.9
1371820 1555.0
1371830 1555.0
1371840 1551.9
1371850 1544.8
1371860 1544.8
1371870 1534.6
1371880 1525.9
1371890 1522.4
1371900 1522.4
1371910 1525.2
1371920 1531.6
1371930 1531.6
1371940 1540.8
1371950 1547.2
1371960 1547.2
1371970 1548.7
1371980 1550.1
1371990 1550.1
1372000 1551.5
1372010 1553.7
1372020 1553.7
1372030 1554.7
1372040 1556.9
1372050 1556.9
1372060 1560.1
1372070 1562.1
1372080 1562.1
1372090 1562.6
1372100 1562.4
1372110 1562.4
1372120 1561.8
1372130 1560.3
1372140 1558.8
1372150 1558.8
1372160 1557.1
1372170 1555.7
1372180 1555.7
1372190 1553.4
1372200 1550.2
1372210 1550.2
1372220 1545.7
1372230 1539.7
1372240 1539.7
1372250 1533.7
1372260 1527.6
1372270 1527.6
1372280 1525.1
1372290 1522.6
1372300 1522.6
1372310 1523.2
1372320 1533.1
1372330 1533.1
1372340 1537.5
1372350 1538.5
1372360 1538.5
1372370 1541.6
1372380 1548.2
1372390 1548.2
1372400 1556.4
1372410 1563.6
1372420 1569.7
1372430 1569.7
1372440 1574.9
1372450 1579.8
1372460 1579.8
1372470 1585.1
1372480 1590.4
1372490 1590.4
1372500 1595.5
1372510 1600.4
1372520 1600.4
1372530 1605.1
1372540 1610.3
1372550 1610.3
1372560 1616.6
1372570 1623.2
1372580 1623.2
1372590 1629.8
1372600 1635.4
1372610 1635.4
1372620 1641.8
1372630 1647.4
1372640 1647.4
1372650 1652.5
1372660 1660.3
1372670 1660.3
1372680 1668.3
1372690 1676.0
1372700 1683.4
1372710 1683.4
1372720 1689.9
1372730 1696.4
1372740 1694.9
1372750 1701.9
1372760 1706.7
1372770 1706.7
1372780 1710.7
1372790 1714.2
1372800 1714.2
1372810 1717.4
1372820 1720.7
1372830 1720.7
1372840 1723.0
1372850 1727.2
1372860 1727.2
1372870 1730.4
1372880 1732.0
1372890 1732.0
1372900 1733.5
1372910 1737.8
1372920 1737.8
1372930 1741.3
1372940 1743.7
1372950 1743.7
1372960 1746.6
1372970 1749.0
1372980 1751.0
1372990 1751.0
1373000 1752.6
1373010 1754.5
1373020 1754.5
1373030 1756.3
1373040 1757.8
1373050 1757.8
1373060 1758.4
1373070 1761.0
1373080 1761.0
1373090 1762.1
1373100 1756.1
1373110 1756.1
1373120 1750.9
1373130 1745.3
1373140 1745.3
1373150 1739.9
1373160 1734.0
1373170 1734.0
1373180 1728.1
1373190 1721.8
1373200 1721.8
1373210 1715.2
1373220 1710.5
1373230 1709.0
1373240 1709.0
1373250 1706.0
1373260 1704.0
1373270 1704.0
1373280 1703.9
1373290 1701.6
1373300 1701.6
1373310 1699.0
1373320 1698.1
1373330 1698.1
1373340 1699.1
1373350 1701.2
1373360 1701.2
1373370 1702.2
1373380 1703.1
1373390 1703.1
1373400 1703.0
1373410 1698.5
1373420 1698.5
1373430 1694.6
1373440 1692.0
1373450 1692.0
1373460 1686.2
1373470 1682.1
1373480 1682.1
1373490 1679.8
1373500 1675.5
1373510 1667.6
1373520 1667.6
1373530 1660.5
1373540 1656.2
1373550 1656.2
1373560 1646.8
1373570 1631.5
1373580 1631.5
1373590 1625.0
1373600 1640.8
1373610 1640.8
1373620 1653.1
1373630 1663.6
1373640 1663.6
1373650 1666.9
1373660 1671.2
1373670 1671.2
1373680 1675.4
1373690 1678.4
1373700 1678.4
1373710 1681.3
1373720 1683.1
1373730 1683.1
1373740 1681.6
1373750 1677.6
1373760 1677.6
1373770 1671.2
1373780 1662.5
1373790 1661.0
1373800 1661.0
1373810 1665.1
1373820 1666.4
1373830 1666.4
1373840 1666.2
1373850 1664.5
1373860 1664.5
1373870 1663.1
1373880 1655.0
1373890 1655.0
1373900 1649.1
1373910 1645.2
1373920 1645.2
1373930 1640.4
1373940 1635.3
1373950 1635.3
1373960 1630.6
1373970 1626.2
1373980 1626.2
1373990 1625.5
1374000 1635.8
1374010 1635.8
1374020 1650.3
1374030 1664.4
1374040 1664.4
1374050 1674.6
1374060 1685.9
1374070 1694.3
1374080 1694.3
1374090 1701.3
1374100 1708.0
1374110 1708.0
1374120 1715.4
1374130 1721.9
1374140 1721.9
1374150 1727.4
1374160 1732.7
1374170 1732.7
1374180 1737.4
1374190 1741.9
1374200 1741.9
1374210 1745.5
1374220 1748.7
1374230 1748.7
1374240 1752.3
1374250 1755.8
1374260 1755.8
1374270 1759.9
1374280 1764.3
1374290 1764.3
1374300 1768.7
1374310 1774.5
1374320 1779.8
1374330 1779.8
1374340 1783.9
1374350 1787.7
1374360 1787.7
1374370 1792.3
1374380 1796.8
1374390 1796.8
1374400 1801.6
1374410 1806.4
1374420 1806.4
1374430 1811.5
1374440 1816.2
1374450 1816.2
1374460 1820.3
1374470 1824.5
1374480 1824.5
1374490 1829.2
1374500 1833.4
1374510 1833.4
1374520 1837.2
1374530 1840.5
1374540 1840.5
1374550 1844.3
1374560 1849.1
1374570 1849.1
1374580 1853.4
1374590 1856.9
1374600 1859.5
1374610 1859.5
1374620 1861.0
1374630 1862.7
1374640 1862.7
1374650 1865.0
1374660 1867.3
1374670 1867.3
1374680 1868.0
1374690 1868.0
1374700 1868.0
1374710 1868.1
1374720 1868.1
1374730 1868.1
1374740 1867.3
1374750 1866.2
1374760 1866.2
1374770 1864.7
1374780 1862.2
1374790 1862.2
1374800 1858.3
1374810 1855.8
1374820 1855.8
1374830 1852.6
1374840 1849.8
1374850 1849.8
1374860 1847.6
1374870 1845.9
1374880 1845.8
1374890 1845.8
1374900 1845.5
1374910 1844.9
1374920 1844.9
1374930 1843.2
1374940 1842.7
1374950 1842.7
1374960 1842.1
1374970 1841.2
1374980 1841.2
1374990 1839.7
1375000 1838.3
1375010 1838.3
1375020 1838.5
1375030 1838.1
1375040 1832.7
1375050 1832.9
1375060 1832.7
1375070 1832.7
1375080 1833.1
1375090 1832.0
1375100 1832.0
1375110 1831.6
1375120 1832.3
1375130 1833.1
1375140 1833.1
1375150 1833.1
1375160 1834.0
1375170 1834.0
1375180 1834.7
1375190 1834.5
1375200 1834.5
1375210 1834.3
1375220 1834.1
1375230 1834.1
1375240 1833.2
1375250 1831.5
1375260 1831.5
1375270 1829.3
1375280 1825.7
1375290 1825.7
1375300 1821.2
1375310 1816.7
1375320 1816.7
1375330 1812.4
1375340 1810.4
1375350 1810.4
1375360 1806.9
1375370 1804.0
1375380 1804.0
1375390 1799.7
1375400 1794.6
1375410 1788.6
1375420 1788.6
1375430 1783.9
1375440 1782.5
1375450 1782.5
1375460 1780.3
1375470 1780.7
1375480 1780.7
1375490 1780.2
1375500 1778.9
1375510 1778.9
1375520 1778.7
1375530 1780.2
1375540 1780.2
1375550 1780.6
1375560 1780.2
1375570 1780.2
1375580 1781.8
1375590 1783.9
1375600 1783.9
1375610 1789.7
1375620 1794.5
1375630 1794.5
1375640 1798.5
1375650 1802.5
1375660 1802.5
1375670 1805.8
1375680 1808.3
1375690 1811.4
1375700 1811.4
1375710 1814.6
1375720 1817.1
1375730 1817.1
1375740 1819.1
1375750 1819.0
1375760 1819.0
1375770 1820.2
1375780 1823.0
1375790 1823.0
1375800 1824.4
1375810 1824.6
1375820 1824.6
1375830 1824.7
1375840 1824.3
1375850 1824.3
1375860 1822.4
1375870 1823.2
1375880 1823.2
1375890 1822.3
1375900 1822.5
1375910 1822.5
1375920 1823.5
1375930 1826.6
1375940 1826.6
1375950 1828.0
1375960 1830.3
1375970 1832.6
1375980 1832.6
1375990 1836.0
1376000 1838.7
1376010 1838.7
1376020 1840.9
1376030 1843.9
1376040 1843.9
1376050 1846.1
1376060 1848.4
1376070 1848.4
1376080 1850.6
1376090 1853.6
1376100 1853.6
1376110 1856.7
1376120 1860.4
1376130 1860.4
1376140 1863.1
1376150 1865.8
1376160 1865.8
1376170 1868.2
1376180 1870.5
1376190 1870.5
1376200 1873.0
1376210 1871.2
1376220 1873.8
1376230 1873.8
1376240 1876.0
1376250 1878.8
1376260 1878.8
1376270 1881.6
1376280 1884.9
1376290 1884.9
1376300 1890.5
1376310 1896.8
1376320 1896.8
1376330 1900.1
1376340 1901.5
1376350 1901.5
1376360 1902.1
1376370 1902.4
1376380 1902.4
1376390 1901.7
1376400 1900.3
1376410 1900.3
1376420 1898.8
1376430 1897.5
1376440 1897.5
1376450 1896.0
1376460 1894.2
1376470 1894.2
1376480 1891.4
1376490 1889.9
1376500 1889.8
1376510 1889.8
1376520 1890.0
1376530 1890.2
1376540 1890.2
1376550 1890.9
1376560 1892.0
1376570 1892.0
1376580 1892.7
1376590 1892.9
1376600 1892.9
1376610 1892.7
1376620 1892.4
1376630 1892.4
1376640 1892.4
1376650 1891.9
1376660 1891.9
1376670 1891.1
1376680 1891.8
1376690 1891.8
1376700 1892.6
1376710 1893.3
1376720 1893.3
1376730 1893.6
1376740 1893.4
1376750 1893.4
1376760 1892.7
1376770 1891.7
1376780 1891.0
1376790 1891.0
1376800 1890.2
1376810 1889.2
1376820 1889.2
1376830 1887.9
1376840 1886.8
1376850 1886.8
1376860 1886.9
1376870 1886.9
1376880 1886.9
1376890 1886.5
1376900 1885.8
1376910 1885.8
1376920 1884.9
1376930 1885.3
1376940 1885.3
1376950 1886.7
1376960 1889.2
1376970 1889.2
1376980 1891.4
1376990 1894.5
1377000 1894.5
1377010 1897.9
1377020 1901.4
1377030 1901.4
1377040 1902.8
1377050 1902.0
1377060 1900.0
1377070 1900.0
1377080 1898.7
1377090 1898.1
1377100 1898.1
1377110 1896.5
1377120 1891.0
1377130 1891.0
1377140 1884.0
1377150 1877.1
1377160 1877.1
1377170 1870.7
1377180 1865.1
1377190 1865.1
1377200 1860.3
1377210 1855.4
1377220 1855.4
1377230 1851.5
1377240 1847.0
1377250 1847.0
1377260 1842.8
1377270 1837.1
1377280 1837.1
1377290 1831.7
1377300 1827.5
1377310 1824.5
1377320 1824.5
1377330 1821.5
1377340 1818.2
1377350 1818.2
1377360 1814.7
1377370 1811.2
1377380 1811.2
1377390 1809.8
1377400 1806.9
1377410 1806.9
1377420 1805.0
1377430 1803.1
1377440 1803.1
1377450 1801.0
1377460 1799.0
1377470 1799.0
1377480 1796.9
1377490 1793.9
1377500 1793.9
1377510 1792.6
1377520 1791.2
1377530 1791.2
1377540 1790.2
1377550 1788.3
1377560 1788.3
1377570 1785.8
1377580 1783.3
1377590 1781.0
1377600 1781.0
1377610 1779.0
1377620 1777.9
1377630 1777.9
1377640 1776.1
1377650 1772.5
1377660 1772.5
1377670 1774.0
1377680 1774.5
1377690 1774.5
1377700 1773.9
1377710 1771.6
1377720 1771.6
1377730 1768.1
1377740 1764.9
1377750 1764.9
1377760 1762.3
1377770 1761.2
1377780 1761.2
1377790 1760.5
1377800 1759.0
1377810 1759.0
1377820 1757.8
1377830 1756.2
1377840 1756.2
1377850 1754.3
1377860 1751.2
1377870 1747.9
1377880 1747.9
1377890 1745.4
1377900 1742.9
1377910 1742.9
1377920 1740.4
1377930 1737.7
1377940 1737.7
1377950 1735.4
1377960 1733.3
1377970 1733.3
1377980 1730.9
1377990 1728.4
1378000 1728.4
1378010 1724.8
1378020 1721.9
1378030 1721.9
1378040 1719.7
1378050 1717.2
1378060 1717.2
1378070 1714.8
1378080 1710.7
1378090 1710.7
1378100 1704.0
1378110 1695.7
1378120 1695.7
1378130 1688.4
1378140 1682.3
1378150 1676.3
1378160 1676.3
1378170 1670.2
1378180 1664.2
1378190 1664.2
1378200 1658.7
1378210 1653.7
1378220 1653.7
1378230 1649.3
1378240 1644.1
1378250 1644.1
1378260 1639.5
1378270 1634.5
1378280 1634.5
1378290 1630.5
1378300 1626.2
1378310 1626.2
1378320 1621.7
1378330 1618.4
1378340 1618.4
1378350 1614.2
1378360 1609.7
1378370 1609.7
1378380 1605.6
1378390 1601.3
1378400 1597.5
1378410 1597.5
1378420 1593.9
1378430 1592.6
1378440 1592.6
1378450 1596.6
1378460 1602.6
1378470 1602.6
1378480 1606.3
1378490 1609.6
1378500 1609.6
1378510 1613.2
1378520 1616.8
1378530 1616.8
1378540 1620.8
1378550 1625.0
1378560 1625.0
1378570 1629.9
1378580 1639.0
1378590 1639.0
1378600 1646.0
1378610 1654.0
1378620 1654.0
1378630 1664.2
1378640 1672.1
1378650 1672.1
1378660 1677.5
1378670 1683.4
1378680 1689.2
1378690 1689.2
1378700 1693.9
1378710 1697.8
1378720 1697.8
1378730 1700.9
1378740 1704.8
1378750 1704.8
1378760 1708.2
1378770 1711.1
1378780 1711.1
1378790 1715.1
1378800 1720.6
1378810 1720.6
1378820 1725.6
1378830 1728.1
1378840 1728.1
1378850 1727.1
1378860 1725.5
1378870 1725.5
1378880 1721.6
1378890 1721.7
1378900 1721.7
1378910 1722.7
1378920 1722.2
1378930 1722.2
1378940 1720.5
1378950 1719.7
1378960 1719.6
1378970 1719.6
1378980 1719.4
1378990 1718.2
1379000 1718.2
1379010 1716.9
1379020 1716.6
1379030 1716.6
1379040 1715.6
1379050 1713.2
1379060 1713.2
1379070 1710.6
1379080 1708.8
1379090 1708.8
1379100 1706.5
1379110 1704.3
1379120 1704.3
1379130 1702.6
1379140 1701.4
1379150 1701.4
1379160 1699.7
1379170 1697.3
1379180 1697.3
1379190 1696.7
1379200 1696.1
1379210 1696.1
1379220 1694.4
1379230 1693.0
1379240 1692.0
1379250 1692.0
1379260 1690.7
1379270 1690.6
1379280 1690.6
1379290 1687.6
1379300 1680.9
1379310 1680.9
1379320 1679.9
1379330 1678.9
1379340 1678.9
1379350 1676.9
1379360 1675.1
1379370 1675.1
1379380 1672.8
1379390 1670.0
1379400 1670.0
1379410 1667.3
1379420 1664.6
1379430 1664.6
1379440 1661.3
1379450 1658.8
1379460 1658.8
1379470 1657.2
1379480 1653.0
1379490 1648.4
1379500 1648.4
1379510 1645.0
1379520 1640.8
1379530 1640.8
1379540 1636.8
1379550 1633.1
1379560 1633.1
1379570 1629.8
1379580 1626.1
1379590 1626.1
1379600 1622.6
1379610 1619.7
1379620 1619.7
1379630 1615.5
1379640 1610.1
1379650 1610.1
1379660 1604.1
1379670 1599.3
1379680 1599.3
1379690 1594.5
1379700 1589.8
1379710 1589.8
1379720 1586.5
1379730 1584.5
1379740 1584.5
1379750 1583.5
1379760 1583.0
1379770 1581.0
1379780 1581.0
1379790 1580.9
1379800 1577.3
1379810 1577.3
1379820 1573.0
1379830 1568.9
1379840 1568.9
1379850 1566.5
1379860 1564.2
1379870 1564.2
1379880 1561.9
1379890 1558.7
1379900 1558.7
1379910 1553.9
1379920 1550.5
1379930 1550.5
1379940 1547.4
1379950 1543.3
1379960 1543.3
1379970 1539.2
1379980 1535.8
1379990 1535.8
