1360000 1511.3
1360010 1511.3
1360020 1516.1
1360030 1523.1
1360040 1523.1
1360050 1531.2
1360060 1538.6
1360070 1538.6
1360080 1544.3
1360090 1549.5
1360100 1549.5
1360110 1555.1
1360120 1561.5
1360130 1568.5
1360140 1568.5
1360150 1575.3
1360160 1581.7
1360170 1581.7
1360180 1588.8
1360190 1595.1
1360200 1595.1
1360210 1603.1
1360220 1610.5
1360230 1610.5
1360240 1617.2
1360250 1626.5
1360260 1626.5
1360270 1635.8
1360280 1643.3
1360290 1643.3
1360300 1647.9
1360310 1652.0
1360320 1652.0
1360330 1654.9
1360340 1659.3
1360350 1659.3
1360360 1665.0
1360370 1671.0
1360380 1674.8
1360390 1674.8
1360400 1676.7
1360410 1681.2
1360420 1681.2
1360430 1686.7
1360440 1692.0
1360450 1692.0
1360460 1694.2
1360470 1695.0
1360480 1695.0
1360490 1697.6
1360500 1701.8
1360510 1701.8
1360520 1705.1
1360530 1707.5
1360540 1707.5
1360550 1710.4
1360560 1714.7
1360570 1714.7
1360580 1720.7
1360590 1727.0
1360600 1727.0
1360610 1732.6
1360620 1738.7
1360630 1738.7
1360640 1744.5
1360650 1748.5
1360660 1752.4
1360670 1752.4
1360680 1757.9
1360690 1765.4
1360700 1765.4
1360710 1772.9
1360720 1778.3
1360730 1778.3
1360740 1778.4
1360750 1778.2
1360760 1778.2
1360770 1782.1
1360780 1785.3
1360790 1785.3
1360800 1786.3
1360810 1790.5
1360820 1790.5
1360830 1797.6
1360840 1804.6
1360850 1804.6
1360860 1808.5
1360870 1810.8
1360880 1810.8
1360890 1813.6
1360900 1818.1
1360910 1818.1
1360920 1822.0
1360930 1826.1
1360940 1826.3
1360950 1826.3
1360960 1827.0
1360970 1828.6
1360980 1828.6
1360990 1830.0
1361000 1831.6
1361010 1831.6
1361020 1833.3
1361030 1836.2
1361040 1836.2
1361050 1840.1
1361060 1846.1
1361070 1846.1
1361080 1852.6
1361090 1859.3
1361100 1859.3
1361110 1864.9
1361120 1866.7
1361130 1866.7
1361140 1869.3
1361150 1873.1
1361160 1873.1
1361170 1875.1
1361180 1877.1
1361190 1877.1
1361200 1879.2
1361210 1880.3
1361220 1881.2
1361230 1881.2
1361240 1881.2
1361250 1880.8
1361260 1880.8
1361270 1879.8
1361280 1878.6
1361290 1878.6
1361300 1877.7
1361310 1875.5
1361320 1875.5
1361330 1873.4
1361340 1870.3
1361350 1870.3
1361360 1867.4
1361370 1865.3
1361380 1865.3
1361390 1863.2
1361400 1861.0
1361410 1861.0
1361420 1859.4
1361430 1858.7
1361440 1858.7
1361450 1858.3
1361460 1858.1
1361470 1857.5
1361480 1857.5
1361490 1857.0
1361500 1856.5
1361510 1856.5
1361520 1855.7
1361530 1854.6
1361540 1854.6
1361550 1853.1
1361560 1850.7
1361570 1850.7
1361580 1847.7
1361590 1845.0
1361600 1845.0
1361610 1842.0
1361620 1839.7
1361630 1839.7
1361640 1838.6
1361650 1835.9
1361660 1835.9
1361670 1834.6
1361680 1833.4
1361690 1833.4
1361700 1832.0
1361710 1831.2
1361720 1831.2
1361730 1832.0
1361740 1831.0
1361750 1829.3
1361760 1829.3
1361770 1826.8
1361780 1824.8
1361790 1824.8
1361800 1823.4
1361810 1821.7
1361820 1821.7
1361830 1819.6
1361840 1816.6
1361850 1816.6
1361860 1812.5
1361870 1807.9
1361880 1807.9
1361890 1803.3
1361900 1798.8
1361910 1798.8
1361920 1794.3
1361930 1791.0
1361940 1798.8
1361950 1796.5
1361960 1795.2
1361970 1795.2
1361980 1794.2
1361990 1789.8
1362000 1789.8
1362010 1784.8
1362020 1780.3
1362030 1774.3
1362040 1774.3
1362050 1768.9
1362060 1762.5
1362070 1762.5
1362080 1753.6
1362090 1745.9
1362100 1745.9
1362110 1738.9
1362120 1732.4
1362130 1732.4
1362140 1726.0
1362150 1719.0
1362160 1719.0
1362170 1712.0
1362180 1704.9
1362190 1704.9
1362200 1698.2
1362210 1691.5
1362220 1691.5
1362230 1684.9
1362240 1679.2
1362250 1679.2
1362260 1674.4
1362270 1670.3
1362280 1670.3
1362290 1666.8
1362300 1663.1
1362310 1658.8
1362320 1658.8
1362330 1654.6
1362340 1649.5
1362350 1649.5
1362360 1644.3
1362370 1646.0
1362380 1646.0
1362390 1648.9
1362400 1650.3
1362410 1650.3
1362420 1652.4
1362430 1653.9
1362440 1653.9
1362450 1655.5
1362460 1657.8
1362470 1657.8
1362480 1660.8
1362490 1663.4
1362500 1663.4
1362510 1666.3
1362520 1668.9
1362530 1668.9
1362540 1670.4
1362550 1673.0
1362560 1673.0
1362570 1675.0
1362580 1675.0
1362590 1674.1
1362600 1674.1
1362610 1674.4
1362620 1675.2
1362630 1675.2
1362640 1676.6
1362650 1679.6
1362660 1679.6
1362670 1683.7
1362680 1688.2
1362690 1688.2
1362700 1691.9
1362710 1695.1
1362720 1695.1
1362730 1698.6
1362740 1702.0
1362750 1702.0
1362760 1705.2
1362770 1707.9
1362780 1707.9
1362790 1709.7
1362800 1710.6
1362810 1710.6
1362820 1711.1
1362830 1711.7
1362840 1712.1
1362850 1712.1
1362860 1712.4
1362870 1713.3
1362880 1713.3
1362890 1714.4
1362900 1715.3
1362910 1715.3
1362920 1716.1
1362930 1716.0
1362940 1716.0
1362950 1715.7
1362960 1715.7
1362970 1715.7
1362980 1717.1
1362990 1716.9
1363000 1716.9
1363010 1715.2
1363020 1713.1
1363030 1713.1
1363040 1711.4
1363050 1709.9
1363060 1709.9
1363070 1709.4
1363080 1709.8
1363090 1709.8
1363100 1710.1
1363110 1710.7
1363120 1709.6
1363130 1709.6
1363140 1706.1
1363150 1705.8
1363160 1705.8
1363170 1709.6
1363180 1713.6
1363190 1713.6
1363200 1719.0
1363210 1724.4
1363220 1724.4
1363230 1728.8
1363240 1732.7
1363250 1732.7
1363260 1736.8
1363270 1741.5
1363280 1741.5
1363290 1745.8
1363300 1749.7
1363310 1749.7
1363320 1755.0
1363330 1760.8
1363340 1760.8
1363350 1765.1
1363360 1770.4
1363370 1770.4
1363380 1777.2
1363390 1783.1
1363400 1789.9
1363410 1789.9
1363420 1798.5
1363430 1806.7
1363440 1806.7
1363450 1813.2
1363460 1818.7
1363470 1818.7
1363480 1824.1
1363490 1830.0
1363500 1830.0
1363510 1837.0
1363520 1843.0
1363530 1843.0
1363540 1848.4
1363550 1854.4
1363560 1854.4
1363570 1860.4
1363580 1866.6
1363590 1866.6
1363600 1874.6
1363610 1882.3
1363620 1882.3
1363630 1889.6
1363640 1896.0
1363650 1896.0
1363660 1902.5
1363670 1909.0
1363680 1915.2
1363690 1915.2
1363700 1921.4
1363710 1927.7
1363720 1927.7
1363730 1934.2
1363740 1940.5
1363750 1940.5
1363760 1946.6
1363770 1952.2
1363780 1952.2
1363790 1955.8
1363800 1957.1
1363810 1957.1
1363820 1957.8
1363830 1958.8
1363840 1958.8
1363850 1959.1
1363860 1960.0
1363870 1960.0
1363880 1964.0
1363890 1969.7
1363900 1969.7
1363910 1975.7
1363920 1981.7
1363930 1987.7
1363940 1987.7
1363950 1993.7
1363960 2000.1
1363970 2000.1
1363980 2006.6
1363990 2014.5
1364000 2014.5
1364010 2023.1
1364020 2031.6
1364030 2031.6
1364040 2038.7
1364050 2046.8
1364060 2046.8
1364070 2054.1
1364080 2060.9
1364090 2060.9
1364100 2066.9
1364110 2072.4
1364120 2072.4
1364130 2076.7
1364140 2075.5
1364150 2075.5
1364160 2069.6
1364170 2063.9
1364180 2063.9
1364190 2059.9
1364200 2056.8
1364210 2053.7
1364220 2053.7
1364230 2049.5
1364240 2044.2
1364250 2044.2
1364260 2038.9
1364270 2036.8
1364280 2036.8
1364290 2034.4
1364300 2030.7
1364310 2030.7
1364320 2027.4
1364330 2024.9
1364340 2024.9
1364350 2023.2
1364360 2021.5
1364370 2021.5
1364380 2019.2
1364390 2017.5
1364400 2017.5
1364410 2015.3
1364420 2013.5
1364430 2013.5
1364440 2011.6
1364450 2008.7
1364460 2008.7
1364470 2006.9
1364480 2005.2
1364490 2003.0
1364500 2003.0
1364510 2001.9
1364520 2001.3
1364530 2001.3
1364540 2000.7
1364550 1998.8
1364560 1998.8
1364570 1996.0
1364580 1994.3
1364590 1994.3
1364600 1993.0
1364610 1990.8
1364620 1990.8
1364630 1988.6
1364640 1987.4
1364650 1987.4
1364660 1986.1
1364670 1984.7
1364680 1984.7
1364690 1984.1
1364700 1982.0
1364710 1982.0
1364720 1978.7
1364730 1971.7
1364740 1971.7
1364750 1964.3
1364760 1958.9
1364770 1954.9
1364780 1954.9
1364790 1952.9
1364800 1953.8
1364810 1953.8
1364820 1953.4
1364830 1950.2
1364840 1950.2
1364850 1945.5
1364860 1942.4
1364870 1942.4
1364880 1939.4
1364890 1935.6
1364900 1935.6
1364910 1931.4
1364920 1927.0
1364930 1927.0
1364940 1922.7
1364950 1917.2
1364960 1917.2
1364970 1912.3
1364980 1907.9
1364990 1907.9
1365000 1902.0
1365010 1895.1
1365020 1889.0
1365030 1889.0
1365040 1885.4
1365050 1881.8
1365060 1881.8
1365070 1879.1
1365080 1876.9
1365090 1876.9
1365100 1865.8
1365110 1864.4
1365120 1864.4
1365130 1862.5
1365140 1860.3
1365150 1860.3
1365160 1858.2
1365170 1857.6
1365180 1857.6
1365190 1855.9
1365200 1853.0
1365210 1853.0
1365220 1849.7
1365230 1845.6
1365240 1845.6
1365250 1839.8
1365260 1835.1
1365270 1835.1
1365280 1829.6
1365290 1825.3
1365300 1822.3
1365310 1822.3
1365320 1817.5
1365330 1812.6
1365340 1812.6
1365350 1806.4
1365360 1800.3
1365370 1800.3
1365380 1795.6
1365390 1791.0
1365400 1791.0
1365410 1783.3
1365420 1774.4
1365430 1774.4
1365440 1766.1
1365450 1755.2
1365460 1755.2
1365470 1744.2
1365480 1734.3
1365490 1734.3
1365500 1726.2
1365510 1720.4
1365520 1720.4
1365530 1713.7
1365540 1706.4
1365550 1706.4
1365560 1699.8
1365570 1693.3
1365580 1687.2
1365590 1687.2
1365600 1681.6
1365610 1676.0
1365620 1676.0
1365630 1671.1
1365640 1665.8
1365650 1665.8
1365660 1660.1
1365670 1654.9
1365680 1654.9
1365690 1649.4
1365700 1643.8
1365710 1643.8
1365720 1638.7
1365730 1633.9
1365740 1633.9
1365750 1629.0
1365760 1624.7
1365770 1624.7
1365780 1620.6
1365790 1616.4
1365800 1616.4
1365810 1612.3
1365820 1608.4
1365830 1608.4
1365840 1604.7
1365850 1600.3
1365860 1595.6
1365870 1595.6
1365880 1590.4
1365890 1585.9
1365900 1585.9
1365910 1582.8
1365920 1578.5
1365930 1578.5
1365940 1574.0
1365950 1572.5
1365960 1572.5
1365970 1573.7
1365980 1575.9
1365990 1575.9
1366000 1578.2
1366010 1582.1
1366020 1582.1
1366030 1586.8
1366040 1589.1
1366050 1589.1
1366060 1590.1
1366070 1590.7
1366080 1590.7
1366090 1591.6
1366100 1591.7
1366110 1593.3
1366120 1593.3
1366130 1595.0
1366140 1598.2
1366150 1598.2
1366160 1603.2
1366170 1612.8
1366180 1612.8
1366190 1618.9
1366200 1625.2
1366210 1625.2
1366220 1631.6
1366230 1637.8
1366240 1637.8
1366250 1644.2
1366260 1650.0
1366270 1650.0
1366280 1655.8
1366290 1660.2
1366300 1660.2
1366310 1665.6
1366320 1672.1
1366330 1672.1
1366340 1682.2
1366350 1691.4
1366360 1691.4
1366370 1699.3
1366380 1705.0
1366390 1710.3
1366400 1710.3
1366410 1715.4
1366420 1722.3
1366430 1722.3
1366440 1730.2
1366450 1737.8
1366460 1737.8
1366470 1745.7
1366480 1750.8
1366490 1750.8
1366500 1756.0
1366510 1763.5
1366520 1763.5
1366530 1772.6
1366540 1782.1
1366550 1782.1
1366560 1789.8
1366570 1795.8
1366580 1795.8
1366590 1794.9
1366600 1799.4
1366610 1799.4
1366620 1810.1
1366630 1815.5
1366640 1815.5
1366650 1815.0
1366660 1811.6
1366670 1814.3
1366680 1814.3
1366690 1826.6
1366700 1840.6
1366710 1840.6
1366720 1848.9
1366730 1856.3
1366740 1856.3
1366750 1864.7
1366760 1872.5
1366770 1872.5
1366780 1880.1
1366790 1883.4
1366800 1883.4
1366810 1883.3
1366820 1882.8
1366830 1882.8
1366840 1886.9
1366850 1889.5
1366860 1889.5
1366870 1893.7
1366880 1899.4
1366890 1899.4
1366900 1904.8
1366910 1908.3
1366920 1908.3
1366930 1909.2
1366940 1907.0
1366950 1903.6
1366960 1903.6
1366970 1900.1
1366980 1897.6
1366990 1897.6
1367000 1895.7
1367010 1893.2
1367020 1893.2
1367030 1890.0
1367040 1887.0
1367050 1887.0
1367060 1884.8
1367070 1883.4
1367080 1883.4
1367090 1882.8
1367100 1883.3
1367110 1883.3
1367120 1885.3
1367130 1886.9
1367140 1886.9
1367150 1890.0
1367160 1895.0
1367170 1895.0
1367180 1900.9
1367190 1906.5
1367200 1906.5
1367210 1909.7
1367220 1912.7
1367230 1914.5
1367240 1914.5
1367250 1923.1
1367260 1926.1
1367270 1926.1
1367280 1929.1
1367290 1933.6
1367300 1933.6
1367310 1938.5
1367320 1945.6
1367330 1945.6
1367340 1952.8
1367350 1958.0
1367360 1958.0
1367370 1961.0
1367380 1963.7
1367390 1963.7
1367400 1968.3
1367410 1973.6
1367420 1973.6
1367430 1978.7
1367440 1983.6
1367450 1983.6
1367460 1988.8
1367470 1994.2
1367480 2000.4
1367490 2000.4
1367500 2006.4
1367510 2011.8
1367520 2011.8
1367530 2016.8
1367540 2021.7
1367550 2021.7
1367560 2026.5
1367570 2030.9
1367580 2030.9
1367590 2035.2
1367600 2037.9
1367610 2037.9
1367620 2042.5
1367630 2047.0
1367640 2047.0
1367650 2048.8
1367660 2047.3
1367670 2047.3
1367680 2042.0
1367690 2035.4
1367700 2035.4
1367710 2029.5
1367720 2023.6
1367730 2023.6
1367740 2018.9
1367750 2013.4
1367760 2007.9
1367770 2007.9
1367780 2002.7
1367790 1997.8
1367800 1997.8
1367810 1994.7
1367820 1992.4
1367830 1992.4
1367840 1990.5
1367850 1988.4
1367860 1988.4
1367870 1985.9
1367880 1983.2
1367890 1983.2
1367900 1981.5
1367910 1978.7
1367920 1978.7
1367930 1974.9
1367940 1971.3
1367950 1971.3
1367960 1967.6
1367970 1963.9
1367980 1963.9
1367990 1959.9
1368000 1955.1
1368010 1955.1
1368020 1952.6
1368030 1950.8
1368040 1947.6
1368050 1947.6
1368060 1942.8
1368070 1935.4
1368080 1935.4
1368090 1926.3
1368100 1917.1
1368110 1917.1
1368120 1909.4
1368130 1902.5
1368140 1902.5
1368150 1895.7
1368160 1888.7
1368170 1888.7
1368180 1883.0
1368190 1875.6
1368200 1875.6
1368210 1868.5
1368220 1862.8
1368230 1862.8
1368240 1857.2
1368250 1850.3
1368260 1850.3
1368270 1842.9
1368280 1836.4
1368290 1836.4
1368300 1830.2
1368310 1824.4
1368320 1819.2
1368330 1819.2
1368340 1815.5
1368350 1811.2
1368360 1811.2
1368370 1808.1
1368380 1804.6
1368390 1804.6
1368400 1802.8
1368410 1800.6
1368420 1800.6
1368430 1791.9
1368440 1784.9
1368450 1784.9
1368460 1785.6
1368470 1789.5
1368480 1789.5
1368490 1788.9
1368500 1787.1
1368510 1787.1
1368520 1783.9
1368530 1779.7
1368540 1779.7
1368550 1774.2
1368560 1768.0
1368570 1764.8
1368580 1764.8
1368590 1763.3
1368600 1761.1
1368610 1761.1
1368620 1759.3
1368630 1757.4
1368640 1757.4
1368650 1754.7
1368660 1752.2
1368670 1752.2
1368680 1750.4
1368690 1748.9
1368700 1748.9
1368710 1747.5
1368720 1745.7
1368730 1745.7
1368740 1743.2
1368750 1740.9
1368760 1740.9
1368770 1738.9
1368780 1736.7
1368790 1736.7
1368800 1734.7
1368810 1732.7
1368820 1732.7
1368830 1730.0
1368840 1726.3
1368850 1720.9
1368860 1720.9
1368870 1715.6
1368880 1712.1
1368890 1712.1
1368900 1708.7
1368910 1706.1
1368920 1706.1
1368930 1703.3
1368940 1699.3
1368950 1699.3
1368960 1695.4
1368970 1691.2
1368980 1691.2
1368990 1686.8
1369000 1681.6
1369010 1681.6
1369020 1677.3
1369030 1672.4
1369040 1672.4
1369050 1667.1
1369060 1661.2
1369070 1661.2
1369080 1655.7
1369090 1651.6
1369100 1651.6
1369110 1646.1
1369120 1640.1
1369130 1634.8
1369140 1634.8
1369150 1630.0
1369160 1624.5
1369170 1624.5
1369180 1618.1
1369190 1610.8
1369200 1610.8
1369210 1604.3
1369220 1600.1
1369230 1600.1
1369240 1595.8
1369250 1590.9
1369260 1590.9
1369270 1587.8
1369280 1582.0
1369290 1582.0
1369300 1575.3
1369310 1572.4
1369320 1572.4
1369330 1577.7
1369340 1584.2
1369350 1584.2
1369360 1594.5
1369370 1606.9
1369380 1606.9
1369390 1615.1
1369400 1616.1
1369410 1615.9
1369420 1615.9
1369430 1615.3
1369440 1614.4
1369450 1610.9
1369460 1609.2
1369470 1607.8
1369480 1607.8
1369490 1606.0
1369500 1603.6
1369510 1603.6
1369520 1600.8
1369530 1597.2
1369540 1597.2
1369550 1593.6
1369560 1587.9
1369570 1587.9
1369580 1580.3
1369590 1572.8
1369600 1572.8
1369610 1565.3
1369620 1557.0
1369630 1557.0
1369640 1547.0
1369650 1537.9
1369660 1537.9
1369670 1528.9
1369680 1519.9
1369690 1509.8
1369700 1509.8
1369710 1508.0
1369720 1519.4
1369730 1519.4
1369740 1528.6
1369750 1532.4
1369760 1532.4
1369770 1536.9
1369780 1542.4
1369790 1542.4
1369800 1547.7
1369810 1552.6
1369820 1552.6
1369830 1557.2
1369840 1560.4
1369850 1560.4
1369860 1562.1
1369870 1563.4
1369880 1563.4
1369890 1563.3
1369900 1562.6
1369910 1562.6
1369920 1560.6
1369930 1558.6
1369940 1556.2
1369950 1556.2
1369960 1553.1
1369970 1548.8
1369980 1548.8
1369990 1545.2
1370000 1542.9
1370010 1542.9
1370020 1540.3
1370030 1538.6
1370040 1538.6
1370050 1535.4
1370060 1531.0
1370070 1531.0
1370080 1527.1
1370090 1523.8
1370100 1523.8
1370110 1520.9
1370120 1517.2
1370130 1517.2
1370140 1513.1
1370150 1509.6
1370160 1509.6
1370170 1506.2
1370180 1502.1
1370190 1502.1
1370200 1496.9
1370210 1491.1
1370220 1485.1
1370230 1485.1
1370240 1478.1
1370250 1472.6
1370260 1472.6
1370270 1469.8
1370280 1466.8
1370290 1466.8
1370300 1463.4
1370310 1460.5
1370320 1460.5
1370330 1457.9
1370340 1453.0
1370350 1453.0
1370360 1446.5
1370370 1441.3
1370380 1441.3
1370390 1439.3
1370400 1439.1
1370410 1439.1
1370420 1437.7
1370430 1438.9
1370440 1438.9
1370450 1444.7
1370460 1447.7
1370470 1447.7
1370480 1449.6
1370490 1450.0
1370500 1449.9
1370510 1449.9
1370520 1448.6
1370530 1446.3
1370540 1446.3
1370550 1440.6
1370560 1431.4
1370570 1431.4
1370580 1434.0
1370590 1439.2
1370600 1439.2
1370610 1445.0
1370620 1452.3
1370630 1452.3
1370640 1460.2
1370650 1466.3
1370660 1466.3
1370670 1473.7
1370680 1480.1
1370690 1480.1
1370700 1485.3
1370710 1488.7
1370720 1488.7
1370730 1491.3
1370740 1494.4
1370750 1494.4
1370760 1498.1
1370770 1501.5
1370780 1504.0
1370790 1504.0
1370800 1507.6
1370810 1511.0
1370820 1511.0
1370830 1515.4
1370840 1520.2
1370850 1520.2
1370860 1524.8
1370870 1529.3
1370880 1529.3
1370890 1534.2
1370900 1538.8
1370910 1538.8
1370920 1542.9
1370930 1547.4
1370940 1547.4
1370950 1551.6
1370960 1555.3
1370970 1555.3
1370980 1560.3
1370990 1565.0
1371000 1565.0
1371010 1571.3
1371020 1578.2
1371030 1583.5
1371040 1583.5
1371050 1586.8
1371060 1589.8
1371070 1589.8
1371080 1593.7
1371090 1597.5
1371100 1597.5
1371110 1601.8
1371120 1606.5
1371130 1606.5
1371140 1612.9
1371150 1617.7
1371160 1617.7
1371170 1619.6
1371180 1621.6
1371190 1621.6
1371200 1624.4
1371210 1627.4
1371220 1627.4
1371230 1630.6
1371240 1632.7
1371250 1632.7
1371260 1634.5
1371270 1636.4
1371280 1636.4
1371290 1638.3
1371300 1640.8
1371310 1642.9
1371320 1642.9
1371330 1645.4
1371340 1646.6
1371350 1646.6
1371360 1647.9
1371370 1648.2
1371380 1648.2
1371390 1647.4
1371400 1646.5
1371410 1646.5
1371420 1645.0
1371430 1643.0
1371440 1643.0
1371450 1641.0
1371460 1639.8
1371470 1639.8
1371480 1639.2
1371490 1638.9
1371500 1638.9
1371510 1638.2
1371520 1637.7
1371530 1637.7
1371540 1637.3
1371550 1636.6
1371560 1636.6
1371570 1634.5
1371580 1631.7
1371590 1628.4
1371600 1628.4
1371610 1626.0
1371620 1623.0
1371630 1623.0
1371640 1622.7
1371650 1622.9
1371660 1622.9
1371670 1621.1
1371680 1616.3
1371690 1616.3
1371700 1611.8
1371710 1600.2
1371720 1600.2
1371730 1589.8
1371740 1585.8
1371750 1585.8
1371760 1592.8
1371770 1602.2
1371780 1602.2
1371790 1609.6
1371800 1612.9
1371810 1612.9
1371820 1615.7
1371830 1618.1
1371840 1618.1
1371850 1620.6
1371860 1623.8
1371870 1626.8
1371880 1626.8
1371890 1629.9
1371900 1631.8
1371910 1631.8
1371920 1633.4
1371930 1637.3
1371940 1637.3
1371950 1641.4
1371960 1644.6
1371970 1644.6
1371980 1647.8
1371990 1651.3
1372000 1651.3
1372010 1655.2
1372020 1659.3
1372030 1659.3
1372040 1663.8
1372050 1668.6
1372060 1668.6
1372070 1672.3
1372080 1675.5
1372090 1675.5
1372100 1678.4
1372110 1681.0
1372120 1681.0
1372130 1683.4
1372140 1684.9
1372150 1684.9
1372160 1684.9
1372170 1683.6
1372180 1680.8
1372190 1680.8
1372200 1676.6
1372210 1672.6
1372220 1672.6
1372230 1666.1
1372240 1660.7
1372250 1660.7
1372260 1651.9
1372270 1643.1
1372280 1643.1
1372290 1638.0
1372300 1631.5
1372310 1631.5
1372320 1625.4
1372330 1620.4
1372340 1620.4
1372350 1622.8
1372360 1629.1
1372370 1629.1
1372380 1636.7
1372390 1646.9
1372400 1655.0
1372410 1655.0
1372420 1659.3
1372430 1661.1
1372440 1661.1
1372450 1665.3
1372460 1667.0
1372470 1667.0
1372480 1666.6
1372490 1671.2
1372500 1671.2
1372510 1671.7
1372520 1668.8
1372530 1668.8
1372540 1669.5
1372550 1673.6
1372560 1673.6
1372570 1673.4
1372580 1684.0
1372590 1684.0
1372600 1696.6
1372610 1706.0
1372620 1706.0
1372630 1713.1
1372640 1719.6
1372650 1719.6
1372660 1725.8
1372670 1731.4
1372680 1736.9
1372690 1736.9
1372700 1742.0
1372710 1746.6
1372720 1746.6
1372730 1750.0
1372740 1756.5
1372750 1756.5
1372760 1763.0
1372770 1769.2
1372780 1769.2
1372790 1775.1
1372800 1779.8
1372810 1779.8
1372820 1782.5
1372830 1788.6
1372840 1788.6
1372850 1794.9
1372860 1801.1
1372870 1801.1
1372880 1804.7
1372890 1807.6
1372900 1807.6
1372910 1810.5
1372920 1813.7
1372930 1813.7
1372940 1816.5
1372950 1819.6
1372960 1823.3
1372970 1823.3
1372980 1826.2
1372990 1829.1
1373000 1829.1
1373010 1831.4
1373020 1833.3
1373030 1833.3
1373040 1835.2
1373050 1836.8
1373060 1836.8
1373070 1839.0
1373080 1840.6
1373090 1840.6
1373100 1841.5
1373110 1842.4
1373120 1842.4
1373130 1842.7
1373140 1842.9
1373150 1842.9
1373160 1842.8
1373170 1837.0
1373180 1837.0
1373190 1831.5
1373200 1827.6
1373210 1827.6
1373220 1822.3
1373230 1816.6
1373240 1813.1
1373250 1813.1
1373260 1808.3
1373270 1803.4
1373280 1803.4
1373290 1798.5
1373300 1793.3
1373310 1793.3
1373320 1787.9
1373330 1784.3
1373340 1784.3
1373350 1779.9
1373360 1774.8
1373370 1774.8
1373380 1771.5
1373390 1769.3
1373400 1769.3
1373410 1766.7
1373420 1769.5
1373430 1769.5
1373440 1776.6
1373450 1778.9
1373460 1778.9
1373470 1779.7
1373480 1776.0
1373490 1771.6
1373500 1771.6
1373510 1778.4
1373520 1787.3
1373530 1787.3
1373540 1790.0
1373550 1790.3
1373560 1790.3
1373570 1788.8
1373580 1785.2
1373590 1785.2
1373600 1777.7
1373610 1772.7
1373620 1772.7
1373630 1778.8
1373640 1780.7
1373650 1780.7
1373660 1782.3
1373670 1783.7
1373680 1783.7
1373690 1784.1
1373700 1784.2
1373710 1784.2
1373720 1784.7
1373730 1786.0
1373740 1786.0
1373750 1786.9
1373760 1786.6
1373770 1786.4
1373780 1786.4
1373790 1786.6
1373800 1787.1
1373810 1787.1
1373820 1787.1
1373830 1785.2
1373840 1785.2
1373850 1781.6
1373860 1777.8
1373870 1777.8
1373880 1775.3
1373890 1772.3
1373900 1772.3
1373910 1770.5
1373920 1769.8
1373930 1769.8
1373940 1767.8
1373950 1766.4
1373960 1762.9
1373970 1760.4
1373980 1756.9
1373990 1756.9
1374000 1759.5
1374010 1759.8
1374020 1759.8
1374030 1759.2
1374040 1757.8
1374050 1751.9
1374060 1751.9
1374070 1745.3
1374080 1741.9
1374090 1741.9
1374100 1745.7
1374110 1754.1
1374120 1754.1
1374130 1763.2
1374140 1767.8
1374150 1767.8
1374160 1771.1
1374170 1775.7
1374180 1775.7
1374190 1780.2
1374200 1784.6
1374210 1784.6
1374220 1790.5
1374230 1796.3
1374240 1796.3
1374250 1801.5
1374260 1806.7
1374270 1806.7
1374280 1811.9
1374290 1816.6
1374300 1816.6
1374310 1821.5
1374320 1825.7
1374330 1830.5
1374340 1830.5
1374350 1836.6
1374360 1842.8
1374370 1842.8
1374380 1848.9
1374390 1854.1
1374400 1854.1
1374410 1858.9
1374420 1863.8
1374430 1863.8
1374440 1868.8
1374450 1874.1
1374460 1874.1
1374470 1878.7
1374480 1883.1
1374490 1883.1
1374500 1887.5
1374510 1891.8
1374520 1891.8
1374530 1895.1
1374540 1898.0
1374550 1898.0
1374560 1901.6
1374570 1905.3
1374580 1909.2
1374590 1909.2
1374600 1912.7
1374610 1916.2
1374620 1916.2
1374630 1920.1
1374640 1924.8
1374650 1924.8
1374660 1929.4
1374670 1932.6
1374680 1932.6
1374690 1935.8
1374700 1939.5
1374710 1939.5
1374720 1943.5
1374730 1947.0
1374740 1947.0
1374750 1949.6
1374760 1951.9
1374770 1951.9
1374780 1954.4
1374790 1956.4
1374800 1956.4
1374810 1958.4
1374820 1960.5
1374830 1960.5
1374840 1962.2
1374850 1963.6
1374860 1965.6
1374870 1965.6
1374880 1966.8
1374890 1967.2
1374900 1967.2
1374910 1967.0
1374920 1967.2
1374930 1967.2
1374940 1967.4
1374950 1967.0
1374960 1967.0
1374970 1965.9
1374980 1964.7
1374990 1964.7
1375000 1965.2
1375010 1965.6
1375020 1965.6
1375030 1965.4
1375040 1964.8
1375050 1964.8
1375060 1964.1
1375070 1963.8
1375080 1963.8
1375090 1963.4
1375100 1962.6
1375110 1962.6
1375120 1958.6
1375130 1958.7
1375140 1959.2
1375150 1959.2
1375160 1960.0
1375170 1959.8
1375180 1959.8
1375190 1956.9
1375200 1952.8
1375210 1952.8
1375220 1949.7
1375230 1946.9
1375240 1946.9
1375250 1944.7
1375260 1942.7
1375270 1942.7
1375280 1940.4
1375290 1938.0
1375300 1938.0
1375310 1936.2
1375320 1934.4
1375330 1934.4
1375340 1933.0
1375350 1931.3
1375360 1931.3
1375370 1929.6
1375380 1927.2
1375390 1927.2
1375400 1925.2
1375410 1923.3
1375420 1921.7
1375430 1921.7
1375440 1920.2
1375450 1919.0
1375460 1919.0
1375470 1917.4
1375480 1916.4
1375490 1916.4
1375500 1916.3
1375510 1916.3
1375520 1916.3
1375530 1916.7
1375540 1917.7
1375550 1917.7
1375560 1919.0
1375570 1920.4
1375580 1920.4
1375590 1921.8
1375600 1923.6
1375610 1923.6
1375620 1925.7
1375630 1927.8
1375640 1927.8
1375650 1929.7
1375660 1932.7
1375670 1937.2
1375680 1937.2
1375690 1941.4
1375700 1945.1
1375710 1945.1
1375720 1948.1
1375730 1951.0
1375740 1951.0
1375750 1953.9
1375760 1956.7
1375770 1956.7
1375780 1959.3
1375790 1961.5
1375800 1961.5
1375810 1964.4
1375820 1969.0
1375830 1969.0
1375840 1970.6
1375850 1970.8
1375860 1970.8
1375870 1970.8
1375880 1970.8
1375890 1970.8
1375900 1970.6
1375910 1970.0
1375920 1970.0
1375930 1968.9
1375940 1967.4
1375950 1965.6
1375960 1965.6
1375970 1963.6
1375980 1961.0
1375990 1961.0
1376000 1957.9
1376010 1955.3
1376020 1955.3
1376030 1952.9
1376040 1950.2
1376050 1950.2
1376060 1947.5
1376070 1945.2
1376080 1945.2
1376090 1943.3
1376100 1941.9
1376110 1941.9
1376120 1940.8
1376130 1940.0
1376140 1940.0
1376150 1938.9
1376160 1937.1
1376170 1937.1
1376180 1935.0
1376190 1932.6
1376200 1932.6
1376210 1929.4
1376220 1926.3
1376230 1922.1
1376240 1922.1
1376250 1917.1
1376260 1911.6
1376270 1911.6
1376280 1905.9
1376290 1898.6
1376300 1898.6
1376310 1893.0
1376320 1887.9
1376330 1887.9
1376340 1883.2
1376350 1879.4
1376360 1879.4
1376370 1876.2
1376380 1873.5
1376390 1873.5
1376400 1872.0
1376410 1870.7
1376420 1870.7
1376430 1869.7
1376440 1869.1
1376450 1869.1
1376460 1868.4
1376470 1867.8
1376480 1867.8
1376490 1867.1
1376500 1866.6
1376510 1866.1
1376520 1866.1
1376530 1865.5
1376540 1864.7
1376550 1864.7
1376560 1863.3
1376570 1860.2
1376580 1860.2
1376590 1857.8
1376600 1856.2
1376610 1856.2
1376620 1853.3
1376630 1846.1
1376640 1846.1
1376650 1839.4
1376660 1834.5
1376670 1834.5
1376680 1828.9
1376690 1824.2
1376700 1824.2
1376710 1821.4
1376720 1820.8
1376730 1820.8
1376740 1820.5
1376750 1818.2
1376760 1816.3
1376770 1816.3
1376780 1813.2
1376790 1809.2
1376800 1809.2
1376810 1807.1
1376820 1804.9
1376830 1804.9
1376840 1803.3
1376850 1802.1
1376860 1802.1
1376870 1800.6
1376880 1798.9
1376890 1798.9
1376900 1797.7
1376910 1796.6
1376920 1796.6
1376930 1794.5
1376940 1790.5
1376950 1790.5
1376960 1782.3
1376970 1774.3
1376980 1774.3
1376990 1778.2
1377000 1779.2
1377010 1779.2
1377020 1777.1
1377030 1775.6
1377040 1775.8
1377050 1775.8
1377060 1775.3
1377070 1775.4
1377080 1775.4
1377090 1776.6
1377100 1778.8
1377110 1778.8
1377120 1780.8
1377130 1782.9
1377140 1782.9
1377150 1785.3
1377160 1787.5
1377170 1787.5
1377180 1788.3
1377190 1787.3
1377200 1787.3
1377210 1784.7
1377220 1781.3
1377230 1781.3
1377240 1778.1
1377250 1775.9
1377260 1775.9
1377270 1774.1
1377280 1772.6
1377290 1772.6
1377300 1772.3
1377310 1772.0
1377320 1771.8
1377330 1771.8
1377340 1771.6
1377350 1770.0
1377360 1770.0
1377370 1766.4
1377380 1762.6
1377390 1762.6
1377400 1760.3
1377410 1758.0
1377420 1758.0
1377430 1755.9
1377440 1753.8
1377450 1753.8
1377460 1752.1
1377470 1752.1
1377480 1752.1
1377490 1749.9
1377500 1748.2
1377510 1748.2
1377520 1746.8
1377530 1745.2
1377540 1745.2
1377550 1744.0
1377560 1742.6
1377570 1742.6
1377580 1741.1
1377590 1738.8
1377600 1735.3
1377610 1735.3
1377620 1731.5
1377630 1729.2
1377640 1729.2
1377650 1728.2
1377660 1726.9
1377670 1726.9
1377680 1725.4
1377690 1722.3
1377700 1722.3
1377710 1719.3
1377720 1716.5
1377730 1716.5
1377740 1713.7
1377750 1710.4
1377760 1710.4
1377770 1707.4
1377780 1705.6
1377790 1705.6
1377800 1704.0
1377810 1702.3
1377820 1702.3
1377830 1700.2
1377840 1698.1
1377850 1698.1
1377860 1695.2
1377870 1692.1
1377880 1688.9
1377890 1688.9
1377900 1686.0
1377910 1681.3
1377920 1681.3
1377930 1675.7
1377940 1670.8
1377950 1670.8
1377960 1670.3
1377970 1671.2
1377980 1671.2
1377990 1669.1
1378000 1666.4
1378010 1666.4
1378020 1663.7
1378030 1660.0
1378040 1660.0
1378050 1655.9
1378060 1653.3
1378070 1653.3
1378080 1650.4
1378090 1648.3
1378100 1648.3
1378110 1644.9
1378120 1641.1
1378130 1638.8
1378140 1638.8
1378150 1635.4
1378160 1631.6
1378170 1631.6
1378180 1627.0
1378190 1622.0
1378200 1622.0
1378210 1616.9
1378220 1610.5
1378230 1610.5
1378240 1604.3
1378250 1597.7
1378260 1597.7
1378270 1592.6
1378280 1587.7
1378290 1587.7
1378300 1582.5
1378310 1578.5
1378320 1578.5
1378330 1574.8
1378340 1570.9
1378350 1570.9
1378360 1567.2
1378370 1563.2
1378380 1563.2
1378390 1558.7
1378400 1554.6
1378410 1551.3
1378420 1551.3
1378430 1548.2
1378440 1545.6
1378450 1545.6
1378460 1543.1
1378470 1539.7
1378480 1539.7
1378490 1536.2
1378500 1529.4
1378510 1529.4
1378520 1527.3
1378530 1532.2
1378540 1532.2
1378550 1537.1
1378560 1541.7
1378570 1541.7
1378580 1546.9
1378590 1552.2
1378600 1552.2
1378610 1556.5
1378620 1560.6
1378630 1560.6
1378640 1565.0
1378650 1569.8
1378660 1569.8
1378670 1576.8
1378680 1581.7
1378690 1587.8
1378700 1587.8
1378710 1593.3
1378720 1597.7
1378730 1597.7
1378740 1601.3
1378750 1607.5
1378760 1607.5
1378770 1613.8
1378780 1619.4
1378790 1619.4
1378800 1622.7
1378810 1623.0
1378820 1623.0
1378830 1623.4
1378840 1625.5
1378850 1625.5
1378860 1629.8
1378870 1633.3
1378880 1633.3
1378890 1641.4
1378900 1647.5
1378910 1647.5
1378920 1649.9
1378930 1650.7
1378940 1650.7
1378950 1649.8
1378960 1648.6
1378970 1650.0
1378980 1650.0
1378990 1651.3
1379000 1651.7
1379010 1651.7
1379020 1656.0
1379030 1656.8
1379040 1656.8
1379050 1656.7
1379060 1657.1
1379070 1657.1
1379080 1658.2
1379090 1658.8
1379100 1658.8
1379110 1659.1
1379120 1660.1
1379130 1660.1
1379140 1659.8
1379150 1659.0
1379160 1659.0
1379170 1658.3
1379180 1657.5
1379190 1657.5
1379200 1656.4
1379210 1653.3
1379220 1649.7
1379230 1649.7
1379240 1647.3
1379250 1645.7
1379260 1645.7
1379270 1645.7
1379280 1646.0
1379290 1646.0
1379300 1646.6
1379310 1646.9
1379320 1646.9
1379330 1646.9
1379340 1646.7
1379350 1646.7
1379360 1644.3
1379370 1641.8
1379380 1641.8
1379390 1639.6
1379400 1636.9
1379410 1636.9
1379420 1633.3
1379430 1628.9
1379440 1628.9
1379450 1625.5
1379460 1622.9
1379470 1622.9
1379480 1621.0
1379490 1620.4
1379500 1619.6
1379510 1619.6
1379520 1617.8
1379530 1614.7
1379540 1614.7
1379550 1610.5
1379560 1605.5
1379570 1605.5
1379580 1600.3
1379590 1594.5
1379600 1594.5
1379610 1588.2
1379620 1583.5
1379630 1583.5
1379640 1581.3
1379650 1578.8
1379660 1578.8
1379670 1575.6
1379680 1572.3
1379690 1572.3
1379700 1569.7
1379710 1567.3
1379720 1567.3
1379730 1565.4
1379740 1564.5
1379750 1564.5
1379760 1563.3
1379770 1560.9
1379780 1556.6
1379790 1556.6
1379800 1551.9
1379810 1547.3
1379820 1547.3
1379830 1543.2
1379840 1538.1
1379850 1538.1
1379860 1532.9
1379870 1527.4
1379880 1528.6
1379890 1524.7
1379900 1522.9
1379910 1522.9
1379920 1521.4
1379930 1520.2
1379940 1520.2
1379950 1518.8
1379960 1516.4
1379970 1516.4
1379980 1513.5
1379990 1509.5
