1360000 1430.5
1360010 1437.3
1360020 1444.8
1360030 1444.8
1360040 1449.5
1360050 1454.9
1360060 1454.9
1360070 1461.7
1360080 1465.3
1360090 1465.3
1360100 1467.9
1360110 1470.0
1360120 1473.8
1360130 1473.8
1360140 1479.0
1360150 1483.8
1360160 1483.8
1360170 1489.4
1360180 1495.3
1360190 1495.3
1360200 1498.9
1360210 1502.9
1360220 1502.9
1360230 1508.5
1360240 1514.3
1360250 1514.3
1360260 1518.9
1360270 1522.9
1360280 1522.9
1360290 1524.5
1360300 1526.4
1360310 1526.4
1360320 1528.6
1360330 1530.3
1360340 1530.3
1360350 1533.9
1360360 1538.9
1360370 1538.9
1360380 1543.6
1360390 1547.6
1360400 1551.7
1360410 1551.7
1360420 1556.2
1360430 1560.5
1360440 1560.5
1360450 1564.7
1360460 1569.5
1360470 1569.5
1360480 1575.0
1360490 1580.0
1360500 1580.0
1360510 1585.1
1360520 1589.8
1360530 1589.8
1360540 1591.9
1360550 1593.2
1360560 1593.2
1360570 1595.7
1360580 1599.3
1360590 1599.3
1360600 1603.0
1360610 1606.6
1360620 1606.6
1360630 1611.0
1360640 1614.9
1360650 1614.9
1360660 1620.1
1360670 1624.1
1360680 1627.3
1360690 1627.3
1360700 1629.1
1360710 1632.0
1360720 1632.0
1360730 1633.0
1360740 1634.5
1360750 1634.5
1360760 1635.1
1360770 1639.1
1360780 1639.1
1360790 1644.3
1360800 1648.2
1360810 1648.2
1360820 1650.8
1360830 1654.0
1360840 1654.0
1360850 1660.6
1360860 1665.5
1360870 1665.5
1360880 1665.5
1360890 1669.0
1360900 1669.0
1360910 1675.2
1360920 1687.5
1360930 1690.9
1360940 1690.9
1360950 1689.3
1360960 1688.3
1360970 1688.3
1360980 1689.9
1360990 1690.7
1361000 1690.7
1361010 1691.7
1361020 1692.8
1361030 1692.8
1361040 1693.0
1361050 1691.7
1361060 1691.7
1361070 1692.9
1361080 1697.0
1361090 1697.0
1361100 1700.5
1361110 1703.6
1361120 1703.6
1361130 1708.8
1361140 1715.2
1361150 1715.2
1361160 1721.4
1361170 1727.7
1361180 1727.7
1361190 1734.3
1361200 1741.0
1361210 1748.0
1361220 1748.0
1361230 1754.4
1361240 1761.3
1361250 1761.3
1361260 1768.7
1361270 1774.5
1361280 1774.5
1361290 1782.3
1361300 1789.5
1361310 1789.5
1361320 1795.9
1361330 1802.9
1361340 1802.9
1361350 1811.3
1361360 1822.4
1361370 1822.4
1361380 1832.4
1361390 1842.2
1361400 1842.2
1361410 1851.4
1361420 1858.4
1361430 1858.4
1361440 1859.9
1361450 1861.1
1361460 1861.1
1361470 1861.8
1361480 1861.2
1361490 1860.5
1361500 1860.5
1361510 1860.3
1361520 1860.0
1361530 1860.0
1361540 1859.5
1361550 1858.8
1361560 1858.8
1361570 1858.4
1361580 1858.0
1361590 1858.0
1361600 1857.1
1361610 1855.9
1361620 1855.9
1361630 1856.3
1361640 1855.1
1361650 1855.1
1361660 1852.9
1361670 1851.2
1361680 1851.2
1361690 1849.8
1361700 1848.3
1361710 1848.3
1361720 1846.4
1361730 1843.9
1361740 1843.9
1361750 1841.0
1361760 1841.2
1361770 1839.3
1361780 1839.3
1361790 1836.8
1361800 1832.8
1361810 1832.8
1361820 1827.7
1361830 1821.9
1361840 1821.9
1361850 1817.2
1361860 1813.4
1361870 1813.4
1361880 1810.0
1361890 1804.2
1361900 1804.2
1361910 1796.0
1361920 1786.9
1361930 1786.9
1361940 1779.6
1361950 1774.7
1361960 1776.7
1361970 1770.4
1361980 1762.0
1361990 1762.0
1362000 1755.8
1362010 1752.3
1362020 1752.3
1362030 1745.6
1362040 1738.6
1362050 1730.2
1362060 1730.2
1362070 1720.7
1362080 1708.1
1362090 1708.1
1362100 1698.4
1362110 1687.5
1362120 1687.5
1362130 1677.8
1362140 1669.2
1362150 1669.2
1362160 1661.2
1362170 1654.5
1362180 1654.5
1362190 1649.6
1362200 1645.6
1362210 1645.6
1362220 1642.3
1362230 1639.7
1362240 1639.7
1362250 1637.5
1362260 1633.6
1362270 1633.6
1362280 1630.5
1362290 1628.0
1362300 1628.0
1362310 1625.8
1362320 1622.9
1362330 1620.6
1362340 1620.6
1362350 1617.9
1362360 1615.6
1362370 1615.6
1362380 1614.2
1362390 1612.4
1362400 1612.4
1362410 1609.8
1362420 1606.1
1362430 1606.1
1362440 1601.3
1362450 1597.2
1362460 1597.2
1362470 1592.6
1362480 1588.6
1362490 1588.6
1362500 1584.3
1362510 1580.8
1362520 1580.8
1362530 1580.3
1362540 1582.0
1362550 1582.0
1362560 1583.1
1362570 1583.4
1362580 1578.4
1362590 1578.4
1362600 1570.6
1362610 1569.2
1362620 1569.2
1362630 1574.7
1362640 1578.5
1362650 1578.5
1362660 1581.1
1362670 1583.3
1362680 1583.3
1362690 1585.5
1362700 1588.1
1362710 1588.1
1362720 1590.1
1362730 1590.1
1362740 1590.1
1362750 1591.0
1362760 1592.6
1362770 1592.6
1362780 1593.0
1362790 1594.1
1362800 1594.1
1362810 1599.3
1362820 1605.5
1362830 1605.5
1362840 1611.5
1362850 1618.4
1362860 1625.5
1362870 1625.5
1362880 1632.7
1362890 1640.9
1362900 1640.9
1362910 1650.0
1362920 1659.9
1362930 1659.9
1362940 1668.7
1362950 1674.9
1362960 1674.9
1362970 1678.6
1362980 1680.8
1362990 1680.8
1363000 1678.7
1363010 1680.8
1363020 1680.8
1363030 1683.6
1363040 1685.6
1363050 1685.6
1363060 1687.6
1363070 1689.0
1363080 1689.0
1363090 1692.0
1363100 1695.8
1363110 1695.8
1363120 1700.1
1363130 1705.0
1363140 1709.6
1363150 1709.6
1363160 1715.2
1363170 1720.8
1363180 1720.8
1363190 1726.5
1363200 1732.3
1363210 1732.3
1363220 1735.8
1363230 1739.0
1363240 1739.0
1363250 1742.0
1363260 1745.7
1363270 1745.7
1363280 1750.2
1363290 1754.0
1363300 1754.0
1363310 1757.4
1363320 1758.9
1363330 1758.9
1363340 1760.8
1363350 1763.7
1363360 1763.7
1363370 1766.6
1363380 1769.5
1363390 1769.5
1363400 1773.3
1363410 1777.6
1363420 1782.2
1363430 1782.2
1363440 1786.4
1363450 1790.4
1363460 1790.4
1363470 1793.3
1363480 1797.2
1363490 1797.2
1363500 1801.6
1363510 1806.5
1363520 1806.5
1363530 1812.0
1363540 1818.1
1363550 1818.1
1363560 1824.2
1363570 1830.1
1363580 1830.1
1363590 1836.6
1363600 1842.8
1363610 1842.8
1363620 1849.2
1363630 1855.8
1363640 1855.8
1363650 1862.4
1363660 1868.6
1363670 1868.6
1363680 1874.3
1363690 1880.0
1363700 1885.0
1363710 1885.0
1363720 1889.5
1363730 1894.1
1363740 1894.1
1363750 1898.2
1363760 1901.5
1363770 1901.5
1363780 1905.2
1363790 1909.3
1363800 1909.3
1363810 1913.7
1363820 1919.0
1363830 1919.0
1363840 1924.8
1363850 1929.8
1363860 1929.8
1363870 1934.9
1363880 1940.3
1363890 1940.3
1363900 1946.8
1363910 1950.6
1363920 1950.6
1363930 1952.2
1363940 1955.4
1363950 1961.0
1363960 1961.0
1363970 1969.1
1363980 1975.2
1363990 1975.2
1364000 1980.2
1364010 1986.0
1364020 1986.0
1364030 1992.5
1364040 1999.7
1364050 1999.7
1364060 2003.6
1364070 2010.7
1364080 2010.7
1364090 2019.0
1364100 2023.6
1364110 2023.6
1364120 2021.2
1364130 2015.2
1364140 2015.2
1364150 2008.1
1364160 2000.7
1364170 2000.7
1364180 1994.1
1364190 1988.1
1364200 1988.1
1364210 1982.6
1364220 1978.1
1364230 1975.0
1364240 1975.0
1364250 1972.7
1364260 1970.2
1364270 1970.2
1364280 1967.7
1364290 1965.4
1364300 1965.4
1364310 1963.0
1364320 1960.4
1364330 1960.4
1364340 1957.6
1364350 1954.2
1364360 1954.2
1364370 1952.1
1364380 1950.2
1364390 1950.2
1364400 1948.5
1364410 1947.1
1364420 1947.1
1364430 1946.4
1364440 1945.7
1364450 1945.7
1364460 1944.1
1364470 1942.1
1364480 1942.1
1364490 1941.3
1364500 1941.0
1364510 1939.6
1364520 1939.6
1364530 1937.5
1364540 1936.2
1364550 1936.2
1364560 1936.3
1364570 1935.3
1364580 1935.3
1364590 1933.3
1364600 1929.7
1364610 1929.7
1364620 1926.1
1364630 1924.0
1364640 1924.0
1364650 1923.1
1364660 1920.0
1364670 1920.0
1364680 1917.4
1364690 1916.7
1364700 1916.7
1364710 1915.5
1364720 1914.8
1364730 1914.8
1364740 1912.6
1364750 1909.9
1364760 1909.9
1364770 1906.8
1364780 1903.3
1364790 1899.7
1364800 1899.7
1364810 1896.1
1364820 1892.8
1364830 1892.8
1364840 1890.3
1364850 1888.8
1364860 1888.8
1364870 1887.3
1364880 1885.0
1364890 1885.0
1364900 1882.8
1364910 1879.6
1364920 1879.6
1364930 1877.3
1364940 1876.5
1364950 1876.5
1364960 1875.1
1364970 1872.9
1364980 1872.9
1364990 1870.4
1365000 1866.9
1365010 1866.9
1365020 1863.1
1365030 1859.1
1365040 1859.1
1365050 1854.9
1365060 1850.5
1365070 1846.9
1365080 1846.9
1365090 1843.9
1365100 1840.6
1365110 1840.6
1365120 1840.9
1365130 1838.3
1365140 1838.3
1365150 1835.6
1365160 1831.6
1365170 1831.6
1365180 1827.5
1365190 1824.4
1365200 1824.4
1365210 1822.2
1365220 1819.0
1365230 1819.0
1365240 1820.7
1365250 1821.1
1365260 1821.1
1365270 1820.7
1365280 1819.5
1365290 1819.5
1365300 1816.7
1365310 1813.5
1365320 1809.6
1365330 1809.6
1365340 1805.4
1365350 1801.2
1365360 1801.2
1365370 1797.0
1365380 1792.7
1365390 1792.7
1365400 1788.2
1365410 1783.0
1365420 1783.0
1365430 1776.6
1365440 1770.5
1365450 1770.5
1365460 1764.5
1365470 1758.9
1365480 1758.9
1365490 1754.7
1365500 1750.0
1365510 1750.0
1365520 1745.9
1365530 1742.1
1365540 1742.1
1365550 1738.8
1365560 1734.7
1365570 1734.7
1365580 1729.8
1365590 1725.1
1365600 1720.8
1365610 1720.8
1365620 1715.9
1365630 1710.4
1365640 1710.4
1365650 1704.2
1365660 1697.4
1365670 1697.4
1365680 1691.0
1365690 1686.2
1365700 1686.2
1365710 1682.9
1365720 1678.9
1365730 1678.9
1365740 1673.3
1365750 1667.2
1365760 1667.2
1365770 1661.7
1365780 1655.8
1365790 1655.8
1365800 1649.8
1365810 1643.5
1365820 1643.5
1365830 1635.6
1365840 1626.7
1365850 1626.7
1365860 1618.2
1365870 1608.9
1365880 1599.5
1365890 1599.5
1365900 1589.2
1365910 1581.6
1365920 1581.6
1365930 1573.5
1365940 1565.5
1365950 1565.5
1365960 1558.4
1365970 1552.2
1365980 1552.2
1365990 1545.9
1366000 1539.9
1366010 1539.9
1366020 1534.4
1366030 1529.5
1366040 1529.5
1366050 1524.9
1366060 1520.0
1366070 1520.0
1366080 1515.6
1366090 1511.5
1366100 1511.5
1366110 1507.9
1366120 1504.6
1366130 1504.6
1366140 1501.6
1366150 1499.3
1366160 1497.1
1366170 1497.1
1366180 1495.9
1366190 1498.5
1366200 1498.5
1366210 1503.4
1366220 1506.8
1366230 1506.8
1366240 1508.8
1366250 1510.8
1366260 1510.8
1366270 1512.2
1366280 1513.2
1366290 1513.2
1366300 1514.7
1366310 1518.1
1366320 1518.1
1366330 1522.0
1366340 1526.3
1366350 1526.3
1366360 1530.0
1366370 1533.5
1366380 1533.5
1366390 1536.7
1366400 1540.0
1366410 1540.0
1366420 1544.1
1366430 1548.4
1366440 1553.4
1366450 1553.4
1366460 1554.5
1366470 1555.0
1366480 1555.0
1366490 1556.9
1366500 1557.9
1366510 1557.9
1366520 1556.7
1366530 1557.7
1366540 1557.7
1366550 1559.8
1366560 1562.1
1366570 1562.1
1366580 1564.9
1366590 1568.2
1366600 1568.2
1366610 1569.0
1366620 1567.5
1366630 1567.5
1366640 1569.7
1366650 1575.4
1366660 1575.4
1366670 1580.4
1366680 1584.5
1366690 1588.7
1366700 1588.7
1366710 1592.2
1366720 1595.0
1366730 1595.0
1366740 1598.0
1366750 1601.5
1366760 1601.5
1366770 1605.0
1366780 1608.0
1366790 1608.0
1366800 1609.8
1366810 1607.9
1366820 1607.9
1366830 1608.7
1366840 1612.5
1366850 1612.5
1366860 1615.0
1366870 1619.4
1366880 1619.4
1366890 1624.2
1366900 1628.9
1366910 1628.9
1366920 1632.9
1366930 1635.8
1366940 1635.8
1366950 1639.5
1366960 1643.4
1366970 1647.3
1366980 1647.3
1366990 1651.1
1367000 1656.6
1367010 1656.6
1367020 1661.1
1367030 1664.2
1367040 1664.2
1367050 1669.3
1367060 1674.7
1367070 1674.7
1367080 1679.3
1367090 1681.0
1367100 1681.0
1367110 1681.9
1367120 1686.4
1367130 1686.4
1367140 1691.4
1367150 1696.0
1367160 1696.0
1367170 1701.9
1367180 1709.0
1367190 1709.0
1367200 1716.4
1367210 1724.3
1367220 1724.3
1367230 1733.6
1367240 1744.2
1367250 1753.1
1367260 1753.1
1367270 1763.9
1367280 1770.0
1367290 1770.0
1367300 1775.6
1367310 1780.2
1367320 1780.2
1367330 1784.3
1367340 1789.3
1367350 1789.3
1367360 1794.8
1367370 1800.1
1367380 1800.1
1367390 1804.7
1367400 1808.8
1367410 1808.8
1367420 1813.2
1367430 1818.3
1367440 1818.3
1367450 1822.2
1367460 1825.8
1367470 1825.8
1367480 1829.0
1367490 1831.5
1367500 1831.5
1367510 1833.4
1367520 1835.5
1367530 1838.4
1367540 1838.4
1367550 1841.5
1367560 1844.8
1367570 1844.8
1367580 1848.3
1367590 1853.3
1367600 1853.3
1367610 1859.1
1367620 1864.6
1367630 1864.6
1367640 1870.1
1367650 1874.6
1367660 1874.6
1367670 1878.8
1367680 1883.2
1367690 1883.2
1367700 1887.6
1367710 1892.4
1367720 1892.4
1367730 1897.6
1367740 1902.9
1367750 1902.9
1367760 1908.0
1367770 1913.2
1367780 1913.2
1367790 1918.7
1367800 1923.8
1367810 1928.4
1367820 1928.4
1367830 1931.6
1367840 1933.5
1367850 1933.5
1367860 1935.3
1367870 1937.2
1367880 1937.2
1367890 1938.6
1367900 1940.5
1367910 1940.5
1367920 1943.5
1367930 1946.4
1367940 1946.4
1367950 1950.5
1367960 1954.8
1367970 1954.8
1367980 1959.4
1367990 1964.3
1368000 1964.3
1368010 1968.6
1368020 1972.8
1368030 1972.8
1368040 1977.1
1368050 1981.1
1368060 1981.1
1368070 1984.2
1368080 1986.9
1368090 1989.3
1368100 1989.3
1368110 1991.3
1368120 1993.0
1368130 1993.0
1368140 1994.4
1368150 1995.8
1368160 1995.8
1368170 1995.9
1368180 1995.0
1368190 1995.0
1368200 1993.1
1368210 1991.4
1368220 1991.4
1368230 1990.6
1368240 1990.6
1368250 1990.6
1368260 1990.3
1368270 1989.7
1368280 1989.7
1368290 1988.4
1368300 1985.8
1368310 1985.8
1368320 1983.6
1368330 1982.6
1368340 1981.6
1368350 1981.6
1368360 1979.7
1368370 1973.0
1368380 1973.0
1368390 1972.1
1368400 1969.0
1368410 1969.0
1368420 1966.8
1368430 1964.9
1368440 1964.9
1368450 1962.3
1368460 1960.5
1368470 1960.5
1368480 1959.0
1368490 1957.3
1368500 1957.3
1368510 1953.7
1368520 1947.7
1368530 1947.7
1368540 1941.2
1368550 1935.2
1368560 1935.2
1368570 1929.8
1368580 1923.7
1368590 1923.7
1368600 1917.7
1368610 1910.8
1368620 1903.3
1368630 1903.3
1368640 1894.2
1368650 1887.2
1368660 1887.2
1368670 1882.4
1368680 1877.4
1368690 1877.4
1368700 1872.9
1368710 1866.8
1368720 1866.8
1368730 1858.7
1368740 1852.2
1368750 1852.2
1368760 1843.4
1368770 1832.3
1368780 1832.3
1368790 1823.8
1368800 1815.9
1368810 1815.9
1368820 1807.8
1368830 1799.9
1368840 1799.9
1368850 1797.5
1368860 1800.0
1368870 1800.0
1368880 1801.7
1368890 1806.7
1368900 1809.7
1368910 1809.7
1368920 1810.8
1368930 1807.7
1368940 1807.7
1368950 1805.9
1368960 1809.8
1368970 1809.8
1368980 1813.6
1368990 1812.8
1369000 1812.8
1369010 1810.2
1369020 1809.3
1369030 1809.3
1369040 1808.4
1369050 1808.3
1369060 1808.3
1369070 1811.1
1369080 1814.2
1369090 1814.2
1369100 1816.1
1369110 1815.2
1369120 1815.2
1369130 1813.6
1369140 1810.0
1369150 1810.0
1369160 1803.8
1369170 1797.6
1369180 1791.2
1369190 1791.2
1369200 1784.6
1369210 1776.7
1369220 1776.7
1369230 1770.8
1369240 1765.0
1369250 1765.0
1369260 1758.5
1369270 1751.1
1369280 1751.1
1369290 1742.2
1369300 1738.4
1369310 1738.4
1369320 1737.1
1369330 1735.9
1369340 1735.9
1369350 1735.1
1369360 1732.3
1369370 1732.3
1369380 1726.7
1369390 1717.7
1369400 1717.7
1369410 1709.7
1369420 1707.2
1369430 1707.2
1369440 1703.9
1369450 1702.6
1369460 1703.4
1369470 1704.6
1369480 1711.9
1369490 1718.8
1369500 1718.8
1369510 1727.1
1369520 1734.0
1369530 1734.0
1369540 1737.8
1369550 1740.7
1369560 1740.7
1369570 1741.2
1369580 1745.3
1369590 1745.3
1369600 1749.8
1369610 1753.3
1369620 1753.3
1369630 1756.0
1369640 1757.1
1369650 1757.1
1369660 1760.6
1369670 1762.6
1369680 1762.6
1369690 1761.7
1369700 1755.1
1369710 1749.0
1369720 1749.0
1369730 1742.1
1369740 1735.3
1369750 1735.3
1369760 1729.0
1369770 1722.8
1369780 1722.8
1369790 1717.2
1369800 1712.1
1369810 1712.1
1369820 1707.2
1369830 1703.1
1369840 1703.1
1369850 1700.9
1369860 1699.5
1369870 1699.5
1369880 1698.7
1369890 1698.1
1369900 1698.1
1369910 1697.0
1369920 1693.0
1369930 1693.0
1369940 1686.5
1369950 1679.4
1369960 1679.4
1369970 1672.4
1369980 1667.8
1369990 1663.9
1370000 1663.9
1370010 1659.1
1370020 1655.2
1370030 1655.2
1370040 1651.9
1370050 1649.7
1370060 1649.7
1370070 1648.6
1370080 1647.3
1370090 1647.3
1370100 1645.4
1370110 1640.4
1370120 1640.4
1370130 1637.7
1370140 1635.1
1370150 1635.1
1370160 1632.3
1370170 1628.9
1370180 1628.9
1370190 1622.9
1370200 1616.7
1370210 1616.7
1370220 1607.7
1370230 1599.5
1370240 1599.5
1370250 1591.6
1370260 1583.9
1370270 1583.6
1370280 1583.6
1370290 1584.4
1370300 1588.2
1370310 1588.2
1370320 1599.5
1370330 1609.9
1370340 1609.9
1370350 1623.2
1370360 1626.2
1370370 1626.2
1370380 1620.6
1370390 1618.5
1370400 1618.5
1370410 1619.5
1370420 1622.3
1370430 1622.3
1370440 1625.9
1370450 1631.7
1370460 1631.7
1370470 1633.7
1370480 1626.5
1370490 1626.5
1370500 1623.9
1370510 1625.6
1370520 1625.6
1370530 1624.4
1370540 1630.3
1370550 1638.3
1370560 1638.3
1370570 1648.2
1370580 1648.7
1370590 1648.7
1370600 1651.0
1370610 1653.1
1370620 1653.1
1370630 1657.1
1370640 1660.7
1370650 1660.7
1370660 1663.0
1370670 1664.6
1370680 1664.6
1370690 1665.8
1370700 1666.9
1370710 1666.9
1370720 1667.5
1370730 1668.2
1370740 1668.2
1370750 1669.1
1370760 1671.9
1370770 1671.9
1370780 1674.3
1370790 1677.1
1370800 1677.1
1370810 1680.4
1370820 1680.2
1370830 1678.3
1370840 1678.3
1370850 1674.1
1370860 1668.6
1370870 1668.6
1370880 1661.8
1370890 1656.6
1370900 1656.6
1370910 1654.5
1370920 1654.7
1370930 1654.7
1370940 1651.5
1370950 1656.1
1370960 1656.1
1370970 1660.3
1370980 1657.9
1370990 1657.9
1371000 1649.3
1371010 1648.0
1371020 1648.0
1371030 1651.9
1371040 1654.6
1371050 1654.6
1371060 1658.1
1371070 1662.2
1371080 1663.2
1371090 1663.2
1371100 1663.3
1371110 1661.3
1371120 1661.3
1371130 1662.4
1371140 1658.5
1371150 1658.5
1371160 1653.3
1371170 1654.8
1371180 1654.8
1371190 1660.3
1371200 1665.9
1371210 1665.9
1371220 1671.6
1371230 1678.7
1371240 1678.7
1371250 1688.3
1371260 1696.0
1371270 1696.0
1371280 1702.0
1371290 1707.2
1371300 1707.2
1371310 1712.8
1371320 1718.4
1371330 1718.4
1371340 1724.7
1371350 1730.9
1371360 1739.1
1371370 1739.1
1371380 1746.1
1371390 1753.0
1371400 1753.0
1371410 1754.9
1371420 1753.5
1371430 1753.5
1371440 1752.2
1371450 1750.3
1371460 1750.3
1371470 1748.3
1371480 1747.5
1371490 1747.5
1371500 1747.9
1371510 1746.9
1371520 1746.9
1371530 1745.5
1371540 1744.5
1371550 1744.5
1371560 1742.5
1371570 1742.7
1371580 1742.7
1371590 1740.7
1371600 1737.8
1371610 1737.8
1371620 1737.1
1371630 1736.3
1371640 1735.7
1371650 1735.7
1371660 1735.3
1371670 1734.4
1371680 1734.4
1371690 1733.3
1371700 1734.2
1371710 1732.1
1371720 1732.8
1371730 1733.0
1371740 1733.0
1371750 1731.2
1371760 1726.3
1371770 1726.3
1371780 1728.9
1371790 1736.6
1371800 1736.6
1371810 1740.3
1371820 1742.9
1371830 1742.9
1371840 1747.5
1371850 1751.2
1371860 1751.2
1371870 1754.0
1371880 1755.3
1371890 1755.3
1371900 1761.1
1371910 1766.3
1371920 1770.5
1371930 1770.5
1371940 1773.8
1371950 1777.0
1371960 1777.0
1371970 1781.0
1371980 1785.3
1371990 1785.3
1372000 1791.0
1372010 1799.7
1372020 1799.7
1372030 1808.1
1372040 1813.5
1372050 1813.5
1372060 1817.2
1372070 1820.9
1372080 1820.9
1372090 1824.3
1372100 1826.7
1372110 1826.7
1372120 1828.1
1372130 1830.2
1372140 1830.2
1372150 1832.7
1372160 1834.7
1372170 1834.7
1372180 1837.7
1372190 1840.5
1372200 1843.1
1372210 1843.1
1372220 1846.6
1372230 1852.4
1372240 1852.4
1372250 1858.7
1372260 1865.0
1372270 1865.0
1372280 1870.1
1372290 1872.8
1372300 1872.8
1372310 1874.1
1372320 1875.2
1372330 1875.2
1372340 1875.5
1372350 1875.5
1372360 1875.5
1372370 1874.5
1372380 1872.8
1372390 1872.8
1372400 1871.2
1372410 1869.6
1372420 1869.6
1372430 1868.7
1372440 1869.1
1372450 1869.1
1372460 1869.4
1372470 1869.8
1372480 1869.9
1372490 1869.9
1372500 1870.2
1372510 1870.6
1372520 1870.6
1372530 1871.2
1372540 1872.1
1372550 1872.1
1372560 1874.2
1372570 1875.5
1372580 1875.5
1372590 1877.5
1372600 1880.7
1372610 1880.7
1372620 1883.7
1372630 1885.8
1372640 1885.8
1372650 1887.4
1372660 1887.1
1372670 1887.1
1372680 1890.1
1372690 1895.6
1372700 1895.6
1372710 1899.8
1372720 1904.8
1372730 1910.6
1372740 1910.6
1372750 1916.2
1372760 1922.2
1372770 1922.2
1372780 1928.4
1372790 1933.2
1372800 1933.2
1372810 1937.5
1372820 1941.2
1372830 1941.2
1372840 1941.2
1372850 1943.0
1372860 1943.0
1372870 1944.1
1372880 1942.8
1372890 1942.8
1372900 1936.3
1372910 1930.4
1372920 1930.4
1372930 1923.9
1372940 1918.4
1372950 1918.4
1372960 1914.6
1372970 1912.2
1372980 1912.2
1372990 1910.9
1373000 1912.9
1373010 1915.1
1373020 1915.1
1373030 1917.4
1373040 1919.1
1373050 1919.1
1373060 1920.0
1373070 1919.9
1373080 1919.9
1373090 1919.2
1373100 1918.3
1373110 1918.3
1373120 1917.5
1373130 1916.8
1373140 1916.8
1373150 1916.3
1373160 1915.1
1373170 1915.1
1373180 1911.3
1373190 1908.7
1373200 1908.7
1373210 1906.3
1373220 1904.5
1373230 1904.5
1373240 1902.7
1373250 1901.6
1373260 1901.6
1373270 1900.9
1373280 1901.0
1373290 1902.2
1373300 1902.2
1373310 1904.3
1373320 1905.1
1373330 1905.1
1373340 1904.1
1373350 1902.4
1373360 1902.4
1373370 1902.0
1373380 1901.9
1373390 1901.9
1373400 1901.4
1373410 1901.2
1373420 1901.2
1373430 1899.2
1373440 1897.9
1373450 1897.9
1373460 1895.9
1373470 1893.1
1373480 1893.1
1373490 1892.0
1373500 1892.6
1373510 1892.6
1373520 1892.2
1373530 1893.7
1373540 1893.7
1373550 1893.9
1373560 1895.1
1373570 1896.9
1373580 1896.9
1373590 1899.3
1373600 1902.5
1373610 1902.5
1373620 1906.0
1373630 1909.0
1373640 1909.0
1373650 1911.6
1373660 1913.0
1373670 1913.0
1373680 1913.2
1373690 1913.8
1373700 1913.8
1373710 1914.9
1373720 1918.3
1373730 1918.3
1373740 1922.2
1373750 1925.8
1373760 1925.8
1373770 1930.1
1373780 1934.9
1373790 1934.9
1373800 1938.9
1373810 1941.2
1373820 1941.2
1373830 1942.1
1373840 1941.8
1373850 1940.2
1373860 1940.2
1373870 1938.3
1373880 1936.9
1373890 1936.9
1373900 1935.6
1373910 1933.5
1373920 1933.5
1373930 1931.5
1373940 1929.9
1373950 1929.9
1373960 1928.8
1373970 1927.5
1373980 1927.7
1373990 1926.7
1374000 1926.6
1374010 1926.6
1374020 1926.6
1374030 1926.5
1374040 1926.5
1374050 1926.9
1374060 1927.2
1374070 1927.2
1374080 1927.2
1374090 1926.9
1374100 1926.7
1374110 1926.7
1374120 1925.7
1374130 1924.6
1374140 1924.6
1374150 1923.7
1374160 1922.8
1374170 1922.8
1374180 1923.0
1374190 1923.8
1374200 1923.8
1374210 1925.4
1374220 1928.2
1374230 1928.2
1374240 1931.1
1374250 1933.2
1374260 1933.2
1374270 1935.7
1374280 1937.9
1374290 1937.9
1374300 1940.3
1374310 1941.7
1374320 1941.7
1374330 1942.9
1374340 1944.4
1374350 1944.4
1374360 1946.7
1374370 1949.4
1374380 1952.5
1374390 1952.5
1374400 1954.9
1374410 1957.2
1374420 1957.2
1374430 1960.3
1374440 1963.6
1374450 1963.6
1374460 1967.5
1374470 1970.8
1374480 1970.8
1374490 1974.5
1374500 1977.9
1374510 1977.9
1374520 1981.4
1374530 1984.7
1374540 1984.7
1374550 1988.4
1374560 1991.0
1374570 1991.0
1374580 1992.6
1374590 1993.5
1374600 1993.5
1374610 1993.4
1374620 1992.7
1374630 1992.7
1374640 1991.6
1374650 1989.9
1374660 1987.6
1374670 1987.6
1374680 1985.6
1374690 1982.0
1374700 1982.0
1374710 1978.4
1374720 1975.2
1374730 1975.2
1374740 1972.1
1374750 1968.9
1374760 1968.9
1374770 1965.3
1374780 1962.0
1374790 1962.0
1374800 1958.7
1374810 1955.5
1374820 1955.5
1374830 1952.7
1374840 1950.1
1374850 1950.1
1374860 1947.8
1374870 1946.3
1374880 1946.3
1374890 1944.7
1374900 1942.5
1374910 1942.5
1374920 1940.4
1374930 1938.6
1374940 1937.3
1374950 1937.3
1374960 1936.5
1374970 1935.1
1374980 1935.1
1374990 1933.6
1375000 1932.1
1375010 1932.1
1375020 1930.5
1375030 1929.3
1375040 1929.3
1375050 1928.0
1375060 1926.0
1375070 1926.0
1375080 1922.3
1375090 1919.6
1375100 1919.6
1375110 1917.8
1375120 1915.5
1375130 1915.5
1375140 1914.9
1375150 1911.4
1375160 1911.4
1375170 1908.5
1375180 1906.4
1375190 1906.4
1375200 1904.5
1375210 1902.7
1375220 1902.0
1375230 1902.0
1375240 1901.1
1375250 1899.3
1375260 1899.3
1375270 1898.4
1375280 1897.9
1375290 1897.9
1375300 1896.6
1375310 1895.0
1375320 1895.0
1375330 1893.7
1375340 1892.2
1375350 1892.2
1375360 1891.1
1375370 1889.6
1375380 1889.6
1375390 1887.7
1375400 1886.1
1375410 1886.1
1375420 1884.4
1375430 1882.3
1375440 1882.3
1375450 1881.0
1375460 1882.2
1375470 1883.3
1375480 1883.3
1375490 1883.0
1375500 1883.0
1375510 1883.0
1375520 1881.9
1375530 1880.8
1375540 1880.8
1375550 1881.6
1375560 1883.7
1375570 1883.7
1375580 1884.5
1375590 1884.9
1375600 1884.9
1375610 1886.0
1375620 1887.7
1375630 1887.7
1375640 1889.4
1375650 1891.5
1375660 1891.5
1375670 1892.9
1375680 1893.3
1375690 1893.3
1375700 1893.2
1375710 1893.0
1375720 1893.0
1375730 1893.1
1375740 1892.6
1375750 1891.5
1375760 1891.5
1375770 1889.5
1375780 1888.1
1375790 1888.1
1375800 1886.3
1375810 1885.3
1375820 1885.3
1375830 1884.7
1375840 1883.8
1375850 1883.8
1375860 1883.8
1375870 1884.0
1375880 1884.0
1375890 1884.4
1375900 1884.8
1375910 1884.8
1375920 1884.7
1375930 1884.5
1375940 1884.5
1375950 1884.0
1375960 1882.8
1375970 1882.8
1375980 1880.9
1375990 1879.0
1376000 1879.0
1376010 1877.6
1376020 1876.9
1376030 1876.3
1376040 1876.3
1376050 1875.8
1376060 1874.0
1376070 1874.0
1376080 1871.5
1376090 1874.4
1376100 1874.4
1376110 1874.2
1376120 1873.0
1376130 1873.0
1376140 1870.7
1376150 1867.8
1376160 1867.8
1376170 1865.6
1376180 1865.1
1376190 1865.1
1376200 1865.4
1376210 1865.3
1376220 1865.3
1376230 1864.9
1376240 1864.0
1376250 1864.0
1376260 1862.9
1376270 1861.2
1376280 1861.2
1376290 1858.9
1376300 1857.4
1376310 1857.4
1376320 1857.4
1376330 1855.4
1376340 1853.3
1376350 1853.3
1376360 1851.5
1376370 1849.8
1376380 1849.8
1376390 1848.0
1376400 1846.3
1376410 1846.3
1376420 1844.3
1376430 1841.5
1376440 1841.5
1376450 1837.8
1376460 1834.1
1376470 1834.1
1376480 1830.4
1376490 1826.7
1376500 1826.7
1376510 1822.7
1376520 1818.7
1376530 1818.7
1376540 1816.2
1376550 1814.1
1376560 1814.1
1376570 1812.2
1376580 1810.8
1376590 1808.7
1376600 1808.7
1376610 1806.4
1376620 1804.3
1376630 1804.3
1376640 1801.8
1376650 1799.5
1376660 1799.5
1376670 1796.5
1376680 1792.6
1376690 1792.6
1376700 1789.5
1376710 1786.4
1376720 1786.4
1376730 1784.3
1376740 1782.4
1376750 1782.4
1376760 1780.3
1376770 1778.0
1376780 1778.0
1376790 1774.2
1376800 1771.2
1376810 1771.2
1376820 1768.1
1376830 1763.3
1376840 1758.8
1376850 1758.8
1376860 1756.2
1376870 1753.2
1376880 1753.2
1376890 1750.0
1376900 1747.0
1376910 1747.0
1376920 1744.2
1376930 1740.1
1376940 1740.1
1376950 1733.6
1376960 1728.1
1376970 1728.1
1376980 1724.0
1376990 1720.2
1377000 1720.2
1377010 1716.7
1377020 1712.0
1377030 1712.0
1377040 1706.2
1377050 1702.2
1377060 1702.2
1377070 1696.3
1377080 1690.6
1377090 1690.6
1377100 1684.6
1377110 1678.4
1377120 1672.9
1377130 1672.9
1377140 1668.0
1377150 1664.0
1377160 1664.0
1377170 1660.3
1377180 1656.6
1377190 1656.6
1377200 1653.0
1377210 1649.6
1377220 1649.6
1377230 1646.3
1377240 1643.2
1377250 1643.2
1377260 1639.4
1377270 1635.4
1377280 1635.4
1377290 1631.0
1377300 1626.7
1377310 1626.7
1377320 1622.5
1377330 1618.7
1377340 1618.7
1377350 1614.8
1377360 1610.6
1377370 1610.6
1377380 1605.5
1377390 1598.9
1377400 1592.1
1377410 1592.1
1377420 1585.1
1377430 1577.8
1377440 1577.8
1377450 1574.2
1377460 1577.4
1377470 1577.4
1377480 1583.7
1377490 1591.1
1377500 1597.3
1377510 1600.8
1377520 1605.3
1377530 1605.3
1377540 1608.7
1377550 1611.5
1377560 1611.5
1377570 1615.4
1377580 1620.6
1377590 1620.6
1377600 1626.5
1377610 1633.4
1377620 1633.4
1377630 1639.3
1377640 1643.1
1377650 1643.1
1377660 1643.4
1377670 1643.3
1377680 1642.8
1377690 1642.8
1377700 1642.5
1377710 1641.2
1377720 1641.2
1377730 1639.1
1377740 1636.9
1377750 1636.9
1377760 1633.4
1377770 1630.9
1377780 1630.9
1377790 1629.7
1377800 1628.3
1377810 1628.3
1377820 1626.3
1377830 1624.3
1377840 1624.3
1377850 1621.9
1377860 1619.2
1377870 1619.2
1377880 1616.4
1377890 1614.1
1377900 1614.1
1377910 1611.7
1377920 1609.1
1377930 1609.1
1377940 1606.5
1377950 1603.9
1377960 1600.9
1377970 1600.9
1377980 1597.2
1377990 1593.1
1378000 1593.1
1378010 1591.3
1378020 1590.8
1378030 1590.8
1378040 1589.2
1378050 1584.8
1378060 1584.8
1378070 1580.3
1378080 1576.5
1378090 1576.5
1378100 1572.0
1378110 1567.4
1378120 1567.4
1378130 1560.8
1378140 1555.1
1378150 1555.1
1378160 1549.8
1378170 1545.2
1378180 1545.2
1378190 1541.4
1378200 1536.7
1378210 1530.9
1378220 1530.9
1378230 1524.7
1378240 1518.6
1378250 1518.6
1378260 1511.1
1378270 1502.1
1378280 1502.1
1378290 1493.6
1378300 1485.4
1378310 1485.4
1378320 1476.4
1378330 1467.3
1378340 1467.3
1378350 1460.2
1378360 1460.3
1378370 1460.3
1378380 1459.3
1378390 1455.8
1378400 1455.8
1378410 1450.7
1378420 1446.6
1378430 1446.6
1378440 1442.9
1378450 1437.6
1378460 1437.6
1378470 1431.6
1378480 1426.7
1378490 1422.3
1378500 1422.3
1378510 1419.0
1378520 1416.1
1378530 1416.1
1378540 1413.4
1378550 1407.4
1378560 1407.4
1378570 1405.2
1378580 1408.0
1378590 1408.0
1378600 1409.9
1378610 1412.9
1378620 1412.9
1378630 1414.5
1378640 1416.0
1378650 1416.0
1378660 1417.8
1378670 1419.4
1378680 1419.4
1378690 1425.9
1378700 1429.1
1378710 1429.1
1378720 1433.1
1378730 1436.7
1378740 1436.7
1378750 1440.2
1378760 1443.8
1378770 1447.5
1378780 1447.5
1378790 1451.4
1378800 1455.5
1378810 1455.5
1378820 1459.3
1378830 1461.8
1378840 1461.8
1378850 1466.7
1378860 1471.4
1378870 1471.4
1378880 1476.1
1378890 1478.9
1378900 1478.9
1378910 1481.3
1378920 1482.9
1378930 1482.9
1378940 1484.3
1378950 1485.5
1378960 1485.5
1378970 1485.6
1378980 1484.9
1378990 1484.9
1379000 1484.0
1379010 1483.0
1379020 1483.0
1379030 1482.6
1379040 1482.3
1379050 1482.5
1379060 1482.5
1379070 1481.9
1379080 1481.6
1379090 1481.6
1379100 1481.9
1379110 1481.2
1379120 1481.2
1379130 1481.9
1379140 1484.5
1379150 1484.5
1379160 1488.4
1379170 1492.6
1379180 1492.6
1379190 1497.1
1379200 1500.0
1379210 1500.0
1379220 1501.3
1379230 1501.6
1379240 1501.6
1379250 1500.9
1379260 1499.3
1379270 1499.3
1379280 1497.2
1379290 1494.5
1379300 1494.5
1379310 1491.0
1379320 1487.7
1379330 1484.9
1379340 1484.9
1379350 1483.5
1379360 1483.1
1379370 1483.1
1379380 1482.9
1379390 1482.9
1379400 1482.9
1379410 1483.1
1379420 1482.3
1379430 1482.3
1379440 1480.4
1379450 1478.2
1379460 1478.2
1379470 1476.0
1379480 1474.2
1379490 1474.2
1379500 1473.1
1379510 1472.2
1379520 1472.2
1379530 1471.0
1379540 1469.8
1379550 1469.8
1379560 1468.5
1379570 1467.3
1379580 1467.7
1379590 1467.7
1379600 1466.6
1379610 1464.4
1379620 1464.4
1379630 1461.8
1379640 1458.9
1379650 1458.9
1379660 1455.8
1379670 1452.6
1379680 1452.6
1379690 1449.6
1379700 1447.8
1379710 1447.8
1379720 1445.9
1379730 1442.8
1379740 1442.8
1379750 1439.1
1379760 1434.9
1379770 1434.9
1379780 1431.7
1379790 1429.3
1379800 1429.3
1379810 1427.2
1379820 1424.8
1379830 1424.8
1379840 1422.1
1379850 1420.2
1379860 1418.8
1379870 1418.8
1379880 1419.0
1379890 1419.0
1379900 1419.0
1379910 1419.2
1379920 1417.4
1379930 1417.4
1379940 1416.3
1379950 1415.5
1379960 1415.5
1379970 1414.8
1379980 1413.3
1379990 1413.3
