1360000 1196.5
1360010 1196.5
1360020 1198.6
1360030 1201.6
1360040 1201.6
1360050 1203.3
1360060 1204.4
1360070 1204.4
1360080 1206.7
1360090 1208.3
1360100 1208.3
1360110 1211.1
1360120 1212.9
1360130 1212.9
1360140 1215.4
1360150 1218.1
1360160 1222.0
1360170 1222.0
1360180 1226.4
1360190 1231.7
1360200 1231.7
1360210 1237.4
1360220 1243.0
1360230 1243.0
1360240 1247.5
1360250 1251.7
1360260 1251.7
1360270 1255.6
1360280 1259.4
1360290 1259.4
1360300 1263.1
1360310 1266.9
1360320 1266.9
1360330 1269.6
1360340 1272.3
1360350 1272.3
1360360 1275.1
1360370 1277.5
1360380 1277.5
1360390 1280.3
1360400 1283.0
1360410 1283.0
1360420 1286.4
1360430 1289.9
1360440 1292.9
1360450 1292.9
1360460 1295.1
1360470 1296.4
1360480 1296.4
1360490 1297.7
1360500 1298.6
1360510 1298.6
1360520 1300.2
1360530 1303.2
1360540 1303.2
1360550 1308.3
1360560 1316.6
1360570 1316.6
1360580 1321.8
1360590 1326.3
1360600 1326.3
1360610 1329.7
1360620 1333.5
1360630 1333.5
1360640 1337.4
1360650 1340.7
1360660 1340.7
1360670 1344.7
1360680 1349.5
1360690 1349.5
1360700 1354.1
1360710 1358.6
1360720 1362.0
1360730 1362.0
1360740 1364.5
1360750 1366.3
1360760 1366.3
1360770 1367.5
1360780 1369.3
1360790 1369.3
1360800 1372.0
1360810 1376.1
1360820 1376.1
1360830 1373.7
1360840 1367.5
1360850 1367.5
1360860 1366.0
1360870 1366.9
1360880 1366.9
1360890 1367.4
1360900 1372.4
1360910 1372.4
1360920 1380.1
1360930 1389.4
1360940 1389.4
1360950 1399.1
1360960 1408.2
1360970 1408.2
1360980 1417.1
1360990 1425.7
1361000 1434.0
1361010 1434.0
1361020 1441.6
1361030 1448.2
1361040 1448.2
1361050 1453.1
1361060 1457.0
1361070 1457.0
1361080 1460.2
1361090 1462.8
1361100 1462.8
1361110 1464.8
1361120 1464.3
1361130 1464.3
1361140 1464.5
1361150 1470.8
1361160 1470.8
1361170 1475.3
1361180 1478.1
1361190 1478.1
1361200 1481.2
1361210 1483.4
1361220 1483.4
1361230 1485.8
1361240 1487.7
1361250 1487.7
1361260 1490.0
1361270 1492.0
1361280 1494.6
1361290 1494.6
1361300 1498.2
1361310 1500.2
1361320 1500.2
1361330 1501.3
1361340 1503.7
1361350 1503.7
1361360 1506.6
1361370 1509.5
1361380 1509.5
1361390 1512.6
1361400 1516.5
1361410 1516.5
1361420 1518.3
1361430 1518.1
1361440 1518.1
1361450 1517.0
1361460 1515.5
1361470 1515.5
1361480 1513.4
1361490 1512.0
1361500 1512.0
1361510 1513.7
1361520 1516.5
1361530 1516.5
1361540 1520.2
1361550 1523.2
1361560 1524.6
1361570 1524.6
1361580 1524.3
1361590 1530.6
1361600 1530.6
1361610 1529.3
1361620 1527.8
1361630 1527.8
1361640 1526.9
1361650 1527.5
1361660 1527.5
1361670 1527.2
1361680 1525.7
1361690 1525.7
1361700 1521.0
1361710 1513.4
1361720 1513.4
1361730 1505.5
1361740 1497.8
1361750 1497.8
1361760 1489.6
1361770 1488.2
1361780 1488.2
1361790 1495.2
1361800 1493.9
1361810 1493.9
1361820 1492.4
1361830 1491.2
1361840 1489.0
1361850 1489.0
1361860 1485.7
1361870 1483.2
1361880 1483.2
1361890 1482.0
1361900 1481.2
1361910 1481.2
1361920 1479.9
1361930 1477.3
1361940 1477.3
1361950 1473.7
1361960 1470.5
1361970 1470.5
1361980 1466.3
1361990 1462.4
1362000 1462.4
1362010 1459.2
1362020 1457.1
1362030 1457.1
1362040 1455.7
1362050 1453.3
1362060 1453.3
1362070 1449.4
1362080 1445.8
1362090 1445.8
1362100 1441.6
1362110 1434.1
1362120 1435.8
1362130 1435.8
1362140 1439.0
1362150 1438.8
1362160 1438.8
1362170 1438.3
1362180 1439.6
1362190 1439.6
1362200 1441.8
1362210 1443.6
1362220 1443.6
1362230 1446.0
1362240 1447.4
1362250 1447.4
1362260 1446.6
1362270 1445.1
1362280 1445.1
1362290 1443.5
1362300 1441.2
1362310 1441.2
1362320 1437.4
1362330 1433.2
1362340 1433.2
1362350 1428.3
1362360 1424.1
1362370 1419.9
1362380 1419.9
1362390 1415.4
1362400 1410.7
1362410 1410.7
1362420 1406.7
1362430 1403.7
1362440 1403.7
1362450 1399.0
1362460 1393.3
1362470 1393.3
1362480 1387.4
1362490 1383.7
1362500 1383.7
1362510 1390.0
1362520 1400.5
1362530 1400.5
1362540 1412.5
1362550 1418.9
1362560 1418.9
1362570 1424.0
1362580 1427.0
1362590 1427.0
1362600 1429.0
1362610 1430.6
1362620 1430.6
1362630 1431.3
1362640 1431.7
1362650 1432.6
1362660 1432.6
1362670 1434.0
1362680 1436.4
1362690 1436.4
1362700 1438.8
1362710 1441.1
1362720 1441.1
1362730 1443.3
1362740 1445.3
1362750 1445.3
1362760 1447.3
1362770 1451.2
1362780 1451.2
1362790 1457.1
1362800 1463.3
1362810 1463.3
1362820 1469.0
1362830 1474.2
1362840 1474.2
1362850 1480.5
1362860 1488.2
1362870 1488.2
1362880 1496.0
1362890 1502.9
1362900 1502.9
1362910 1509.0
1362920 1512.9
1362930 1515.8
1362940 1515.8
1362950 1520.3
1362960 1526.3
1362970 1526.3
1362980 1533.4
1362990 1540.4
1363000 1540.4
1363010 1548.0
1363020 1557.1
1363030 1557.1
1363040 1567.3
1363050 1575.1
1363060 1575.1
1363070 1582.6
1363080 1590.8
1363090 1590.8
1363100 1596.4
1363110 1601.2
1363120 1601.2
1363130 1606.4
1363140 1611.8
1363150 1611.8
1363160 1618.3
1363170 1624.9
1363180 1624.9
1363190 1632.2
1363200 1640.7
1363210 1648.8
1363220 1648.8
1363230 1656.1
1363240 1662.7
1363250 1662.7
1363260 1669.0
1363270 1674.3
1363280 1674.3
1363290 1680.1
1363300 1685.3
1363310 1685.3
1363320 1691.5
1363330 1698.2
1363340 1698.2
1363350 1705.1
1363360 1711.4
1363370 1711.4
1363380 1718.2
1363390 1725.8
1363400 1725.8
1363410 1732.9
1363420 1740.3
1363430 1740.3
1363440 1747.3
1363450 1754.1
1363460 1754.1
1363470 1761.3
1363480 1767.5
1363490 1773.3
1363500 1773.3
1363510 1779.5
1363520 1784.7
1363530 1784.7
1363540 1791.0
1363550 1798.5
1363560 1798.5
1363570 1806.1
1363580 1812.6
1363590 1812.6
1363600 1819.8
1363610 1825.7
1363620 1825.7
1363630 1831.8
1363640 1838.7
1363650 1838.7
1363660 1843.4
1363670 1848.1
1363680 1846.6
1363690 1852.7
1363700 1858.4
1363710 1858.4
1363720 1863.6
1363730 1869.0
1363740 1869.0
1363750 1874.3
1363760 1879.0
1363770 1883.4
1363780 1883.4
1363790 1887.0
1363800 1891.1
1363810 1891.1
1363820 1895.0
1363830 1899.6
1363840 1899.6
1363850 1904.9
1363860 1911.1
1363870 1911.1
1363880 1917.8
1363890 1924.3
1363900 1924.3
1363910 1929.9
1363920 1935.0
1363930 1935.0
1363940 1940.1
1363950 1945.0
1363960 1945.0
1363970 1948.6
1363980 1952.7
1363990 1952.7
1364000 1958.3
1364010 1964.5
1364020 1964.5
1364030 1971.3
1364040 1978.1
1364050 1984.6
1364060 1984.6
1364070 1991.1
1364080 1997.7
1364090 1997.7
1364100 2003.6
1364110 2009.7
1364120 2009.7
1364130 2016.1
1364140 2022.3
1364150 2022.3
1364160 2028.0
1364170 2033.5
1364180 2033.5
1364190 2038.7
1364200 2044.0
1364210 2044.0
1364220 2049.2
1364230 2054.3
1364240 2054.3
1364250 2059.1
1364260 2063.5
1364270 2063.5
1364280 2067.2
1364290 2071.1
1364300 2071.1
1364310 2075.3
1364320 2079.2
1364330 2082.4
1364340 2082.4
1364350 2085.6
1364360 2087.4
1364370 2087.4
1364380 2086.5
1364390 2085.8
1364400 2085.8
1364410 2085.6
1364420 2084.6
1364430 2084.6
1364440 2083.5
1364450 2081.5
1364460 2081.5
1364470 2078.3
1364480 2074.1
1364490 2074.1
1364500 2069.3
1364510 2063.9
1364520 2063.9
1364530 2057.6
1364540 2051.5
1364550 2051.5
1364560 2045.2
1364570 2037.7
1364580 2037.7
1364590 2029.3
1364600 2019.4
1364610 2010.7
1364620 2010.7
1364630 2003.5
1364640 1997.6
1364650 1997.6
1364660 1992.7
1364670 1986.4
1364680 1986.4
1364690 1980.8
1364700 1975.2
1364710 1975.2
1364720 1970.3
1364730 1965.1
1364740 1971.2
1364750 1963.2
1364760 1956.5
1364770 1956.5
1364780 1951.0
1364790 1945.1
1364800 1945.1
1364810 1939.7
1364820 1935.0
1364830 1935.0
1364840 1930.0
1364850 1925.2
1364860 1919.4
1364870 1919.4
1364880 1912.6
1364890 1906.3
1364900 1906.3
1364910 1901.6
1364920 1898.0
1364930 1898.0
1364940 1894.7
1364950 1891.4
1364960 1891.4
1364970 1887.6
1364980 1883.9
1364990 1883.9
1365000 1880.4
1365010 1875.7
1365020 1875.7
1365030 1871.4
1365040 1868.2
1365050 1868.2
1365060 1865.2
1365070 1862.4
1365080 1862.4
1365090 1860.0
1365100 1856.5
1365110 1856.5
1365120 1853.0
1365130 1851.0
1365140 1850.2
1365150 1850.2
1365160 1850.8
1365170 1847.0
1365180 1847.0
1365190 1841.9
1365200 1837.3
1365210 1837.3
1365220 1831.9
1365230 1825.6
1365240 1825.6
1365250 1819.7
1365260 1813.7
1365270 1813.7
1365280 1808.6
1365290 1805.5
1365300 1805.5
1365310 1804.2
1365320 1799.8
1365330 1799.8
1365340 1794.4
1365350 1787.3
1365360 1787.3
1365370 1782.3
1365380 1777.4
1365390 1777.4
1365400 1771.1
1365410 1764.5
1365420 1757.7
1365430 1757.7
1365440 1752.0
1365450 1747.1
1365460 1747.1
1365470 1742.2
1365480 1738.3
1365490 1738.3
1365500 1735.3
1365510 1732.5
1365520 1732.5
1365530 1729.6
1365540 1726.6
1365550 1726.6
1365560 1724.5
1365570 1722.6
1365580 1722.6
1365590 1720.2
1365600 1717.2
1365610 1717.2
1365620 1713.1
1365630 1707.5
1365640 1707.5
1365650 1705.3
1365660 1705.4
1365670 1705.4
1365680 1703.3
1365690 1699.9
1365700 1696.0
1365710 1696.0
1365720 1692.4
1365730 1689.6
1365740 1689.6
1365750 1683.9
1365760 1677.8
1365770 1677.8
1365780 1671.9
1365790 1667.6
1365800 1667.6
1365810 1661.5
1365820 1658.2
1365830 1658.2
1365840 1654.9
1365850 1649.9
1365860 1649.9
1365870 1644.8
1365880 1640.5
1365890 1640.5
1365900 1637.4
1365910 1634.5
1365920 1634.5
1365930 1631.3
1365940 1628.2
1365950 1628.2
1365960 1625.1
1365970 1622.0
1365980 1618.3
1365990 1618.3
1366000 1614.0
1366010 1609.8
1366020 1609.8
1366030 1606.9
1366040 1603.7
1366050 1603.7
1366060 1600.0
1366070 1596.1
1366080 1596.1
1366090 1591.9
1366100 1588.2
1366110 1588.2
1366120 1585.0
1366130 1581.9
1366140 1581.9
1366150 1579.5
1366160 1577.3
1366170 1577.3
1366180 1570.5
1366190 1563.1
1366200 1563.1
1366210 1559.5
1366220 1557.6
1366230 1557.6
1366240 1554.9
1366250 1549.4
1366260 1543.3
1366270 1543.3
1366280 1539.7
1366290 1536.6
1366300 1536.6
1366310 1532.0
1366320 1523.4
1366330 1523.4
1366340 1514.4
1366350 1507.1
1366360 1507.1
1366370 1500.3
1366380 1490.3
1366390 1490.3
1366400 1480.5
1366410 1472.2
1366420 1472.2
1366430 1465.7
1366440 1457.7
1366450 1457.7
1366460 1448.0
1366470 1437.5
1366480 1437.5
1366490 1430.1
1366500 1429.7
1366510 1429.7
1366520 1430.8
1366530 1426.6
1366540 1423.3
1366550 1423.3
1366560 1415.6
1366570 1404.1
1366580 1404.1
1366590 1394.2
1366600 1383.8
1366610 1383.8
1366620 1373.1
1366630 1364.0
1366640 1364.0
1366650 1356.3
1366660 1352.6
1366670 1352.6
1366680 1352.4
1366690 1351.8
1366700 1351.8
1366710 1350.6
1366720 1351.6
1366730 1351.6
1366740 1351.9
1366750 1352.9
1366760 1352.9
1366770 1357.2
1366780 1361.5
1366790 1361.5
1366800 1365.6
1366810 1370.2
1366820 1375.4
1366830 1375.4
1366840 1381.2
1366850 1388.1
1366860 1388.1
1366870 1394.3
1366880 1398.2
1366890 1398.0
1366900 1401.8
1366910 1405.7
1366920 1405.7
1366930 1410.6
1366940 1414.1
1366950 1414.1
1366960 1417.0
1366970 1419.2
1366980 1419.2
1366990 1421.5
1367000 1424.6
1367010 1424.6
1367020 1430.0
1367030 1435.8
1367040 1435.8
1367050 1441.9
1367060 1448.4
1367070 1448.4
1367080 1454.1
1367090 1460.1
1367100 1466.3
1367110 1466.3
1367120 1472.3
1367130 1478.5
1367140 1478.5
1367150 1485.7
1367160 1492.3
1367170 1492.3
1367180 1499.2
1367190 1504.9
1367200 1504.9
1367210 1510.4
1367220 1516.4
1367230 1516.4
1367240 1523.4
1367250 1531.7
1367260 1531.7
1367270 1540.1
1367280 1549.3
1367290 1549.3
1367300 1557.7
1367310 1565.2
1367320 1565.2
1367330 1573.3
1367340 1581.0
1367350 1588.0
1367360 1588.0
1367370 1594.8
1367380 1602.9
1367390 1602.9
1367400 1612.5
1367410 1621.9
1367420 1621.9
1367430 1630.4
1367440 1638.2
1367450 1638.2
1367460 1647.3
1367470 1657.6
1367480 1657.6
1367490 1666.1
1367500 1676.8
1367510 1676.8
1367520 1688.6
1367530 1699.6
1367540 1699.6
1367550 1711.9
1367560 1720.8
1367570 1720.8
1367580 1726.7
1367590 1733.0
1367600 1733.0
1367610 1739.9
1367620 1746.2
1367630 1750.6
1367640 1750.6
1367650 1753.8
1367660 1755.8
1367670 1755.8
1367680 1758.7
1367690 1762.2
1367700 1762.2
1367710 1765.5
1367720 1768.6
1367730 1768.6
1367740 1772.0
1367750 1775.4
1367760 1775.4
1367770 1779.2
1367780 1782.9
1367790 1782.9
1367800 1786.0
1367810 1789.3
1367820 1789.3
1367830 1792.7
1367840 1795.8
1367850 1795.8
1367860 1798.9
1367870 1802.1
1367880 1802.1
1367890 1805.6
1367900 1808.0
1367910 1810.1
1367920 1810.1
1367930 1812.0
1367940 1813.9
1367950 1813.9
1367960 1817.5
1367970 1822.5
1367980 1817.6
1367990 1822.4
1368000 1827.0
1368010 1827.0
1368020 1831.5
1368030 1835.4
1368040 1835.4
1368050 1837.4
1368060 1838.7
1368070 1838.7
1368080 1840.4
1368090 1842.1
1368100 1842.1
1368110 1844.7
1368120 1847.5
1368130 1847.5
1368140 1850.2
1368150 1853.1
1368160 1853.1
1368170 1856.4
1368180 1859.7
1368190 1863.2
1368200 1863.2
1368210 1867.5
1368220 1873.1
1368230 1873.1
1368240 1879.7
1368250 1886.9
1368260 1886.9
1368270 1894.3
1368280 1899.0
1368290 1899.0
1368300 1897.7
1368310 1896.7
1368320 1896.7
1368330 1899.9
1368340 1904.6
1368350 1904.6
1368360 1908.7
1368370 1912.9
1368380 1912.9
1368390 1917.5
1368400 1922.3
1368410 1922.3
1368420 1927.3
1368430 1931.8
1368440 1931.8
1368450 1936.6
1368460 1941.6
1368470 1946.4
1368480 1946.4
1368490 1950.5
1368500 1950.7
1368510 1950.7
1368520 1948.1
1368530 1951.4
1368540 1951.4
1368550 1958.9
1368560 1965.9
1368570 1965.9
1368580 1972.9
1368590 1980.4
1368600 1980.4
1368610 1986.6
1368620 1990.9
1368630 1990.9
1368640 1995.1
1368650 1998.8
1368660 1998.8
1368670 2001.5
1368680 2004.8
1368690 2004.8
1368700 2009.0
1368710 2014.1
1368720 2014.1
1368730 2020.0
1368740 2026.1
1368750 2032.1
1368760 2032.1
1368770 2037.9
1368780 2043.4
1368790 2043.4
1368800 2048.1
1368810 2057.0
1368820 2057.0
1368830 2073.0
1368840 2078.5
1368850 2078.5
1368860 2083.6
1368870 2093.4
1368880 2093.4
1368890 2100.9
1368900 2111.4
1368910 2111.4
1368920 2122.8
1368930 2133.0
1368940 2133.0
1368950 2142.0
1368960 2151.9
1368970 2151.9
1368980 2159.1
1368990 2167.6
1369000 2167.6
1369010 2178.0
1369020 2178.9
1369030 2176.3
1369040 2176.3
1369050 2176.6
1369060 2187.0
1369070 2180.9
1369080 2199.9
1369090 2218.2
1369100 2218.2
1369110 2229.3
1369120 2233.3
1369130 2233.3
1369140 2239.8
1369150 2245.8
1369160 2245.8
1369170 2234.9
1369180 2226.3
1369190 2226.3
1369200 2219.6
1369210 2214.4
1369220 2214.4
1369230 2208.3
1369240 2200.0
1369250 2200.0
1369260 2198.0
1369270 2198.6
1369280 2198.6
1369290 2199.4
1369300 2203.7
1369310 2210.5
1369320 2210.5
1369330 2217.3
1369340 2226.4
1369350 2226.4
1369360 2234.3
1369370 2240.8
1369380 2240.8
1369390 2233.7
1369400 2219.3
1369410 2219.3
1369420 2208.0
1369430 2197.3
1369440 2197.3
1369450 2185.8
1369460 2174.8
1369470 2174.8
1369480 2162.5
1369490 2150.7
1369500 2150.7
1369510 2139.0
1369520 2128.8
1369530 2128.8
1369540 2119.2
1369550 2113.5
1369560 2113.5
1369570 2107.8
1369580 2103.6
1369590 2088.8
1369600 2088.8
1369610 2077.8
1369620 2067.2
1369630 2067.2
1369640 2060.2
1369650 2047.6
1369660 2047.6
1369670 2038.5
1369680 2031.2
1369690 2031.2
1369700 2026.9
1369710 2024.9
1369720 2024.9
1369730 2024.1
1369740 2024.8
1369750 2024.8
1369760 2024.4
1369770 2022.0
1369780 2022.0
1369790 2021.9
1369800 2019.8
1369810 2019.8
1369820 2018.6
1369830 2020.4
1369840 2023.4
1369850 2023.4
1369860 2025.8
1369870 2028.1
1369880 2028.1
1369890 2029.3
1369900 2030.4
1369910 2030.4
1369920 2030.1
1369930 2028.3
1369940 2028.3
1369950 2026.2
1369960 2023.7
1369970 2023.7
1369980 2021.8
1369990 2019.8
1370000 2019.8
1370010 2018.4
1370020 2017.8
1370030 2017.8
1370040 2016.4
1370050 2014.3
1370060 2014.3
1370070 2011.9
1370080 2009.7
1370090 2009.7
1370100 2007.5
1370110 2005.0
1370120 2002.4
1370130 2002.4
1370140 2000.3
1370150 1998.5
1370160 1998.5
1370170 1997.4
1370180 1995.3
1370190 1995.3
1370200 1993.8
1370210 1991.6
1370220 1991.6
1370230 1988.9
1370240 1986.4
1370250 1986.4
1370260 1984.9
1370270 1983.8
1370280 1983.8
1370290 1981.6
1370300 1976.4
1370310 1976.4
1370320 1970.2
1370330 1964.2
1370340 1964.2
1370350 1959.9
1370360 1957.1
1370370 1957.1
1370380 1952.4
1370390 1947.1
1370400 1943.6
1370410 1943.6
1370420 1941.4
1370430 1938.1
1370440 1938.1
1370450 1934.8
1370460 1932.4
1370470 1932.4
1370480 1925.2
1370490 1920.2
1370500 1920.2
1370510 1917.7
1370520 1914.5
1370530 1914.5
1370540 1910.8
1370550 1906.1
1370560 1906.1
1370570 1902.9
1370580 1897.8
1370590 1897.8
1370600 1890.3
1370610 1883.8
1370620 1883.8
1370630 1876.5
1370640 1869.2
1370650 1869.2
1370660 1862.7
1370670 1857.3
1370680 1853.7
1370690 1853.7
1370700 1850.8
1370710 1847.6
1370720 1847.6
1370730 1843.7
1370740 1840.0
1370750 1840.0
1370760 1836.4
1370770 1832.8
1370780 1832.8
1370790 1828.7
1370800 1824.0
1370810 1824.0
1370820 1819.3
1370830 1814.9
1370840 1814.9
1370850 1810.6
1370860 1806.0
1370870 1806.0
1370880 1800.8
1370890 1796.0
1370900 1796.0
1370910 1791.4
1370920 1784.0
1370930 1784.0
1370940 1774.5
1370950 1765.9
1370960 1759.8
1370970 1759.8
1370980 1758.7
1370990 1758.7
1371000 1758.7
1371010 1755.8
1371020 1752.5
1371030 1752.5
1371040 1750.6
1371050 1748.2
1371060 1748.2
1371070 1746.6
1371080 1748.9
1371090 1748.9
1371100 1746.9
1371110 1743.8
1371120 1743.8
1371130 1740.5
1371140 1737.7
1371150 1737.7
1371160 1734.9
1371170 1732.0
1371180 1732.0
1371190 1728.0
1371200 1723.3
1371210 1723.3
1371220 1717.3
1371230 1710.9
1371240 1705.7
1371250 1705.7
1371260 1700.9
1371270 1696.2
1371280 1696.2
1371290 1692.1
1371300 1687.5
1371310 1687.5
1371320 1682.1
1371330 1677.6
1371340 1677.6
1371350 1674.1
1371360 1670.3
1371370 1670.3
1371380 1664.9
1371390 1661.7
1371400 1661.7
1371410 1659.4
1371420 1656.0
1371430 1656.0
1371440 1652.2
1371450 1648.8
1371460 1648.8
1371470 1645.9
1371480 1643.1
1371490 1643.1
1371500 1640.2
1371510 1636.6
1371520 1632.5
1371530 1632.5
1371540 1627.6
1371550 1620.3
1371560 1620.3
1371570 1613.5
1371580 1607.9
1371590 1607.9
1371600 1603.8
1371610 1598.7
1371620 1598.7
1371630 1592.0
1371640 1584.7
1371650 1584.7
1371660 1578.7
1371670 1572.5
1371680 1572.5
1371690 1568.8
1371700 1566.0
1371710 1566.0
1371720 1562.6
1371730 1560.9
1371740 1560.9
1371750 1562.6
1371760 1568.0
1371770 1568.0
1371780 1569.6
1371790 1572.4
1371800 1575.8
1371810 1575.8
1371820 1579.3
1371830 1583.4
1371840 1583.4
1371850 1586.9
1371860 1589.4
1371870 1589.4
1371880 1590.4
1371890 1591.8
1371900 1591.8
1371910 1592.9
1371920 1594.4
1371930 1594.4
1371940 1595.9
1371950 1596.3
1371960 1596.3
1371970 1597.1
1371980 1598.8
1371990 1598.8
1372000 1601.2
1372010 1604.4
1372020 1604.4
1372030 1607.9
1372040 1612.1
1372050 1612.1
1372060 1616.4
1372070 1620.6
1372080 1624.2
1372090 1624.2
1372100 1627.5
1372110 1630.3
1372120 1630.3
1372130 1631.8
1372140 1633.4
1372150 1633.4
1372160 1633.6
1372170 1636.4
1372180 1636.4
1372190 1640.8
1372200 1645.0
1372210 1645.0
1372220 1649.5
1372230 1654.8
1372240 1654.8
1372250 1657.8
1372260 1657.6
1372270 1657.6
1372280 1661.8
1372290 1668.1
1372300 1668.1
1372310 1673.3
1372320 1678.0
1372330 1682.2
1372340 1682.2
1372350 1685.6
1372360 1688.5
1372370 1688.5
1372380 1691.4
1372390 1693.7
1372400 1693.7
1372410 1698.2
1372420 1700.8
1372430 1707.4
1372440 1710.1
1372450 1713.5
1372460 1713.5
1372470 1715.2
1372480 1717.7
1372490 1717.7
1372500 1721.1
1372510 1725.4
1372520 1725.4
1372530 1728.5
1372540 1733.2
1372550 1733.2
1372560 1738.3
1372570 1743.6
1372580 1743.6
1372590 1747.9
1372600 1753.3
1372610 1759.2
1372620 1759.2
1372630 1765.2
1372640 1770.6
1372650 1770.6
1372660 1774.7
1372670 1782.0
1372680 1782.0
1372690 1789.8
1372700 1798.7
1372710 1798.7
1372720 1803.9
1372730 1811.0
1372740 1811.0
1372750 1814.5
1372760 1824.0
1372770 1824.0
1372780 1837.8
1372790 1854.9
1372800 1854.9
1372810 1871.6
1372820 1881.6
1372830 1881.6
1372840 1889.4
1372850 1896.4
1372860 1896.4
1372870 1905.1
1372880 1916.5
1372890 1927.8
1372900 1927.8
1372910 1933.7
1372920 1937.3
1372930 1937.3
1372940 1944.6
1372950 1952.1
1372960 1952.1
1372970 1958.1
1372980 1964.1
1372990 1964.1
1373000 1972.6
1373010 1983.8
1373020 1983.8
1373030 1997.0
1373040 2003.9
1373050 2003.9
1373060 2003.3
1373070 2005.5
1373080 2005.5
1373090 2007.6
1373100 2009.7
1373110 2009.7
1373120 2010.5
1373130 2018.0
1373140 2018.0
1373150 2025.0
1373160 2027.7
1373170 2034.8
1373180 2034.8
1373190 2042.0
1373200 2042.9
1373210 2042.9
1373220 2045.3
1373230 2046.4
1373240 2046.4
1373250 2046.9
1373260 2040.8
1373270 2040.8
1373280 2030.9
1373290 2023.5
1373300 2023.5
1373310 2015.6
1373320 2005.8
1373330 2005.8
1373340 1995.5
1373350 1987.3
1373360 1987.3
1373370 1979.6
1373380 1972.5
1373390 1972.5
1373400 1966.4
1373410 1960.7
1373420 1960.7
1373430 1955.1
1373440 1949.8
1373450 1945.1
1373460 1945.1
1373470 1941.0
1373480 1937.5
1373490 1937.5
1373500 1934.1
1373510 1931.0
1373520 1931.0
1373530 1928.5
1373540 1926.0
1373550 1926.0
1373560 1923.0
1373570 1920.0
1373580 1920.0
1373590 1917.1
1373600 1914.7
1373610 1914.7
1373620 1911.7
1373630 1908.4
1373640 1908.4
1373650 1906.2
1373660 1904.0
1373670 1904.0
1373680 1901.8
1373690 1899.5
1373700 1899.5
1373710 1896.5
1373720 1893.2
1373730 1888.5
1373740 1888.5
1373750 1884.0
1373760 1879.9
1373770 1879.9
1373780 1876.1
1373790 1872.9
1373800 1872.9
1373810 1869.6
1373820 1865.7
1373830 1865.7
1373840 1861.4
1373850 1858.6
1373860 1858.6
1373870 1856.7
1373880 1854.3
1373890 1854.3
1373900 1851.7
1373910 1849.3
1373920 1849.3
1373930 1846.6
1373940 1843.6
1373950 1843.6
1373960 1840.0
1373970 1836.1
1373980 1836.1
1373990 1832.6
1374000 1829.3
1374010 1825.9
1374020 1825.9
1374030 1822.2
1374040 1819.0
1374050 1819.0
1374060 1815.2
1374070 1811.7
1374080 1811.7
1374090 1809.1
1374100 1806.6
1374110 1806.6
1374120 1802.4
1374130 1798.7
1374140 1798.7
1374150 1794.8
1374160 1789.7
1374170 1789.7
1374180 1783.8
1374190 1777.9
1374200 1777.9
1374210 1771.9
1374220 1765.3
1374230 1765.3
1374240 1758.7
1374250 1751.4
1374260 1751.4
1374270 1743.9
1374280 1737.1
1374290 1730.1
1374300 1730.1
1374310 1723.9
1374320 1717.2
1374330 1717.2
1374340 1710.5
1374350 1704.3
1374360 1704.3
1374370 1698.6
1374380 1692.9
1374390 1692.9
1374400 1687.0
1374410 1681.1
1374420 1681.1
1374430 1675.6
1374440 1669.8
1374450 1669.8
1374460 1664.0
1374470 1659.6
1374480 1659.6
1374490 1656.1
1374500 1653.4
1374510 1653.4
1374520 1651.3
1374530 1649.5
1374540 1649.5
1374550 1648.7
1374560 1647.8
1374570 1643.8
1374580 1643.8
1374590 1641.2
1374600 1639.3
1374610 1639.3
1374620 1638.4
1374630 1637.7
1374640 1637.7
1374650 1635.6
1374660 1637.4
1374670 1637.4
1374680 1640.9
1374690 1645.2
1374700 1645.2
1374710 1649.4
1374720 1652.1
1374730 1656.8
1374740 1659.6
1374750 1662.1
1374760 1662.1
1374770 1664.0
1374780 1665.7
1374790 1665.7
1374800 1667.4
1374810 1669.4
1374820 1671.0
1374830 1671.0
1374840 1671.5
1374850 1672.0
1374860 1672.0
1374870 1672.5
1374880 1672.8
1374890 1672.8
1374900 1673.3
1374910 1674.0
1374920 1674.0
1374930 1674.6
1374940 1674.8
1374950 1674.8
1374960 1674.4
1374970 1673.7
1374980 1673.7
1374990 1672.7
1375000 1671.2
1375010 1671.2
1375020 1669.0
1375030 1666.0
1375040 1666.0
1375050 1662.9
1375060 1659.9
1375070 1659.9
1375080 1656.7
1375090 1653.6
1375100 1650.6
1375110 1650.6
1375120 1647.9
1375130 1645.0
1375140 1645.0
1375150 1641.9
1375160 1638.6
1375170 1638.6
1375180 1635.0
1375190 1631.9
1375200 1631.9
1375210 1628.7
1375220 1624.7
1375230 1624.7
1375240 1621.9
1375250 1619.5
1375260 1619.5
1375270 1616.5
1375280 1613.6
1375290 1613.6
1375300 1611.1
1375310 1608.7
1375320 1608.7
1375330 1605.9
1375340 1603.0
1375350 1603.0
1375360 1599.9
1375370 1596.5
1375380 1593.6
1375390 1593.6
1375400 1591.5
1375410 1588.8
1375420 1588.8
1375430 1585.3
1375440 1581.8
1375450 1581.8
1375460 1578.6
1375470 1575.5
1375480 1575.5
1375490 1572.2
1375500 1569.0
1375510 1569.0
1375520 1565.4
1375530 1561.9
1375540 1561.9
1375550 1558.6
1375560 1555.3
1375570 1555.3
1375580 1552.4
1375590 1550.9
1375600 1550.9
1375610 1549.2
1375620 1546.8
1375630 1546.8
1375640 1544.9
1375650 1543.2
1375660 1541.0
1375670 1541.0
1375680 1538.7
1375690 1536.7
1375700 1536.7
1375710 1535.1
1375720 1533.4
1375730 1533.4
1375740 1531.1
1375750 1526.8
1375760 1526.8
1375770 1523.9
1375780 1522.7
1375790 1522.7
1375800 1522.1
1375810 1520.7
1375820 1520.7
1375830 1519.1
1375840 1517.7
1375850 1517.7
1375860 1516.2
1375870 1514.6
1375880 1514.6
1375890 1511.6
1375900 1512.8
1375910 1512.8
1375920 1512.8
1375930 1513.5
1375940 1512.9
1375950 1512.9
1375960 1511.4
1375970 1509.8
1375980 1509.8
1375990 1508.6
1376000 1507.2
1376010 1507.2
1376020 1506.2
1376030 1505.2
1376040 1505.2
1376050 1504.6
1376060 1503.4
1376070 1503.4
1376080 1501.8
1376090 1501.6
1376100 1501.6
1376110 1501.0
1376120 1500.2
1376130 1500.2
1376140 1500.6
1376150 1500.6
1376160 1500.6
1376170 1500.2
1376180 1499.9
1376190 1499.9
1376200 1499.7
1376210 1499.8
1376220 1499.6
1376230 1499.6
1376240 1499.3
1376250 1499.6
1376260 1499.6
1376270 1499.0
1376280 1497.4
1376290 1497.4
1376300 1496.5
1376310 1494.0
1376320 1494.0
1376330 1492.2
1376340 1492.0
1376350 1492.0
1376360 1490.3
1376370 1488.3
1376380 1488.3
1376390 1487.3
1376400 1484.2
1376410 1484.2
1376420 1482.3
1376430 1482.2
1376440 1482.2
1376450 1481.8
1376460 1478.8
1376470 1478.8
1376480 1475.9
1376490 1471.0
1376500 1466.5
1376510 1466.5
1376520 1464.4
1376530 1460.6
1376540 1460.6
1376550 1460.4
1376560 1459.6
1376570 1459.6
1376580 1459.5
1376590 1460.3
1376600 1460.3
1376610 1461.3
1376620 1463.3
1376630 1463.3
1376640 1463.1
1376650 1463.1
1376660 1463.1
1376670 1463.8
1376680 1464.6
1376690 1464.6
1376700 1465.8
1376710 1466.3
1376720 1466.3
1376730 1465.3
1376740 1463.7
1376750 1463.7
1376760 1462.6
1376770 1462.4
1376780 1461.4
1376790 1461.4
1376800 1460.3
1376810 1461.5
1376820 1461.5
1376830 1461.4
1376840 1459.8
1376850 1459.8
1376860 1457.8
1376870 1456.1
1376880 1456.1
1376890 1454.6
1376900 1454.3
1376910 1454.3
1376920 1453.7
1376930 1452.5
1376940 1452.5
1376950 1452.2
1376960 1451.3
1376970 1451.3
1376980 1450.4
1376990 1444.6
1377000 1444.6
1377010 1439.6
1377020 1438.2
1377030 1437.0
1377040 1437.0
1377050 1434.9
1377060 1432.3
1377070 1436.1
1377080 1432.3
1377090 1429.2
1377100 1429.2
1377110 1426.1
1377120 1423.8
1377130 1423.8
1377140 1422.2
1377150 1420.5
1377160 1420.5
1377170 1418.9
1377180 1417.1
1377190 1417.1
1377200 1415.9
1377210 1414.0
1377220 1414.0
1377230 1411.7
1377240 1409.9
1377250 1409.9
1377260 1407.9
1377270 1405.7
1377280 1405.7
1377290 1404.7
1377300 1405.9
1377310 1407.4
1377320 1407.4
1377330 1407.4
1377340 1407.7
1377350 1407.7
1377360 1408.8
1377370 1411.5
1377380 1411.5
1377390 1412.9
1377400 1409.3
1377410 1409.3
1377420 1411.6
1377430 1413.3
1377440 1413.3
1377450 1415.3
1377460 1416.3
1377470 1416.3
1377480 1415.5
1377490 1413.6
1377500 1413.6
1377510 1417.2
1377520 1424.1
1377530 1424.1
1377540 1429.1
1377550 1431.9
1377560 1431.9
1377570 1431.7
1377580 1427.4
1377590 1430.6
1377600 1430.6
1377610 1434.6
1377620 1438.5
1377630 1438.5
1377640 1441.0
1377650 1443.3
1377660 1443.3
1377670 1444.7
1377680 1447.2
1377690 1447.2
1377700 1449.6
1377710 1451.4
1377720 1451.4
1377730 1452.2
1377740 1452.7
1377750 1452.7
1377760 1453.1
1377770 1453.9
1377780 1453.9
1377790 1454.8
1377800 1455.3
1377810 1455.3
1377820 1455.8
1377830 1455.7
1377840 1455.7
1377850 1455.9
1377860 1455.6
1377870 1455.4
1377880 1455.4
1377890 1455.9
1377900 1455.9
1377910 1455.9
1377920 1455.5
1377930 1455.7
1377940 1455.7
1377950 1456.0
1377960 1455.9
1377970 1455.9
1377980 1454.8
1377990 1454.3
1378000 1454.3
1378010 1454.8
1378020 1455.3
1378030 1455.3
1378040 1454.4
1378050 1451.2
1378060 1451.2
1378070 1446.0
1378080 1449.9
1378090 1449.9
1378100 1456.7
1378110 1466.6
1378120 1466.6
1378130 1477.1
1378140 1482.5
1378150 1484.2
1378160 1484.2
1378170 1484.6
1378180 1484.1
1378190 1484.1
1378200 1484.2
1378210 1484.3
1378220 1484.3
1378230 1484.9
1378240 1485.5
1378250 1485.5
1378260 1485.9
1378270 1482.8
1378280 1482.8
1378290 1483.3
1378300 1485.5
1378310 1485.5
1378320 1487.8
1378330 1489.0
1378340 1489.0
1378350 1489.4
1378360 1489.3
1378370 1489.3
1378380 1488.2
1378390 1485.7
1378400 1485.7
1378410 1481.7
1378420 1479.1
1378430 1476.1
1378440 1476.1
1378450 1474.2
1378460 1472.6
1378470 1472.6
1378480 1471.2
1378490 1469.9
1378500 1469.9
1378510 1468.9
1378520 1467.4
1378530 1467.4
1378540 1466.0
1378550 1465.3
1378560 1465.3
1378570 1465.0
1378580 1464.5
1378590 1464.5
1378600 1464.1
1378610 1463.9
1378620 1463.9
1378630 1463.3
1378640 1462.2
1378650 1462.2
1378660 1460.5
1378670 1458.1
1378680 1458.1
1378690 1455.2
1378700 1452.2
1378710 1449.1
1378720 1449.1
1378730 1445.7
1378740 1440.8
1378750 1440.8
1378760 1435.1
1378770 1430.5
1378780 1430.5
1378790 1426.7
1378800 1423.8
1378810 1423.8
1378820 1420.5
1378830 1417.2
1378840 1417.2
1378850 1413.4
1378860 1408.1
1378870 1408.1
1378880 1402.7
1378890 1397.4
1378900 1397.4
1378910 1391.8
1378920 1385.8
1378930 1385.8
1378940 1380.8
1378950 1375.4
1378960 1375.4
1378970 1369.5
1378980 1365.5
1378990 1357.7
1379000 1357.7
1379010 1348.7
1379020 1341.4
1379030 1341.4
1379040 1335.5
1379050 1328.9
1379060 1328.9
1379070 1323.5
1379080 1319.3
1379090 1319.3
1379100 1316.7
1379110 1316.6
1379120 1316.6
1379130 1317.6
1379140 1318.0
1379150 1318.0
1379160 1317.8
1379170 1315.6
1379180 1315.6
1379190 1311.8
1379200 1306.3
1379210 1306.3
1379220 1302.0
1379230 1299.3
1379240 1295.0
1379250 1295.0
1379260 1289.8
1379270 1284.0
1379280 1284.0
1379290 1278.1
1379300 1272.6
1379310 1272.6
1379320 1268.1
1379330 1264.9
1379340 1264.9
1379350 1259.7
1379360 1252.0
1379370 1252.0
1379380 1247.1
1379390 1253.2
1379400 1253.2
1379410 1263.3
1379420 1267.8
1379430 1267.8
1379440 1261.1
1379450 1255.9
1379460 1255.9
1379470 1261.7
1379480 1261.5
1379490 1261.5
1379500 1261.3
1379510 1259.5
1379520 1259.6
1379530 1259.6
1379540 1257.3
1379550 1253.3
1379560 1253.3
1379570 1255.5
1379580 1255.6
1379590 1255.6
1379600 1253.2
1379610 1246.8
1379620 1246.8
1379630 1240.7
1379640 1241.0
1379650 1241.0
1379660 1244.7
1379670 1247.8
1379680 1247.8
1379690 1252.5
1379700 1253.2
1379710 1253.2
1379720 1253.6
1379730 1255.4
1379740 1255.4
1379750 1257.5
1379760 1255.0
1379770 1255.0
1379780 1250.1
1379790 1245.0
1379800 1239.9
1379810 1239.9
1379820 1235.0
1379830 1233.2
1379840 1233.2
1379850 1232.5
1379860 1231.5
1379870 1231.5
1379880 1230.5
1379890 1230.0
1379900 1230.0
1379910 1230.0
1379920 1229.2
1379930 1229.2
1379940 1227.9
1379950 1227.0
1379960 1227.0
1379970 1225.6
1379980 1224.0
1379990 1224.0
