1360000 1397.2
1360010 1392.8
1360020 1392.8
1360030 1388.5
1360040 1384.7
1360050 1384.7
1360060 1380.5
1360070 1375.6
1360080 1375.6
1360090 1370.9
1360100 1365.8
1360110 1360.4
1360120 1360.4
1360130 1355.2
1360140 1350.4
1360150 1350.4
1360160 1345.5
1360170 1340.5
1360180 1340.5
1360190 1335.8
1360200 1331.3
1360210 1331.3
1360220 1326.4
1360230 1321.2
1360240 1321.2
1360250 1315.4
1360260 1308.3
1360270 1308.3
1360280 1301.0
1360290 1295.9
1360300 1295.9
1360310 1292.0
1360320 1288.5
1360330 1288.5
1360340 1283.2
1360350 1277.7
1360360 1277.7
1360370 1271.8
1360380 1266.1
1360390 1260.6
1360400 1260.6
1360410 1254.9
1360420 1249.1
1360430 1249.1
1360440 1242.4
1360450 1235.2
1360460 1235.2
1360470 1228.2
1360480 1218.8
1360490 1218.8
1360500 1213.3
1360510 1206.1
1360520 1206.1
1360530 1198.2
1360540 1190.8
1360550 1190.8
1360560 1183.5
1360570 1177.7
1360580 1177.7
1360590 1175.5
1360600 1173.1
1360610 1173.1
1360620 1169.2
1360630 1165.5
1360640 1165.5
1360650 1162.5
1360660 1152.1
1360670 1148.2
1360680 1148.2
1360690 1144.6
1360700 1141.7
1360710 1141.7
1360720 1138.4
1360730 1134.1
1360740 1134.1
1360750 1128.0
1360760 1120.2
1360770 1120.2
1360780 1112.2
1360790 1105.9
1360800 1105.9
1360810 1099.4
1360820 1093.0
1360830 1093.0
1360840 1087.1
1360850 1080.9
1360860 1080.9
1360870 1074.4
1360880 1069.3
1360890 1069.3
1360900 1065.4
1360910 1061.3
1360920 1061.3
1360930 1055.6
1360940 1049.2
1360950 1043.9
1360960 1043.9
1360970 1039.1
1360980 1037.0
1360990 1037.0
1361000 1035.4
1361010 1033.9
1361020 1033.9
1361030 1032.7
1361040 1031.7
1361050 1031.7
1361060 1030.5
1361070 1028.7
1361080 1028.7
1361090 1026.9
1361100 1025.2
1361110 1025.2
1361120 1026.5
1361130 1029.4
1361140 1029.4
1361150 1033.8
1361160 1040.8
1361170 1040.8
1361180 1047.3
1361190 1050.2
1361200 1050.2
1361210 1051.1
1361220 1052.5
1361230 1054.8
1361240 1054.8
1361250 1056.5
1361260 1058.6
1361270 1058.6
1361280 1060.1
1361290 1061.8
1361300 1061.8
1361310 1063.2
1361320 1065.0
1361330 1065.0
1361340 1066.9
1361350 1068.7
1361360 1068.7
1361370 1070.3
1361380 1072.0
1361390 1072.0
1361400 1073.7
1361410 1075.4
1361420 1075.4
1361430 1077.3
1361440 1079.2
1361450 1079.2
1361460 1081.1
1361470 1083.0
1361480 1083.0
1361490 1084.7
1361500 1086.4
1361510 1088.2
1361520 1088.2
1361530 1090.1
1361540 1092.2
1361550 1092.2
1361560 1094.4
1361570 1096.8
1361580 1096.8
1361590 1098.6
1361600 1100.8
1361610 1100.8
1361620 1103.0
1361630 1105.9
1361640 1105.9
1361650 1110.2
1361660 1114.7
1361670 1114.7
1361680 1120.2
1361690 1127.8
1361700 1127.8
1361710 1132.3
1361720 1137.2
1361730 1137.2
1361740 1143.8
1361750 1151.0
1361760 1151.0
1361770 1158.5
1361780 1165.7
1361790 1172.9
1361800 1172.9
1361810 1180.8
1361820 1187.6
1361830 1187.6
1361840 1195.4
1361850 1202.2
1361860 1202.2
1361870 1205.7
1361880 1203.3
1361890 1203.3
1361900 1203.7
1361910 1204.8
1361920 1204.8
1361930 1209.0
1361940 1216.4
1361950 1216.4
1361960 1224.6
1361970 1231.8
1361980 1231.8
1361990 1234.9
1362000 1238.7
1362010 1238.7
1362020 1244.9
1362030 1250.1
1362040 1250.1
1362050 1256.2
1362060 1263.4
1362070 1267.8
1362080 1267.8
1362090 1271.1
1362100 1275.5
1362110 1275.5
1362120 1279.6
1362130 1282.0
1362140 1282.0
1362150 1284.2
1362160 1287.5
1362170 1287.5
1362180 1292.3
1362190 1297.5
1362200 1297.5
1362210 1304.7
1362220 1314.9
1362230 1314.9
1362240 1325.8
1362250 1335.4
1362260 1335.4
1362270 1340.7
1362280 1340.5
1362290 1340.5
1362300 1345.3
1362310 1349.2
1362320 1349.2
1362330 1354.3
1362340 1363.1
1362350 1366.4
1362360 1366.4
1362370 1371.8
1362380 1380.0
1362390 1380.0
1362400 1386.0
1362410 1389.4
1362420 1389.4
1362430 1392.8
1362440 1394.5
1362450 1394.5
1362460 1396.2
1362470 1398.0
1362480 1398.0
1362490 1404.7
1362500 1414.2
1362510 1414.2
1362520 1421.1
1362530 1428.8
1362540 1428.8
1362550 1434.3
1362560 1437.6
1362570 1437.6
1362580 1439.9
1362590 1444.1
1362600 1444.1
1362610 1449.6
1362620 1455.2
1362630 1461.6
1362640 1461.6
1362650 1467.0
1362660 1472.1
1362670 1472.1
1362680 1477.5
1362690 1483.1
1362700 1483.1
1362710 1490.0
1362720 1496.3
1362730 1496.3
1362740 1506.5
1362750 1511.4
1362760 1511.4
1362770 1516.3
1362780 1521.4
1362790 1521.4
1362800 1527.5
1362810 1533.8
1362820 1533.8
1362830 1539.5
1362840 1544.1
1362850 1544.1
1362860 1549.0
1362870 1553.5
1362880 1553.5
1362890 1557.4
1362900 1561.6
1362910 1561.6
1362920 1567.7
1362930 1573.9
1362940 1580.2
1362950 1580.2
1362960 1585.8
1362970 1590.8
1362980 1590.8
1362990 1595.5
1363000 1600.0
1363010 1600.0
1363020 1603.9
1363030 1607.4
1363040 1607.4
1363050 1610.7
1363060 1613.1
1363070 1613.1
1363080 1615.4
1363090 1617.5
1363100 1617.5
1363110 1619.5
1363120 1621.7
1363130 1621.7
1363140 1624.2
1363150 1627.1
1363160 1627.1
1363170 1630.6
1363180 1634.7
1363190 1634.7
1363200 1639.1
1363210 1643.5
1363220 1650.0
1363230 1650.0
1363240 1657.0
1363250 1663.1
1363260 1663.1
1363270 1668.0
1363280 1673.2
1363290 1673.2
1363300 1678.9
1363310 1685.1
1363320 1685.1
1363330 1693.3
1363340 1702.8
1363350 1702.8
1363360 1711.8
1363370 1722.0
1363380 1722.0
1363390 1733.8
1363400 1742.7
1363410 1742.7
1363420 1744.8
1363430 1744.5
1363440 1744.5
1363450 1743.5
1363460 1742.7
1363470 1742.7
1363480 1743.3
1363490 1744.7
1363500 1746.6
1363510 1746.6
1363520 1749.0
1363530 1751.8
1363540 1751.8
1363550 1754.8
1363560 1757.7
1363570 1757.7
1363580 1760.2
1363590 1762.7
1363600 1762.7
1363610 1766.1
1363620 1769.7
1363630 1769.7
1363640 1773.1
1363650 1775.5
1363660 1775.5
1363670 1776.9
1363680 1778.6
1363690 1778.6
1363700 1780.2
1363710 1782.1
1363720 1782.1
1363730 1783.9
1363740 1786.5
1363750 1786.5
1363760 1789.1
1363770 1790.1
1363780 1793.2
1363790 1797.7
1363800 1801.9
1363810 1804.7
1363820 1804.7
1363830 1807.6
1363840 1810.4
1363850 1810.4
1363860 1813.8
1363870 1815.7
1363880 1815.7
1363890 1816.2
1363900 1817.9
1363910 1817.9
1363920 1820.0
1363930 1821.6
1363940 1821.6
1363950 1824.1
1363960 1825.5
1363970 1825.5
1363980 1826.3
1363990 1824.0
1364000 1824.0
1364010 1826.4
1364020 1832.3
1364030 1832.3
1364040 1836.4
1364050 1839.3
1364060 1842.0
1364070 1842.0
1364080 1844.7
1364090 1848.3
1364100 1848.3
1364110 1851.9
1364120 1855.5
1364130 1855.5
1364140 1859.0
1364150 1862.9
1364160 1862.9
1364170 1868.1
1364180 1873.5
1364190 1873.5
1364200 1878.9
1364210 1884.9
1364220 1884.9
1364230 1890.7
1364240 1895.3
1364250 1895.3
1364260 1900.0
1364270 1905.5
1364280 1905.5
1364290 1911.8
1364300 1917.3
1364310 1917.3
1364320 1922.1
1364330 1925.9
1364340 1929.6
1364350 1929.6
1364360 1933.8
1364370 1937.8
1364380 1937.8
1364390 1940.3
1364400 1940.7
1364410 1940.7
1364420 1940.4
1364430 1940.2
1364440 1940.2
1364450 1940.1
1364460 1940.3
1364470 1940.3
1364480 1939.4
1364490 1937.8
1364500 1937.8
1364510 1935.8
1364520 1933.2
1364530 1933.2
1364540 1931.3
1364550 1928.7
1364560 1928.7
1364570 1925.2
1364580 1922.1
1364590 1922.1
1364600 1919.8
1364610 1917.4
1364620 1914.3
1364630 1914.3
1364640 1910.1
1364650 1906.0
1364660 1906.0
1364670 1902.2
1364680 1900.6
1364690 1900.6
1364700 1901.0
1364710 1900.5
1364720 1900.5
1364730 1899.2
1364740 1898.2
1364750 1898.2
1364760 1896.4
1364770 1892.5
1364780 1892.5
1364790 1888.7
1364800 1885.3
1364810 1885.3
1364820 1882.8
1364830 1880.2
1364840 1880.2
1364850 1880.1
1364860 1874.4
1364870 1874.4
1364880 1868.5
1364890 1862.8
1364900 1855.6
1364910 1855.6
1364920 1847.7
1364930 1839.3
1364940 1839.3
1364950 1834.5
1364960 1832.1
1364970 1832.1
1364980 1831.3
1364990 1830.7
1365000 1830.7
1365010 1831.3
1365020 1831.5
1365030 1831.5
1365040 1833.7
1365050 1832.2
1365060 1832.2
1365070 1824.2
1365080 1826.9
1365090 1826.9
1365100 1828.8
1365110 1827.4
1365120 1827.4
1365130 1828.2
1365140 1828.6
1365150 1828.6
1365160 1821.9
1365170 1812.9
1365180 1806.6
1365190 1806.6
1365200 1803.2
1365210 1801.8
1365220 1801.8
1365230 1800.4
1365240 1799.3
1365250 1799.3
1365260 1799.9
1365270 1801.2
1365280 1801.2
1365290 1802.1
1365300 1802.6
1365310 1802.6
1365320 1802.8
1365330 1801.9
1365340 1801.9
1365350 1801.0
1365360 1800.5
1365370 1800.5
1365380 1798.4
1365390 1793.2
1365400 1793.2
1365410 1788.9
1365420 1786.1
1365430 1786.1
1365440 1784.9
1365450 1783.8
1365460 1782.6
1365470 1782.6
1365480 1781.6
1365490 1779.3
1365500 1779.3
1365510 1775.4
1365520 1773.5
1365530 1773.5
1365540 1771.0
1365550 1768.1
1365560 1768.1
1365570 1766.2
1365580 1763.8
1365590 1763.8
1365600 1762.4
1365610 1762.6
1365620 1762.6
1365630 1762.6
1365640 1762.0
1365650 1762.0
1365660 1759.1
1365670 1754.8
1365680 1754.8
1365690 1750.8
1365700 1747.6
1365710 1747.6
1365720 1743.9
1365730 1739.7
1365740 1732.6
1365750 1732.6
1365760 1725.2
1365770 1717.0
1365780 1717.0
1365790 1708.0
1365800 1701.0
1365810 1701.0
1365820 1694.7
1365830 1688.7
1365840 1688.7
1365850 1683.3
1365860 1679.3
1365870 1679.3
1365880 1675.5
1365890 1672.4
1365900 1672.4
1365910 1668.5
1365920 1664.8
1365930 1664.8
1365940 1665.0
1365950 1663.7
1365960 1663.7
1365970 1661.5
1365980 1658.8
1365990 1658.8
1366000 1655.3
1366010 1651.0
1366020 1650.1
1366030 1650.1
1366040 1645.5
1366050 1640.3
1366060 1640.3
1366070 1633.8
1366080 1630.1
1366090 1630.1
1366100 1626.5
1366110 1623.1
1366120 1623.1
1366130 1619.9
1366140 1615.7
1366150 1615.7
1366160 1608.7
1366170 1599.9
1366180 1599.9
1366190 1593.4
1366200 1584.9
1366210 1584.9
1366220 1580.0
1366230 1575.7
1366240 1575.7
1366250 1570.7
1366260 1566.9
1366270 1566.9
1366280 1562.6
1366290 1558.1
1366300 1552.3
1366310 1552.3
1366320 1548.6
1366330 1546.8
1366340 1546.8
1366350 1543.0
1366360 1538.9
1366370 1538.9
1366380 1534.9
1366390 1532.0
1366400 1532.0
1366410 1529.1
1366420 1526.4
1366430 1526.4
1366440 1524.8
1366450 1522.1
1366460 1522.1
1366470 1519.1
1366480 1516.3
1366490 1516.3
1366500 1514.2
1366510 1511.8
1366520 1511.8
1366530 1509.6
1366540 1508.2
1366550 1508.2
1366560 1506.0
1366570 1502.1
1366580 1496.5
1366590 1496.5
1366600 1491.3
1366610 1487.4
1366620 1487.4
1366630 1483.4
1366640 1479.5
1366650 1479.5
1366660 1474.7
1366670 1468.8
1366680 1468.8
1366690 1463.2
1366700 1458.1
1366710 1458.1
1366720 1454.1
1366730 1450.5
1366740 1450.5
1366750 1447.4
1366760 1444.3
1366770 1444.3
1366780 1439.8
1366790 1436.4
1366800 1436.4
1366810 1433.3
1366820 1429.8
1366830 1429.8
1366840 1424.3
1366850 1419.8
1366860 1417.1
1366870 1417.1
1366880 1413.6
1366890 1410.4
1366900 1410.4
1366910 1407.1
1366920 1403.0
1366930 1403.0
1366940 1399.6
1366950 1397.4
1366960 1397.4
1366970 1395.4
1366980 1392.9
1366990 1392.9
1367000 1388.7
1367010 1385.9
1367020 1385.9
1367030 1381.9
1367040 1377.1
1367050 1377.1
1367060 1372.6
1367070 1368.8
1367080 1368.8
1367090 1365.8
1367100 1362.5
1367110 1362.5
1367120 1360.6
1367130 1359.5
1367140 1361.0
1367150 1361.0
1367160 1359.6
1367170 1354.9
1367180 1354.9
1367190 1348.8
1367200 1344.7
1367210 1344.7
1367220 1341.7
1367230 1338.7
1367240 1338.7
1367250 1333.6
1367260 1326.7
1367270 1326.7
1367280 1320.6
1367290 1313.7
1367300 1313.7
1367310 1304.5
1367320 1295.0
1367330 1295.0
1367340 1285.3
1367350 1276.4
1367360 1276.4
1367370 1268.3
1367380 1261.1
1367390 1261.1
1367400 1254.8
1367410 1249.6
1367420 1244.9
1367430 1244.9
1367440 1242.2
1367450 1239.7
1367460 1239.7
1367470 1236.6
1367480 1233.9
1367490 1233.9
1367500 1232.3
1367510 1231.8
1367520 1231.8
1367530 1232.0
1367540 1231.6
1367550 1231.6
1367560 1230.9
1367570 1230.5
1367580 1230.5
1367590 1229.2
1367600 1228.8
1367610 1228.8
1367620 1231.1
1367630 1235.9
1367640 1235.9
1367650 1241.7
1367660 1248.5
1367670 1248.5
1367680 1256.1
1367690 1264.2
1367700 1272.4
1367710 1272.4
1367720 1278.0
1367730 1282.0
1367740 1282.0
1367750 1285.6
1367760 1289.3
1367770 1289.3
1367780 1292.9
1367790 1296.0
1367800 1296.0
1367810 1299.3
1367820 1302.7
1367830 1302.7
1367840 1306.2
1367850 1309.9
1367860 1309.9
1367870 1313.8
1367880 1317.8
1367890 1317.8
1367900 1320.6
1367910 1322.4
1367920 1322.4
1367930 1324.0
1367940 1325.0
1367950 1325.0
1367960 1322.8
1367970 1322.3
1367980 1325.5
1367990 1325.5
1368000 1328.7
1368010 1330.8
1368020 1330.8
1368030 1334.2
1368040 1342.4
1368050 1342.4
1368060 1350.8
1368070 1358.4
1368080 1358.4
1368090 1368.4
1368100 1375.0
1368110 1375.0
1368120 1379.4
1368130 1385.5
1368140 1385.5
1368150 1391.8
1368160 1398.2
1368170 1398.2
1368180 1403.5
1368190 1407.9
1368200 1407.9
1368210 1412.6
1368220 1416.7
1368230 1416.7
1368240 1420.6
1368250 1427.0
1368260 1433.7
1368270 1433.7
1368280 1439.9
1368290 1446.5
1368300 1446.5
1368310 1449.5
1368320 1454.6
1368330 1454.6
1368340 1460.9
1368350 1468.5
1368360 1468.5
1368370 1476.4
1368380 1484.7
1368390 1484.7
1368400 1494.1
1368410 1502.3
1368420 1502.3
1368430 1509.9
1368440 1517.3
1368450 1517.3
1368460 1524.6
1368470 1531.3
1368480 1531.3
1368490 1538.5
1368500 1546.0
1368510 1546.0
1368520 1553.6
1368530 1559.9
1368540 1565.2
1368550 1565.2
1368560 1570.9
1368570 1577.3
1368580 1577.3
1368590 1582.5
1368600 1587.1
1368610 1587.1
1368620 1591.0
1368630 1595.3
1368640 1595.3
1368650 1599.5
1368660 1603.0
1368670 1603.0
1368680 1603.7
1368690 1606.2
1368700 1606.2
1368710 1612.8
1368720 1620.3
1368730 1620.3
1368740 1627.1
1368750 1634.0
1368760 1634.0
1368770 1640.9
1368780 1647.8
1368790 1647.8
1368800 1654.2
1368810 1659.8
1368820 1665.2
1368830 1665.2
1368840 1671.5
1368850 1678.6
1368860 1678.6
1368870 1684.0
1368880 1690.0
1368890 1690.0
1368900 1696.4
1368910 1703.3
1368920 1703.3
1368930 1710.7
1368940 1718.7
1368950 1718.7
1368960 1727.4
1368970 1735.8
1368980 1735.8
1368990 1742.4
1369000 1747.7
1369010 1747.7
1369020 1754.4
1369030 1761.5
1369040 1761.5
1369050 1768.9
1369060 1775.8
1369070 1775.8
1369080 1782.7
1369090 1790.3
1369100 1796.9
1369110 1796.9
1369120 1804.1
1369130 1813.3
1369140 1813.3
1369150 1822.8
1369160 1831.0
1369170 1831.0
1369180 1838.2
1369190 1846.1
1369200 1846.1
1369210 1853.3
1369220 1860.9
1369230 1860.9
1369240 1868.3
1369250 1874.6
1369260 1874.6
1369270 1879.9
1369280 1884.3
1369290 1884.3
1369300 1888.1
1369310 1892.0
1369320 1892.0
1369330 1895.8
1369340 1898.8
1369350 1898.8
1369360 1895.1
1369370 1891.0
1369380 1886.4
1369390 1886.4
1369400 1879.1
1369410 1872.6
1369420 1872.6
1369430 1866.5
1369440 1860.4
1369450 1860.4
1369460 1853.7
1369470 1845.4
1369480 1845.4
1369490 1838.9
1369500 1834.0
1369510 1834.0
1369520 1827.7
1369530 1820.4
1369540 1820.4
1369550 1816.5
1369560 1811.1
1369570 1811.1
1369580 1803.5
1369590 1799.1
1369600 1799.1
1369610 1795.5
1369620 1788.1
1369630 1788.1
1369640 1780.4
1369650 1773.3
1369660 1766.9
1369670 1766.9
1369680 1759.6
1369690 1751.8
1369700 1751.8
1369710 1743.7
1369720 1736.1
1369730 1736.1
1369740 1729.3
1369750 1723.1
1369760 1723.1
1369770 1717.0
1369780 1711.0
1369790 1711.0
1369800 1704.0
1369810 1697.4
1369820 1697.4
1369830 1690.9
1369840 1683.7
1369850 1683.7
1369860 1677.3
1369870 1671.2
1369880 1671.2
1369890 1664.4
1369900 1659.3
1369910 1659.3
1369920 1654.7
1369930 1647.8
1369940 1643.7
1369950 1643.7
1369960 1640.7
1369970 1637.8
1369980 1637.8
1369990 1635.3
1370000 1633.1
1370010 1633.1
1370020 1628.9
1370030 1623.0
1370040 1623.0
1370050 1622.3
1370060 1624.3
1370070 1624.3
1370080 1624.5
1370090 1625.0
1370100 1625.0
1370110 1625.8
1370120 1626.3
1370130 1626.3
1370140 1626.9
1370150 1628.6
1370160 1628.6
1370170 1630.8
1370180 1632.7
1370190 1632.7
1370200 1635.1
1370210 1638.2
1370220 1641.0
1370230 1641.0
1370240 1644.5
1370250 1647.7
1370260 1647.7
1370270 1650.8
1370280 1654.2
1370290 1654.2
1370300 1658.0
1370310 1661.9
1370320 1661.9
1370330 1666.2
1370340 1671.2
1370350 1671.2
1370360 1675.6
1370370 1679.9
1370380 1679.9
1370390 1685.1
1370400 1690.4
1370410 1690.4
1370420 1696.0
1370430 1702.7
1370440 1702.7
1370450 1709.8
1370460 1718.3
1370470 1718.3
1370480 1727.5
1370490 1735.4
1370500 1735.4
1370510 1742.9
1370520 1749.3
1370530 1754.5
1370540 1754.5
1370550 1759.9
1370560 1766.2
1370570 1766.2
1370580 1773.0
1370590 1779.3
1370600 1779.3
1370610 1786.0
1370620 1792.3
1370630 1792.3
1370640 1798.3
1370650 1803.9
1370660 1803.9
1370670 1809.7
1370680 1815.9
1370690 1815.9
1370700 1822.4
1370710 1828.3
1370720 1828.3
1370730 1833.8
1370740 1838.5
1370750 1838.5
1370760 1843.0
1370770 1846.8
1370780 1846.8
1370790 1851.3
1370800 1855.6
1370810 1859.2
1370820 1859.2
1370830 1861.9
1370840 1864.2
1370850 1864.2
1370860 1866.1
1370870 1867.3
1370880 1867.3
1370890 1867.6
1370900 1864.1
1370910 1864.1
1370920 1855.8
1370930 1847.9
1370940 1847.9
1370950 1840.5
1370960 1834.2
1370970 1834.2
1370980 1828.8
1370990 1822.1
1371000 1822.1
1371010 1816.4
1371020 1813.1
1371030 1813.1
1371040 1809.7
1371050 1803.1
1371060 1803.1
1371070 1797.4
1371080 1792.3
1371090 1786.2
1371100 1786.2
1371110 1780.4
1371120 1775.2
1371130 1775.2
1371140 1769.6
1371150 1764.4
1371160 1764.4
1371170 1758.7
1371180 1753.3
1371190 1753.3
1371200 1747.2
1371210 1740.8
1371220 1740.8
1371230 1732.3
1371240 1723.3
1371250 1723.3
1371260 1714.9
1371270 1707.3
1371280 1707.3
1371290 1701.4
1371300 1694.2
1371310 1694.2
1371320 1685.7
1371330 1678.1
1371340 1678.1
1371350 1672.0
1371360 1667.7
1371370 1662.1
1371380 1662.1
1371390 1656.1
1371400 1650.1
1371410 1650.1
1371420 1644.7
1371430 1638.9
1371440 1638.9
1371450 1633.3
1371460 1627.8
1371470 1627.8
1371480 1623.3
1371490 1618.8
1371500 1618.8
1371510 1614.0
1371520 1607.9
1371530 1607.9
1371540 1602.1
1371550 1596.5
1371560 1596.5
1371570 1590.4
1371580 1584.0
1371590 1584.0
1371600 1578.8
1371610 1574.8
1371620 1574.8
1371630 1570.4
1371640 1566.5
1371650 1563.6
1371660 1563.6
1371670 1561.5
1371680 1558.8
1371690 1558.8
1371700 1556.2
1371710 1552.7
1371720 1552.7
1371730 1548.5
1371740 1546.0
1371750 1546.0
1371760 1543.9
1371770 1540.3
1371780 1540.3
1371790 1536.8
1371800 1532.8
1371810 1532.8
1371820 1527.9
1371830 1523.7
1371840 1523.7
1371850 1518.9
1371860 1513.5
1371870 1513.5
1371880 1507.9
1371890 1503.6
1371900 1503.6
1371910 1499.7
1371920 1497.2
1371930 1494.9
1371940 1494.9
1371950 1491.7
1371960 1488.7
1371970 1488.7
1371980 1485.4
1371990 1481.3
1372000 1481.3
1372010 1477.0
1372020 1472.6
1372030 1472.6
1372040 1468.3
1372050 1464.1
1372060 1464.1
1372070 1460.3
1372080 1457.6
1372090 1457.6
1372100 1455.4
1372110 1451.8
1372120 1451.8
1372130 1447.8
1372140 1443.1
1372150 1443.1
1372160 1438.6
1372170 1435.2
1372180 1435.2
1372190 1431.6
1372200 1425.4
1372210 1419.4
1372220 1419.4
1372230 1413.9
1372240 1411.3
1372250 1411.3
1372260 1409.1
1372270 1406.9
1372280 1406.9
1372290 1403.2
1372300 1397.5
1372310 1397.5
1372320 1390.7
1372330 1385.1
1372340 1385.1
1372350 1379.6
1372360 1374.5
1372370 1374.5
1372380 1369.7
1372390 1366.6
1372400 1366.6
1372410 1363.7
1372420 1358.6
1372430 1358.6
1372440 1351.1
1372450 1341.5
1372460 1341.5
1372470 1332.1
1372480 1330.8
1372490 1332.9
1372500 1332.9
1372510 1333.3
1372520 1337.2
1372530 1337.2
1372540 1343.4
1372550 1348.2
1372560 1348.2
1372570 1350.9
1372580 1353.2
1372590 1353.2
1372600 1355.9
1372610 1359.5
1372620 1359.5
1372630 1364.2
1372640 1368.5
1372650 1368.5
1372660 1372.6
1372670 1376.9
1372680 1376.9
1372690 1381.4
1372700 1385.9
1372710 1385.9
1372720 1390.7
1372730 1395.7
1372740 1395.7
1372750 1400.8
1372760 1405.9
1372770 1412.0
1372780 1412.0
1372790 1419.4
1372800 1427.0
1372810 1427.0
1372820 1434.9
1372830 1441.2
1372840 1441.2
1372850 1447.9
1372860 1452.2
1372870 1452.2
1372880 1457.6
1372890 1465.3
1372900 1465.3
1372910 1474.4
1372920 1480.3
1372930 1480.3
1372940 1483.9
1372950 1489.7
1372960 1489.7
1372970 1498.1
1372980 1507.6
1372990 1507.6
1373000 1510.6
1373010 1514.1
1373020 1514.1
1373030 1519.7
1373040 1524.8
1373050 1528.5
1373060 1528.5
1373070 1534.4
1373080 1542.8
1373090 1542.8
1373100 1550.7
1373110 1558.3
1373120 1558.3
1373130 1564.9
1373140 1572.0
1373150 1572.0
1373160 1579.1
1373170 1585.9
1373180 1585.9
1373190 1594.2
1373200 1602.1
1373210 1602.1
1373220 1607.0
1373230 1613.1
1373240 1613.1
1373250 1617.2
1373260 1620.2
1373270 1620.2
1373280 1624.7
1373290 1630.0
1373300 1630.0
1373310 1636.9
1373320 1645.3
1373330 1654.6
1373340 1654.6
1373350 1664.0
1373360 1674.2
1373370 1674.2
1373380 1684.3
1373390 1694.4
1373400 1694.4
1373410 1706.5
1373420 1717.2
1373430 1717.2
1373440 1726.5
1373450 1735.6
1373460 1735.6
1373470 1743.6
1373480 1750.9
1373490 1750.9
1373500 1757.6
1373510 1764.1
1373520 1764.1
1373530 1770.6
1373540 1777.8
1373550 1777.8
1373560 1785.7
1373570 1793.1
1373580 1793.1
1373590 1799.7
1373600 1806.9
1373610 1814.0
1373620 1814.0
1373630 1821.3
1373640 1828.6
1373650 1828.6
1373660 1835.5
1373670 1842.0
1373680 1842.0
1373690 1849.5
1373700 1854.4
1373710 1854.4
1373720 1861.3
1373730 1867.9
1373740 1867.9
1373750 1875.2
1373760 1882.8
1373770 1882.8
1373780 1890.2
1373790 1897.3
1373800 1897.3
1373810 1903.3
1373820 1907.6
1373830 1907.6
1373840 1911.2
1373850 1912.5
1373860 1912.5
1373870 1908.5
1373880 1902.5
1373890 1895.8
1373900 1895.8
1373910 1889.5
1373920 1883.1
1373930 1883.1
1373940 1877.3
1373950 1871.5
1373960 1871.5
1373970 1865.6
1373980 1859.6
1373990 1859.6
1374000 1853.7
1374010 1851.1
1374020 1851.1
1374030 1850.1
1374040 1849.8
1374050 1849.8
1374060 1849.7
1374070 1848.9
1374080 1848.9
1374090 1848.4
1374100 1847.8
1374110 1847.8
1374120 1847.7
1374130 1848.8
1374140 1848.8
1374150 1849.3
1374160 1849.8
1374170 1849.5
1374180 1849.5
1374190 1847.9
1374200 1847.1
1374210 1847.1
1374220 1847.0
1374230 1846.9
1374240 1846.9
1374250 1847.4
1374260 1847.8
1374270 1847.8
1374280 1846.8
1374290 1844.6
1374300 1844.6
1374310 1842.1
1374320 1840.9
1374330 1840.9
1374340 1841.2
1374350 1839.2
1374360 1839.2
1374370 1834.4
1374380 1833.3
1374390 1833.3
1374400 1833.6
1374410 1834.6
1374420 1834.6
1374430 1836.0
1374440 1836.6
1374450 1837.2
1374460 1837.2
1374470 1837.0
1374480 1836.4
1374490 1836.4
1374500 1835.2
1374510 1834.9
1374520 1834.9
1374530 1836.2
1374540 1839.1
1374550 1839.1
1374560 1840.4
1374570 1839.3
1374580 1839.3
1374590 1837.3
1374600 1835.0
1374610 1835.0
1374620 1833.3
1374630 1832.6
1374640 1832.6
1374650 1832.4
1374660 1832.8
1374670 1832.8
1374680 1834.5
1374690 1836.8
1374700 1836.8
1374710 1836.5
1374720 1836.3
1374730 1839.2
1374740 1839.2
1374750 1843.5
1374760 1846.3
1374770 1846.3
1374780 1849.3
1374790 1852.1
1374800 1852.1
1374810 1854.7
1374820 1858.7
1374830 1858.7
1374840 1865.3
1374850 1874.9
1374860 1874.9
1374870 1878.4
1374880 1880.1
1374890 1880.1
1374900 1881.8
1374910 1885.8
1374920 1885.8
1374930 1891.7
1374940 1898.4
1374950 1898.4
1374960 1902.6
1374970 1901.9
1374980 1901.9
1374990 1899.2
1375000 1897.4
1375010 1896.5
1375020 1896.5
1375030 1897.1
1375040 1897.6
1375050 1897.6
1375060 1897.7
1375070 1898.4
1375080 1898.4
1375090 1900.1
1375100 1901.6
1375110 1901.6
1375120 1904.1
1375130 1905.8
1375140 1905.8
1375150 1908.6
1375160 1911.3
1375170 1911.3
1375180 1915.0
1375190 1918.4
1375200 1918.4
1375210 1919.5
1375220 1920.4
1375230 1920.4
1375240 1921.6
1375250 1921.9
1375260 1921.9
1375270 1922.4
1375280 1920.5
1375290 1916.4
1375300 1916.4
1375310 1913.7
1375320 1911.1
1375330 1911.1
1375340 1910.8
1375350 1912.8
1375360 1912.8
1375370 1912.9
1375380 1912.6
1375390 1912.6
1375400 1912.5
1375410 1911.6
1375420 1911.6
1375430 1910.0
1375440 1907.4
1375450 1907.4
1375460 1905.1
1375470 1902.3
1375480 1902.3
1375490 1899.0
1375500 1897.5
1375510 1897.5
1375520 1897.2
1375530 1896.9
1375540 1896.9
1375550 1896.1
1375560 1895.2
1375570 1894.2
1375580 1894.2
1375590 1892.4
1375600 1891.5
1375610 1891.5
1375620 1890.0
1375630 1888.8
1375640 1888.8
1375650 1887.2
1375660 1885.8
1375670 1885.8
1375680 1884.8
1375690 1883.0
1375700 1883.0
1375710 1880.4
1375720 1877.2
1375730 1877.2
1375740 1875.1
1375750 1873.6
1375760 1873.6
1375770 1870.2
1375780 1864.8
1375790 1864.8
1375800 1859.6
1375810 1855.0
1375820 1855.0
1375830 1850.4
1375840 1844.8
1375850 1839.6
1375860 1839.6
1375870 1833.4
1375880 1829.4
1375890 1829.4
1375900 1829.2
1375910 1829.6
1375920 1829.6
1375930 1829.8
1375940 1828.0
1375950 1828.0
1375960 1825.4
1375970 1821.9
1375980 1821.9
1375990 1818.9
1376000 1816.4
1376010 1816.4
1376020 1809.0
1376030 1805.4
1376040 1805.4
1376050 1802.8
1376060 1800.8
1376070 1800.8
1376080 1798.0
1376090 1795.0
1376100 1795.0
1376110 1792.2
1376120 1787.5
1376130 1782.5
1376140 1782.5
1376150 1779.7
1376160 1775.1
1376170 1775.1
1376180 1769.5
1376190 1763.6
1376200 1763.6
1376210 1757.7
1376220 1753.2
1376230 1753.2
1376240 1747.7
1376250 1741.6
1376260 1741.6
1376270 1736.5
1376280 1732.2
1376290 1732.2
1376300 1728.2
1376310 1723.8
1376320 1723.8
1376330 1719.6
1376340 1715.3
1376350 1715.3
1376360 1710.4
1376370 1705.9
1376380 1705.9
1376390 1701.2
1376400 1695.8
1376410 1690.3
1376420 1690.3
1376430 1685.7
1376440 1682.3
1376450 1682.3
1376460 1677.7
1376470 1670.4
1376480 1670.4
1376490 1661.2
1376500 1651.8
1376510 1651.8
1376520 1643.8
1376530 1636.3
1376540 1636.3
1376550 1628.2
1376560 1623.2
1376570 1623.2
1376580 1619.3
1376590 1610.5
1376600 1610.5
1376610 1601.7
1376620 1597.5
1376630 1597.5
1376640 1594.1
1376650 1588.8
1376660 1588.8
1376670 1582.6
1376680 1576.3
1376690 1569.5
1376700 1569.5
1376710 1564.4
1376720 1561.2
1376730 1561.2
1376740 1555.4
1376750 1545.4
1376760 1545.4
1376770 1535.3
1376780 1528.7
1376790 1528.7
1376800 1522.3
1376810 1517.9
1376820 1517.9
1376830 1515.6
1376840 1513.0
1376850 1513.0
1376860 1510.2
1376870 1506.6
1376880 1506.6
1376890 1502.4
1376900 1496.9
1376910 1496.9
1376920 1493.6
1376930 1490.3
1376940 1490.3
1376950 1488.1
1376960 1485.2
1376970 1484.3
1376980 1484.3
1376990 1484.9
1377000 1486.0
1377010 1486.0
1377020 1488.8
1377030 1490.9
1377040 1490.9
1377050 1489.9
1377060 1488.3
1377070 1488.3
1377080 1488.1
1377090 1488.6
1377100 1488.6
1377110 1489.0
1377120 1489.7
1377130 1489.7
1377140 1490.3
1377150 1489.9
1377160 1489.9
1377170 1489.2
1377180 1490.9
1377190 1490.9
1377200 1493.8
1377210 1493.7
1377220 1493.7
1377230 1494.2
1377240 1495.1
1377250 1495.8
1377260 1495.8
1377270 1497.1
1377280 1499.2
1377290 1499.2
1377300 1500.6
1377310 1502.2
1377320 1502.2
1377330 1503.7
1377340 1507.6
1377350 1507.6
1377360 1512.2
1377370 1516.7
1377380 1516.7
1377390 1521.0
1377400 1525.3
1377410 1525.3
1377420 1530.1
1377430 1534.9
1377440 1534.9
1377450 1538.8
1377460 1542.2
1377470 1542.2
1377480 1544.0
1377490 1546.0
1377500 1546.0
1377510 1553.4
1377520 1560.9
1377530 1566.9
1377540 1566.9
1377550 1572.4
1377560 1577.5
1377570 1577.5
1377580 1582.3
1377590 1586.0
1377600 1586.0
1377610 1589.2
1377620 1593.4
1377630 1593.4
1377640 1597.1
1377650 1600.7
1377660 1600.7
1377670 1604.5
1377680 1608.4
1377690 1608.4
1377700 1612.2
1377710 1616.1
1377720 1616.1
1377730 1620.4
1377740 1625.3
1377750 1625.3
1377760 1625.6
1377770 1621.7
1377780 1621.7
1377790 1629.0
1377800 1636.3
1377810 1640.3
1377820 1640.3
1377830 1642.9
1377840 1647.4
1377850 1647.4
1377860 1648.1
1377870 1650.0
1377880 1650.0
1377890 1650.8
1377900 1651.5
1377910 1651.5
1377920 1653.7
1377930 1655.2
1377940 1655.2
1377950 1655.7
1377960 1657.1
1377970 1657.1
1377980 1659.9
1377990 1662.7
1378000 1662.7
1378010 1666.3
1378020 1669.4
1378030 1669.4
1378040 1672.3
1378050 1677.2
1378060 1677.2
1378070 1681.3
1378080 1684.6
1378090 1687.1
1378100 1687.1
1378110 1689.6
1378120 1690.7
1378130 1690.7
1378140 1691.5
1378150 1692.5
1378160 1692.5
1378170 1694.6
1378180 1695.8
1378190 1695.8
1378200 1696.0
1378210 1696.6
1378220 1696.6
1378230 1699.7
1378240 1702.0
1378250 1702.0
1378260 1701.9
1378270 1702.9
1378280 1702.9
1378290 1705.0
1378300 1706.7
1378310 1706.7
1378320 1707.6
1378330 1708.8
1378340 1708.8
1378350 1711.3
1378360 1713.9
1378370 1714.0
1378380 1714.0
1378390 1718.5
1378400 1721.5
1378410 1721.5
1378420 1724.4
1378430 1726.5
1378440 1726.5
1378450 1727.5
1378460 1730.1
1378470 1730.1
1378480 1731.5
1378490 1730.4
1378500 1730.4
1378510 1728.5
1378520 1726.6
1378530 1726.6
1378540 1724.9
1378550 1724.8
1378560 1724.8
1378570 1728.3
1378580 1733.6
1378590 1733.6
1378600 1735.6
1378610 1735.7
1378620 1735.7
1378630 1734.6
1378640 1733.7
1378650 1734.8
1378660 1734.8
1378670 1735.0
1378680 1734.0
1378690 1734.0
1378700 1731.0
1378710 1727.2
1378720 1727.2
1378730 1723.5
1378740 1721.0
1378750 1721.0
1378760 1719.6
1378770 1717.5
1378780 1717.5
1378790 1712.9
1378800 1707.2
1378810 1707.2
1378820 1702.4
1378830 1697.7
1378840 1697.7
1378850 1693.6
1378860 1689.4
1378870 1689.4
1378880 1685.0
1378890 1680.8
1378900 1680.8
1378910 1677.9
1378920 1675.7
1378930 1672.4
1378940 1672.4
1378950 1667.7
1378960 1663.4
1378970 1663.4
1378980 1658.7
1378990 1655.2
1379000 1655.2
1379010 1648.8
1379020 1643.7
1379030 1643.7
1379040 1640.7
1379050 1638.0
1379060 1638.0
1379070 1635.0
1379080 1632.6
1379090 1632.6
1379100 1629.0
1379110 1623.8
1379120 1623.8
1379130 1618.6
1379140 1616.2
1379150 1616.2
1379160 1612.3
1379170 1606.9
1379180 1606.9
1379190 1602.0
1379200 1597.4
1379210 1593.3
1379220 1593.3
1379230 1589.5
1379240 1585.7
1379250 1585.7
1379260 1581.0
1379270 1574.9
1379280 1574.9
1379290 1570.2
1379300 1566.7
1379310 1566.7
1379320 1564.0
1379330 1561.8
1379340 1561.8
1379350 1559.9
1379360 1558.3
1379370 1558.3
1379380 1556.6
1379390 1554.8
1379400 1554.8
1379410 1552.3
1379420 1549.7
1379430 1549.7
1379440 1547.8
1379450 1545.0
1379460 1545.0
1379470 1541.0
1379480 1537.4
1379490 1537.4
1379500 1533.4
1379510 1529.3
1379520 1526.9
1379530 1526.9
1379540 1522.2
1379550 1518.8
1379560 1518.8
1379570 1516.3
1379580 1514.1
1379590 1514.1
1379600 1511.2
1379610 1507.9
1379620 1507.9
1379630 1505.9
1379640 1504.4
1379650 1504.4
1379660 1503.0
1379670 1502.0
1379680 1502.0
1379690 1500.8
1379700 1499.1
1379710 1499.1
1379720 1497.3
1379730 1495.1
1379740 1495.1
1379750 1492.7
1379760 1489.9
1379770 1489.9
1379780 1486.1
1379790 1481.2
1379800 1477.0
1379810 1477.0
1379820 1473.3
1379830 1470.3
1379840 1470.3
1379850 1467.7
1379860 1465.8
1379870 1465.8
1379880 1464.2
1379890 1462.4
1379900 1462.4
1379910 1461.3
1379920 1460.5
1379930 1460.5
1379940 1460.6
1379950 1460.2
1379960 1460.2
1379970 1458.3
1379980 1455.1
1379990 1455.1
