1360000 1208.7
1360010 1204.0
1360020 1204.0
1360030 1199.9
1360040 1193.7
1360050 1193.7
1360060 1187.4
1360070 1181.0
1360080 1181.0
1360090 1174.3
1360100 1168.6
1360110 1168.6
1360120 1162.7
1360130 1156.8
1360140 1151.7
1360150 1151.7
1360160 1146.2
1360170 1140.3
1360180 1140.3
1360190 1134.6
1360200 1129.2
1360210 1129.2
1360220 1123.8
1360230 1117.7
1360240 1117.7
1360250 1112.0
1360260 1106.1
1360270 1106.1
1360280 1100.2
1360290 1096.0
1360300 1096.0
1360310 1089.6
1360320 1085.7
1360330 1085.7
1360340 1080.7
1360350 1075.6
1360360 1075.6
1360370 1070.9
1360380 1067.0
1360390 1067.0
1360400 1063.3
1360410 1059.6
1360420 1056.5
1360430 1056.5
1360440 1053.4
1360450 1051.1
1360460 1051.1
1360470 1048.7
1360480 1045.9
1360490 1045.9
1360500 1041.8
1360510 1038.1
1360520 1038.1
1360530 1033.9
1360540 1029.3
1360550 1029.3
1360560 1024.6
1360570 1019.3
1360580 1019.3
1360590 1013.7
1360600 1006.9
1360610 1006.9
1360620 1001.9
1360630 998.5
1360640 998.5
1360650 997.6
1360660 997.4
1360670 997.4
1360680 998.5
1360690 999.3
1360700 993.9
1360710 993.9
1360720 987.7
1360730 982.9
1360740 982.9
1360750 979.7
1360760 978.9
1360770 978.9
1360780 978.5
1360790 978.2
1360800 978.2
1360810 978.2
1360820 978.3
1360830 978.3
1360840 978.9
1360850 979.8
1360860 979.8
1360870 981.1
1360880 982.2
1360890 982.2
1360900 983.2
1360910 984.7
1360920 984.7
1360930 987.5
1360940 991.3
1360950 991.3
1360960 994.0
1360970 1000.0
1360980 1009.0
1360990 1003.3
1361000 1012.1
1361010 1020.0
1361020 1020.0
1361030 1028.8
1361040 1037.5
1361050 1037.5
1361060 1046.7
1361070 1053.7
1361080 1053.7
1361090 1059.7
1361100 1065.0
1361110 1065.0
1361120 1070.6
1361130 1076.1
1361140 1076.1
1361150 1080.4
1361160 1084.6
1361170 1084.6
1361180 1090.0
1361190 1096.1
1361200 1096.1
1361210 1102.8
1361220 1107.3
1361230 1107.3
1361240 1109.7
1361250 1112.9
1361260 1115.0
1361270 1115.0
1361280 1116.8
1361290 1121.9
1361300 1121.9
1361310 1129.4
1361320 1136.8
1361330 1136.8
1361340 1141.5
1361350 1148.4
1361360 1148.4
1361370 1155.5
1361380 1163.4
1361390 1163.4
1361400 1173.3
1361410 1180.7
1361420 1180.7
1361430 1187.2
1361440 1193.5
1361450 1193.5
1361460 1200.9
1361470 1207.7
1361480 1207.7
1361490 1214.0
1361500 1217.8
1361510 1217.8
1361520 1220.2
1361530 1222.6
1361540 1226.2
1361550 1226.2
1361560 1228.8
1361570 1230.0
1361580 1230.0
1361590 1231.4
1361600 1236.9
1361610 1236.9
1361620 1244.1
1361630 1250.5
1361640 1250.5
1361650 1255.9
1361660 1260.2
1361670 1260.2
1361680 1264.8
1361690 1268.7
1361700 1268.7
1361710 1272.3
1361720 1275.7
1361730 1275.7
1361740 1281.2
1361750 1285.7
1361760 1285.7
1361770 1290.5
1361780 1294.3
1361790 1294.3
1361800 1298.6
1361810 1302.9
1361820 1306.9
1361830 1306.9
1361840 1312.1
1361850 1317.7
1361860 1317.7
1361870 1326.2
1361880 1333.6
1361890 1333.6
1361900 1339.0
1361910 1343.4
1361920 1343.4
1361930 1346.2
1361940 1352.5
1361950 1352.5
1361960 1360.0
1361970 1367.7
1361980 1367.7
1361990 1376.6
1362000 1384.6
1362010 1384.6
1362020 1385.6
1362030 1390.6
1362040 1390.6
1362050 1397.9
1362060 1406.4
1362070 1406.4
1362080 1413.1
1362090 1417.7
1362100 1423.1
1362110 1423.1
1362120 1428.1
1362130 1431.1
1362140 1431.1
1362150 1433.7
1362160 1435.9
1362170 1435.9
1362180 1436.5
1362190 1434.8
1362200 1434.8
1362210 1432.8
1362220 1432.2
1362230 1432.2
1362240 1438.9
1362250 1444.7
1362260 1444.7
1362270 1447.3
1362280 1449.4
1362290 1449.4
1362300 1451.5
1362310 1453.3
1362320 1453.3
1362330 1453.0
1362340 1454.9
1362350 1454.9
1362360 1457.7
1362370 1458.4
1362380 1458.0
1362390 1458.0
1362400 1458.7
1362410 1459.9
1362420 1459.9
1362430 1459.9
1362440 1461.6
1362450 1461.6
1362460 1463.6
1362470 1466.3
1362480 1466.3
1362490 1469.8
1362500 1471.4
1362510 1471.4
1362520 1470.0
1362530 1468.8
1362540 1468.8
1362550 1468.8
1362560 1470.5
1362570 1470.5
1362580 1473.2
1362590 1476.0
1362600 1476.0
1362610 1478.6
1362620 1480.4
1362630 1480.4
1362640 1481.3
1362650 1481.7
1362660 1481.7
1362670 1483.9
1362680 1488.0
1362690 1492.6
1362700 1492.6
1362710 1495.7
1362720 1498.9
1362730 1498.9
1362740 1501.8
1362750 1503.4
1362760 1503.4
1362770 1507.0
1362780 1510.7
1362790 1510.7
1362800 1515.2
1362810 1520.4
1362820 1520.4
1362830 1525.3
1362840 1529.1
1362850 1529.1
1362860 1533.3
1362870 1536.5
1362880 1536.5
1362890 1540.0
1362900 1544.3
1362910 1544.3
1362920 1548.0
1362930 1550.4
1362940 1550.4
1362950 1552.4
1362960 1554.9
1362970 1559.0
1362980 1559.0
1362990 1562.1
1363000 1566.6
1363010 1566.6
1363020 1572.2
1363030 1577.0
1363040 1577.0
1363050 1582.4
1363060 1587.6
1363070 1583.6
1363080 1588.8
1363090 1594.5
1363100 1594.5
1363110 1597.9
1363120 1600.4
1363130 1600.4
1363140 1603.0
1363150 1606.4
1363160 1606.4
1363170 1610.0
1363180 1613.3
1363190 1613.3
1363200 1616.8
1363210 1620.8
1363220 1620.8
1363230 1628.5
1363240 1635.8
1363250 1642.3
1363260 1642.3
1363270 1648.4
1363280 1653.0
1363290 1653.0
1363300 1657.8
1363310 1665.8
1363320 1665.8
1363330 1674.9
1363340 1682.0
1363350 1682.0
1363360 1686.7
1363370 1691.5
1363380 1691.5
1363390 1696.0
1363400 1701.9
1363410 1701.9
1363420 1706.8
1363430 1712.5
1363440 1712.5
1363450 1718.1
1363460 1723.8
1363470 1723.8
1363480 1732.6
1363490 1739.4
1363500 1739.4
1363510 1742.9
1363520 1747.5
1363530 1751.4
1363540 1751.4
1363550 1758.3
1363560 1764.1
1363570 1764.1
1363580 1767.8
1363590 1773.8
1363600 1773.8
1363610 1779.4
1363620 1787.1
1363630 1787.1
1363640 1795.5
1363650 1804.1
1363660 1804.1
1363670 1810.9
1363680 1818.0
1363690 1818.0
1363700 1824.4
1363710 1829.1
1363720 1829.1
1363730 1831.7
1363740 1834.5
1363750 1834.5
1363760 1836.4
1363770 1840.0
1363780 1840.0
1363790 1843.5
1363800 1846.6
1363810 1848.8
1363820 1848.8
1363830 1851.3
1363840 1852.3
1363850 1852.3
1363860 1851.3
1363870 1848.8
1363880 1848.8
1363890 1847.7
1363900 1849.2
1363910 1849.2
1363920 1851.3
1363930 1854.5
1363940 1854.5
1363950 1859.0
1363960 1863.7
1363970 1863.7
1363980 1868.7
1363990 1875.1
1364000 1875.1
1364010 1880.2
1364020 1883.8
1364030 1883.8
1364040 1888.6
1364050 1894.4
1364060 1894.4
1364070 1899.0
1364080 1901.2
1364090 1902.9
1364100 1902.9
1364110 1904.6
1364120 1906.6
1364130 1906.6
1364140 1909.8
1364150 1913.0
1364160 1913.0
1364170 1915.8
1364180 1918.2
1364190 1918.2
1364200 1920.4
1364210 1923.4
1364220 1923.4
1364230 1927.6
1364240 1932.7
1364250 1932.7
1364260 1939.4
1364270 1948.2
1364280 1948.2
1364290 1953.9
1364300 1954.5
1364310 1954.5
1364320 1952.4
1364330 1948.7
1364340 1948.7
1364350 1945.1
1364360 1940.8
1364370 1941.1
1364380 1941.1
1364390 1946.7
1364400 1954.9
1364410 1954.9
1364420 1966.4
1364430 1963.9
1364440 1963.9
1364450 1955.7
1364460 1948.6
1364470 1948.6
1364480 1942.7
1364490 1938.5
1364500 1938.5
1364510 1935.2
1364520 1931.0
1364530 1931.0
1364540 1927.9
1364550 1925.7
1364560 1925.7
1364570 1923.8
1364580 1922.3
1364590 1922.3
1364600 1920.0
1364610 1917.4
1364620 1917.4
1364630 1914.8
1364640 1911.4
1364650 1909.0
1364660 1909.0
1364670 1904.1
1364680 1898.3
1364690 1898.3
1364700 1892.9
1364710 1888.1
1364720 1888.1
1364730 1886.4
1364740 1884.4
1364750 1884.4
1364760 1880.9
1364770 1875.3
1364780 1875.3
1364790 1870.6
1364800 1866.5
1364810 1866.5
1364820 1860.5
1364830 1851.4
1364840 1851.4
1364850 1843.7
1364860 1837.6
1364870 1837.6
1364880 1830.2
1364890 1822.5
1364900 1822.5
1364910 1815.5
1364920 1811.5
1364930 1808.3
1364940 1808.3
1364950 1804.9
1364960 1802.3
1364970 1802.3
1364980 1800.2
1364990 1796.1
1365000 1796.1
1365010 1791.3
1365020 1787.4
1365030 1787.4
1365040 1785.0
1365050 1783.8
1365060 1783.8
1365070 1782.0
1365080 1779.2
1365090 1779.2
1365100 1775.5
1365110 1771.2
1365120 1771.2
1365130 1767.0
1365140 1762.7
1365150 1762.7
1365160 1759.2
1365170 1758.5
1365180 1765.8
1365190 1763.6
1365200 1760.6
1365210 1757.8
1365220 1757.8
1365230 1756.3
1365240 1756.5
1365250 1756.5
1365260 1756.7
1365270 1757.7
1365280 1757.7
1365290 1756.9
1365300 1754.5
1365310 1754.5
1365320 1751.1
1365330 1749.7
1365340 1749.7
1365350 1749.4
1365360 1750.0
1365370 1750.0
1365380 1752.4
1365390 1753.6
1365400 1753.6
1365410 1755.0
1365420 1756.0
1365430 1756.0
1365440 1757.5
1365450 1758.8
1365460 1758.8
1365470 1759.9
1365480 1761.5
1365490 1761.5
1365500 1761.9
1365510 1759.9
1365520 1757.8
1365530 1757.8
1365540 1755.8
1365550 1754.5
1365560 1754.5
1365570 1753.4
1365580 1751.5
1365590 1751.5
1365600 1748.9
1365610 1747.0
1365620 1747.0
1365630 1745.0
1365640 1744.0
1365650 1744.0
1365660 1742.5
1365670 1740.3
1365680 1740.3
1365690 1737.1
1365700 1733.7
1365710 1733.7
1365720 1730.9
1365730 1727.5
1365740 1727.5
1365750 1725.8
1365760 1724.8
1365770 1724.8
1365780 1723.3
1365790 1724.0
1365800 1722.0
1365810 1722.0
1365820 1715.1
1365830 1712.4
1365840 1712.4
1365850 1710.7
1365860 1713.6
1365870 1713.6
1365880 1719.8
1365890 1721.9
1365900 1721.9
1365910 1727.2
1365920 1732.6
1365930 1732.6
1365940 1735.8
1365950 1734.1
1365960 1734.1
1365970 1732.1
1365980 1726.9
1365990 1726.9
1366000 1712.4
1366010 1704.6
1366020 1704.6
1366030 1714.5
1366040 1712.6
1366050 1712.6
1366060 1704.3
1366070 1698.8
1366080 1697.9
1366090 1697.9
1366100 1695.9
1366110 1686.9
1366120 1686.9
1366130 1674.6
1366140 1668.6
1366150 1668.6
1366160 1670.2
1366170 1662.3
1366180 1662.3
1366190 1655.5
1366200 1648.9
1366210 1648.9
1366220 1641.3
1366230 1633.3
1366240 1633.3
1366250 1628.6
1366260 1631.9
1366270 1631.9
1366280 1630.0
1366290 1626.9
1366300 1626.9
1366310 1621.0
1366320 1613.1
1366330 1613.1
1366340 1607.3
1366350 1604.3
1366360 1601.6
1366370 1601.6
1366380 1597.1
1366390 1592.4
1366400 1592.4
1366410 1589.6
1366420 1587.8
1366430 1587.8
1366440 1586.2
1366450 1584.4
1366460 1584.4
1366470 1582.2
1366480 1578.9
1366490 1578.9
1366500 1575.1
1366510 1571.5
1366520 1571.5
1366530 1568.1
1366540 1564.5
1366550 1564.5
1366560 1561.0
1366570 1556.4
1366580 1556.4
1366590 1550.6
1366600 1547.0
1366610 1547.0
1366620 1543.1
1366630 1539.2
1366640 1536.8
1366650 1536.8
1366660 1534.1
1366670 1531.1
1366680 1531.1
1366690 1528.6
1366700 1525.8
1366710 1525.8
1366720 1521.6
1366730 1517.1
1366740 1517.1
1366750 1513.9
1366760 1510.7
1366770 1510.7
1366780 1507.4
1366790 1503.4
1366800 1503.4
1366810 1499.1
1366820 1494.5
1366830 1494.5
1366840 1489.8
1366850 1485.0
1366860 1485.0
1366870 1481.0
1366880 1477.8
1366890 1477.8
1366900 1474.8
1366910 1471.8
1366920 1467.5
1366930 1467.5
1366940 1461.8
1366950 1455.2
1366960 1455.2
1366970 1450.7
1366980 1445.7
1366990 1445.7
1367000 1442.2
1367010 1441.5
1367020 1441.5
1367030 1440.3
1367040 1437.1
1367050 1437.1
1367060 1430.8
1367070 1418.9
1367080 1418.9
1367090 1395.7
1367100 1377.0
1367110 1377.0
1367120 1367.9
1367130 1360.2
1367140 1360.2
1367150 1352.7
1367160 1346.5
1367170 1346.5
1367180 1341.1
1367190 1334.6
1367200 1327.5
1367210 1327.5
1367220 1320.2
1367230 1312.9
1367240 1312.9
1367250 1305.5
1367260 1298.0
1367270 1298.0
1367280 1290.2
1367290 1283.0
1367300 1283.0
1367310 1276.2
1367320 1271.4
1367330 1271.4
1367340 1268.1
1367350 1265.2
1367360 1265.2
1367370 1262.9
1367380 1261.3
1367390 1261.3
1367400 1260.2
1367410 1259.4
1367420 1259.4
1367430 1257.7
1367440 1255.3
1367450 1255.3
1367460 1253.0
1367470 1251.0
1367480 1248.7
1367490 1248.7
1367500 1246.3
1367510 1242.9
1367520 1242.9
1367530 1239.5
1367540 1236.7
1367550 1236.7
1367560 1234.6
1367570 1232.3
1367580 1232.3
1367590 1229.7
1367600 1225.9
1367610 1225.9
1367620 1220.6
1367630 1214.9
1367640 1214.9
1367650 1210.5
1367660 1207.2
1367670 1207.2
1367680 1204.1
1367690 1201.2
1367700 1201.2
1367710 1198.5
1367720 1195.4
1367730 1195.4
1367740 1191.4
1367750 1188.7
1367760 1186.8
1367770 1186.8
1367780 1183.4
1367790 1176.9
1367800 1176.9
1367810 1171.7
1367820 1168.8
1367830 1168.8
1367840 1171.2
1367850 1181.0
1367860 1181.0
1367870 1187.3
1367880 1190.2
1367890 1190.2
1367900 1193.2
1367910 1195.7
1367920 1195.7
1367930 1198.9
1367940 1202.2
1367950 1202.2
1367960 1206.1
1367970 1210.4
1367980 1210.4
1367990 1215.1
1368000 1220.2
1368010 1220.2
1368020 1225.4
1368030 1230.6
1368040 1235.5
1368050 1235.5
1368060 1240.0
1368070 1244.8
1368080 1244.8
1368090 1249.3
1368100 1253.7
1368110 1253.7
1368120 1258.3
1368130 1263.9
1368140 1263.9
1368150 1270.5
1368160 1276.5
1368170 1276.5
1368180 1283.2
1368190 1289.3
1368200 1289.3
1368210 1295.7
1368220 1302.3
1368230 1302.3
1368240 1309.0
1368250 1315.6
1368260 1315.6
1368270 1323.3
1368280 1331.0
1368290 1331.0
1368300 1338.3
1368310 1344.9
1368320 1344.9
1368330 1350.5
1368340 1355.5
1368350 1360.0
1368360 1360.0
1368370 1364.9
1368380 1370.2
1368390 1370.2
1368400 1376.8
1368410 1382.9
1368420 1382.9
1368430 1388.6
1368440 1395.5
1368450 1395.5
1368460 1401.3
1368470 1407.0
1368480 1407.0
1368490 1413.3
1368500 1420.0
1368510 1420.0
1368520 1427.7
1368530 1434.8
1368540 1434.8
1368550 1442.9
1368560 1452.7
1368570 1452.7
1368580 1461.6
1368590 1472.1
1368600 1472.1
1368610 1486.1
1368620 1497.0
1368630 1508.4
1368640 1508.4
1368650 1518.2
1368660 1524.1
1368670 1524.1
1368680 1529.6
1368690 1535.4
1368700 1535.4
1368710 1542.0
1368720 1550.3
1368730 1550.3
1368740 1558.4
1368750 1565.4
1368760 1565.4
1368770 1573.8
1368780 1583.3
1368790 1583.3
1368800 1592.1
1368810 1602.2
1368820 1602.2
1368830 1611.8
1368840 1619.0
1368850 1619.0
1368860 1626.5
1368870 1633.9
1368880 1633.9
1368890 1641.6
1368900 1649.5
1368910 1653.6
1368920 1653.6
1368930 1655.3
1368940 1659.1
1368950 1659.1
1368960 1659.5
1368970 1654.4
1368980 1654.4
1368990 1650.4
1369000 1645.9
1369010 1645.9
1369020 1642.1
1369030 1639.9
1369040 1639.9
1369050 1630.0
1369060 1622.4
1369070 1622.4
1369080 1619.5
1369090 1616.6
1369100 1616.6
1369110 1613.5
1369120 1610.1
1369130 1610.1
1369140 1605.6
1369150 1601.9
1369160 1601.9
1369170 1599.2
1369180 1595.5
1369190 1592.4
1369200 1592.4
1369210 1590.8
1369220 1589.3
1369230 1589.3
1369240 1587.4
1369250 1585.6
1369260 1585.6
1369270 1583.3
1369280 1579.6
1369290 1579.6
1369300 1575.7
1369310 1571.7
1369320 1571.7
1369330 1568.1
1369340 1565.5
1369350 1565.5
1369360 1564.5
1369370 1563.5
1369380 1563.5
1369390 1562.6
1369400 1562.2
1369410 1562.2
1369420 1561.0
1369430 1555.2
1369440 1555.2
1369450 1550.6
1369460 1546.6
1369470 1542.0
1369480 1542.0
1369490 1538.1
1369500 1537.1
1369510 1537.1
1369520 1541.1
1369530 1548.7
1369540 1547.9
1369550 1557.1
1369560 1564.8
1369570 1564.8
1369580 1569.1
1369590 1570.4
1369600 1570.4
1369610 1571.0
1369620 1572.8
1369630 1572.8
1369640 1575.5
1369650 1580.0
1369660 1580.0
1369670 1584.0
1369680 1587.9
1369690 1587.9
1369700 1591.9
1369710 1596.2
1369720 1596.2
1369730 1601.3
1369740 1606.4
1369750 1611.4
1369760 1611.4
1369770 1616.3
1369780 1621.5
1369790 1621.5
1369800 1626.4
1369810 1631.0
1369820 1631.0
1369830 1634.9
1369840 1638.6
1369850 1638.6
1369860 1642.0
1369870 1645.8
1369880 1645.8
1369890 1650.2
1369900 1655.1
1369910 1655.1
1369920 1660.1
1369930 1665.0
1369940 1665.0
1369950 1670.0
1369960 1675.6
1369970 1675.6
1369980 1682.4
1369990 1687.6
1370000 1687.6
1370010 1691.5
1370020 1695.8
1370030 1701.4
1370040 1701.4
1370050 1708.1
1370060 1713.8
1370070 1713.8
1370080 1721.7
1370090 1731.5
1370100 1731.5
1370110 1740.3
1370120 1745.2
1370130 1745.2
1370140 1748.9
1370150 1754.2
1370160 1754.2
1370170 1758.9
1370180 1761.4
1370190 1761.4
1370200 1764.3
1370210 1768.7
1370220 1768.7
1370230 1773.0
1370240 1777.5
1370250 1777.5
1370260 1782.5
1370270 1788.1
1370280 1788.1
1370290 1794.5
1370300 1800.9
1370310 1807.3
1370320 1807.3
1370330 1813.6
1370340 1821.0
1370350 1821.0
1370360 1826.8
1370370 1832.9
1370380 1832.9
1370390 1838.5
1370400 1840.5
1370410 1840.5
1370420 1843.2
1370430 1846.1
1370440 1846.1
1370450 1847.3
1370460 1846.6
1370470 1846.6
1370480 1843.8
1370490 1837.0
1370500 1837.0
1370510 1829.4
1370520 1824.3
1370530 1824.3
1370540 1819.3
1370550 1815.1
1370560 1815.1
1370570 1810.0
1370580 1805.1
1370590 1800.5
1370600 1800.5
1370610 1796.6
1370620 1793.2
1370630 1793.2
1370640 1791.0
1370650 1791.9
1370660 1791.9
1370670 1787.9
1370680 1783.5
1370690 1783.5
1370700 1778.9
1370710 1776.4
1370720 1776.4
1370730 1774.5
1370740 1772.7
1370750 1772.7
1370760 1770.4
1370770 1767.5
1370780 1767.5
1370790 1764.1
1370800 1760.5
1370810 1760.5
1370820 1757.9
1370830 1755.6
1370840 1755.6
1370850 1753.2
1370860 1748.9
1370870 1743.6
1370880 1743.6
1370890 1738.1
1370900 1733.7
1370910 1733.7
1370920 1730.5
1370930 1728.6
1370940 1728.6
1370950 1727.0
1370960 1725.3
1370970 1725.3
1370980 1723.2
1370990 1717.3
1371000 1717.3
1371010 1710.4
1371020 1706.7
1371030 1706.7
1371040 1706.1
1371050 1705.2
1371060 1705.2
1371070 1704.2
1371080 1703.9
1371090 1703.9
1371100 1703.6
1371110 1701.2
1371120 1701.2
1371130 1698.6
1371140 1696.7
1371150 1696.7
1371160 1694.3
1371170 1691.0
1371180 1688.6
1371190 1688.6
1371200 1686.2
1371210 1683.4
1371220 1683.4
1371230 1679.8
1371240 1676.9
1371250 1676.9
1371260 1674.3
1371270 1670.5
1371280 1670.5
1371290 1664.0
1371300 1657.8
1371310 1657.8
1371320 1654.1
1371330 1651.3
1371340 1651.3
1371350 1647.6
1371360 1645.3
1371370 1645.3
1371380 1640.4
1371390 1635.0
1371400 1635.0
1371410 1629.3
1371420 1621.9
1371430 1621.9
1371440 1613.8
1371450 1605.8
1371460 1597.8
1371470 1597.8
1371480 1590.0
1371490 1583.2
1371500 1583.2
1371510 1575.7
1371520 1568.3
1371530 1568.3
1371540 1562.9
1371550 1555.5
1371560 1555.5
1371570 1548.1
1371580 1541.6
1371590 1541.6
1371600 1535.7
1371610 1529.2
1371620 1529.2
1371630 1525.4
1371640 1518.8
1371650 1518.8
1371660 1510.5
1371670 1502.5
1371680 1502.5
1371690 1496.0
1371700 1490.4
1371710 1490.4
1371720 1484.6
1371730 1478.8
1371740 1473.2
1371750 1473.2
1371760 1469.0
1371770 1464.9
1371780 1467.8
1371790 1461.4
1371800 1455.0
1371810 1455.0
1371820 1449.7
1371830 1444.5
1371840 1444.5
1371850 1438.6
1371860 1432.4
1371870 1432.4
1371880 1426.4
1371890 1421.2
1371900 1421.2
1371910 1416.4
1371920 1412.2
1371930 1412.2
1371940 1408.6
1371950 1404.2
1371960 1404.2
1371970 1398.7
1371980 1392.5
1371990 1392.5
1372000 1387.4
1372010 1382.4
1372020 1378.8
1372030 1378.8
1372040 1376.0
1372050 1371.3
1372060 1371.3
1372070 1363.5
1372080 1356.2
1372090 1356.2
1372100 1350.3
1372110 1344.9
1372120 1344.9
1372130 1340.1
1372140 1337.0
1372150 1337.0
1372160 1333.5
1372170 1329.0
1372180 1329.0
1372190 1325.2
1372200 1322.2
1372210 1322.2
1372220 1320.0
1372230 1317.4
1372240 1317.4
1372250 1312.8
1372260 1306.5
1372270 1306.5
1372280 1302.0
1372290 1299.5
1372300 1295.2
1372310 1295.2
1372320 1289.0
1372330 1282.6
1372340 1282.6
1372350 1275.8
1372360 1269.5
1372370 1269.5
1372380 1264.5
1372390 1262.7
1372400 1262.7
1372410 1262.8
1372420 1263.1
1372430 1263.1
1372440 1262.7
1372450 1264.7
1372460 1264.7
1372470 1268.3
1372480 1271.2
1372490 1271.2
1372500 1274.0
1372510 1277.5
1372520 1277.5
1372530 1280.8
1372540 1284.0
1372550 1284.0
1372560 1287.2
1372570 1290.5
1372580 1294.2
1372590 1294.2
1372600 1298.3
1372610 1304.1
1372620 1304.1
1372630 1309.0
1372640 1314.6
1372650 1314.6
1372660 1320.5
1372670 1326.7
1372680 1326.7
1372690 1333.0
1372700 1339.3
1372710 1339.3
1372720 1345.9
1372730 1352.3
1372740 1352.3
1372750 1358.3
1372760 1364.4
1372770 1364.4
1372780 1370.3
1372790 1375.6
1372800 1375.6
1372810 1380.9
1372820 1387.1
1372830 1387.1
1372840 1394.0
1372850 1401.3
1372860 1407.9
1372870 1407.9
1372880 1415.4
1372890 1423.1
1372900 1423.1
1372910 1427.3
1372920 1432.1
1372930 1432.1
1372940 1436.5
1372950 1441.1
1372960 1441.1
1372970 1446.2
1372980 1451.0
1372990 1451.0
1373000 1455.3
1373010 1459.9
1373020 1459.9
1373030 1466.0
1373040 1471.9
1373050 1471.9
1373060 1479.5
1373070 1486.6
1373080 1486.6
1373090 1493.2
1373100 1498.7
1373110 1498.7
1373120 1504.5
1373130 1509.5
1373140 1514.1
1373150 1514.1
1373160 1520.5
1373170 1526.3
1373180 1526.3
1373190 1534.2
1373200 1542.3
1373210 1542.3
1373220 1550.2
1373230 1560.1
1373240 1560.1
1373250 1569.6
1373260 1578.4
1373270 1578.4
1373280 1586.8
1373290 1596.2
1373300 1596.2
1373310 1605.1
1373320 1613.6
1373330 1613.6
1373340 1620.8
1373350 1628.1
1373360 1628.1
1373370 1636.4
1373380 1644.0
1373390 1644.0
1373400 1650.8
1373410 1657.7
1373420 1664.5
1373430 1664.5
1373440 1672.4
1373450 1680.4
1373460 1680.4
1373470 1687.7
1373480 1693.0
1373490 1693.0
1373500 1698.8
1373510 1701.8
1373520 1701.8
1373530 1705.6
1373540 1711.6
1373550 1711.6
1373560 1717.5
1373570 1722.7
1373580 1722.7
1373590 1728.4
1373600 1735.2
1373610 1735.2
1373620 1741.2
1373630 1746.4
1373640 1746.4
1373650 1752.0
1373660 1758.1
1373670 1758.1
1373680 1763.3
1373690 1768.2
1373700 1773.9
1373710 1773.9
1373720 1780.1
1373730 1785.1
1373740 1785.1
1373750 1788.4
1373760 1792.3
1373770 1792.3
1373780 1795.3
1373790 1798.9
1373800 1798.9
1373810 1803.4
1373820 1804.9
1373830 1804.9
1373840 1810.9
1373850 1813.3
1373860 1813.3
1373870 1813.3
1373880 1817.0
1373890 1817.0
1373900 1822.3
1373910 1825.7
1373920 1825.7
1373930 1828.8
1373940 1832.8
1373950 1832.8
1373960 1837.8
1373970 1843.8
1373980 1847.6
1373990 1847.6
1374000 1845.9
1374010 1844.9
1374020 1844.9
1374030 1848.0
1374040 1850.3
1374050 1850.3
1374060 1850.2
1374070 1847.8
1374080 1847.8
1374090 1844.5
1374100 1840.6
1374110 1840.6
1374120 1836.9
1374130 1832.4
1374140 1832.4
1374150 1827.9
1374160 1824.4
1374170 1824.4
1374180 1820.7
1374190 1818.0
1374200 1818.0
1374210 1815.6
1374220 1810.7
1374230 1810.7
1374240 1804.3
1374250 1798.4
1374260 1798.4
1374270 1792.6
1374280 1785.6
1374290 1779.4
1374300 1779.4
1374310 1774.5
1374320 1769.4
1374330 1769.4
1374340 1762.5
1374350 1755.3
1374360 1755.3
1374370 1747.4
1374380 1738.9
1374390 1738.9
1374400 1731.2
1374410 1724.0
1374420 1724.0
1374430 1717.2
1374440 1710.7
1374450 1710.7
1374460 1705.0
1374470 1700.2
1374480 1700.2
1374490 1695.7
1374500 1691.1
1374510 1691.1
1374520 1686.6
1374530 1682.1
1374540 1682.1
1374550 1677.8
1374560 1673.8
1374570 1669.3
1374580 1669.3
1374590 1664.1
1374600 1659.0
1374610 1659.0
1374620 1656.3
1374630 1653.0
1374640 1653.0
1374650 1647.9
1374660 1642.2
1374670 1642.2
1374680 1637.1
1374690 1632.4
1374700 1632.4
1374710 1628.0
1374720 1623.6
1374730 1623.6
1374740 1618.6
1374750 1614.3
1374760 1614.3
1374770 1609.9
1374780 1606.1
1374790 1606.1
1374800 1602.4
1374810 1598.4
1374820 1598.4
1374830 1592.3
1374840 1586.8
1374850 1582.1
1374860 1582.1
1374870 1578.6
1374880 1575.8
1374890 1575.8
1374900 1575.1
1374910 1576.2
1374920 1576.2
1374930 1580.7
1374940 1586.6
1374950 1586.6
1374960 1590.4
1374970 1593.0
1374980 1593.0
1374990 1595.1
1375000 1594.8
1375010 1594.8
1375020 1589.3
1375030 1589.0
1375040 1589.0
1375050 1593.9
1375060 1598.0
1375070 1598.0
1375080 1601.9
1375090 1604.7
1375100 1604.7
1375110 1610.3
1375120 1614.0
1375130 1617.9
1375140 1617.9
1375150 1621.1
1375160 1623.6
1375170 1623.6
1375180 1627.1
1375190 1629.4
1375200 1629.4
1375210 1628.5
1375220 1637.6
1375230 1637.6
1375240 1636.7
1375250 1641.1
1375260 1641.1
1375270 1650.1
1375280 1657.0
1375290 1657.0
1375300 1662.0
1375310 1665.5
1375320 1665.5
1375330 1668.9
1375340 1673.7
1375350 1673.7
1375360 1679.0
1375370 1684.3
1375380 1684.3
1375390 1690.2
1375400 1696.8
1375410 1702.3
1375420 1702.3
1375430 1704.7
1375440 1708.6
1375450 1708.6
1375460 1712.5
1375470 1715.9
1375480 1715.9
1375490 1719.4
1375500 1724.2
1375510 1724.2
1375520 1730.7
1375530 1737.9
1375540 1737.9
1375550 1746.3
1375560 1757.6
1375570 1757.6
1375580 1764.3
1375590 1767.2
1375600 1767.2
1375610 1769.7
1375620 1772.5
1375630 1772.5
1375640 1774.6
1375650 1776.1
1375660 1776.1
1375670 1777.9
1375680 1778.7
1375690 1777.2
1375700 1777.2
1375710 1775.3
1375720 1774.9
1375730 1774.9
1375740 1774.4
1375750 1774.2
1375760 1774.2
1375770 1773.9
1375780 1774.1
1375790 1774.1
1375800 1774.4
1375810 1774.3
1375820 1774.3
1375830 1774.0
1375840 1775.3
1375850 1775.3
1375860 1776.7
1375870 1779.0
1375880 1779.0
1375890 1783.1
1375900 1788.2
1375910 1788.2
1375920 1792.9
1375930 1797.4
1375940 1797.4
1375950 1802.9
1375960 1809.5
1375970 1816.9
1375980 1816.9
1375990 1824.3
1376000 1832.1
1376010 1832.1
1376020 1841.2
1376030 1848.1
1376040 1848.1
1376050 1853.4
1376060 1859.5
1376070 1859.5
1376080 1865.3
1376090 1872.1
1376100 1872.1
1376110 1880.6
1376120 1887.8
1376130 1887.8
1376140 1894.0
1376150 1901.9
1376160 1901.9
1376170 1912.1
1376180 1920.7
1376190 1920.7
1376200 1921.7
1376210 1922.1
1376220 1922.1
1376230 1922.3
1376240 1922.9
1376250 1923.4
1376260 1923.4
1376270 1924.7
1376280 1925.0
1376290 1925.0
1376300 1924.2
1376310 1924.8
1376320 1924.8
1376330 1924.8
1376340 1924.7
1376350 1924.7
1376360 1924.1
1376370 1922.0
1376380 1922.0
1376390 1916.1
1376400 1913.6
1376410 1913.6
1376420 1911.1
1376430 1906.9
1376440 1906.9
1376450 1903.2
1376460 1899.5
1376470 1899.5
1376480 1895.0
1376490 1890.0
1376500 1890.0
1376510 1885.1
1376520 1879.8
1376530 1873.6
1376540 1873.6
1376550 1867.7
1376560 1862.1
1376570 1862.1
1376580 1856.1
1376590 1851.1
1376600 1851.1
1376610 1847.5
1376620 1843.7
1376630 1843.7
1376640 1838.8
1376650 1833.8
1376660 1833.8
1376670 1828.8
1376680 1823.6
1376690 1823.6
1376700 1818.3
1376710 1812.8
1376720 1812.8
1376730 1807.3
1376740 1801.7
1376750 1801.7
1376760 1795.6
1376770 1790.2
1376780 1790.2
1376790 1787.2
1376800 1784.3
1376810 1780.2
1376820 1780.2
1376830 1775.6
1376840 1776.3
1376850 1776.3
1376860 1773.6
1376870 1766.0
1376880 1766.0
1376890 1761.4
1376900 1755.5
1376910 1755.5
1376920 1745.5
1376930 1734.8
1376940 1734.8
1376950 1725.5
1376960 1717.8
1376970 1717.8
1376980 1713.0
1376990 1711.9
1377000 1711.9
1377010 1710.8
1377020 1706.6
1377030 1706.6
1377040 1700.6
1377050 1694.0
1377060 1694.0
1377070 1687.5
1377080 1681.6
1377090 1675.3
1377100 1675.3
1377110 1669.2
1377120 1662.6
1377130 1662.6
1377140 1655.6
1377150 1647.6
1377160 1647.6
1377170 1639.2
1377180 1631.4
1377190 1631.4
1377200 1625.2
1377210 1620.5
1377220 1620.5
1377230 1614.7
1377240 1607.3
1377250 1607.3
1377260 1599.0
1377270 1589.0
1377280 1589.0
1377290 1581.2
1377300 1578.1
1377310 1578.1
1377320 1575.4
1377330 1567.5
1377340 1567.5
1377350 1560.0
1377360 1554.4
1377370 1554.4
1377380 1551.7
1377390 1548.5
1377400 1546.0
1377410 1546.0
1377420 1543.4
1377430 1541.3
1377440 1541.3
1377450 1539.5
1377460 1537.2
1377470 1537.2
1377480 1534.9
1377490 1532.4
1377500 1532.4
1377510 1528.1
1377520 1522.7
1377530 1522.7
1377540 1519.1
1377550 1515.5
1377560 1515.5
1377570 1512.4
1377580 1506.1
1377590 1506.1
1377600 1502.8
1377610 1498.5
1377620 1498.5
1377630 1493.3
1377640 1488.0
1377650 1488.0
1377660 1481.8
1377670 1474.2
1377680 1469.0
1377690 1469.0
1377700 1466.1
1377710 1461.5
1377720 1461.5
1377730 1455.0
1377740 1449.1
1377750 1449.1
1377760 1443.8
1377770 1438.6
1377780 1438.6
1377790 1432.2
1377800 1427.8
1377810 1427.8
1377820 1423.4
1377830 1419.4
1377840 1419.4
1377850 1418.4
1377860 1416.7
1377870 1416.7
1377880 1414.0
1377890 1409.3
1377900 1409.3
1377910 1404.7
1377920 1401.2
1377930 1401.2
1377940 1398.9
1377950 1396.8
1377960 1395.0
1377970 1395.0
1377980 1393.8
1377990 1392.9
1378000 1392.9
1378010 1389.4
1378020 1384.2
1378030 1384.2
1378040 1379.7
1378050 1375.8
1378060 1375.8
1378070 1372.1
1378080 1367.4
1378090 1367.4
1378100 1364.9
1378110 1367.4
1378120 1367.4
1378130 1372.7
1378140 1378.6
1378150 1378.6
1378160 1381.9
1378170 1384.2
1378180 1384.2
1378190 1387.5
1378200 1392.1
1378210 1392.1
1378220 1397.0
1378230 1401.8
1378240 1406.7
1378250 1406.7
1378260 1411.9
1378270 1414.8
1378280 1414.8
1378290 1417.7
1378300 1422.5
1378310 1422.5
1378320 1426.6
1378330 1429.2
1378340 1429.2
1378350 1430.9
1378360 1432.1
1378370 1432.1
1378380 1432.4
1378390 1432.9
1378400 1432.9
1378410 1433.4
1378420 1434.2
1378430 1434.2
1378440 1435.7
1378450 1437.4
1378460 1437.4
1378470 1439.0
1378480 1440.6
1378490 1440.6
1378500 1441.3
1378510 1439.3
1378520 1439.5
1378530 1439.5
1378540 1442.3
1378550 1445.6
1378560 1445.6
1378570 1450.5
1378580 1455.5
1378590 1455.5
1378600 1458.2
1378610 1459.6
1378620 1459.6
1378630 1460.5
1378640 1461.0
1378650 1461.0
1378660 1462.0
1378670 1462.1
1378680 1462.1
1378690 1461.0
1378700 1459.9
1378710 1459.9
1378720 1459.4
1378730 1459.1
1378740 1459.1
1378750 1458.4
1378760 1457.9
1378770 1457.9
1378780 1464.9
1378790 1467.4
1378800 1471.2
1378810 1471.2
1378820 1473.8
1378830 1476.0
1378840 1476.0
1378850 1477.9
1378860 1479.9
1378870 1479.9
1378880 1480.0
1378890 1478.8
1378900 1478.8
1378910 1479.0
1378920 1481.0
1378930 1481.0
1378940 1484.5
1378950 1487.1
1378960 1487.1
1378970 1489.5
1378980 1491.7
1378990 1491.7
1379000 1493.4
1379010 1494.8
1379020 1494.8
1379030 1495.5
1379040 1495.8
1379050 1495.8
1379060 1497.2
1379070 1498.8
1379080 1499.9
1379090 1499.9
1379100 1500.7
1379110 1500.8
1379120 1500.8
1379130 1502.0
1379140 1503.6
1379150 1503.6
1379160 1506.1
1379170 1508.6
1379180 1508.6
1379190 1511.5
1379200 1515.6
1379210 1515.6
1379220 1517.0
1379230 1516.8
1379240 1516.8
1379250 1516.3
1379260 1518.3
1379270 1518.3
1379280 1522.9
1379290 1527.0
1379300 1527.0
1379310 1528.3
1379320 1530.4
1379330 1530.4
1379340 1532.6
1379350 1533.8
1379360 1535.4
1379370 1535.4
1379380 1538.0
1379390 1541.4
1379400 1541.4
1379410 1544.5
1379420 1547.1
1379430 1547.1
1379440 1548.8
1379450 1549.3
1379460 1549.3
1379470 1547.6
1379480 1545.0
1379490 1545.0
1379500 1541.7
1379510 1538.0
1379520 1538.0
1379530 1534.9
1379540 1532.5
1379550 1532.5
1379560 1531.0
1379570 1529.4
1379580 1529.4
1379590 1527.5
1379600 1524.0
1379610 1524.0
1379620 1520.7
1379630 1518.9
1379640 1516.1
1379650 1516.1
1379660 1514.1
1379670 1514.6
1379680 1514.6
1379690 1513.2
1379700 1511.7
1379710 1511.7
1379720 1510.5
1379730 1509.2
1379740 1509.2
1379750 1507.3
1379760 1505.4
1379770 1505.4
1379780 1503.1
1379790 1500.8
1379800 1500.8
1379810 1499.5
1379820 1498.3
1379830 1498.3
1379840 1496.2
1379850 1495.4
1379860 1495.4
1379870 1494.5
1379880 1493.0
1379890 1493.0
1379900 1491.4
1379910 1490.7
1379920 1491.1
1379930 1491.1
1379940 1491.3
1379950 1491.0
1379960 1491.0
1379970 1490.1
1379980 1488.5
1379990 1491.2
