1360000 940.8
1360010 940.8
1360020 935.5
1360030 932.0
1360040 932.0
1360050 927.8
1360060 923.3
1360070 925.0
1360080 919.2
1360090 913.0
1360100 913.0
1360110 906.9
1360120 901.7
1360130 901.7
1360140 896.8
1360150 892.8
1360160 892.8
1360170 889.5
1360180 887.0
1360190 887.0
1360200 884.7
1360210 881.3
1360220 881.3
1360230 878.5
1360240 876.5
1360250 872.3
1360260 872.3
1360270 868.3
1360280 865.2
1360290 865.2
1360300 862.8
1360310 860.1
1360320 860.1
1360330 857.9
1360340 856.3
1360350 856.3
1360360 855.3
1360370 854.7
1360380 854.7
1360390 854.8
1360400 854.6
1360410 854.6
1360420 854.6
1360430 854.2
1360440 854.2
1360450 853.9
1360460 853.9
1360470 853.9
1360480 854.0
1360490 852.3
1360500 852.3
1360510 850.8
1360520 850.9
1360530 850.9
1360540 852.8
1360550 853.5
1360560 853.9
1360570 853.9
1360580 854.2
1360590 854.4
1360600 854.4
1360610 854.4
1360620 855.5
1360630 855.5
1360640 857.4
1360650 859.8
1360660 859.8
1360670 863.4
1360680 867.0
1360690 867.0
1360700 871.7
1360710 877.3
1360720 877.3
1360730 883.8
1360740 887.3
1360750 887.3
1360760 889.7
1360770 894.5
1360780 894.5
1360790 902.0
1360800 907.9
1360810 907.9
1360820 913.4
1360830 916.0
1360840 918.1
1360850 918.1
1360860 921.0
1360870 924.6
1360880 924.6
1360890 929.3
1360900 934.6
1360910 934.6
1360920 940.2
1360930 944.6
1360940 944.6
1360950 948.7
1360960 953.9
1360970 953.9
1360980 959.6
1360990 965.1
1361000 965.1
1361010 970.5
1361020 975.9
1361030 975.9
1361040 981.1
1361050 985.3
1361060 985.3
1361070 991.3
1361080 995.6
1361090 995.6
1361100 1002.2
1361110 1005.8
1361120 1009.2
1361130 1009.2
1361140 1013.5
1361150 1018.5
1361160 1018.5
1361170 1022.7
1361180 1027.1
1361190 1027.1
1361200 1032.6
1361210 1037.5
1361220 1037.5
1361230 1042.8
1361240 1048.9
1361250 1048.9
1361260 1054.8
1361270 1060.4
1361280 1060.4
1361290 1065.6
1361300 1069.2
1361310 1069.2
1361320 1073.8
1361330 1078.6
1361340 1078.6
1361350 1086.3
1361360 1094.7
1361370 1094.7
1361380 1101.6
1361390 1107.8
1361400 1107.8
1361410 1113.4
1361420 1118.0
1361430 1123.0
1361440 1123.0
1361450 1125.7
1361460 1130.3
1361470 1130.3
1361480 1134.9
1361490 1139.6
1361500 1139.6
1361510 1141.9
1361520 1145.9
1361530 1145.9
1361540 1150.4
1361550 1154.3
1361560 1154.3
1361570 1159.6
1361580 1166.6
1361590 1166.6
1361600 1171.4
1361610 1173.7
1361620 1173.7
1361630 1175.2
1361640 1176.8
1361650 1176.8
1361660 1178.8
1361670 1179.8
1361680 1179.8
1361690 1182.0
1361700 1185.3
1361710 1188.2
1361720 1188.2
1361730 1190.5
1361740 1193.3
1361750 1193.3
1361760 1196.0
1361770 1198.5
1361780 1198.5
1361790 1200.5
1361800 1204.2
1361810 1204.2
1361820 1209.3
1361830 1211.3
1361840 1211.3
1361850 1213.0
1361860 1214.8
1361870 1214.8
1361880 1216.7
1361890 1219.2
1361900 1219.2
1361910 1221.9
1361920 1224.5
1361930 1224.5
1361940 1227.0
1361950 1229.8
1361960 1229.8
1361970 1233.0
1361980 1236.2
1361990 1240.5
1362000 1240.5
1362010 1245.5
1362020 1250.3
1362030 1250.3
1362040 1254.5
1362050 1259.8
1362060 1259.8
1362070 1265.0
1362080 1268.5
1362090 1268.5
1362100 1273.1
1362110 1279.6
1362120 1279.6
1362130 1286.4
1362140 1296.0
1362150 1296.0
1362160 1305.0
1362170 1311.5
1362180 1311.5
1362190 1314.6
1362200 1318.2
1362210 1318.2
1362220 1323.3
1362230 1329.0
1362240 1329.0
1362250 1335.5
1362260 1341.4
1362270 1341.4
1362280 1346.9
1362290 1351.4
1362300 1355.4
1362310 1355.4
1362320 1359.4
1362330 1362.1
1362340 1362.1
1362350 1365.3
1362360 1370.2
1362370 1370.2
1362380 1375.7
1362390 1380.6
1362400 1380.6
1362410 1384.8
1362420 1389.0
1362430 1389.0
1362440 1393.5
1362450 1398.6
1362460 1398.6
1362470 1403.8
1362480 1409.0
1362490 1409.0
1362500 1413.9
1362510 1418.5
1362520 1418.5
1362530 1423.2
1362540 1428.8
1362550 1428.8
1362560 1434.5
1362570 1439.2
1362580 1444.5
1362590 1444.5
1362600 1449.2
1362610 1453.6
1362620 1453.6
1362630 1457.2
1362640 1459.4
1362650 1459.4
1362660 1461.3
1362670 1463.6
1362680 1463.6
1362690 1466.4
1362700 1468.6
1362710 1468.6
1362720 1470.7
1362730 1472.2
1362740 1472.2
1362750 1471.4
1362760 1469.3
1362770 1469.3
1362780 1465.3
1362790 1460.1
1362800 1460.1
1362810 1455.1
1362820 1449.3
1362830 1449.3
1362840 1443.2
1362850 1439.3
1362860 1434.5
1362870 1434.5
1362880 1428.3
1362890 1422.3
1362900 1422.3
1362910 1418.4
1362920 1413.4
1362930 1413.4
1362940 1407.5
1362950 1401.7
1362960 1401.7
1362970 1398.1
1362980 1394.4
1362990 1394.4
1363000 1388.8
1363010 1380.1
1363020 1380.1
1363030 1376.6
1363040 1381.5
1363050 1381.5
1363060 1388.0
1363070 1392.1
1363080 1392.1
1363090 1396.0
1363100 1400.0
1363110 1400.0
1363120 1404.3
1363130 1407.7
1363140 1407.7
1363150 1411.1
1363160 1414.9
1363170 1419.0
1363180 1418.2
1363190 1422.8
1363200 1428.2
1363210 1428.2
1363220 1431.6
1363230 1434.4
1363240 1434.4
1363250 1437.6
1363260 1440.9
1363270 1440.9
1363280 1444.8
1363290 1448.8
1363300 1448.8
1363310 1453.6
1363320 1458.1
1363330 1458.1
1363340 1462.0
1363350 1465.4
1363360 1465.4
1363370 1468.6
1363380 1472.2
1363390 1472.2
1363400 1475.6
1363410 1480.0
1363420 1480.0
1363430 1485.8
1363440 1490.8
1363450 1495.1
1363460 1495.1
1363470 1498.9
1363480 1502.5
1363490 1502.5
1363500 1506.2
1363510 1509.3
1363520 1509.3
1363530 1512.8
1363540 1516.8
1363550 1516.8
1363560 1521.3
1363570 1526.3
1363580 1526.3
1363590 1531.0
1363600 1535.2
1363610 1535.2
1363620 1535.2
1363630 1533.6
1363640 1533.6
1363650 1537.7
1363660 1541.1
1363670 1541.1
1363680 1542.0
1363690 1546.6
1363700 1546.6
1363710 1551.8
1363720 1552.9
1363730 1552.9
1363740 1555.9
1363750 1560.3
1363760 1563.5
1363770 1563.5
1363780 1567.5
1363790 1571.0
1363800 1571.0
1363810 1575.2
1363820 1579.4
1363830 1579.4
1363840 1583.2
1363850 1587.1
1363860 1587.1
1363870 1591.6
1363880 1596.4
1363890 1596.4
1363900 1600.2
1363910 1603.9
1363920 1603.9
1363930 1607.1
1363940 1609.9
1363950 1609.9
1363960 1612.9
1363970 1617.0
1363980 1617.0
1363990 1619.5
1364000 1620.8
1364010 1620.8
1364020 1623.4
1364030 1625.4
1364040 1629.1
1364050 1629.1
1364060 1634.2
1364070 1638.4
1364080 1638.4
1364090 1640.1
1364100 1641.5
1364110 1641.5
1364120 1644.8
1364130 1646.4
1364140 1646.4
1364150 1645.6
1364160 1646.8
1364170 1646.8
1364180 1648.0
1364190 1649.1
1364200 1649.1
1364210 1652.3
1364220 1660.2
1364230 1660.2
1364240 1666.7
1364250 1672.6
1364260 1672.6
1364270 1678.4
1364280 1685.0
1364290 1685.0
1364300 1691.2
1364310 1696.7
1364320 1701.9
1364330 1701.9
1364340 1707.3
1364350 1712.3
1364360 1712.3
1364370 1717.5
1364380 1724.5
1364390 1724.5
1364400 1737.1
1364410 1747.7
1364420 1747.7
1364430 1753.2
1364440 1755.8
1364450 1755.8
1364460 1757.9
1364470 1761.3
1364480 1761.3
1364490 1767.2
1364500 1774.7
1364510 1774.7
1364520 1778.3
1364530 1779.3
1364540 1779.3
1364550 1780.3
1364560 1782.0
1364570 1782.0
1364580 1785.2
1364590 1789.1
1364600 1789.1
1364610 1793.5
1364620 1798.9
1364630 1805.1
1364640 1805.1
1364650 1812.3
1364660 1819.7
1364670 1819.7
1364680 1827.5
1364690 1834.8
1364700 1834.8
1364710 1842.0
1364720 1850.4
1364730 1850.4
1364740 1859.1
1364750 1864.4
1364760 1864.4
1364770 1866.8
1364780 1868.0
1364790 1868.0
1364800 1869.6
1364810 1872.0
1364820 1872.0
1364830 1873.2
1364840 1874.6
1364850 1874.6
1364860 1876.0
1364870 1874.9
1364880 1874.9
1364890 1876.3
1364900 1875.8
1364910 1872.0
1364920 1872.0
1364930 1869.8
1364940 1873.8
1364950 1873.8
1364960 1878.5
1364970 1883.9
1364980 1883.9
1364990 1889.9
1365000 1897.2
1365010 1897.2
1365020 1904.3
1365030 1910.0
1365040 1910.0
1365050 1912.4
1365060 1914.0
1365070 1914.0
1365080 1917.3
1365090 1917.3
1365100 1917.3
1365110 1915.4
1365120 1912.9
1365130 1912.9
1365140 1912.1
1365150 1914.0
1365160 1914.0
1365170 1915.7
1365180 1917.8
1365190 1919.2
1365200 1919.2
1365210 1919.3
1365220 1919.2
1365230 1919.2
1365240 1919.6
1365250 1919.8
1365260 1919.8
1365270 1919.3
1365280 1920.1
1365290 1920.1
1365300 1922.9
1365310 1926.9
1365320 1926.9
1365330 1930.5
1365340 1934.2
1365350 1934.2
1365360 1938.3
1365370 1942.0
1365380 1942.0
1365390 1945.5
1365400 1949.4
1365410 1949.4
1365420 1952.6
1365430 1950.7
1365440 1950.7
1365450 1940.6
1365460 1929.6
1365470 1919.3
1365480 1919.3
1365490 1910.7
1365500 1903.4
1365510 1903.4
1365520 1896.4
1365530 1888.8
1365540 1888.8
1365550 1882.0
1365560 1875.5
1365570 1875.5
1365580 1869.4
1365590 1863.4
1365600 1863.4
1365610 1857.7
1365620 1851.8
1365630 1851.8
1365640 1845.4
1365650 1840.0
1365660 1840.0
1365670 1836.1
1365680 1831.6
1365690 1831.6
1365700 1827.1
1365710 1822.5
1365720 1822.5
1365730 1818.3
1365740 1814.3
1365750 1814.3
1365760 1810.7
1365770 1807.8
1365780 1805.3
1365790 1805.3
1365800 1803.4
1365810 1801.9
1365820 1801.9
1365830 1800.7
1365840 1799.9
1365850 1799.9
1365860 1799.2
1365870 1799.0
1365880 1799.0
1365890 1798.9
1365900 1798.8
1365910 1798.8
1365920 1799.4
1365930 1800.5
1365940 1800.5
1365950 1800.7
1365960 1799.0
1365970 1799.0
1365980 1793.6
1365990 1787.5
1366000 1787.5
1366010 1781.4
1366020 1775.3
1366030 1775.3
1366040 1769.3
1366050 1763.2
1366060 1757.6
1366070 1757.6
1366080 1752.3
1366090 1747.1
1366100 1747.1
1366110 1742.8
1366120 1738.8
1366130 1738.8
1366140 1735.1
1366150 1731.9
1366160 1731.9
1366170 1728.8
1366180 1725.6
1366190 1725.6
1366200 1723.1
1366210 1720.9
1366220 1720.9
1366230 1717.9
1366240 1714.5
1366250 1714.5
1366260 1710.1
1366270 1706.8
1366280 1706.8
1366290 1709.6
1366300 1711.7
1366310 1711.7
1366320 1714.9
1366330 1717.8
1366340 1721.7
1366350 1721.7
1366360 1725.4
1366370 1727.1
1366380 1723.6
1366390 1725.1
1366400 1727.3
1366410 1727.3
1366420 1728.9
1366430 1732.2
1366440 1732.2
1366450 1736.8
1366460 1741.5
1366470 1741.5
1366480 1746.4
1366490 1751.3
1366500 1751.3
1366510 1755.2
1366520 1757.8
1366530 1757.8
1366540 1760.4
1366550 1763.5
1366560 1763.5
1366570 1765.7
1366580 1767.3
1366590 1767.3
1366600 1768.7
1366610 1770.5
1366620 1770.5
1366630 1771.7
1366640 1771.9
1366650 1771.6
1366660 1771.6
1366670 1771.1
1366680 1770.6
1366690 1770.6
1366700 1769.3
1366710 1768.2
1366720 1768.2
1366730 1766.0
1366740 1762.0
1366750 1762.0
1366760 1757.3
1366770 1753.8
1366780 1753.8
1366790 1750.2
1366800 1745.3
1366810 1745.3
1366820 1741.1
1366830 1736.0
1366840 1736.0
1366850 1732.2
1366860 1729.5
1366870 1729.5
1366880 1726.3
1366890 1722.9
1366900 1722.9
1366910 1718.0
1366920 1712.0
1366930 1705.9
1366940 1705.9
1366950 1701.3
1366960 1695.8
1366970 1695.8
1366980 1690.3
1366990 1689.3
1367000 1689.3
1367010 1689.8
1367020 1688.5
1367030 1688.5
1367040 1687.7
1367050 1689.0
1367060 1689.0
1367070 1689.4
1367080 1687.6
1367090 1687.6
1367100 1685.3
1367110 1683.0
1367120 1683.0
1367130 1681.1
1367140 1680.5
1367150 1680.5
1367160 1678.4
1367170 1673.8
1367180 1673.8
1367190 1670.6
1367200 1669.2
1367210 1666.7
1367220 1666.7
1367230 1663.0
1367240 1659.0
1367250 1659.0
1367260 1655.2
1367270 1651.6
1367280 1651.6
1367290 1648.3
1367300 1645.7
1367310 1645.7
1367320 1644.5
1367330 1642.4
1367340 1642.4
1367350 1640.0
1367360 1637.5
1367370 1637.5
1367380 1634.9
1367390 1631.9
1367400 1631.9
1367410 1626.5
1367420 1622.7
1367430 1622.7
1367440 1620.1
1367450 1619.4
1367460 1619.4
1367470 1616.2
1367480 1614.6
1367490 1614.6
1367500 1609.7
1367510 1605.6
1367520 1603.1
1367530 1603.1
1367540 1600.5
1367550 1596.6
1367560 1596.6
1367570 1592.3
1367580 1588.7
1367590 1588.7
1367600 1585.8
1367610 1583.0
1367620 1583.0
1367630 1579.8
1367640 1575.5
1367650 1575.5
1367660 1571.4
1367670 1566.8
1367680 1566.8
1367690 1563.0
1367700 1560.1
1367710 1560.1
1367720 1555.6
1367730 1550.4
1367740 1550.4
1367750 1544.6
1367760 1539.0
1367770 1539.0
1367780 1533.9
1367790 1529.8
1367800 1525.1
1367810 1525.1
1367820 1519.8
1367830 1516.0
1367840 1516.0
1367850 1512.8
1367860 1508.1
1367870 1508.1
1367880 1502.1
1367890 1494.4
1367900 1494.4
1367910 1485.2
1367920 1475.0
1367930 1475.0
1367940 1463.4
1367950 1455.3
1367960 1455.3
1367970 1436.9
1367980 1425.5
1367990 1425.5
1368000 1419.4
1368010 1414.2
1368020 1414.2
1368030 1409.5
1368040 1402.6
1368050 1402.6
1368060 1395.7
1368070 1388.4
1368080 1381.1
1368090 1381.1
1368100 1376.7
1368110 1374.9
1368120 1374.9
1368130 1373.7
1368140 1369.0
1368150 1369.0
1368160 1363.4
1368170 1357.5
1368180 1357.5
1368190 1354.0
1368200 1350.4
1368210 1350.4
1368220 1344.0
1368230 1335.5
1368240 1335.5
1368250 1326.8
1368260 1318.7
1368270 1318.7
1368280 1312.5
1368290 1307.4
1368300 1307.4
1368310 1303.4
1368320 1300.1
1368330 1300.1
1368340 1295.6
1368350 1289.1
1368360 1289.1
1368370 1284.0
1368380 1280.9
1368390 1279.3
1368400 1279.3
1368410 1277.8
1368420 1275.7
1368430 1275.7
1368440 1271.5
1368450 1266.7
1368460 1266.7
1368470 1263.8
1368480 1260.2
1368490 1260.2
1368500 1254.8
1368510 1247.7
1368520 1247.7
1368530 1241.5
1368540 1236.8
1368550 1236.8
1368560 1229.2
1368570 1226.0
1368580 1226.0
1368590 1223.3
1368600 1220.8
1368610 1220.8
1368620 1217.4
1368630 1214.9
1368640 1214.9
1368650 1214.9
1368660 1212.3
1368670 1209.7
1368680 1209.7
1368690 1207.9
1368700 1207.4
1368710 1207.4
1368720 1209.2
1368730 1206.2
1368740 1206.2
1368750 1198.2
1368760 1189.2
1368770 1189.2
1368780 1180.7
1368790 1173.2
1368800 1173.2
1368810 1166.2
1368820 1159.8
1368830 1159.8
1368840 1153.4
1368850 1146.4
1368860 1146.4
1368870 1139.1
1368880 1132.0
1368890 1132.0
1368900 1125.8
1368910 1121.1
1368920 1121.1
1368930 1116.5
1368940 1113.1
1368950 1109.7
1368960 1109.7
1368970 1106.2
1368980 1102.5
1368990 1102.5
1369000 1098.7
1369010 1094.2
1369020 1094.2
1369030 1088.9
1369040 1082.9
1369050 1082.9
1369060 1079.1
1369070 1075.5
1369080 1075.5
1369090 1071.3
1369100 1067.2
1369110 1067.2
1369120 1062.1
1369130 1058.2
1369140 1058.2
1369150 1055.7
1369160 1053.4
1369170 1053.4
1369180 1051.5
1369190 1050.5
1369200 1050.5
1369210 1050.4
1369220 1048.4
1369230 1048.4
1369240 1044.5
1369250 1039.7
1369260 1036.8
1369270 1036.8
1369280 1036.2
1369290 1035.0
1369300 1035.0
1369310 1033.6
1369320 1031.5
1369330 1031.5
1369340 1029.6
1369350 1028.0
1369360 1028.0
1369370 1026.2
1369380 1024.7
1369390 1024.7
1369400 1023.5
1369410 1022.5
1369420 1022.5
1369430 1021.8
1369440 1021.6
1369450 1021.6
1369460 1021.0
1369470 1019.9
1369480 1019.9
1369490 1020.2
1369500 1021.1
1369510 1021.1
1369520 1021.8
1369530 1023.2
1369540 1025.6
1369550 1025.6
1369560 1029.1
1369570 1031.9
1369580 1031.9
1369590 1035.8
1369600 1039.2
1369610 1039.2
1369620 1043.0
1369630 1046.8
1369640 1046.8
1369650 1047.0
1369660 1047.5
1369670 1050.7
1369680 1053.1
1369690 1058.7
1369700 1058.7
1369710 1065.4
1369720 1073.5
1369730 1073.5
1369740 1081.6
1369750 1087.9
1369760 1087.9
1369770 1090.7
1369780 1090.7
1369790 1090.7
1369800 1090.2
1369810 1090.6
1369820 1091.7
1369830 1091.7
1369840 1093.3
1369850 1095.3
1369860 1095.3
1369870 1097.5
1369880 1099.8
1369890 1099.8
1369900 1102.0
1369910 1103.7
1369920 1103.7
1369930 1105.4
1369940 1107.4
1369950 1107.4
1369960 1109.6
1369970 1111.3
1369980 1111.3
1369990 1112.6
1370000 1113.9
1370010 1113.9
1370020 1116.4
1370030 1119.6
1370040 1119.6
1370050 1122.9
1370060 1126.2
1370070 1126.2
1370080 1128.7
1370090 1131.1
1370100 1131.1
1370110 1133.5
1370120 1136.2
1370130 1138.2
1370140 1138.2
1370150 1140.0
1370160 1140.3
1370170 1140.3
1370180 1138.7
1370190 1135.6
1370200 1135.6
1370210 1132.4
1370220 1129.8
1370230 1129.8
1370240 1128.5
1370250 1126.5
1370260 1126.5
1370270 1123.8
1370280 1120.7
1370290 1120.7
1370300 1117.0
1370310 1113.0
1370320 1113.0
1370330 1108.3
1370340 1103.1
1370350 1103.1
1370360 1098.8
1370370 1095.6
1370380 1095.6
1370390 1092.5
1370400 1090.1
1370410 1088.0
1370420 1088.0
1370430 1086.3
1370440 1084.5
1370450 1084.5
1370460 1081.9
1370470 1077.6
1370480 1077.6
1370490 1072.9
1370500 1070.5
1370510 1070.5
1370520 1069.2
1370530 1065.3
1370540 1065.3
1370550 1060.8
1370560 1057.6
1370570 1057.6
1370580 1054.0
1370590 1050.9
1370600 1050.9
1370610 1048.7
1370620 1048.0
1370630 1048.0
1370640 1048.3
1370650 1049.0
1370660 1049.0
1370670 1049.7
1370680 1050.1
1370690 1050.6
1370700 1050.6
1370710 1051.1
1370720 1051.6
1370730 1051.6
1370740 1052.0
1370750 1052.3
1370760 1052.3
1370770 1052.8
1370780 1054.3
1370790 1054.3
1370800 1054.9
1370810 1055.5
1370820 1055.5
1370830 1055.4
1370840 1053.4
1370850 1053.4
1370860 1054.1
1370870 1060.7
1370880 1060.7
1370890 1066.9
1370900 1072.8
1370910 1072.8
1370920 1078.0
1370930 1082.5
1370940 1082.5
1370950 1086.9
1370960 1090.8
1370970 1090.8
1370980 1094.2
1370990 1096.7
1371000 1099.4
1371010 1099.4
1371020 1103.0
1371030 1107.2
1371040 1107.2
1371050 1111.2
1371060 1113.9
1371070 1113.9
1371080 1116.9
1371090 1121.5
1371100 1121.5
1371110 1125.5
1371120 1129.8
1371130 1129.8
1371140 1134.4
1371150 1138.3
1371160 1138.3
1371170 1142.2
1371180 1144.8
1371190 1144.8
1371200 1142.3
1371210 1139.4
1371220 1139.4
1371230 1140.5
1371240 1144.4
1371250 1144.4
1371260 1152.3
1371270 1157.0
1371280 1162.0
1371290 1162.0
1371300 1166.8
1371310 1173.1
1371320 1173.1
1371330 1178.4
1371340 1181.3
1371350 1181.3
1371360 1182.1
1371370 1186.6
1371380 1186.6
1371390 1193.2
1371400 1198.9
1371410 1198.9
1371420 1204.7
1371430 1211.4
1371440 1211.4
1371450 1216.6
1371460 1220.4
1371470 1220.4
1371480 1224.3
1371490 1228.3
1371500 1228.3
1371510 1233.0
1371520 1237.6
1371530 1237.6
1371540 1242.0
1371550 1246.7
1371560 1251.1
1371570 1251.1
1371580 1255.0
1371590 1258.3
1371600 1258.3
1371610 1261.2
1371620 1263.6
1371630 1263.6
1371640 1267.1
1371650 1272.6
1371660 1272.6
1371670 1278.1
1371680 1282.4
1371690 1282.4
1371700 1287.7
1371710 1292.2
1371720 1292.2
1371730 1294.8
1371740 1297.7
1371750 1297.7
1371760 1302.0
1371770 1307.7
1371780 1307.7
1371790 1313.4
1371800 1321.4
1371810 1321.4
1371820 1329.3
1371830 1336.5
1371840 1336.5
1371850 1344.0
1371860 1349.0
1371870 1351.4
1371880 1351.4
1371890 1355.6
1371900 1360.3
1371910 1359.0
1371920 1362.0
1371930 1365.7
1371940 1365.7
1371950 1371.3
1371960 1376.0
1371970 1376.0
1371980 1378.3
1371990 1381.7
1372000 1381.7
1372010 1385.6
1372020 1389.3
1372030 1389.3
1372040 1393.2
1372050 1397.3
1372060 1397.3
1372070 1401.5
1372080 1406.3
1372090 1406.3
1372100 1411.3
1372110 1416.8
1372120 1416.8
1372130 1422.5
1372140 1428.2
1372150 1433.1
1372160 1433.1
1372170 1437.8
1372180 1442.4
1372190 1442.4
1372200 1445.9
1372210 1450.0
1372220 1450.0
1372230 1453.5
1372240 1456.7
1372250 1456.7
1372260 1460.4
1372270 1465.1
1372280 1465.1
1372290 1470.5
1372300 1475.2
1372310 1475.2
1372320 1479.4
1372330 1484.3
1372340 1484.3
1372350 1489.5
1372360 1494.8
1372370 1494.8
1372380 1500.3
1372390 1505.9
1372400 1505.9
1372410 1511.9
1372420 1516.4
1372430 1521.3
1372440 1521.3
1372450 1525.8
1372460 1531.1
1372470 1531.1
1372480 1536.8
1372490 1542.4
1372500 1542.4
1372510 1547.6
1372520 1551.5
1372530 1551.5
1372540 1552.2
1372550 1554.0
1372560 1554.0
1372570 1563.4
1372580 1570.2
1372590 1570.2
1372600 1575.2
1372610 1578.7
1372620 1578.7
1372630 1581.9
1372640 1584.3
1372650 1584.3
1372660 1585.2
1372670 1585.7
1372680 1585.7
1372690 1591.6
1372700 1597.8
1372710 1597.8
1372720 1602.3
1372730 1606.6
1372740 1612.0
1372750 1612.0
1372760 1617.6
1372770 1622.4
1372780 1622.4
1372790 1627.3
1372800 1634.6
1372810 1634.6
1372820 1641.4
1372830 1647.5
1372840 1647.5
1372850 1652.4
1372860 1657.3
1372870 1657.3
1372880 1661.8
1372890 1666.0
1372900 1666.0
1372910 1670.5
1372920 1675.7
1372930 1675.7
1372940 1681.3
1372950 1687.6
1372960 1687.6
1372970 1693.7
1372980 1700.1
1372990 1700.1
1373000 1706.8
1373010 1713.4
1373020 1719.5
1373030 1719.5
1373040 1721.6
1373050 1727.6
1373060 1727.6
1373070 1733.3
1373080 1739.1
1373090 1739.1
1373100 1742.9
1373110 1745.7
1373120 1745.7
1373130 1750.7
1373140 1757.4
1373150 1757.4
1373160 1765.4
1373170 1772.6
1373180 1772.6
1373190 1779.3
1373200 1786.0
1373210 1786.0
1373220 1792.9
1373230 1799.8
1373240 1799.8
1373250 1806.3
1373260 1812.4
1373270 1812.4
1373280 1817.8
1373290 1823.0
1373300 1823.5
1373310 1823.5
1373320 1824.8
1373330 1827.5
1373340 1827.5
1373350 1830.1
1373360 1832.0
1373370 1832.0
1373380 1832.8
1373390 1832.8
1373400 1832.8
1373410 1832.3
1373420 1830.9
1373430 1830.9
1373440 1827.9
1373450 1824.8
1373460 1824.8
1373470 1819.7
1373480 1817.4
1373490 1817.4
1373500 1817.7
1373510 1818.3
1373520 1818.3
1373530 1817.2
1373540 1815.9
1373550 1815.9
1373560 1816.7
1373570 1816.1
1373580 1816.1
1373590 1816.5
1373600 1817.3
1373610 1817.7
1373620 1817.7
1373630 1819.0
1373640 1819.6
1373650 1819.6
1373660 1819.2
1373670 1818.5
1373680 1818.5
1373690 1819.0
1373700 1819.6
1373710 1819.6
1373720 1820.0
1373730 1820.9
1373740 1820.9
1373750 1822.6
1373760 1824.4
1373770 1824.4
1373780 1825.7
1373790 1826.5
1373800 1826.5
1373810 1827.5
1373820 1828.0
1373830 1828.0
1373840 1827.8
1373850 1827.7
1373860 1827.7
1373870 1827.8
1373880 1827.9
1373890 1828.9
1373900 1828.9
1373910 1828.6
1373920 1828.0
1373930 1828.0
1373940 1828.5
1373950 1829.0
1373960 1829.0
1373970 1830.3
1373980 1834.3
1373990 1834.3
1374000 1839.6
1374010 1844.3
1374020 1844.3
1374030 1845.5
1374040 1844.0
1374050 1844.0
1374060 1842.1
1374070 1840.9
1374080 1840.9
1374090 1837.1
1374100 1833.1
1374110 1833.1
1374120 1829.2
1374130 1824.8
1374140 1824.8
1374150 1818.7
1374160 1812.8
1374170 1806.7
1374180 1806.7
1374190 1800.4
1374200 1797.2
1374210 1797.2
1374220 1795.0
1374230 1792.3
1374240 1792.3
1374250 1788.5
1374260 1784.1
1374270 1784.1
1374280 1779.9
1374290 1776.4
1374300 1776.4
1374310 1773.5
1374320 1770.4
1374330 1770.4
1374340 1767.1
1374350 1763.7
1374360 1763.7
1374370 1760.5
1374380 1757.3
1374390 1757.3
1374400 1754.4
1374410 1751.6
1374420 1751.6
1374430 1749.5
1374440 1747.6
1374450 1747.6
1374460 1745.9
1374470 1744.2
1374480 1742.7
1374490 1742.7
1374500 1741.3
1374510 1740.3
1374520 1740.3
1374530 1738.7
1374540 1737.2
1374550 1737.2
1374560 1735.3
1374570 1733.0
1374580 1733.0
1374590 1730.8
1374600 1728.5
1374610 1728.5
1374620 1726.1
1374630 1723.2
1374640 1723.2
1374650 1720.9
1374660 1718.5
1374670 1718.5
1374680 1716.3
1374690 1714.4
1374700 1714.4
1374710 1712.9
1374720 1711.5
1374730 1711.5
1374740 1710.3
1374750 1709.3
1374760 1708.4
1374770 1708.4
1374780 1706.9
1374790 1705.7
1374800 1705.7
1374810 1704.3
1374820 1703.3
1374830 1703.3
1374840 1701.9
1374850 1700.6
1374860 1700.6
1374870 1699.1
1374880 1697.3
1374890 1697.3
1374900 1695.0
1374910 1692.7
1374920 1692.7
1374930 1690.9
1374940 1689.0
1374950 1689.0
1374960 1687.5
1374970 1686.5
1374980 1686.5
1374990 1684.9
1375000 1682.4
1375010 1682.4
1375020 1679.0
1375030 1675.4
1375040 1672.5
1375050 1672.5
1375060 1669.8
1375070 1667.9
1375080 1667.9
1375090 1665.9
1375100 1664.1
1375110 1664.1
1375120 1662.2
1375130 1660.9
1375140 1660.9
1375150 1659.9
1375160 1657.9
1375170 1657.9
1375180 1655.9
1375190 1653.1
1375200 1653.1
1375210 1650.7
1375220 1648.5
1375230 1648.5
1375240 1646.6
1375250 1644.8
1375260 1644.8
1375270 1642.1
1375280 1640.0
1375290 1640.0
1375300 1639.0
1375310 1636.6
1375320 1636.6
1375330 1634.7
1375340 1634.3
1375350 1635.5
1375360 1635.5
1375370 1634.9
1375380 1634.5
1375390 1634.5
1375400 1634.8
1375410 1635.4
1375420 1635.4
1375430 1636.6
1375440 1638.0
1375450 1638.0
1375460 1638.4
1375470 1639.8
1375480 1639.8
1375490 1641.7
1375500 1643.1
1375510 1643.1
1375520 1644.4
1375530 1646.2
1375540 1646.2
1375550 1648.1
1375560 1651.5
1375570 1651.5
1375580 1655.5
1375590 1657.7
1375600 1657.7
1375610 1656.3
1375620 1654.0
1375630 1648.7
1375640 1648.7
1375650 1643.5
1375660 1638.3
1375670 1638.3
1375680 1632.1
1375690 1627.0
1375700 1627.0
1375710 1624.0
1375720 1620.0
1375730 1620.0
1375740 1614.8
1375750 1609.0
1375760 1609.0
1375770 1602.8
1375780 1597.6
1375790 1597.6
1375800 1595.0
1375810 1593.8
1375820 1593.8
1375830 1592.8
1375840 1592.0
1375850 1592.0
1375860 1591.2
1375870 1590.6
1375880 1590.6
1375890 1589.8
1375900 1588.1
1375910 1586.6
1375920 1586.6
1375930 1583.4
1375940 1579.1
1375950 1579.1
1375960 1576.5
1375970 1572.7
1375980 1572.7
1375990 1569.5
1376000 1567.4
1376010 1567.4
1376020 1565.0
1376030 1560.9
1376040 1560.9
1376050 1555.9
1376060 1551.8
1376070 1551.8
1376080 1546.6
1376090 1542.8
1376100 1542.8
1376110 1538.5
1376120 1534.2
1376130 1534.2
1376140 1530.3
1376150 1524.9
1376160 1524.9
1376170 1518.9
1376180 1514.0
1376190 1514.0
1376200 1509.2
1376210 1504.4
1376220 1500.5
1376230 1500.5
1376240 1496.4
1376250 1492.0
1376260 1492.0
1376270 1487.1
1376280 1483.8
1376290 1483.8
1376300 1478.9
1376310 1473.7
1376320 1473.7
1376330 1468.1
1376340 1462.5
1376350 1462.5
1376360 1456.8
1376370 1449.9
1376380 1449.9
1376390 1442.8
1376400 1437.0
1376410 1437.0
1376420 1431.7
1376430 1425.8
1376440 1425.8
1376450 1419.3
1376460 1413.6
1376470 1413.6
1376480 1406.9
1376490 1399.1
1376500 1392.3
1376510 1392.3
1376520 1386.5
1376530 1380.2
1376540 1380.2
1376550 1375.1
1376560 1370.4
1376570 1370.4
1376580 1365.6
1376590 1362.4
1376600 1362.4
1376610 1359.7
1376620 1358.2
1376630 1358.2
1376640 1357.1
1376650 1353.6
1376660 1353.6
1376670 1350.7
1376680 1350.5
1376690 1350.5
1376700 1349.5
1376710 1345.5
1376720 1345.5
1376730 1341.0
1376740 1338.7
1376750 1338.7
1376760 1336.2
1376770 1332.5
1376780 1328.8
1376790 1328.8
1376800 1324.8
1376810 1319.5
1376820 1319.5
1376830 1312.8
1376840 1307.5
1376850 1307.5
1376860 1304.5
1376870 1302.4
1376880 1302.4
1376890 1300.7
1376900 1298.5
1376910 1298.5
1376920 1296.3
1376930 1294.0
1376940 1294.0
1376950 1290.6
1376960 1284.2
1376970 1284.2
1376980 1277.3
1376990 1272.7
1377000 1272.7
1377010 1269.3
1377020 1266.4
1377030 1266.4
1377040 1263.4
1377050 1258.9
1377060 1253.6
1377070 1253.6
1377080 1249.0
1377090 1242.8
1377100 1242.8
1377110 1234.1
1377120 1226.3
1377130 1226.3
1377140 1220.8
1377150 1215.8
1377160 1215.8
1377170 1214.7
1377180 1210.4
1377190 1210.4
1377200 1205.7
1377210 1203.1
1377220 1203.1
1377230 1197.2
1377240 1190.1
1377250 1190.1
1377260 1181.2
1377270 1173.6
1377280 1173.6
1377290 1171.8
1377300 1173.3
1377310 1173.3
1377320 1174.5
1377330 1175.4
1377340 1175.4
1377350 1178.2
1377360 1179.9
1377370 1180.5
1377380 1180.5
1377390 1181.2
1377400 1184.4
1377410 1184.4
1377420 1190.3
1377430 1198.0
1377440 1198.0
1377450 1203.8
1377460 1206.6
1377470 1206.6
1377480 1208.1
1377490 1209.6
1377500 1209.6
1377510 1215.0
1377520 1222.2
1377530 1222.2
1377540 1230.3
1377550 1238.4
1377560 1238.4
1377570 1246.2
1377580 1254.2
1377590 1254.2
1377600 1262.1
1377610 1269.8
1377620 1269.8
1377630 1275.5
1377640 1280.5
1377650 1285.5
1377660 1285.5
1377670 1290.8
1377680 1296.1
1377690 1296.1
1377700 1301.2
1377710 1306.2
1377720 1312.1
1377730 1317.0
1377740 1320.7
1377750 1320.7
1377760 1323.8
1377770 1324.7
1377780 1324.7
1377790 1321.6
1377800 1316.9
1377810 1316.9
1377820 1311.1
1377830 1303.6
1377840 1303.6
1377850 1300.9
1377860 1298.7
1377870 1298.7
1377880 1295.5
1377890 1289.0
1377900 1289.0
1377910 1280.2
1377920 1279.6
1377930 1288.1
1377940 1288.1
1377950 1297.6
1377960 1308.6
1377970 1308.6
1377980 1318.0
1377990 1327.1
1378000 1327.1
1378010 1339.2
1378020 1352.0
1378030 1352.0
1378040 1361.0
1378050 1369.4
1378060 1369.4
1378070 1377.2
1378080 1384.8
1378090 1384.8
1378100 1391.5
1378110 1397.8
1378120 1397.8
1378130 1405.0
1378140 1412.4
1378150 1412.4
1378160 1419.6
1378170 1426.3
1378180 1426.3
1378190 1432.9
1378200 1438.4
1378210 1438.4
1378220 1442.3
1378230 1449.6
1378240 1457.0
1378250 1457.0
1378260 1463.9
1378270 1470.8
1378280 1470.8
1378290 1477.3
1378300 1483.9
1378310 1483.9
1378320 1490.5
1378330 1496.7
1378340 1496.7
1378350 1502.7
1378360 1509.3
1378370 1509.3
1378380 1516.0
1378390 1523.3
1378400 1523.3
1378410 1530.7
1378420 1538.0
1378430 1538.0
1378440 1545.3
1378450 1552.5
1378460 1552.5
1378470 1559.7
1378480 1566.5
1378490 1566.5
1378500 1571.4
1378510 1574.1
1378520 1575.3
1378530 1575.3
1378540 1575.3
1378550 1573.3
1378560 1573.3
1378570 1569.2
1378580 1566.1
1378590 1566.1
1378600 1563.6
1378610 1563.1
1378620 1563.1
1378630 1563.5
1378640 1563.2
1378650 1563.2
1378660 1561.9
1378670 1559.6
1378680 1559.6
1378690 1564.3
1378700 1568.2
1378710 1568.2
1378720 1570.7
1378730 1571.3
1378740 1571.3
1378750 1568.5
1378760 1564.2
1378770 1564.2
1378780 1559.7
1378790 1554.7
1378800 1549.7
1378810 1549.7
1378820 1544.7
1378830 1539.0
1378840 1539.0
1378850 1532.7
1378860 1536.5
1378870 1536.5
1378880 1537.4
1378890 1539.1
1378900 1539.1
1378910 1544.4
1378920 1555.3
1378930 1555.3
1378940 1557.4
1378950 1558.1
1378960 1558.1
1378970 1557.8
1378980 1557.2
1378990 1557.2
1379000 1556.6
1379010 1555.3
1379020 1555.3
1379030 1553.0
1379040 1554.6
1379050 1554.6
1379060 1561.4
1379070 1567.0
1379080 1567.0
1379090 1570.9
1379100 1574.6
1379110 1578.5
1379120 1578.5
1379130 1583.0
1379140 1589.0
1379150 1589.0
1379160 1595.3
1379170 1601.0
1379180 1601.0
1379190 1606.9
1379200 1612.7
1379210 1612.7
1379220 1618.0
1379230 1622.9
1379240 1622.9
1379250 1627.5
1379260 1631.7
1379270 1631.7
1379280 1636.2
1379290 1640.4
1379300 1640.4
1379310 1643.7
1379320 1643.7
1379330 1643.7
1379340 1644.3
1379350 1643.9
1379360 1643.9
1379370 1643.2
1379380 1643.5
1379390 1642.1
1379400 1642.1
1379410 1640.9
1379420 1639.6
1379430 1639.6
1379440 1637.8
1379450 1635.4
1379460 1635.4
1379470 1633.0
1379480 1628.7
1379490 1628.7
1379500 1623.2
1379510 1618.1
1379520 1618.1
1379530 1614.0
1379540 1610.3
1379550 1610.3
1379560 1606.2
1379570 1602.3
1379580 1602.3
1379590 1599.2
1379600 1595.1
1379610 1595.1
1379620 1589.4
1379630 1582.5
1379640 1582.5
1379650 1576.9
1379660 1572.8
1379670 1569.4
1379680 1569.4
1379690 1566.4
1379700 1563.4
1379710 1563.4
1379720 1560.2
1379730 1557.2
1379740 1557.2
1379750 1555.3
1379760 1554.2
1379770 1554.2
1379780 1552.7
1379790 1549.7
1379800 1549.7
1379810 1545.8
1379820 1541.8
1379830 1541.8
1379840 1537.8
1379850 1533.9
1379860 1533.9
1379870 1528.8
1379880 1523.1
1379890 1523.1
1379900 1517.8
1379910 1513.1
1379920 1513.1
1379930 1510.6
1379940 1507.2
1379950 1507.2
1379960 1503.6
1379970 1500.8
1379980 1498.1
1379990 1498.1
