1360000 926.5
1360010 926.5
1360020 922.1
1360030 917.7
1360040 917.7
1360050 913.9
1360060 909.9
1360070 909.9
1360080 906.2
1360090 902.7
1360100 902.7
1360110 899.1
1360120 895.7
1360130 892.5
1360140 892.5
1360150 889.5
1360160 886.8
1360170 886.8
1360180 884.4
1360190 882.3
1360200 882.3
1360210 880.3
1360220 878.7
1360230 878.7
1360240 877.5
1360250 875.9
1360260 875.9
1360270 872.5
1360280 867.0
1360290 867.0
1360300 862.3
1360310 857.8
1360320 857.8
1360330 854.6
1360340 852.7
1360350 852.7
1360360 851.2
1360370 850.6
1360380 850.6
1360390 850.3
1360400 850.2
1360410 850.0
1360420 850.0
1360430 850.2
1360440 850.0
1360450 850.0
1360460 848.5
1360470 847.3
1360480 847.3
1360490 849.0
1360500 849.5
1360510 849.5
1360520 849.8
1360530 850.1
1360540 850.1
1360550 850.4
1360560 850.9
1360570 850.9
1360580 851.7
1360590 852.2
1360600 852.2
1360610 852.3
1360620 852.8
1360630 852.8
1360640 854.1
1360650 856.1
1360660 856.1
1360670 858.9
1360680 862.9
1360690 867.7
1360700 867.7
1360710 873.2
1360720 880.2
1360730 880.2
1360740 887.1
1360750 891.5
1360760 891.5
1360770 892.8
1360780 894.0
1360790 894.0
1360800 895.2
1360810 897.2
1360820 897.2
1360830 899.6
1360840 903.8
1360850 903.8
1360860 909.9
1360870 916.9
1360880 916.9
1360890 924.1
1360900 929.5
1360910 929.5
1360920 933.9
1360930 939.8
1360940 939.8
1360950 944.3
1360960 946.5
1360970 946.5
1360980 947.5
1360990 948.7
1361000 950.8
1361010 950.8
1361020 955.0
1361030 961.4
1361040 961.4
1361050 968.8
1361060 976.1
1361070 976.1
1361080 982.4
1361090 989.0
1361100 989.0
1361110 995.1
1361120 999.6
1361130 999.6
1361140 1004.1
1361150 1008.5
1361160 1008.5
1361170 1011.8
1361180 1015.0
1361190 1015.0
1361200 1018.9
1361210 1023.4
1361220 1023.4
1361230 1028.9
1361240 1034.2
1361250 1034.2
1361260 1039.3
1361270 1044.4
1361280 1050.9
1361290 1050.9
1361300 1054.4
1361310 1059.2
1361320 1059.2
1361330 1066.5
1361340 1073.5
1361350 1073.5
1361360 1078.5
1361370 1082.4
1361380 1082.4
1361390 1086.9
1361400 1090.8
1361410 1090.8
1361420 1093.7
1361430 1097.4
1361440 1097.4
1361450 1101.4
1361460 1104.9
1361470 1104.9
1361480 1107.2
1361490 1109.2
1361500 1109.2
1361510 1109.8
1361520 1109.0
1361530 1109.0
1361540 1114.3
1361550 1117.5
1361560 1120.9
1361570 1120.9
1361580 1122.8
1361590 1126.4
1361600 1126.4
1361610 1136.4
1361620 1137.8
1361630 1137.8
1361640 1140.5
1361650 1146.5
1361660 1146.5
1361670 1153.1
1361680 1159.1
1361690 1159.1
1361700 1164.5
1361710 1168.1
1361720 1168.1
1361730 1171.6
1361740 1174.7
1361750 1174.7
1361760 1177.7
1361770 1180.8
1361780 1180.8
1361790 1183.6
1361800 1186.3
1361810 1186.3
1361820 1189.4
1361830 1192.9
1361840 1192.9
1361850 1196.8
1361860 1200.3
1361870 1204.0
1361880 1204.0
1361890 1207.3
1361900 1208.9
1361910 1208.9
1361920 1210.8
1361930 1213.0
1361940 1213.0
1361950 1213.6
1361960 1215.7
1361970 1215.7
1361980 1218.2
1361990 1222.3
1362000 1222.3
1362010 1225.4
1362020 1227.2
1362030 1227.2
1362040 1227.2
1362050 1227.7
1362060 1227.7
1362070 1229.6
1362080 1232.1
1362090 1232.1
1362100 1237.0
1362110 1243.8
1362120 1243.8
1362130 1250.3
1362140 1256.6
1362150 1263.7
1362160 1263.7
1362170 1269.9
1362180 1274.9
1362190 1274.9
1362200 1281.2
1362210 1287.4
1362220 1287.4
1362230 1293.2
1362240 1299.0
1362250 1299.0
1362260 1303.4
1362270 1307.3
1362280 1307.3
1362290 1311.5
1362300 1315.6
1362310 1315.6
1362320 1321.6
1362330 1327.0
1362340 1327.0
1362350 1331.2
1362360 1334.6
1362370 1334.6
1362380 1339.7
1362390 1345.1
1362400 1345.1
1362410 1350.5
1362420 1355.6
1362430 1360.8
1362440 1360.8
1362450 1366.4
1362460 1371.4
1362470 1371.4
1362480 1375.9
1362490 1379.9
1362500 1379.9
1362510 1386.1
1362520 1392.5
1362530 1392.5
1362540 1397.8
1362550 1403.0
1362560 1403.0
1362570 1408.3
1362580 1414.1
1362590 1414.1
1362600 1420.3
1362610 1426.3
1362620 1426.3
1362630 1431.4
1362640 1434.6
1362650 1436.8
1362660 1439.6
1362670 1443.6
1362680 1443.6
1362690 1447.5
1362700 1450.3
1362710 1450.3
1362720 1451.4
1362730 1450.8
1362740 1446.7
1362750 1446.7
1362760 1440.5
1362770 1433.2
1362780 1433.2
1362790 1427.6
1362800 1423.0
1362810 1423.0
1362820 1419.6
1362830 1414.5
1362840 1414.5
1362850 1408.1
1362860 1402.9
1362870 1402.9
1362880 1398.3
1362890 1394.6
1362900 1394.6
1362910 1389.7
1362920 1383.6
1362930 1383.6
1362940 1377.6
1362950 1373.5
1362960 1373.5
1362970 1369.9
1362980 1367.8
1362990 1367.8
1363000 1365.7
1363010 1364.4
1363020 1368.5
1363030 1368.5
1363040 1373.2
1363050 1377.1
1363060 1377.1
1363070 1382.2
1363080 1388.4
1363090 1388.4
1363100 1393.7
1363110 1397.8
1363120 1397.8
1363130 1402.7
1363140 1407.6
1363150 1407.6
1363160 1413.3
1363170 1418.8
1363180 1418.8
1363190 1423.6
1363200 1428.1
1363210 1428.1
1363220 1432.0
1363230 1436.2
1363240 1436.2
1363250 1441.3
1363260 1446.8
1363270 1446.8
1363280 1451.7
1363290 1456.5
1363300 1461.6
1363310 1461.6
1363320 1467.0
1363330 1471.4
1363340 1471.4
1363350 1475.4
1363360 1480.3
1363370 1480.3
1363380 1484.8
1363390 1489.9
1363400 1489.9
1363410 1495.7
1363420 1501.8
1363430 1501.8
1363440 1507.6
1363450 1512.5
1363460 1512.5
1363470 1516.3
1363480 1519.3
1363490 1519.3
1363500 1521.4
1363510 1523.9
1363520 1523.9
1363530 1526.8
1363540 1529.7
1363550 1529.7
1363560 1532.2
1363570 1534.7
1363580 1534.7
1363590 1537.7
1363600 1541.4
1363610 1545.3
1363620 1545.3
1363630 1548.8
1363640 1552.5
1363650 1552.5
1363660 1556.6
1363670 1560.7
1363680 1560.7
1363690 1565.5
1363700 1569.6
1363710 1569.6
1363720 1574.3
1363730 1579.2
1363740 1579.2
1363750 1585.4
1363760 1591.6
1363770 1591.6
1363780 1596.8
1363790 1603.3
1363800 1603.3
1363810 1609.7
1363820 1615.5
1363830 1615.5
1363840 1621.1
1363850 1626.4
1363860 1626.4
1363870 1632.3
1363880 1639.0
1363890 1649.0
1363900 1649.0
1363910 1659.0
1363920 1665.6
1363930 1665.6
1363940 1669.4
1363950 1671.8
1363960 1671.8
1363970 1673.6
1363980 1675.7
1363990 1675.7
1364000 1676.2
1364010 1675.3
1364020 1675.3
1364030 1674.3
1364040 1673.7
1364050 1673.7
1364060 1674.5
1364070 1678.3
1364080 1678.3
1364090 1682.1
1364100 1684.6
1364110 1684.6
1364120 1685.7
1364130 1688.3
1364140 1688.3
1364150 1690.9
1364160 1693.7
1364170 1693.7
1364180 1696.0
1364190 1697.6
1364200 1699.6
1364210 1699.6
1364220 1702.9
1364230 1706.3
1364240 1706.3
1364250 1709.6
1364260 1711.9
1364270 1711.9
1364280 1714.0
1364290 1716.7
1364300 1716.7
1364310 1718.2
1364320 1716.7
1364330 1716.7
1364340 1714.9
1364350 1716.7
1364360 1716.7
1364370 1719.1
1364380 1721.5
1364390 1721.5
1364400 1723.4
1364410 1725.8
1364420 1725.8
1364430 1728.5
1364440 1731.8
1364450 1731.8
1364460 1736.5
1364470 1743.7
1364480 1750.1
1364490 1750.1
1364500 1754.7
1364510 1759.5
1364520 1759.5
1364530 1763.7
1364540 1768.6
1364550 1768.6
1364560 1773.7
1364570 1779.4
1364580 1779.4
1364590 1784.5
1364600 1789.3
1364610 1789.3
1364620 1795.6
1364630 1802.9
1364640 1802.9
1364650 1809.5
1364660 1814.5
1364670 1814.5
1364680 1818.0
1364690 1821.8
1364700 1821.8
1364710 1825.3
1364720 1828.9
1364730 1828.9
1364740 1831.9
1364750 1831.9
1364760 1839.2
1364770 1839.2
1364780 1837.1
1364790 1835.2
1364800 1835.2
1364810 1839.0
1364820 1842.7
1364830 1842.7
1364840 1844.8
1364850 1846.2
1364860 1846.2
1364870 1848.8
1364880 1851.5
1364890 1851.5
1364900 1854.2
1364910 1854.1
1364920 1854.1
1364930 1852.0
1364940 1849.7
1364950 1849.7
1364960 1847.7
1364970 1846.0
1364980 1846.0
1364990 1847.1
1365000 1848.8
1365010 1848.8
1365020 1850.1
1365030 1849.9
1365040 1849.9
1365050 1848.5
1365060 1847.4
1365070 1847.0
1365080 1847.0
1365090 1846.8
1365100 1848.6
1365110 1848.6
1365120 1850.7
1365130 1851.5
1365140 1851.5
1365150 1852.6
1365160 1853.2
1365170 1853.2
1365180 1855.3
1365190 1856.5
1365200 1856.5
1365210 1858.5
1365220 1862.9
1365230 1862.9
1365240 1868.1
1365250 1873.0
1365260 1873.0
1365270 1878.7
1365280 1885.0
1365290 1885.0
1365300 1892.5
1365310 1899.9
1365320 1899.9
1365330 1905.9
1365340 1910.2
1365350 1915.4
1365360 1915.4
1365370 1921.3
1365380 1924.6
1365390 1924.6
1365400 1927.5
1365410 1930.7
1365420 1930.7
1365430 1934.9
1365440 1934.0
1365450 1934.0
1365460 1919.8
1365470 1907.0
1365480 1907.0
1365490 1897.1
1365500 1888.6
1365510 1888.6
1365520 1880.6
1365530 1872.8
1365540 1872.8
1365550 1866.1
1365560 1858.9
1365570 1858.9
1365580 1851.9
1365590 1845.3
1365600 1845.3
1365610 1839.0
1365620 1832.5
1365630 1826.6
1365640 1826.6
1365650 1821.2
1365660 1816.3
1365670 1816.3
1365680 1811.8
1365690 1807.8
1365700 1807.8
1365710 1805.2
1365720 1804.4
1365730 1804.4
1365740 1803.9
1365750 1803.2
1365760 1803.2
1365770 1802.4
1365780 1801.8
1365790 1801.8
1365800 1803.2
1365810 1805.8
1365820 1805.8
1365830 1805.5
1365840 1809.4
1365850 1809.4
1365860 1812.4
1365870 1815.3
1365880 1815.3
1365890 1819.5
1365900 1823.3
1365910 1823.3
1365920 1826.1
1365930 1827.3
1365940 1826.0
1365950 1826.0
1365960 1821.2
1365970 1814.1
1365980 1814.1
1365990 1806.9
1366000 1800.8
1366010 1800.8
1366020 1796.0
1366030 1792.7
1366040 1792.7
1366050 1786.2
1366060 1781.4
1366070 1781.4
1366080 1777.9
1366090 1772.6
1366100 1772.6
1366110 1767.2
1366120 1764.9
1366130 1764.9
1366140 1762.7
1366150 1758.9
1366160 1758.9
1366170 1754.0
1366180 1747.3
1366190 1747.3
1366200 1743.8
1366210 1744.8
1366220 1744.5
1366230 1744.5
1366240 1747.2
1366250 1750.7
1366260 1750.7
1366270 1751.9
1366280 1751.3
1366290 1751.3
1366300 1748.4
1366310 1747.6
1366320 1747.6
1366330 1752.4
1366340 1759.6
1366350 1759.6
1366360 1767.0
1366370 1775.2
1366380 1775.2
1366390 1781.8
1366400 1788.2
1366410 1788.2
1366420 1792.1
1366430 1794.6
1366440 1794.6
1366450 1798.4
1366460 1804.0
1366470 1804.0
1366480 1809.3
1366490 1813.8
1366500 1818.4
1366510 1818.4
1366520 1821.7
1366530 1825.6
1366540 1825.6
1366550 1830.3
1366560 1834.7
1366570 1834.7
1366580 1837.2
1366590 1835.3
1366600 1835.3
1366610 1833.9
1366620 1834.3
1366630 1834.3
1366640 1831.6
1366650 1828.5
1366660 1828.5
1366670 1826.6
1366680 1825.1
1366690 1825.1
1366700 1823.6
1366710 1820.3
1366720 1820.3
1366730 1820.0
1366740 1818.0
1366750 1818.0
1366760 1814.5
1366770 1810.0
1366780 1810.0
1366790 1804.8
1366800 1800.2
1366810 1796.0
1366820 1796.0
1366830 1791.0
1366840 1785.2
1366850 1785.2
1366860 1778.2
1366870 1772.9
1366880 1772.9
1366890 1768.1
1366900 1763.2
1366910 1760.3
1366920 1757.1
1366930 1753.5
1366940 1753.5
1366950 1748.5
1366960 1745.6
1366970 1745.6
1366980 1744.6
1366990 1743.3
1367000 1743.3
1367010 1741.5
1367020 1739.8
1367030 1739.8
1367040 1734.0
1367050 1725.6
1367060 1725.6
1367070 1722.8
1367080 1720.5
1367090 1717.5
1367100 1717.5
1367110 1716.2
1367120 1714.6
1367130 1714.6
1367140 1712.3
1367150 1710.1
1367160 1710.1
1367170 1708.7
1367180 1706.9
1367190 1706.9
1367200 1703.9
1367210 1698.7
1367220 1698.7
1367230 1692.5
1367240 1686.9
1367250 1686.9
1367260 1681.5
1367270 1676.4
1367280 1676.4
1367290 1671.4
1367300 1665.7
1367310 1665.7
1367320 1662.2
1367330 1659.1
1367340 1659.1
1367350 1655.5
1367360 1651.5
1367370 1647.0
1367380 1647.0
1367390 1642.7
1367400 1637.8
1367410 1637.8
1367420 1632.0
1367430 1625.9
1367440 1625.9
1367450 1619.1
1367460 1613.3
1367470 1613.3
1367480 1608.8
1367490 1606.3
1367500 1606.3
1367510 1604.4
1367520 1602.6
1367530 1602.6
1367540 1601.0
1367550 1598.8
1367560 1598.8
1367570 1596.0
1367580 1593.7
1367590 1593.7
1367600 1590.7
1367610 1587.4
1367620 1587.4
1367630 1584.2
1367640 1581.1
1367650 1581.1
1367660 1577.6
1367670 1573.9
1367680 1571.0
1367690 1571.0
1367700 1566.9
1367710 1562.6
1367720 1562.6
1367730 1558.2
1367740 1551.4
1367750 1551.4
1367760 1544.6
1367770 1536.8
1367780 1536.8
1367790 1528.1
1367800 1520.8
1367810 1520.8
1367820 1514.4
1367830 1508.5
1367840 1508.5
1367850 1503.1
1367860 1497.3
1367870 1497.3
1367880 1492.9
1367890 1489.5
1367900 1489.5
1367910 1484.0
1367920 1479.5
1367930 1479.5
1367940 1475.6
1367950 1471.9
1367960 1468.9
1367970 1468.9
1367980 1463.3
1367990 1457.4
1368000 1457.4
1368010 1449.2
1368020 1444.5
1368030 1444.5
1368040 1440.5
1368050 1436.1
1368060 1436.1
1368070 1432.0
1368080 1428.8
1368090 1428.8
1368100 1424.4
1368110 1420.8
1368120 1420.8
1368130 1418.0
1368140 1412.7
1368150 1412.7
1368160 1405.3
1368170 1397.1
1368180 1397.1
1368190 1389.1
1368200 1382.0
1368210 1382.0
1368220 1376.5
1368230 1370.7
1368240 1364.9
1368250 1364.9
1368260 1360.1
1368270 1356.1
1368280 1356.1
1368290 1353.7
1368300 1351.5
1368310 1351.5
1368320 1348.5
1368330 1344.8
1368340 1344.8
1368350 1340.7
1368360 1336.5
1368370 1336.5
1368380 1332.8
1368390 1328.7
1368400 1328.7
1368410 1324.3
1368420 1319.9
1368430 1319.9
1368440 1314.7
1368450 1308.4
1368460 1308.4
1368470 1302.3
1368480 1296.4
1368490 1296.4
1368500 1291.5
1368510 1287.2
1368520 1287.2
1368530 1283.0
1368540 1279.3
1368550 1275.2
1368560 1275.2
1368570 1270.7
1368580 1266.1
1368590 1266.1
1368600 1262.6
1368610 1260.1
1368620 1260.1
1368630 1256.9
1368640 1253.9
1368650 1253.9
1368660 1251.6
1368670 1248.9
1368680 1248.9
1368690 1245.7
1368700 1242.0
1368710 1242.0
1368720 1240.8
1368730 1243.2
1368740 1243.2
1368750 1242.5
1368760 1238.5
1368770 1238.5
1368780 1228.0
1368790 1219.0
1368800 1219.0
1368810 1210.7
1368820 1202.2
1368830 1194.6
1368840 1194.6
1368850 1187.7
1368860 1182.1
1368870 1182.1
1368880 1178.8
1368890 1175.8
1368900 1175.8
1368910 1171.5
1368920 1167.4
1368930 1167.4
1368940 1161.1
1368950 1153.1
1368960 1153.1
1368970 1144.7
1368980 1137.3
1368990 1137.3
1369000 1130.9
1369010 1124.0
1369020 1124.0
1369030 1113.8
1369040 1110.8
1369050 1110.8
1369060 1112.3
1369070 1111.4
1369080 1111.4
1369090 1107.6
1369100 1103.7
1369110 1094.5
1369120 1094.5
1369130 1088.9
1369140 1084.6
1369150 1084.6
1369160 1080.9
1369170 1077.4
1369180 1077.4
1369190 1073.9
1369200 1070.9
1369210 1070.9
1369220 1068.2
1369230 1064.3
1369240 1064.3
1369250 1059.9
1369260 1055.7
1369270 1055.7
1369280 1051.6
1369290 1047.9
1369300 1047.9
1369310 1044.4
1369320 1041.1
1369330 1041.1
1369340 1038.3
1369350 1035.6
1369360 1035.6
1369370 1032.6
1369380 1028.4
1369390 1028.4
1369400 1023.1
1369410 1020.0
1369420 1019.3
1369430 1019.3
1369440 1018.9
1369450 1018.4
1369460 1018.4
1369470 1018.3
1369480 1018.5
1369490 1018.5
1369500 1018.4
1369510 1017.8
1369520 1017.8
1369530 1017.6
1369540 1016.9
1369550 1016.9
1369560 1016.6
1369570 1017.0
1369580 1017.0
1369590 1017.1
1369600 1016.7
1369610 1016.7
1369620 1016.3
1369630 1015.6
1369640 1015.6
1369650 1014.9
1369660 1016.5
1369670 1016.5
1369680 1019.0
1369690 1021.1
1369700 1022.9
1369710 1022.9
1369720 1024.6
1369730 1027.3
1369740 1027.3
1369750 1029.6
1369760 1030.5
1369770 1030.5
1369780 1033.3
1369790 1035.5
1369800 1035.5
1369810 1037.6
1369820 1040.1
1369830 1040.1
1369840 1042.5
1369850 1046.2
1369860 1046.2
1369870 1048.2
1369880 1050.7
1369890 1050.7
1369900 1055.1
1369910 1056.7
1369920 1056.7
1369930 1058.0
1369940 1059.1
1369950 1059.1
1369960 1059.7
1369970 1060.4
1369980 1061.2
1369990 1061.2
1370000 1062.1
1370010 1063.0
1370020 1063.0
1370030 1064.3
1370040 1066.1
1370050 1066.1
1370060 1068.0
1370070 1070.2
1370080 1070.2
1370090 1072.6
1370100 1075.3
1370110 1075.3
1370120 1077.2
1370130 1078.4
1370140 1078.4
1370150 1079.0
1370160 1078.8
1370170 1078.8
1370180 1078.4
1370190 1076.2
1370200 1076.2
1370210 1071.1
1370220 1076.4
1370230 1076.4
1370240 1073.6
1370250 1075.5
1370260 1075.5
1370270 1073.3
1370280 1072.5
1370290 1070.9
1370300 1070.9
1370310 1067.8
1370320 1064.9
1370330 1064.9
1370340 1061.5
1370350 1058.7
1370360 1058.7
1370370 1056.9
1370380 1053.8
1370390 1053.8
1370400 1052.5
1370410 1050.4
1370420 1050.4
1370430 1046.1
1370440 1042.8
1370450 1042.8
1370460 1039.2
1370470 1036.4
1370480 1036.4
1370490 1035.9
1370500 1035.4
1370510 1035.4
1370520 1035.0
1370530 1034.5
1370540 1034.5
1370550 1034.2
1370560 1034.1
1370570 1034.8
1370580 1034.8
1370590 1037.0
1370600 1039.3
1370610 1039.3
1370620 1040.3
1370630 1040.3
1370640 1040.3
1370650 1040.9
1370660 1041.4
1370670 1041.4
1370680 1042.0
1370690 1044.0
1370700 1044.0
1370710 1047.7
1370720 1052.0
1370730 1052.0
1370740 1055.6
1370750 1059.0
1370760 1059.0
1370770 1062.4
1370780 1065.2
1370790 1065.2
1370800 1065.8
1370810 1066.0
1370820 1066.0
1370830 1067.0
1370840 1069.3
1370850 1074.0
1370860 1074.0
1370870 1079.4
1370880 1084.9
1370890 1084.9
1370900 1090.7
1370910 1094.9
1370920 1094.9
1370930 1099.9
1370940 1105.1
1370950 1105.1
1370960 1110.0
1370970 1114.8
1370980 1114.8
1370990 1119.3
1371000 1123.9
1371010 1123.9
1371020 1128.5
1371030 1132.6
1371040 1132.6
1371050 1136.9
1371060 1140.8
1371070 1140.8
1371080 1144.9
1371090 1149.3
1371100 1149.3
1371110 1153.4
1371120 1157.0
1371130 1157.0
1371140 1161.0
1371150 1165.5
1371160 1170.0
1371170 1170.0
1371180 1176.2
1371190 1182.2
1371200 1182.2
1371210 1185.7
1371220 1189.3
1371230 1189.3
1371240 1193.8
1371250 1198.1
1371260 1198.1
1371270 1201.8
1371280 1204.8
1371290 1204.8
1371300 1208.6
1371310 1212.6
1371320 1212.6
1371330 1216.0
1371340 1216.6
1371350 1216.6
1371360 1219.7
1371370 1220.1
1371380 1220.1
1371390 1217.2
1371400 1217.1
1371410 1217.1
1371420 1222.0
1371430 1227.7
1371440 1233.2
1371450 1233.2
1371460 1237.1
1371470 1240.8
1371480 1240.8
1371490 1246.0
1371500 1251.0
1371510 1251.0
1371520 1254.9
1371530 1256.4
1371540 1256.4
1371550 1256.7
1371560 1256.5
1371570 1256.5
1371580 1256.4
1371590 1255.4
1371600 1255.4
1371610 1253.3
1371620 1253.2
1371630 1253.2
1371640 1258.8
1371650 1266.4
1371660 1266.4
1371670 1275.0
1371680 1284.9
1371690 1284.9
1371700 1291.2
1371710 1296.3
1371720 1300.7
1371730 1300.7
1371740 1304.6
1371750 1311.9
1371760 1311.9
1371770 1321.4
1371780 1330.8
1371790 1330.8
1371800 1337.9
1371810 1342.8
1371820 1342.8
1371830 1346.9
1371840 1352.5
1371850 1352.5
1371860 1357.2
1371870 1362.6
1371880 1362.6
1371890 1368.8
1371900 1373.1
1371910 1373.1
1371920 1376.0
1371930 1379.2
1371940 1379.2
1371950 1383.2
1371960 1387.4
1371970 1387.4
1371980 1391.9
1371990 1395.8
1372000 1395.8
1372010 1400.5
1372020 1406.1
1372030 1412.1
1372040 1412.1
1372050 1416.8
1372060 1420.8
1372070 1420.8
1372080 1425.1
1372090 1432.0
1372100 1432.0
1372110 1439.0
1372120 1445.7
1372130 1445.7
1372140 1449.6
1372150 1453.3
1372160 1453.3
1372170 1459.4
1372180 1465.1
1372190 1465.1
1372200 1470.1
1372210 1476.4
1372220 1476.4
1372230 1484.5
1372240 1490.6
1372250 1490.6
1372260 1495.3
1372270 1498.5
1372280 1498.5
1372290 1502.2
1372300 1506.9
1372310 1512.7
1372320 1512.7
1372330 1519.1
1372340 1524.6
1372350 1524.6
1372360 1529.8
1372370 1534.1
1372380 1534.1
1372390 1537.1
1372400 1542.3
1372410 1542.3
1372420 1549.2
1372430 1556.0
1372440 1556.0
1372450 1563.2
1372460 1567.7
1372470 1568.2
1372480 1571.5
1372490 1575.4
1372500 1575.4
1372510 1578.0
1372520 1581.1
1372530 1581.1
1372540 1584.3
1372550 1587.1
1372560 1587.1
1372570 1589.9
1372580 1592.7
1372590 1595.1
1372600 1595.1
1372610 1597.5
1372620 1600.0
1372630 1600.0
1372640 1602.4
1372650 1605.5
1372660 1605.5
1372670 1610.2
1372680 1615.7
1372690 1615.7
1372700 1620.6
1372710 1625.8
1372720 1625.8
1372730 1631.3
1372740 1638.0
1372750 1638.0
1372760 1645.3
1372770 1652.9
1372780 1652.9
1372790 1660.8
1372800 1669.0
1372810 1669.0
1372820 1676.8
1372830 1683.5
1372840 1683.5
1372850 1684.3
1372860 1686.0
1372870 1686.0
1372880 1690.6
1372890 1693.7
1372900 1696.5
1372910 1696.5
1372920 1698.0
1372930 1699.0
1372940 1699.0
1372950 1699.6
1372960 1699.7
1372970 1699.7
1372980 1700.8
1372990 1702.2
1373000 1702.2
1373010 1703.4
1373020 1705.9
1373030 1705.9
1373040 1709.4
1373050 1713.4
1373060 1713.4
1373070 1717.8
1373080 1722.1
1373090 1722.1
1373100 1725.8
1373110 1729.2
1373120 1729.2
1373130 1733.0
1373140 1737.8
1373150 1737.8
1373160 1741.7
1373170 1744.8
1373180 1747.7
1373190 1747.7
1373200 1750.0
1373210 1749.7
1373220 1749.7
1373230 1748.8
1373240 1748.8
1373250 1748.8
1373260 1749.8
1373270 1751.2
1373280 1751.2
1373290 1752.7
1373300 1756.0
1373310 1756.0
1373320 1759.4
1373330 1762.2
1373340 1762.2
1373350 1765.3
1373360 1768.5
1373370 1768.5
1373380 1770.7
1373390 1771.9
1373400 1771.9
1373410 1772.5
1373420 1773.4
1373430 1773.4
1373440 1775.0
1373450 1775.6
1373460 1777.2
1373470 1777.2
1373480 1779.8
1373490 1782.4
1373500 1782.4
1373510 1782.5
1373520 1779.9
1373530 1779.9
1373540 1777.2
1373550 1777.8
1373560 1777.8
1373570 1779.0
1373580 1779.7
1373590 1779.7
1373600 1780.9
1373610 1785.6
1373620 1785.6
1373630 1786.5
1373640 1786.9
1373650 1786.9
1373660 1788.0
1373670 1788.8
1373680 1788.8
1373690 1788.6
1373700 1788.4
1373710 1788.4
1373720 1788.0
1373730 1787.3
1373740 1787.3
1373750 1785.8
1373760 1783.8
1373770 1782.9
1373780 1782.9
1373790 1782.3
1373800 1782.4
1373810 1782.4
1373820 1784.1
1373830 1783.7
1373840 1783.7
1373850 1783.1
1373860 1786.2
1373870 1786.2
1373880 1792.8
1373890 1798.7
1373900 1798.7
1373910 1802.9
1373920 1806.3
1373930 1806.3
1373940 1808.9
1373950 1811.6
1373960 1811.6
1373970 1814.4
1373980 1816.6
1373990 1816.6
1374000 1818.6
1374010 1820.7
1374020 1820.7
1374030 1823.0
1374040 1825.9
1374050 1828.0
1374060 1828.0
1374070 1829.1
1374080 1831.1
1374090 1831.1
1374100 1834.4
1374110 1839.7
1374120 1839.7
1374130 1842.5
1374140 1841.8
1374150 1841.8
1374160 1839.8
1374170 1836.6
1374180 1836.6
1374190 1832.2
1374200 1827.4
1374210 1827.4
1374220 1822.4
1374230 1817.6
1374240 1817.6
1374250 1813.0
1374260 1808.1
1374270 1808.1
1374280 1802.6
1374290 1796.5
1374300 1796.5
1374310 1790.5
1374320 1785.0
1374330 1779.3
1374340 1779.3
1374350 1773.6
1374360 1768.1
1374370 1768.1
1374380 1762.9
1374390 1758.6
1374400 1758.6
1374410 1755.2
1374420 1752.0
1374430 1752.0
1374440 1748.9
1374450 1746.0
1374460 1746.0
1374470 1743.3
1374480 1741.1
1374490 1741.1
1374500 1739.2
1374510 1737.0
1374520 1737.0
1374530 1735.2
1374540 1733.3
1374550 1733.3
1374560 1731.6
1374570 1730.0
1374580 1730.0
1374590 1727.8
1374600 1725.0
1374610 1725.0
1374620 1721.5
1374630 1718.3
1374640 1715.2
1374650 1715.2
1374660 1712.7
1374670 1710.7
1374680 1710.7
1374690 1708.8
1374700 1706.9
1374710 1706.9
1374720 1705.4
1374730 1704.4
1374740 1704.4
1374750 1702.8
1374760 1702.2
1374770 1703.8
1374780 1702.5
1374790 1701.3
1374800 1701.3
1374810 1699.6
1374820 1698.0
1374830 1698.0
1374840 1696.5
1374850 1694.5
1374860 1694.5
1374870 1692.8
1374880 1690.7
1374890 1690.7
1374900 1689.0
1374910 1687.2
1374920 1684.7
1374930 1684.7
1374940 1682.6
1374950 1680.9
1374960 1680.9
1374970 1679.1
1374980 1676.8
1374990 1676.8
1375000 1674.7
1375010 1672.8
1375020 1672.8
1375030 1671.3
1375040 1669.7
1375050 1669.7
1375060 1668.4
1375070 1666.8
1375080 1666.8
1375090 1665.3
1375100 1664.1
1375110 1664.1
1375120 1662.8
1375130 1661.0
1375140 1661.0
1375150 1658.9
1375160 1656.7
1375170 1656.7
1375180 1654.5
1375190 1652.2
1375200 1649.4
1375210 1649.4
1375220 1645.7
1375230 1642.3
1375240 1642.3
1375250 1638.3
1375260 1634.8
1375270 1634.8
1375280 1633.0
1375290 1631.0
1375300 1631.0
1375310 1628.9
1375320 1627.6
1375330 1627.6
1375340 1626.6
1375350 1626.1
1375360 1626.1
1375370 1624.9
1375380 1622.2
1375390 1622.2
1375400 1619.2
1375410 1616.5
1375420 1616.5
1375430 1612.7
1375440 1611.9
1375450 1611.9
1375460 1609.3
1375470 1605.5
1375480 1605.5
1375490 1603.4
1375500 1604.7
1375510 1606.8
1375520 1606.8
1375530 1607.2
1375540 1605.0
1375550 1605.0
1375560 1604.9
1375570 1604.7
1375580 1604.7
1375590 1603.4
1375600 1606.3
1375610 1606.3
1375620 1611.1
1375630 1615.2
1375640 1615.2
1375650 1616.4
1375660 1617.1
1375670 1617.1
1375680 1618.4
1375690 1619.3
1375700 1619.3
1375710 1619.2
1375720 1618.2
1375730 1618.2
1375740 1618.6
1375750 1620.3
1375760 1620.3
1375770 1621.7
1375780 1621.9
1375790 1619.3
1375800 1619.3
1375810 1614.8
1375820 1608.4
1375830 1608.4
1375840 1601.1
1375850 1593.3
1375860 1593.3
1375870 1586.1
1375880 1580.1
1375890 1580.1
1375900 1576.3
1375910 1573.7
1375920 1573.7
1375930 1572.7
1375940 1570.5
1375950 1570.5
1375960 1569.5
1375970 1569.2
1375980 1569.2
1375990 1566.2
1376000 1560.8
1376010 1560.8
1376020 1555.4
1376030 1549.5
1376040 1549.5
1376050 1545.2
1376060 1545.2
1376070 1546.1
1376080 1546.1
1376090 1546.1
1376100 1544.5
1376110 1544.5
1376120 1540.1
1376130 1538.9
1376140 1538.9
1376150 1536.8
1376160 1535.2
1376170 1535.2
1376180 1530.8
1376190 1526.6
1376200 1526.6
1376210 1522.9
1376220 1519.4
1376230 1519.4
1376240 1515.1
1376250 1507.7
1376260 1507.7
1376270 1501.3
1376280 1495.3
1376290 1495.3
1376300 1487.1
1376310 1479.6
1376320 1479.6
1376330 1472.0
1376340 1464.5
1376350 1464.5
1376360 1458.3
1376370 1452.6
1376380 1447.0
1376390 1447.0
1376400 1442.5
1376410 1438.6
1376420 1438.6
1376430 1435.1
1376440 1429.9
1376450 1429.9
1376460 1425.0
1376470 1422.4
1376480 1422.4
1376490 1419.0
1376500 1415.5
1376510 1415.5
1376520 1411.8
1376530 1408.9
1376540 1408.9
1376550 1404.6
1376560 1398.9
1376570 1398.9
1376580 1393.6
1376590 1390.1
1376600 1390.1
1376610 1385.9
1376620 1381.0
1376630 1381.0
1376640 1375.6
1376650 1370.4
1376660 1365.9
1376670 1365.9
1376680 1361.7
1376690 1357.6
1376700 1357.6
1376710 1353.3
1376720 1349.6
1376730 1349.6
1376740 1346.4
1376750 1342.5
1376760 1342.5
1376770 1337.8
1376780 1333.0
1376790 1333.0
1376800 1327.9
1376810 1322.9
1376820 1322.9
1376830 1319.5
1376840 1315.5
1376850 1315.5
1376860 1311.9
1376870 1307.5
1376880 1307.5
1376890 1303.4
1376900 1299.8
1376910 1299.8
1376920 1296.8
1376930 1293.2
1376940 1288.6
1376950 1288.6
1376960 1285.6
1376970 1283.0
1376980 1283.0
1376990 1280.9
1377000 1278.8
1377010 1278.8
1377020 1274.8
1377030 1270.8
1377040 1270.8
1377050 1267.2
1377060 1263.4
1377070 1263.4
1377080 1260.0
1377090 1256.7
1377100 1256.7
1377110 1251.4
1377120 1248.0
1377130 1248.0
1377140 1244.1
1377150 1240.0
1377160 1240.0
1377170 1236.2
1377180 1231.1
1377190 1231.1
1377200 1224.8
1377210 1220.2
1377220 1220.2
1377230 1214.4
1377240 1207.9
1377250 1201.0
1377260 1201.0
1377270 1195.4
1377280 1189.7
1377290 1189.7
1377300 1183.9
1377310 1177.1
1377320 1177.1
1377330 1169.8
1377340 1163.6
1377350 1163.6
1377360 1161.2
1377370 1160.9
1377380 1160.9
1377390 1161.5
1377400 1163.8
1377410 1163.8
1377420 1164.2
1377430 1166.3
1377440 1166.3
1377450 1171.9
1377460 1177.0
1377470 1177.0
1377480 1182.9
1377490 1189.0
1377500 1189.0
1377510 1195.6
1377520 1203.2
1377530 1212.0
1377540 1212.0
1377550 1217.2
1377560 1218.5
1377570 1218.5
1377580 1220.5
1377590 1223.0
1377600 1223.0
1377610 1225.6
1377620 1228.5
1377630 1228.5
1377640 1231.3
1377650 1233.5
1377660 1233.5
1377670 1234.3
1377680 1234.5
1377690 1234.5
1377700 1234.2
1377710 1229.9
1377720 1229.9
1377730 1224.5
1377740 1222.0
1377750 1222.0
1377760 1219.4
1377770 1219.5
1377780 1219.5
1377790 1225.7
1377800 1237.1
1377810 1246.9
1377820 1246.9
1377830 1255.8
1377840 1263.1
1377850 1263.1
1377860 1272.1
1377870 1282.4
1377880 1282.4
1377890 1290.8
1377900 1298.2
1377910 1298.2
1377920 1304.8
1377930 1310.7
1377940 1310.7
1377950 1316.8
1377960 1323.2
1377970 1323.2
1377980 1330.7
1377990 1339.2
1378000 1339.2
1378010 1347.9
1378020 1356.5
1378030 1356.5
1378040 1366.2
1378050 1375.0
1378060 1375.0
1378070 1383.0
1378080 1390.2
1378090 1390.2
1378100 1397.3
1378110 1404.3
1378120 1410.9
1378130 1410.9
1378140 1417.8
1378150 1425.0
1378160 1425.0
1378170 1431.8
1378180 1436.8
1378190 1436.8
1378200 1443.5
1378210 1450.2
1378220 1450.2
1378230 1456.9
1378240 1463.2
1378250 1463.2
1378260 1469.7
1378270 1475.7
1378280 1475.7
1378290 1481.5
1378300 1487.4
1378310 1486.9
1378320 1493.2
1378330 1499.2
1378340 1499.2
1378350 1505.3
1378360 1511.5
1378370 1511.5
1378380 1517.4
1378390 1522.1
1378400 1525.6
1378410 1525.6
1378420 1527.7
1378430 1527.7
1378440 1527.7
1378450 1525.8
1378460 1522.1
1378470 1522.1
1378480 1518.4
1378490 1513.9
1378500 1513.9
1378510 1509.3
1378520 1504.8
1378530 1504.8
1378540 1501.0
1378550 1497.9
1378560 1497.9
1378570 1494.1
1378580 1490.4
1378590 1490.4
1378600 1489.5
1378610 1486.2
1378620 1486.2
1378630 1480.9
1378640 1475.5
1378650 1475.5
1378660 1484.3
1378670 1491.2
1378680 1494.2
1378690 1494.2
1378700 1497.6
1378710 1500.8
1378720 1500.8
1378730 1504.6
1378740 1508.0
1378750 1508.0
1378760 1509.2
1378770 1505.5
1378780 1505.5
1378790 1500.4
1378800 1496.2
1378810 1496.2
1378820 1492.0
1378830 1487.5
1378840 1487.5
1378850 1481.0
1378860 1472.0
1378870 1472.0
1378880 1460.3
1378890 1456.8
1378900 1456.8
1378910 1460.2
1378920 1457.6
1378930 1457.6
1378940 1454.3
1378950 1456.2
1378960 1456.2
1378970 1464.1
1378980 1474.9
1378990 1485.2
1379000 1485.2
1379010 1491.6
1379020 1496.3
1379030 1496.3
1379040 1500.2
1379050 1506.2
1379060 1506.2
1379070 1512.2
1379080 1516.0
1379090 1516.0
1379100 1519.1
1379110 1522.2
1379120 1522.2
1379130 1525.0
1379140 1527.8
1379150 1527.8
1379160 1530.8
1379170 1534.3
1379180 1534.3
1379190 1537.5
1379200 1540.9
1379210 1540.9
1379220 1546.9
1379230 1552.9
1379240 1552.9
1379250 1558.7
1379260 1563.5
1379270 1568.5
1379280 1568.5
1379290 1572.7
1379300 1577.4
1379310 1577.4
1379320 1582.6
1379330 1588.4
1379340 1588.4
1379350 1593.9
1379360 1599.6
1379370 1599.6
1379380 1605.3
1379390 1610.9
1379400 1610.9
1379410 1616.7
1379420 1622.5
1379430 1622.5
1379440 1626.9
1379450 1628.2
1379460 1628.2
1379470 1628.3
1379480 1627.6
1379490 1627.6
1379500 1626.8
1379510 1625.4
1379520 1625.9
1379530 1622.8
1379540 1616.8
1379550 1609.6
1379560 1609.6
1379570 1602.2
1379580 1594.6
1379590 1594.6
1379600 1588.2
1379610 1583.1
1379620 1583.1
1379630 1579.1
1379640 1575.1
1379650 1575.1
1379660 1570.9
1379670 1567.3
1379680 1567.3
1379690 1565.4
1379700 1564.4
1379710 1564.4
1379720 1563.3
1379730 1561.5
1379740 1561.5
1379750 1559.2
1379760 1555.5
1379770 1555.5
1379780 1551.2
1379790 1548.1
1379800 1548.1
1379810 1544.7
1379820 1539.7
1379830 1539.7
1379840 1534.6
1379850 1530.6
1379860 1527.5
1379870 1527.5
1379880 1524.8
1379890 1521.7
1379900 1521.7
1379910 1518.9
1379920 1515.9
1379930 1515.9
1379940 1512.9
1379950 1510.0
1379960 1510.0
1379970 1506.6
1379980 1502.1
1379990 1502.1
