1360000 949.0
1360010 945.7
1360020 942.9
1360030 942.9
1360040 938.6
1360050 933.1
1360060 933.1
1360070 927.1
1360080 921.1
1360090 915.0
1360100 915.0
1360110 908.7
1360120 902.2
1360130 902.2
1360140 896.6
1360150 892.6
1360160 892.6
1360170 889.5
1360180 887.1
1360190 887.1
1360200 884.6
1360210 883.1
1360220 883.1
1360230 881.4
1360240 876.3
1360250 876.3
1360260 869.7
1360270 866.2
1360280 866.2
1360290 863.6
1360300 861.4
1360310 861.4
1360320 860.1
1360330 859.0
1360340 859.0
1360350 858.7
1360360 858.7
1360370 858.5
1360380 858.5
1360390 857.1
1360400 856.7
1360410 856.7
1360420 857.2
1360430 857.7
1360440 857.7
1360450 858.0
1360460 858.2
1360470 858.2
1360480 858.2
1360490 858.1
1360500 858.1
1360510 857.9
1360520 857.4
1360530 857.4
1360540 857.0
1360550 856.7
1360560 856.7
1360570 856.6
1360580 856.7
1360590 856.7
1360600 855.3
1360610 853.7
1360620 853.7
1360630 855.2
1360640 857.5
1360650 861.9
1360660 861.9
1360670 864.8
1360680 867.4
1360690 867.4
1360700 870.5
1360710 874.1
1360720 874.1
1360730 879.2
1360740 884.3
1360750 884.3
1360760 889.7
1360770 897.1
1360780 897.1
1360790 905.9
1360800 912.6
1360810 912.6
1360820 915.4
1360830 916.5
1360840 916.5
1360850 917.4
1360860 919.8
1360870 919.8
1360880 925.3
1360890 929.6
1360900 929.6
1360910 936.1
1360920 941.5
1360930 941.5
1360940 945.9
1360950 952.4
1360960 960.0
1360970 960.0
1360980 968.1
1360990 970.0
1361000 970.0
1361010 976.5
1361020 982.3
1361030 982.3
1361040 986.9
1361050 990.5
1361060 990.5
1361070 994.5
1361080 999.4
1361090 999.4
1361100 1004.5
1361110 1010.0
1361120 1010.0
1361130 1015.8
1361140 1022.3
1361150 1022.3
1361160 1026.6
1361170 1032.3
1361180 1032.3
1361190 1037.3
1361200 1042.8
1361210 1042.8
1361220 1050.9
1361230 1058.3
1361240 1063.3
1361250 1063.3
1361260 1069.8
1361270 1072.7
1361280 1072.7
1361290 1074.7
1361300 1080.1
1361310 1080.1
1361320 1084.7
1361330 1089.3
1361340 1089.3
1361350 1094.4
1361360 1101.5
1361370 1101.5
1361380 1110.2
1361390 1116.9
1361400 1116.9
1361410 1122.8
1361420 1131.0
1361430 1131.0
1361440 1140.6
1361450 1150.1
1361460 1150.1
1361470 1152.7
1361480 1152.6
1361490 1152.6
1361500 1155.8
1361510 1158.5
1361520 1160.2
1361530 1160.2
1361540 1162.8
1361550 1166.8
1361560 1166.8
1361570 1169.7
1361580 1171.2
1361590 1171.2
1361600 1171.8
1361610 1173.3
1361620 1173.3
1361630 1176.2
1361640 1180.9
1361650 1180.9
1361660 1189.1
1361670 1192.8
1361680 1192.8
1361690 1195.2
1361700 1197.5
1361710 1197.5
1361720 1202.4
1361730 1209.9
1361740 1209.9
1361750 1215.2
1361760 1217.9
1361770 1217.9
1361780 1221.0
1361790 1224.3
1361800 1227.3
1361810 1227.3
1361820 1231.1
1361830 1233.5
1361840 1233.5
1361850 1234.7
1361860 1237.2
1361870 1237.2
1361880 1240.8
1361890 1244.1
1361900 1244.1
1361910 1248.2
1361920 1252.4
1361930 1252.4
1361940 1256.4
1361950 1260.7
1361960 1260.7
1361970 1264.4
1361980 1267.9
1361990 1267.9
1362000 1272.3
1362010 1278.0
1362020 1282.4
1362030 1288.4
1362040 1293.8
1362050 1293.8
1362060 1298.6
1362070 1302.9
1362080 1302.9
1362090 1307.1
1362100 1310.1
1362110 1314.3
1362120 1314.3
1362130 1318.2
1362140 1322.1
1362150 1322.1
1362160 1325.7
1362170 1329.6
1362180 1329.6
1362190 1333.9
1362200 1337.8
1362210 1337.8
1362220 1340.9
1362230 1343.0
1362240 1343.0
1362250 1346.6
1362260 1349.9
1362270 1349.9
1362280 1353.8
1362290 1357.8
1362300 1357.8
1362310 1361.3
1362320 1365.6
1362330 1365.6
1362340 1370.7
1362350 1375.6
1362360 1375.6
1362370 1380.6
1362380 1386.1
1362390 1391.8
1362400 1391.8
1362410 1397.1
1362420 1401.4
1362430 1401.4
1362440 1405.1
1362450 1409.3
1362460 1409.3
1362470 1413.8
1362480 1419.1
1362490 1419.1
1362500 1424.0
1362510 1428.7
1362520 1428.7
1362530 1434.1
1362540 1441.3
1362550 1441.3
1362560 1448.4
1362570 1454.8
1362580 1454.8
1362590 1460.7
1362600 1466.3
1362610 1466.3
1362620 1468.2
1362630 1471.7
1362640 1471.7
1362650 1474.9
1362660 1477.8
1362670 1481.0
1362680 1481.0
1362690 1484.1
1362700 1486.1
1362710 1486.1
1362720 1487.2
1362730 1489.5
1362740 1489.5
1362750 1490.8
1362760 1489.8
1362770 1489.8
1362780 1486.9
1362790 1483.2
1362800 1483.2
1362810 1479.8
1362820 1477.6
1362830 1477.6
1362840 1476.2
1362850 1474.0
1362860 1474.0
1362870 1471.5
1362880 1468.2
1362890 1468.2
1362900 1464.4
1362910 1460.5
1362920 1460.5
1362930 1455.9
1362940 1451.7
1362950 1451.7
1362960 1448.4
1362970 1444.6
1362980 1441.9
1362990 1441.9
1363000 1440.5
1363010 1437.9
1363020 1437.9
1363030 1434.4
1363040 1429.7
1363050 1429.7
1363060 1432.5
1363070 1429.8
1363080 1429.8
1363090 1426.2
1363100 1422.9
1363110 1422.9
1363120 1418.6
1363130 1408.7
1363140 1408.7
1363150 1397.7
1363160 1397.7
1363170 1397.7
1363180 1404.4
1363190 1412.8
1363200 1412.8
1363210 1419.9
1363220 1424.4
1363230 1424.4
1363240 1427.8
1363250 1430.6
1363260 1434.1
1363270 1434.1
1363280 1438.2
1363290 1441.7
1363300 1441.7
1363310 1445.5
1363320 1449.1
1363330 1449.1
1363340 1452.6
1363350 1455.5
1363360 1455.5
1363370 1458.5
1363380 1462.0
1363390 1462.0
1363400 1465.0
1363410 1468.3
1363420 1468.3
1363430 1472.3
1363440 1477.8
1363450 1477.8
1363460 1482.2
1363470 1482.3
1363480 1482.3
1363490 1482.2
1363500 1481.2
1363510 1481.2
1363520 1481.1
1363530 1482.8
1363540 1486.8
1363550 1486.8
1363560 1488.9
1363570 1487.5
1363580 1487.5
1363590 1487.4
1363600 1495.2
1363610 1495.2
1363620 1507.4
1363630 1517.9
1363640 1517.9
1363650 1524.5
1363660 1530.2
1363670 1530.2
1363680 1536.7
1363690 1543.3
1363700 1543.3
1363710 1549.3
1363720 1554.6
1363730 1554.6
1363740 1559.9
1363750 1565.5
1363760 1565.5
1363770 1570.3
1363780 1574.1
1363790 1574.1
1363800 1577.6
1363810 1580.2
1363820 1580.2
1363830 1582.4
1363840 1584.9
1363850 1587.9
1363860 1587.9
1363870 1591.0
1363880 1594.0
1363890 1594.0
1363900 1595.7
1363910 1596.9
1363920 1596.9
1363930 1599.0
1363940 1601.0
1363950 1601.0
1363960 1603.9
1363970 1607.1
1363980 1607.1
1363990 1609.5
1364000 1611.8
1364010 1611.8
1364020 1615.0
1364030 1618.2
1364040 1618.2
1364050 1621.4
1364060 1624.3
1364070 1624.3
1364080 1628.0
1364090 1630.9
1364100 1630.9
1364110 1635.3
1364120 1643.9
1364130 1649.1
1364140 1649.1
1364150 1653.3
1364160 1657.4
1364170 1657.4
1364180 1661.9
1364190 1665.5
1364200 1665.5
1364210 1669.3
1364220 1673.4
1364230 1673.4
1364240 1677.5
1364250 1681.0
1364260 1681.0
1364270 1685.2
1364280 1689.1
1364290 1689.1
1364300 1692.6
1364310 1697.4
1364320 1697.4
1364330 1704.8
1364340 1711.6
1364350 1711.6
1364360 1718.7
1364370 1724.9
1364380 1724.9
1364390 1730.9
1364400 1736.4
1364410 1737.9
1364420 1737.9
1364430 1739.5
1364440 1743.5
1364450 1743.5
1364460 1746.8
1364470 1751.2
1364480 1751.2
1364490 1756.1
1364500 1759.3
1364510 1759.3
1364520 1763.5
1364530 1768.1
1364540 1768.1
1364550 1770.7
1364560 1772.5
1364570 1772.5
1364580 1775.6
1364590 1780.2
1364600 1780.2
1364610 1786.3
1364620 1792.1
1364630 1792.1
1364640 1798.3
1364650 1804.6
1364660 1804.6
1364670 1810.5
1364680 1816.8
1364690 1816.8
1364700 1823.7
1364710 1830.2
1364720 1837.6
1364730 1837.6
1364740 1844.6
1364750 1849.4
1364760 1849.4
1364770 1854.2
1364780 1858.4
1364790 1858.4
1364800 1862.6
1364810 1867.5
1364820 1867.5
1364830 1874.5
1364840 1880.5
1364850 1880.5
1364860 1885.4
1364870 1887.1
1364880 1887.1
1364890 1888.3
1364900 1892.6
1364910 1892.6
1364920 1897.7
1364930 1902.3
1364940 1902.3
1364950 1906.6
1364960 1910.4
1364970 1910.4
1364980 1914.0
1364990 1916.5
1365000 1917.8
1365010 1917.8
1365020 1917.9
1365030 1917.7
1365040 1917.7
1365050 1916.8
1365060 1918.4
1365070 1918.4
1365080 1921.3
1365090 1921.9
1365100 1921.9
1365110 1922.9
1365120 1923.8
1365130 1923.8
1365140 1924.1
1365150 1925.8
1365160 1925.8
1365170 1928.3
1365180 1932.6
1365190 1932.6
1365200 1936.6
1365210 1940.8
1365220 1940.8
1365230 1945.6
1365240 1950.1
1365250 1950.1
1365260 1953.2
1365270 1955.3
1365280 1957.0
1365290 1957.0
1365300 1958.5
1365310 1960.1
1365320 1960.1
1365330 1963.4
1365340 1966.7
1365350 1966.7
1365360 1969.1
1365370 1972.3
1365380 1972.3
1365390 1975.5
1365400 1978.3
1365410 1978.3
1365420 1981.1
1365430 1981.3
1365440 1981.3
1365450 1972.3
1365460 1960.9
1365470 1960.9
1365480 1952.0
1365490 1943.7
1365500 1943.7
1365510 1933.1
1365520 1921.0
1365530 1921.0
1365540 1913.9
1365550 1910.3
1365560 1910.3
1365570 1904.0
1365580 1897.2
1365590 1890.4
1365600 1890.4
1365610 1883.5
1365620 1876.9
1365630 1876.9
1365640 1871.0
1365650 1865.1
1365660 1865.1
1365670 1859.1
1365680 1852.6
1365690 1852.6
1365700 1846.9
1365710 1840.5
1365720 1840.5
1365730 1834.1
1365740 1827.8
1365750 1827.8
1365760 1821.8
1365770 1816.5
1365780 1816.5
1365790 1811.4
1365800 1806.6
1365810 1806.6
1365820 1802.5
1365830 1799.8
1365840 1799.8
1365850 1799.2
1365860 1796.9
1365870 1793.2
1365880 1793.2
1365890 1791.6
1365900 1788.1
1365910 1788.1
1365920 1784.1
1365930 1780.2
1365940 1780.2
1365950 1776.6
1365960 1774.2
1365970 1774.2
1365980 1769.4
1365990 1763.4
1366000 1763.4
1366010 1758.3
1366020 1753.9
1366030 1753.9
1366040 1749.3
1366050 1744.9
1366060 1744.9
1366070 1739.5
1366080 1736.0
1366090 1736.0
1366100 1733.1
1366110 1728.9
1366120 1728.9
1366130 1725.1
1366140 1721.9
1366150 1718.8
1366160 1718.8
1366170 1717.0
1366180 1716.0
1366190 1716.0
1366200 1714.3
1366210 1712.5
1366220 1712.5
1366230 1710.4
1366240 1707.3
1366250 1707.3
1366260 1702.6
1366270 1698.0
1366280 1698.0
1366290 1694.7
1366300 1690.7
1366310 1690.7
1366320 1689.1
1366330 1692.1
1366340 1692.1
1366350 1693.6
1366360 1694.4
1366370 1694.4
1366380 1695.4
1366390 1696.8
1366400 1696.8
1366410 1697.9
1366420 1698.6
1366430 1698.6
1366440 1699.6
1366450 1702.1
1366460 1706.0
1366470 1706.0
1366480 1709.2
1366490 1712.4
1366500 1712.4
1366510 1715.7
1366520 1718.5
1366530 1718.5
1366540 1720.4
1366550 1723.1
1366560 1723.1
1366570 1724.9
1366580 1725.3
1366590 1725.3
1366600 1724.9
1366610 1724.9
1366620 1724.9
1366630 1725.5
1366640 1726.5
1366650 1726.5
1366660 1727.6
1366670 1728.4
1366680 1728.4
1366690 1729.6
1366700 1729.7
1366710 1729.7
1366720 1729.1
1366730 1728.2
1366740 1727.0
1366750 1727.0
1366760 1724.7
1366770 1716.2
1366780 1716.2
1366790 1705.1
1366800 1699.8
1366810 1699.8
1366820 1697.4
1366830 1694.6
1366840 1694.6
1366850 1692.0
1366860 1688.9
1366870 1688.9
1366880 1685.9
1366890 1683.0
1366900 1683.0
1366910 1680.0
1366920 1674.6
1366930 1674.6
1366940 1668.8
1366950 1665.3
1366960 1665.3
1366970 1661.8
1366980 1659.0
1366990 1659.0
1367000 1656.3
1367010 1653.7
1367020 1651.1
1367030 1651.1
1367040 1647.7
1367050 1644.7
1367060 1644.7
1367070 1643.8
1367080 1643.5
1367090 1643.5
1367100 1642.7
1367110 1643.5
1367120 1643.5
1367130 1644.7
1367140 1644.2
1367150 1644.2
1367160 1641.2
1367170 1638.2
1367180 1638.2
1367190 1637.2
1367200 1636.6
1367210 1636.6
1367220 1635.1
1367230 1632.3
1367240 1632.3
1367250 1630.7
1367260 1628.8
1367270 1628.8
1367280 1623.4
1367290 1618.5
1367300 1618.5
1367310 1614.0
1367320 1609.6
1367330 1605.1
1367340 1600.3
1367350 1597.9
1367360 1596.6
1367370 1596.6
1367380 1594.9
1367390 1593.2
1367400 1593.2
1367410 1591.4
1367420 1590.2
1367430 1590.2
1367440 1588.6
1367450 1587.5
1367460 1587.5
1367470 1587.9
1367480 1588.0
1367490 1588.0
1367500 1586.6
1367510 1583.1
1367520 1583.1
1367530 1580.7
1367540 1578.5
1367550 1578.5
1367560 1575.5
1367570 1573.3
1367580 1573.3
1367590 1570.3
1367600 1567.0
1367610 1562.2
1367620 1562.2
1367630 1557.0
1367640 1552.2
1367650 1552.2
1367660 1547.6
1367670 1544.5
1367680 1544.5
1367690 1542.4
1367700 1540.4
1367710 1540.4
1367720 1538.7
1367730 1538.2
1367740 1538.2
1367750 1535.6
1367760 1529.0
1367770 1529.0
1367780 1519.9
1367790 1512.0
1367800 1512.0
1367810 1509.6
1367820 1506.4
1367830 1506.4
1367840 1499.9
1367850 1494.8
1367860 1494.8
1367870 1489.3
1367880 1482.9
1367890 1475.5
1367900 1475.5
1367910 1466.8
1367920 1458.4
1367930 1458.4
1367940 1448.8
1367950 1439.6
1367960 1439.6
1367970 1422.5
1367980 1412.3
1367990 1412.3
1368000 1406.3
1368010 1401.4
1368020 1401.4
1368030 1397.1
1368040 1391.3
1368050 1391.3
1368060 1384.4
1368070 1377.5
1368080 1377.5
1368090 1370.5
1368100 1364.5
1368110 1364.5
1368120 1359.5
1368130 1354.1
1368140 1354.1
1368150 1347.2
1368160 1340.0
1368170 1340.0
1368180 1331.2
1368190 1321.9
1368200 1316.8
1368210 1316.8
1368220 1314.5
1368230 1307.8
1368240 1307.8
1368250 1299.7
1368260 1292.1
1368270 1292.1
1368280 1285.7
1368290 1276.7
1368300 1276.7
1368310 1269.1
1368320 1272.8
1368330 1272.8
1368340 1274.5
1368350 1273.3
1368360 1273.3
1368370 1270.7
1368380 1267.6
1368390 1267.6
1368400 1263.8
1368410 1259.5
1368420 1259.5
1368430 1255.1
1368440 1247.2
1368450 1247.2
1368460 1240.3
1368470 1234.6
1368480 1228.8
1368490 1228.8
1368500 1224.0
1368510 1218.7
1368520 1218.7
1368530 1214.3
1368540 1208.8
1368550 1208.8
1368560 1203.3
1368570 1198.5
1368580 1198.5
1368590 1193.5
1368600 1189.2
1368610 1189.2
1368620 1185.7
1368630 1182.9
1368640 1182.9
1368650 1180.0
1368660 1178.1
1368670 1178.1
1368680 1175.1
1368690 1169.6
1368700 1169.6
1368710 1165.9
1368720 1164.8
1368730 1164.8
1368740 1161.6
1368750 1159.4
1368760 1154.2
1368770 1154.2
1368780 1146.8
1368790 1140.3
1368800 1140.3
1368810 1135.5
1368820 1129.0
1368830 1129.0
1368840 1122.8
1368850 1117.6
1368860 1117.6
1368870 1113.4
1368880 1109.5
1368890 1109.5
1368900 1105.3
1368910 1100.5
1368920 1100.5
1368930 1097.1
1368940 1093.7
1368950 1093.7
1368960 1090.6
1368970 1087.1
1368980 1087.1
1368990 1083.4
1369000 1080.0
1369010 1080.0
1369020 1076.0
1369030 1072.1
1369040 1072.1
1369050 1068.6
1369060 1064.4
1369070 1060.2
1369080 1060.2
1369090 1056.3
1369100 1052.0
1369110 1052.0
1369120 1048.0
1369130 1043.8
1369140 1043.8
1369150 1038.9
1369160 1032.7
1369170 1032.7
1369180 1029.4
1369190 1029.5
1369200 1029.5
1369210 1029.5
1369220 1029.9
1369230 1029.9
1369240 1030.5
1369250 1031.7
1369260 1031.7
1369270 1033.4
1369280 1034.1
1369290 1034.1
1369300 1034.1
1369310 1034.2
1369320 1034.2
1369330 1035.0
1369340 1035.6
1369350 1035.4
1369360 1035.4
1369370 1034.6
1369380 1034.7
1369390 1034.7
1369400 1036.1
1369410 1036.6
1369420 1036.6
1369430 1038.2
1369440 1040.1
1369450 1040.1
1369460 1042.7
1369470 1045.3
1369480 1045.3
1369490 1048.0
1369500 1049.1
1369510 1049.1
1369520 1049.6
1369530 1052.6
1369540 1055.4
1369550 1059.1
1369560 1065.7
1369570 1065.7
1369580 1072.1
1369590 1076.7
1369600 1076.7
1369610 1081.1
1369620 1087.1
1369630 1090.4
1369640 1090.4
1369650 1093.2
1369660 1096.7
1369670 1096.7
1369680 1099.7
1369690 1099.3
1369700 1099.3
1369710 1098.2
1369720 1098.4
1369730 1098.4
1369740 1100.8
1369750 1105.1
1369760 1105.1
1369770 1110.8
1369780 1117.5
1369790 1117.5
1369800 1125.6
1369810 1132.2
1369820 1132.2
1369830 1135.4
1369840 1137.1
1369850 1137.1
1369860 1139.2
1369870 1142.2
1369880 1142.2
1369890 1145.9
1369900 1149.3
1369910 1149.3
1369920 1152.4
1369930 1154.4
1369940 1156.7
1369950 1156.7
1369960 1159.6
1369970 1161.8
1369980 1161.8
1369990 1163.7
1370000 1166.0
1370010 1166.0
1370020 1168.5
1370030 1170.3
1370040 1170.3
1370050 1172.8
1370060 1175.5
1370070 1175.5
1370080 1178.5
1370090 1182.3
1370100 1182.3
1370110 1185.5
1370120 1188.4
1370130 1188.4
1370140 1191.5
1370150 1193.1
1370160 1193.1
1370170 1192.4
1370180 1190.1
1370190 1190.1
1370200 1187.2
1370210 1183.5
1370220 1179.8
1370230 1179.8
1370240 1176.3
1370250 1172.7
1370260 1172.7
1370270 1169.2
1370280 1165.2
1370290 1165.2
1370300 1160.3
1370310 1154.1
1370320 1154.1
1370330 1147.8
1370340 1142.1
1370350 1142.1
1370360 1136.6
1370370 1130.5
1370380 1130.5
1370390 1125.2
1370400 1120.8
1370410 1120.8
1370420 1117.1
1370430 1114.6
1370440 1114.6
1370450 1111.7
1370460 1108.6
1370470 1108.6
1370480 1105.6
1370490 1102.7
1370500 1100.4
1370510 1100.4
1370520 1099.0
1370530 1097.9
1370540 1097.9
1370550 1097.0
1370560 1095.9
1370570 1095.9
1370580 1094.8
1370590 1093.7
1370600 1093.7
1370610 1093.1
1370620 1091.1
1370630 1091.1
1370640 1086.7
1370650 1081.8
1370660 1087.0
1370670 1082.1
1370680 1076.8
1370690 1076.8
1370700 1070.9
1370710 1066.9
1370720 1066.9
1370730 1063.7
1370740 1061.7
1370750 1061.7
1370760 1061.4
1370770 1062.4
1370780 1063.9
1370790 1063.9
1370800 1064.6
1370810 1065.6
1370820 1065.6
1370830 1066.6
1370840 1066.9
1370850 1066.9
1370860 1067.4
1370870 1067.4
1370880 1067.4
1370890 1067.4
1370900 1068.1
1370910 1068.1
1370920 1068.9
1370930 1068.6
1370940 1068.6
1370950 1067.8
1370960 1065.0
1370970 1065.0
1370980 1063.9
1370990 1066.2
1371000 1066.2
1371010 1067.7
1371020 1071.3
1371030 1071.3
1371040 1078.4
1371050 1086.1
1371060 1086.1
1371070 1093.4
1371080 1099.2
1371090 1102.7
1371100 1102.7
1371110 1105.8
1371120 1109.4
1371130 1109.4
1371140 1113.2
1371150 1117.2
1371160 1117.2
1371170 1120.9
1371180 1124.3
1371190 1124.3
1371200 1127.5
1371210 1130.5
1371220 1130.5
1371230 1134.2
1371240 1140.0
1371250 1140.0
1371260 1144.8
1371270 1148.1
1371280 1148.1
1371290 1151.3
1371300 1155.9
1371310 1155.9
1371320 1159.2
1371330 1161.8
1371340 1161.8
1371350 1166.3
1371360 1172.1
1371370 1177.8
1371380 1177.8
1371390 1182.3
1371400 1188.3
1371410 1188.3
1371420 1192.5
1371430 1196.1
1371440 1196.1
1371450 1200.1
1371460 1203.5
1371470 1203.5
1371480 1205.9
1371490 1208.6
1371500 1208.6
1371510 1211.9
1371520 1215.9
1371530 1215.9
1371540 1219.6
1371550 1223.4
1371560 1223.4
1371570 1226.4
1371580 1228.5
1371590 1228.5
1371600 1231.0
1371610 1233.6
1371620 1233.6
1371630 1238.4
1371640 1242.7
1371650 1244.9
1371660 1244.9
1371670 1242.8
1371680 1241.3
1371690 1241.3
1371700 1242.8
1371710 1248.0
1371720 1248.0
1371730 1252.3
1371740 1256.0
1371750 1256.0
1371760 1262.5
1371770 1270.9
1371780 1270.9
1371790 1282.3
1371800 1293.3
1371810 1293.3
1371820 1302.2
1371830 1310.4
1371840 1310.4
1371850 1316.4
1371860 1321.5
1371870 1321.5
1371880 1326.1
1371890 1330.1
1371900 1330.1
1371910 1334.5
1371920 1339.2
1371930 1339.2
1371940 1342.7
1371950 1346.1
1371960 1350.4
1371970 1350.4
1371980 1354.6
1371990 1358.2
1372000 1358.2
1372010 1361.0
1372020 1363.8
1372030 1363.8
1372040 1367.2
1372050 1369.5
1372060 1369.5
1372070 1372.4
1372080 1376.6
1372090 1376.6
1372100 1380.7
1372110 1385.5
1372120 1385.5
1372130 1390.5
1372140 1393.1
1372150 1393.1
1372160 1394.6
1372170 1395.3
1372180 1395.3
1372190 1397.4
1372200 1402.7
1372210 1402.7
1372220 1408.0
1372230 1415.2
1372240 1421.8
1372250 1421.8
1372260 1428.6
1372270 1435.1
1372280 1435.1
1372290 1439.9
1372300 1444.3
1372310 1444.3
1372320 1448.8
1372330 1452.6
1372340 1452.6
1372350 1456.1
1372360 1459.9
1372370 1459.9
1372380 1464.0
1372390 1469.2
1372400 1469.2
1372410 1476.3
1372420 1482.2
1372430 1482.2
1372440 1484.8
1372450 1484.8
1372460 1484.8
1372470 1485.6
1372480 1489.1
1372490 1489.1
1372500 1496.7
1372510 1505.6
1372520 1512.2
1372530 1512.2
1372540 1517.1
1372550 1520.4
1372560 1520.4
1372570 1522.6
1372580 1523.9
1372590 1523.9
1372600 1530.3
1372610 1535.5
1372620 1535.5
1372630 1543.8
1372640 1550.3
1372650 1550.3
1372660 1556.8
1372670 1564.0
1372680 1564.0
1372690 1570.4
1372700 1577.0
1372710 1577.0
1372720 1586.3
1372730 1599.7
1372740 1599.7
1372750 1607.5
1372760 1609.2
1372770 1609.2
1372780 1607.9
1372790 1610.5
1372800 1610.5
1372810 1615.2
1372820 1621.3
1372830 1627.7
1372840 1627.7
1372850 1633.5
1372860 1637.9
1372870 1637.9
1372880 1642.6
1372890 1649.5
1372900 1649.5
1372910 1657.9
1372920 1661.7
1372930 1661.7
1372940 1668.9
1372950 1676.2
1372960 1676.2
1372970 1682.2
1372980 1687.5
1372990 1687.5
1373000 1691.6
1373010 1695.7
1373020 1695.7
1373030 1700.2
1373040 1704.5
1373050 1704.5
1373060 1707.5
1373070 1710.9
1373080 1710.9
1373090 1716.3
1373100 1721.7
1373110 1726.7
1373120 1726.7
1373130 1731.4
1373140 1736.5
1373150 1736.5
1373160 1742.8
1373170 1748.7
1373180 1748.7
1373190 1755.2
1373200 1761.8
1373210 1761.8
1373220 1769.9
1373230 1776.9
1373240 1776.9
1373250 1781.5
1373260 1786.0
1373270 1786.0
1373280 1790.4
1373290 1795.3
1373300 1795.3
1373310 1800.8
1373320 1805.5
1373330 1805.5
1373340 1809.6
1373350 1813.8
1373360 1813.8
1373370 1818.5
1373380 1823.0
1373390 1826.8
1373400 1826.8
1373410 1830.2
1373420 1833.2
1373430 1833.2
1373440 1835.4
1373450 1836.4
1373460 1836.4
1373470 1836.4
1373480 1836.4
1373490 1836.4
1373500 1835.1
1373510 1834.0
1373520 1834.0
1373530 1834.7
1373540 1835.2
1373550 1835.2
1373560 1835.2
1373570 1835.5
1373580 1835.5
1373590 1835.5
1373600 1834.6
1373610 1834.6
1373620 1834.1
1373630 1834.1
1373640 1834.1
1373650 1835.0
1373660 1836.7
1373670 1836.7
1373680 1839.0
1373690 1842.6
1373700 1844.9
1373710 1844.9
1373720 1846.6
1373730 1849.1
1373740 1849.1
1373750 1852.6
1373760 1856.3
1373770 1856.3
1373780 1860.2
1373790 1863.3
1373800 1863.3
1373810 1865.4
1373820 1866.1
1373830 1866.1
1373840 1866.1
1373850 1866.8
1373860 1866.8
1373870 1867.2
1373880 1867.0
1373890 1867.0
1373900 1866.6
1373910 1864.8
1373920 1864.8
1373930 1863.9
1373940 1866.0
1373950 1866.0
1373960 1869.5
1373970 1873.7
1373980 1876.2
1373990 1876.2
1374000 1874.9
1374010 1870.2
1374020 1870.2
1374030 1862.5
1374040 1853.4
1374050 1853.4
1374060 1846.7
1374070 1839.9
1374080 1839.9
1374090 1833.7
1374100 1827.6
1374110 1827.6
1374120 1821.6
1374130 1816.1
1374140 1816.1
1374150 1811.2
1374160 1807.3
1374170 1807.3
1374180 1804.3
1374190 1802.7
1374200 1802.7
1374210 1801.3
1374220 1801.2
1374230 1801.2
1374240 1802.3
1374250 1803.1
1374260 1802.2
1374270 1802.2
1374280 1799.6
1374290 1796.1
1374300 1796.1
1374310 1791.9
1374320 1787.7
1374330 1787.7
1374340 1784.1
1374350 1780.5
1374360 1780.5
1374370 1776.8
1374380 1773.0
1374390 1773.0
1374400 1768.7
1374410 1764.8
1374420 1764.8
1374430 1760.7
1374440 1757.2
1374450 1757.2
1374460 1754.5
1374470 1752.2
1374480 1752.2
1374490 1750.4
1374500 1749.1
1374510 1749.1
1374520 1748.1
1374530 1746.5
1374540 1746.5
1374550 1744.8
1374560 1743.2
1374570 1741.8
1374580 1741.8
1374590 1740.4
1374600 1738.3
1374610 1738.3
1374620 1735.5
1374630 1731.9
1374640 1731.9
1374650 1728.5
1374660 1725.1
1374670 1725.1
1374680 1721.8
1374690 1718.6
1374700 1718.6
1374710 1716.1
1374720 1714.6
1374730 1714.6
1374740 1713.2
1374750 1711.4
1374760 1711.4
1374770 1709.9
1374780 1709.2
1374790 1709.2
1374800 1708.0
1374810 1706.4
1374820 1706.4
1374830 1704.1
1374840 1701.4
1374850 1698.9
1374860 1698.9
1374870 1696.3
1374880 1694.4
1374890 1694.4
1374900 1692.3
1374910 1689.6
1374920 1689.6
1374930 1686.2
1374940 1684.5
1374950 1684.5
1374960 1683.8
1374970 1682.7
1374980 1682.7
1374990 1680.6
1375000 1679.7
1375010 1679.7
1375020 1679.0
1375030 1677.8
1375040 1677.8
1375050 1676.5
1375060 1674.5
1375070 1674.5
1375080 1671.6
1375090 1668.0
1375100 1668.0
1375110 1664.0
1375120 1659.8
1375130 1656.5
1375140 1656.5
1375150 1654.4
1375160 1654.0
1375170 1654.0
1375180 1653.5
1375190 1654.5
1375200 1654.5
1375210 1656.0
1375220 1662.1
1375230 1662.1
1375240 1662.5
1375250 1663.3
1375260 1663.3
1375270 1663.7
1375280 1663.6
1375290 1663.6
1375300 1665.2
1375310 1666.3
1375320 1666.3
1375330 1666.6
1375340 1667.7
1375350 1667.7
1375360 1668.4
1375370 1669.6
1375380 1669.6
1375390 1670.4
1375400 1672.6
1375410 1672.6
1375420 1675.6
1375430 1678.8
1375440 1680.9
1375450 1680.9
1375460 1677.3
1375470 1672.2
1375480 1672.2
1375490 1666.3
1375500 1660.6
1375510 1660.6
1375520 1655.1
1375530 1650.1
1375540 1650.1
1375550 1645.8
1375560 1641.8
1375570 1641.8
1375580 1638.0
1375590 1635.1
1375600 1635.1
1375610 1632.4
1375620 1630.6
1375630 1630.6
1375640 1628.2
1375650 1625.3
1375660 1625.3
1375670 1621.7
1375680 1617.4
1375690 1617.4
1375700 1613.8
1375710 1611.6
1375720 1609.6
1375730 1609.6
1375740 1608.6
1375750 1608.1
1375760 1608.1
1375770 1607.1
1375780 1604.9
1375790 1604.9
1375800 1602.5
1375810 1600.0
1375820 1600.0
1375830 1596.7
1375840 1592.9
1375850 1592.9
1375860 1589.8
1375870 1585.8
1375880 1585.8
1375890 1581.0
1375900 1576.2
1375910 1576.2
1375920 1572.9
1375930 1569.6
1375940 1569.6
1375950 1566.5
1375960 1564.2
1375970 1564.2
1375980 1562.0
1375990 1558.6
1376000 1554.9
1376010 1554.9
1376020 1550.3
1376030 1545.3
1376040 1545.3
1376050 1538.4
1376060 1533.0
1376070 1533.0
1376080 1528.7
1376090 1526.4
1376100 1526.4
1376110 1524.9
1376120 1522.4
1376130 1522.4
1376140 1519.3
1376150 1515.8
1376160 1515.8
1376170 1512.9
1376180 1510.5
1376190 1510.5
1376200 1506.6
1376210 1501.9
1376220 1501.9
1376230 1495.7
1376240 1487.9
1376250 1487.9
1376260 1479.6
1376270 1472.8
1376280 1467.7
1376290 1467.7
1376300 1463.4
1376310 1460.5
1376320 1460.5
1376330 1458.0
1376340 1454.7
1376350 1454.7
1376360 1450.2
1376370 1444.5
1376380 1444.5
1376390 1436.3
1376400 1432.2
1376410 1432.2
1376420 1428.2
1376430 1423.9
1376440 1423.9
1376450 1419.6
1376460 1415.2
1376470 1415.2
1376480 1411.0
1376490 1406.8
1376500 1406.8
1376510 1402.2
1376520 1397.6
1376530 1397.6
1376540 1392.2
1376550 1385.7
1376560 1385.7
1376570 1378.2
1376580 1370.3
1376590 1363.3
1376600 1363.3
1376610 1357.4
1376620 1352.0
1376630 1352.0
1376640 1348.6
1376650 1346.8
1376660 1346.8
1376670 1344.9
1376680 1341.7
1376690 1341.7
1376700 1338.3
1376710 1335.0
1376720 1335.0
1376730 1331.5
1376740 1327.7
1376750 1327.7
1376760 1323.1
1376770 1318.0
1376780 1318.0
1376790 1312.4
1376800 1306.9
1376810 1306.9
1376820 1302.2
1376830 1298.1
1376840 1298.1
1376850 1295.5
1376860 1293.9
1376870 1291.4
1376880 1291.4
1376890 1287.8
1376900 1283.6
1376910 1283.6
1376920 1279.0
1376930 1274.9
1376940 1274.9
1376950 1270.1
1376960 1266.2
1376970 1266.2
1376980 1262.8
1376990 1259.3
1377000 1259.3
1377010 1256.3
1377020 1252.7
1377030 1252.7
1377040 1249.2
1377050 1245.4
1377060 1245.4
1377070 1239.8
1377080 1234.2
1377090 1234.2
1377100 1229.9
1377110 1226.6
1377120 1226.6
1377130 1223.3
1377140 1217.6
1377150 1211.8
1377160 1211.8
1377170 1204.5
1377180 1195.5
1377190 1195.5
1377200 1187.6
1377210 1180.6
1377220 1180.6
1377230 1179.3
1377240 1180.3
1377250 1180.3
1377260 1180.3
1377270 1181.1
1377280 1181.1
1377290 1181.5
1377300 1184.0
1377310 1184.0
1377320 1190.8
1377330 1197.9
1377340 1197.9
1377350 1201.3
1377360 1203.7
1377370 1203.7
1377380 1206.3
1377390 1209.2
1377400 1209.2
1377410 1212.9
1377420 1215.9
1377430 1215.9
1377440 1219.3
1377450 1223.2
1377460 1227.7
1377470 1227.7
1377480 1232.8
1377490 1239.0
1377500 1239.0
1377510 1246.9
1377520 1254.2
1377530 1254.2
1377540 1261.9
1377550 1269.9
1377560 1269.9
1377570 1277.5
1377580 1285.0
1377590 1285.0
1377600 1292.8
1377610 1301.0
1377620 1301.0
1377630 1309.4
1377640 1317.7
1377650 1317.7
1377660 1325.5
1377670 1334.2
1377680 1334.2
1377690 1343.2
1377700 1351.7
1377710 1351.7
1377720 1359.7
1377730 1366.4
1377740 1371.0
1377750 1371.0
1377760 1374.0
1377770 1376.4
1377780 1376.4
1377790 1378.6
1377800 1379.6
1377810 1379.6
1377820 1378.0
1377830 1374.4
1377840 1374.4
1377850 1370.3
1377860 1366.4
1377870 1366.4
1377880 1362.5
1377890 1357.6
1377900 1357.6
1377910 1349.9
1377920 1342.6
1377930 1342.6
1377940 1335.2
1377950 1328.7
1377960 1328.7
1377970 1324.4
1377980 1319.4
1377990 1319.4
1378000 1317.8
1378010 1323.6
1378020 1332.5
1378030 1332.5
1378040 1342.9
1378050 1353.4
1378060 1353.4
1378070 1366.4
1378080 1377.1
1378090 1377.1
1378100 1384.6
1378110 1391.0
1378120 1391.0
1378130 1396.7
1378140 1402.4
1378150 1402.4
1378160 1409.1
1378170 1416.2
1378180 1416.2
1378190 1423.0
1378200 1430.3
1378210 1430.3
1378220 1437.7
1378230 1442.1
1378240 1442.1
1378250 1449.6
1378260 1457.2
1378270 1457.2
1378280 1464.3
1378290 1471.7
1378300 1471.7
1378310 1479.9
1378320 1487.7
1378330 1494.7
1378340 1494.7
1378350 1502.1
1378360 1509.2
1378370 1509.2
1378380 1516.5
1378390 1524.2
1378400 1524.2
1378410 1532.1
1378420 1539.4
1378430 1539.4
1378440 1546.3
1378450 1553.7
1378460 1553.7
1378470 1561.4
1378480 1569.0
1378490 1569.0
1378500 1576.3
1378510 1583.5
1378520 1583.5
1378530 1589.6
1378540 1594.3
1378550 1594.3
1378560 1598.0
1378570 1601.0
1378580 1601.0
1378590 1604.2
1378600 1608.1
1378610 1611.4
1378620 1611.4
1378630 1612.8
1378640 1613.3
1378650 1613.3
1378660 1613.2
1378670 1614.1
1378680 1614.1
1378690 1615.3
1378700 1615.2
1378710 1615.2
1378720 1613.3
1378730 1609.8
1378740 1609.8
1378750 1606.6
1378760 1604.3
1378770 1604.3
1378780 1609.1
1378790 1607.0
1378800 1607.0
1378810 1603.9
1378820 1600.7
1378830 1600.7
1378840 1597.0
1378850 1591.9
1378860 1591.9
1378870 1591.9
1378880 1596.9
1378890 1601.5
1378900 1601.5
1378910 1605.5
1378920 1607.5
1378930 1607.5
1378940 1608.7
1378950 1609.8
1378960 1609.8
1378970 1611.5
1378980 1613.3
1378990 1613.3
1379000 1614.4
1379010 1614.9
1379020 1614.9
1379030 1614.2
1379040 1613.7
1379050 1613.7
1379060 1613.6
1379070 1615.1
1379080 1615.1
1379090 1618.5
1379100 1621.9
1379110 1621.9
1379120 1626.0
1379130 1630.6
1379140 1630.6
1379150 1635.7
1379160 1640.4
1379170 1640.4
1379180 1644.6
1379190 1648.4
1379200 1651.9
1379210 1651.9
1379220 1655.7
1379230 1658.8
1379240 1658.8
1379250 1659.6
1379260 1657.6
1379270 1657.6
1379280 1656.1
1379290 1656.5
1379300 1656.5
1379310 1656.0
1379320 1656.0
1379330 1656.0
1379340 1657.5
1379350 1654.6
1379360 1654.6
1379370 1654.2
1379380 1652.5
1379390 1652.5
1379400 1649.5
1379410 1644.7
1379420 1644.7
1379430 1638.6
1379440 1632.9
1379450 1632.9
1379460 1626.7
1379470 1620.7
1379480 1616.8
1379490 1616.8
1379500 1613.1
1379510 1608.1
1379520 1608.1
1379530 1602.6
1379540 1597.7
1379550 1597.7
1379560 1593.6
1379570 1590.2
1379580 1590.2
1379590 1587.2
1379600 1585.1
1379610 1585.1
1379620 1583.0
1379630 1580.5
1379640 1580.5
1379650 1578.1
1379660 1574.4
1379670 1574.4
1379680 1569.5
1379690 1564.7
1379700 1564.7
1379710 1560.9
1379720 1557.1
1379730 1557.1
1379740 1552.3
1379750 1547.9
1379760 1544.4
1379770 1544.4
1379780 1541.7
1379790 1539.3
1379800 1539.3
1379810 1537.0
1379820 1534.4
1379830 1534.4
1379840 1531.6
1379850 1528.4
1379860 1528.4
1379870 1524.7
1379880 1521.1
1379890 1521.1
1379900 1517.1
1379910 1513.3
1379920 1513.3
1379930 1509.6
1379940 1506.2
1379950 1506.2
1379960 1503.5
1379970 1499.4
1379980 1499.4
1379990 1493.5
