1360000 868.6
1360010 867.1
1360020 867.1
1360030 866.9
1360040 866.3
1360050 866.3
1360060 863.6
1360070 858.0
1360080 858.0
1360090 852.2
1360100 846.0
1360110 846.0
1360120 840.5
1360130 835.8
1360140 835.8
1360150 832.0
1360160 828.0
1360170 828.0
1360180 825.0
1360190 824.5
1360200 824.3
1360210 824.3
1360220 824.7
1360230 825.1
1360240 825.1
1360250 825.3
1360260 824.8
1360270 824.8
1360280 824.3
1360290 823.9
1360300 823.9
1360310 823.9
1360320 824.0
1360330 824.0
1360340 823.8
1360350 823.8
1360360 823.8
1360370 823.3
1360380 823.0
1360390 823.0
1360400 823.3
1360410 823.1
1360420 823.1
1360430 822.8
1360440 820.2
1360450 820.2
1360460 820.6
1360470 824.8
1360480 828.5
1360490 828.5
1360500 834.2
1360510 841.0
1360520 841.0
1360530 847.7
1360540 853.6
1360550 853.6
1360560 856.0
1360570 856.9
1360580 856.9
1360590 857.8
1360600 858.7
1360610 858.7
1360620 859.8
1360630 861.0
1360640 861.0
1360650 862.4
1360660 864.2
1360670 864.2
1360680 866.5
1360690 869.6
1360700 869.6
1360710 872.5
1360720 875.4
1360730 875.4
1360740 879.0
1360750 882.8
1360760 886.9
1360770 886.9
1360780 890.9
1360790 894.8
1360800 894.8
1360810 900.2
1360820 904.8
1360830 904.8
1360840 909.0
1360850 912.9
1360860 912.9
1360870 917.4
1360880 922.6
1360890 922.6
1360900 927.1
1360910 930.9
1360920 930.9
1360930 934.3
1360940 937.7
1360950 937.7
1360960 941.0
1360970 944.0
1360980 944.0
1360990 947.7
1361000 951.8
1361010 951.8
1361020 956.2
1361030 961.6
1361040 961.6
1361050 966.6
1361060 970.7
1361070 974.6
1361080 974.6
1361090 978.3
1361100 982.6
1361110 982.6
1361120 986.0
1361130 989.5
1361140 989.5
1361150 992.1
1361160 995.6
1361170 995.6
1361180 1000.3
1361190 1003.8
1361200 1003.8
1361210 1009.0
1361220 1013.7
1361230 1013.7
1361240 1018.5
1361250 1023.7
1361260 1023.7
1361270 1029.4
1361280 1033.3
1361290 1033.3
1361300 1036.3
1361310 1041.1
1361320 1041.1
1361330 1044.3
1361340 1048.4
1361350 1054.7
1361360 1054.7
1361370 1058.5
1361380 1062.1
1361390 1062.1
1361400 1066.7
1361410 1073.5
1361420 1073.5
1361430 1081.0
1361440 1089.2
1361450 1089.2
1361460 1097.3
1361470 1103.3
1361480 1103.3
1361490 1108.8
1361500 1113.6
1361510 1113.6
1361520 1117.0
1361530 1119.4
1361540 1119.4
1361550 1122.4
1361560 1126.9
1361570 1126.9
1361580 1130.0
1361590 1132.3
1361600 1132.3
1361610 1134.5
1361620 1134.8
1361630 1134.8
1361640 1132.3
1361650 1129.3
1361660 1127.4
1361670 1127.4
1361680 1126.3
1361690 1125.5
1361700 1125.5
1361710 1124.4
1361720 1122.7
1361730 1122.7
1361740 1121.1
1361750 1119.6
1361760 1119.6
1361770 1117.4
1361780 1115.0
1361790 1115.0
1361800 1112.4
1361810 1109.1
1361820 1108.5
1361830 1104.6
1361840 1100.1
1361850 1100.1
1361860 1096.4
1361870 1094.5
1361880 1094.5
1361890 1096.3
1361900 1098.2
1361910 1098.2
1361920 1097.0
1361930 1094.2
1361940 1087.4
1361950 1087.4
1361960 1078.0
1361970 1070.9
1361980 1070.9
1361990 1069.1
1362000 1071.7
1362010 1071.7
1362020 1070.5
1362030 1069.2
1362040 1069.2
1362050 1072.9
1362060 1077.2
1362070 1077.2
1362080 1080.0
1362090 1076.5
1362100 1076.5
1362110 1068.6
1362120 1059.2
1362130 1059.2
1362140 1050.0
1362150 1040.6
1362160 1040.6
1362170 1040.7
1362180 1045.5
1362190 1045.5
1362200 1054.4
1362210 1058.7
1362220 1058.7
1362230 1062.0
1362240 1065.4
1362250 1067.5
1362260 1067.5
1362270 1068.2
1362280 1069.2
1362290 1069.2
1362300 1069.8
1362310 1070.2
1362320 1070.2
1362330 1070.5
1362340 1071.6
1362350 1071.6
1362360 1075.4
1362370 1079.2
1362380 1079.2
1362390 1083.3
1362400 1086.9
1362410 1086.9
1362420 1091.0
1362430 1097.5
1362440 1097.5
1362450 1102.3
1362460 1105.7
1362470 1105.7
1362480 1109.4
1362490 1113.6
1362500 1113.6
1362510 1117.4
1362520 1122.9
1362530 1129.3
1362540 1129.3
1362550 1134.2
1362560 1138.2
1362570 1138.2
1362580 1141.5
1362590 1146.0
1362600 1146.0
1362610 1150.3
1362620 1154.2
1362630 1154.2
1362640 1158.2
1362650 1162.0
1362660 1162.0
1362670 1166.4
1362680 1172.3
1362690 1172.3
1362700 1177.0
1362710 1180.1
1362720 1180.1
1362730 1181.9
1362740 1182.8
1362750 1182.8
1362760 1184.6
1362770 1187.4
1362780 1187.4
1362790 1190.5
1362800 1193.7
1362810 1193.7
1362820 1197.2
1362830 1201.9
1362840 1206.4
1362850 1206.4
1362860 1211.1
1362870 1213.3
1362880 1213.3
1362890 1217.9
1362900 1222.5
1362910 1222.5
1362920 1227.5
1362930 1231.4
1362940 1231.4
1362950 1235.0
1362960 1238.9
1362970 1238.9
1362980 1243.2
1362990 1248.1
1363000 1248.1
1363010 1254.9
1363020 1261.3
1363030 1261.3
1363040 1266.6
1363050 1270.5
1363060 1270.5
1363070 1274.6
1363080 1280.3
1363090 1280.3
1363100 1286.3
1363110 1291.2
1363120 1296.9
1363130 1296.9
1363140 1303.4
1363150 1309.1
1363160 1309.1
1363170 1312.7
1363180 1317.0
1363190 1317.0
1363200 1321.7
1363210 1324.6
1363220 1324.6
1363230 1328.1
1363240 1331.6
1363250 1331.6
1363260 1333.7
1363270 1336.5
1363280 1336.5
1363290 1339.3
1363300 1341.6
1363310 1341.6
1363320 1344.8
1363330 1348.0
1363340 1348.0
1363350 1351.2
1363360 1354.6
1363370 1354.6
1363380 1358.2
1363390 1362.7
1363400 1368.0
1363410 1368.0
1363420 1371.7
1363430 1375.4
1363440 1375.4
1363450 1378.6
1363460 1381.2
1363470 1381.2
1363480 1383.1
1363490 1385.1
1363500 1385.1
1363510 1388.8
1363520 1393.2
1363530 1393.2
1363540 1398.6
1363550 1405.9
1363560 1405.9
1363570 1413.7
1363580 1421.2
1363590 1421.2
1363600 1428.8
1363610 1437.3
1363620 1437.3
1363630 1445.2
1363640 1451.5
1363650 1451.5
1363660 1456.4
1363670 1460.2
1363680 1460.2
1363690 1462.7
1363700 1467.1
1363710 1472.3
1363720 1472.3
1363730 1477.4
1363740 1484.1
1363750 1484.1
1363760 1489.5
1363770 1495.3
1363780 1495.3
1363790 1501.4
1363800 1507.2
1363810 1507.2
1363820 1513.6
1363830 1519.3
1363840 1519.3
1363850 1524.0
1363860 1528.0
1363870 1528.0
1363880 1531.9
1363890 1535.6
1363900 1535.6
1363910 1538.8
1363920 1539.0
1363930 1539.0
1363940 1543.8
1363950 1547.8
1363960 1547.8
1363970 1551.5
1363980 1556.6
1363990 1563.9
1364000 1563.9
1364010 1572.1
1364020 1580.1
1364030 1580.1
1364040 1586.6
1364050 1592.8
1364060 1592.8
1364070 1600.0
1364080 1607.3
1364090 1607.3
1364100 1614.9
1364110 1621.9
1364120 1621.9
1364130 1625.3
1364140 1629.1
1364150 1629.1
1364160 1634.5
1364170 1640.4
1364180 1640.4
1364190 1647.5
1364200 1654.9
1364210 1654.9
1364220 1661.2
1364230 1666.1
1364240 1666.1
1364250 1671.1
1364260 1677.5
1364270 1677.5
1364280 1683.5
1364290 1689.9
1364300 1694.7
1364310 1694.7
1364320 1698.8
1364330 1704.4
1364340 1704.4
1364350 1708.6
1364360 1711.2
1364370 1711.2
1364380 1714.3
1364390 1719.0
1364400 1719.0
1364410 1723.4
1364420 1726.5
1364430 1726.5
1364440 1730.5
1364450 1735.0
1364460 1735.0
1364470 1738.2
1364480 1741.4
1364490 1741.4
1364500 1744.5
1364510 1748.5
1364520 1748.5
1364530 1752.1
1364540 1755.9
1364550 1755.9
1364560 1759.0
1364570 1761.5
1364580 1764.3
1364590 1764.3
1364600 1766.1
1364610 1767.7
1364620 1767.7
1364630 1768.8
1364640 1768.2
1364650 1768.2
1364660 1769.4
1364670 1769.5
1364680 1769.5
1364690 1770.0
1364700 1772.6
1364710 1772.6
1364720 1773.6
1364730 1772.7
1364740 1772.7
1364750 1772.4
1364760 1772.1
1364770 1772.1
1364780 1772.3
1364790 1772.1
1364800 1772.1
1364810 1770.4
1364820 1770.3
1364830 1770.3
1364840 1771.0
1364850 1770.9
1364860 1770.9
1364870 1771.7
1364880 1773.0
1364890 1773.7
1364900 1773.7
1364910 1774.0
1364920 1775.3
1364930 1775.3
1364940 1777.3
1364950 1779.6
1364960 1779.6
1364970 1781.7
1364980 1788.6
1364990 1788.6
1365000 1789.9
1365010 1792.8
1365020 1792.8
1365030 1793.7
1365040 1792.8
1365050 1792.8
1365060 1791.4
1365070 1792.1
1365080 1792.1
1365090 1794.3
1365100 1797.8
1365110 1797.8
1365120 1801.6
1365130 1805.1
1365140 1805.1
1365150 1808.1
1365160 1811.0
1365170 1812.5
1365180 1812.5
1365190 1812.0
1365200 1811.5
1365210 1811.5
1365220 1813.1
1365230 1814.5
1365240 1814.5
1365250 1815.0
1365260 1815.2
1365270 1815.2
1365280 1815.3
1365290 1815.4
1365300 1815.4
1365310 1815.3
1365320 1815.8
1365330 1815.8
1365340 1816.2
1365350 1816.2
1365360 1816.2
1365370 1816.0
1365380 1815.7
1365390 1815.7
1365400 1815.7
1365410 1815.8
1365420 1815.8
1365430 1816.1
1365440 1814.1
1365450 1814.7
1365460 1814.7
1365470 1818.4
1365480 1823.1
1365490 1823.1
1365500 1825.2
1365510 1826.4
1365520 1826.4
1365530 1827.8
1365540 1830.0
1365550 1830.0
1365560 1832.3
1365570 1834.4
1365580 1834.4
1365590 1836.5
1365600 1839.3
1365610 1839.3
1365620 1842.2
1365630 1844.9
1365640 1844.9
1365650 1847.9
1365660 1850.4
1365670 1850.4
1365680 1852.0
1365690 1855.8
1365700 1855.8
1365710 1859.5
1365720 1862.5
1365730 1862.5
1365740 1864.9
1365750 1866.3
1365760 1865.5
1365770 1865.5
1365780 1863.1
1365790 1859.9
1365800 1859.9
1365810 1856.7
1365820 1853.8
1365830 1853.8
1365840 1850.4
1365850 1848.4
1365860 1848.4
1365870 1845.9
1365880 1841.7
1365890 1841.7
1365900 1836.9
1365910 1832.9
1365920 1832.9
1365930 1829.6
1365940 1826.8
1365950 1826.8
1365960 1823.6
1365970 1821.2
1365980 1821.2
1365990 1819.3
1366000 1818.3
1366010 1818.3
1366020 1817.7
1366030 1818.2
1366040 1818.9
1366050 1818.0
1366060 1817.0
1366070 1813.3
1366080 1813.3
1366090 1811.5
1366100 1810.8
1366110 1810.8
1366120 1808.8
1366130 1805.1
1366140 1805.1
1366150 1800.1
1366160 1797.0
1366170 1797.0
1366180 1793.7
1366190 1788.4
1366200 1788.4
1366210 1779.3
1366220 1766.7
1366230 1766.7
1366240 1758.9
1366250 1752.8
1366260 1752.8
1366270 1745.9
1366280 1737.2
1366290 1737.2
1366300 1727.3
1366310 1718.4
1366320 1718.4
1366330 1709.9
1366340 1700.8
1366350 1693.0
1366360 1693.0
1366370 1685.6
1366380 1678.4
1366390 1678.4
1366400 1671.4
1366410 1664.6
1366420 1664.6
1366430 1657.3
1366440 1650.1
1366450 1650.1
1366460 1644.3
1366470 1638.8
1366480 1638.8
1366490 1632.7
1366500 1627.4
1366510 1627.4
1366520 1623.1
1366530 1621.4
1366540 1621.4
1366550 1619.0
1366560 1615.0
1366570 1615.0
1366580 1611.3
1366590 1607.3
1366600 1607.3
1366610 1604.4
1366620 1601.1
1366630 1596.9
1366640 1596.9
1366650 1592.4
1366660 1588.2
1366670 1588.2
1366680 1582.3
1366690 1577.3
1366700 1577.3
1366710 1574.1
1366720 1571.0
1366730 1571.0
1366740 1569.0
1366750 1569.6
1366760 1569.6
1366770 1570.4
1366780 1568.9
1366790 1568.9
1366800 1565.9
1366810 1562.1
1366820 1562.1
1366830 1556.3
1366840 1549.6
1366850 1549.6
1366860 1544.1
1366870 1540.0
1366880 1540.0
1366890 1536.7
1366900 1532.2
1366910 1532.2
1366920 1528.5
1366930 1526.7
1366940 1524.6
1366950 1524.6
1366960 1520.3
1366970 1514.3
1366980 1514.3
1366990 1507.6
1367000 1499.8
1367010 1499.8
1367020 1493.8
1367030 1496.1
1367040 1496.1
1367050 1498.9
1367060 1498.0
1367070 1498.0
1367080 1496.6
1367090 1494.6
1367100 1494.6
1367110 1493.2
1367120 1491.7
1367130 1491.7
1367140 1494.6
1367150 1489.5
1367160 1489.5
1367170 1485.3
1367180 1488.3
1367190 1488.3
1367200 1485.9
1367210 1484.0
1367220 1484.5
1367230 1484.5
1367240 1485.6
1367250 1486.8
1367260 1486.8
1367270 1489.2
1367280 1493.0
1367290 1493.0
1367300 1493.5
1367310 1492.9
1367320 1492.9
1367330 1493.1
1367340 1494.1
1367350 1494.1
1367360 1494.1
1367370 1493.8
1367380 1493.8
1367390 1494.4
1367400 1495.3
1367410 1495.3
1367420 1497.2
1367430 1499.4
1367440 1499.4
1367450 1500.5
1367460 1501.4
1367470 1501.4
1367480 1503.6
1367490 1505.4
1367500 1508.3
1367510 1508.3
1367520 1511.3
1367530 1514.9
1367540 1514.9
1367550 1521.3
1367560 1527.2
1367570 1527.2
1367580 1530.8
1367590 1531.6
1367600 1531.6
1367610 1532.6
1367620 1532.6
1367630 1532.6
1367640 1532.3
1367650 1529.5
1367660 1529.5
1367670 1535.3
1367680 1541.7
1367690 1541.7
1367700 1546.7
1367710 1543.7
1367720 1543.7
1367730 1531.8
1367740 1527.3
1367750 1527.3
1367760 1536.2
1367770 1548.1
1367780 1548.1
1367790 1554.8
1367800 1558.3
1367810 1564.8
1367820 1564.8
1367830 1576.8
1367840 1588.1
1367850 1588.1
1367860 1597.2
1367870 1600.3
1367880 1600.3
1367890 1598.5
1367900 1596.3
1367910 1596.3
1367920 1594.7
1367930 1592.9
1367940 1592.9
1367950 1590.7
1367960 1589.2
1367970 1589.2
1367980 1588.0
1367990 1585.3
1368000 1585.3
1368010 1581.7
1368020 1577.7
1368030 1577.7
1368040 1573.1
1368050 1568.7
1368060 1568.7
1368070 1564.3
1368080 1559.4
1368090 1554.0
1368100 1554.0
1368110 1548.7
1368120 1544.1
1368130 1544.1
1368140 1538.9
1368150 1533.2
1368160 1533.2
1368170 1527.4
1368180 1522.8
1368190 1522.8
1368200 1519.6
1368210 1516.7
1368220 1516.7
1368230 1516.6
1368240 1512.7
1368250 1512.7
1368260 1508.5
1368270 1504.7
1368280 1504.7
1368290 1500.7
1368300 1496.5
1368310 1496.5
1368320 1492.9
1368330 1490.0
1368340 1490.0
1368350 1487.0
1368360 1483.7
1368370 1483.7
1368380 1480.5
1368390 1476.7
1368400 1472.0
1368410 1472.0
1368420 1469.1
1368430 1466.9
1368440 1466.9
1368450 1463.4
1368460 1460.0
1368470 1460.0
1368480 1456.3
1368490 1452.9
1368500 1452.9
1368510 1449.9
1368520 1446.9
1368530 1446.9
1368540 1444.4
1368550 1441.1
1368560 1441.1
1368570 1437.0
1368580 1432.9
1368590 1432.9
1368600 1429.2
1368610 1425.1
1368620 1425.1
1368630 1420.1
1368640 1415.1
1368650 1415.1
1368660 1409.2
1368670 1403.3
1368680 1397.9
1368690 1397.9
1368700 1392.9
1368710 1387.8
1368720 1387.8
1368730 1383.6
1368740 1380.8
1368750 1380.8
1368760 1378.1
1368770 1375.2
1368780 1375.2
1368790 1372.5
1368800 1368.9
1368810 1368.9
1368820 1365.1
1368830 1361.3
1368840 1361.3
1368850 1357.4
1368860 1351.2
1368870 1351.2
1368880 1344.0
1368890 1337.5
1368900 1337.5
1368910 1330.8
1368920 1325.6
1368930 1325.6
1368940 1320.7
1368950 1316.3
1368960 1316.3
1368970 1312.0
1368980 1306.3
1368990 1297.8
1369000 1297.8
1369010 1292.2
1369020 1287.0
1369030 1287.0
1369040 1281.6
1369050 1275.0
1369060 1275.0
1369070 1269.3
1369080 1266.2
1369090 1266.2
1369100 1262.2
1369110 1256.3
1369120 1256.3
1369130 1252.0
1369140 1247.1
1369150 1247.1
1369160 1242.5
1369170 1238.0
1369180 1238.0
1369190 1232.9
1369200 1228.6
1369210 1228.6
1369220 1225.3
1369230 1221.9
1369240 1221.9
1369250 1216.7
1369260 1212.1
1369270 1207.1
1369280 1207.1
1369290 1200.9
1369300 1194.8
1369310 1194.8
1369320 1190.5
1369330 1188.3
1369340 1189.4
1369350 1187.1
1369360 1184.1
1369370 1184.1
1369380 1180.1
1369390 1175.3
1369400 1175.3
1369410 1170.5
1369420 1164.8
1369430 1164.8
1369440 1159.6
1369450 1154.5
1369460 1154.5
1369470 1149.8
1369480 1143.8
1369490 1143.8
1369500 1136.0
1369510 1129.3
1369520 1129.3
1369530 1121.8
1369540 1115.2
1369550 1107.2
1369560 1107.2
1369570 1100.9
1369580 1094.5
1369590 1094.5
1369600 1088.3
1369610 1083.0
1369620 1083.0
1369630 1077.2
1369640 1070.5
1369650 1070.5
1369660 1064.7
1369670 1059.3
1369680 1059.3
1369690 1053.2
1369700 1045.5
1369710 1045.5
1369720 1039.4
1369730 1034.5
1369740 1034.5
1369750 1030.0
1369760 1026.7
1369770 1026.7
1369780 1020.1
1369790 1012.0
1369800 1012.0
1369810 1004.4
1369820 997.2
1369830 997.2
1369840 992.7
1369850 993.2
1369860 993.2
1369870 993.2
1369880 993.4
1369890 993.5
1369900 993.5
1369910 993.7
1369920 993.7
1369930 993.7
1369940 993.7
1369950 993.6
1369960 993.6
1369970 993.5
1369980 993.6
1369990 993.6
1370000 993.3
1370010 993.0
1370020 993.0
1370030 993.6
1370040 993.9
1370050 993.9
1370060 994.1
1370070 994.1
1370080 994.1
1370090 994.2
1370100 995.0
1370110 995.0
1370120 995.9
1370130 996.6
1370140 997.3
1370150 997.3
1370160 998.1
1370170 998.9
1370180 998.9
1370190 999.6
1370200 1000.3
1370210 1000.3
1370220 1001.0
1370230 1001.5
1370240 1001.5
1370250 1001.9
1370260 1002.6
1370270 1002.6
1370280 1003.4
1370290 1004.2
1370300 1004.2
1370310 1004.4
1370320 1004.9
1370330 1004.9
1370340 1005.3
1370350 1005.9
1370360 1005.9
1370370 1006.6
1370380 1006.9
1370390 1006.9
1370400 1007.6
1370410 1008.6
1370420 1008.6
1370430 1009.0
1370440 1009.9
1370450 1011.5
1370460 1011.5
1370470 1013.2
1370480 1015.7
1370490 1015.7
1370500 1018.4
1370510 1021.3
1370520 1021.3
1370530 1024.2
1370540 1027.0
1370550 1027.0
1370560 1030.0
1370570 1033.1
1370580 1033.1
1370590 1036.2
1370600 1039.1
1370610 1039.1
1370620 1042.0
1370630 1044.9
1370640 1044.9
1370650 1047.6
1370660 1051.2
1370670 1051.2
1370680 1056.0
1370690 1060.0
1370700 1060.0
1370710 1064.9
1370720 1069.7
1370730 1073.6
1370740 1073.6
1370750 1077.9
1370760 1081.5
1370770 1081.5
1370780 1084.7
1370790 1089.6
1370800 1089.6
1370810 1094.5
1370820 1100.3
1370830 1100.3
1370840 1105.6
1370850 1111.1
1370860 1111.1
1370870 1116.9
1370880 1122.2
1370890 1122.2
1370900 1127.5
1370910 1132.7
1370920 1132.7
1370930 1136.9
1370940 1140.7
1370950 1140.7
1370960 1144.5
1370970 1149.3
1370980 1149.3
1370990 1156.1
1371000 1162.8
1371010 1168.7
1371020 1168.7
1371030 1174.3
1371040 1179.2
1371050 1179.2
1371060 1183.7
1371070 1186.6
1371080 1186.6
1371090 1190.7
1371100 1194.2
1371110 1194.2
1371120 1199.5
1371130 1206.0
1371140 1206.0
1371150 1211.6
1371160 1215.9
1371170 1215.9
1371180 1221.4
1371190 1225.2
1371200 1225.2
1371210 1227.0
1371220 1227.8
1371230 1227.8
1371240 1227.7
1371250 1229.3
1371260 1229.3
1371270 1232.1
1371280 1235.2
1371290 1235.2
1371300 1237.2
1371310 1238.2
1371320 1237.8
1371330 1237.8
1371340 1236.1
1371350 1230.3
1371360 1230.3
1371370 1224.0
1371380 1221.3
1371390 1221.3
1371400 1220.4
1371410 1215.1
1371420 1215.1
1371430 1212.8
1371440 1215.4
1371450 1215.4
1371460 1219.2
1371470 1220.7
1371480 1220.7
1371490 1222.5
1371500 1221.0
1371510 1221.0
1371520 1217.8
1371530 1215.4
1371540 1215.4
1371550 1213.1
1371560 1211.3
1371570 1219.7
1371580 1223.4
1371590 1225.4
1371600 1226.6
1371610 1226.6
1371620 1227.7
1371630 1230.5
1371640 1230.5
1371650 1235.5
1371660 1239.2
1371670 1239.2
1371680 1242.4
1371690 1247.3
1371700 1247.3
1371710 1246.4
1371720 1241.4
1371730 1241.4
1371740 1239.8
1371750 1239.2
1371760 1239.2
1371770 1241.6
1371780 1247.7
1371790 1247.7
1371800 1255.9
1371810 1265.4
1371820 1265.4
1371830 1275.4
1371840 1284.2
1371850 1284.2
1371860 1282.6
1371870 1276.4
1371880 1276.4
1371890 1269.8
1371900 1268.9
1371910 1277.1
1371920 1277.1
1371930 1288.5
1371940 1299.6
1371950 1299.6
1371960 1306.2
1371970 1310.3
1371980 1310.3
1371990 1312.4
1372000 1312.8
1372010 1312.8
1372020 1313.8
1372030 1313.3
1372040 1313.3
1372050 1311.8
1372060 1309.1
1372070 1309.1
1372080 1304.6
1372090 1303.6
1372100 1303.6
1372110 1302.7
1372120 1304.2
1372130 1304.2
1372140 1302.4
1372150 1298.5
1372160 1298.5
1372170 1292.2
1372180 1290.2
1372190 1294.7
1372200 1294.7
1372210 1302.9
1372220 1311.5
1372230 1311.5
1372240 1318.0
1372250 1325.1
1372260 1325.1
1372270 1339.7
1372280 1358.8
1372290 1358.8
1372300 1369.0
1372310 1376.9
1372320 1376.9
1372330 1384.5
1372340 1391.1
1372350 1391.1
1372360 1396.7
1372370 1402.2
1372380 1402.2
1372390 1405.6
1372400 1408.3
1372410 1408.3
1372420 1410.6
1372430 1412.6
1372440 1412.6
1372450 1413.7
1372460 1416.4
1372470 1416.4
1372480 1420.1
1372490 1423.7
1372500 1428.2
1372510 1428.2
1372520 1432.9
1372530 1439.0
1372540 1439.0
1372550 1444.9
1372560 1449.6
1372570 1449.6
1372580 1453.6
1372590 1456.7
1372600 1456.7
1372610 1460.2
1372620 1464.8
1372630 1464.8
1372640 1469.4
1372650 1472.8
1372660 1472.8
1372670 1475.3
1372680 1479.8
1372690 1479.8
1372700 1482.8
1372710 1488.2
1372720 1488.2
1372730 1493.7
1372740 1500.5
1372750 1500.5
1372760 1507.1
1372770 1513.3
1372780 1518.7
1372790 1518.7
1372800 1523.1
1372810 1526.6
1372820 1526.6
1372830 1529.6
1372840 1532.0
1372850 1532.0
1372860 1533.9
1372870 1535.5
1372880 1535.5
1372890 1536.8
1372900 1539.8
1372910 1539.8
1372920 1543.0
1372930 1546.1
1372940 1546.1
1372950 1549.4
1372960 1554.6
1372970 1554.6
1372980 1561.6
1372990 1567.6
1373000 1567.6
1373010 1571.7
1373020 1576.6
1373030 1576.6
1373040 1580.0
1373050 1582.7
1373060 1586.7
1373070 1586.7
1373080 1592.7
1373090 1600.2
1373100 1600.2
1373110 1607.1
1373120 1612.7
1373130 1612.7
1373140 1617.0
1373150 1620.5
1373160 1620.5
1373170 1624.3
1373180 1628.3
1373190 1628.3
1373200 1631.4
1373210 1634.3
1373220 1634.3
1373230 1636.6
1373240 1638.2
1373250 1638.2
1373260 1639.4
1373270 1641.0
1373280 1641.0
1373290 1642.7
1373300 1645.8
1373310 1645.8
1373320 1649.6
1373330 1652.8
1373340 1652.8
1373350 1656.1
1373360 1659.3
1373370 1661.5
1373380 1661.5
1373390 1664.4
1373400 1668.0
1373410 1668.0
1373420 1672.2
1373430 1676.9
1373440 1676.9
1373450 1681.4
1373460 1685.2
1373470 1685.2
1373480 1686.8
1373490 1686.9
1373500 1686.9
1373510 1687.7
1373520 1688.2
1373530 1688.2
1373540 1688.1
1373550 1688.9
1373560 1688.9
1373570 1689.7
1373580 1690.5
1373590 1690.5
1373600 1691.4
1373610 1692.7
1373620 1692.7
1373630 1695.2
1373640 1700.2
1373650 1703.5
1373660 1703.5
1373670 1707.1
1373680 1711.8
1373690 1711.8
1373700 1716.5
1373710 1720.2
1373720 1720.2
1373730 1723.6
1373740 1726.9
1373750 1726.9
1373760 1729.7
1373770 1732.5
1373780 1732.5
1373790 1735.9
1373800 1740.3
1373810 1740.3
1373820 1745.1
1373830 1750.1
1373840 1750.1
1373850 1755.4
1373860 1761.3
1373870 1761.3
1373880 1767.0
1373890 1773.2
1373900 1773.2
1373910 1779.6
1373920 1785.8
1373930 1785.8
1373940 1792.1
1373950 1798.5
1373960 1805.0
1373970 1805.0
1373980 1811.0
1373990 1815.7
1374000 1815.7
1374010 1820.2
1374020 1823.4
1374030 1823.4
1374040 1828.6
1374050 1834.3
1374060 1834.3
1374070 1840.1
1374080 1846.1
1374090 1846.1
1374100 1850.5
1374110 1854.0
1374120 1854.0
1374130 1857.8
1374140 1861.3
1374150 1861.3
1374160 1866.4
1374170 1873.2
1374180 1873.2
1374190 1880.3
1374200 1889.5
1374210 1889.5
1374220 1901.8
1374230 1910.5
1374240 1910.7
1374250 1910.7
1374260 1905.9
1374270 1899.6
1374280 1899.6
1374290 1893.7
1374300 1888.7
1374310 1888.7
1374320 1882.8
1374330 1877.1
1374340 1877.1
1374350 1871.9
1374360 1866.8
1374370 1866.8
1374380 1861.8
1374390 1856.8
1374400 1856.8
1374410 1851.8
1374420 1847.1
1374430 1847.1
1374440 1843.1
1374450 1838.7
1374460 1838.7
1374470 1833.9
1374480 1828.4
1374490 1828.4
1374500 1823.2
1374510 1817.9
1374520 1817.9
1374530 1812.4
1374540 1807.7
1374550 1802.8
1374560 1802.8
1374570 1798.1
1374580 1792.2
1374590 1792.2
1374600 1785.8
1374610 1783.2
1374620 1783.2
1374630 1779.6
1374640 1777.7
1374650 1777.7
1374660 1776.3
1374670 1774.7
1374680 1774.7
1374690 1776.5
1374700 1778.3
1374710 1778.3
1374720 1778.9
1374730 1778.8
1374740 1778.8
1374750 1778.3
1374760 1777.2
1374770 1777.2
1374780 1775.4
1374790 1772.8
1374800 1772.8
1374810 1769.5
1374820 1764.6
1374830 1759.2
1374840 1759.2
1374850 1753.1
1374860 1747.2
1374870 1747.2
1374880 1741.6
1374890 1736.5
1374900 1736.5
1374910 1730.8
1374920 1725.3
1374930 1725.3
1374940 1719.9
1374950 1714.4
1374960 1714.4
1374970 1709.4
1374980 1705.3
1374990 1705.3
1375000 1698.1
1375010 1695.0
1375020 1695.0
1375030 1691.8
1375040 1688.5
1375050 1688.5
1375060 1686.2
1375070 1683.3
1375080 1683.3
1375090 1679.9
1375100 1676.6
1375110 1672.9
1375120 1672.9
1375130 1670.2
1375140 1667.5
1375150 1667.5
1375160 1664.6
1375170 1662.1
1375180 1662.1
1375190 1660.2
1375200 1658.4
1375210 1658.4
1375220 1656.6
1375230 1654.7
1375240 1654.7
1375250 1652.6
1375260 1650.4
1375270 1650.4
1375280 1648.1
1375290 1645.7
1375300 1645.7
1375310 1643.3
1375320 1640.6
1375330 1640.6
1375340 1637.5
1375350 1634.0
1375360 1634.0
1375370 1630.8
1375380 1627.5
1375390 1627.5
1375400 1624.3
1375410 1621.8
1375420 1619.2
1375430 1619.2
1375440 1616.5
1375450 1613.6
1375460 1613.6
1375470 1610.8
1375480 1608.3
1375490 1608.3
1375500 1605.7
1375510 1603.6
1375520 1603.6
1375530 1602.7
1375540 1601.9
1375550 1601.9
1375560 1599.7
1375570 1596.6
1375580 1596.6
1375590 1591.2
1375600 1586.2
1375610 1586.2
1375620 1581.3
1375630 1576.0
1375640 1576.0
1375650 1572.0
1375660 1568.2
1375670 1568.2
1375680 1563.4
1375690 1557.3
1375700 1553.4
1375710 1553.4
1375720 1548.7
1375730 1544.7
1375740 1544.7
1375750 1540.9
1375760 1536.8
1375770 1536.8
1375780 1533.2
1375790 1529.8
1375800 1529.8
1375810 1525.4
1375820 1521.6
1375830 1521.6
1375840 1518.2
1375850 1516.0
1375860 1516.0
1375870 1513.7
1375880 1509.8
1375890 1509.8
1375900 1505.0
1375910 1501.6
1375920 1501.6
1375930 1497.6
1375940 1493.9
1375950 1493.9
1375960 1490.5
1375970 1485.7
1375980 1485.7
1375990 1479.9
1376000 1475.1
1376010 1470.8
1376020 1470.8
1376030 1467.2
1376040 1463.7
1376050 1463.7
1376060 1460.6
1376070 1455.3
1376080 1455.3
1376090 1449.3
1376100 1445.0
1376110 1445.0
1376120 1440.8
1376130 1434.8
1376140 1434.8
1376150 1429.4
1376160 1425.5
1376170 1425.5
1376180 1422.0
1376190 1414.0
1376200 1414.0
1376210 1407.2
1376220 1401.0
1376230 1401.0
1376240 1394.2
1376250 1387.1
1376260 1387.1
1376270 1379.9
1376280 1372.0
1376290 1363.8
1376300 1363.8
1376310 1360.5
1376320 1361.0
1376330 1361.0
1376340 1362.5
1376350 1364.2
1376360 1364.2
1376370 1367.5
1376380 1372.2
1376390 1372.2
1376400 1377.5
1376410 1382.5
1376420 1382.5
1376430 1387.0
1376440 1390.2
1376450 1390.2
1376460 1391.5
1376470 1391.2
1376480 1391.2
1376490 1390.6
1376500 1390.7
1376510 1390.7
1376520 1391.8
1376530 1390.8
1376540 1390.8
1376550 1386.8
1376560 1384.1
1376570 1384.1
1376580 1384.1
1376590 1386.5
1376600 1388.7
1376610 1388.7
1376620 1391.6
1376630 1395.1
1376640 1395.1
1376650 1396.8
1376660 1397.6
1376670 1397.6
1376680 1395.5
1376690 1394.6
1376700 1394.6
1376710 1395.0
1376720 1394.7
1376730 1394.7
1376740 1393.6
1376750 1391.4
1376760 1391.4
1376770 1389.1
1376780 1390.9
1376790 1390.9
1376800 1395.8
1376810 1397.8
1376820 1397.8
1376830 1398.5
1376840 1399.4
1376850 1399.4
1376860 1399.4
1376870 1398.5
1376880 1397.4
1376890 1397.4
1376900 1396.4
1376910 1394.8
1376920 1394.8
1376930 1389.0
1376940 1383.8
1376950 1383.8
1376960 1385.5
1376970 1386.9
1376980 1386.9
1376990 1383.2
1377000 1379.7
1377010 1379.7
1377020 1378.8
1377030 1378.2
1377040 1378.2
1377050 1377.2
1377060 1376.2
1377070 1376.2
1377080 1375.7
1377090 1376.1
1377100 1376.1
1377110 1375.9
1377120 1375.2
1377130 1375.2
1377140 1373.5
1377150 1371.2
1377160 1368.5
1377170 1368.5
1377180 1365.0
1377190 1362.0
1377200 1362.0
1377210 1359.4
1377220 1356.6
1377230 1356.6
1377240 1353.6
1377250 1351.2
1377260 1351.2
1377270 1347.9
1377280 1345.4
1377290 1345.4
1377300 1343.6
1377310 1341.6
1377320 1341.6
1377330 1339.1
1377340 1335.1
1377350 1335.1
1377360 1326.5
1377370 1323.7
1377380 1323.7
1377390 1321.3
1377400 1319.0
1377410 1319.0
1377420 1315.7
1377430 1312.5
1377440 1312.5
1377450 1308.6
1377460 1303.2
1377470 1296.8
1377480 1296.8
1377490 1291.6
1377500 1286.8
1377510 1286.8
1377520 1281.6
1377530 1277.0
1377540 1277.0
1377550 1273.4
1377560 1269.2
1377570 1269.2
1377580 1265.0
1377590 1261.7
1377600 1261.7
1377610 1258.6
1377620 1255.5
1377630 1255.5
1377640 1253.4
1377650 1250.7
1377660 1250.7
1377670 1248.1
1377680 1245.7
1377690 1245.7
1377700 1243.5
1377710 1241.3
1377720 1241.3
1377730 1239.4
1377740 1237.2
1377750 1234.7
1377760 1234.7
1377770 1231.9
1377780 1228.7
1377790 1228.7
1377800 1225.9
1377810 1223.8
1377820 1223.8
1377830 1220.2
1377840 1217.7
1377850 1217.7
1377860 1216.6
1377870 1214.1
1377880 1214.1
1377890 1213.8
1377900 1214.0
1377910 1214.0
1377920 1212.5
1377930 1208.9
1377940 1208.9
1377950 1203.8
1377960 1198.9
1377970 1198.9
1377980 1194.4
1377990 1191.9
1378000 1191.9
1378010 1188.1
1378020 1184.9
1378030 1184.9
1378040 1181.2
1378050 1177.5
1378060 1173.6
1378070 1173.6
1378080 1169.2
1378090 1165.6
1378100 1165.6
1378110 1162.3
1378120 1158.3
1378130 1158.3
1378140 1154.5
1378150 1150.1
1378160 1150.1
1378170 1145.1
1378180 1139.4
1378190 1139.4
1378200 1134.1
1378210 1129.5
1378220 1129.5
1378230 1125.1
1378240 1118.2
1378250 1118.2
1378260 1109.7
1378270 1101.4
1378280 1101.4
1378290 1096.4
1378300 1093.0
1378310 1093.0
1378320 1088.3
1378330 1082.4
1378340 1077.6
1378350 1077.6
1378360 1074.2
1378370 1069.2
1378380 1069.2
1378390 1067.2
1378400 1066.8
1378410 1066.8
1378420 1067.4
1378430 1068.3
1378440 1068.3
1378450 1068.6
1378460 1069.1
1378470 1069.1
1378480 1071.0
1378490 1075.2
1378500 1075.2
1378510 1076.7
1378520 1077.2
1378530 1077.2
1378540 1075.7
1378550 1076.1
1378560 1079.9
1378570 1083.4
1378580 1086.5
1378590 1086.5
1378600 1087.9
1378610 1088.2
1378620 1088.2
1378630 1088.2
1378640 1088.0
1378650 1088.9
1378660 1088.9
1378670 1093.6
1378680 1092.4
1378690 1092.4
1378700 1087.4
1378710 1086.9
1378720 1086.9
1378730 1092.2
1378740 1098.2
1378750 1098.2
1378760 1104.4
1378770 1108.6
1378780 1108.6
1378790 1109.6
1378800 1112.4
1378810 1112.4
1378820 1117.8
1378830 1120.2
1378840 1120.2
1378850 1121.4
1378860 1123.8
1378870 1123.8
1378880 1124.1
1378890 1125.0
1378900 1125.0
1378910 1131.3
1378920 1138.2
1378930 1142.2
1378940 1142.2
1378950 1143.5
1378960 1140.4
1378970 1140.4
1378980 1136.5
1378990 1132.2
1379000 1132.2
1379010 1130.4
1379020 1129.6
1379030 1129.6
1379040 1130.3
1379050 1129.6
1379060 1129.6
1379070 1123.6
1379080 1120.9
1379090 1120.9
1379100 1124.6
1379110 1129.9
1379120 1129.9
1379130 1140.8
1379140 1152.3
1379150 1152.3
1379160 1160.0
1379170 1166.8
1379180 1166.8
1379190 1174.2
1379200 1182.2
1379210 1189.9
1379220 1189.9
1379230 1196.8
1379240 1202.9
1379250 1202.9
1379260 1208.0
1379270 1212.3
1379280 1212.3
1379290 1215.5
1379300 1217.2
1379310 1217.2
1379320 1218.4
1379330 1220.4
1379340 1220.4
1379350 1222.7
1379360 1224.7
1379370 1224.7
1379380 1226.6
1379390 1228.0
1379400 1228.0
1379410 1230.4
1379420 1233.2
1379430 1233.2
1379440 1235.1
1379450 1236.9
1379460 1236.9
1379470 1239.8
1379480 1243.3
1379490 1243.3
1379500 1246.6
1379510 1249.1
1379520 1252.6
1379530 1252.6
1379540 1259.0
1379550 1265.6
1379560 1265.6
1379570 1270.4
1379580 1270.3
1379590 1270.3
1379600 1266.8
1379610 1265.2
1379620 1265.2
1379630 1262.8
1379640 1260.2
1379650 1260.2
1379660 1257.8
1379670 1255.8
1379680 1255.8
1379690 1256.1
1379700 1259.4
1379710 1259.4
1379720 1262.9
1379730 1264.4
1379740 1264.4
1379750 1265.5
1379760 1269.0
1379770 1275.5
1379780 1279.4
1379790 1281.7
1379800 1283.6
1379810 1283.6
1379820 1285.0
1379830 1287.3
1379840 1287.3
1379850 1292.1
1379860 1295.5
1379870 1295.5
1379880 1295.9
1379890 1294.6
1379900 1294.6
1379910 1292.5
1379920 1289.3
1379930 1289.3
1379940 1285.5
1379950 1282.5
1379960 1282.5
1379970 1281.1
1379980 1278.2
1379990 1278.2
