1360000 789.9
1360010 789.9
1360020 787.9
1360030 785.1
1360040 785.1
1360050 784.7
1360060 788.2
1360070 788.2
1360080 794.4
1360090 801.2
1360100 801.2
1360110 807.5
1360120 811.7
1360130 811.7
1360140 814.8
1360150 817.4
1360160 817.4
1360170 821.5
1360180 824.0
1360190 824.0
1360200 826.8
1360210 829.7
1360220 829.7
1360230 832.2
1360240 834.1
1360250 834.1
1360260 836.6
1360270 839.2
1360280 839.2
1360290 841.4
1360300 843.6
1360310 844.9
1360320 844.9
1360330 846.4
1360340 849.0
1360350 849.0
1360360 851.7
1360370 854.1
1360380 854.1
1360390 857.0
1360400 860.2
1360410 860.2
1360420 863.5
1360430 866.6
1360440 866.6
1360450 869.9
1360460 873.5
1360470 873.5
1360480 877.2
1360490 880.7
1360500 880.7
1360510 884.5
1360520 888.2
1360530 888.2
1360540 891.5
1360550 894.6
1360560 894.6
1360570 897.6
1360580 900.4
1360590 902.9
1360600 902.9
1360610 905.2
1360620 907.5
1360630 907.5
1360640 909.8
1360650 912.1
1360660 912.1
1360670 914.5
1360680 916.6
1360690 916.6
1360700 920.1
1360710 924.3
1360720 924.3
1360730 927.8
1360740 932.7
1360750 932.7
1360760 938.9
1360770 944.3
1360780 944.3
1360790 948.3
1360800 952.9
1360810 952.9
1360820 957.9
1360830 961.8
1360840 961.8
1360850 965.7
1360860 970.7
1360870 970.7
1360880 974.8
1360890 978.3
1360900 979.7
1360910 979.7
1360920 980.2
1360930 982.7
1360940 982.7
1360950 985.5
1360960 989.5
1360970 989.5
1360980 994.5
1360990 997.4
1361000 997.4
1361010 998.1
1361020 999.0
1361030 999.0
1361040 1001.1
1361050 1003.7
1361060 1003.7
1361070 1006.8
1361080 1010.6
1361090 1010.6
1361100 1015.5
1361110 1021.2
1361120 1021.2
1361130 1027.1
1361140 1033.0
1361150 1033.0
1361160 1038.8
1361170 1043.3
1361180 1047.9
1361190 1047.9
1361200 1050.2
1361210 1051.5
1361220 1051.5
1361230 1053.5
1361240 1058.5
1361250 1058.5
1361260 1064.1
1361270 1064.7
1361280 1064.7
1361290 1067.8
1361300 1070.0
1361310 1070.0
1361320 1071.9
1361330 1074.4
1361340 1074.4
1361350 1076.8
1361360 1078.8
1361370 1078.8
1361380 1080.6
1361390 1082.8
1361400 1082.8
1361410 1085.8
1361420 1089.1
1361430 1089.1
1361440 1093.7
1361450 1098.4
1361460 1098.4
1361470 1103.5
1361480 1110.5
1361490 1118.5
1361500 1118.5
1361510 1122.4
1361520 1123.1
1361530 1123.1
1361540 1122.0
1361550 1119.0
1361560 1119.0
1361570 1111.6
1361580 1101.9
1361590 1101.9
1361600 1093.2
1361610 1087.7
1361620 1087.7
1361630 1085.4
1361640 1084.9
1361650 1084.9
1361660 1084.6
1361670 1080.9
1361680 1080.9
1361690 1080.0
1361700 1086.8
1361710 1086.8
1361720 1093.4
1361730 1100.9
1361740 1100.9
1361750 1107.8
1361760 1114.6
1361770 1121.7
1361780 1121.7
1361790 1128.3
1361800 1134.0
1361810 1134.0
1361820 1138.4
1361830 1141.8
1361840 1141.8
1361850 1144.1
1361860 1146.3
1361870 1146.3
1361880 1152.0
1361890 1159.6
1361900 1159.6
1361910 1163.6
1361920 1166.5
1361930 1166.5
1361940 1170.2
1361950 1173.0
1361960 1173.0
1361970 1175.5
1361980 1178.3
1361990 1178.3
1362000 1181.5
1362010 1185.7
1362020 1185.7
1362030 1189.0
1362040 1193.0
1362050 1193.0
1362060 1198.0
1362070 1203.7
1362080 1209.4
1362090 1209.4
1362100 1213.6
1362110 1215.9
1362120 1215.9
1362130 1217.0
1362140 1217.1
1362150 1217.1
1362160 1216.4
1362170 1217.3
1362180 1217.3
1362190 1221.8
1362200 1225.4
1362210 1225.4
1362220 1226.5
1362230 1227.7
1362240 1227.7
1362250 1227.7
1362260 1227.3
1362270 1227.3
1362280 1227.1
1362290 1227.7
1362300 1227.7
1362310 1228.4
1362320 1229.8
1362330 1229.8
1362340 1227.9
1362350 1226.0
1362360 1224.3
1362370 1224.3
1362380 1227.9
1362390 1233.6
1362400 1233.6
1362410 1237.7
1362420 1241.6
1362430 1241.6
1362440 1244.8
1362450 1247.7
1362460 1247.7
1362470 1250.5
1362480 1254.0
1362490 1254.0
1362500 1257.8
1362510 1261.5
1362520 1261.5
1362530 1266.4
1362540 1272.0
1362550 1272.0
1362560 1276.4
1362570 1280.4
1362580 1280.4
1362590 1282.8
1362600 1285.3
1362610 1285.3
1362620 1288.4
1362630 1289.2
1362640 1289.2
1362650 1289.3
1362660 1291.5
1362670 1293.2
1362680 1293.2
1362690 1295.7
1362700 1299.1
1362710 1299.1
1362720 1299.6
1362730 1300.2
1362740 1300.2
1362750 1303.1
1362760 1306.9
1362770 1306.9
1362780 1308.5
1362790 1309.8
1362800 1309.8
1362810 1312.5
1362820 1317.0
1362830 1317.0
1362840 1321.5
1362850 1322.7
1362860 1322.7
1362870 1322.4
1362880 1321.5
1362890 1321.5
1362900 1321.4
1362910 1322.3
1362920 1322.3
1362930 1323.5
1362940 1323.6
1362950 1322.4
1362960 1322.4
1362970 1321.1
1362980 1320.3
1362990 1320.3
1363000 1317.8
1363010 1315.5
1363020 1315.5
1363030 1309.4
1363040 1305.2
1363050 1305.2
1363060 1311.6
1363070 1317.9
1363080 1317.9
1363090 1322.0
1363100 1323.0
1363110 1323.0
1363120 1323.5
1363130 1320.7
1363140 1320.7
1363150 1318.1
1363160 1322.9
1363170 1322.9
1363180 1330.0
1363190 1333.7
1363200 1333.7
1363210 1334.5
1363220 1331.8
1363230 1331.8
1363240 1330.2
1363250 1328.8
1363260 1327.9
1363270 1327.9
1363280 1326.7
1363290 1324.6
1363300 1324.6
1363310 1322.1
1363320 1320.9
1363330 1320.9
1363340 1326.1
1363350 1330.1
1363360 1326.5
1363370 1327.0
1363380 1326.2
1363390 1326.2
1363400 1325.0
1363410 1325.4
1363420 1325.4
1363430 1326.2
1363440 1328.7
1363450 1328.7
1363460 1332.9
1363470 1336.9
1363480 1336.9
1363490 1338.6
1363500 1339.0
1363510 1339.0
1363520 1338.1
1363530 1334.6
1363540 1334.6
1363550 1332.5
1363560 1331.9
1363570 1331.9
1363580 1331.9
1363590 1331.7
1363600 1332.6
1363610 1332.6
1363620 1333.5
1363630 1334.3
1363640 1334.3
1363650 1335.3
1363660 1336.8
1363670 1336.8
1363680 1338.1
1363690 1338.5
1363700 1338.5
1363710 1334.8
1363720 1331.0
1363730 1331.0
1363740 1326.3
1363750 1323.4
1363760 1323.4
1363770 1323.6
1363780 1329.8
1363790 1329.8
1363800 1339.1
1363810 1346.3
1363820 1346.3
1363830 1353.5
1363840 1360.4
1363850 1365.3
1363860 1365.3
1363870 1370.0
1363880 1376.8
1363890 1376.8
1363900 1382.8
1363910 1385.7
1363920 1385.7
1363930 1388.2
1363940 1392.1
1363950 1392.1
1363960 1397.7
1363970 1404.7
1363980 1404.7
1363990 1412.4
1364000 1417.6
1364010 1417.6
1364020 1422.6
1364030 1425.7
1364040 1425.7
1364050 1427.7
1364060 1432.9
1364070 1432.9
1364080 1437.5
1364090 1443.1
1364100 1443.1
1364110 1449.7
1364120 1453.3
1364130 1453.3
1364140 1455.8
1364150 1458.0
1364160 1459.2
1364170 1459.2
1364180 1460.0
1364190 1461.2
1364200 1461.2
1364210 1462.9
1364220 1464.7
1364230 1464.7
1364240 1466.8
1364250 1469.2
1364260 1469.2
1364270 1471.7
1364280 1473.9
1364290 1473.9
1364300 1475.6
1364310 1476.8
1364320 1476.8
1364330 1478.3
1364340 1480.2
1364350 1480.2
1364360 1482.4
1364370 1484.1
1364380 1484.1
1364390 1485.0
1364400 1486.3
1364410 1485.8
1364420 1487.8
1364430 1490.3
1364440 1491.9
1364450 1491.9
1364460 1492.9
1364470 1493.3
1364480 1493.3
1364490 1495.4
1364500 1497.9
1364510 1497.9
1364520 1500.8
1364530 1504.7
1364540 1504.7
1364550 1507.6
1364560 1510.1
1364570 1510.1
1364580 1512.6
1364590 1513.8
1364600 1513.8
1364610 1513.9
1364620 1513.6
1364630 1513.6
1364640 1513.0
1364650 1511.2
1364660 1511.2
1364670 1509.9
1364680 1510.1
1364690 1510.1
1364700 1511.3
1364710 1514.0
1364720 1514.0
1364730 1517.3
1364740 1520.5
1364750 1523.6
1364760 1523.6
1364770 1526.8
1364780 1529.7
1364790 1529.7
1364800 1532.0
1364810 1534.9
1364820 1534.9
1364830 1537.8
1364840 1540.4
1364850 1540.4
1364860 1545.6
1364870 1552.3
1364880 1552.3
1364890 1557.1
1364900 1561.7
1364910 1561.7
1364920 1565.8
1364930 1568.7
1364940 1568.7
1364950 1571.5
1364960 1574.8
1364970 1574.8
1364980 1579.0
1364990 1583.9
1365000 1583.9
1365010 1589.5
1365020 1596.5
1365030 1603.0
1365040 1603.0
1365050 1609.1
1365060 1614.8
1365070 1614.8
1365080 1620.3
1365090 1625.9
1365100 1625.9
1365110 1631.7
1365120 1638.5
1365130 1638.5
1365140 1644.7
1365150 1650.9
1365160 1650.9
1365170 1656.7
1365180 1662.1
1365190 1662.1
1365200 1666.2
1365210 1670.0
1365220 1670.0
1365230 1673.1
1365240 1674.8
1365250 1674.8
1365260 1676.0
1365270 1676.9
1365280 1676.9
1365290 1677.4
1365300 1677.5
1365310 1677.5
1365320 1677.2
1365330 1674.6
1365340 1670.5
1365350 1670.5
1365360 1666.4
1365370 1662.4
1365380 1662.4
1365390 1659.9
1365400 1656.3
1365410 1656.3
1365420 1651.8
1365430 1648.2
1365440 1648.2
1365450 1644.4
1365460 1641.6
1365470 1641.6
1365480 1644.3
1365490 1639.8
1365500 1639.8
1365510 1635.1
1365520 1629.6
1365530 1629.6
1365540 1625.7
1365550 1622.7
1365560 1622.7
1365570 1618.4
1365580 1614.2
1365590 1614.2
1365600 1609.5
1365610 1604.4
1365620 1599.5
1365630 1599.5
1365640 1594.6
1365650 1589.3
1365660 1589.3
1365670 1584.0
1365680 1579.1
1365690 1579.1
1365700 1573.5
1365710 1568.9
1365720 1568.9
1365730 1566.3
1365740 1563.9
1365750 1563.9
1365760 1561.4
1365770 1558.9
1365780 1558.9
1365790 1556.8
1365800 1554.5
1365810 1554.5
1365820 1552.3
1365830 1550.2
1365840 1550.2
1365850 1548.4
1365860 1545.9
1365870 1545.9
1365880 1543.7
1365890 1543.6
1365900 1543.6
1365910 1544.6
1365920 1545.5
1365930 1545.6
1365940 1545.6
1365950 1544.4
1365960 1542.4
1365970 1542.4
1365980 1540.4
1365990 1537.4
1366000 1537.4
1366010 1535.0
1366020 1534.2
1366030 1534.2
1366040 1533.8
1366050 1535.1
1366060 1535.1
1366070 1534.4
1366080 1529.4
1366090 1529.4
1366100 1523.5
1366110 1514.7
1366120 1514.7
1366130 1508.2
1366140 1503.3
1366150 1503.3
1366160 1499.2
1366170 1500.4
1366180 1500.4
1366190 1503.3
1366200 1509.0
1366210 1511.5
1366220 1511.5
1366230 1512.3
1366240 1512.8
1366250 1512.8
1366260 1513.0
1366270 1512.8
1366280 1512.8
1366290 1513.1
1366300 1513.4
1366310 1513.4
1366320 1513.0
1366330 1512.3
1366340 1512.3
1366350 1510.9
1366360 1509.9
1366370 1509.9
1366380 1509.4
1366390 1508.5
1366400 1508.5
1366410 1506.8
1366420 1504.0
1366430 1504.0
1366440 1500.5
1366450 1497.8
1366460 1497.8
1366470 1496.7
1366480 1496.0
1366490 1496.0
1366500 1494.9
1366510 1494.9
1366520 1494.5
1366530 1494.5
1366540 1493.6
1366550 1492.3
1366560 1494.6
1366570 1493.7
1366580 1493.1
1366590 1493.1
1366600 1492.5
1366610 1492.1
1366620 1492.1
1366630 1490.8
1366640 1489.3
1366650 1489.3
1366660 1488.6
1366670 1489.2
1366680 1489.2
1366690 1489.8
1366700 1490.3
1366710 1490.3
1366720 1490.8
1366730 1490.7
1366740 1490.7
1366750 1491.0
1366760 1490.4
1366770 1490.4
1366780 1490.3
1366790 1489.2
1366800 1488.1
1366810 1488.1
1366820 1487.4
1366830 1486.8
1366840 1486.8
1366850 1485.9
1366860 1484.9
1366870 1484.9
1366880 1483.4
1366890 1483.5
1366900 1483.5
1366910 1486.9
1366920 1490.2
1366930 1490.2
1366940 1491.4
1366950 1493.0
1366960 1493.0
1366970 1495.7
1366980 1497.7
1366990 1497.7
1367000 1498.8
1367010 1500.4
1367020 1500.4
1367030 1501.8
1367040 1504.2
1367050 1504.2
1367060 1508.3
1367070 1510.6
1367080 1510.6
1367090 1512.0
1367100 1511.5
1367110 1512.1
1367120 1512.1
1367130 1513.0
1367140 1513.0
1367150 1513.0
1367160 1513.2
1367170 1513.1
1367180 1513.1
1367190 1514.1
1367200 1515.9
1367210 1515.9
1367220 1516.0
1367230 1518.1
1367240 1518.1
1367250 1521.8
1367260 1525.6
1367270 1525.6
1367280 1527.9
1367290 1529.8
1367300 1529.8
1367310 1532.1
1367320 1533.9
1367330 1533.9
1367340 1535.7
1367350 1536.8
1367360 1536.8
1367370 1537.8
1367380 1539.7
1367390 1540.8
1367400 1540.8
1367410 1541.1
1367420 1541.4
1367430 1541.4
1367440 1541.9
1367450 1541.9
1367460 1541.9
1367470 1540.6
1367480 1538.1
1367490 1538.1
1367500 1535.7
1367510 1531.7
1367520 1531.7
1367530 1524.7
1367540 1518.3
1367550 1518.3
1367560 1514.6
1367570 1510.7
1367580 1510.7
1367590 1506.7
1367600 1502.2
1367610 1502.2
1367620 1498.3
1367630 1496.8
1367640 1496.8
1367650 1492.4
1367660 1491.0
1367670 1491.0
1367680 1486.9
1367690 1480.2
1367700 1472.5
1367710 1472.5
1367720 1465.8
1367730 1460.8
1367740 1460.8
1367750 1456.5
1367760 1452.0
1367770 1452.0
1367780 1447.3
1367790 1442.6
1367800 1442.6
1367810 1438.2
1367820 1433.9
1367830 1433.9
1367840 1430.7
1367850 1428.2
1367860 1428.2
1367870 1426.9
1367880 1426.2
1367890 1426.2
1367900 1424.8
1367910 1421.7
1367920 1421.7
1367930 1418.2
1367940 1415.2
1367950 1415.2
1367960 1413.5
1367970 1410.1
1367980 1410.1
1367990 1406.4
1368000 1403.5
1368010 1400.8
1368020 1400.8
1368030 1397.6
1368040 1393.4
1368050 1393.4
1368060 1387.7
1368070 1382.9
1368080 1382.9
1368090 1378.9
1368100 1375.1
1368110 1375.1
1368120 1371.3
1368130 1367.3
1368140 1367.3
1368150 1362.1
1368160 1357.5
1368170 1357.5
1368180 1352.7
1368190 1346.9
1368200 1346.9
1368210 1341.2
1368220 1336.9
1368230 1336.9
1368240 1333.1
1368250 1330.5
1368260 1330.5
1368270 1328.1
1368280 1324.7
1368290 1320.4
1368300 1320.4
1368310 1316.7
1368320 1313.3
1368330 1313.3
1368340 1310.2
1368350 1306.5
1368360 1306.5
1368370 1302.4
1368380 1298.3
1368390 1298.3
1368400 1294.9
1368410 1290.7
1368420 1290.7
1368430 1284.6
1368440 1278.3
1368450 1278.3
1368460 1273.0
1368470 1268.1
1368480 1268.1
1368490 1263.9
1368500 1260.7
1368510 1260.7
1368520 1258.8
1368530 1257.7
1368540 1257.7
1368550 1256.2
1368560 1251.6
1368570 1251.6
1368580 1244.7
1368590 1237.0
1368600 1229.1
1368610 1229.1
1368620 1221.3
1368630 1213.3
1368640 1213.3
1368650 1204.5
1368660 1195.8
1368670 1195.8
1368680 1188.6
1368690 1182.1
1368700 1182.1
1368710 1174.5
1368720 1166.1
1368730 1166.1
1368740 1159.2
1368750 1161.0
1368760 1161.0
1368770 1153.5
1368780 1145.9
1368790 1145.9
1368800 1140.6
1368810 1135.0
1368820 1135.0
1368830 1130.2
1368840 1126.7
1368850 1126.7
1368860 1122.9
1368870 1120.0
1368880 1116.7
1368890 1116.7
1368900 1113.6
1368910 1110.8
1368920 1110.8
1368930 1107.8
1368940 1104.8
1368950 1104.8
1368960 1102.6
1368970 1102.3
1368980 1102.3
1368990 1100.3
1369000 1095.7
1369010 1095.7
1369020 1089.7
1369030 1083.9
1369040 1083.9
1369050 1080.9
1369060 1079.0
1369070 1079.0
1369080 1075.6
1369090 1071.9
1369100 1071.9
1369110 1069.6
1369120 1067.1
1369130 1067.1
1369140 1064.5
1369150 1061.2
1369160 1061.2
1369170 1058.5
1369180 1056.4
1369190 1054.4
1369200 1054.4
1369210 1052.5
1369220 1050.7
1369230 1050.7
1369240 1048.8
1369250 1046.7
1369260 1046.7
1369270 1044.3
1369280 1042.0
1369290 1042.0
1369300 1039.3
1369310 1037.3
1369320 1037.3
1369330 1035.4
1369340 1033.5
1369350 1033.5
1369360 1031.6
1369370 1030.5
1369380 1030.5
1369390 1029.9
1369400 1028.7
1369410 1028.7
1369420 1028.0
1369430 1026.9
1369440 1026.9
1369450 1025.7
1369460 1024.1
1369470 1024.3
1369480 1024.3
1369490 1026.6
1369500 1026.4
1369510 1026.4
1369520 1025.6
1369530 1025.0
1369540 1025.0
1369550 1024.9
1369560 1023.6
1369570 1023.6
1369580 1020.5
1369590 1015.7
1369600 1015.7
1369610 1009.1
1369620 1003.5
1369630 1003.5
1369640 999.2
1369650 996.9
1369660 996.9
1369670 995.5
1369680 994.6
1369690 994.6
1369700 993.5
1369710 992.0
1369720 992.0
1369730 990.3
1369740 988.6
1369750 988.6
1369760 987.2
1369770 985.7
1369780 984.1
1369790 984.1
1369800 982.4
1369810 980.8
1369820 980.8
1369830 979.2
1369840 976.6
1369850 975.2
1369860 969.5
1369870 968.8
1369880 968.8
1369890 968.4
1369900 966.5
1369910 966.5
1369920 968.1
1369930 969.6
1369940 969.6
1369950 969.9
1369960 969.8
1369970 969.8
1369980 971.4
1369990 975.1
1370000 975.1
1370010 976.3
1370020 977.4
1370030 977.4
1370040 978.4
1370050 979.4
1370060 980.5
1370070 980.5
1370080 981.4
1370090 982.2
1370100 982.2
1370110 983.1
1370120 984.1
1370130 984.1
1370140 985.2
1370150 986.3
1370160 986.3
1370170 986.9
1370180 986.2
1370190 986.2
1370200 986.8
1370210 988.4
1370220 988.4
1370230 991.5
1370240 996.5
1370250 996.5
1370260 999.3
1370270 1000.5
1370280 1000.5
1370290 1001.6
1370300 1002.7
1370310 1002.7
1370320 1003.8
1370330 1004.9
1370340 1004.9
1370350 1006.0
1370360 1007.2
1370370 1008.4
1370380 1008.4
1370390 1009.6
1370400 1010.8
1370410 1010.8
1370420 1012.0
1370430 1013.1
1370440 1013.1
1370450 1014.2
1370460 1015.6
1370470 1015.6
1370480 1017.3
1370490 1018.0
1370500 1018.0
1370510 1018.7
1370520 1019.6
1370530 1019.6
1370540 1020.9
1370550 1023.1
1370560 1023.1
1370570 1026.2
1370580 1029.6
1370590 1029.6
1370600 1034.6
1370610 1040.7
1370620 1040.7
1370630 1046.4
1370640 1053.0
1370650 1058.4
1370660 1058.4
1370670 1063.1
1370680 1068.4
1370690 1068.4
1370700 1074.8
1370710 1081.5
1370720 1081.5
1370730 1087.9
1370740 1092.7
1370750 1092.7
1370760 1094.9
1370770 1095.5
1370780 1095.5
1370790 1095.9
1370800 1096.9
1370810 1096.9
1370820 1097.4
1370830 1097.5
1370840 1097.5
1370850 1099.3
1370860 1103.7
1370870 1103.7
1370880 1107.9
1370890 1111.4
1370900 1111.4
1370910 1115.4
1370920 1120.2
1370930 1120.2
1370940 1124.4
1370950 1126.6
1370960 1128.5
1370970 1127.0
1370980 1129.4
1370990 1131.1
1371000 1131.1
1371010 1132.5
1371020 1133.0
1371030 1133.0
1371040 1134.2
1371050 1135.5
1371060 1135.5
1371070 1135.8
1371080 1136.8
1371090 1136.8
1371100 1139.0
1371110 1140.7
1371120 1140.7
1371130 1143.5
1371140 1146.3
1371150 1146.3
1371160 1148.8
1371170 1151.4
1371180 1151.4
1371190 1152.5
1371200 1154.2
1371210 1154.2
1371220 1155.7
1371230 1157.5
1371240 1159.4
1371250 1159.4
1371260 1160.9
1371270 1162.9
1371280 1162.9
1371290 1164.0
1371300 1161.8
1371310 1161.8
1371320 1164.3
1371330 1169.5
1371340 1169.5
1371350 1174.0
1371360 1179.9
1371370 1179.9
1371380 1185.9
1371390 1191.3
1371400 1191.3
1371410 1195.9
1371420 1201.0
1371430 1201.0
1371440 1206.4
1371450 1211.0
1371460 1211.0
1371470 1216.4
1371480 1219.9
1371490 1219.9
1371500 1222.9
1371510 1225.4
1371520 1225.4
1371530 1228.3
1371540 1231.0
1371550 1233.8
1371560 1233.8
1371570 1238.2
1371580 1243.2
1371590 1243.2
1371600 1248.3
1371610 1252.8
1371620 1252.8
1371630 1255.9
1371640 1257.5
1371650 1257.5
1371660 1258.8
1371670 1260.5
1371680 1260.5
1371690 1262.1
1371700 1263.7
1371710 1263.7
1371720 1266.0
1371730 1269.8
1371740 1269.8
1371750 1273.0
1371760 1277.9
1371770 1277.9
1371780 1283.3
1371790 1285.7
1371800 1285.7
1371810 1283.5
1371820 1284.6
1371830 1289.3
1371840 1289.3
1371850 1293.2
1371860 1295.9
1371870 1295.9
1371880 1298.8
1371890 1302.7
1371900 1302.7
1371910 1305.1
1371920 1306.2
1371930 1306.2
1371940 1308.1
1371950 1311.4
1371960 1311.4
1371970 1316.9
1371980 1321.1
1371990 1321.1
1372000 1323.2
1372010 1325.1
1372020 1325.1
1372030 1328.0
1372040 1330.4
1372050 1330.4
1372060 1332.6
1372070 1334.4
1372080 1334.4
1372090 1335.7
1372100 1331.8
1372110 1331.8
1372120 1333.1
1372130 1335.4
1372140 1340.2
1372150 1340.2
1372160 1345.8
1372170 1350.5
1372180 1350.5
1372190 1354.3
1372200 1356.4
1372210 1356.4
1372220 1357.1
1372230 1359.7
1372240 1359.7
1372250 1363.6
1372260 1367.5
1372270 1367.5
1372280 1372.8
1372290 1379.3
1372300 1379.3
1372310 1385.6
1372320 1390.7
1372330 1390.7
1372340 1396.1
1372350 1401.2
1372360 1401.2
1372370 1404.6
1372380 1409.6
1372390 1409.6
1372400 1415.8
1372410 1421.7
1372420 1428.9
1372430 1428.9
1372440 1435.5
1372450 1442.5
1372460 1442.5
1372470 1448.1
1372480 1453.1
1372490 1453.1
1372500 1456.6
1372510 1458.6
1372520 1458.6
1372530 1460.0
1372540 1461.0
1372550 1461.0
1372560 1462.8
1372570 1465.4
1372580 1465.4
1372590 1467.4
1372600 1470.3
1372610 1470.3
1372620 1475.6
1372630 1480.5
1372640 1480.5
1372650 1485.3
1372660 1489.5
1372670 1489.5
1372680 1494.3
1372690 1499.1
1372700 1499.1
1372710 1505.7
1372720 1512.8
1372730 1517.2
1372740 1517.2
1372750 1520.5
1372760 1525.1
1372770 1525.1
1372780 1529.8
1372790 1535.2
1372800 1535.2
1372810 1540.6
1372820 1545.2
1372830 1545.2
1372840 1548.9
1372850 1553.3
1372860 1553.3
1372870 1558.5
1372880 1564.3
1372890 1564.3
1372900 1570.6
1372910 1577.7
1372920 1577.7
1372930 1586.1
1372940 1593.3
1372950 1593.3
1372960 1596.8
1372970 1604.6
1372980 1604.6
1372990 1610.8
1373000 1616.3
1373010 1616.3
1373020 1622.8
1373030 1629.4
1373040 1634.2
1373050 1634.2
1373060 1637.6
1373070 1641.7
1373080 1641.7
1373090 1646.9
1373100 1652.9
1373110 1652.9
1373120 1658.6
1373130 1663.4
1373140 1663.4
1373150 1668.4
1373160 1673.1
1373170 1673.1
1373180 1677.0
1373190 1679.9
1373200 1679.9
1373210 1683.3
1373220 1686.4
1373230 1686.4
1373240 1690.3
1373250 1695.0
1373260 1695.0
1373270 1700.2
1373280 1704.8
1373290 1704.8
1373300 1709.5
1373310 1713.8
1373320 1717.0
1373330 1717.0
1373340 1717.8
1373350 1717.3
1373360 1717.3
1373370 1719.9
1373380 1724.6
1373390 1724.6
1373400 1729.5
1373410 1734.6
1373420 1734.6
1373430 1739.5
1373440 1744.0
1373450 1744.0
1373460 1748.0
1373470 1752.1
1373480 1752.1
1373490 1756.2
1373500 1759.9
1373510 1759.9
1373520 1763.1
1373530 1766.5
1373540 1766.5
1373550 1769.4
1373560 1771.3
1373570 1771.3
1373580 1773.1
1373590 1774.4
1373600 1774.4
1373610 1775.5
1373620 1776.0
1373630 1774.7
1373640 1774.7
1373650 1773.4
1373660 1772.5
1373670 1772.5
1373680 1771.7
1373690 1770.4
1373700 1770.4
1373710 1768.0
1373720 1764.6
1373730 1764.6
1373740 1762.7
1373750 1761.4
1373760 1761.4
1373770 1761.7
1373780 1762.5
1373790 1762.5
1373800 1761.7
1373810 1761.3
1373820 1761.3
1373830 1760.9
1373840 1761.2
1373850 1761.2
1373860 1764.1
1373870 1767.2
1373880 1767.2
1373890 1769.1
1373900 1770.4
1373910 1771.4
1373920 1771.4
1373930 1772.3
1373940 1772.4
1373950 1772.4
1373960 1772.3
1373970 1772.6
1373980 1772.6
1373990 1772.9
1374000 1773.2
1374010 1773.2
1374020 1774.7
1374030 1777.0
1374040 1777.0
1374050 1779.3
1374060 1782.8
1374070 1782.8
1374080 1787.2
1374090 1791.6
1374100 1791.6
1374110 1796.9
1374120 1800.7
1374130 1800.7
1374140 1804.3
1374150 1809.4
1374160 1809.4
1374170 1815.5
1374180 1820.8
1374190 1820.8
1374200 1825.4
1374210 1829.6
1374220 1833.1
1374230 1833.1
1374240 1836.4
1374250 1838.6
1374260 1838.6
1374270 1841.1
1374280 1843.8
1374290 1843.8
1374300 1845.6
1374310 1849.1
1374320 1849.1
1374330 1853.2
1374340 1858.0
1374350 1858.0
1374360 1861.9
1374370 1865.6
1374380 1865.6
1374390 1870.1
1374400 1873.8
1374410 1873.8
1374420 1877.5
1374430 1880.9
1374440 1880.9
1374450 1883.9
1374460 1887.8
1374470 1887.8
1374480 1893.1
1374490 1896.4
1374500 1898.8
1374510 1898.8
1374520 1902.2
1374530 1904.6
1374540 1904.6
1374550 1906.8
1374560 1908.7
1374570 1908.7
1374580 1911.1
1374590 1913.8
1374600 1913.8
1374610 1915.3
1374620 1915.2
1374630 1915.2
1374640 1915.9
1374650 1917.0
1374660 1917.0
1374670 1918.5
1374680 1918.9
1374690 1918.9
1374700 1917.4
1374710 1912.9
1374720 1912.9
1374730 1904.2
1374740 1896.0
1374750 1896.0
1374760 1889.1
1374770 1883.8
1374780 1883.8
1374790 1878.8
1374800 1873.7
1374810 1869.4
1374820 1869.4
1374830 1866.3
1374840 1863.4
1374850 1863.4
1374860 1860.1
1374870 1857.7
1374880 1857.7
1374890 1855.3
1374900 1852.8
1374910 1852.8
1374920 1850.3
1374930 1848.0
1374940 1848.0
1374950 1845.7
1374960 1842.8
1374970 1842.8
1374980 1839.2
1374990 1836.1
1375000 1836.1
1375010 1833.7
1375020 1833.1
1375030 1833.1
1375040 1832.6
1375050 1829.7
1375060 1829.7
1375070 1830.3
1375080 1829.0
1375090 1830.0
1375100 1830.0
1375110 1829.2
1375120 1830.8
1375130 1830.8
1375140 1830.1
1375150 1829.4
1375160 1829.4
1375170 1828.9
1375180 1829.7
1375190 1829.7
1375200 1830.3
1375210 1830.1
1375220 1830.1
1375230 1830.1
1375240 1829.7
1375250 1829.7
1375260 1828.7
1375270 1827.2
1375280 1827.2
1375290 1826.3
1375300 1825.1
1375310 1825.1
1375320 1823.3
1375330 1819.1
1375340 1819.1
1375350 1815.2
1375360 1812.3
1375370 1812.3
1375380 1807.1
1375390 1799.7
1375400 1792.4
1375410 1792.4
1375420 1785.5
1375430 1780.0
1375440 1780.0
1375450 1773.8
1375460 1767.4
1375470 1767.4
1375480 1762.7
1375490 1758.4
1375500 1758.4
1375510 1753.9
1375520 1749.0
1375530 1749.0
1375540 1743.7
1375550 1737.1
1375560 1737.1
1375570 1732.3
1375580 1727.6
1375590 1727.6
1375600 1723.0
1375610 1718.0
1375620 1718.0
1375630 1712.7
1375640 1707.7
1375650 1707.7
1375660 1703.7
1375670 1700.0
1375680 1697.1
1375690 1697.1
1375700 1693.8
1375710 1690.7
1375720 1690.7
1375730 1687.3
1375740 1683.4
1375750 1683.4
1375760 1680.1
1375770 1676.3
1375780 1676.3
1375790 1671.9
1375800 1667.1
1375810 1667.1
1375820 1662.1
1375830 1657.7
1375840 1657.7
1375850 1653.3
1375860 1648.3
1375870 1648.3
1375880 1642.5
1375890 1638.9
1375900 1638.9
1375910 1639.5
1375920 1640.7
1375930 1640.7
1375940 1637.9
1375950 1633.6
1375960 1633.6
1375970 1629.5
1375980 1624.8
1375990 1618.7
1376000 1618.7
1376010 1613.7
1376020 1608.7
1376030 1608.7
1376040 1603.7
1376050 1598.9
1376060 1598.9
1376070 1594.9
1376080 1591.1
1376090 1591.1
1376100 1586.0
1376110 1582.0
1376120 1582.0
1376130 1583.1
1376140 1583.2
1376150 1583.2
1376160 1581.5
1376170 1579.8
1376180 1579.8
1376190 1577.6
1376200 1575.2
1376210 1575.2
1376220 1572.2
1376230 1568.6
1376240 1568.6
1376250 1564.7
1376260 1560.1
1376270 1555.2
1376280 1555.2
1376290 1550.0
1376300 1544.2
1376310 1544.2
1376320 1538.4
1376330 1531.8
1376340 1531.8
1376350 1524.6
1376360 1517.1
1376370 1517.1
1376380 1510.5
1376390 1504.4
1376400 1504.4
1376410 1498.5
1376420 1493.0
1376430 1493.0
1376440 1488.4
1376450 1484.1
1376460 1484.1
1376470 1479.5
1376480 1474.0
1376490 1474.0
1376500 1467.9
1376510 1460.4
1376520 1460.4
1376530 1451.3
1376540 1442.4
1376550 1442.4
1376560 1434.3
1376570 1426.4
1376580 1418.4
1376590 1418.4
1376600 1411.4
1376610 1403.8
1376620 1403.8
1376630 1395.9
1376640 1391.6
1376650 1391.6
1376660 1386.0
1376670 1381.9
1376680 1381.9
1376690 1378.9
1376700 1376.7
1376710 1376.7
1376720 1375.2
1376730 1375.6
1376740 1375.6
1376750 1372.9
1376760 1368.6
1376770 1368.6
1376780 1365.2
1376790 1363.7
1376800 1363.7
1376810 1362.1
1376820 1359.2
1376830 1359.2
1376840 1355.7
1376850 1353.5
1376860 1350.9
1376870 1350.9
1376880 1347.3
1376890 1343.8
1376900 1343.8
1376910 1341.3
1376920 1339.3
1376930 1339.3
1376940 1337.9
1376950 1338.5
1376960 1338.5
1376970 1337.5
1376980 1338.0
1376990 1338.0
1377000 1339.7
1377010 1340.6
1377020 1340.6
1377030 1341.0
1377040 1343.9
1377050 1343.9
1377060 1344.6
1377070 1338.4
1377080 1338.4
1377090 1333.1
1377100 1331.5
1377110 1331.5
1377120 1330.0
1377130 1333.9
1377140 1333.9
1377150 1333.3
1377160 1331.7
1377170 1326.0
1377180 1326.0
1377190 1323.8
1377200 1325.9
1377210 1325.9
1377220 1322.4
1377230 1318.4
1377240 1318.4
1377250 1322.6
1377260 1330.5
1377270 1330.5
1377280 1337.7
1377290 1342.3
1377300 1342.3
1377310 1342.7
1377320 1341.5
1377330 1341.5
1377340 1342.1
1377350 1343.9
1377360 1343.9
1377370 1346.0
1377380 1348.4
1377390 1348.4
1377400 1350.1
1377410 1350.2
1377420 1350.2
1377430 1350.4
1377440 1349.8
1377450 1347.3
1377460 1347.3
1377470 1344.8
1377480 1344.7
1377490 1344.7
1377500 1343.5
1377510 1341.0
1377520 1341.0
1377530 1342.1
1377540 1342.1
1377550 1342.1
1377560 1340.8
1377570 1341.9
1377580 1341.9
1377590 1344.1
1377600 1346.2
1377610 1346.2
1377620 1347.8
1377630 1349.8
1377640 1349.8
1377650 1352.3
1377660 1353.4
1377670 1353.4
1377680 1353.3
1377690 1352.4
1377700 1352.4
1377710 1350.5
1377720 1348.0
1377730 1348.0
1377740 1341.4
1377750 1339.7
1377760 1345.8
1377770 1345.8
1377780 1352.8
1377790 1355.1
1377800 1355.1
1377810 1356.6
1377820 1358.3
1377830 1358.3
1377840 1361.6
1377850 1365.1
1377860 1365.1
1377870 1366.9
1377880 1370.4
1377890 1370.4
1377900 1373.2
1377910 1374.7
1377920 1367.3
1377930 1368.9
1377940 1376.4
1377950 1376.4
1377960 1383.1
1377970 1384.6
1377980 1384.6
1377990 1387.6
1378000 1390.2
1378010 1390.2
1378020 1391.5
1378030 1392.9
1378040 1392.9
1378050 1393.8
1378060 1394.7
1378070 1394.9
1378080 1394.9
1378090 1394.1
1378100 1392.8
1378110 1392.8
1378120 1391.8
1378130 1391.7
1378140 1391.7
1378150 1391.8
1378160 1393.1
1378170 1393.1
1378180 1395.0
1378190 1399.1
1378200 1399.1
1378210 1403.7
1378220 1407.1
1378230 1407.1
1378240 1410.1
1378250 1412.8
1378260 1412.8
1378270 1414.5
1378280 1417.6
1378290 1417.6
1378300 1420.3
1378310 1422.9
1378320 1422.9
1378330 1424.5
1378340 1426.1
1378350 1427.9
1378360 1427.9
1378370 1430.8
1378380 1430.9
1378390 1430.9
1378400 1430.4
1378410 1430.5
1378420 1430.5
1378430 1432.3
1378440 1434.9
1378450 1434.9
1378460 1437.6
1378470 1438.9
1378480 1438.9
1378490 1440.5
1378500 1443.8
1378510 1443.8
1378520 1448.0
1378530 1454.0
1378540 1454.0
1378550 1460.4
1378560 1466.6
1378570 1466.6
1378580 1467.7
1378590 1463.8
1378600 1463.8
1378610 1458.7
1378620 1454.6
1378630 1454.6
1378640 1452.2
1378650 1450.0
1378660 1448.3
1378670 1448.3
1378680 1446.1
1378690 1442.8
1378700 1442.8
1378710 1440.2
1378720 1439.9
1378730 1439.9
1378740 1439.4
1378750 1437.1
1378760 1437.1
1378770 1435.0
1378780 1432.7
1378790 1432.7
1378800 1429.0
1378810 1425.0
1378820 1425.0
1378830 1422.2
1378840 1419.6
1378850 1419.6
1378860 1416.8
1378870 1414.8
1378880 1414.8
1378890 1412.8
1378900 1410.3
1378910 1410.3
1378920 1407.5
1378930 1404.5
1378940 1401.9
1378950 1401.9
1378960 1399.2
1378970 1396.0
1378980 1396.0
1378990 1391.9
1379000 1388.9
1379010 1388.9
1379020 1386.5
1379030 1383.8
1379040 1383.8
1379050 1379.1
1379060 1374.0
1379070 1374.0
1379080 1369.2
1379090 1364.0
1379100 1364.0
1379110 1357.8
1379120 1351.7
1379130 1350.8
1379140 1346.0
1379150 1342.2
1379160 1342.2
1379170 1338.2
1379180 1333.5
1379190 1333.5
1379200 1327.2
1379210 1321.7
1379220 1321.7
1379230 1318.1
1379240 1314.3
1379250 1309.8
1379260 1309.8
1379270 1306.0
1379280 1301.9
1379290 1301.9
1379300 1297.9
1379310 1294.0
1379320 1294.0
1379330 1290.0
1379340 1285.8
1379350 1285.8
1379360 1281.2
1379370 1273.7
1379380 1273.7
1379390 1265.3
1379400 1259.6
1379410 1259.6
1379420 1253.5
1379430 1248.6
1379440 1248.6
1379450 1243.1
1379460 1237.6
1379470 1237.6
1379480 1230.6
1379490 1222.1
1379500 1222.1
1379510 1213.2
1379520 1204.6
1379530 1195.6
1379540 1195.6
1379550 1189.2
1379560 1194.6
1379570 1194.6
1379580 1197.5
1379590 1199.1
1379600 1199.1
1379610 1200.1
1379620 1198.0
1379630 1198.0
1379640 1198.7
1379650 1199.8
1379660 1199.8
1379670 1200.0
1379680 1199.7
1379690 1199.7
1379700 1201.4
1379710 1202.3
1379720 1202.3
1379730 1203.3
1379740 1202.8
1379750 1202.8
1379760 1199.8
1379770 1198.5
1379780 1198.5
1379790 1199.1
1379800 1196.9
1379810 1196.9
1379820 1191.3
1379830 1187.9
1379840 1189.8
1379850 1189.8
1379860 1191.0
1379870 1186.4
1379880 1186.4
1379890 1180.5
1379900 1188.3
1379910 1188.3
1379920 1195.6
1379930 1198.8
1379940 1198.8
1379950 1201.7
1379960 1202.5
1379970 1202.5
1379980 1202.7
1379990 1202.7
