1360000 893.2
1360010 896.8
1360020 896.8
1360030 902.6
1360040 909.3
1360050 909.3
1360060 913.2
1360070 916.3
1360080 916.3
1360090 919.7
1360100 923.2
1360110 923.2
1360120 933.1
1360130 942.9
1360140 945.1
1360150 945.1
1360160 948.5
1360170 951.5
1360180 951.5
1360190 954.1
1360200 956.2
1360210 956.2
1360220 959.0
1360230 962.7
1360240 962.7
1360250 966.1
1360260 970.0
1360270 970.0
1360280 974.6
1360290 978.9
1360300 978.9
1360310 982.7
1360320 985.7
1360330 985.7
1360340 988.4
1360350 990.8
1360360 990.8
1360370 993.0
1360380 995.3
1360390 995.3
1360400 998.3
1360410 1000.7
1360420 1003.1
1360430 1003.1
1360440 1006.8
1360450 1013.6
1360460 1013.6
1360470 1018.6
1360480 1024.9
1360490 1024.9
1360500 1030.6
1360510 1035.7
1360520 1035.7
1360530 1041.4
1360540 1048.1
1360550 1048.1
1360560 1054.1
1360570 1057.5
1360580 1057.5
1360590 1061.7
1360600 1067.8
1360610 1067.8
1360620 1073.7
1360630 1079.5
1360640 1079.5
1360650 1084.5
1360660 1090.7
1360670 1088.9
1360680 1093.7
1360690 1098.4
1360700 1098.4
1360710 1102.4
1360720 1104.8
1360730 1106.9
1360740 1106.9
1360750 1108.8
1360760 1108.1
1360770 1108.1
1360780 1109.5
1360790 1113.0
1360800 1113.0
1360810 1117.7
1360820 1123.0
1360830 1123.0
1360840 1128.9
1360850 1132.7
1360860 1132.7
1360870 1135.2
1360880 1137.3
1360890 1137.3
1360900 1139.4
1360910 1140.8
1360920 1140.8
1360930 1141.7
1360940 1143.2
1360950 1143.2
1360960 1145.4
1360970 1148.6
1360980 1148.6
1360990 1152.1
1361000 1155.2
1361010 1155.2
1361020 1158.0
1361030 1160.8
1361040 1163.9
1361050 1163.9
1361060 1167.1
1361070 1169.7
1361080 1169.7
1361090 1172.0
1361100 1174.6
1361110 1174.6
1361120 1178.2
1361130 1182.1
1361140 1182.1
1361150 1186.3
1361160 1191.0
1361170 1191.0
1361180 1195.7
1361190 1200.0
1361200 1200.0
1361210 1203.6
1361220 1207.0
1361230 1207.0
1361240 1209.7
1361250 1212.4
1361260 1212.4
1361270 1215.2
1361280 1218.1
1361290 1218.1
1361300 1221.0
1361310 1223.8
1361320 1227.1
1361330 1227.1
1361340 1232.3
1361350 1237.5
1361360 1237.5
1361370 1241.8
1361380 1247.2
1361390 1247.2
1361400 1252.1
1361410 1256.1
1361420 1256.1
1361430 1260.2
1361440 1262.7
1361450 1262.7
1361460 1266.1
1361470 1270.0
1361480 1270.0
1361490 1274.8
1361500 1279.4
1361510 1279.4
1361520 1283.1
1361530 1285.4
1361540 1285.4
1361550 1288.3
1361560 1293.2
1361570 1293.2
1361580 1297.2
1361590 1301.3
1361600 1301.3
1361610 1306.9
1361620 1312.1
1361630 1315.2
1361640 1315.2
1361650 1318.6
1361660 1323.1
1361670 1323.1
1361680 1326.9
1361690 1328.7
1361700 1328.3
1361710 1330.2
1361720 1331.8
1361730 1331.8
1361740 1332.9
1361750 1333.4
1361760 1333.4
1361770 1334.0
1361780 1335.5
1361790 1335.5
1361800 1337.2
1361810 1338.9
1361820 1338.9
1361830 1340.5
1361840 1342.3
1361850 1342.3
1361860 1345.2
1361870 1348.3
1361880 1348.3
1361890 1351.2
1361900 1354.5
1361910 1354.5
1361920 1357.2
1361930 1361.4
1361940 1365.1
1361950 1365.1
1361960 1368.5
1361970 1371.0
1361980 1371.0
1361990 1373.9
1362000 1377.4
1362010 1377.4
1362020 1382.3
1362030 1386.8
1362040 1386.8
1362050 1391.3
1362060 1397.7
1362070 1397.7
1362080 1403.9
1362090 1409.8
1362100 1409.8
1362110 1416.1
1362120 1421.5
1362130 1421.5
1362140 1428.0
1362150 1435.4
1362160 1435.4
1362170 1442.0
1362180 1447.7
1362190 1447.7
1362200 1453.3
1362210 1458.3
1362220 1459.9
1362230 1459.9
1362240 1461.7
1362250 1466.0
1362260 1466.0
1362270 1470.2
1362280 1474.1
1362290 1474.1
1362300 1477.7
1362310 1481.2
1362320 1481.2
1362330 1484.7
1362340 1487.7
1362350 1487.7
1362360 1490.2
1362370 1492.4
1362380 1492.4
1362390 1493.9
1362400 1495.0
1362410 1495.0
1362420 1496.7
1362430 1498.5
1362440 1498.5
1362450 1500.0
1362460 1501.1
1362470 1501.1
1362480 1501.9
1362490 1504.4
1362500 1504.4
1362510 1508.2
1362520 1510.2
1362530 1511.8
1362540 1511.8
1362550 1513.7
1362560 1515.8
1362570 1515.8
1362580 1517.8
1362590 1519.2
1362600 1519.2
1362610 1520.6
1362620 1522.9
1362630 1522.9
1362640 1524.3
1362650 1529.5
1362660 1529.5
1362670 1534.8
1362680 1537.3
1362690 1537.3
1362700 1539.5
1362710 1541.4
1362720 1541.4
1362730 1543.1
1362740 1545.4
1362750 1542.6
1362760 1545.2
1362770 1547.6
1362780 1547.6
1362790 1550.4
1362800 1552.5
1362810 1552.5
1362820 1554.9
1362830 1557.4
1362840 1559.6
1362850 1559.6
1362860 1562.5
1362870 1568.5
1362880 1568.5
1362890 1573.3
1362900 1577.4
1362910 1577.4
1362920 1582.2
1362930 1585.5
1362940 1585.5
1362950 1588.4
1362960 1590.1
1362970 1590.1
1362980 1591.7
1362990 1593.3
1363000 1593.3
1363010 1594.9
1363020 1596.9
1363030 1596.9
1363040 1599.8
1363050 1602.4
1363060 1602.4
1363070 1604.2
1363080 1606.6
1363090 1606.6
1363100 1610.8
1363110 1617.2
1363120 1623.4
1363130 1623.4
1363140 1629.7
1363150 1635.6
1363160 1635.6
1363170 1640.6
1363180 1645.5
1363190 1645.5
1363200 1650.7
1363210 1655.1
1363220 1655.1
1363230 1659.1
1363240 1662.8
1363250 1662.8
1363260 1667.1
1363270 1671.2
1363280 1671.2
1363290 1675.0
1363300 1680.0
1363310 1680.0
1363320 1684.9
1363330 1687.0
1363340 1687.0
1363350 1690.0
1363360 1697.0
1363370 1697.0
1363380 1704.2
1363390 1710.9
1363400 1710.9
1363410 1716.1
1363420 1720.5
1363430 1724.6
1363440 1724.6
1363450 1727.4
1363460 1730.2
1363470 1730.2
1363480 1734.0
1363490 1738.3
1363500 1738.3
1363510 1743.3
1363520 1747.9
1363530 1747.9
1363540 1749.5
1363550 1752.3
1363560 1752.3
1363570 1756.9
1363580 1760.8
1363590 1760.8
1363600 1765.5
1363610 1769.5
1363620 1769.5
1363630 1774.3
1363640 1777.2
1363650 1777.2
1363660 1779.3
1363670 1782.1
1363680 1782.1
1363690 1786.3
1363700 1791.9
1363710 1791.9
1363720 1796.3
1363730 1799.8
1363740 1802.5
1363750 1802.5
1363760 1804.4
1363770 1804.9
1363780 1804.9
1363790 1803.6
1363800 1797.6
1363810 1797.6
1363820 1795.5
1363830 1793.2
1363840 1793.2
1363850 1789.9
1363860 1786.3
1363870 1786.3
1363880 1782.4
1363890 1777.1
1363900 1777.1
1363910 1771.2
1363920 1766.6
1363930 1766.6
1363940 1762.9
1363950 1759.5
1363960 1759.5
1363970 1756.1
1363980 1752.7
1363990 1752.7
1364000 1749.1
1364010 1745.4
1364020 1742.0
1364030 1742.0
1364040 1738.9
1364050 1736.0
1364060 1736.0
1364070 1733.5
1364080 1730.2
1364090 1730.2
1364100 1725.9
1364110 1722.0
1364120 1722.0
1364130 1719.5
1364140 1716.7
1364150 1716.7
1364160 1713.6
1364170 1710.9
1364180 1710.9
1364190 1707.9
1364200 1704.4
1364210 1704.4
1364220 1701.0
1364230 1697.9
1364240 1697.9
1364250 1695.2
1364260 1692.5
1364270 1692.5
1364280 1690.2
1364290 1688.4
1364300 1688.4
1364310 1686.4
1364320 1685.0
1364330 1683.7
1364340 1683.7
1364350 1682.3
1364360 1682.5
1364370 1682.5
1364380 1683.2
1364390 1683.9
1364400 1683.9
1364410 1684.7
1364420 1685.0
1364430 1685.0
1364440 1685.4
1364450 1685.7
1364460 1685.7
1364470 1686.2
1364480 1686.9
1364490 1686.9
1364500 1687.9
1364510 1689.2
1364520 1689.2
1364530 1690.5
1364540 1691.9
1364550 1691.9
1364560 1693.4
1364570 1694.1
1364580 1694.1
1364590 1695.8
1364600 1698.2
1364610 1699.8
1364620 1699.8
1364630 1701.6
1364640 1703.7
1364650 1703.7
1364660 1705.4
1364670 1706.1
1364680 1706.1
1364690 1706.4
1364700 1706.5
1364710 1706.5
1364720 1706.8
1364730 1707.2
1364740 1707.2
1364750 1707.6
1364760 1708.9
1364770 1708.9
1364780 1710.6
1364790 1711.7
1364800 1711.7
1364810 1712.5
1364820 1712.6
1364830 1712.6
1364840 1713.9
1364850 1716.0
1364860 1712.8
1364870 1714.7
1364880 1715.6
1364890 1715.6
1364900 1716.8
1364910 1718.5
1364920 1720.8
1364930 1720.8
1364940 1724.1
1364950 1729.0
1364960 1729.0
1364970 1733.9
1364980 1736.5
1364990 1736.5
1365000 1737.9
1365010 1739.5
1365020 1739.5
1365030 1741.1
1365040 1742.9
1365050 1742.9
1365060 1744.4
1365070 1746.3
1365080 1746.3
1365090 1748.9
1365100 1751.3
1365110 1751.3
1365120 1753.2
1365130 1755.2
1365140 1755.2
1365150 1757.5
1365160 1759.2
1365170 1759.2
1365180 1760.4
1365190 1761.3
1365200 1761.3
1365210 1761.9
1365220 1762.4
1365230 1762.9
1365240 1762.9
1365250 1763.5
1365260 1763.8
1365270 1763.8
1365280 1764.7
1365290 1765.4
1365300 1765.4
1365310 1765.5
1365320 1764.9
1365330 1764.9
1365340 1764.2
1365350 1763.5
1365360 1763.5
1365370 1762.0
1365380 1760.5
1365390 1760.5
1365400 1759.7
1365410 1759.9
1365420 1759.9
1365430 1760.9
1365440 1761.4
1365450 1761.4
1365460 1761.8
1365470 1762.7
1365480 1762.7
1365490 1763.6
1365500 1763.8
1365510 1763.8
1365520 1763.8
1365530 1763.6
1365540 1763.1
1365550 1763.1
1365560 1762.5
1365570 1761.5
1365580 1761.5
1365590 1759.7
1365600 1757.5
1365610 1757.5
1365620 1756.4
1365630 1756.0
1365640 1756.0
1365650 1755.2
1365660 1754.2
1365670 1754.2
1365680 1752.9
1365690 1751.5
1365700 1751.5
1365710 1748.9
1365720 1746.9
1365730 1746.9
1365740 1746.6
1365750 1748.0
1365760 1748.0
1365770 1747.1
1365780 1746.0
1365790 1746.0
1365800 1744.7
1365810 1742.5
1365820 1740.0
1365830 1740.0
1365840 1737.3
1365850 1734.6
1365860 1734.6
1365870 1732.3
1365880 1730.4
1365890 1730.4
1365900 1728.9
1365910 1729.5
1365920 1729.5
1365930 1724.5
1365940 1723.4
1365950 1723.4
1365960 1719.4
1365970 1714.2
1365980 1714.2
1365990 1708.8
1366000 1705.1
1366010 1705.1
1366020 1703.3
1366030 1699.9
1366040 1699.9
1366050 1695.5
1366060 1692.0
1366070 1692.0
1366080 1688.3
1366090 1684.3
1366100 1684.3
1366110 1680.5
1366120 1677.2
1366130 1676.4
1366140 1676.4
1366150 1676.2
1366160 1674.1
1366170 1674.1
1366180 1668.0
1366190 1661.8
1366200 1661.8
1366210 1655.9
1366220 1648.8
1366230 1648.8
1366240 1642.5
1366250 1636.5
1366260 1636.5
1366270 1630.2
1366280 1625.0
1366290 1625.0
1366300 1621.2
1366310 1617.9
1366320 1617.9
1366330 1615.7
1366340 1613.5
1366350 1613.5
1366360 1610.7
1366370 1606.2
1366380 1606.2
1366390 1603.8
1366400 1602.4
1366410 1601.2
1366420 1601.2
1366430 1599.6
1366440 1597.1
1366450 1597.1
1366460 1594.0
1366470 1591.1
1366480 1591.1
1366490 1588.4
1366500 1586.2
1366510 1586.2
1366520 1583.8
1366530 1580.1
1366540 1580.1
1366550 1576.2
1366560 1572.3
1366570 1572.3
1366580 1569.1
1366590 1567.2
1366600 1567.2
1366610 1564.5
1366620 1561.7
1366630 1561.7
1366640 1559.3
1366650 1557.1
1366660 1557.1
1366670 1555.8
1366680 1554.7
1366690 1554.7
1366700 1552.9
1366710 1551.0
1366720 1548.7
1366730 1548.7
1366740 1547.1
1366750 1545.3
1366760 1545.3
1366770 1543.3
1366780 1541.0
1366790 1541.0
1366800 1538.2
1366810 1535.7
1366820 1535.7
1366830 1532.8
1366840 1529.0
1366850 1529.0
1366860 1527.0
1366870 1524.7
1366880 1524.7
1366890 1524.5
1366900 1523.6
1366910 1523.6
1366920 1521.7
1366930 1518.8
1366940 1518.8
1366950 1515.3
1366960 1511.6
1366970 1511.6
1366980 1508.0
1366990 1503.7
1367000 1503.7
1367010 1497.4
1367020 1492.7
1367030 1488.1
1367040 1488.1
1367050 1483.3
1367060 1475.6
1367070 1475.6
1367080 1468.6
1367090 1463.6
1367100 1463.6
1367110 1458.8
1367120 1453.7
1367130 1453.7
1367140 1449.0
1367150 1445.1
1367160 1445.1
1367170 1442.5
1367180 1440.8
1367190 1440.8
1367200 1438.3
1367210 1433.5
1367220 1433.5
1367230 1430.4
1367240 1427.9
1367250 1427.9
1367260 1426.2
1367270 1423.1
1367280 1423.1
1367290 1418.2
1367300 1412.8
1367310 1408.1
1367320 1408.1
1367330 1404.6
1367340 1401.6
1367350 1401.6
1367360 1399.5
1367370 1396.6
1367380 1396.6
1367390 1393.3
1367400 1388.4
1367410 1388.4
1367420 1385.2
1367430 1384.4
1367440 1384.4
1367450 1382.7
1367460 1380.4
1367470 1380.4
1367480 1378.0
1367490 1373.6
1367500 1373.6
1367510 1367.5
1367520 1363.1
1367530 1363.1
1367540 1359.6
1367550 1355.5
1367560 1355.5
1367570 1352.1
1367580 1350.8
1367590 1350.8
1367600 1349.2
1367610 1347.5
1367620 1346.4
1367630 1346.4
1367640 1345.6
1367650 1344.9
1367660 1344.9
1367670 1344.4
1367680 1342.6
1367690 1342.6
1367700 1342.4
1367710 1338.9
1367720 1338.9
1367730 1333.4
1367740 1330.4
1367750 1330.4
1367760 1330.2
1367770 1329.7
1367780 1329.7
1367790 1325.3
1367800 1321.1
1367810 1321.1
1367820 1317.3
1367830 1313.6
1367840 1313.6
1367850 1310.5
1367860 1307.9
1367870 1307.9
1367880 1304.7
1367890 1300.6
1367900 1300.6
1367910 1296.0
1367920 1291.0
1367930 1286.6
1367940 1286.6
1367950 1281.8
1367960 1277.1
1367970 1277.1
1367980 1272.4
1367990 1269.2
1368000 1269.2
1368010 1265.7
1368020 1260.8
1368030 1260.8
1368040 1256.1
1368050 1251.9
1368060 1251.9
1368070 1248.3
1368080 1244.1
1368090 1244.1
1368100 1240.1
1368110 1233.2
1368120 1233.2
1368130 1228.8
1368140 1223.7
1368150 1223.7
1368160 1219.4
1368170 1214.9
1368180 1214.9
1368190 1210.0
1368200 1205.3
1368210 1200.3
1368220 1200.3
1368230 1195.5
1368240 1191.1
1368250 1191.1
1368260 1186.9
1368270 1182.6
1368280 1182.6
1368290 1178.4
1368300 1174.0
1368310 1174.0
1368320 1169.8
1368330 1164.3
1368340 1164.3
1368350 1157.7
1368360 1150.6
1368370 1150.6
1368380 1144.6
1368390 1138.7
1368400 1138.7
1368410 1134.6
1368420 1131.0
1368430 1131.0
1368440 1129.0
1368450 1129.0
1368460 1129.0
1368470 1131.6
1368480 1134.5
1368490 1134.5
1368500 1137.0
1368510 1138.2
1368520 1138.3
1368530 1138.3
1368540 1138.6
1368550 1138.6
1368560 1138.6
1368570 1137.8
1368580 1134.6
1368590 1134.6
1368600 1127.3
1368610 1118.6
1368620 1118.6
1368630 1114.9
1368640 1114.5
1368650 1114.5
1368660 1112.0
1368670 1109.6
1368680 1109.6
1368690 1107.2
1368700 1104.1
1368710 1104.1
1368720 1100.6
1368730 1096.6
1368740 1096.6
1368750 1092.3
1368760 1088.0
1368770 1088.0
1368780 1084.5
1368790 1082.9
1368800 1081.2
1368810 1081.2
1368820 1077.6
1368830 1072.9
1368840 1072.9
1368850 1067.9
1368860 1063.3
1368870 1063.3
1368880 1059.2
1368890 1054.3
1368900 1054.3
1368910 1047.9
1368920 1041.3
1368930 1041.3
1368940 1036.4
1368950 1033.2
1368960 1033.2
1368970 1030.1
1368980 1027.4
1368990 1027.4
1369000 1025.4
1369010 1023.8
1369020 1023.8
1369030 1022.7
1369040 1021.7
1369050 1021.7
1369060 1020.5
1369070 1019.0
1369080 1019.0
1369090 1017.7
1369100 1016.0
1369110 1014.5
1369120 1014.5
1369130 1012.7
1369140 1010.5
1369150 1010.5
1369160 1009.3
1369170 1009.5
1369180 1009.5
1369190 1009.4
1369200 1011.5
1369210 1021.0
1369220 1026.0
1369230 1032.0
1369240 1032.0
1369250 1036.1
1369260 1041.6
1369270 1041.6
1369280 1043.0
1369290 1041.1
1369300 1041.1
1369310 1038.9
1369320 1038.9
1369330 1038.9
1369340 1036.0
1369350 1033.5
1369360 1033.5
1369370 1030.0
1369380 1025.7
1369390 1025.7
1369400 1021.0
1369410 1015.9
1369420 1009.8
1369430 1009.8
1369440 1004.7
1369450 1000.0
1369460 1000.0
1369470 996.7
1369480 992.2
1369490 992.2
1369500 988.9
1369510 985.7
1369520 985.7
1369530 982.0
1369540 978.4
1369550 978.4
1369560 975.3
1369570 972.4
1369580 972.4
1369590 970.2
1369600 968.7
1369610 968.7
1369620 967.4
1369630 966.2
1369640 966.2
1369650 965.1
1369660 964.1
1369670 964.1
1369680 962.0
1369690 960.7
1369700 959.7
1369710 959.7
1369720 958.3
1369730 957.4
1369740 957.4
1369750 957.0
1369760 956.1
1369770 956.1
1369780 954.1
1369790 952.6
1369800 952.6
1369810 951.8
1369820 950.9
1369830 950.9
1369840 949.5
1369850 947.7
1369860 947.7
1369870 945.3
1369880 942.5
1369890 942.5
1369900 940.8
1369910 940.3
1369920 940.3
1369930 939.9
1369940 939.2
1369950 939.2
1369960 938.8
1369970 940.9
1369980 940.9
1369990 940.7
1370000 940.3
1370010 944.6
1370020 944.6
1370030 948.8
1370040 952.5
1370050 952.5
1370060 954.5
1370070 956.8
1370080 956.8
1370090 959.6
1370100 963.7
1370110 963.7
1370120 968.8
1370130 973.7
1370140 973.7
1370150 977.5
1370160 981.6
1370170 981.6
1370180 985.5
1370190 988.2
1370200 988.2
1370210 989.8
1370220 992.2
1370230 992.2
1370240 994.2
1370250 996.2
1370260 996.2
1370270 997.9
1370280 1001.3
1370290 1001.3
1370300 1005.7
1370310 1009.0
1370320 1012.5
1370330 1012.5
1370340 1015.6
1370350 1019.0
1370360 1019.0
1370370 1020.5
1370380 1021.7
1370390 1021.7
1370400 1024.7
1370410 1027.8
1370420 1027.8
1370430 1032.6
1370440 1036.6
1370450 1036.6
1370460 1039.4
1370470 1041.3
1370480 1041.3
1370490 1042.2
1370500 1042.9
1370510 1042.9
1370520 1044.3
1370530 1047.8
1370540 1047.8
1370550 1053.1
1370560 1057.0
1370570 1057.0
1370580 1060.3
1370590 1063.8
1370600 1067.1
1370610 1067.1
1370620 1071.1
1370630 1074.7
1370640 1074.7
1370650 1080.4
1370660 1085.6
1370670 1085.6
1370680 1089.2
1370690 1091.9
1370700 1091.9
1370710 1093.9
1370720 1096.4
1370730 1096.4
1370740 1099.8
1370750 1101.9
1370760 1101.9
1370770 1104.6
1370780 1106.0
1370790 1106.0
1370800 1107.9
1370810 1111.7
1370820 1111.7
1370830 1116.4
1370840 1119.1
1370850 1119.1
1370860 1122.1
1370870 1126.0
1370880 1126.0
1370890 1129.7
1370900 1133.4
1370910 1138.4
1370920 1138.4
1370930 1144.0
1370940 1150.2
1370950 1150.2
1370960 1155.5
1370970 1158.4
1370980 1158.4
1370990 1160.3
1371000 1162.1
1371010 1162.1
1371020 1163.1
1371030 1165.8
1371040 1165.8
1371050 1169.5
1371060 1172.9
1371070 1172.9
1371080 1176.0
1371090 1179.5
1371100 1179.5
1371110 1183.8
1371120 1188.3
1371130 1188.3
1371140 1192.1
1371150 1195.1
1371160 1195.1
1371170 1198.4
1371180 1202.0
1371190 1202.0
1371200 1205.5
1371210 1208.5
1371220 1213.3
1371230 1213.3
1371240 1217.2
1371250 1221.3
1371260 1221.3
1371270 1225.1
1371280 1228.5
1371290 1228.5
1371300 1231.4
1371310 1234.1
1371320 1234.1
1371330 1235.5
1371340 1237.0
1371350 1237.0
1371360 1239.0
1371370 1241.1
1371380 1241.1
1371390 1242.4
1371400 1243.6
1371410 1243.6
1371420 1245.9
1371430 1249.5
1371440 1251.5
1371450 1254.6
1371460 1257.0
1371470 1257.0
1371480 1258.5
1371490 1260.9
1371500 1263.8
1371510 1263.8
1371520 1266.1
1371530 1268.0
1371540 1268.0
1371550 1270.1
1371560 1273.8
1371570 1273.8
1371580 1276.1
1371590 1279.0
1371600 1279.0
1371610 1283.4
1371620 1286.7
1371630 1286.7
1371640 1289.1
1371650 1291.2
1371660 1291.2
1371670 1293.8
1371680 1297.6
1371690 1297.6
1371700 1302.1
1371710 1307.3
1371720 1307.3
1371730 1310.8
1371740 1313.3
1371750 1313.3
1371760 1315.4
1371770 1319.8
1371780 1319.8
1371790 1325.1
1371800 1331.2
1371810 1337.1
1371820 1337.1
1371830 1341.1
1371840 1343.8
1371850 1343.8
1371860 1346.9
1371870 1348.8
1371880 1348.8
1371890 1349.0
1371900 1350.0
1371910 1350.0
1371920 1352.3
1371930 1355.3
1371940 1355.3
1371950 1358.5
1371960 1360.1
1371970 1360.1
1371980 1360.7
1371990 1360.9
1372000 1360.9
1372010 1362.1
1372020 1364.8
1372030 1364.8
1372040 1367.9
1372050 1371.3
1372060 1371.3
1372070 1374.0
1372080 1374.9
1372090 1378.1
1372100 1378.1
1372110 1382.5
1372120 1386.2
1372130 1386.2
1372140 1388.6
1372150 1387.5
1372160 1387.5
1372170 1387.2
1372180 1388.9
1372190 1388.9
1372200 1391.2
1372210 1393.0
1372220 1393.0
1372230 1394.0
1372240 1394.7
1372250 1394.7
1372260 1395.3
1372270 1397.0
1372280 1397.0
1372290 1398.8
1372300 1400.8
1372310 1400.8
1372320 1403.7
1372330 1406.1
1372340 1406.1
1372350 1407.3
1372360 1408.2
1372370 1408.2
1372380 1408.3
1372390 1408.9
1372400 1409.7
1372410 1409.7
1372420 1410.2
1372430 1410.5
1372440 1410.5
1372450 1410.8
1372460 1410.6
1372470 1410.6
1372480 1410.0
1372490 1409.7
1372500 1409.7
1372510 1409.2
1372520 1408.3
1372530 1408.3
1372540 1406.4
1372550 1404.1
1372560 1404.1
1372570 1403.3
1372580 1408.8
1372590 1408.8
1372600 1410.7
1372610 1411.4
1372620 1411.4
1372630 1411.6
1372640 1410.8
1372650 1410.8
1372660 1409.8
1372670 1408.8
1372680 1408.8
1372690 1407.8
1372700 1404.4
1372710 1398.5
1372720 1398.5
1372730 1396.1
1372740 1395.4
1372750 1395.4
1372760 1388.1
1372770 1381.5
1372780 1381.5
1372790 1373.7
1372800 1367.3
1372810 1367.3
1372820 1364.4
1372830 1357.1
1372840 1357.1
1372850 1346.4
1372860 1339.0
1372870 1339.0
1372880 1339.7
1372890 1343.0
1372900 1343.0
1372910 1347.1
1372920 1351.0
1372930 1351.0
1372940 1354.4
1372950 1357.2
1372960 1357.2
1372970 1360.8
1372980 1367.0
1372990 1371.7
1373000 1371.7
1373010 1377.4
1373020 1384.0
1373030 1384.0
1373040 1390.7
1373050 1396.9
1373060 1396.9
1373070 1403.9
1373080 1409.5
1373090 1409.5
1373100 1414.7
1373110 1420.0
1373120 1420.0
1373130 1427.0
1373140 1431.5
1373150 1431.5
1373160 1434.2
1373170 1437.1
1373180 1437.1
1373190 1441.0
1373200 1444.1
1373210 1444.1
1373220 1448.4
1373230 1453.3
1373240 1453.3
1373250 1457.1
1373260 1459.6
1373270 1459.6
1373280 1462.3
1373290 1464.4
1373300 1466.2
1373310 1466.2
1373320 1468.9
1373330 1473.0
1373340 1473.0
1373350 1477.2
1373360 1480.5
1373370 1480.5
1373380 1483.6
1373390 1486.5
1373400 1486.5
1373410 1488.9
1373420 1491.0
1373430 1491.0
1373440 1492.6
1373450 1493.0
1373460 1493.0
1373470 1493.0
1373480 1493.5
1373490 1493.5
1373500 1494.7
1373510 1497.1
1373520 1497.1
1373530 1499.3
1373540 1499.9
1373550 1499.9
1373560 1500.3
1373570 1501.4
1373580 1501.4
1373590 1503.4
1373600 1507.6
1373610 1512.5
1373620 1512.5
1373630 1517.0
1373640 1521.1
1373650 1521.1
1373660 1525.2
1373670 1528.7
1373680 1528.7
1373690 1530.8
1373700 1531.8
1373710 1531.8
1373720 1531.3
1373730 1532.5
1373740 1532.5
1373750 1534.0
1373760 1535.3
1373770 1535.3
1373780 1536.5
1373790 1538.7
1373800 1538.7
1373810 1541.1
1373820 1543.4
1373830 1543.4
1373840 1545.7
1373850 1547.8
1373860 1547.8
1373870 1550.0
1373880 1552.5
1373890 1554.8
1373900 1554.8
1373910 1556.7
1373920 1559.5
1373930 1559.5
1373940 1562.8
1373950 1566.2
1373960 1566.2
1373970 1569.6
1373980 1572.6
1373990 1572.6
1374000 1574.7
1374010 1575.6
1374020 1575.6
1374030 1575.0
1374040 1574.6
1374050 1574.6
1374060 1577.1
1374070 1580.1
1374080 1580.1
1374090 1581.9
1374100 1583.0
1374110 1583.0
1374120 1584.4
1374130 1586.7
1374140 1586.7
1374150 1588.5
1374160 1590.2
1374170 1590.2
1374180 1591.6
1374190 1592.8
1374200 1593.6
1374210 1593.6
1374220 1594.3
1374230 1595.1
1374240 1595.1
1374250 1595.7
1374260 1595.7
1374270 1595.7
1374280 1595.1
1374290 1595.3
1374300 1595.3
1374310 1596.5
1374320 1597.5
1374330 1597.5
1374340 1598.9
1374350 1600.6
1374360 1600.6
1374370 1602.3
1374380 1604.1
1374390 1604.1
1374400 1605.4
1374410 1606.7
1374420 1606.7
1374430 1609.6
1374440 1613.4
1374450 1613.4
1374460 1617.3
1374470 1621.9
1374480 1621.9
1374490 1627.4
1374500 1632.8
1374510 1637.3
1374520 1637.3
1374530 1639.7
1374540 1644.3
1374550 1644.3
1374560 1649.1
1374570 1653.6
1374580 1653.6
1374590 1658.3
1374600 1662.8
1374610 1662.8
1374620 1665.1
1374630 1668.3
1374640 1668.3
1374650 1670.9
1374660 1672.6
1374670 1672.6
1374680 1674.4
1374690 1674.4
1374700 1674.4
1374710 1675.1
1374720 1679.0
1374730 1679.0
1374740 1684.5
1374750 1690.1
1374760 1690.1
1374770 1695.2
1374780 1701.2
1374790 1707.3
1374800 1707.3
1374810 1710.3
1374820 1712.6
1374830 1712.6
1374840 1716.4
1374850 1721.7
1374860 1721.7
1374870 1727.4
1374880 1736.6
1374890 1736.6
1374900 1742.7
1374910 1748.5
1374920 1748.5
1374930 1753.6
1374940 1758.9
1374950 1758.9
1374960 1763.0
1374970 1764.9
1374980 1764.9
1374990 1766.5
1375000 1769.4
1375010 1769.4
1375020 1772.8
1375030 1776.7
1375040 1776.7
1375050 1779.6
1375060 1782.9
1375070 1782.9
1375080 1785.8
1375090 1788.0
1375100 1789.2
1375110 1789.2
1375120 1787.4
1375130 1786.4
1375140 1786.4
1375150 1789.0
1375160 1791.0
1375170 1791.0
1375180 1788.4
1375190 1785.3
1375200 1785.3
1375210 1781.3
1375220 1781.0
1375230 1781.0
1375240 1782.8
1375250 1785.1
1375260 1785.1
1375270 1788.6
1375280 1791.6
1375290 1791.6
1375300 1794.6
1375310 1798.7
1375320 1798.7
1375330 1802.4
1375340 1805.4
1375350 1805.4
1375360 1806.5
1375370 1807.7
1375380 1807.7
1375390 1810.8
1375400 1815.2
1375410 1819.7
1375420 1819.7
1375430 1823.9
1375440 1832.1
1375450 1832.1
1375460 1838.1
1375470 1841.9
1375480 1841.9
1375490 1846.4
1375500 1851.7
1375510 1851.7
1375520 1853.8
1375530 1855.9
1375540 1855.9
1375550 1857.0
1375560 1857.1
1375570 1857.1
1375580 1858.8
1375590 1862.9
1375600 1862.9
1375610 1866.4
1375620 1867.0
1375630 1867.0
1375640 1865.9
1375650 1864.0
1375660 1864.0
1375670 1862.0
1375680 1859.9
1375690 1857.6
1375700 1857.6
1375710 1855.2
1375720 1852.9
1375730 1852.9
1375740 1850.6
1375750 1847.9
1375760 1847.9
1375770 1845.1
1375780 1842.4
1375790 1842.4
1375800 1839.3
1375810 1833.8
1375820 1833.8
1375830 1827.0
1375840 1823.1
1375850 1823.1
1375860 1823.5
1375870 1824.1
1375880 1824.1
1375890 1826.2
1375900 1824.6
1375910 1824.6
1375920 1821.1
1375930 1818.1
1375940 1818.1
1375950 1817.6
1375960 1820.7
1375970 1820.7
1375980 1825.6
1375990 1829.8
1376000 1831.9
1376010 1831.9
1376020 1833.1
1376030 1833.6
1376040 1833.6
1376050 1840.6
1376060 1845.1
1376070 1845.1
1376080 1849.1
1376090 1851.0
1376100 1851.0
1376110 1851.8
1376120 1854.0
1376130 1854.0
1376140 1857.1
1376150 1859.6
1376160 1859.6
1376170 1862.1
1376180 1865.3
1376190 1865.3
1376200 1868.8
1376210 1872.0
1376220 1872.0
1376230 1875.1
1376240 1877.8
1376250 1877.8
1376260 1881.0
1376270 1885.1
1376280 1889.6
1376290 1889.6
1376300 1893.5
1376310 1897.2
1376320 1897.2
1376330 1901.8
1376340 1907.3
1376350 1907.3
1376360 1912.4
1376370 1916.2
1376380 1916.2
1376390 1919.5
1376400 1922.8
1376410 1922.8
1376420 1926.4
1376430 1930.8
1376440 1930.8
1376450 1935.5
1376460 1940.6
1376470 1940.6
1376480 1945.4
1376490 1950.0
1376500 1950.0
1376510 1954.7
1376520 1958.3
1376530 1958.3
1376540 1957.9
1376550 1957.4
1376560 1957.4
1376570 1957.7
1376580 1957.2
1376590 1954.5
1376600 1954.5
1376610 1952.2
1376620 1949.7
1376630 1949.7
1376640 1947.0
1376650 1943.7
1376660 1943.7
1376670 1940.4
1376680 1936.7
1376690 1936.7
1376700 1932.7
1376710 1928.8
1376720 1928.8
1376730 1924.5
1376740 1920.3
1376750 1920.3
1376760 1915.9
1376770 1911.8
1376780 1911.8
1376790 1907.0
1376800 1903.0
1376810 1903.0
1376820 1900.3
1376830 1898.0
1376840 1898.0
1376850 1896.8
1376860 1894.6
1376870 1894.6
1376880 1893.2
1376890 1892.4
1376900 1892.1
1376910 1892.1
1376920 1890.3
1376930 1891.9
1376940 1891.9
1376950 1895.0
1376960 1895.9
1376970 1895.9
1376980 1896.6
1376990 1897.1
1377000 1897.1
1377010 1897.9
1377020 1898.9
1377030 1898.9
1377040 1898.9
1377050 1898.4
1377060 1898.4
1377070 1897.1
1377080 1895.5
1377090 1895.5
1377100 1893.8
1377110 1890.6
1377120 1890.6
1377130 1887.7
1377140 1885.6
1377150 1885.6
1377160 1883.7
1377170 1881.7
1377180 1879.7
1377190 1879.7
1377200 1877.4
1377210 1876.5
1377220 1876.5
1377230 1867.1
1377240 1864.1
1377250 1864.1
1377260 1861.7
1377270 1861.5
1377280 1861.5
1377290 1861.8
1377300 1861.1
1377310 1861.1
1377320 1858.5
1377330 1855.0
1377340 1855.0
1377350 1852.1
1377360 1849.3
1377370 1849.3
1377380 1845.5
1377390 1843.0
1377400 1843.0
1377410 1841.2
1377420 1838.7
1377430 1838.7
1377440 1836.3
1377450 1834.5
1377460 1834.5
1377470 1833.8
1377480 1833.6
1377490 1835.6
1377500 1835.6
1377510 1836.5
1377520 1836.6
1377530 1836.6
1377540 1836.0
1377550 1838.6
1377560 1838.6
1377570 1842.2
1377580 1844.8
1377590 1844.8
1377600 1846.2
1377610 1845.6
1377620 1845.6
1377630 1847.4
1377640 1847.7
1377650 1847.7
1377660 1846.3
1377670 1843.8
1377680 1843.8
1377690 1839.7
1377700 1834.7
1377710 1834.7
1377720 1829.2
1377730 1823.6
1377740 1823.6
1377750 1817.7
1377760 1812.6
1377770 1812.6
1377780 1808.9
1377790 1805.4
1377800 1802.1
1377810 1802.1
1377820 1798.8
1377830 1795.1
1377840 1795.1
1377850 1790.1
1377860 1785.0
1377870 1785.0
1377880 1780.6
1377890 1776.7
1377900 1776.7
1377910 1773.1
1377920 1769.6
1377930 1769.6
1377940 1766.3
1377950 1763.3
1377960 1763.3
1377970 1760.2
1377980 1757.7
1377990 1757.7
1378000 1755.4
1378010 1753.2
1378020 1753.2
1378030 1750.8
1378040 1748.3
1378050 1748.3
1378060 1745.1
1378070 1739.8
1378080 1733.3
1378090 1733.3
1378100 1729.3
1378110 1726.2
1378120 1726.2
1378130 1723.4
1378140 1724.1
1378150 1724.1
1378160 1723.9
1378170 1720.6
1378180 1720.6
1378190 1716.6
1378200 1716.6
1378210 1716.6
1378220 1716.1
1378230 1714.9
1378240 1714.9
1378250 1714.6
1378260 1714.8
1378270 1714.8
1378280 1715.4
1378290 1716.0
1378300 1716.0
1378310 1717.7
1378320 1719.5
1378330 1719.5
1378340 1720.4
1378350 1722.1
1378360 1722.1
1378370 1722.4
1378380 1720.1
1378390 1716.4
1378400 1716.4
1378410 1712.9
1378420 1710.1
1378430 1704.1
1378440 1702.1
1378450 1700.1
1378460 1700.1
1378470 1697.6
1378480 1695.0
1378490 1695.0
1378500 1692.6
1378510 1689.3
1378520 1689.3
1378530 1686.4
1378540 1684.4
1378550 1684.4
1378560 1682.7
1378570 1681.5
1378580 1681.5
1378590 1680.5
1378600 1679.3
1378610 1679.3
1378620 1677.9
1378630 1674.9
1378640 1674.9
1378650 1670.2
1378660 1665.9
1378670 1665.9
1378680 1662.6
1378690 1660.6
1378700 1658.0
1378710 1658.0
1378720 1655.3
1378730 1652.2
1378740 1652.2
1378750 1649.2
1378760 1646.9
1378770 1646.9
1378780 1640.3
1378790 1640.1
1378800 1640.1
1378810 1648.0
1378820 1656.7
1378830 1656.7
1378840 1662.5
1378850 1665.9
1378860 1665.9
1378870 1668.2
1378880 1670.7
1378890 1670.7
1378900 1673.9
1378910 1677.1
1378920 1677.1
1378930 1680.2
1378940 1682.0
1378950 1682.0
1378960 1681.2
1378970 1678.5
1378980 1676.5
1378990 1676.5
1379000 1675.5
1379010 1675.1
1379020 1675.1
1379030 1674.6
1379040 1673.8
1379050 1673.8
1379060 1672.3
1379070 1671.7
1379080 1671.7
1379090 1672.0
1379100 1670.3
1379110 1670.3
1379120 1667.2
1379130 1664.8
1379140 1664.8
1379150 1663.2
1379160 1661.3
1379170 1661.3
1379180 1659.5
1379190 1657.6
1379200 1657.6
1379210 1656.3
1379220 1655.4
1379230 1655.4
1379240 1654.4
1379250 1653.4
1379260 1653.4
1379270 1652.7
1379280 1652.2
1379290 1651.4
1379300 1651.4
1379310 1650.2
1379320 1649.7
1379330 1649.7
1379340 1649.0
1379350 1647.0
1379360 1647.0
1379370 1643.7
1379380 1640.4
1379390 1640.4
1379400 1636.5
1379410 1633.7
1379420 1633.7
1379430 1632.8
1379440 1631.9
1379450 1631.9
1379460 1630.9
1379470 1627.8
1379480 1627.8
1379490 1623.8
1379500 1619.5
1379510 1619.5
1379520 1615.1
1379530 1608.8
1379540 1608.8
1379550 1602.8
1379560 1597.2
1379570 1591.4
1379580 1591.4
1379590 1585.0
1379600 1578.8
1379610 1578.8
1379620 1574.1
1379630 1569.7
1379640 1568.4
1379650 1564.1
1379660 1562.4
1379670 1562.4
1379680 1561.0
1379690 1559.3
1379700 1559.3
1379710 1557.6
1379720 1556.1
1379730 1556.1
1379740 1553.9
1379750 1551.0
1379760 1551.0
1379770 1546.8
1379780 1541.9
1379790 1541.9
1379800 1537.3
1379810 1533.3
1379820 1533.3
1379830 1530.4
1379840 1528.4
1379850 1528.4
1379860 1526.3
1379870 1524.6
1379880 1523.1
1379890 1523.1
1379900 1519.8
1379910 1517.5
1379920 1517.5
1379930 1516.1
1379940 1512.1
1379950 1512.1
1379960 1508.8
1379970 1505.1
1379980 1505.1
1379990 1502.0
