1360000 867.4
1360010 867.4
1360020 869.7
1360030 873.2
1360040 873.2
1360050 878.0
1360060 883.1
1360070 883.1
1360080 887.2
1360090 891.6
1360100 897.8
1360110 897.8
1360120 902.8
1360130 907.1
1360140 907.1
1360150 911.0
1360160 914.8
1360170 914.8
1360180 918.1
1360190 920.9
1360200 920.9
1360210 924.1
1360220 928.0
1360230 928.0
1360240 933.8
1360250 938.2
1360260 938.2
1360270 942.2
1360280 946.5
1360290 946.5
1360300 950.7
1360310 955.0
1360320 955.0
1360330 959.5
1360340 963.5
1360350 963.5
1360360 967.0
1360370 972.6
1360380 972.6
1360390 977.9
1360400 981.8
1360410 987.4
1360420 987.4
1360430 994.4
1360440 1001.2
1360450 1001.2
1360460 1007.5
1360470 1012.7
1360480 1012.7
1360490 1014.9
1360500 1016.0
1360510 1016.0
1360520 1015.0
1360530 1013.0
1360540 1013.0
1360550 1017.2
1360560 1023.1
1360570 1023.1
1360580 1026.1
1360590 1031.1
1360600 1031.1
1360610 1036.9
1360620 1043.9
1360630 1043.9
1360640 1046.8
1360650 1047.9
1360660 1047.9
1360670 1049.0
1360680 1051.4
1360690 1053.9
1360700 1053.9
1360710 1058.1
1360720 1062.7
1360730 1063.5
1360740 1068.1
1360750 1071.6
1360760 1071.6
1360770 1075.3
1360780 1079.0
1360790 1079.0
1360800 1083.1
1360810 1087.1
1360820 1087.1
1360830 1091.0
1360840 1094.6
1360850 1094.6
1360860 1098.0
1360870 1100.1
1360880 1100.1
1360890 1101.6
1360900 1103.0
1360910 1103.0
1360920 1104.3
1360930 1105.5
1360940 1105.5
1360950 1107.1
1360960 1108.9
1360970 1108.9
1360980 1111.9
1360990 1114.7
1361000 1116.2
1361010 1116.2
1361020 1118.2
1361030 1121.1
1361040 1121.1
1361050 1125.1
1361060 1129.6
1361070 1129.6
1361080 1133.8
1361090 1138.1
1361100 1138.1
1361110 1142.3
1361120 1146.8
1361130 1146.8
1361140 1151.2
1361150 1155.8
1361160 1155.8
1361170 1161.0
1361180 1164.1
1361190 1164.1
1361200 1166.9
1361210 1170.7
1361220 1170.7
1361230 1174.6
1361240 1177.6
1361250 1177.6
1361260 1181.0
1361270 1184.5
1361280 1184.5
1361290 1187.7
1361300 1190.8
1361310 1194.3
1361320 1194.3
1361330 1197.9
1361340 1201.3
1361350 1201.3
1361360 1204.5
1361370 1207.8
1361380 1207.8
1361390 1211.2
1361400 1215.2
1361410 1215.2
1361420 1219.5
1361430 1223.2
1361440 1223.2
1361450 1226.4
1361460 1229.3
1361470 1229.3
1361480 1231.9
1361490 1234.6
1361500 1234.6
1361510 1238.1
1361520 1242.7
1361530 1242.7
1361540 1247.0
1361550 1251.4
1361560 1251.4
1361570 1255.3
1361580 1259.0
1361590 1261.6
1361600 1261.6
1361610 1264.0
1361620 1265.7
1361630 1265.7
1361640 1267.4
1361650 1269.3
1361660 1269.3
1361670 1270.2
1361680 1271.9
1361690 1271.9
1361700 1274.6
1361710 1278.2
1361720 1278.2
1361730 1282.1
1361740 1287.5
1361750 1287.5
1361760 1290.0
1361770 1294.4
1361780 1294.4
1361790 1298.4
1361800 1302.4
1361810 1302.4
1361820 1306.9
1361830 1311.8
1361840 1311.8
1361850 1317.2
1361860 1323.0
1361870 1323.0
1361880 1329.3
1361890 1335.2
1361900 1341.4
1361910 1341.4
1361920 1348.4
1361930 1355.8
1361940 1355.8
1361950 1361.2
1361960 1365.7
1361970 1365.7
1361980 1371.4
1361990 1379.3
1362000 1379.3
1362010 1386.7
1362020 1393.1
1362030 1393.1
1362040 1399.8
1362050 1401.8
1362060 1401.8
1362070 1401.9
1362080 1402.8
1362090 1402.8
1362100 1405.1
1362110 1407.0
1362120 1407.0
1362130 1409.2
1362140 1412.2
1362150 1412.2
1362160 1413.9
1362170 1412.7
1362180 1412.7
1362190 1412.2
1362200 1412.6
1362210 1413.2
1362220 1413.2
1362230 1413.9
1362240 1415.3
1362250 1415.3
1362260 1417.0
1362270 1419.0
1362280 1419.0
1362290 1420.6
1362300 1422.9
1362310 1422.9
1362320 1424.3
1362330 1426.2
1362340 1426.2
1362350 1428.4
1362360 1430.2
1362370 1430.2
1362380 1430.8
1362390 1431.6
1362400 1431.6
1362410 1437.1
1362420 1441.0
1362430 1441.0
1362440 1444.2
1362450 1447.9
1362460 1447.9
1362470 1451.0
1362480 1453.9
1362490 1456.6
1362500 1456.6
1362510 1459.4
1362520 1461.3
1362530 1461.3
1362540 1463.9
1362550 1466.2
1362560 1466.2
1362570 1467.2
1362580 1466.3
1362590 1466.3
1362600 1466.1
1362610 1465.8
1362620 1465.8
1362630 1466.3
1362640 1467.0
1362650 1467.0
1362660 1468.4
1362670 1468.7
1362680 1468.7
1362690 1470.1
1362700 1476.1
1362710 1476.1
1362720 1482.3
1362730 1486.7
1362740 1486.7
1362750 1488.9
1362760 1490.0
1362770 1490.0
1362780 1489.3
1362790 1490.7
1362800 1488.3
1362810 1488.3
1362820 1492.4
1362830 1499.7
1362840 1499.7
1362850 1505.9
1362860 1511.6
1362870 1511.6
1362880 1517.1
1362890 1522.5
1362900 1522.5
1362910 1527.8
1362920 1532.8
1362930 1532.8
1362940 1537.7
1362950 1543.9
1362960 1543.9
1362970 1550.0
1362980 1555.3
1362990 1555.3
1363000 1559.8
1363010 1563.4
1363020 1563.4
1363030 1567.3
1363040 1570.4
1363050 1570.4
1363060 1573.6
1363070 1576.3
1363080 1578.9
1363090 1578.9
1363100 1581.3
1363110 1583.8
1363120 1583.8
1363130 1585.9
1363140 1588.6
1363150 1588.6
1363160 1591.5
1363170 1593.7
1363180 1593.7
1363190 1595.4
1363200 1597.6
1363210 1597.6
1363220 1599.9
1363230 1601.8
1363240 1601.8
1363250 1603.1
1363260 1605.0
1363270 1605.0
1363280 1606.5
1363290 1605.7
1363300 1605.7
1363310 1604.4
1363320 1604.8
1363330 1604.8
1363340 1604.3
1363350 1603.5
1363360 1603.5
1363370 1603.5
1363380 1603.9
1363390 1604.6
1363400 1604.6
1363410 1606.6
1363420 1611.9
1363430 1611.9
1363440 1618.9
1363450 1624.9
1363460 1624.9
1363470 1629.2
1363480 1632.2
1363490 1632.2
1363500 1634.3
1363510 1635.7
1363520 1635.7
1363530 1637.6
1363540 1639.0
1363550 1639.0
1363560 1641.9
1363570 1646.4
1363580 1646.4
1363590 1653.3
1363600 1665.5
1363610 1665.5
1363620 1676.3
1363630 1683.9
1363640 1683.9
1363650 1691.0
1363660 1697.4
1363670 1697.4
1363680 1703.2
1363690 1708.2
1363700 1712.3
1363710 1712.3
1363720 1715.1
1363730 1717.3
1363740 1717.3
1363750 1719.8
1363760 1723.4
1363770 1723.4
1363780 1727.2
1363790 1730.8
1363800 1730.8
1363810 1734.4
1363820 1736.6
1363830 1736.6
1363840 1736.9
1363850 1732.9
1363860 1732.9
1363870 1730.6
1363880 1727.8
1363890 1727.8
1363900 1725.8
1363910 1723.6
1363920 1723.6
1363930 1720.7
1363940 1717.0
1363950 1717.0
1363960 1713.0
1363970 1708.4
1363980 1704.7
1363990 1704.7
1364000 1701.2
1364010 1698.1
1364020 1698.1
1364030 1695.2
1364040 1692.6
1364050 1692.6
1364060 1689.2
1364070 1685.9
1364080 1685.9
1364090 1681.8
1364100 1677.5
1364110 1677.5
1364120 1672.8
1364130 1669.5
1364140 1669.5
1364150 1667.0
1364160 1662.2
1364170 1662.2
1364180 1658.8
1364190 1656.3
1364200 1656.3
1364210 1654.5
1364220 1652.7
1364230 1652.7
1364240 1651.1
1364250 1649.3
1364260 1649.3
1364270 1647.6
1364280 1647.8
1364290 1646.4
1364300 1646.4
1364310 1644.6
1364320 1643.6
1364330 1643.6
1364340 1641.7
1364350 1639.7
1364360 1639.7
1364370 1639.3
1364380 1638.5
1364390 1638.5
1364400 1637.6
1364410 1636.9
1364420 1636.9
1364430 1634.6
1364440 1633.8
1364450 1633.8
1364460 1635.1
1364470 1634.7
1364480 1634.7
1364490 1634.4
1364500 1634.2
1364510 1634.2
1364520 1633.8
1364530 1634.3
1364540 1634.3
1364550 1635.3
1364560 1635.8
1364570 1635.8
1364580 1635.8
1364590 1635.7
1364600 1636.6
1364610 1636.6
1364620 1637.4
1364630 1639.7
1364640 1639.7
1364650 1642.0
1364660 1642.9
1364670 1642.9
1364680 1641.5
1364690 1640.0
1364700 1640.0
1364710 1640.3
1364720 1641.5
1364730 1641.5
1364740 1643.6
1364750 1646.1
1364760 1646.1
1364770 1648.2
1364780 1649.6
1364790 1649.6
1364800 1650.7
1364810 1651.7
1364820 1651.7
1364830 1652.2
1364840 1652.6
1364850 1652.6
1364860 1653.0
1364870 1654.6
1364880 1657.9
1364890 1657.9
1364900 1662.1
1364910 1666.1
1364920 1662.5
1364930 1665.0
1364940 1665.5
1364950 1665.5
1364960 1663.7
1364970 1662.7
1364980 1662.7
1364990 1662.7
1365000 1663.9
1365010 1663.9
1365020 1666.2
1365030 1670.0
1365040 1670.0
1365050 1673.1
1365060 1675.5
1365070 1675.5
1365080 1679.7
1365090 1685.2
1365100 1685.2
1365110 1688.8
1365120 1689.6
1365130 1689.6
1365140 1690.2
1365150 1690.5
1365160 1690.5
1365170 1691.5
1365180 1692.9
1365190 1694.3
1365200 1694.3
1365210 1695.6
1365220 1697.3
1365230 1697.3
1365240 1698.7
1365250 1699.6
1365260 1699.6
1365270 1700.2
1365280 1700.2
1365290 1700.2
1365300 1700.0
1365310 1699.9
1365320 1699.9
1365330 1700.0
1365340 1700.4
1365350 1700.4
1365360 1700.5
1365370 1699.7
1365380 1699.7
1365390 1699.1
1365400 1698.2
1365410 1698.2
1365420 1697.6
1365430 1697.2
1365440 1697.2
1365450 1697.0
1365460 1696.5
1365470 1695.6
1365480 1695.6
1365490 1694.8
1365500 1694.2
1365510 1694.2
1365520 1693.5
1365530 1692.8
1365540 1692.8
1365550 1692.1
1365560 1691.5
1365570 1691.5
1365580 1691.0
1365590 1690.5
1365600 1690.5
1365610 1690.1
1365620 1690.0
1365630 1690.0
1365640 1690.0
1365650 1689.7
1365660 1689.7
1365670 1689.3
1365680 1688.9
1365690 1688.9
1365700 1688.0
1365710 1687.2
1365720 1687.2
1365730 1686.6
1365740 1685.8
1365750 1685.8
1365760 1685.2
1365770 1684.7
1365780 1684.1
1365790 1684.1
1365800 1683.6
1365810 1683.0
1365820 1683.0
1365830 1682.5
1365840 1682.0
1365850 1682.0
1365860 1681.6
1365870 1681.1
1365880 1681.1
1365890 1680.3
1365900 1679.1
1365910 1679.1
1365920 1677.6
1365930 1676.3
1365940 1676.3
1365950 1674.5
1365960 1672.8
1365970 1672.8
1365980 1671.6
1365990 1671.5
1366000 1671.5
1366010 1670.4
1366020 1668.4
1366030 1668.4
1366040 1667.1
1366050 1665.7
1366060 1665.7
1366070 1663.6
1366080 1660.8
1366090 1656.9
1366100 1656.9
1366110 1653.1
1366120 1649.6
1366130 1649.6
1366140 1646.0
1366150 1642.8
1366160 1642.8
1366170 1640.1
1366180 1637.9
1366190 1637.9
1366200 1635.7
1366210 1634.6
1366220 1634.6
1366230 1632.8
1366240 1631.6
1366250 1631.6
1366260 1630.2
1366270 1628.3
1366280 1628.3
1366290 1625.1
1366300 1621.7
1366310 1621.7
1366320 1618.3
1366330 1615.5
1366340 1615.5
1366350 1612.5
1366360 1608.5
1366370 1604.1
1366380 1604.1
1366390 1599.5
1366400 1595.1
1366410 1595.1
1366420 1591.0
1366430 1586.9
1366440 1586.9
1366450 1583.5
1366460 1580.6
1366470 1580.6
1366480 1578.6
1366490 1576.1
1366500 1576.1
1366510 1573.1
1366520 1569.6
1366530 1569.6
1366540 1565.6
1366550 1561.7
1366560 1561.7
1366570 1557.7
1366580 1554.1
1366590 1554.1
1366600 1550.2
1366610 1546.7
1366620 1546.7
1366630 1543.5
1366640 1540.3
1366650 1540.3
1366660 1536.7
1366670 1533.8
1366680 1530.8
1366690 1530.8
1366700 1528.3
1366710 1526.4
1366720 1526.4
1366730 1524.6
1366740 1523.9
1366750 1523.9
1366760 1524.3
1366770 1523.7
1366780 1523.7
1366790 1522.5
1366800 1522.3
1366810 1522.3
1366820 1517.7
1366830 1511.9
1366840 1511.9
1366850 1511.2
1366860 1512.8
1366870 1512.8
1366880 1511.8
1366890 1508.1
1366900 1508.1
1366910 1505.3
1366920 1503.5
1366930 1503.5
1366940 1501.4
1366950 1499.1
1366960 1499.1
1366970 1495.8
1366980 1491.9
1366990 1488.0
1367000 1488.0
1367010 1484.0
1367020 1480.1
1367030 1480.1
1367040 1476.5
1367050 1473.2
1367060 1473.2
1367070 1475.0
1367080 1471.8
1367090 1471.8
1367100 1468.6
1367110 1465.4
1367120 1465.4
1367130 1462.6
1367140 1459.7
1367150 1459.7
1367160 1455.5
1367170 1452.1
1367180 1452.1
1367190 1448.7
1367200 1445.3
1367210 1445.3
1367220 1441.6
1367230 1437.5
1367240 1437.5
1367250 1434.1
1367260 1430.9
1367270 1427.0
1367280 1427.0
1367290 1423.1
1367300 1419.5
1367310 1419.5
1367320 1415.3
1367330 1411.3
1367340 1411.3
1367350 1407.2
1367360 1402.9
1367370 1402.9
1367380 1399.1
1367390 1395.4
1367400 1395.4
1367410 1392.3
1367420 1388.8
1367430 1388.8
1367440 1385.0
1367450 1380.4
1367460 1380.4
1367470 1376.2
1367480 1371.9
1367490 1371.9
1367500 1367.3
1367510 1362.5
1367520 1362.5
1367530 1357.3
1367540 1351.0
1367550 1351.0
1367560 1344.7
1367570 1338.0
1367580 1330.8
1367590 1330.8
1367600 1323.9
1367610 1318.5
1367620 1318.5
1367630 1314.6
1367640 1310.7
1367650 1310.7
1367660 1306.2
1367670 1301.1
1367680 1301.1
1367690 1294.3
1367700 1285.2
1367710 1285.2
1367720 1275.0
1367730 1265.6
1367740 1265.6
1367750 1258.1
1367760 1250.7
1367770 1250.7
1367780 1244.1
1367790 1236.6
1367800 1236.6
1367810 1227.6
1367820 1217.3
1367830 1217.3
1367840 1205.7
1367850 1194.2
1367860 1191.0
1367870 1191.0
1367880 1192.3
1367890 1194.7
1367900 1194.7
1367910 1190.2
1367920 1188.3
1367930 1188.3
1367940 1188.7
1367950 1188.5
1367960 1188.5
1367970 1186.6
1367980 1184.1
1367990 1184.1
1368000 1183.5
1368010 1182.7
1368020 1182.7
1368030 1180.8
1368040 1178.1
1368050 1178.1
1368060 1174.0
1368070 1170.4
1368080 1170.4
1368090 1165.3
1368100 1159.7
1368110 1159.7
1368120 1154.5
1368130 1150.6
1368140 1150.6
1368150 1146.8
1368160 1137.9
1368170 1134.6
1368180 1134.6
1368190 1131.9
1368200 1127.1
1368210 1127.1
1368220 1122.2
1368230 1117.1
1368240 1117.1
1368250 1111.3
1368260 1108.0
1368270 1108.0
1368280 1106.0
1368290 1102.1
1368300 1102.1
1368310 1100.7
1368320 1102.2
1368330 1102.2
1368340 1104.3
1368350 1105.8
1368360 1105.8
1368370 1106.8
1368380 1108.0
1368390 1108.0
1368400 1108.0
1368410 1106.8
1368420 1106.8
1368430 1110.4
1368440 1112.7
1368450 1112.7
1368460 1113.6
1368470 1114.0
1368480 1113.8
1368490 1113.8
1368500 1113.2
1368510 1113.9
1368520 1113.9
1368530 1114.0
1368540 1112.3
1368550 1112.3
1368560 1110.6
1368570 1108.9
1368580 1108.9
1368590 1107.7
1368600 1106.1
1368610 1106.1
1368620 1106.4
1368630 1107.0
1368640 1107.0
1368650 1106.5
1368660 1106.4
1368670 1106.4
1368680 1107.1
1368690 1106.0
1368700 1106.0
1368710 1104.5
1368720 1101.5
1368730 1101.5
1368740 1097.4
1368750 1092.6
1368760 1090.1
1368770 1090.1
1368780 1089.5
1368790 1087.6
1368800 1087.6
1368810 1087.8
1368820 1088.5
1368830 1088.5
1368840 1093.5
1368850 1093.1
1368860 1093.1
1368870 1090.2
1368880 1094.2
1368890 1094.2
1368900 1100.3
1368910 1100.2
1368920 1100.2
1368930 1102.6
1368940 1099.8
1368950 1099.8
1368960 1099.1
1368970 1100.7
1368980 1100.7
1368990 1105.8
1369000 1103.7
1369010 1103.7
1369020 1104.9
1369030 1106.4
1369040 1106.4
1369050 1109.7
1369060 1109.8
1369070 1108.8
1369080 1108.8
1369090 1107.2
1369100 1104.2
1369110 1104.2
1369120 1101.4
1369130 1098.0
1369140 1098.0
1369150 1094.8
1369160 1092.0
1369170 1092.0
1369180 1089.6
1369190 1087.1
1369200 1087.1
1369210 1084.8
1369220 1082.5
1369230 1082.5
1369240 1078.9
1369250 1075.2
1369260 1075.2
1369270 1072.3
1369280 1068.9
1369290 1068.9
1369300 1064.8
1369310 1060.7
1369320 1060.7
1369330 1056.7
1369340 1051.8
1369350 1045.0
1369360 1045.0
1369370 1038.9
1369380 1033.4
1369390 1033.4
1369400 1027.9
1369410 1022.0
1369420 1022.0
1369430 1016.6
1369440 1011.2
1369450 1011.2
1369460 1006.5
1369470 1001.7
1369480 1001.7
1369490 997.5
1369500 993.6
1369510 993.6
1369520 989.4
1369530 984.6
1369540 984.6
1369550 980.4
1369560 976.6
1369570 976.6
1369580 973.1
1369590 969.7
1369600 969.7
1369610 966.4
1369620 963.4
1369630 963.4
1369640 960.4
1369650 957.6
1369660 954.9
1369670 954.9
1369680 952.5
1369690 950.6
1369700 950.6
1369710 949.2
1369720 948.1
1369730 948.1
1369740 947.5
1369750 947.1
1369760 947.1
1369770 946.6
1369780 946.0
1369790 946.0
1369800 945.4
1369810 945.1
1369820 945.1
1369830 944.8
1369840 944.6
1369850 944.6
1369860 943.7
1369870 943.2
1369880 943.2
1369890 944.2
1369900 944.3
1369910 944.3
1369920 944.0
1369930 943.9
1369940 943.9
1369950 943.5
1369960 943.2
1369970 944.0
1369980 944.0
1369990 943.9
1370000 943.9
1370010 943.9
1370020 944.0
1370030 943.9
1370040 943.9
1370050 943.8
1370060 943.9
1370070 943.9
1370080 944.1
1370090 944.2
1370100 944.2
1370110 944.8
1370120 945.9
1370130 945.9
1370140 948.2
1370150 951.4
1370160 951.4
1370170 954.5
1370180 958.0
1370190 958.0
1370200 961.3
1370210 964.8
1370220 964.8
1370230 968.6
1370240 972.8
1370250 974.1
1370260 974.1
1370270 976.8
1370280 983.3
1370290 983.3
1370300 988.3
1370310 992.8
1370320 992.8
1370330 996.3
1370340 999.3
1370350 999.3
1370360 1002.3
1370370 1005.2
1370380 1004.2
1370390 1007.3
1370400 1011.1
1370410 1011.1
1370420 1014.8
1370430 1019.2
1370440 1019.2
1370450 1023.7
1370460 1028.0
1370470 1028.0
1370480 1033.2
1370490 1038.4
1370500 1038.4
1370510 1041.2
1370520 1043.8
1370530 1043.8
1370540 1046.9
1370550 1049.6
1370560 1051.8
1370570 1051.8
1370580 1055.0
1370590 1058.6
1370600 1058.6
1370610 1062.0
1370620 1065.2
1370630 1065.2
1370640 1069.4
1370650 1073.7
1370660 1073.7
1370670 1078.6
1370680 1083.9
1370690 1083.9
1370700 1088.9
1370710 1094.2
1370720 1094.2
1370730 1099.7
1370740 1105.9
1370750 1105.9
1370760 1110.4
1370770 1115.3
1370780 1115.3
1370790 1122.3
1370800 1129.7
1370810 1129.7
1370820 1135.9
1370830 1141.5
1370840 1141.5
1370850 1145.7
1370860 1150.2
1370870 1155.4
1370880 1155.4
1370890 1159.7
1370900 1163.3
1370910 1163.3
1370920 1167.3
1370930 1172.4
1370940 1172.4
1370950 1177.6
1370960 1181.8
1370970 1181.8
1370980 1185.7
1370990 1188.5
1371000 1188.5
1371010 1191.1
1371020 1195.4
1371030 1195.4
1371040 1201.2
1371050 1206.4
1371060 1206.4
1371070 1208.7
1371080 1210.6
1371090 1210.6
1371100 1212.7
1371110 1215.1
1371120 1215.1
1371130 1217.9
1371140 1220.2
1371150 1222.2
1371160 1222.2
1371170 1224.7
1371180 1226.5
1371190 1226.5
1371200 1228.7
1371210 1232.5
1371220 1232.5
1371230 1236.3
1371240 1239.8
1371250 1239.8
1371260 1243.2
1371270 1247.3
1371280 1247.3
1371290 1250.9
1371300 1255.8
1371310 1255.8
1371320 1261.9
1371330 1268.4
1371340 1268.4
1371350 1276.3
1371360 1283.9
1371370 1283.9
1371380 1289.0
1371390 1290.5
1371400 1290.5
1371410 1294.2
1371420 1297.4
1371430 1297.4
1371440 1301.1
1371450 1305.7
1371460 1306.4
1371470 1306.4
1371480 1306.4
1371490 1307.0
1371500 1308.9
1371510 1310.7
1371520 1314.1
1371530 1314.1
1371540 1318.1
1371550 1320.8
1371560 1320.8
1371570 1322.0
1371580 1323.7
1371590 1323.7
1371600 1325.1
1371610 1325.5
1371620 1325.5
1371630 1328.9
1371640 1333.2
1371650 1333.2
1371660 1337.2
1371670 1340.6
1371680 1340.6
1371690 1345.1
1371700 1350.2
1371710 1350.2
1371720 1353.8
1371730 1356.4
1371740 1358.4
1371750 1358.4
1371760 1360.0
1371770 1361.3
1371780 1361.3
1371790 1362.0
1371800 1362.6
1371810 1362.6
1371820 1363.4
1371830 1364.2
1371840 1364.2
1371850 1365.1
1371860 1366.2
1371870 1366.2
1371880 1367.8
1371890 1369.6
1371900 1369.6
1371910 1370.8
1371920 1372.6
1371930 1372.6
1371940 1375.7
1371950 1378.6
1371960 1378.6
1371970 1380.6
1371980 1381.9
1371990 1381.9
1372000 1382.8
1372010 1383.9
1372020 1383.9
1372030 1384.5
1372040 1383.9
1372050 1384.4
1372060 1384.4
1372070 1385.4
1372080 1387.0
1372090 1387.0
1372100 1388.6
1372110 1390.3
1372120 1390.3
1372130 1392.5
1372140 1395.6
1372150 1395.6
1372160 1398.9
1372170 1403.0
1372180 1403.0
1372190 1405.8
1372200 1407.1
1372210 1407.1
1372220 1408.0
1372230 1408.9
1372240 1408.9
1372250 1409.2
1372260 1410.4
1372270 1410.4
1372280 1411.6
1372290 1413.3
1372300 1413.3
1372310 1414.9
1372320 1415.8
1372330 1415.8
1372340 1416.3
1372350 1416.8
1372360 1417.5
1372370 1417.5
1372380 1418.5
1372390 1419.2
1372400 1419.2
1372410 1420.2
1372420 1422.9
1372430 1422.9
1372440 1425.6
1372450 1427.5
1372460 1427.5
1372470 1429.2
1372480 1430.3
1372490 1430.3
1372500 1431.6
1372510 1432.7
1372520 1432.7
1372530 1433.1
1372540 1432.7
1372550 1432.7
1372560 1431.6
1372570 1431.5
1372580 1431.5
1372590 1431.3
1372600 1430.5
1372610 1430.5
1372620 1431.0
1372630 1432.3
1372640 1433.5
1372650 1433.5
1372660 1435.0
1372670 1437.9
1372680 1437.9
1372690 1441.7
1372700 1444.0
1372710 1444.0
1372720 1446.0
1372730 1449.2
1372740 1449.2
1372750 1452.6
1372760 1455.5
1372770 1455.5
1372780 1457.1
1372790 1458.1
1372800 1458.1
1372810 1458.6
1372820 1458.6
1372830 1458.6
1372840 1456.7
1372850 1446.7
1372860 1446.7
1372870 1434.2
1372880 1426.9
1372890 1426.9
1372900 1420.7
1372910 1416.6
1372920 1416.6
1372930 1413.0
1372940 1406.6
1372950 1402.4
1372960 1402.4
1372970 1400.4
1372980 1400.9
1372990 1400.9
1373000 1406.1
1373010 1414.2
1373020 1414.2
1373030 1421.9
1373040 1429.0
1373050 1429.0
1373060 1436.4
1373070 1441.7
1373080 1441.7
1373090 1446.2
1373100 1451.5
1373110 1451.5
1373120 1456.5
1373130 1461.6
1373140 1461.6
1373150 1466.1
1373160 1469.4
1373170 1469.4
1373180 1471.4
1373190 1473.8
1373200 1473.8
1373210 1476.0
1373220 1479.1
1373230 1483.4
1373240 1483.4
1373250 1484.6
1373260 1484.2
1373270 1484.2
1373280 1484.5
1373290 1486.4
1373300 1486.4
1373310 1487.8
1373320 1490.4
1373330 1490.4
1373340 1494.1
1373350 1497.6
1373360 1497.6
1373370 1499.9
1373380 1502.1
1373390 1502.1
1373400 1506.5
1373410 1512.4
1373420 1512.4
1373430 1517.6
1373440 1523.2
1373450 1523.2
1373460 1528.4
1373470 1531.4
1373480 1531.4
1373490 1530.9
1373500 1531.9
1373510 1531.9
1373520 1533.9
1373530 1534.6
1373540 1535.0
1373550 1535.0
1373560 1538.1
1373570 1542.1
1373580 1542.1
1373590 1546.3
1373600 1550.1
1373610 1550.1
1373620 1552.0
1373630 1554.0
1373640 1554.0
1373650 1555.2
1373660 1557.0
1373670 1557.0
1373680 1558.5
1373690 1557.2
1373700 1557.2
1373710 1556.9
1373720 1559.0
1373730 1559.0
1373740 1558.1
1373750 1560.4
1373760 1560.4
1373770 1565.4
1373780 1572.3
1373790 1572.3
1373800 1573.9
1373810 1575.5
1373820 1575.5
1373830 1577.1
1373840 1580.5
1373850 1583.7
1373860 1583.7
1373870 1585.4
1373880 1588.4
1373890 1588.4
1373900 1591.4
1373910 1594.3
1373920 1594.3
1373930 1596.9
1373940 1599.0
1373950 1599.0
1373960 1600.8
1373970 1602.7
1373980 1602.7
1373990 1604.3
1374000 1606.2
1374010 1606.2
1374020 1608.2
1374030 1609.9
1374040 1609.9
1374050 1611.2
1374060 1613.8
1374070 1613.8
1374080 1615.5
1374090 1617.0
1374100 1617.0
1374110 1618.6
1374120 1619.9
1374130 1621.3
1374140 1621.3
1374150 1623.0
1374160 1624.5
1374170 1624.5
1374180 1625.5
1374190 1626.2
1374200 1626.2
1374210 1628.0
1374220 1629.6
1374230 1629.6
1374240 1630.4
1374250 1631.0
1374260 1631.0
1374270 1631.1
1374280 1631.9
1374290 1631.9
1374300 1634.0
1374310 1636.5
1374320 1636.5
1374330 1639.5
1374340 1642.9
1374350 1642.9
1374360 1646.8
1374370 1651.0
1374380 1651.0
1374390 1655.1
1374400 1660.5
1374410 1660.5
1374420 1668.0
1374430 1674.7
1374440 1681.8
1374450 1681.8
1374460 1689.6
1374470 1696.4
1374480 1696.4
1374490 1702.0
1374500 1707.9
1374510 1707.9
1374520 1714.2
1374530 1719.8
1374540 1719.8
1374550 1725.6
1374560 1730.5
1374570 1730.5
1374580 1736.4
1374590 1743.8
1374600 1743.8
1374610 1750.9
1374620 1758.3
1374630 1758.3
1374640 1766.7
1374650 1775.3
1374660 1775.3
1374670 1780.7
1374680 1784.7
1374690 1784.7
1374700 1789.1
1374710 1793.4
1374720 1793.4
1374730 1796.7
1374740 1799.1
1374750 1800.6
1374760 1800.6
1374770 1804.8
1374780 1809.0
1374790 1809.0
1374800 1814.5
1374810 1819.7
1374820 1819.7
1374830 1816.7
1374840 1810.2
1374850 1810.2
1374860 1811.3
1374870 1817.1
1374880 1817.1
1374890 1823.8
1374900 1829.9
1374910 1829.9
1374920 1836.0
1374930 1841.6
1374940 1846.7
1374950 1852.4
1374960 1857.4
1374970 1857.4
1374980 1861.7
1374990 1867.6
1375000 1867.6
1375010 1871.1
1375020 1875.1
1375030 1880.6
1375040 1880.6
1375050 1884.7
1375060 1887.6
1375070 1887.6
1375080 1889.7
1375090 1891.6
1375100 1891.6
1375110 1892.9
1375120 1893.1
1375130 1893.1
1375140 1890.8
1375150 1889.0
1375160 1889.0
1375170 1888.2
1375180 1888.8
1375190 1888.8
1375200 1891.1
1375210 1895.0
1375220 1895.0
1375230 1898.2
1375240 1899.3
1375250 1899.3
1375260 1899.3
1375270 1899.1
1375280 1899.1
1375290 1898.1
1375300 1896.2
1375310 1896.2
1375320 1893.7
1375330 1890.7
1375340 1887.7
1375350 1887.7
1375360 1884.2
1375370 1882.1
1375380 1882.1
1375390 1879.2
1375400 1875.1
1375410 1875.1
1375420 1871.5
1375430 1867.1
1375440 1867.1
1375450 1864.1
1375460 1861.6
1375470 1861.6
1375480 1860.2
1375490 1858.9
1375500 1858.9
1375510 1859.0
1375520 1859.9
1375530 1859.9
1375540 1861.1
1375550 1863.0
1375560 1863.0
1375570 1863.4
1375580 1864.4
1375590 1864.4
1375600 1866.4
1375610 1869.5
1375620 1873.4
1375630 1873.4
1375640 1877.5
1375650 1879.0
1375660 1879.0
1375670 1879.2
1375680 1880.2
1375690 1880.2
1375700 1881.4
1375710 1882.7
1375720 1882.7
1375730 1884.0
1375740 1884.9
1375750 1884.9
1375760 1884.7
1375770 1887.2
1375780 1887.2
1375790 1889.8
1375800 1891.5
1375810 1891.5
1375820 1892.5
1375830 1892.4
1375840 1892.4
1375850 1891.7
1375860 1891.4
1375870 1891.4
1375880 1891.1
1375890 1890.9
1375900 1890.9
1375910 1888.9
1375920 1886.1
1375930 1885.5
1375940 1885.5
1375950 1891.3
1375960 1896.3
1375970 1896.3
1375980 1896.7
1375990 1896.7
1376000 1896.7
1376010 1896.9
1376020 1897.1
1376030 1897.1
1376040 1896.7
1376050 1896.7
1376060 1896.7
1376070 1897.6
1376080 1899.1
1376090 1899.1
1376100 1900.3
1376110 1898.4
1376120 1898.4
1376130 1898.6
1376140 1898.6
1376150 1898.6
1376160 1898.6
1376170 1898.3
1376180 1898.3
1376190 1896.8
1376200 1894.2
1376210 1894.2
1376220 1891.4
1376230 1888.7
1376240 1886.0
1376250 1886.0
1376260 1882.8
1376270 1878.8
1376280 1878.8
1376290 1879.0
1376300 1876.4
1376310 1876.4
1376320 1876.2
1376330 1878.7
1376340 1878.7
1376350 1879.8
1376360 1882.4
1376370 1882.4
1376380 1885.7
1376390 1887.9
1376400 1887.9
1376410 1891.0
1376420 1895.4
1376430 1895.4
1376440 1898.3
1376450 1900.1
1376460 1900.1
1376470 1900.2
1376480 1899.1
1376490 1899.1
1376500 1897.1
1376510 1894.0
1376520 1889.9
1376530 1889.9
1376540 1885.7
1376550 1881.9
1376560 1881.9
1376570 1878.1
1376580 1874.8
1376590 1874.8
1376600 1871.5
1376610 1868.5
1376620 1868.5
1376630 1865.5
1376640 1862.5
1376650 1862.5
1376660 1859.4
1376670 1855.3
1376680 1855.3
1376690 1851.3
1376700 1847.6
1376710 1847.6
1376720 1845.1
1376730 1842.2
1376740 1842.2
1376750 1839.4
1376760 1836.6
1376770 1836.6
1376780 1832.8
1376790 1827.7
1376800 1827.7
1376810 1822.2
1376820 1816.8
1376830 1812.2
1376840 1812.2
1376850 1808.4
1376860 1804.8
1376870 1804.8
1376880 1800.4
1376890 1796.2
1376900 1796.2
1376910 1791.0
1376920 1784.9
1376930 1784.9
1376940 1779.1
1376950 1782.7
1376960 1782.7
1376970 1784.8
1376980 1786.4
1376990 1786.4
1377000 1788.9
1377010 1791.0
1377020 1791.0
1377030 1792.4
1377040 1792.9
1377050 1792.9
1377060 1792.2
1377070 1791.3
1377080 1791.3
1377090 1789.4
1377100 1786.5
1377110 1783.3
1377120 1783.3
1377130 1780.7
1377140 1778.1
1377150 1778.1
1377160 1775.7
1377170 1774.0
1377180 1774.0
1377190 1771.4
1377200 1767.3
1377210 1767.3
1377220 1763.6
1377230 1759.8
1377240 1759.8
1377250 1754.7
1377260 1747.6
1377270 1747.6
1377280 1741.5
1377290 1736.0
1377300 1731.0
1377310 1726.7
1377320 1724.5
1377330 1724.5
1377340 1722.3
1377350 1718.1
1377360 1718.1
1377370 1712.4
1377380 1706.6
1377390 1706.6
1377400 1704.5
1377410 1703.7
1377420 1702.8
1377430 1702.8
1377440 1703.2
1377450 1705.4
1377460 1705.4
1377470 1705.8
1377480 1705.6
1377490 1705.6
1377500 1704.9
1377510 1704.5
1377520 1704.5
1377530 1704.9
1377540 1706.7
1377550 1706.7
1377560 1709.6
1377570 1713.5
1377580 1713.5
1377590 1717.7
1377600 1721.3
1377610 1721.3
1377620 1725.3
1377630 1729.6
1377640 1729.6
1377650 1731.7
1377660 1733.1
1377670 1733.1
1377680 1741.1
1377690 1743.0
1377700 1743.0
1377710 1744.4
1377720 1745.5
1377730 1747.4
1377740 1747.4
1377750 1749.1
1377760 1749.3
1377770 1749.3
1377780 1749.5
1377790 1749.2
1377800 1749.2
1377810 1750.5
1377820 1752.2
1377830 1752.2
1377840 1753.7
1377850 1753.0
1377860 1753.0
1377870 1751.4
1377880 1754.0
1377890 1754.0
1377900 1755.2
1377910 1757.1
1377920 1757.1
1377930 1760.9
1377940 1764.8
1377950 1764.8
1377960 1769.1
1377970 1769.2
1377980 1769.2
1377990 1764.6
1378000 1758.3
1378010 1753.8
1378020 1753.8
1378030 1750.1
1378040 1746.8
1378050 1746.8
1378060 1742.3
1378070 1736.7
1378080 1736.7
1378090 1729.6
1378100 1722.0
1378110 1722.0
1378120 1715.1
1378130 1708.5
1378140 1708.5
1378150 1702.3
1378160 1695.3
1378170 1695.3
1378180 1688.8
1378190 1682.9
1378200 1682.9
1378210 1675.4
1378220 1667.7
1378230 1667.7
1378240 1661.8
1378250 1656.7
1378260 1656.7
1378270 1651.5
1378280 1646.3
1378290 1646.3
1378300 1641.0
1378310 1635.1
1378320 1629.0
1378330 1629.0
1378340 1623.0
1378350 1616.7
1378360 1616.7
1378370 1610.8
1378380 1604.8
1378390 1604.8
1378400 1598.3
1378410 1591.2
1378420 1591.2
1378430 1581.9
1378440 1575.0
1378450 1575.0
1378460 1572.9
1378470 1575.7
1378480 1575.7
1378490 1571.8
1378500 1572.8
1378510 1572.8
1378520 1571.6
1378530 1565.7
1378540 1565.7
1378550 1575.9
1378560 1577.8
1378570 1577.8
1378580 1568.2
1378590 1566.6
1378600 1566.6
1378610 1563.5
1378620 1567.8
1378630 1572.3
1378640 1572.3
1378650 1572.2
1378660 1566.5
1378670 1566.5
1378680 1559.9
1378690 1553.7
1378700 1553.7
1378710 1550.4
1378720 1553.4
1378730 1553.4
1378740 1554.1
1378750 1558.0
1378760 1558.0
1378770 1562.4
1378780 1562.8
1378790 1562.8
1378800 1563.6
1378810 1566.0
1378820 1566.0
1378830 1569.2
1378840 1573.2
1378850 1573.2
1378860 1577.3
1378870 1581.7
1378880 1581.7
1378890 1585.5
1378900 1588.6
1378910 1591.5
1378920 1591.5
1378930 1594.6
1378940 1597.1
1378950 1597.1
1378960 1598.0
1378970 1597.8
1378980 1597.8
1378990 1596.4
1379000 1594.8
1379010 1594.8
1379020 1593.6
1379030 1593.7
1379040 1593.7
1379050 1594.0
1379060 1594.0
1379070 1594.0
1379080 1594.7
1379090 1595.3
1379100 1595.3
1379110 1595.3
1379120 1594.3
1379130 1594.3
1379140 1591.5
1379150 1588.0
1379160 1588.0
1379170 1585.2
1379180 1583.5
1379190 1583.5
1379200 1583.2
1379210 1583.3
1379220 1583.7
1379230 1583.7
1379240 1583.6
1379250 1582.4
1379260 1582.4
1379270 1579.1
1379280 1575.1
1379290 1575.1
1379300 1572.7
1379310 1570.9
1379320 1570.9
1379330 1570.0
1379340 1569.3
1379350 1569.3
1379360 1568.5
1379370 1567.4
1379380 1567.4
1379390 1565.5
1379400 1561.1
1379410 1561.1
1379420 1556.7
1379430 1552.3
1379440 1552.3
1379450 1547.3
1379460 1542.9
1379470 1542.9
1379480 1540.2
1379490 1537.7
1379500 1535.1
1379510 1535.1
1379520 1533.1
1379530 1529.5
1379540 1529.5
1379550 1526.6
1379560 1523.0
1379570 1523.0
1379580 1518.3
1379590 1514.5
1379600 1514.5
1379610 1512.4
1379620 1510.1
1379630 1510.1
1379640 1508.2
1379650 1507.2
1379660 1507.2
1379670 1506.6
1379680 1505.2
1379690 1505.2
1379700 1503.2
1379710 1498.8
1379720 1498.8
1379730 1500.1
1379740 1501.0
1379750 1501.0
1379760 1500.3
1379770 1497.8
1379780 1497.8
1379790 1494.3
1379800 1491.8
1379810 1489.3
1379820 1489.3
1379830 1486.1
1379840 1482.3
1379850 1482.3
1379860 1477.6
1379870 1473.5
1379880 1473.5
1379890 1469.8
1379900 1469.3
1379910 1469.3
1379920 1468.2
1379930 1468.2
1379940 1468.2
1379950 1468.6
1379960 1467.3
1379970 1467.3
1379980 1463.9
1379990 1458.7
