1360000 928.4
1360010 930.2
1360020 932.0
1360030 932.8
1360040 932.8
1360050 933.9
1360060 937.2
1360070 937.2
1360080 941.3
1360090 943.6
1360100 943.6
1360110 944.4
1360120 945.0
1360130 945.0
1360140 945.8
1360150 946.2
1360160 946.2
1360170 946.8
1360180 947.7
1360190 947.7
1360200 949.6
1360210 952.1
1360220 952.1
1360230 954.9
1360240 957.6
1360250 957.6
1360260 959.8
1360270 962.0
1360280 962.0
1360290 963.8
1360300 965.4
1360310 966.6
1360320 966.6
1360330 967.4
1360340 968.3
1360350 968.3
1360360 969.5
1360370 971.7
1360380 971.7
1360390 974.3
1360400 977.1
1360410 977.1
1360420 979.7
1360430 982.3
1360440 982.3
1360450 984.5
1360460 986.2
1360470 986.2
1360480 987.8
1360490 988.8
1360500 988.8
1360510 989.3
1360520 989.9
1360530 989.9
1360540 991.0
1360550 993.6
1360560 993.6
1360570 997.8
1360580 1001.9
1360590 1001.9
1360600 1003.2
1360610 1002.8
1360620 1002.6
1360630 1002.6
1360640 1003.6
1360650 1005.1
1360660 1005.1
1360670 1006.3
1360680 1006.9
1360690 1006.9
1360700 1006.9
1360710 1007.3
1360720 1007.3
1360730 1008.6
1360740 1011.2
1360750 1011.2
1360760 1013.7
1360770 1016.1
1360780 1016.1
1360790 1018.4
1360800 1020.5
1360810 1020.5
1360820 1022.5
1360830 1024.6
1360840 1024.6
1360850 1028.5
1360860 1033.0
1360870 1033.0
1360880 1038.0
1360890 1042.9
1360900 1042.9
1360910 1047.7
1360920 1051.3
1360930 1055.0
1360940 1055.0
1360950 1059.2
1360960 1061.4
1360970 1061.4
1360980 1061.6
1360990 1061.3
1361000 1061.3
1361010 1057.2
1361020 1053.2
1361030 1058.3
1361040 1056.4
1361050 1054.6
1361060 1054.6
1361070 1053.6
1361080 1053.4
1361090 1053.4
1361100 1054.1
1361110 1055.9
1361120 1055.9
1361130 1058.1
1361140 1059.7
1361150 1059.7
1361160 1062.8
1361170 1066.6
1361180 1066.6
1361190 1069.2
1361200 1070.2
1361210 1070.2
1361220 1072.3
1361230 1074.0
1361240 1076.7
1361250 1076.7
1361260 1079.9
1361270 1084.7
1361280 1084.7
1361290 1090.8
1361300 1096.6
1361310 1096.6
1361320 1100.5
1361330 1104.2
1361340 1104.2
1361350 1107.8
1361360 1111.3
1361370 1111.3
1361380 1114.6
1361390 1117.5
1361400 1117.5
1361410 1120.2
1361420 1123.5
1361430 1123.5
1361440 1126.9
1361450 1130.8
1361460 1130.8
1361470 1136.3
1361480 1142.0
1361490 1142.0
1361500 1147.2
1361510 1151.7
1361520 1151.7
1361530 1153.1
1361540 1154.6
1361550 1160.1
1361560 1160.1
1361570 1161.0
1361580 1159.0
1361590 1159.0
1361600 1163.5
1361610 1167.3
1361620 1167.3
1361630 1172.8
1361640 1178.4
1361650 1178.4
1361660 1184.8
1361670 1189.0
1361680 1189.0
1361690 1192.6
1361700 1198.5
1361710 1198.5
1361720 1204.2
1361730 1208.1
1361740 1208.1
1361750 1211.6
1361760 1214.8
1361770 1214.8
1361780 1216.7
1361790 1217.7
1361800 1217.7
1361810 1219.4
1361820 1225.5
1361830 1234.9
1361840 1234.9
1361850 1243.0
1361860 1247.8
1361870 1247.8
1361880 1252.5
1361890 1258.6
1361900 1258.6
1361910 1263.4
1361920 1267.8
1361930 1267.8
1361940 1273.2
1361950 1279.9
1361960 1279.9
1361970 1285.0
1361980 1285.1
1361990 1285.1
1362000 1287.8
1362010 1296.0
1362020 1296.0
1362030 1306.2
1362040 1311.9
1362050 1311.9
1362060 1319.5
1362070 1317.6
1362080 1317.6
1362090 1312.9
1362100 1311.1
1362110 1311.1
1362120 1309.2
1362130 1306.7
1362140 1303.8
1362150 1303.8
1362160 1299.8
1362170 1296.4
1362180 1296.4
1362190 1291.2
1362200 1288.8
1362210 1288.8
1362220 1287.7
1362230 1289.1
1362240 1289.1
1362250 1292.5
1362260 1298.8
1362270 1298.8
1362280 1306.6
1362290 1315.1
1362300 1315.1
1362310 1323.3
1362320 1334.1
1362330 1334.1
1362340 1347.4
1362350 1359.5
1362360 1359.5
1362370 1367.6
1362380 1371.8
1362390 1371.8
1362400 1376.7
1362410 1382.2
1362420 1382.2
1362430 1389.0
1362440 1396.4
1362450 1404.1
1362460 1404.1
1362470 1410.3
1362480 1416.5
1362490 1416.5
1362500 1422.9
1362510 1429.5
1362520 1429.5
1362530 1435.9
1362540 1442.6
1362550 1442.6
1362560 1449.5
1362570 1456.0
1362580 1456.0
1362590 1461.8
1362600 1468.4
1362610 1468.4
1362620 1476.6
1362630 1484.5
1362640 1484.5
1362650 1491.3
1362660 1497.5
1362670 1497.5
1362680 1503.4
1362690 1508.7
1362700 1508.7
1362710 1513.5
1362720 1517.5
1362730 1517.5
1362740 1520.8
1362750 1524.3
1362760 1528.2
1362770 1528.2
1362780 1533.2
1362790 1539.5
1362800 1539.5
1362810 1546.1
1362820 1550.8
1362830 1550.8
1362840 1552.6
1362850 1558.1
1362860 1558.1
1362870 1566.3
1362880 1575.8
1362890 1575.8
1362900 1582.8
1362910 1588.7
1362920 1588.7
1362930 1594.3
1362940 1600.0
1362950 1600.0
1362960 1606.8
1362970 1613.7
1362980 1613.7
1362990 1620.5
1363000 1626.3
1363010 1626.3
1363020 1632.8
1363030 1639.2
1363040 1645.5
1363050 1645.5
1363060 1651.7
1363070 1658.0
1363080 1658.0
1363090 1664.1
1363100 1669.9
1363110 1673.2
1363120 1679.3
1363130 1685.2
1363140 1685.2
1363150 1691.1
1363160 1696.6
1363170 1696.6
1363180 1702.3
1363190 1708.1
1363200 1708.1
1363210 1713.2
1363220 1718.5
1363230 1718.5
1363240 1724.2
1363250 1729.6
1363260 1729.6
1363270 1734.7
1363280 1739.4
1363290 1739.4
1363300 1742.8
1363310 1745.6
1363320 1745.6
1363330 1748.5
1363340 1751.8
1363350 1754.8
1363360 1754.8
1363370 1758.0
1363380 1761.7
1363390 1761.7
1363400 1764.5
1363410 1766.4
1363420 1766.4
1363430 1766.9
1363440 1767.1
1363450 1767.1
1363460 1766.6
1363470 1765.7
1363480 1765.7
1363490 1765.7
1363500 1765.8
1363510 1765.8
1363520 1764.4
1363530 1761.7
1363540 1761.7
1363550 1757.1
1363560 1751.6
1363570 1751.6
1363580 1746.0
1363590 1740.7
1363600 1740.7
1363610 1735.0
1363620 1728.8
1363630 1728.8
1363640 1721.6
1363650 1714.8
1363660 1708.9
1363670 1708.9
1363680 1704.1
1363690 1699.2
1363700 1699.2
1363710 1693.7
1363720 1688.9
1363730 1688.9
1363740 1684.4
1363750 1679.7
1363760 1679.7
1363770 1675.1
1363780 1670.1
1363790 1670.1
1363800 1665.0
1363810 1660.0
1363820 1660.0
1363830 1655.1
1363840 1651.4
1363850 1651.4
1363860 1647.9
1363870 1644.3
1363880 1644.3
1363890 1640.1
1363900 1636.3
1363910 1636.3
1363920 1631.9
1363930 1627.8
1363940 1624.3
1363950 1624.3
1363960 1620.3
1363970 1616.4
1363980 1616.4
1363990 1612.7
1364000 1609.9
1364010 1609.9
1364020 1606.9
1364030 1604.4
1364040 1604.4
1364050 1602.5
1364060 1599.6
1364070 1599.6
1364080 1594.9
1364090 1587.7
1364100 1587.7
1364110 1580.8
1364120 1577.1
1364130 1577.1
1364140 1573.3
1364150 1568.9
1364160 1568.9
1364170 1564.5
1364180 1558.2
1364190 1558.2
1364200 1553.3
1364210 1549.0
1364220 1549.0
1364230 1543.3
1364240 1536.3
1364250 1527.8
1364260 1527.8
1364270 1519.5
1364280 1511.8
1364290 1511.8
1364300 1507.1
1364310 1502.8
1364320 1502.8
1364330 1497.4
1364340 1493.4
1364350 1493.4
1364360 1487.4
1364370 1480.8
1364380 1480.8
1364390 1474.4
1364400 1469.0
1364410 1469.0
1364420 1465.2
1364430 1462.1
1364440 1462.1
1364450 1460.2
1364460 1457.6
1364470 1457.6
1364480 1455.3
1364490 1451.5
1364500 1451.5
1364510 1447.1
1364520 1443.0
1364530 1443.0
1364540 1439.0
1364550 1434.8
1364560 1430.0
1364570 1430.0
1364580 1424.0
1364590 1420.7
1364600 1420.7
1364610 1422.0
1364620 1425.9
1364630 1425.9
1364640 1430.8
1364650 1434.7
1364660 1434.7
1364670 1439.3
1364680 1443.0
1364690 1443.0
1364700 1443.5
1364710 1443.9
1364720 1443.9
1364730 1444.1
1364740 1444.6
1364750 1444.6
1364760 1445.3
1364770 1446.0
1364780 1446.0
1364790 1446.5
1364800 1447.2
1364810 1447.2
1364820 1447.3
1364830 1448.1
1364840 1448.1
1364850 1449.0
1364860 1450.6
1364870 1451.8
1364880 1451.8
1364890 1453.7
1364900 1455.5
1364910 1455.5
1364920 1456.7
1364930 1458.4
1364940 1458.4
1364950 1460.8
1364960 1463.5
1364970 1463.5
1364980 1467.0
1364990 1471.8
1365000 1471.8
1365010 1477.0
1365020 1482.5
1365030 1482.5
1365040 1487.7
1365050 1492.4
1365060 1492.4
1365070 1496.9
1365080 1502.1
1365090 1502.1
1365100 1508.2
1365110 1514.3
1365120 1514.3
1365130 1520.2
1365140 1526.0
1365150 1531.1
1365160 1531.1
1365170 1536.3
1365180 1541.8
1365190 1541.8
1365200 1547.7
1365210 1555.0
1365220 1555.0
1365230 1564.4
1365240 1571.3
1365250 1571.3
1365260 1577.6
1365270 1583.1
1365280 1583.1
1365290 1587.6
1365300 1592.1
1365310 1592.1
1365320 1596.1
1365330 1599.1
1365340 1599.1
1365350 1601.1
1365360 1602.1
1365370 1602.1
1365380 1602.0
1365390 1601.7
1365400 1601.7
1365410 1601.5
1365420 1601.4
1365430 1601.4
1365440 1599.4
1365450 1598.5
1365460 1598.1
1365470 1598.1
1365480 1598.5
1365490 1600.0
1365500 1600.0
1365510 1601.6
1365520 1602.6
1365530 1602.6
1365540 1603.0
1365550 1602.4
1365560 1602.4
1365570 1601.7
1365580 1599.5
1365590 1599.5
1365600 1596.5
1365610 1594.5
1365620 1594.5
1365630 1592.6
1365640 1588.5
1365650 1588.5
1365660 1584.5
1365670 1579.7
1365680 1579.7
1365690 1573.1
1365700 1568.1
1365710 1568.1
1365720 1570.6
1365730 1576.3
1365740 1576.3
1365750 1582.8
1365760 1584.8
1365770 1584.8
1365780 1584.8
1365790 1588.7
1365800 1590.1
1365810 1590.1
1365820 1590.3
1365830 1589.9
1365840 1589.9
1365850 1589.3
1365860 1588.1
1365870 1588.1
1365880 1585.7
1365890 1582.2
1365900 1582.2
1365910 1578.7
1365920 1576.1
1365930 1576.1
1365940 1573.2
1365950 1569.1
1365960 1569.1
1365970 1565.5
1365980 1562.5
1365990 1562.5
1366000 1559.3
1366010 1556.7
1366020 1556.7
1366030 1554.4
1366040 1552.5
1366050 1552.5
1366060 1550.4
1366070 1548.1
1366080 1545.1
1366090 1545.1
1366100 1544.0
1366110 1543.0
1366120 1543.0
1366130 1541.1
1366140 1540.9
1366150 1540.9
1366160 1541.0
1366170 1540.3
1366180 1540.3
1366190 1539.9
1366200 1538.8
1366210 1538.8
1366220 1536.2
1366230 1533.1
1366240 1533.1
1366250 1529.2
1366260 1526.6
1366270 1526.6
1366280 1531.5
1366290 1533.5
1366300 1533.5
1366310 1538.3
1366320 1538.8
1366330 1538.8
1366340 1539.3
1366350 1540.9
1366360 1542.7
1366370 1542.7
1366380 1543.6
1366390 1542.7
1366400 1542.7
1366410 1548.0
1366420 1553.2
1366430 1553.2
1366440 1557.2
1366450 1560.5
1366460 1560.5
1366470 1562.6
1366480 1563.6
1366490 1563.6
1366500 1563.6
1366510 1562.9
1366520 1562.9
1366530 1561.8
1366540 1560.7
1366550 1560.7
1366560 1559.5
1366570 1558.4
1366580 1558.4
1366590 1557.3
1366600 1554.7
1366610 1554.7
1366620 1555.0
1366630 1554.2
1366640 1554.2
1366650 1553.6
1366660 1553.3
1366670 1550.7
1366680 1550.7
1366690 1550.1
1366700 1549.6
1366710 1549.6
1366720 1547.6
1366730 1544.8
1366740 1544.8
1366750 1543.7
1366760 1542.4
1366770 1542.4
1366780 1540.0
1366790 1537.2
1366800 1537.2
1366810 1534.0
1366820 1530.6
1366830 1530.6
1366840 1528.3
1366850 1525.8
1366860 1525.8
1366870 1522.1
1366880 1517.1
1366890 1517.1
1366900 1512.5
1366910 1508.7
1366920 1508.7
1366930 1506.0
1366940 1503.2
1366950 1503.2
1366960 1502.0
1366970 1502.5
1366980 1505.3
1366990 1505.3
1367000 1509.5
1367010 1513.9
1367020 1513.9
1367030 1516.4
1367040 1517.7
1367050 1517.7
1367060 1520.3
1367070 1521.8
1367080 1521.8
1367090 1525.3
1367100 1530.5
1367110 1530.5
1367120 1534.0
1367130 1537.6
1367140 1537.6
1367150 1542.5
1367160 1548.4
1367170 1548.4
1367180 1554.0
1367190 1556.8
1367200 1556.8
1367210 1555.9
1367220 1554.1
1367230 1554.1
1367240 1551.7
1367250 1548.2
1367260 1548.2
1367270 1544.8
1367280 1541.1
1367290 1536.1
1367300 1536.1
1367310 1530.5
1367320 1524.9
1367330 1524.9
1367340 1518.4
1367350 1511.6
1367360 1511.6
1367370 1505.3
1367380 1499.0
1367390 1497.3
1367400 1490.6
1367410 1484.9
1367420 1484.9
1367430 1479.2
1367440 1473.5
1367450 1473.5
1367460 1469.0
1367470 1464.7
1367480 1464.7
1367490 1460.6
1367500 1456.2
1367510 1456.2
1367520 1451.4
1367530 1446.3
1367540 1446.3
1367550 1441.6
1367560 1437.1
1367570 1432.3
1367580 1432.3
1367590 1427.0
1367600 1422.0
1367610 1422.0
1367620 1417.0
1367630 1412.0
1367640 1412.0
1367650 1406.9
1367660 1402.5
1367670 1402.5
1367680 1398.0
1367690 1393.4
1367700 1393.4
1367710 1388.8
1367720 1384.2
1367730 1384.2
1367740 1379.9
1367750 1375.7
1367760 1375.7
1367770 1371.9
1367780 1369.1
1367790 1369.1
1367800 1366.0
1367810 1362.4
1367820 1362.4
1367830 1358.9
1367840 1355.6
1367850 1355.6
1367860 1352.2
1367870 1348.7
1367880 1345.7
1367890 1345.7
1367900 1343.1
1367910 1340.6
1367920 1340.6
1367930 1338.7
1367940 1336.7
1367950 1336.7
1367960 1336.1
1367970 1336.0
1367980 1336.0
1367990 1335.2
1368000 1334.9
1368010 1334.9
1368020 1335.9
1368030 1336.8
1368040 1336.8
1368050 1337.5
1368060 1338.3
1368070 1338.3
1368080 1337.8
1368090 1336.2
1368100 1336.2
1368110 1334.9
1368120 1334.0
1368130 1334.0
1368140 1333.5
1368150 1332.7
1368160 1332.7
1368170 1330.7
1368180 1328.2
1368190 1325.3
1368200 1325.3
1368210 1322.8
1368220 1320.2
1368230 1320.2
1368240 1319.0
1368250 1316.8
1368260 1316.8
1368270 1314.3
1368280 1313.4
1368290 1313.4
1368300 1312.9
1368310 1310.9
1368320 1310.9
1368330 1309.5
1368340 1308.3
1368350 1308.3
1368360 1307.2
1368370 1306.1
1368380 1306.1
1368390 1305.7
1368400 1304.5
1368410 1304.5
1368420 1303.0
1368430 1300.7
1368440 1300.7
1368450 1297.1
1368460 1292.7
1368470 1292.7
1368480 1288.0
1368490 1281.0
1368500 1278.8
1368510 1278.8
1368520 1277.6
1368530 1276.7
1368540 1276.7
1368550 1276.1
1368560 1277.5
1368570 1277.5
1368580 1277.0
1368590 1274.0
1368600 1274.0
1368610 1269.3
1368620 1265.4
1368630 1265.4
1368640 1262.7
1368650 1260.2
1368660 1260.2
1368670 1257.8
1368680 1254.5
1368690 1254.5
1368700 1250.9
1368710 1247.8
1368720 1247.8
1368730 1243.6
1368740 1236.7
1368750 1236.7
1368760 1228.8
1368770 1221.3
1368780 1214.1
1368790 1214.1
1368800 1207.5
1368810 1202.0
1368820 1202.0
1368830 1195.5
1368840 1187.8
1368850 1187.8
1368860 1181.5
1368870 1176.1
1368880 1176.1
1368890 1170.0
1368900 1162.2
1368910 1162.2
1368920 1157.7
1368930 1153.8
1368940 1153.8
1368950 1149.9
1368960 1146.4
1368970 1146.4
1368980 1142.5
1368990 1140.6
1369000 1140.6
1369010 1141.0
1369020 1142.2
1369030 1142.2
1369040 1143.8
1369050 1144.5
1369060 1144.5
1369070 1139.6
1369080 1131.4
1369090 1123.7
1369100 1123.7
1369110 1116.5
1369120 1109.6
1369130 1109.6
1369140 1103.2
1369150 1097.4
1369160 1097.4
1369170 1091.6
1369180 1087.0
1369190 1087.0
1369200 1083.6
1369210 1080.4
1369220 1080.4
1369230 1077.2
1369240 1074.0
1369250 1074.0
1369260 1070.9
1369270 1067.9
1369280 1067.9
1369290 1064.8
1369300 1061.5
1369310 1061.5
1369320 1058.5
1369330 1056.0
1369340 1056.0
1369350 1054.2
1369360 1053.0
1369370 1053.0
1369380 1052.4
1369390 1051.8
1369400 1051.9
1369410 1051.9
1369420 1052.2
1369430 1052.0
1369440 1052.0
1369450 1050.5
1369460 1044.9
1369470 1044.9
1369480 1040.6
1369490 1037.6
1369500 1037.6
1369510 1035.0
1369520 1032.0
1369530 1032.0
1369540 1029.2
1369550 1026.4
1369560 1026.4
1369570 1023.6
1369580 1021.0
1369590 1021.0
1369600 1017.9
1369610 1016.2
1369620 1016.2
1369630 1014.7
1369640 1012.7
1369650 1012.7
1369660 1010.0
1369670 1006.9
1369680 1006.9
1369690 1005.4
1369700 1005.1
1369710 1005.1
1369720 1005.1
1369730 1004.2
1369740 1003.0
1369750 1003.0
1369760 1002.0
1369770 1000.6
1369780 1000.6
1369790 998.4
1369800 995.9
1369810 995.9
1369820 992.0
1369830 986.2
1369840 986.2
1369850 981.6
1369860 981.0
1369870 981.0
1369880 983.5
1369890 984.8
1369900 984.8
1369910 984.7
1369920 983.0
1369930 983.0
1369940 981.1
1369950 980.3
1369960 980.3
1369970 980.2
1369980 979.8
1369990 979.4
1370000 979.4
1370010 978.8
1370020 978.1
1370030 978.1
1370040 977.0
1370050 975.5
1370060 975.5
1370070 973.1
1370080 969.3
1370090 969.3
1370100 966.0
1370110 962.7
1370120 962.7
1370130 957.4
1370140 951.0
1370150 951.0
1370160 945.1
1370170 937.5
1370180 937.5
1370190 929.3
1370200 921.5
1370210 921.5
1370220 915.9
1370230 914.5
1370240 914.5
1370250 914.2
1370260 911.9
1370270 911.9
1370280 913.2
1370290 917.9
1370300 922.1
1370310 922.1
1370320 925.8
1370330 930.8
1370340 930.8
1370350 936.6
1370360 941.9
1370370 941.9
1370380 944.5
1370390 947.2
1370400 947.2
1370410 950.4
1370420 953.1
1370430 953.1
1370440 956.8
1370450 961.0
1370460 961.0
1370470 962.6
1370480 963.2
1370490 963.2
1370500 965.7
1370510 968.4
1370520 968.4
1370530 970.1
1370540 971.7
1370550 971.7
1370560 973.0
1370570 974.0
1370580 974.0
1370590 974.4
1370600 974.8
1370610 975.6
1370620 975.6
1370630 976.6
1370640 977.7
1370650 977.7
1370660 979.4
1370670 981.6
1370680 981.6
1370690 983.4
1370700 985.6
1370710 987.2
1370720 990.2
1370730 993.3
1370740 993.3
1370750 996.7
1370760 999.6
1370770 999.6
1370780 1002.4
1370790 1005.8
1370800 1005.8
1370810 1009.7
1370820 1012.9
1370830 1012.9
1370840 1015.7
1370850 1018.6
1370860 1018.6
1370870 1021.5
1370880 1023.3
1370890 1023.3
1370900 1024.5
1370910 1025.5
1370920 1026.6
1370930 1026.6
1370940 1026.7
1370950 1025.6
1370960 1025.6
1370970 1028.2
1370980 1030.3
1370990 1030.3
1371000 1032.8
1371010 1035.6
1371020 1035.6
1371030 1038.0
1371040 1040.7
1371050 1040.7
1371060 1042.8
1371070 1046.1
1371080 1046.1
1371090 1051.1
1371100 1055.6
1371110 1055.6
1371120 1059.6
1371130 1063.6
1371140 1063.6
1371150 1066.7
1371160 1068.5
1371170 1068.5
1371180 1070.7
1371190 1073.7
1371200 1077.4
1371210 1077.4
1371220 1081.5
1371230 1085.4
1371240 1085.4
1371250 1087.6
1371260 1090.5
1371270 1090.5
1371280 1093.3
1371290 1095.7
1371300 1095.7
1371310 1097.1
1371320 1098.8
1371330 1098.8
1371340 1099.8
1371350 1100.4
1371360 1100.4
1371370 1101.0
1371380 1101.2
1371390 1101.2
1371400 1102.1
1371410 1105.4
1371420 1105.4
1371430 1109.7
1371440 1114.1
1371450 1114.1
1371460 1118.9
1371470 1122.0
1371480 1122.0
1371490 1124.1
1371500 1126.5
1371510 1128.3
1371520 1128.3
1371530 1128.2
1371540 1128.4
1371550 1128.4
1371560 1130.0
1371570 1130.9
1371580 1130.9
1371590 1130.2
1371600 1128.9
1371610 1128.9
1371620 1125.9
1371630 1120.8
1371640 1120.8
1371650 1114.2
1371660 1106.2
1371670 1106.2
1371680 1098.5
1371690 1093.2
1371700 1093.2
1371710 1093.7
1371720 1094.0
1371730 1094.0
1371740 1093.3
1371750 1091.3
1371760 1091.3
1371770 1086.7
1371780 1082.3
1371790 1082.3
1371800 1078.8
1371810 1084.1
1371820 1089.6
1371830 1089.6
1371840 1092.5
1371850 1095.7
1371860 1095.7
1371870 1099.9
1371880 1104.3
1371890 1104.3
1371900 1107.7
1371910 1109.7
1371920 1109.7
1371930 1111.6
1371940 1114.8
1371950 1114.8
1371960 1118.6
1371970 1122.5
1371980 1122.5
1371990 1126.6
1372000 1129.9
1372010 1129.9
1372020 1132.5
1372030 1134.7
1372040 1134.7
1372050 1136.7
1372060 1138.7
1372070 1138.7
1372080 1142.4
1372090 1146.0
1372100 1146.0
1372110 1147.4
1372120 1148.7
1372130 1150.6
1372140 1150.6
1372150 1152.5
1372160 1156.1
1372170 1156.1
1372180 1160.1
1372190 1164.4
1372200 1164.4
1372210 1168.4
1372220 1173.2
1372230 1173.2
1372240 1178.0
1372250 1180.9
1372260 1180.9
1372270 1184.1
1372280 1186.2
1372290 1186.2
1372300 1188.5
1372310 1191.4
1372320 1191.4
1372330 1194.1
1372340 1196.5
1372350 1196.5
1372360 1198.8
1372370 1200.6
1372380 1200.6
1372390 1202.0
1372400 1202.9
1372410 1203.8
1372420 1203.8
1372430 1205.0
1372440 1206.1
1372450 1206.1
1372460 1206.9
1372470 1208.3
1372480 1208.3
1372490 1209.9
1372500 1211.1
1372510 1211.1
1372520 1212.4
1372530 1213.0
1372540 1213.0
1372550 1214.0
1372560 1214.6
1372570 1214.6
1372580 1215.2
1372590 1217.0
1372600 1217.0
1372610 1217.3
1372620 1218.3
1372630 1218.3
1372640 1219.3
1372650 1217.8
1372660 1217.8
1372670 1211.8
1372680 1208.6
1372690 1208.6
1372700 1215.2
1372710 1221.2
1372720 1222.0
1372730 1222.0
1372740 1223.2
1372750 1225.4
1372760 1225.4
1372770 1226.7
1372780 1226.7
1372790 1226.7
1372800 1227.1
1372810 1227.8
1372820 1227.8
1372830 1228.1
1372840 1227.4
1372850 1227.4
1372860 1228.3
1372870 1231.6
1372880 1231.6
1372890 1233.4
1372900 1234.0
1372910 1234.0
1372920 1232.0
1372930 1231.0
1372940 1231.0
1372950 1231.2
1372960 1232.0
1372970 1232.0
1372980 1234.1
1372990 1233.9
1373000 1233.9
1373010 1234.4
1373020 1237.3
1373030 1240.7
1373040 1240.7
1373050 1241.3
1373060 1238.2
1373070 1238.2
1373080 1236.7
1373090 1236.6
1373100 1236.6
1373110 1233.6
1373120 1231.7
1373130 1231.7
1373140 1229.5
1373150 1231.2
1373160 1231.2
1373170 1233.7
1373180 1236.7
1373190 1236.7
1373200 1240.1
1373210 1243.6
1373220 1243.6
1373230 1246.1
1373240 1247.3
1373250 1247.3
1373260 1251.2
1373270 1254.3
1373280 1254.3
1373290 1256.6
1373300 1258.5
1373310 1258.5
1373320 1262.2
1373330 1265.0
1373340 1267.2
1373350 1267.2
1373360 1268.6
1373370 1270.5
1373380 1270.5
1373390 1272.1
1373400 1272.2
1373410 1272.2
1373420 1275.1
1373430 1276.3
1373440 1276.3
1373450 1277.3
1373460 1280.2
1373470 1280.2
1373480 1282.4
1373490 1278.8
1373500 1278.8
1373510 1274.6
1373520 1272.0
1373530 1272.0
1373540 1275.3
1373550 1282.5
1373560 1282.5
1373570 1288.6
1373580 1292.5
1373590 1292.5
1373600 1295.7
1373610 1297.8
1373620 1298.2
1373630 1298.2
1373640 1297.6
1373650 1299.7
1373660 1299.7
1373670 1302.0
1373680 1302.6
1373690 1302.6
1373700 1305.2
1373710 1309.2
1373720 1309.2
1373730 1311.7
1373740 1312.7
1373750 1312.7
1373760 1315.9
1373770 1320.6
1373780 1320.6
1373790 1323.5
1373800 1326.6
1373810 1326.6
1373820 1331.7
1373830 1337.4
1373840 1337.4
1373850 1340.9
1373860 1343.8
1373870 1343.8
1373880 1347.2
1373890 1348.2
1373900 1348.2
1373910 1346.3
1373920 1345.5
1373930 1345.7
1373940 1345.7
1373950 1348.7
1373960 1354.1
1373970 1354.1
1373980 1359.1
1373990 1364.1
1374000 1364.1
1374010 1368.6
1374020 1372.8
1374030 1372.8
1374040 1374.7
1374050 1377.8
1374060 1377.8
1374070 1381.0
1374080 1384.9
1374090 1384.9
1374100 1383.4
1374110 1379.0
1374120 1379.0
1374130 1386.5
1374140 1391.9
1374150 1391.9
1374160 1397.4
1374170 1400.7
1374180 1400.7
1374190 1401.2
1374200 1402.0
1374210 1402.0
1374220 1404.1
1374230 1407.2
1374240 1409.7
1374250 1409.7
1374260 1413.0
1374270 1417.9
1374280 1417.9
1374290 1423.5
1374300 1426.0
1374310 1426.0
1374320 1423.8
1374330 1420.5
1374340 1420.5
1374350 1417.7
1374360 1414.5
1374370 1414.5
1374380 1413.2
1374390 1417.3
1374400 1417.3
1374410 1423.2
1374420 1429.1
1374430 1429.1
1374440 1433.5
1374450 1436.2
1374460 1436.2
1374470 1438.7
1374480 1442.4
1374490 1442.4
1374500 1447.1
1374510 1452.2
1374520 1452.2
1374530 1457.3
1374540 1463.2
1374550 1468.9
1374560 1468.9
1374570 1474.5
1374580 1479.0
1374590 1479.0
1374600 1482.4
1374610 1486.2
1374620 1486.2
1374630 1490.7
1374640 1495.3
1374650 1495.3
1374660 1499.0
1374670 1500.7
1374680 1500.7
1374690 1501.8
1374700 1503.1
1374710 1503.1
1374720 1503.9
1374730 1506.5
1374740 1506.5
1374750 1510.1
1374760 1511.9
1374770 1511.9
1374780 1513.1
1374790 1514.5
1374800 1514.5
1374810 1515.3
1374820 1516.7
1374830 1520.3
1374840 1520.3
1374850 1523.9
1374860 1527.8
1374870 1527.8
1374880 1532.9
1374890 1532.6
1374900 1532.6
1374910 1529.8
1374920 1526.2
1374930 1526.2
1374940 1524.7
1374950 1527.9
1374960 1527.9
1374970 1534.1
1374980 1540.1
1374990 1540.1
1375000 1545.6
1375010 1549.7
1375020 1549.7
1375030 1552.3
1375040 1554.3
1375050 1554.3
1375060 1558.4
1375070 1562.7
1375080 1562.7
1375090 1566.8
1375100 1571.2
1375110 1571.2
1375120 1576.0
1375130 1580.6
1375140 1583.2
1375150 1583.2
1375160 1585.1
1375170 1589.9
1375180 1589.9
1375190 1595.4
1375200 1600.4
1375210 1600.4
1375220 1605.1
1375230 1610.3
1375240 1610.3
1375250 1613.2
1375260 1615.7
1375270 1615.7
1375280 1617.7
1375290 1619.8
1375300 1619.8
1375310 1623.4
1375320 1626.6
1375330 1626.6
1375340 1629.4
1375350 1633.6
1375360 1633.6
1375370 1636.8
1375380 1640.8
1375390 1640.8
1375400 1645.1
1375410 1648.0
1375420 1648.0
1375430 1650.4
1375440 1654.2
1375450 1659.7
1375460 1659.7
1375470 1665.7
1375480 1671.7
1375490 1671.7
1375500 1678.1
1375510 1681.8
1375520 1681.8
1375530 1684.6
1375540 1687.1
1375550 1687.1
1375560 1690.5
1375570 1694.1
1375580 1694.1
1375590 1694.8
1375600 1695.3
1375610 1695.3
1375620 1696.3
1375630 1696.1
1375640 1696.1
1375650 1693.7
1375660 1690.1
1375670 1690.1
1375680 1687.5
1375690 1684.5
1375700 1684.5
1375710 1680.5
1375720 1676.8
1375730 1676.8
1375740 1674.3
1375750 1672.5
1375760 1670.7
1375770 1670.7
1375780 1668.2
1375790 1665.1
1375800 1665.1
1375810 1661.7
1375820 1658.0
1375830 1658.0
1375840 1655.5
1375850 1653.7
1375860 1653.7
1375870 1652.3
1375880 1651.2
1375890 1651.2
1375900 1650.0
1375910 1648.3
1375920 1648.3
1375930 1645.9
1375940 1643.8
1375950 1643.8
1375960 1641.9
1375970 1641.6
1375980 1641.6
1375990 1641.0
1376000 1641.0
1376010 1641.0
1376020 1639.1
1376030 1632.2
1376040 1618.0
1376050 1618.0
1376060 1605.8
1376070 1595.5
1376080 1595.5
1376090 1586.2
1376100 1583.2
1376110 1583.2
1376120 1578.9
1376130 1575.2
1376140 1575.2
1376150 1570.6
1376160 1563.4
1376170 1563.4
1376180 1557.0
1376190 1552.1
1376200 1552.1
1376210 1547.5
1376220 1542.8
1376230 1542.8
1376240 1536.1
1376250 1528.9
1376260 1528.9
1376270 1529.8
1376280 1540.9
1376290 1540.9
1376300 1545.7
1376310 1545.5
1376320 1545.5
1376330 1545.3
1376340 1545.4
1376350 1543.9
1376360 1543.9
1376370 1541.4
1376380 1538.3
1376390 1538.3
1376400 1534.4
1376410 1530.5
1376420 1530.5
1376430 1526.5
1376440 1523.5
1376450 1523.5
1376460 1526.8
1376470 1524.5
1376480 1524.5
1376490 1520.5
1376500 1517.3
1376510 1517.3
1376520 1513.4
1376530 1511.7
1376540 1511.7
1376550 1516.2
1376560 1524.0
1376570 1524.0
1376580 1530.9
1376590 1536.0
1376600 1536.0
1376610 1538.7
1376620 1538.8
1376630 1538.8
1376640 1537.3
1376650 1536.4
1376660 1543.5
1376670 1543.5
1376680 1550.7
1376690 1555.3
1376700 1555.3
1376710 1558.5
1376720 1560.4
1376730 1560.4
1376740 1561.6
1376750 1562.7
1376760 1562.7
1376770 1564.6
1376780 1567.0
1376790 1567.0
1376800 1569.3
1376810 1570.6
1376820 1570.6
1376830 1571.5
1376840 1572.4
1376850 1572.4
1376860 1573.0
1376870 1572.3
1376880 1572.3
1376890 1570.8
1376900 1567.9
1376910 1567.9
1376920 1563.7
1376930 1564.7
1376940 1564.7
1376950 1562.4
1376960 1554.5
1376970 1546.2
1376980 1546.2
1376990 1550.2
1377000 1558.2
1377010 1558.2
1377020 1565.3
1377030 1572.6
1377040 1572.6
1377050 1580.6
1377060 1585.1
1377070 1585.1
1377080 1582.9
1377090 1582.9
1377100 1582.9
1377110 1584.4
1377120 1588.2
1377130 1588.2
1377140 1589.4
1377150 1588.7
1377160 1588.7
1377170 1594.3
1377180 1599.5
1377190 1599.5
1377200 1601.8
1377210 1603.4
1377220 1603.4
1377230 1606.5
1377240 1609.0
1377250 1611.2
1377260 1611.2
1377270 1614.6
1377280 1618.5
1377290 1618.5
1377300 1623.7
1377310 1629.2
1377320 1629.2
1377330 1631.2
1377340 1632.7
1377350 1632.7
1377360 1637.5
1377370 1642.9
1377380 1642.9
1377390 1646.7
1377400 1650.2
1377410 1650.2
1377420 1654.6
1377430 1659.2
1377440 1659.2
1377450 1663.7
1377460 1667.7
1377470 1667.7
1377480 1672.3
1377490 1675.9
1377500 1675.9
1377510 1678.2
1377520 1681.5
1377530 1681.5
1377540 1686.3
1377550 1691.5
1377560 1696.3
1377570 1696.3
1377580 1701.4
1377590 1706.1
1377600 1706.1
1377610 1710.1
1377620 1714.7
1377630 1714.7
1377640 1719.7
1377650 1729.4
1377660 1729.4
1377670 1734.9
1377680 1740.5
1377690 1740.5
1377700 1744.6
1377710 1749.9
1377720 1749.9
1377730 1756.3
1377740 1761.9
1377750 1761.9
1377760 1765.9
1377770 1769.9
1377780 1769.9
1377790 1775.2
1377800 1782.0
1377810 1782.0
1377820 1789.9
1377830 1797.9
1377840 1797.9
1377850 1803.6
1377860 1806.7
1377870 1808.3
1377880 1808.3
1377890 1809.5
1377900 1811.5
1377910 1811.5
1377920 1814.4
1377930 1817.8
1377940 1817.8
1377950 1821.0
1377960 1823.4
1377970 1823.4
1377980 1824.5
1377990 1824.7
1378000 1824.7
1378010 1823.9
1378020 1822.8
1378030 1822.8
1378040 1822.0
1378050 1821.5
1378060 1821.5
1378070 1819.5
1378080 1817.6
1378090 1817.6
1378100 1817.5
1378110 1817.5
1378120 1817.5
1378130 1814.7
1378140 1812.4
1378150 1812.4
1378160 1810.3
1378170 1806.7
1378180 1801.9
1378190 1801.9
1378200 1797.8
1378210 1792.6
1378220 1792.6
1378230 1787.5
1378240 1783.1
1378250 1783.1
1378260 1778.4
1378270 1773.1
1378280 1773.1
1378290 1767.0
1378300 1760.9
1378310 1760.9
1378320 1755.9
1378330 1751.2
1378340 1751.2
1378350 1746.0
1378360 1740.1
1378370 1740.1
1378380 1733.7
1378390 1726.4
1378400 1726.4
1378410 1719.2
1378420 1713.4
1378430 1713.4
1378440 1707.3
1378450 1702.5
1378460 1698.9
1378470 1698.9
1378480 1695.5
1378490 1688.9
1378500 1688.9
1378510 1682.4
1378520 1677.3
1378530 1677.3
1378540 1672.5
1378550 1666.6
1378560 1666.6
1378570 1662.8
1378580 1660.4
1378590 1660.4
1378600 1657.5
1378610 1653.8
1378620 1653.8
1378630 1650.1
1378640 1646.0
1378650 1646.0
1378660 1641.6
1378670 1633.3
1378680 1633.3
1378690 1622.5
1378700 1612.3
1378710 1612.3
1378720 1603.6
1378730 1594.8
1378740 1594.8
1378750 1586.2
1378760 1578.7
1378770 1572.9
1378780 1572.9
1378790 1568.0
1378800 1563.7
1378810 1563.7
1378820 1559.4
1378830 1554.7
1378840 1554.7
1378850 1551.2
1378860 1546.9
1378870 1546.9
1378880 1542.4
1378890 1537.5
1378900 1537.5
1378910 1533.5
1378920 1530.4
1378930 1530.4
1378940 1526.6
1378950 1525.0
1378960 1525.0
1378970 1522.2
1378980 1516.8
1378990 1516.8
1379000 1512.0
1379010 1509.8
1379020 1509.8
1379030 1509.3
1379040 1508.8
1379050 1508.8
1379060 1504.6
1379070 1498.1
1379080 1491.0
1379090 1491.0
1379100 1485.9
1379110 1483.1
1379120 1483.1
1379130 1478.9
1379140 1474.7
1379150 1474.7
1379160 1469.5
1379170 1465.6
1379180 1465.6
1379190 1463.8
1379200 1461.8
1379210 1461.8
1379220 1458.8
1379230 1456.2
1379240 1456.2
1379250 1454.0
1379260 1451.5
1379270 1451.5
1379280 1448.1
1379290 1443.4
1379300 1443.4
1379310 1438.6
1379320 1434.5
1379330 1434.5
1379340 1429.2
1379350 1424.1
1379360 1419.2
1379370 1419.2
1379380 1413.7
1379390 1407.9
1379400 1407.9
1379410 1403.4
1379420 1401.2
1379430 1401.2
1379440 1399.8
1379450 1395.9
1379460 1395.9
1379470 1392.0
1379480 1389.3
1379490 1389.3
1379500 1386.3
1379510 1383.7
1379520 1383.7
1379530 1383.1
1379540 1380.0
1379550 1380.0
1379560 1375.3
1379570 1370.0
1379580 1370.0
1379590 1365.0
1379600 1361.3
1379610 1361.3
1379620 1357.5
1379630 1352.8
1379640 1352.8
1379650 1347.7
1379660 1342.4
1379670 1334.4
1379680 1334.4
1379690 1328.2
1379700 1330.5
1379710 1330.5
1379720 1330.6
1379730 1329.0
1379740 1329.0
1379750 1326.3
1379760 1322.7
1379770 1322.7
1379780 1319.0
1379790 1315.5
1379800 1315.5
1379810 1311.7
1379820 1307.4
1379830 1307.4
1379840 1302.5
1379850 1299.0
1379860 1299.0
1379870 1295.9
1379880 1293.8
1379890 1293.8
1379900 1293.1
1379910 1289.9
1379920 1289.9
1379930 1284.8
1379940 1278.6
1379950 1278.6
1379960 1273.4
1379970 1266.8
1379980 1260.8
1379990 1260.8
