1360000 1027.2
1360010 1027.2
1360020 1025.4
1360030 1023.5
1360040 1023.5
1360050 1021.9
1360060 1020.2
1360070 1020.2
1360080 1018.2
1360090 1015.7
1360100 1015.7
1360110 1012.4
1360120 1007.5
1360130 1007.5
1360140 999.3
1360150 995.2
1360160 999.6
1360170 999.6
1360180 1002.3
1360190 1000.1
1360200 1000.1
1360210 997.9
1360220 996.0
1360230 996.0
1360240 993.8
1360250 991.5
1360260 991.5
1360270 989.4
1360280 987.3
1360290 987.3
1360300 985.0
1360310 982.7
1360320 982.7
1360330 980.4
1360340 978.4
1360350 978.4
1360360 976.1
1360370 974.1
1360380 974.1
1360390 972.0
1360400 969.8
1360410 969.8
1360420 967.5
1360430 965.1
1360440 965.1
1360450 962.6
1360460 960.3
1360470 958.4
1360480 958.4
1360490 956.0
1360500 953.2
1360510 953.2
1360520 950.1
1360530 947.9
1360540 947.9
1360550 945.7
1360560 943.6
1360570 943.6
1360580 941.2
1360590 937.8
1360600 937.8
1360610 930.4
1360620 921.5
1360630 921.5
1360640 912.9
1360650 906.0
1360660 906.0
1360670 898.8
1360680 889.5
1360690 889.5
1360700 884.1
1360710 887.4
1360720 887.4
1360730 895.5
1360740 900.4
1360750 900.4
1360760 900.3
1360770 899.1
1360780 898.1
1360790 898.1
1360800 897.2
1360810 897.0
1360820 897.0
1360830 896.1
1360840 894.3
1360850 894.3
1360860 893.0
1360870 891.9
1360880 891.9
1360890 890.1
1360900 885.8
1360910 885.8
1360920 884.4
1360930 883.1
1360940 883.1
1360950 881.3
1360960 879.3
1360970 879.3
1360980 878.2
1360990 877.2
1361000 877.2
1361010 876.2
1361020 874.9
1361030 874.9
1361040 873.3
1361050 871.9
1361060 871.9
1361070 870.0
1361080 867.2
1361090 863.8
1361100 863.8
1361110 859.5
1361120 854.9
1361130 854.9
1361140 848.8
1361150 844.6
1361160 844.6
1361170 841.7
1361180 839.0
1361190 839.0
1361200 835.0
1361210 831.5
1361220 831.5
1361230 832.6
1361240 835.6
1361250 835.6
1361260 837.9
1361270 841.9
1361280 841.9
1361290 845.6
1361300 845.6
1361310 845.6
1361320 845.4
1361330 845.6
1361340 845.6
1361350 845.2
1361360 844.0
1361370 844.0
1361380 842.8
1361390 841.6
1361400 838.7
1361410 838.7
1361420 836.1
1361430 835.2
1361440 835.2
1361450 834.6
1361460 834.7
1361470 834.7
1361480 834.9
1361490 834.6
1361500 834.6
1361510 834.1
1361520 833.3
1361530 833.3
1361540 832.1
1361550 831.3
1361560 831.3
1361570 830.4
1361580 828.5
1361590 828.5
1361600 826.3
1361610 824.3
1361620 824.3
1361630 822.6
1361640 820.8
1361650 820.8
1361660 818.5
1361670 814.6
1361680 814.6
1361690 809.3
1361700 803.8
1361710 803.8
1361720 799.9
1361730 797.3
1361740 796.0
1361750 796.0
1361760 798.2
1361770 801.4
1361780 801.4
1361790 805.2
1361800 807.6
1361810 807.6
1361820 808.7
1361830 808.2
1361840 808.2
1361850 806.6
1361860 805.0
1361870 805.0
1361880 804.0
1361890 803.2
1361900 803.2
1361910 802.1
1361920 800.7
1361930 800.7
1361940 795.9
1361950 793.8
1361960 793.8
1361970 791.8
1361980 790.0
1361990 790.0
1362000 788.6
1362010 787.6
1362020 787.6
1362030 787.4
1362040 787.9
1362050 788.3
1362060 788.3
1362070 788.5
1362080 788.6
1362090 788.6
1362100 788.4
1362110 787.6
1362120 787.6
1362130 786.8
1362140 786.4
1362150 786.4
1362160 786.5
1362170 786.8
1362180 786.8
1362190 787.1
1362200 787.4
1362210 787.4
1362220 787.7
1362230 787.7
1362240 787.7
1362250 787.5
1362260 787.3
1362270 787.3
1362280 787.2
1362290 787.3
1362300 787.3
1362310 787.6
1362320 788.2
1362330 788.2
1362340 788.9
1362350 789.1
1362360 789.4
1362370 789.4
1362380 790.5
1362390 791.2
1362400 791.2
1362410 792.1
1362420 792.4
1362430 792.4
1362440 791.8
1362450 791.2
1362460 791.2
1362470 791.5
1362480 790.5
1362490 790.5
1362500 789.8
1362510 789.3
1362520 789.3
1362530 789.1
1362540 789.1
1362550 789.1
1362560 789.3
1362570 789.4
1362580 789.4
1362590 789.7
1362600 789.4
1362610 789.4
1362620 789.7
1362630 789.8
1362640 789.8
1362650 790.1
1362660 790.5
1362670 790.7
1362680 790.7
1362690 790.6
1362700 790.3
1362710 790.3
1362720 790.3
1362730 790.4
1362740 790.4
1362750 790.4
1362760 790.4
1362770 790.4
1362780 790.4
1362790 790.4
1362800 790.4
1362810 790.4
1362820 790.3
1362830 790.3
1362840 790.4
1362850 790.5
1362860 790.5
1362870 790.4
1362880 790.3
1362890 790.3
1362900 790.7
1362910 790.4
1362920 790.4
1362930 790.2
1362940 790.2
1362950 790.2
1362960 790.3
1362970 790.4
1362980 790.4
1362990 789.2
1363000 789.0
1363010 788.7
1363020 788.7
1363030 788.7
1363040 788.7
1363050 788.7
1363060 788.7
1363070 788.8
1363080 788.8
1363090 788.8
1363100 788.5
1363110 788.5
1363120 788.1
1363130 788.1
1363140 788.1
1363150 788.1
1363160 787.7
1363170 787.7
1363180 787.4
1363190 787.3
1363200 787.3
1363210 787.4
1363220 787.6
1363230 787.6
1363240 787.7
1363250 787.7
1363260 787.7
1363270 787.7
1363280 787.7
1363290 787.7
1363300 787.6
1363310 787.5
1363320 787.5
1363330 787.5
1363340 787.4
1363350 787.5
1363360 787.5
1363370 787.6
1363380 787.7
1363390 787.7
1363400 787.7
1363410 787.8
1363420 787.8
1363430 788.2
1363440 788.4
1363450 788.4
1363460 788.7
1363470 789.0
1363480 789.0
1363490 789.6
1363500 789.9
1363510 789.9
1363520 790.1
1363530 790.0
1363540 790.0
1363550 790.2
1363560 790.4
1363570 790.4
1363580 790.6
1363590 790.8
1363600 790.8
1363610 791.1
1363620 791.4
1363630 791.5
1363640 791.5
1363650 791.6
1363660 791.6
1363670 791.6
1363680 791.5
1363690 791.5
1363700 791.5
1363710 791.5
1363720 791.5
1363730 791.5
1363740 791.5
1363750 791.2
1363760 791.2
1363770 791.2
1363780 791.2
1363790 791.2
1363800 791.2
1363810 791.2
1363820 791.2
1363830 791.3
1363840 791.4
1363850 791.4
1363860 791.5
1363870 791.6
1363880 791.6
1363890 791.8
1363900 791.8
1363910 791.8
1363920 791.9
1363930 792.1
1363940 792.2
1363950 792.2
1363960 792.4
1363970 792.5
1363980 792.5
1363990 792.7
1364000 792.9
1364010 792.9
1364020 792.9
1364030 793.3
1364040 793.1
1364050 793.3
1364060 793.5
1364070 793.5
1364080 793.9
1364090 795.3
1364100 795.3
1364110 795.7
1364120 793.6
1364130 793.6
1364140 791.8
1364150 794.4
1364160 794.4
1364170 795.3
1364180 795.5
1364190 795.5
1364200 795.8
1364210 796.3
1364220 796.3
1364230 796.8
1364240 797.2
1364250 797.2
1364260 797.6
1364270 798.1
1364280 798.6
1364290 798.6
1364300 799.1
1364310 799.5
1364320 799.5
1364330 799.8
1364340 800.1
1364350 800.1
1364360 800.5
1364370 800.7
1364380 800.7
1364390 801.0
1364400 801.2
1364410 801.2
1364420 801.4
1364430 801.7
1364440 801.7
1364450 801.9
1364460 802.1
1364470 802.1
1364480 802.4
1364490 802.6
1364500 802.6
1364510 802.9
1364520 803.1
1364530 803.1
1364540 803.3
1364550 803.5
1364560 803.5
1364570 803.5
1364580 803.5
1364590 803.5
1364600 803.5
1364610 803.7
1364620 803.8
1364630 803.8
1364640 803.6
1364650 803.4
1364660 803.4
1364670 803.8
1364680 804.1
1364690 804.1
1364700 804.4
1364710 804.6
1364720 804.6
1364730 804.4
1364740 804.3
1364750 804.3
1364760 804.4
1364770 804.2
1364780 804.2
1364790 804.2
1364800 804.2
1364810 804.2
1364820 804.5
1364830 805.0
1364840 805.0
1364850 805.8
1364860 806.8
1364870 806.8
1364880 807.4
1364890 807.3
1364900 807.1
1364910 807.1
1364920 806.9
1364930 806.8
1364940 806.8
1364950 806.7
1364960 806.6
1364970 806.6
1364980 806.5
1364990 806.5
1365000 806.5
1365010 806.4
1365020 806.5
1365030 806.5
1365040 806.6
1365050 806.8
1365060 806.8
1365070 806.9
1365080 807.0
1365090 807.0
1365100 807.0
1365110 807.3
1365120 807.3
1365130 807.4
1365140 807.4
1365150 807.4
1365160 807.6
1365170 807.6
1365180 807.6
1365190 807.6
1365200 807.6
1365210 807.7
1365220 807.7
1365230 807.8
1365240 807.8
1365250 807.8
1365260 808.0
1365270 808.1
1365280 808.1
1365290 808.3
1365300 808.5
1365310 808.5
1365320 808.6
1365330 808.7
1365340 808.7
1365350 808.9
1365360 809.0
1365370 809.0
1365380 809.1
1365390 809.2
1365400 809.2
1365410 809.3
1365420 809.3
1365430 809.3
1365440 809.4
1365450 809.4
1365460 809.4
1365470 809.5
1365480 809.6
1365490 809.6
1365500 809.7
1365510 809.8
1365520 810.1
1365530 810.1
1365540 810.3
1365550 810.6
1365560 810.6
1365570 810.8
1365580 810.9
1365590 810.9
1365600 811.0
1365610 810.9
1365620 810.9
1365630 810.8
1365640 810.9
1365650 810.9
1365660 811.3
1365670 811.8
1365680 811.8
1365690 812.4
1365700 812.9
1365710 812.9
1365720 813.2
1365730 812.9
1365740 812.9
1365750 812.5
1365760 811.9
1365770 811.9
1365780 811.7
1365790 812.1
1365800 812.1
1365810 812.5
1365820 812.8
1365830 812.8
1365840 813.1
1365850 813.4
1365860 813.7
1365870 813.7
1365880 814.0
1365890 814.4
1365900 814.4
1365910 814.6
1365920 814.9
1365930 814.9
1365940 815.1
1365950 815.4
1365960 815.4
1365970 815.8
1365980 816.0
1365990 816.0
1366000 816.8
1366010 817.1
1366020 817.1
1366030 817.2
1366040 817.4
1366050 817.4
1366060 817.7
1366070 818.1
1366080 818.1
1366090 818.6
1366100 819.1
1366110 819.1
1366120 819.9
1366130 820.6
1366140 820.6
1366150 821.3
1366160 821.7
1366170 822.3
1366180 822.2
1366190 822.6
1366200 822.6
1366210 822.6
1366220 822.1
1366230 821.4
1366240 821.4
1366250 820.9
1366260 820.8
1366270 820.8
1366280 820.8
1366290 821.2
1366300 821.2
1366310 821.7
1366320 822.1
1366330 822.1
1366340 822.4
1366350 822.6
1366360 822.6
1366370 822.8
1366380 822.8
1366390 822.8
1366400 822.9
1366410 822.8
1366420 822.8
1366430 822.8
1366440 822.8
1366450 822.8
1366460 822.9
1366470 822.9
1366480 822.9
1366490 822.9
1366500 822.8
1366510 822.7
1366520 822.7
1366530 822.5
1366540 822.3
1366550 822.3
1366560 822.2
1366570 822.1
1366580 822.1
1366590 822.0
1366600 822.0
1366610 822.0
1366620 821.9
1366630 821.6
1366640 821.6
1366650 821.3
1366660 820.8
1366670 820.8
1366680 820.5
1366690 820.3
1366700 820.3
1366710 820.2
1366720 820.2
1366730 820.2
1366740 820.2
1366750 820.2
1366760 820.2
1366770 820.2
1366780 820.1
1366790 819.9
1366800 819.9
1366810 819.8
1366820 819.6
1366830 819.6
1366840 819.5
1366850 819.3
1366860 819.3
1366870 819.3
1366880 819.2
1366890 819.2
1366900 819.0
1366910 818.9
1366920 818.9
1366930 818.8
1366940 818.6
1366950 818.6
1366960 818.6
1366970 818.5
1366980 818.5
1366990 818.5
1367000 818.4
1367010 818.4
1367020 818.2
1367030 818.1
1367040 818.1
1367050 818.1
1367060 818.6
1367070 818.6
1367080 819.5
1367090 820.4
1367100 820.4
1367110 821.2
1367120 822.1
1367130 823.0
1367140 823.0
1367150 823.8
1367160 823.4
1367170 823.4
1367180 819.4
1367190 818.0
1367200 818.0
1367210 817.8
1367220 817.8
1367230 817.8
1367240 817.8
1367250 817.8
1367260 817.8
1367270 817.5
1367280 817.5
1367290 817.5
1367300 817.5
1367310 817.7
1367320 817.7
1367330 817.9
1367340 818.1
1367350 818.1
1367360 818.3
1367370 818.5
1367380 818.5
1367390 818.7
1367400 818.8
1367410 818.8
1367420 818.9
1367430 819.0
1367440 818.9
1367450 818.9
1367460 818.8
1367470 818.7
1367480 818.7
1367490 818.5
1367500 818.3
1367510 818.3
1367520 818.1
1367530 818.0
1367540 818.0
1367550 817.9
1367560 817.9
1367570 817.9
1367580 817.9
1367590 818.0
1367600 818.0
1367610 818.0
1367620 817.9
1367630 817.9
1367640 817.8
1367650 817.9
1367660 817.9
1367670 817.9
1367680 817.9
1367690 817.9
1367700 817.9
1367710 817.9
1367720 817.9
1367730 817.9
1367740 817.7
1367750 817.5
1367760 817.5
1367770 817.7
1367780 818.1
1367790 818.1
1367800 818.2
1367810 818.3
1367820 818.3
1367830 818.4
1367840 818.5
1367850 818.5
1367860 818.7
1367870 818.7
1367880 818.7
1367890 818.9
1367900 819.8
1367910 819.8
1367920 820.5
1367930 820.3
1367940 820.3
1367950 819.7
1367960 819.4
1367970 819.4
1367980 819.4
1367990 819.3
1368000 819.3
1368010 819.5
1368020 821.2
1368030 821.2
1368040 824.2
1368050 823.3
1368060 821.4
1368070 821.4
1368080 819.9
1368090 818.9
1368100 818.9
1368110 818.5
1368120 818.5
1368130 818.5
1368140 818.4
1368150 818.3
1368160 818.3
1368170 818.3
1368180 818.2
1368190 818.2
1368200 818.3
1368210 818.3
1368220 818.3
1368230 818.4
1368240 818.4
1368250 818.4
1368260 818.4
1368270 818.4
1368280 818.4
1368290 818.4
1368300 818.2
1368310 818.2
1368320 818.1
1368330 818.0
1368340 818.0
1368350 818.1
1368360 818.4
1368370 817.6
1368380 817.6
1368390 817.6
1368400 817.5
1368410 817.5
1368420 817.4
1368430 817.4
1368440 817.4
1368450 817.3
1368460 817.4
1368470 817.4
1368480 817.6
1368490 817.6
1368500 817.6
1368510 817.7
1368520 817.8
1368530 817.8
1368540 817.8
1368550 817.9
1368560 817.9
1368570 818.0
1368580 818.4
1368590 818.4
1368600 818.7
1368610 818.9
1368620 818.9
1368630 819.1
1368640 819.1
1368650 819.1
1368660 819.1
1368670 819.0
1368680 819.0
1368690 819.0
1368700 818.9
1368710 818.8
1368720 818.8
1368730 818.8
1368740 818.8
1368750 818.8
1368760 818.8
1368770 818.8
1368780 818.8
1368790 818.8
1368800 818.8
1368810 818.8
1368820 818.8
1368830 818.8
1368840 818.8
1368850 818.9
1368860 818.9
1368870 818.9
1368880 819.0
1368890 819.1
1368900 819.1
1368910 820.3
1368920 821.1
1368930 821.1
1368940 820.8
1368950 820.7
1368960 820.7
1368970 820.8
1368980 820.9
1368990 820.9
1369000 820.8
1369010 820.7
1369020 820.7
1369030 820.7
1369040 820.7
1369050 820.7
1369060 820.7
1369070 820.9
1369080 820.9
1369090 820.9
1369100 820.9
1369110 820.9
1369120 820.9
1369130 820.9
1369140 821.0
1369150 821.0
1369160 821.1
1369170 821.2
1369180 821.2
1369190 821.3
1369200 821.4
1369210 821.4
1369220 821.4
1369230 821.5
1369240 821.5
1369250 821.6
1369260 821.6
1369270 821.6
1369280 821.6
1369290 821.7
1369300 821.7
1369310 821.9
1369320 822.2
1369330 822.4
1369340 822.4
1369350 822.1
1369360 820.0
1369370 820.0
1369380 820.9
1369390 821.2
1369400 821.2
1369410 821.3
1369420 821.2
1369430 821.2
1369440 820.9
1369450 820.8
1369460 820.8
1369470 820.5
1369480 820.5
1369490 820.5
1369500 820.5
1369510 820.5
1369520 820.5
1369530 820.5
1369540 820.5
1369550 820.5
1369560 820.3
1369570 820.3
1369580 820.3
1369590 820.2
1369600 820.0
1369610 820.0
1369620 819.9
1369630 820.0
1369640 820.1
1369650 820.1
1369660 820.2
1369670 820.4
1369680 820.4
1369690 820.7
1369700 821.0
1369710 821.0
1369720 821.0
1369730 821.0
1369740 821.0
1369750 820.9
1369760 820.8
1369770 820.8
1369780 820.8
1369790 820.7
1369800 820.7
1369810 820.7
1369820 820.7
1369830 820.7
1369840 820.6
1369850 820.6
1369860 820.6
1369870 820.6
1369880 820.6
1369890 820.6
1369900 820.6
1369910 820.6
1369920 820.6
1369930 820.6
1369940 820.5
1369950 820.5
1369960 820.5
1369970 820.5
1369980 820.6
1369990 820.6
1370000 820.6
1370010 820.6
1370020 820.6
1370030 820.6
1370040 820.6
1370050 820.6
1370060 820.6
1370070 820.6
1370080 820.6
1370090 820.6
1370100 820.7
1370110 820.7
1370120 820.7
1370130 820.7
1370140 820.7
1370150 820.6
1370160 820.6
1370170 820.6
1370180 820.6
1370190 820.5
1370200 820.5
1370210 820.5
1370220 820.4
1370230 820.4
1370240 820.3
1370250 820.2
1370260 820.2
1370270 820.2
1370280 820.3
1370290 820.2
1370300 820.2
1370310 820.2
1370320 820.2
1370330 820.2
1370340 820.2
1370350 820.2
1370360 820.2
1370370 820.3
1370380 820.3
1370390 820.3
1370400 820.4
1370410 820.5
1370420 820.5
1370430 820.6
1370440 820.7
1370450 820.7
1370460 820.7
1370470 820.7
1370480 820.7
1370490 820.7
1370500 820.4
1370510 820.4
1370520 820.3
1370530 820.2
1370540 820.2
1370550 819.9
1370560 819.9
1370570 819.9
1370580 819.8
1370590 819.7
1370600 819.6
1370610 819.6
1370620 819.5
1370630 819.4
1370640 819.4
1370650 819.3
1370660 819.0
1370670 819.0
1370680 818.7
1370690 818.3
1370700 818.3
1370710 817.9
1370720 817.5
1370730 817.5
1370740 817.4
1370750 817.5
1370760 817.5
1370770 817.7
1370780 817.7
1370790 817.7
1370800 817.6
1370810 817.6
1370820 817.6
1370830 817.5
1370840 817.3
1370850 817.3
1370860 815.6
1370870 813.6
1370880 813.6
1370890 816.8
1370900 817.1
1370910 816.9
1370920 816.9
1370930 816.3
1370940 816.0
1370950 816.0
1370960 815.9
1370970 814.9
1370980 814.9
1370990 814.0
1371000 812.3
1371010 812.3
1371020 812.4
1371030 813.3
1371040 813.3
1371050 814.2
1371060 814.3
1371070 814.3
1371080 814.1
1371090 814.0
1371100 814.0
1371110 813.8
1371120 813.9
1371130 813.9
1371140 813.6
1371150 812.5
1371160 812.5
1371170 812.3
1371180 812.2
1371190 812.2
1371200 811.8
1371210 811.7
1371220 811.8
1371230 811.8
1371240 811.8
1371250 811.8
1371260 811.8
1371270 811.6
1371280 811.4
1371290 811.4
1371300 811.3
1371310 810.9
1371320 810.9
1371330 810.4
1371340 809.6
1371350 809.6
1371360 808.9
1371370 807.9
1371380 807.9
1371390 807.8
1371400 808.3
1371410 808.3
1371420 808.1
1371430 807.5
1371440 807.5
1371450 806.9
1371460 806.4
1371470 806.4
1371480 806.1
1371490 805.8
1371500 805.8
1371510 804.7
1371520 802.5
1371530 802.5
1371540 803.9
1371550 805.9
1371560 806.4
1371570 806.4
1371580 806.2
1371590 806.2
1371600 806.2
1371610 806.3
1371620 806.4
1371630 806.4
1371640 806.1
1371650 805.7
1371660 805.7
1371670 805.7
1371680 805.5
1371690 805.5
1371700 805.1
1371710 805.6
1371720 805.6
1371730 805.7
1371740 805.7
1371750 805.7
1371760 805.6
1371770 805.5
1371780 805.5
1371790 805.2
1371800 805.1
1371810 805.1
1371820 805.1
1371830 804.9
1371840 804.9
1371850 804.8
1371860 804.7
1371870 804.5
1371880 804.5
1371890 804.3
1371900 804.6
1371910 804.6
1371920 804.9
1371930 805.1
1371940 805.1
1371950 805.0
1371960 804.8
1371970 804.8
1371980 804.2
1371990 803.9
1372000 803.9
1372010 803.7
1372020 803.6
1372030 803.6
1372040 803.4
1372050 803.3
1372060 803.3
1372070 803.2
1372080 803.1
1372090 803.1
1372100 802.8
1372110 802.5
1372120 802.5
1372130 802.4
1372140 802.6
1372150 802.6
1372160 802.7
1372170 802.7
1372180 802.7
1372190 802.7
1372200 802.7
1372210 802.7
1372220 802.7
1372230 802.3
1372240 802.1
1372250 802.1
1372260 802.1
1372270 802.7
1372280 802.7
1372290 803.2
1372300 803.4
1372310 803.4
1372320 803.4
1372330 803.6
1372340 803.6
1372350 804.5
1372360 807.4
1372370 807.4
1372380 808.8
1372390 809.5
1372400 809.5
1372410 811.3
1372420 812.2
1372430 812.2
1372440 812.0
1372450 811.5
1372460 811.5
1372470 811.6
1372480 814.4
1372490 817.7
1372500 817.7
1372510 819.9
1372520 822.9
1372530 822.9
1372540 825.3
1372550 825.8
1372560 825.8
1372570 825.2
1372580 824.7
1372590 824.7
1372600 824.5
1372610 824.4
1372620 824.4
1372630 824.3
1372640 824.0
1372650 824.0
1372660 823.8
1372670 824.2
1372680 824.2
1372690 824.7
1372700 825.1
1372710 825.1
1372720 825.4
1372730 825.8
1372740 825.8
1372750 827.0
1372760 828.4
1372770 828.4
1372780 829.7
1372790 830.3
1372800 830.3
1372810 830.5
1372820 830.4
1372830 829.8
1372840 829.8
1372850 830.7
1372860 829.6
1372870 829.6
1372880 828.5
1372890 827.5
1372900 827.5
1372910 825.1
1372920 824.3
1372930 824.3
1372940 827.2
1372950 828.1
1372960 828.1
1372970 828.2
1372980 828.2
1372990 828.2
1373000 828.4
1373010 829.1
1373020 829.1
1373030 830.1
1373040 831.2
1373050 831.2
1373060 831.7
1373070 832.3
1373080 832.3
1373090 832.7
1373100 833.2
1373110 833.2
1373120 833.5
1373130 833.7
1373140 833.8
1373150 833.8
1373160 834.0
1373170 834.2
1373180 834.2
1373190 834.2
1373200 834.1
1373210 834.1
1373220 832.6
1373230 828.6
1373240 828.6
1373250 832.5
1373260 834.0
1373270 834.0
1373280 834.4
1373290 834.6
1373300 834.6
1373310 835.2
1373320 834.4
1373330 834.4
1373340 832.0
1373350 836.1
1373360 836.1
1373370 839.0
1373380 841.1
1373390 841.1
1373400 843.4
1373410 845.7
1373420 845.7
1373430 847.9
1373440 850.2
1373450 852.2
1373460 852.2
1373470 853.8
1373480 855.2
1373490 855.2
1373500 856.6
1373510 857.7
1373520 857.7
1373530 858.5
1373540 858.8
1373550 858.8
1373560 859.0
1373570 859.4
1373580 859.4
1373590 860.2
1373600 861.1
1373610 861.1
1373620 861.8
1373630 862.6
1373640 862.6
1373650 863.5
1373660 864.2
1373670 864.2
1373680 865.1
1373690 866.3
1373700 866.3
1373710 867.3
1373720 867.9
1373730 867.9
1373740 868.1
1373750 867.1
1373760 865.6
1373770 865.6
1373780 865.1
1373790 864.7
1373800 864.7
1373810 866.3
1373820 867.3
1373830 867.3
1373840 867.5
1373850 867.2
1373860 867.2
1373870 866.5
1373880 866.0
1373890 866.0
1373900 863.3
1373910 856.1
1373920 856.1
1373930 852.0
1373940 856.1
1373950 856.1
1373960 861.3
1373970 863.8
1373980 863.8
1373990 866.3
1374000 869.9
1374010 869.9
1374020 870.5
1374030 870.4
1374040 870.4
1374050 869.2
1374060 864.9
1374070 857.1
1374080 857.1
1374090 855.7
1374100 860.3
1374110 860.3
1374120 863.3
1374130 859.3
1374140 859.3
1374150 852.3
1374160 845.4
1374170 845.4
1374180 840.6
1374190 836.2
1374200 836.2
1374210 833.1
1374220 832.3
1374230 832.3
1374240 833.0
1374250 837.3
1374260 837.3
1374270 842.0
1374280 848.9
1374290 848.9
1374300 859.4
1374310 864.7
1374320 864.7
1374330 866.4
1374340 869.7
1374350 869.7
1374360 873.0
1374370 876.3
1374380 876.3
1374390 878.4
1374400 880.4
1374410 881.9
1374420 881.9
1374430 882.3
1374440 883.0
1374450 883.0
1374460 882.9
1374470 883.2
1374480 883.2
1374490 884.0
1374500 884.3
1374510 884.3
1374520 883.8
1374530 881.6
1374540 881.6
1374550 884.6
1374560 886.1
1374570 886.1
1374580 887.1
1374590 888.3
1374600 888.3
1374610 890.3
1374620 892.3
1374630 892.3
1374640 895.8
1374650 897.9
1374660 897.9
1374670 898.3
1374680 898.9
1374690 898.9
1374700 900.2
1374710 901.9
1374720 904.4
1374730 904.4
1374740 906.2
1374750 906.5
1374760 906.5
1374770 907.8
1374780 908.8
1374790 908.8
1374800 908.6
1374810 908.3
1374820 908.3
1374830 907.9
1374840 906.9
1374850 906.9
1374860 905.3
1374870 902.9
1374880 902.9
1374890 896.2
1374900 890.3
1374910 890.3
1374920 898.1
1374930 904.8
1374940 904.8
1374950 907.9
1374960 910.4
1374970 910.4
1374980 911.6
1374990 912.3
1375000 912.3
1375010 913.4
1375020 913.5
1375030 913.4
1375040 913.4
1375050 912.1
1375060 911.1
1375070 911.1
1375080 910.8
1375090 910.8
1375100 910.8
1375110 911.1
1375120 912.5
1375130 912.5
1375140 913.5
1375150 914.0
1375160 917.3
1375170 918.6
1375180 920.5
1375190 920.5
1375200 921.9
1375210 922.3
1375220 922.3
1375230 922.1
1375240 923.2
1375250 923.2
1375260 923.6
1375270 923.1
1375280 923.1
1375290 923.5
1375300 923.6
1375310 923.6
1375320 924.3
1375330 925.0
1375340 925.6
1375350 925.6
1375360 926.4
1375370 926.7
1375380 926.7
1375390 927.3
1375400 928.4
1375410 928.4
1375420 929.3
1375430 927.9
1375440 927.9
1375450 915.7
1375460 900.7
1375470 900.7
1375480 912.2
1375490 923.8
1375500 923.8
1375510 922.1
1375520 917.6
1375530 917.6
1375540 912.3
1375550 906.1
1375560 906.1
1375570 897.1
1375580 895.2
1375590 895.2
1375600 901.0
1375610 906.2
1375620 906.2
1375630 913.2
1375640 921.3
1375650 929.9
1375660 929.9
1375670 936.5
1375680 939.7
1375690 939.7
1375700 943.9
1375710 949.7
1375720 949.7
1375730 956.5
1375740 963.1
1375750 963.1
1375760 969.7
1375770 974.2
1375780 974.2
1375790 977.7
1375800 981.1
1375810 981.1
1375820 984.2
1375830 987.1
1375840 987.1
1375850 989.3
1375860 990.3
1375870 990.3
1375880 992.6
1375890 995.0
1375900 995.0
1375910 997.1
1375920 999.7
1375930 999.7
1375940 999.9
1375950 1001.5
1375960 1001.5
1375970 1003.1
1375980 1004.6
1375990 1006.1
1376000 1006.1
1376010 1007.5
1376020 1008.3
1376030 1008.3
1376040 1009.3
1376050 1009.6
1376060 1009.6
1376070 1007.8
1376080 1009.7
1376090 1009.7
1376100 1015.3
1376110 1019.1
1376120 1019.1
1376130 1022.0
1376140 1024.0
1376150 1024.0
1376160 1024.9
1376170 1027.0
1376180 1027.0
1376190 1029.6
1376200 1033.7
1376210 1033.7
1376220 1037.2
1376230 1039.8
1376240 1039.8
1376250 1042.3
1376260 1044.7
1376270 1044.7
1376280 1046.8
1376290 1048.7
1376300 1050.7
1376310 1050.7
1376320 1052.7
1376330 1059.4
1376340 1059.4
1376350 1061.4
1376360 1063.6
1376370 1063.6
1376380 1066.0
1376390 1068.2
1376400 1068.2
1376410 1070.0
1376420 1071.0
1376430 1071.0
1376440 1072.1
1376450 1073.1
1376460 1073.1
1376470 1073.5
1376480 1073.5
1376490 1073.5
1376500 1073.1
1376510 1071.5
1376520 1071.5
1376530 1068.1
1376540 1064.8
1376550 1064.8
1376560 1062.5
1376570 1059.6
1376580 1059.6
1376590 1056.6
1376600 1053.6
1376610 1049.9
1376620 1049.9
1376630 1045.6
1376640 1041.5
1376650 1041.5
1376660 1037.3
1376670 1032.8
1376680 1032.8
1376690 1028.7
1376700 1025.0
1376710 1025.0
1376720 1021.0
1376730 1017.1
1376740 1017.1
1376750 1013.2
1376760 1008.5
1376770 1008.5
1376780 1004.0
1376790 1000.4
1376800 1000.4
1376810 998.1
1376820 995.8
1376830 995.8
1376840 994.3
1376850 992.9
1376860 992.9
1376870 991.0
1376880 989.5
1376890 989.5
1376900 988.4
1376910 987.5
1376920 986.3
1376930 986.3
1376940 984.2
1376950 982.4
1376960 982.4
1376970 980.9
1376980 979.2
1376990 979.2
1377000 977.2
1377010 975.6
1377020 975.6
1377030 972.5
1377040 968.1
1377050 968.1
1377060 965.0
1377070 961.5
1377080 961.5
1377090 956.6
1377100 951.8
1377110 951.8
1377120 947.8
1377130 944.1
1377140 944.1
1377150 941.0
1377160 936.3
1377170 936.3
1377180 930.9
1377190 926.1
1377200 926.1
1377210 921.2
1377220 916.8
1377230 916.8
1377240 912.1
1377250 907.5
1377260 902.3
1377270 902.3
1377280 895.9
1377290 891.0
1377300 891.0
1377310 887.2
1377320 879.4
1377330 879.4
1377340 873.9
1377350 870.2
1377360 870.2
1377370 868.4
1377380 866.1
1377390 866.1
1377400 862.1
1377410 857.6
1377420 857.6
1377430 852.5
1377440 847.7
1377450 847.7
1377460 843.1
1377470 839.2
1377480 839.2
1377490 836.6
1377500 835.0
1377510 835.0
1377520 837.6
1377530 835.0
1377540 835.0
1377550 832.1
1377560 828.6
1377570 826.6
1377580 826.6
1377590 824.4
1377600 821.1
1377610 821.1
1377620 816.4
1377630 812.3
1377640 812.3
1377650 808.2
1377660 804.3
1377670 804.3
1377680 802.5
1377690 801.7
1377700 801.7
1377710 800.9
1377720 800.8
1377730 800.8
1377740 800.7
1377750 800.8
1377760 800.8
1377770 800.8
1377780 800.7
1377790 800.7
1377800 800.7
1377810 800.5
1377820 800.5
1377830 800.3
1377840 800.0
1377850 800.0
1377860 799.6
1377870 799.1
1377880 798.5
1377890 798.5
1377900 798.1
1377910 797.7
1377920 797.7
1377930 797.2
1377940 796.9
1377950 796.9
1377960 796.1
1377970 795.6
1377980 795.6
1377990 795.6
1378000 795.7
1378010 795.7
1378020 795.7
1378030 795.6
1378040 795.6
1378050 795.2
1378060 794.9
1378070 794.9
1378080 794.7
1378090 795.1
1378100 795.1
1378110 794.7
1378120 795.1
1378130 795.1
1378140 794.1
1378150 793.0
1378160 793.0
1378170 791.5
1378180 790.7
1378190 789.8
1378200 789.8
1378210 788.5
1378220 787.9
1378230 787.9
1378240 787.2
1378250 786.3
1378260 786.3
1378270 785.6
1378280 785.0
1378290 785.0
1378300 784.2
1378310 783.4
1378320 783.4
1378330 782.6
1378340 781.8
1378350 781.8
1378360 781.2
1378370 780.8
1378380 780.8
1378390 779.6
1378400 778.9
1378410 778.9
1378420 778.2
1378430 777.5
1378440 777.5
1378450 776.8
1378460 776.2
1378470 776.2
1378480 775.5
1378490 774.7
1378500 774.0
1378510 774.0
1378520 773.5
1378530 773.0
1378540 773.0
1378550 772.6
1378560 771.9
1378570 771.9
1378580 771.3
1378590 770.7
1378600 770.7
1378610 770.3
1378620 769.9
1378630 769.9
1378640 769.3
1378650 769.1
1378660 769.1
1378670 768.7
1378680 768.2
1378690 768.2
1378700 767.9
1378710 767.4
1378720 767.3
1378730 766.5
1378740 765.7
1378750 765.7
1378760 765.1
1378770 765.1
1378780 765.1
1378790 765.1
1378800 763.7
1378810 763.7
1378820 761.7
1378830 761.9
1378840 761.9
1378850 761.9
1378860 761.3
1378870 760.9
1378880 760.9
1378890 760.5
1378900 760.1
1378910 760.1
1378920 759.8
1378930 759.7
1378940 759.7
1378950 759.5
1378960 760.0
1378970 760.0
1378980 760.7
1378990 762.1
1379000 762.1
1379010 763.2
1379020 765.9
1379030 765.9
1379040 767.2
1379050 767.6
1379060 767.6
1379070 767.5
1379080 767.6
1379090 767.6
1379100 767.8
1379110 768.0
1379120 768.0
1379130 768.7
1379140 768.7
1379150 768.2
1379160 768.2
1379170 767.6
1379180 766.5
1379190 766.5
1379200 761.4
1379210 754.2
1379220 754.2
1379230 748.2
1379240 746.8
1379250 746.8
1379260 746.6
1379270 746.5
1379280 746.5
1379290 746.4
1379300 745.7
1379310 745.7
1379320 744.8
1379330 745.0
1379340 745.0
1379350 745.4
1379360 745.3
1379370 745.3
1379380 744.6
1379390 745.2
1379400 745.2
1379410 745.1
1379420 744.7
1379430 744.7
1379440 745.0
1379450 745.1
1379460 745.2
1379470 745.2
1379480 745.1
1379490 745.0
1379500 745.0
1379510 744.8
1379520 744.1
1379530 744.1
1379540 742.9
1379550 741.8
1379560 741.8
1379570 742.5
1379580 744.8
1379590 744.8
1379600 745.9
1379610 746.1
1379620 746.1
1379630 745.9
1379640 745.6
1379650 745.6
1379660 745.5
1379670 745.4
1379680 745.4
1379690 745.5
1379700 745.6
1379710 745.6
1379720 746.2
1379730 750.3
1379740 750.3
1379750 754.9
1379760 755.9
1379770 755.6
1379780 755.6
1379790 756.5
1379800 757.4
1379810 757.4
1379820 757.9
1379830 758.5
1379840 758.5
1379850 759.0
1379860 759.4
1379870 759.4
1379880 759.6
1379890 760.0
1379900 760.0
1379910 759.7
1379920 757.3
1379930 754.5
1379940 754.0
1379950 754.6
1379960 754.6
1379970 757.3
1379980 758.4
1379990 758.4
