1360000 975.2
1360010 975.2
1360020 977.8
1360030 979.7
1360040 979.7
1360050 982.6
1360060 986.4
1360070 990.6
1360080 990.6
1360090 995.4
1360100 999.9
1360110 999.9
1360120 1004.6
1360130 1009.5
1360140 1009.5
1360150 1014.4
1360160 1019.3
1360170 1019.3
1360180 1023.9
1360190 1028.1
1360200 1028.1
1360210 1030.6
1360220 1027.6
1360230 1027.6
1360240 1021.7
1360250 1019.4
1360260 1019.4
1360270 1019.5
1360280 1022.9
1360290 1022.9
1360300 1026.0
1360310 1027.9
1360320 1027.9
1360330 1031.1
1360340 1034.4
1360350 1034.4
1360360 1038.3
1360370 1042.4
1360380 1042.4
1360390 1046.6
1360400 1050.1
1360410 1052.3
1360420 1052.3
1360430 1055.6
1360440 1059.4
1360450 1059.4
1360460 1062.6
1360470 1067.0
1360480 1067.0
1360490 1071.5
1360500 1075.5
1360510 1078.2
1360520 1083.5
1360530 1087.9
1360540 1087.9
1360550 1092.2
1360560 1098.0
1360570 1098.0
1360580 1103.7
1360590 1108.7
1360600 1108.7
1360610 1114.0
1360620 1120.2
1360630 1120.2
1360640 1126.3
1360650 1131.2
1360660 1131.2
1360670 1135.6
1360680 1139.5
1360690 1139.5
1360700 1143.7
1360710 1146.6
1360720 1146.6
1360730 1150.0
1360740 1154.4
1360750 1158.0
1360760 1158.0
1360770 1162.9
1360780 1168.3
1360790 1168.3
1360800 1173.5
1360810 1178.2
1360820 1178.2
1360830 1181.0
1360840 1181.6
1360850 1181.6
1360860 1185.1
1360870 1191.4
1360880 1191.4
1360890 1196.6
1360900 1199.5
1360910 1199.5
1360920 1199.7
1360930 1203.7
1360940 1203.7
1360950 1208.7
1360960 1212.8
1360970 1212.8
1360980 1216.8
1360990 1220.1
1361000 1220.1
1361010 1222.3
1361020 1223.6
1361030 1223.6
1361040 1224.7
1361050 1227.0
1361060 1229.3
1361070 1229.3
1361080 1231.2
1361090 1230.5
1361100 1230.5
1361110 1230.2
1361120 1231.6
1361130 1231.6
1361140 1234.8
1361150 1238.7
1361160 1238.7
1361170 1238.9
1361180 1238.3
1361190 1238.3
1361200 1232.9
1361210 1234.6
1361220 1234.6
1361230 1236.2
1361240 1235.7
1361250 1235.7
1361260 1238.7
1361270 1243.9
1361280 1243.9
1361290 1249.2
1361300 1255.0
1361310 1255.0
1361320 1259.6
1361330 1265.9
1361340 1265.9
1361350 1271.9
1361360 1276.4
1361370 1276.4
1361380 1279.1
1361390 1281.6
1361400 1279.9
1361410 1279.9
1361420 1276.8
1361430 1274.9
1361440 1274.9
1361450 1274.7
1361460 1276.9
1361470 1276.9
1361480 1278.8
1361490 1278.9
1361500 1278.9
1361510 1277.8
1361520 1279.1
1361530 1279.1
1361540 1281.9
1361550 1288.9
1361560 1288.9
1361570 1291.6
1361580 1296.5
1361590 1296.5
1361600 1300.2
1361610 1303.1
1361620 1303.1
1361630 1305.2
1361640 1307.1
1361650 1307.1
1361660 1307.1
1361670 1309.9
1361680 1309.9
1361690 1313.4
1361700 1311.4
1361710 1311.4
1361720 1312.1
1361730 1313.7
1361740 1315.4
1361750 1315.4
1361760 1319.0
1361770 1319.9
1361780 1319.9
1361790 1319.7
1361800 1320.2
1361810 1320.2
1361820 1322.6
1361830 1328.3
1361840 1328.3
1361850 1332.6
1361860 1334.0
1361870 1334.0
1361880 1335.6
1361890 1340.5
1361900 1340.5
1361910 1348.8
1361920 1355.5
1361930 1355.5
1361940 1361.4
1361950 1366.5
1361960 1366.5
1361970 1371.9
1361980 1377.0
1361990 1377.0
1362000 1383.2
1362010 1387.3
1362020 1387.3
1362030 1390.8
1362040 1396.4
1362050 1401.7
1362060 1401.7
1362070 1405.6
1362080 1410.4
1362090 1410.4
1362100 1415.4
1362110 1420.0
1362120 1420.0
1362130 1423.6
1362140 1427.1
1362150 1427.1
1362160 1430.9
1362170 1433.3
1362180 1433.3
1362190 1435.5
1362200 1438.8
1362210 1438.8
1362220 1443.6
1362230 1447.0
1362240 1447.0
1362250 1450.5
1362260 1454.5
1362270 1454.5
1362280 1459.4
1362290 1463.9
1362300 1463.9
1362310 1467.9
1362320 1472.9
1362330 1472.9
1362340 1477.9
1362350 1484.4
1362360 1484.4
1362370 1490.8
1362380 1497.0
1362390 1503.5
1362400 1503.5
1362410 1510.5
1362420 1517.2
1362430 1517.2
1362440 1518.9
1362450 1516.8
1362460 1516.8
1362470 1511.2
1362480 1503.3
1362490 1503.3
1362500 1507.0
1362510 1515.3
1362520 1515.3
1362530 1520.3
1362540 1522.9
1362550 1522.9
1362560 1525.4
1362570 1527.1
1362580 1527.1
1362590 1533.3
1362600 1534.3
1362610 1534.3
1362620 1535.1
1362630 1535.8
1362640 1535.8
1362650 1535.6
1362660 1534.8
1362670 1534.8
1362680 1533.9
1362690 1531.1
1362700 1531.1
1362710 1533.6
1362720 1535.3
1362730 1537.8
1362740 1537.8
1362750 1540.1
1362760 1542.0
1362770 1542.0
1362780 1543.3
1362790 1544.4
1362800 1544.4
1362810 1545.4
1362820 1546.1
1362830 1546.1
1362840 1547.0
1362850 1547.8
1362860 1547.8
1362870 1548.7
1362880 1549.2
1362890 1549.2
1362900 1549.4
1362910 1549.7
1362920 1549.7
1362930 1550.8
1362940 1551.9
1362950 1551.9
1362960 1551.7
1362970 1552.9
1362980 1552.9
1362990 1553.5
1363000 1552.8
1363010 1552.8
1363020 1551.7
1363030 1552.0
1363040 1553.8
1363050 1553.8
1363060 1556.1
1363070 1558.0
1363080 1558.0
1363090 1559.2
1363100 1560.8
1363110 1560.8
1363120 1560.1
1363130 1561.7
1363140 1561.7
1363150 1563.5
1363160 1565.3
1363170 1565.3
1363180 1566.7
1363190 1567.2
1363200 1567.2
1363210 1568.4
1363220 1569.4
1363230 1569.4
1363240 1570.1
1363250 1570.9
1363260 1570.9
1363270 1571.2
1363280 1571.7
1363290 1571.7
1363300 1572.0
1363310 1572.1
1363320 1572.1
1363330 1574.3
1363340 1577.5
1363350 1577.5
1363360 1579.8
1363370 1582.8
1363380 1585.3
1363390 1585.3
1363400 1587.5
1363410 1589.7
1363420 1589.7
1363430 1592.3
1363440 1594.9
1363450 1594.9
1363460 1598.2
1363470 1601.7
1363480 1601.7
1363490 1605.0
1363500 1607.7
1363510 1607.7
1363520 1610.2
1363530 1613.0
1363540 1613.0
1363550 1615.0
1363560 1614.3
1363570 1614.3
1363580 1613.2
1363590 1613.9
1363600 1613.9
1363610 1616.6
1363620 1619.9
1363630 1619.9
1363640 1624.1
1363650 1628.0
1363660 1628.0
1363670 1630.0
1363680 1630.8
1363690 1630.8
1363700 1632.0
1363710 1635.5
1363720 1638.6
1363730 1638.6
1363740 1640.6
1363750 1642.7
1363760 1642.7
1363770 1642.9
1363780 1643.1
1363790 1643.1
1363800 1643.3
1363810 1643.7
1363820 1643.7
1363830 1644.0
1363840 1644.5
1363850 1644.5
1363860 1645.0
1363870 1645.0
1363880 1645.0
1363890 1645.0
1363900 1645.3
1363910 1645.3
1363920 1645.7
1363930 1647.0
1363940 1647.0
1363950 1648.3
1363960 1649.2
1363970 1649.2
1363980 1650.2
1363990 1652.1
1364000 1652.1
1364010 1653.7
1364020 1654.9
1364030 1656.4
1364040 1656.4
1364050 1657.9
1364060 1659.0
1364070 1659.0
1364080 1659.9
1364090 1660.3
1364100 1660.3
1364110 1660.5
1364120 1659.0
1364130 1659.0
1364140 1655.5
1364150 1652.5
1364160 1652.5
1364170 1649.1
1364180 1644.6
1364190 1644.6
1364200 1638.7
1364210 1632.4
1364220 1632.4
1364230 1626.4
1364240 1620.8
1364250 1620.8
1364260 1615.1
1364270 1609.5
1364280 1609.5
1364290 1605.1
1364300 1601.1
1364310 1601.1
1364320 1597.2
1364330 1594.0
1364340 1594.0
1364350 1590.9
1364360 1587.7
1364370 1584.3
1364380 1584.3
1364390 1580.1
1364400 1574.9
1364410 1574.9
1364420 1569.0
1364430 1564.6
1364440 1564.6
1364450 1559.4
1364460 1554.2
1364470 1554.2
1364480 1549.7
1364490 1546.3
1364500 1546.3
1364510 1542.4
1364520 1538.7
1364530 1538.7
1364540 1535.5
1364550 1532.1
1364560 1532.1
1364570 1528.9
1364580 1524.9
1364590 1524.9
1364600 1520.0
1364610 1514.3
1364620 1514.3
1364630 1507.0
1364640 1501.7
1364650 1501.7
1364660 1498.5
1364670 1500.5
1364680 1500.5
1364690 1501.8
1364700 1501.7
1364710 1497.4
1364720 1497.4
1364730 1498.1
1364740 1497.9
1364750 1497.9
1364760 1496.1
1364770 1493.6
1364780 1493.6
1364790 1491.2
1364800 1488.9
1364810 1488.9
1364820 1486.3
1364830 1483.9
1364840 1483.9
1364850 1482.1
1364860 1481.0
1364870 1481.0
1364880 1479.5
1364890 1478.3
1364900 1478.3
1364910 1477.2
1364920 1476.8
1364930 1476.8
1364940 1477.0
1364950 1476.8
1364960 1476.8
1364970 1475.0
1364980 1471.4
1364990 1471.4
1365000 1467.8
1365010 1463.5
1365020 1457.5
1365030 1457.5
1365040 1450.8
1365050 1444.1
1365060 1444.1
1365070 1438.0
1365080 1432.0
1365090 1432.0
1365100 1425.7
1365110 1422.1
1365120 1422.1
1365130 1418.3
1365140 1414.2
1365150 1414.2
1365160 1410.2
1365170 1406.0
1365180 1406.0
1365190 1401.0
1365200 1396.2
1365210 1396.2
1365220 1392.5
1365230 1390.0
1365240 1390.0
1365250 1386.9
1365260 1384.9
1365270 1384.9
1365280 1382.8
1365290 1380.2
1365300 1380.2
1365310 1377.2
1365320 1373.7
1365330 1373.7
1365340 1371.2
1365350 1370.1
1365360 1369.2
1365370 1369.2
1365380 1367.9
1365390 1366.3
1365400 1366.3
1365410 1362.6
1365420 1355.8
1365430 1355.8
1365440 1349.4
1365450 1341.6
1365460 1341.6
1365470 1331.0
1365480 1320.6
1365490 1320.6
1365500 1320.5
1365510 1324.1
1365520 1324.1
1365530 1322.4
1365540 1325.0
1365550 1325.0
1365560 1325.4
1365570 1322.3
1365580 1322.3
1365590 1323.5
1365600 1321.7
1365610 1321.7
1365620 1319.8
1365630 1320.3
1365640 1320.3
1365650 1317.3
1365660 1315.8
1365670 1315.8
1365680 1315.6
1365690 1314.3
1365700 1312.6
1365710 1312.6
1365720 1310.8
1365730 1312.2
1365740 1312.2
1365750 1314.9
1365760 1315.0
1365770 1315.0
1365780 1306.7
1365790 1302.8
1365800 1302.8
1365810 1300.9
1365820 1297.5
1365830 1297.5
1365840 1294.1
1365850 1291.1
1365860 1291.1
1365870 1288.5
1365880 1282.6
1365890 1282.6
1365900 1273.9
1365910 1265.0
1365920 1265.0
1365930 1264.2
1365940 1264.7
1365950 1264.7
1365960 1268.7
1365970 1274.7
1365980 1274.7
1365990 1276.0
1366000 1280.3
1366010 1285.8
1366020 1285.8
1366030 1289.7
1366040 1293.0
1366050 1293.0
1366060 1293.7
1366070 1290.8
1366080 1290.8
1366090 1287.5
1366100 1293.1
1366110 1293.1
1366120 1296.0
1366130 1297.2
1366140 1297.2
1366150 1298.6
1366160 1299.6
1366170 1299.6
1366180 1300.4
1366190 1300.9
1366200 1300.9
1366210 1300.8
1366220 1301.1
1366230 1301.1
1366240 1302.4
1366250 1302.1
1366260 1302.1
1366270 1300.0
1366280 1297.7
1366290 1297.7
1366300 1295.1
1366310 1292.7
1366320 1292.7
1366330 1288.2
1366340 1284.0
1366350 1277.4
1366360 1277.4
1366370 1272.0
1366380 1266.8
1366390 1266.8
1366400 1263.8
1366410 1271.3
1366420 1271.3
1366430 1280.7
1366440 1285.0
1366450 1285.0
1366460 1285.7
1366470 1285.3
1366480 1285.3
1366490 1283.8
1366500 1281.3
1366510 1281.3
1366520 1280.6
1366530 1279.8
1366540 1279.8
1366550 1278.2
1366560 1276.8
1366570 1276.8
1366580 1274.9
1366590 1272.4
1366600 1272.4
1366610 1276.4
1366620 1280.1
1366630 1280.1
1366640 1282.8
1366650 1284.7
1366660 1284.7
1366670 1285.0
1366680 1285.2
1366690 1285.4
1366700 1285.4
1366710 1285.7
1366720 1285.4
1366730 1285.4
1366740 1285.0
1366750 1283.9
1366760 1283.9
1366770 1282.2
1366780 1279.2
1366790 1279.2
1366800 1275.9
1366810 1272.4
1366820 1272.4
1366830 1270.2
1366840 1267.6
1366850 1267.6
1366860 1273.2
1366870 1270.5
1366880 1270.5
1366890 1268.4
1366900 1267.4
1366910 1267.4
1366920 1264.3
1366930 1260.3
1366940 1260.3
1366950 1256.1
1366960 1250.8
1366970 1250.8
1366980 1245.9
1366990 1241.5
1367000 1236.2
1367010 1236.2
1367020 1232.6
1367030 1228.8
1367040 1228.8
1367050 1225.5
1367060 1223.9
1367070 1223.9
1367080 1220.7
1367090 1216.4
1367100 1216.4
1367110 1214.3
1367120 1215.3
1367130 1215.3
1367140 1210.5
1367150 1205.8
1367160 1205.8
1367170 1203.5
1367180 1200.3
1367190 1200.3
1367200 1196.0
1367210 1191.2
1367220 1191.2
1367230 1187.8
1367240 1184.2
1367250 1184.2
1367260 1177.9
1367270 1169.0
1367280 1169.0
1367290 1157.9
1367300 1147.8
1367310 1147.8
1367320 1145.3
1367330 1153.5
1367340 1159.6
1367350 1159.6
1367360 1158.2
1367370 1160.4
1367380 1160.4
1367390 1168.5
1367400 1176.1
1367410 1176.1
1367420 1180.3
1367430 1183.9
1367440 1183.9
1367450 1187.9
1367460 1191.1
1367470 1191.1
1367480 1193.2
1367490 1193.7
1367500 1193.7
1367510 1192.4
1367520 1191.9
1367530 1191.9
1367540 1190.0
1367550 1186.8
1367560 1186.8
1367570 1183.3
1367580 1182.6
1367590 1182.6
1367600 1184.8
1367610 1180.6
1367620 1180.6
1367630 1172.0
1367640 1163.7
1367650 1158.6
1367660 1158.6
1367670 1159.9
1367680 1159.4
1367690 1159.4
1367700 1158.0
1367710 1161.6
1367720 1161.6
1367730 1169.3
1367740 1177.2
1367750 1177.2
1367760 1178.4
1367770 1176.0
1367780 1176.0
1367790 1172.6
1367800 1169.1
1367810 1169.1
1367820 1167.9
1367830 1171.7
1367840 1171.7
1367850 1178.9
1367860 1187.0
1367870 1187.0
1367880 1195.0
1367890 1201.4
1367900 1201.4
1367910 1203.3
1367920 1204.2
1367930 1204.2
1367940 1205.2
1367950 1209.7
1367960 1209.7
1367970 1208.4
1367980 1201.4
1367990 1199.2
1368000 1199.2
1368010 1195.3
1368020 1190.3
1368030 1190.3
1368040 1190.5
1368050 1198.4
1368060 1198.4
1368070 1204.8
1368080 1212.0
1368090 1212.0
1368100 1217.9
1368110 1219.0
1368120 1219.0
1368130 1217.1
1368140 1218.2
1368150 1218.2
1368160 1219.7
1368170 1220.2
1368180 1220.2
1368190 1220.0
1368200 1220.4
1368210 1220.4
1368220 1222.0
1368230 1221.3
1368240 1221.3
1368250 1218.3
1368260 1216.0
1368270 1216.0
1368280 1215.2
1368290 1214.6
1368300 1214.6
1368310 1213.6
1368320 1213.0
1368330 1210.5
1368340 1210.5
1368350 1206.3
1368360 1201.9
1368370 1201.9
1368380 1196.7
1368390 1190.6
1368400 1190.6
1368410 1187.2
1368420 1183.7
1368430 1183.7
1368440 1179.8
1368450 1175.1
1368460 1175.1
1368470 1169.7
1368480 1163.4
1368490 1163.4
1368500 1157.1
1368510 1152.0
1368520 1152.0
1368530 1146.7
1368540 1141.2
1368550 1141.2
1368560 1136.1
1368570 1132.3
1368580 1132.3
1368590 1127.4
1368600 1119.4
1368610 1119.4
1368620 1111.0
1368630 1104.4
1368640 1109.2
1368650 1109.2
1368660 1117.0
1368670 1122.7
1368680 1122.7
1368690 1129.3
1368700 1136.4
1368710 1136.4
1368720 1142.5
1368730 1148.7
1368740 1148.7
1368750 1156.1
1368760 1163.4
1368770 1163.4
1368780 1164.6
1368790 1161.0
1368800 1161.0
1368810 1158.8
1368820 1156.4
1368830 1156.4
1368840 1154.1
1368850 1151.0
1368860 1151.0
1368870 1147.2
1368880 1142.9
1368890 1142.9
1368900 1139.1
1368910 1133.9
1368920 1133.9
1368930 1126.8
1368940 1120.0
1368950 1120.0
1368960 1115.9
1368970 1110.7
1368980 1101.1
1368990 1101.1
1369000 1104.4
1369010 1113.8
1369020 1113.8
1369030 1123.0
1369040 1129.9
1369050 1134.6
1369060 1140.2
1369070 1142.0
1369080 1142.0
1369090 1147.9
1369100 1155.3
1369110 1155.3
1369120 1158.7
1369130 1161.0
1369140 1161.0
1369150 1165.6
1369160 1170.8
1369170 1170.8
1369180 1177.6
1369190 1184.6
1369200 1184.6
1369210 1189.4
1369220 1192.9
1369230 1192.9
1369240 1195.6
1369250 1198.5
1369260 1198.5
1369270 1201.4
1369280 1206.3
1369290 1206.3
1369300 1211.9
1369310 1217.2
1369320 1221.7
1369330 1221.7
1369340 1225.8
1369350 1229.7
1369360 1229.7
1369370 1233.7
1369380 1237.6
1369390 1237.6
1369400 1241.4
1369410 1245.5
1369420 1245.5
1369430 1249.2
1369440 1252.3
1369450 1252.3
1369460 1255.5
1369470 1258.9
1369480 1258.9
1369490 1262.3
1369500 1265.0
1369510 1265.0
1369520 1267.4
1369530 1269.5
1369540 1269.5
1369550 1270.7
1369560 1271.3
1369570 1271.3
1369580 1270.9
1369590 1269.1
1369600 1269.1
1369610 1266.4
1369620 1263.7
1369630 1260.0
1369640 1260.0
1369650 1256.1
1369660 1253.5
1369670 1253.5
1369680 1252.2
1369690 1250.2
1369700 1250.2
1369710 1247.8
1369720 1245.7
1369730 1245.7
1369740 1243.2
1369750 1240.5
1369760 1240.5
1369770 1237.9
1369780 1235.9
1369790 1235.9
1369800 1234.6
1369810 1230.6
1369820 1230.6
1369830 1227.8
1369840 1225.8
1369850 1225.8
1369860 1224.6
1369870 1223.5
1369880 1223.5
1369890 1218.7
1369900 1217.7
1369910 1217.7
1369920 1218.0
1369930 1213.7
1369940 1213.7
1369950 1210.7
1369960 1207.6
1369970 1204.6
1369980 1204.6
1369990 1200.5
1370000 1191.5
1370010 1191.5
1370020 1191.4
1370030 1201.4
1370040 1201.4
1370050 1211.0
1370060 1217.9
1370070 1217.9
1370080 1225.7
1370090 1232.2
1370100 1232.2
1370110 1236.4
1370120 1240.1
1370130 1240.1
1370140 1243.8
1370150 1247.3
1370160 1247.3
1370170 1257.4
1370180 1261.7
1370190 1261.7
1370200 1265.9
1370210 1270.4
1370220 1270.4
1370230 1275.9
1370240 1281.8
1370250 1281.8
1370260 1287.2
1370270 1292.1
1370280 1292.1
1370290 1295.8
1370300 1299.5
1370310 1303.4
1370320 1303.4
1370330 1306.6
1370340 1310.5
1370350 1310.5
1370360 1313.9
1370370 1316.9
1370380 1316.9
1370390 1318.9
1370400 1319.9
1370410 1319.9
1370420 1320.1
1370430 1319.5
1370440 1319.5
1370450 1318.2
1370460 1316.6
1370470 1316.6
1370480 1314.9
1370490 1313.0
1370500 1313.0
1370510 1311.7
1370520 1309.9
1370530 1309.9
1370540 1307.9
1370550 1305.9
1370560 1305.9
1370570 1303.4
1370580 1300.2
1370590 1300.2
1370600 1295.6
1370610 1291.5
1370620 1288.5
1370630 1288.5
1370640 1286.4
1370650 1284.4
1370660 1284.4
1370670 1282.4
1370680 1280.0
1370690 1280.0
1370700 1279.3
1370710 1277.8
1370720 1277.8
1370730 1274.6
1370740 1271.8
1370750 1271.8
1370760 1268.9
1370770 1266.1
1370780 1266.1
1370790 1261.5
1370800 1258.5
1370810 1258.5
1370820 1255.7
1370830 1253.1
1370840 1253.1
1370850 1250.1
1370860 1247.4
1370870 1247.4
1370880 1245.9
1370890 1243.8
1370900 1243.8
1370910 1240.7
1370920 1236.0
1370930 1236.0
1370940 1233.5
1370950 1232.9
1370960 1232.2
1370970 1232.2
1370980 1231.5
1370990 1230.9
1371000 1230.9
1371010 1231.1
1371020 1231.6
1371030 1231.6
1371040 1231.7
1371050 1231.2
1371060 1231.2
1371070 1230.6
1371080 1230.5
1371090 1230.5
1371100 1230.8
1371110 1229.7
1371120 1229.7
1371130 1231.2
1371140 1234.1
1371150 1234.1
1371160 1236.2
1371170 1237.8
1371180 1237.8
1371190 1239.2
1371200 1240.7
1371210 1240.7
1371220 1242.7
1371230 1244.5
1371240 1244.5
1371250 1245.9
1371260 1247.6
1371270 1247.6
1371280 1249.6
1371290 1251.6
1371300 1253.7
1371310 1253.7
1371320 1255.2
1371330 1256.0
1371340 1256.0
1371350 1256.0
1371360 1255.2
1371370 1255.2
1371380 1254.4
1371390 1253.5
1371400 1253.5
1371410 1252.4
1371420 1250.7
1371430 1250.7
1371440 1246.6
1371450 1239.6
1371460 1239.6
1371470 1235.0
1371480 1232.8
1371490 1232.8
1371500 1229.7
1371510 1225.8
1371520 1225.8
1371530 1220.6
1371540 1215.7
1371550 1215.7
1371560 1211.3
1371570 1206.5
1371580 1206.5
1371590 1201.5
1371600 1196.5
1371610 1192.8
1371620 1192.8
1371630 1189.7
1371640 1185.9
1371650 1185.9
1371660 1181.2
1371670 1175.7
1371680 1175.7
1371690 1168.0
1371700 1158.6
1371710 1158.6
1371720 1151.4
1371730 1146.1
1371740 1146.1
1371750 1140.4
1371760 1134.6
1371770 1134.6
1371780 1129.2
1371790 1122.9
1371800 1122.9
1371810 1114.7
1371820 1107.4
1371830 1107.4
1371840 1101.2
1371850 1096.3
1371860 1096.3
1371870 1091.8
1371880 1086.4
1371890 1086.4
1371900 1080.3
1371910 1074.4
1371920 1074.4
1371930 1069.6
1371940 1064.2
1371950 1058.6
1371960 1058.6
1371970 1054.8
1371980 1052.0
1371990 1052.0
1372000 1048.3
1372010 1043.5
1372020 1043.5
1372030 1038.1
1372040 1033.6
1372050 1033.6
1372060 1029.7
1372070 1025.9
1372080 1025.9
1372090 1022.4
1372100 1019.2
1372110 1019.2
1372120 1016.2
1372130 1013.7
1372140 1013.7
1372150 1011.7
1372160 1009.8
1372170 1009.8
1372180 1006.6
1372190 1002.0
1372200 1002.0
1372210 996.3
1372220 990.8
1372230 990.8
1372240 985.6
1372250 980.2
1372260 980.2
1372270 973.8
1372280 966.6
1372290 961.6
1372300 961.6
1372310 957.4
1372320 952.7
1372330 952.7
1372340 948.8
1372350 945.7
1372360 945.7
1372370 943.0
1372380 940.4
1372390 940.4
1372400 938.1
1372410 936.4
1372420 936.4
1372430 931.8
1372440 928.6
1372450 928.6
1372460 925.3
1372470 922.0
1372480 922.0
1372490 918.5
1372500 915.6
1372510 915.6
1372520 912.8
1372530 909.2
1372540 909.2
1372550 905.2
1372560 901.0
1372570 901.0
1372580 897.0
1372590 893.1
1372600 889.3
1372610 889.3
1372620 885.4
1372630 880.9
1372640 880.9
1372650 876.3
1372660 871.7
1372670 871.7
1372680 866.8
1372690 862.2
1372700 862.2
1372710 858.4
1372720 854.8
1372730 854.8
1372740 851.3
1372750 848.3
1372760 848.3
1372770 845.1
1372780 841.0
1372790 841.0
1372800 836.4
1372810 831.8
1372820 831.8
1372830 827.8
1372840 824.3
1372850 824.3
1372860 821.3
1372870 818.6
1372880 818.6
1372890 816.1
1372900 813.8
1372910 813.8
1372920 811.5
1372930 809.7
1372940 808.5
1372950 808.5
1372960 807.8
1372970 807.6
1372980 807.6
1372990 806.9
1373000 805.9
1373010 805.9
1373020 805.2
1373030 805.0
1373040 805.0
1373050 804.4
1373060 802.9
1373070 802.9
1373080 801.0
1373090 800.3
1373100 800.3
1373110 800.0
1373120 800.2
1373130 800.2
1373140 802.1
1373150 806.1
1373160 806.1
1373170 807.8
1373180 809.0
1373190 809.0
1373200 811.5
1373210 814.1
1373220 814.1
1373230 816.2
1373240 818.0
1373250 819.9
1373260 819.9
1373270 820.8
1373280 821.8
1373290 821.8
1373300 822.3
1373310 821.8
1373320 821.8
1373330 820.5
1373340 819.8
1373350 819.8
1373360 819.5
1373370 817.6
1373380 817.6
1373390 815.5
1373400 814.0
1373410 814.0
1373420 811.8
1373430 807.4
1373440 807.4
1373450 801.0
1373460 796.5
1373470 796.5
1373480 791.7
1373490 787.5
1373500 787.5
1373510 783.4
1373520 780.6
1373530 780.6
1373540 777.1
1373550 772.8
1373560 772.8
1373570 769.0
1373580 766.5
1373590 764.6
1373600 764.6
1373610 762.7
1373620 762.2
1373630 762.2
1373640 761.9
1373650 761.6
1373660 761.6
1373670 761.2
1373680 761.2
1373690 761.2
1373700 761.1
1373710 760.4
1373720 760.4
1373730 759.1
1373740 758.1
1373750 758.1
1373760 757.1
1373770 756.5
1373780 756.5
1373790 756.2
1373800 755.8
1373810 755.8
1373820 755.5
1373830 755.2
1373840 755.2
1373850 755.0
1373860 754.8
1373870 754.8
1373880 754.5
1373890 754.1
1373900 754.1
1373910 753.6
1373920 753.3
1373930 752.9
1373940 752.9
1373950 752.7
1373960 752.4
1373970 752.4
1373980 752.2
1373990 752.0
1374000 752.0
1374010 751.9
1374020 751.6
1374030 751.6
1374040 751.2
1374050 751.0
1374060 751.0
1374070 750.7
1374080 750.6
1374090 750.6
1374100 750.4
1374110 750.3
1374120 750.3
1374130 749.5
1374140 747.7
1374150 747.7
1374160 747.6
1374170 747.4
1374180 747.4
1374190 747.2
1374200 747.1
1374210 747.1
1374220 746.9
1374230 746.8
1374240 747.0
1374250 747.0
1374260 747.1
1374270 747.1
1374280 747.1
1374290 747.0
1374300 746.6
1374310 746.6
1374320 746.2
1374330 746.2
1374340 746.2
1374350 746.3
1374360 746.4
1374370 746.4
1374380 746.5
1374390 746.5
1374400 746.5
1374410 746.5
1374420 746.5
1374430 746.5
1374440 746.3
1374450 745.9
1374460 745.9
1374470 745.7
1374480 746.0
1374490 746.0
1374500 745.1
1374510 743.2
1374520 743.2
1374530 745.1
1374540 747.0
1374550 747.0
1374560 749.2
1374570 752.2
1374580 755.8
1374590 755.8
1374600 759.7
1374610 763.6
1374620 763.6
1374630 767.9
1374640 772.7
1374650 772.7
1374660 778.8
1374670 785.6
1374680 785.6
1374690 792.4
1374700 799.1
1374710 799.1
1374720 802.3
1374730 804.8
1374740 804.8
1374750 806.4
1374760 807.6
1374770 807.6
1374780 808.6
1374790 809.3
1374800 809.3
1374810 809.2
1374820 808.5
1374830 808.5
1374840 807.4
1374850 806.4
1374860 806.4
1374870 805.3
1374880 804.5
1374890 804.5
1374900 804.1
1374910 803.6
1374920 803.1
1374930 803.1
1374940 802.4
1374950 801.9
1374960 801.9
1374970 801.9
1374980 801.7
1374990 801.7
1375000 799.1
1375010 797.1
1375020 797.1
1375030 801.4
1375040 802.6
1375050 802.6
1375060 802.8
1375070 803.2
1375080 803.2
1375090 804.2
1375100 805.4
1375110 805.4
1375120 806.8
1375130 808.6
1375140 808.6
1375150 810.6
1375160 813.1
1375170 813.1
1375180 816.1
1375190 820.7
1375200 820.7
1375210 824.5
1375220 828.2
1375230 831.9
1375240 831.9
1375250 834.8
1375260 837.0
1375270 837.0
1375280 838.7
1375290 840.3
1375300 840.3
1375310 842.4
1375320 845.8
1375330 845.8
1375340 849.0
1375350 852.3
1375360 852.3
1375370 855.9
1375380 859.3
1375390 859.3
1375400 862.5
1375410 864.9
1375420 864.9
1375430 866.9
1375440 868.2
1375450 868.2
1375460 868.5
1375470 867.6
1375480 867.6
1375490 865.9
1375500 864.0
1375510 864.0
1375520 862.2
1375530 860.9
1375540 860.9
1375550 859.8
1375560 858.6
1375570 857.7
1375580 857.7
1375590 857.2
1375600 856.3
1375610 856.3
1375620 855.3
1375630 854.4
1375640 854.4
1375650 853.5
1375660 852.5
1375670 852.5
1375680 851.5
1375690 850.7
1375700 850.7
1375710 850.5
1375720 850.8
1375730 850.8
1375740 850.8
1375750 849.8
1375760 849.8
1375770 846.7
1375780 842.1
1375790 842.1
1375800 837.7
1375810 833.7
1375820 833.7
1375830 829.6
1375840 825.3
1375850 825.3
1375860 820.8
1375870 816.6
1375880 816.6
1375890 812.8
1375900 810.7
1375910 808.3
1375920 808.3
1375930 805.0
1375940 800.4
1375950 800.4
1375960 794.4
1375970 788.8
1375980 788.8
1375990 784.7
1376000 781.9
1376010 781.9
1376020 778.7
1376030 775.5
1376040 775.5
1376050 772.9
1376060 771.8
1376070 771.8
1376080 771.3
1376090 770.6
1376100 770.6
1376110 769.9
1376120 769.3
1376130 769.3
1376140 768.6
1376150 767.9
1376160 767.9
1376170 767.4
1376180 767.1
1376190 767.1
1376200 767.3
1376210 767.4
1376220 767.4
1376230 767.4
1376240 767.9
1376250 768.4
1376260 768.4
1376270 768.5
1376280 768.5
1376290 768.5
1376300 768.5
1376310 768.6
1376320 768.6
1376330 770.2
1376340 771.6
1376350 771.6
1376360 770.7
1376370 769.4
1376380 769.4
1376390 768.3
1376400 767.3
1376410 767.3
1376420 766.2
1376430 764.9
1376440 764.9
1376450 762.6
1376460 760.0
1376470 760.0
1376480 758.7
1376490 758.0
1376500 758.0
1376510 757.5
1376520 756.7
1376530 756.7
1376540 755.5
1376550 755.8
1376560 756.7
1376570 756.7
1376580 757.5
1376590 758.5
1376600 758.5
1376610 760.7
1376620 761.0
1376630 761.0
1376640 759.1
1376650 757.2
1376660 757.2
1376670 757.1
1376680 757.2
1376690 757.2
1376700 758.1
1376710 758.4
1376720 758.4
1376730 757.2
1376740 755.5
1376750 755.5
1376760 753.2
1376770 752.8
1376780 752.8
1376790 753.0
1376800 752.9
1376810 752.9
1376820 752.7
1376830 752.9
1376840 752.9
1376850 753.9
1376860 755.1
1376870 755.1
1376880 756.2
1376890 757.4
1376900 758.4
1376910 758.4
1376920 758.8
1376930 758.8
1376940 758.8
1376950 758.5
1376960 758.1
1376970 758.1
1376980 757.4
1376990 756.9
1377000 756.9
1377010 757.1
1377020 758.1
1377030 758.1
1377040 759.7
1377050 761.0
1377060 761.0
1377070 761.6
1377080 761.6
1377090 760.7
1377100 760.5
1377110 759.6
1377120 759.6
1377130 758.7
1377140 758.4
1377150 758.4
1377160 758.3
1377170 757.5
1377180 757.5
1377190 756.4
1377200 754.8
1377210 753.6
1377220 753.6
1377230 753.3
1377240 752.6
1377250 752.6
1377260 751.2
1377270 749.9
1377280 749.9
1377290 748.6
1377300 746.1
1377310 746.1
1377320 742.7
1377330 738.1
1377340 738.1
1377350 732.3
1377360 727.0
1377370 727.0
1377380 724.2
1377390 724.8
1377400 724.8
1377410 729.3
1377420 732.9
1377430 732.9
1377440 734.6
1377450 737.1
1377460 737.1
1377470 739.3
1377480 741.9
1377490 741.9
1377500 746.1
1377510 750.2
1377520 750.2
1377530 753.0
1377540 754.0
1377550 753.6
1377560 753.6
1377570 753.2
1377580 752.8
1377590 752.8
1377600 752.7
1377610 753.3
1377620 753.3
1377630 754.2
1377640 754.7
1377650 754.7
1377660 755.1
1377670 755.1
1377680 755.1
1377690 755.3
1377700 755.6
1377710 755.6
1377720 756.1
1377730 756.5
1377740 756.5
1377750 756.8
1377760 757.1
1377770 757.1
1377780 757.4
1377790 757.9
1377800 757.9
1377810 758.3
1377820 758.6
1377830 758.6
1377840 758.9
1377850 759.1
1377860 758.4
1377870 758.4
1377880 757.5
1377890 756.9
1377900 756.9
1377910 756.6
1377920 756.5
1377930 756.5
1377940 756.5
1377950 752.5
1377960 752.5
1377970 746.6
1377980 740.5
1377990 740.5
1378000 733.7
1378010 727.8
1378020 727.8
1378030 723.7
1378040 719.8
1378050 719.8
1378060 715.6
1378070 712.2
1378080 712.2
1378090 709.9
1378100 708.6
1378110 708.6
1378120 708.0
1378130 707.5
1378140 707.5
1378150 707.3
1378160 707.0
1378170 707.0
1378180 706.2
1378190 705.6
1378200 704.9
1378210 704.9
1378220 704.7
1378230 704.6
1378240 704.6
1378250 704.7
1378260 704.8
1378270 704.8
1378280 704.9
1378290 704.9
1378300 704.9
1378310 704.9
1378320 704.8
1378330 704.8
1378340 704.6
1378350 704.8
1378360 704.8
1378370 705.3
1378380 705.6
1378390 705.6
1378400 704.6
1378410 704.3
1378420 704.3
1378430 704.0
1378440 704.1
1378450 704.1
1378460 702.2
1378470 702.8
1378480 702.8
1378490 704.2
1378500 704.2
1378510 704.2
1378520 704.5
1378530 704.8
1378540 705.9
1378550 705.9
1378560 705.4
1378570 704.9
1378580 704.9
1378590 704.8
1378600 704.9
1378610 704.9
1378620 705.0
1378630 704.9
1378640 704.9
1378650 705.0
1378660 705.2
1378670 705.2
1378680 705.4
1378690 705.5
1378700 705.5
1378710 706.6
1378720 709.7
1378730 709.7
1378740 710.9
1378750 711.6
1378760 711.6
1378770 713.9
1378780 716.6
1378790 716.6
1378800 717.2
1378810 717.7
1378820 717.7
1378830 718.5
1378840 719.5
1378850 720.4
1378860 720.4
1378870 721.2
1378880 721.9
1378890 721.9
1378900 722.8
1378910 723.4
1378920 723.4
1378930 723.9
1378940 724.5
1378950 724.5
1378960 725.1
1378970 725.8
1378980 725.8
1378990 726.5
1379000 727.0
1379010 727.0
1379020 727.5
1379030 728.4
1379040 728.4
1379050 729.4
1379060 730.4
1379070 730.4
1379080 731.4
1379090 732.3
1379100 732.3
1379110 732.9
1379120 733.9
1379130 733.9
1379140 736.9
1379150 738.0
1379160 738.0
1379170 738.7
1379180 740.3
1379190 742.0
1379200 742.0
1379210 743.9
1379220 745.2
1379230 745.2
1379240 746.6
1379250 748.7
1379260 748.7
1379270 750.7
1379280 752.1
1379290 752.1
1379300 754.0
1379310 755.6
1379320 755.6
1379330 757.3
1379340 758.6
1379350 758.6
1379360 760.2
1379370 763.0
1379380 763.0
1379390 765.9
1379400 770.1
1379410 770.1
1379420 774.3
1379430 778.9
1379440 778.9
1379450 784.4
1379460 790.1
1379470 790.1
1379480 795.4
1379490 800.1
1379500 800.1
1379510 805.0
1379520 809.1
1379530 813.5
1379540 813.5
1379550 817.6
1379560 821.6
1379570 821.6
1379580 825.3
1379590 828.5
1379600 828.5
1379610 832.1
1379620 836.0
1379630 836.0
1379640 839.8
1379650 843.0
1379660 843.0
1379670 845.9
1379680 848.8
1379690 848.8
1379700 851.7
1379710 854.3
1379720 854.3
1379730 856.9
1379740 859.3
1379750 859.3
1379760 861.2
1379770 863.3
1379780 863.3
1379790 865.4
1379800 866.4
1379810 866.4
1379820 866.6
1379830 867.6
1379840 867.1
1379850 867.1
1379860 869.1
1379870 871.8
1379880 871.8
1379890 873.5
1379900 874.8
1379910 874.8
1379920 874.8
1379930 873.7
1379940 873.7
1379950 876.9
1379960 881.5
1379970 881.5
1379980 886.7
1379990 892.0
