1360000 974.4
1360010 974.4
1360020 975.8
1360030 977.3
1360040 977.3
1360050 978.7
1360060 979.9
1360070 979.9
1360080 981.2
1360090 982.6
1360100 982.6
1360110 984.2
1360120 986.5
1360130 986.5
1360140 989.6
1360150 991.6
1360160 991.6
1360170 994.5
1360180 999.1
1360190 999.1
1360200 1003.2
1360210 1008.1
1360220 1008.1
1360230 1010.7
1360240 1008.2
1360250 1003.9
1360260 1003.9
1360270 1003.6
1360280 1009.9
1360290 1009.9
1360300 1017.2
1360310 1022.0
1360320 1022.0
1360330 1028.1
1360340 1032.1
1360350 1032.1
1360360 1035.5
1360370 1039.5
1360380 1039.5
1360390 1044.7
1360400 1050.2
1360410 1050.2
1360420 1054.5
1360430 1059.3
1360440 1059.3
1360450 1065.2
1360460 1070.8
1360470 1070.8
1360480 1075.4
1360490 1079.9
1360500 1079.9
1360510 1084.8
1360520 1089.5
1360530 1089.5
1360540 1092.8
1360550 1097.5
1360560 1102.9
1360570 1102.9
1360580 1107.4
1360590 1113.6
1360600 1113.6
1360610 1117.6
1360620 1122.5
1360630 1122.5
1360640 1128.7
1360650 1135.6
1360660 1135.6
1360670 1140.4
1360680 1143.1
1360690 1143.1
1360700 1146.3
1360710 1149.4
1360720 1148.5
1360730 1151.6
1360740 1155.9
1360750 1155.9
1360760 1159.8
1360770 1165.1
1360780 1165.1
1360790 1170.6
1360800 1174.7
1360810 1174.7
1360820 1178.4
1360830 1183.1
1360840 1183.1
1360850 1186.9
1360860 1191.0
1360870 1191.0
1360880 1195.6
1360890 1201.6
1360900 1209.0
1360910 1209.0
1360920 1216.8
1360930 1224.3
1360940 1224.3
1360950 1231.9
1360960 1239.0
1360970 1239.0
1360980 1244.5
1360990 1248.7
1361000 1248.7
1361010 1253.7
1361020 1259.4
1361030 1259.4
1361040 1267.3
1361050 1276.5
1361060 1276.5
1361070 1283.6
1361080 1289.9
1361090 1289.9
1361100 1294.1
1361110 1298.0
1361120 1298.0
1361130 1305.6
1361140 1313.8
1361150 1313.8
1361160 1317.6
1361170 1319.3
1361180 1319.3
1361190 1320.2
1361200 1320.2
1361210 1320.8
1361220 1320.8
1361230 1321.4
1361240 1322.5
1361250 1322.5
1361260 1323.4
1361270 1323.3
1361280 1323.3
1361290 1322.4
1361300 1321.6
1361310 1321.6
1361320 1324.5
1361330 1321.6
1361340 1321.6
1361350 1320.9
1361360 1328.4
1361370 1328.4
1361380 1335.7
1361390 1340.8
1361400 1340.8
1361410 1343.4
1361420 1342.5
1361430 1342.5
1361440 1339.3
1361450 1339.6
1361460 1339.6
1361470 1345.6
1361480 1352.9
1361490 1352.9
1361500 1359.0
1361510 1364.6
1361520 1364.6
1361530 1371.1
1361540 1375.8
1361550 1373.5
1361560 1373.5
1361570 1370.5
1361580 1371.1
1361590 1371.1
1361600 1370.8
1361610 1374.9
1361620 1374.9
1361630 1381.8
1361640 1382.6
1361650 1382.6
1361660 1383.5
1361670 1385.1
1361680 1385.1
1361690 1387.6
1361700 1393.0
1361710 1393.0
1361720 1396.2
1361730 1395.1
1361740 1395.1
1361750 1400.0
1361760 1422.8
1361770 1422.8
1361780 1426.9
1361790 1433.4
1361800 1433.4
1361810 1443.1
1361820 1447.1
1361830 1447.1
1361840 1449.1
1361850 1450.6
1361860 1450.6
1361870 1445.6
1361880 1438.8
1361890 1431.5
1361900 1431.5
1361910 1429.9
1361920 1426.1
1361930 1426.1
1361940 1426.8
1361950 1426.7
1361960 1426.7
1361970 1425.7
1361980 1429.4
1361990 1429.4
1362000 1438.1
1362010 1446.1
1362020 1446.1
1362030 1451.3
1362040 1455.1
1362050 1455.1
1362060 1456.9
1362070 1456.0
1362080 1456.0
1362090 1451.2
1362100 1454.5
1362110 1454.5
1362120 1461.7
1362130 1469.8
1362140 1469.8
1362150 1478.5
1362160 1483.6
1362170 1483.6
1362180 1486.5
1362190 1490.1
1362200 1493.4
1362210 1493.4
1362220 1494.7
1362230 1497.3
1362240 1497.3
1362250 1500.8
1362260 1504.6
1362270 1504.6
1362280 1509.6
1362290 1517.2
1362300 1517.2
1362310 1523.5
1362320 1524.9
1362330 1524.9
1362340 1528.1
1362350 1532.7
1362360 1532.7
1362370 1541.5
1362380 1548.9
1362390 1548.9
1362400 1554.1
1362410 1558.5
1362420 1558.5
1362430 1564.8
1362440 1572.0
1362450 1572.0
1362460 1574.6
1362470 1572.1
1362480 1572.1
1362490 1568.4
1362500 1565.2
1362510 1565.2
1362520 1565.3
1362530 1566.7
1362540 1569.5
1362550 1569.5
1362560 1568.9
1362570 1567.7
1362580 1567.7
1362590 1572.6
1362600 1576.5
1362610 1576.5
1362620 1579.1
1362630 1581.0
1362640 1581.0
1362650 1582.9
1362660 1584.0
1362670 1584.0
1362680 1583.8
1362690 1583.3
1362700 1583.3
1362710 1583.1
1362720 1582.8
1362730 1582.8
1362740 1582.0
1362750 1581.2
1362760 1581.2
1362770 1580.6
1362780 1581.4
1362790 1581.4
1362800 1586.5
1362810 1589.1
1362820 1589.1
1362830 1591.3
1362840 1592.0
1362850 1592.0
1362860 1591.6
1362870 1590.7
1362880 1589.7
1362890 1589.7
1362900 1588.8
1362910 1587.0
1362920 1587.0
1362930 1584.7
1362940 1583.6
1362950 1583.6
1362960 1582.8
1362970 1582.7
1362980 1582.7
1362990 1582.4
1363000 1582.7
1363010 1582.7
1363020 1584.1
1363030 1585.0
1363040 1585.0
1363050 1585.5
1363060 1585.8
1363070 1585.8
1363080 1586.1
1363090 1587.6
1363100 1587.6
1363110 1589.6
1363120 1591.0
1363130 1591.0
1363140 1592.1
1363150 1592.8
1363160 1592.8
1363170 1593.5
1363180 1594.8
1363190 1595.3
1363200 1595.3
1363210 1596.1
1363220 1596.5
1363230 1596.5
1363240 1596.7
1363250 1596.4
1363260 1596.4
1363270 1596.3
1363280 1594.9
1363290 1594.9
1363300 1597.9
1363310 1600.6
1363320 1600.6
1363330 1603.1
1363340 1606.0
1363350 1606.0
1363360 1608.3
1363370 1609.9
1363380 1609.9
1363390 1611.0
1363400 1611.9
1363410 1611.9
1363420 1612.4
1363430 1613.3
1363440 1613.3
1363450 1615.0
1363460 1616.7
1363470 1616.7
1363480 1620.1
1363490 1621.8
1363500 1621.8
1363510 1621.2
1363520 1621.6
1363530 1623.3
1363540 1623.3
1363550 1626.4
1363560 1628.8
1363570 1628.8
1363580 1632.5
1363590 1636.6
1363600 1636.6
1363610 1640.3
1363620 1638.6
1363630 1638.6
1363640 1637.3
1363650 1637.3
1363660 1637.3
1363670 1637.3
1363680 1637.3
1363690 1637.3
1363700 1637.4
1363710 1639.8
1363720 1639.8
1363730 1639.8
1363740 1639.0
1363750 1639.0
1363760 1639.0
1363770 1639.5
1363780 1639.5
1363790 1640.7
1363800 1640.6
1363810 1640.6
1363820 1642.8
1363830 1645.7
1363840 1645.7
1363850 1642.8
1363860 1639.9
1363870 1638.9
1363880 1638.9
1363890 1639.1
1363900 1638.8
1363910 1638.8
1363920 1638.8
1363930 1639.7
1363940 1639.7
1363950 1640.1
1363960 1639.8
1363970 1639.8
1363980 1638.2
1363990 1636.2
1364000 1636.2
1364010 1635.2
1364020 1634.4
1364030 1634.4
1364040 1633.2
1364050 1631.6
1364060 1631.6
1364070 1629.2
1364080 1625.6
1364090 1625.6
1364100 1621.8
1364110 1618.2
1364120 1618.2
1364130 1614.8
1364140 1611.6
1364150 1611.6
1364160 1608.8
1364170 1606.5
1364180 1603.7
1364190 1603.7
1364200 1601.5
1364210 1599.4
1364220 1599.4
1364230 1596.7
1364240 1593.7
1364250 1593.7
1364260 1590.7
1364270 1587.8
1364280 1587.8
1364290 1584.7
1364300 1581.7
1364310 1581.7
1364320 1579.2
1364330 1576.7
1364340 1576.7
1364350 1574.5
1364360 1572.2
1364370 1572.2
1364380 1570.2
1364390 1567.7
1364400 1567.7
1364410 1563.9
1364420 1560.2
1364430 1560.2
1364440 1557.6
1364450 1555.9
1364460 1555.9
1364470 1554.4
1364480 1552.9
1364490 1552.9
1364500 1551.5
1364510 1549.5
1364520 1546.0
1364530 1546.0
1364540 1541.4
1364550 1536.2
1364560 1536.2
1364570 1532.1
1364580 1528.9
1364590 1528.9
1364600 1526.5
1364610 1523.8
1364620 1523.8
1364630 1520.1
1364640 1516.2
1364650 1516.2
1364660 1512.8
1364670 1509.2
1364680 1509.2
1364690 1506.1
1364700 1501.9
1364710 1501.9
1364720 1497.4
1364730 1493.5
1364740 1493.5
1364750 1489.3
1364760 1486.0
1364770 1486.0
1364780 1482.6
1364790 1478.7
1364800 1478.7
1364810 1474.7
1364820 1469.5
1364830 1469.5
1364840 1462.9
1364850 1461.4
1364860 1460.4
1364870 1460.4
1364880 1456.7
1364890 1455.4
1364900 1455.4
1364910 1454.6
1364920 1448.2
1364930 1448.2
1364940 1446.3
1364950 1444.2
1364960 1444.2
1364970 1441.9
1364980 1439.3
1364990 1439.3
1365000 1436.4
1365010 1432.8
1365020 1432.8
1365030 1428.3
1365040 1423.3
1365050 1423.3
1365060 1418.5
1365070 1414.2
1365080 1414.2
1365090 1411.4
1365100 1408.0
1365110 1408.0
1365120 1402.0
1365130 1396.0
1365140 1396.0
1365150 1389.8
1365160 1384.2
1365170 1379.6
1365180 1379.6
1365190 1376.8
1365200 1374.1
1365210 1374.1
1365220 1370.1
1365230 1364.4
1365240 1364.4
1365250 1358.7
1365260 1353.0
1365270 1353.0
1365280 1348.6
1365290 1343.3
1365300 1343.3
1365310 1340.3
1365320 1338.1
1365330 1338.1
1365340 1331.1
1365350 1324.1
1365360 1324.1
1365370 1317.7
1365380 1317.4
1365390 1317.4
1365400 1319.5
1365410 1324.3
1365420 1324.3
1365430 1326.7
1365440 1331.2
1365450 1331.2
1365460 1334.8
1365470 1334.7
1365480 1334.7
1365490 1334.5
1365500 1331.0
1365510 1332.7
1365520 1332.7
1365530 1334.3
1365540 1333.9
1365550 1333.9
1365560 1337.7
1365570 1341.5
1365580 1341.5
1365590 1340.9
1365600 1338.3
1365610 1338.3
1365620 1335.7
1365630 1334.4
1365640 1334.4
1365650 1333.7
1365660 1332.0
1365670 1332.0
1365680 1329.9
1365690 1328.0
1365700 1328.0
1365710 1322.5
1365720 1315.1
1365730 1315.1
1365740 1311.4
1365750 1316.3
1365760 1316.3
1365770 1319.6
1365780 1314.2
1365790 1314.2
1365800 1311.5
1365810 1317.6
1365820 1319.8
1365830 1319.8
1365840 1317.9
1365850 1319.7
1365860 1319.7
1365870 1321.3
1365880 1316.4
1365890 1316.4
1365900 1309.4
1365910 1303.9
1365920 1303.9
1365930 1308.5
1365940 1315.3
1365950 1315.3
1365960 1321.9
1365970 1328.9
1365980 1328.9
1365990 1333.8
1366000 1338.7
1366010 1338.7
1366020 1340.8
1366030 1342.6
1366040 1342.6
1366050 1344.0
1366060 1345.5
1366070 1345.5
1366080 1346.9
1366090 1347.9
1366100 1347.9
1366110 1348.5
1366120 1350.7
1366130 1350.7
1366140 1353.0
1366150 1356.1
1366160 1357.3
1366170 1357.3
1366180 1358.6
1366190 1360.0
1366200 1360.0
1366210 1361.1
1366220 1361.0
1366230 1361.0
1366240 1359.9
1366250 1358.7
1366260 1358.7
1366270 1357.7
1366280 1356.4
1366290 1356.4
1366300 1354.8
1366310 1352.3
1366320 1352.3
1366330 1348.5
1366340 1345.3
1366350 1345.3
1366360 1341.8
1366370 1338.5
1366380 1338.5
1366390 1334.2
1366400 1329.9
1366410 1329.9
1366420 1327.4
1366430 1330.0
1366440 1330.0
1366450 1335.7
1366460 1342.9
1366470 1342.9
1366480 1347.0
1366490 1349.4
1366500 1350.0
1366510 1350.0
1366520 1350.0
1366530 1349.8
1366540 1349.8
1366550 1349.4
1366560 1348.7
1366570 1348.7
1366580 1347.4
1366590 1346.7
1366600 1346.7
1366610 1346.5
1366620 1346.6
1366630 1346.6
1366640 1343.7
1366650 1335.7
1366660 1335.7
1366670 1337.0
1366680 1340.7
1366690 1340.7
1366700 1345.6
1366710 1348.5
1366720 1348.5
1366730 1348.5
1366740 1348.5
1366750 1348.5
1366760 1348.2
1366770 1347.7
1366780 1347.7
1366790 1346.7
1366800 1345.3
1366810 1342.9
1366820 1342.9
1366830 1340.3
1366840 1337.8
1366850 1337.8
1366860 1335.1
1366870 1331.2
1366880 1331.2
1366890 1327.5
1366900 1323.9
1366910 1323.9
1366920 1320.9
1366930 1317.3
1366940 1317.3
1366950 1312.3
1366960 1306.8
1366970 1306.8
1366980 1300.4
1366990 1293.3
1367000 1293.3
1367010 1285.7
1367020 1279.5
1367030 1279.5
1367040 1275.7
1367050 1277.3
1367060 1277.3
1367070 1277.9
1367080 1284.1
1367090 1284.1
1367100 1281.8
1367110 1278.1
1367120 1278.1
1367130 1273.7
1367140 1269.9
1367150 1265.8
1367160 1265.8
1367170 1259.9
1367180 1253.6
1367190 1253.6
1367200 1247.1
1367210 1240.4
1367220 1240.4
1367230 1233.8
1367240 1225.9
1367250 1225.9
1367260 1216.6
1367270 1208.7
1367280 1208.7
1367290 1211.2
1367300 1214.1
1367310 1214.1
1367320 1217.3
1367330 1222.1
1367340 1222.1
1367350 1225.4
1367360 1228.7
1367370 1228.7
1367380 1232.6
1367390 1236.4
1367400 1236.4
1367410 1239.4
1367420 1240.8
1367430 1240.8
1367440 1241.6
1367450 1242.4
1367460 1242.4
1367470 1243.8
1367480 1244.9
1367490 1246.1
1367500 1246.1
1367510 1246.6
1367520 1246.2
1367530 1246.2
1367540 1245.3
1367550 1243.8
1367560 1243.8
1367570 1241.4
1367580 1238.4
1367590 1238.4
1367600 1235.8
1367610 1234.2
1367620 1234.2
1367630 1234.1
1367640 1234.4
1367650 1234.4
1367660 1236.1
1367670 1237.6
1367680 1237.6
1367690 1240.0
1367700 1240.3
1367710 1240.3
1367720 1240.8
1367730 1242.2
1367740 1242.2
1367750 1241.8
1367760 1240.7
1367770 1240.7
1367780 1240.4
1367790 1242.3
1367800 1244.3
1367810 1244.3
1367820 1245.3
1367830 1244.6
1367840 1244.6
1367850 1244.5
1367860 1244.1
1367870 1244.1
1367880 1244.3
1367890 1246.0
1367900 1246.0
1367910 1248.0
1367920 1248.8
1367930 1248.8
1367940 1250.0
1367950 1250.5
1367960 1250.5
1367970 1251.2
1367980 1251.2
1367990 1251.2
1368000 1252.3
1368010 1253.5
1368020 1253.5
1368030 1254.5
1368040 1255.4
1368050 1255.4
1368060 1256.4
1368070 1258.0
1368080 1258.0
1368090 1259.7
1368100 1261.0
1368110 1261.0
1368120 1262.6
1368130 1264.0
1368140 1265.2
1368150 1265.2
1368160 1267.1
1368170 1268.9
1368180 1272.7
1368190 1273.9
1368200 1274.7
1368210 1274.7
1368220 1274.6
1368230 1273.0
1368240 1273.0
1368250 1270.7
1368260 1268.5
1368270 1268.5
1368280 1266.2
1368290 1264.1
1368300 1264.1
1368310 1262.2
1368320 1260.4
1368330 1260.4
1368340 1257.9
1368350 1254.3
1368360 1254.3
1368370 1250.0
1368380 1245.1
1368390 1245.1
1368400 1238.2
1368410 1229.8
1368420 1229.8
1368430 1221.6
1368440 1213.7
1368450 1207.0
1368460 1207.0
1368470 1201.8
1368480 1197.3
1368490 1197.3
1368500 1193.0
1368510 1189.6
1368520 1189.6
1368530 1185.1
1368540 1178.4
1368550 1178.4
1368560 1169.5
1368570 1160.8
1368580 1160.8
1368590 1155.5
1368600 1158.2
1368610 1158.2
1368620 1162.8
1368630 1167.8
1368640 1167.8
1368650 1172.9
1368660 1176.3
1368670 1176.3
1368680 1177.9
1368690 1183.2
1368700 1183.2
1368710 1187.9
1368720 1191.6
1368730 1191.6
1368740 1193.2
1368750 1197.8
1368760 1197.8
1368770 1201.6
1368780 1205.4
1368790 1206.6
1368800 1206.6
1368810 1206.4
1368820 1205.4
1368830 1205.4
1368840 1203.7
1368850 1200.5
1368860 1200.5
1368870 1196.4
1368880 1192.4
1368890 1192.4
1368900 1188.7
1368910 1185.2
1368920 1185.2
1368930 1180.4
1368940 1176.6
1368950 1176.6
1368960 1174.5
1368970 1172.5
1368980 1172.5
1368990 1165.9
1369000 1157.6
1369010 1157.6
1369020 1148.7
1369030 1145.4
1369040 1145.4
1369050 1154.1
1369060 1164.8
1369070 1164.8
1369080 1171.2
1369090 1177.1
1369100 1177.1
1369110 1182.2
1369120 1186.7
1369130 1192.1
1369140 1192.1
1369150 1199.2
1369160 1203.2
1369170 1203.2
1369180 1205.9
1369190 1208.4
1369200 1208.4
1369210 1212.5
1369220 1216.1
1369230 1216.1
1369240 1218.1
1369250 1223.2
1369260 1223.2
1369270 1229.9
1369280 1238.0
1369290 1238.0
1369300 1243.1
1369310 1248.7
1369320 1248.7
1369330 1254.6
1369340 1260.1
1369350 1260.1
1369360 1265.5
1369370 1270.7
1369380 1270.7
1369390 1276.3
1369400 1281.4
1369410 1281.4
1369420 1286.4
1369430 1291.6
1369440 1296.2
1369450 1296.2
1369460 1300.4
1369470 1304.6
1369480 1304.6
1369490 1308.7
1369500 1312.8
1369510 1312.8
1369520 1316.3
1369530 1319.3
1369540 1319.3
1369550 1322.0
1369560 1324.8
1369570 1324.8
1369580 1327.4
1369590 1329.7
1369600 1329.7
1369610 1331.6
1369620 1332.7
1369630 1332.7
1369640 1332.9
1369650 1331.9
1369660 1331.9
1369670 1330.2
1369680 1327.7
1369690 1327.7
1369700 1324.5
1369710 1321.3
1369720 1321.3
1369730 1318.2
1369740 1315.6
1369750 1315.6
1369760 1312.7
1369770 1309.3
1369780 1306.1
1369790 1306.1
1369800 1303.9
1369810 1301.0
1369820 1301.0
1369830 1297.6
1369840 1294.5
1369850 1294.5
1369860 1291.4
1369870 1287.4
1369880 1287.4
1369890 1283.7
1369900 1280.0
1369910 1280.0
1369920 1276.2
1369930 1272.1
1369940 1272.1
1369950 1267.0
1369960 1259.8
1369970 1259.8
1369980 1252.9
1369990 1255.1
1370000 1255.1
1370010 1261.9
1370020 1264.3
1370030 1264.3
1370040 1257.6
1370050 1249.5
1370060 1249.5
1370070 1243.4
1370080 1248.2
1370090 1248.2
1370100 1254.1
1370110 1263.5
1370120 1273.9
1370130 1273.9
1370140 1282.2
1370150 1288.7
1370160 1288.7
1370170 1294.2
1370180 1299.3
1370190 1299.3
1370200 1303.9
1370210 1308.3
1370220 1308.3
1370230 1312.5
1370240 1315.7
1370250 1315.7
1370260 1317.6
1370270 1320.4
1370280 1320.4
1370290 1323.0
1370300 1326.0
1370310 1326.0
1370320 1328.9
1370330 1332.2
1370340 1332.2
1370350 1336.2
1370360 1339.6
1370370 1339.6
1370380 1342.9
1370390 1348.9
1370400 1348.9
1370410 1351.4
1370420 1353.4
1370430 1354.7
1370440 1354.7
1370450 1355.5
1370460 1355.6
1370470 1355.6
1370480 1354.7
1370490 1353.4
1370500 1353.4
1370510 1351.7
1370520 1350.0
1370530 1350.0
1370540 1346.8
1370550 1342.1
1370560 1342.1
1370570 1338.2
1370580 1335.3
1370590 1335.3
1370600 1330.8
1370610 1327.2
1370620 1327.2
1370630 1323.0
1370640 1318.7
1370650 1318.7
1370660 1314.3
1370670 1309.8
1370680 1309.8
1370690 1306.9
1370700 1305.0
1370710 1305.0
1370720 1303.2
1370730 1301.0
1370740 1301.0
1370750 1297.8
1370760 1295.0
1370770 1292.1
1370780 1292.1
1370790 1290.3
1370800 1287.9
1370810 1287.9
1370820 1285.2
1370830 1283.1
1370840 1283.1
1370850 1281.9
1370860 1280.6
1370870 1280.6
1370880 1278.7
1370890 1276.5
1370900 1276.5
1370910 1274.5
1370920 1272.8
1370930 1272.8
1370940 1270.1
1370950 1267.4
1370960 1267.4
1370970 1264.9
1370980 1262.2
1370990 1262.2
1371000 1260.9
1371010 1257.9
1371020 1257.9
1371030 1254.4
1371040 1255.0
1371050 1255.0
1371060 1253.7
1371070 1253.0
1371080 1253.0
1371090 1251.6
1371100 1249.6
1371110 1247.3
1371120 1247.3
1371130 1245.6
1371140 1244.4
1371150 1244.4
1371160 1243.0
1371170 1241.7
1371180 1241.7
1371190 1241.8
1371200 1242.1
1371210 1242.1
1371220 1242.5
1371230 1243.1
1371240 1243.1
1371250 1243.7
1371260 1243.6
1371270 1243.6
1371280 1242.9
1371290 1242.0
1371300 1242.0
1371310 1240.9
1371320 1240.1
1371330 1240.1
1371340 1239.6
1371350 1239.2
1371360 1239.2
1371370 1238.7
1371380 1238.0
1371390 1238.0
1371400 1237.2
1371410 1236.2
1371420 1234.3
1371430 1234.3
1371440 1231.5
1371450 1229.6
1371460 1229.6
1371470 1227.7
1371480 1225.8
1371490 1225.8
1371500 1224.3
1371510 1222.4
1371520 1221.3
1371530 1219.0
1371540 1217.9
1371550 1217.9
1371560 1214.5
1371570 1210.0
1371580 1210.0
1371590 1206.4
1371600 1203.5
1371610 1203.5
1371620 1200.0
1371630 1195.8
1371640 1195.8
1371650 1191.3
1371660 1187.0
1371670 1187.0
1371680 1182.4
1371690 1177.3
1371700 1177.3
1371710 1170.6
1371720 1163.5
1371730 1163.5
1371740 1158.2
1371750 1153.6
1371760 1149.3
1371770 1149.3
1371780 1145.8
1371790 1142.6
1371800 1142.6
1371810 1137.0
1371820 1130.0
1371830 1130.0
1371840 1122.7
1371850 1116.8
1371860 1116.8
1371870 1111.1
1371880 1105.5
1371890 1105.5
1371900 1099.0
1371910 1093.3
1371920 1093.3
1371930 1087.5
1371940 1080.9
1371950 1080.9
1371960 1075.2
1371970 1069.6
1371980 1069.6
1371990 1064.2
1372000 1058.1
1372010 1058.1
1372020 1052.1
1372030 1046.2
1372040 1046.2
1372050 1041.9
1372060 1035.8
1372070 1035.8
1372080 1029.2
1372090 1024.0
1372100 1020.2
1372110 1020.2
1372120 1016.6
1372130 1012.1
1372140 1012.1
1372150 1007.5
1372160 1004.0
1372170 1004.0
1372180 1000.4
1372190 995.7
1372200 995.7
1372210 989.9
1372220 983.9
1372230 983.9
1372240 978.7
1372250 973.2
1372260 973.2
1372270 967.5
1372280 964.1
1372290 964.1
1372300 960.0
1372310 953.8
1372320 953.8
1372330 946.3
1372340 942.0
1372350 942.0
1372360 939.8
1372370 938.8
1372380 938.8
1372390 935.4
1372400 932.4
1372410 928.6
1372420 928.6
1372430 924.6
1372440 920.5
1372450 920.5
1372460 916.2
1372470 912.4
1372480 912.4
1372490 907.7
1372500 901.3
1372510 901.3
1372520 893.0
1372530 885.7
1372540 885.7
1372550 881.9
1372560 881.4
1372570 881.4
1372580 882.2
1372590 879.2
1372600 879.2
1372610 873.7
1372620 867.9
1372630 867.9
1372640 862.4
1372650 859.2
1372660 865.5
1372670 859.0
1372680 852.7
1372690 852.7
1372700 848.5
1372710 846.1
1372720 846.1
1372730 842.7
1372740 839.9
1372750 837.0
1372760 837.0
1372770 834.9
1372780 832.9
1372790 832.9
1372800 831.0
1372810 829.1
1372820 829.1
1372830 827.3
1372840 825.3
1372850 825.3
1372860 823.4
1372870 821.3
1372880 821.3
1372890 819.2
1372900 817.6
1372910 817.6
1372920 815.9
1372930 814.0
1372940 814.0
1372950 811.8
1372960 809.7
1372970 809.7
1372980 807.8
1372990 805.8
1373000 805.8
1373010 804.1
1373020 802.3
1373030 802.3
1373040 800.5
1373050 798.8
1373060 797.2
1373070 797.2
1373080 795.6
1373090 794.2
1373100 794.2
1373110 792.9
1373120 791.7
1373130 791.7
1373140 790.5
1373150 788.4
1373160 788.4
1373170 785.7
1373180 786.5
1373190 786.5
1373200 790.1
1373210 793.8
1373220 793.8
1373230 796.0
1373240 797.6
1373250 797.6
1373260 799.0
1373270 800.3
1373280 800.3
1373290 800.5
1373300 800.3
1373310 800.3
1373320 800.1
1373330 799.6
1373340 799.6
1373350 797.5
1373360 796.7
1373370 796.7
1373380 796.0
1373390 796.1
1373400 793.3
1373410 793.3
1373420 789.2
1373430 787.2
1373440 787.2
1373450 784.9
1373460 782.6
1373470 782.6
1373480 780.8
1373490 777.3
1373500 777.3
1373510 773.9
1373520 772.0
1373530 772.0
1373540 769.7
1373550 766.8
1373560 766.8
1373570 765.4
1373580 765.1
1373590 765.1
1373600 764.9
1373610 764.1
1373620 764.1
1373630 763.1
1373640 763.0
1373650 763.0
1373660 762.6
1373670 762.0
1373680 762.0
1373690 761.3
1373700 760.9
1373710 760.9
1373720 760.6
1373730 759.8
1373740 758.7
1373750 758.7
1373760 758.2
1373770 757.7
1373780 757.7
1373790 757.3
1373800 756.9
1373810 756.9
1373820 756.5
1373830 756.1
1373840 756.1
1373850 755.8
1373860 755.5
1373870 755.5
1373880 755.0
1373890 754.7
1373900 754.7
1373910 754.6
1373920 754.5
1373930 754.5
1373940 754.5
1373950 754.2
1373960 754.2
1373970 753.9
1373980 753.9
1373990 753.9
1374000 753.1
1374010 752.8
1374020 752.8
1374030 752.4
1374040 752.0
1374050 751.8
1374060 751.8
1374070 751.6
1374080 751.0
1374090 751.0
1374100 750.5
1374110 749.6
1374120 749.6
1374130 750.3
1374140 750.0
1374150 750.0
1374160 749.0
1374170 748.7
1374180 748.7
1374190 749.5
1374200 749.5
1374210 749.5
1374220 748.8
1374230 748.8
1374240 748.8
1374250 749.0
1374260 748.6
1374270 748.6
1374280 748.5
1374290 748.1
1374300 748.1
1374310 747.5
1374320 747.4
1374330 747.4
1374340 747.4
1374350 747.5
1374360 747.5
1374370 747.4
1374380 747.3
1374390 747.3
1374400 747.3
1374410 746.4
1374420 744.4
1374430 744.4
1374440 746.4
1374450 747.5
1374460 747.5
1374470 747.6
1374480 747.9
1374490 747.9
1374500 749.9
1374510 754.0
1374520 754.0
1374530 758.8
1374540 764.1
1374550 764.1
1374560 770.1
1374570 776.5
1374580 776.5
1374590 783.4
1374600 789.6
1374610 789.6
1374620 796.1
1374630 801.9
1374640 801.9
1374650 803.6
1374660 805.1
1374670 805.1
1374680 806.2
1374690 807.0
1374700 807.0
1374710 807.6
1374720 808.5
1374730 809.8
1374740 809.8
1374750 811.2
1374760 812.5
1374770 812.5
1374780 814.0
1374790 815.7
1374800 815.7
1374810 817.1
1374820 817.7
1374830 817.7
1374840 817.6
1374850 817.0
1374860 817.0
1374870 815.9
1374880 814.4
1374890 814.4
1374900 813.0
1374910 811.8
1374920 811.8
1374930 810.9
1374940 810.4
1374950 810.4
1374960 809.8
1374970 809.6
1374980 809.6
1374990 808.6
1375000 807.6
1375010 807.6
1375020 807.3
1375030 807.5
1375040 808.6
1375050 808.6
1375060 809.6
1375070 810.3
1375080 810.3
1375090 811.1
1375100 812.1
1375110 812.1
1375120 813.4
1375130 814.8
1375140 814.8
1375150 816.2
1375160 817.9
1375170 817.9
1375180 819.3
1375190 821.0
1375200 821.0
1375210 822.8
1375220 824.9
1375230 824.9
1375240 827.9
1375250 831.4
1375260 831.4
1375270 835.1
1375280 838.9
1375290 838.9
1375300 841.9
1375310 844.6
1375320 844.6
1375330 848.2
1375340 851.7
1375350 851.7
1375360 854.1
1375370 854.6
1375380 855.0
1375390 855.0
1375400 856.0
1375410 858.6
1375420 858.6
1375430 860.5
1375440 860.8
1375450 860.8
1375460 860.8
1375470 861.0
1375480 861.0
1375490 861.4
1375500 862.2
1375510 862.2
1375520 862.2
1375530 861.3
1375540 861.3
1375550 859.6
1375560 856.8
1375570 856.8
1375580 854.3
1375590 853.3
1375600 853.3
1375610 852.3
1375620 849.6
1375630 849.6
1375640 846.9
1375650 844.8
1375660 844.8
1375670 843.0
1375680 841.0
1375690 839.3
1375700 839.3
1375710 838.7
1375720 838.1
1375730 838.1
1375740 837.1
1375750 834.7
1375760 834.7
1375770 833.0
1375780 832.0
1375790 832.0
1375800 829.9
1375810 827.3
1375820 827.3
1375830 824.2
1375840 821.1
1375850 821.1
1375860 818.7
1375870 817.4
1375880 817.4
1375890 816.0
1375900 813.8
1375910 813.8
1375920 810.1
1375930 806.1
1375940 806.1
1375950 802.5
1375960 799.5
1375970 799.5
1375980 796.5
1375990 793.7
1376000 793.7
1376010 792.2
1376020 792.1
1376030 792.0
1376040 792.0
1376050 792.4
1376060 792.5
1376070 792.5
1376080 793.2
1376090 793.7
1376100 793.7
1376110 793.3
1376120 792.6
1376130 792.6
1376140 792.0
1376150 794.4
1376160 794.4
1376170 793.8
1376180 793.3
1376190 793.3
1376200 793.0
1376210 793.0
1376220 793.0
1376230 793.0
1376240 793.0
1376250 793.0
1376260 793.6
1376270 794.0
1376280 794.0
1376290 794.0
1376300 794.0
1376310 794.0
1376320 793.9
1376330 793.9
1376340 793.9
1376350 793.8
1376360 793.3
1376370 792.6
1376380 792.6
1376390 792.2
1376400 792.4
1376410 792.4
1376420 792.1
1376430 790.9
1376440 790.9
1376450 788.7
1376460 785.7
1376470 785.7
1376480 781.9
1376490 778.2
1376500 778.2
1376510 774.2
1376520 769.8
1376530 769.8
1376540 765.4
1376550 761.3
1376560 761.3
1376570 758.0
1376580 755.5
1376590 755.5
1376600 753.5
1376610 751.6
1376620 751.6
1376630 749.0
1376640 746.1
1376650 746.1
1376660 746.0
1376670 745.7
1376680 745.3
1376690 745.3
1376700 745.0
1376710 744.6
1376720 744.6
1376730 744.4
1376740 744.2
1376750 744.2
1376760 744.2
1376770 744.0
1376780 744.0
1376790 743.7
1376800 743.5
1376810 743.5
1376820 743.4
1376830 743.2
1376840 743.2
1376850 742.9
1376860 742.7
1376870 742.7
1376880 742.4
1376890 742.2
1376900 742.2
1376910 742.0
1376920 741.8
1376930 741.8
1376940 741.5
1376950 741.2
1376960 741.2
1376970 741.4
1376980 741.5
1376990 741.5
1377000 741.5
1377010 741.6
1377020 741.8
1377030 741.8
1377040 742.2
1377050 742.8
1377060 742.8
1377070 743.9
1377080 744.7
1377090 744.7
1377100 745.3
1377110 745.9
1377120 745.9
1377130 746.5
1377140 747.0
1377150 747.0
1377160 747.5
1377170 747.5
1377180 747.5
1377190 747.3
1377200 747.1
1377210 747.1
1377220 746.5
1377230 745.2
1377240 745.2
1377250 740.2
1377260 734.3
1377270 734.3
1377280 730.1
1377290 733.3
1377300 733.3
1377310 736.5
1377320 738.2
1377330 741.4
1377340 744.6
1377350 747.0
1377360 748.1
1377370 748.1
1377380 749.0
1377390 749.9
1377400 749.9
1377410 751.0
1377420 752.2
1377430 752.2
1377440 754.0
1377450 755.3
1377460 755.3
1377470 756.6
1377480 757.7
1377490 757.7
1377500 758.6
1377510 759.7
1377520 759.7
1377530 760.4
1377540 760.8
1377550 760.8
1377560 761.2
1377570 761.9
1377580 761.9
1377590 762.4
1377600 763.2
1377610 763.2
1377620 763.7
1377630 763.7
1377640 763.7
1377650 763.8
1377660 764.3
1377670 764.7
1377680 764.7
1377690 765.2
1377700 765.8
1377710 765.8
1377720 766.3
1377730 766.7
1377740 766.7
1377750 767.0
1377760 767.6
1377770 767.6
1377780 768.2
1377790 768.8
1377800 768.8
1377810 769.3
1377820 770.1
1377830 770.1
1377840 771.5
1377850 773.3
1377860 773.3
1377870 774.9
1377880 775.7
1377890 775.7
1377900 775.3
1377910 773.9
1377920 773.9
1377930 772.7
1377940 771.9
1377950 771.9
1377960 770.8
1377970 769.3
1377980 769.3
1377990 765.9
1378000 759.7
1378010 758.5
1378020 758.5
1378030 755.3
1378040 752.1
1378050 752.1
1378060 747.2
1378070 742.1
1378080 742.1
1378090 737.9
1378100 734.1
1378110 734.1
1378120 730.7
1378130 727.6
1378140 727.6
1378150 724.5
1378160 721.1
1378170 721.1
1378180 716.5
1378190 711.8
1378200 711.8
1378210 709.2
1378220 708.5
1378230 708.5
1378240 708.1
1378250 708.1
1378260 708.1
1378270 708.1
1378280 706.9
1378290 706.9
1378300 706.4
1378310 706.1
1378320 705.8
1378330 705.8
1378340 705.8
1378350 705.9
1378360 705.9
1378370 706.0
1378380 706.3
1378390 706.3
1378400 706.6
1378410 705.6
1378420 705.6
1378430 704.8
1378440 704.7
1378450 704.7
1378460 704.6
1378470 703.1
1378480 703.1
1378490 703.8
1378500 705.4
1378510 705.4
1378520 705.6
1378530 705.6
1378540 705.6
1378550 705.5
1378560 705.5
1378570 705.5
1378580 706.3
1378590 706.8
1378600 706.8
1378610 706.3
1378620 706.4
1378630 706.4
1378640 706.3
1378650 706.1
1378660 706.0
1378670 706.0
1378680 706.0
1378690 706.1
1378700 706.1
1378710 706.8
1378720 709.7
1378730 709.7
1378740 715.2
1378750 719.0
1378760 719.0
1378770 719.8
1378780 720.5
1378790 720.5
1378800 721.2
1378810 721.6
1378820 721.6
1378830 721.8
1378840 721.9
1378850 721.9
1378860 721.4
1378870 720.7
1378880 720.7
1378890 720.4
1378900 720.5
1378910 720.5
1378920 720.5
1378930 720.7
1378940 720.7
1378950 720.9
1378960 721.2
1378970 721.2
1378980 721.7
1378990 722.8
1379000 723.4
1379010 723.4
1379020 723.5
1379030 724.0
1379040 724.0
1379050 724.8
1379060 726.0
1379070 726.0
1379080 727.4
1379090 728.8
1379100 728.8
1379110 730.2
1379120 731.7
1379130 731.7
1379140 733.3
1379150 735.5
1379160 735.5
1379170 737.1
1379180 738.8
1379190 738.8
1379200 740.8
1379210 743.3
1379220 743.3
1379230 746.3
1379240 748.8
1379250 748.8
1379260 750.9
1379270 753.7
1379280 753.7
1379290 757.1
1379300 760.2
1379310 762.9
1379320 762.9
1379330 766.8
1379340 769.2
1379350 769.2
1379360 771.1
1379370 773.4
1379380 773.4
1379390 776.0
1379400 778.6
1379410 778.6
1379420 781.1
1379430 783.7
1379440 783.7
1379450 786.6
1379460 789.8
1379470 789.8
1379480 793.1
1379490 797.1
1379500 797.1
1379510 801.7
1379520 806.2
1379530 806.2
1379540 811.5
1379550 818.1
1379560 818.1
1379570 823.1
1379580 827.2
1379590 827.2
1379600 831.3
1379610 835.2
1379620 835.2
1379630 837.5
1379640 839.7
1379650 842.5
1379660 842.5
1379670 845.6
1379680 849.3
1379690 849.3
1379700 853.0
1379710 856.3
1379720 856.3
1379730 860.5
1379740 866.3
1379750 866.3
1379760 872.2
1379770 877.2
1379780 877.2
1379790 881.7
1379800 885.9
1379810 885.9
1379820 890.0
1379830 895.0
1379840 895.0
1379850 898.9
1379860 902.1
1379870 902.1
1379880 905.4
1379890 908.4
1379900 908.4
1379910 911.3
1379920 914.7
1379930 914.7
1379940 918.9
1379950 923.9
1379960 923.9
1379970 926.1
1379980 926.6
1379990 926.9
