1360000 1244.7
1360010 1246.8
1360020 1248.9
1360030 1248.9
1360040 1248.9
1360050 1248.0
1360060 1246.5
1360070 1246.5
1360080 1243.5
1360090 1239.4
1360100 1239.4
1360110 1234.6
1360120 1229.2
1360130 1229.2
1360140 1224.1
1360150 1218.5
1360160 1218.5
1360170 1212.2
1360180 1204.3
1360190 1204.3
1360200 1200.4
1360210 1201.5
1360220 1201.5
1360230 1202.7
1360240 1201.7
1360250 1201.7
1360260 1201.9
1360270 1202.5
1360280 1202.5
1360290 1205.4
1360300 1208.2
1360310 1208.2
1360320 1208.2
1360330 1204.8
1360340 1204.8
1360350 1208.4
1360360 1213.8
1360370 1218.3
1360380 1218.3
1360390 1220.7
1360400 1221.9
1360410 1221.9
1360420 1220.8
1360430 1222.6
1360440 1222.6
1360450 1224.6
1360460 1226.5
1360470 1226.5
1360480 1231.3
1360490 1234.9
1360500 1234.9
1360510 1237.1
1360520 1237.4
1360530 1237.4
1360540 1234.8
1360550 1230.0
1360560 1230.0
1360570 1234.1
1360580 1232.6
1360590 1232.6
1360600 1228.3
1360610 1226.3
1360620 1226.3
1360630 1225.7
1360640 1226.9
1360650 1226.9
1360660 1225.6
1360670 1221.2
1360680 1221.2
1360690 1217.7
1360700 1219.3
1360710 1218.1
1360720 1218.1
1360730 1216.8
1360740 1211.8
1360750 1211.8
1360760 1209.2
1360770 1212.0
1360780 1212.0
1360790 1218.1
1360800 1223.6
1360810 1223.6
1360820 1228.9
1360830 1233.2
1360840 1233.2
1360850 1236.3
1360860 1239.7
1360870 1239.7
1360880 1244.2
1360890 1248.8
1360900 1248.8
1360910 1252.8
1360920 1257.0
1360930 1257.0
1360940 1260.2
1360950 1263.5
1360960 1263.5
1360970 1268.1
1360980 1272.7
1360990 1272.7
1361000 1276.1
1361010 1280.3
1361020 1280.3
1361030 1284.6
1361040 1289.2
1361050 1294.4
1361060 1294.4
1361070 1299.4
1361080 1303.3
1361090 1303.3
1361100 1307.1
1361110 1310.4
1361120 1310.4
1361130 1313.5
1361140 1317.0
1361150 1317.0
1361160 1320.1
1361170 1322.2
1361180 1322.2
1361190 1324.7
1361200 1329.0
1361210 1329.0
1361220 1334.2
1361230 1340.1
1361240 1340.1
1361250 1345.9
1361260 1352.1
1361270 1352.1
1361280 1358.2
1361290 1364.1
1361300 1364.1
1361310 1369.6
1361320 1374.7
1361330 1374.7
1361340 1378.7
1361350 1383.2
1361360 1383.2
1361370 1387.5
1361380 1391.6
1361390 1396.1
1361400 1396.1
1361410 1400.6
1361420 1405.0
1361430 1405.0
1361440 1409.9
1361450 1414.7
1361460 1414.7
1361470 1418.9
1361480 1423.1
1361490 1423.1
1361500 1428.1
1361510 1432.9
1361520 1432.9
1361530 1437.8
1361540 1443.0
1361550 1443.0
1361560 1448.5
1361570 1452.7
1361580 1452.7
1361590 1457.1
1361600 1460.7
1361610 1456.7
1361620 1458.6
1361630 1461.3
1361640 1461.3
1361650 1462.8
1361660 1465.5
1361670 1465.5
1361680 1468.8
1361690 1472.2
1361700 1472.2
1361710 1475.7
1361720 1479.9
1361730 1485.3
1361740 1485.3
1361750 1488.3
1361760 1489.9
1361770 1489.9
1361780 1492.3
1361790 1495.6
1361800 1495.6
1361810 1498.9
1361820 1501.5
1361830 1501.5
1361840 1504.5
1361850 1505.1
1361860 1505.1
1361870 1506.5
1361880 1510.5
1361890 1510.5
1361900 1513.3
1361910 1516.8
1361920 1516.8
1361930 1520.9
1361940 1523.9
1361950 1523.9
1361960 1526.7
1361970 1529.6
1361980 1529.6
1361990 1532.4
1362000 1534.2
1362010 1534.2
1362020 1537.3
1362030 1540.2
1362040 1542.4
1362050 1542.4
1362060 1543.7
1362070 1545.0
1362080 1545.0
1362090 1545.5
1362100 1545.6
1362110 1545.6
1362120 1546.0
1362130 1549.6
1362140 1549.6
1362150 1554.2
1362160 1556.3
1362170 1556.3
1362180 1557.5
1362190 1559.0
1362200 1559.0
1362210 1560.5
1362220 1562.1
1362230 1562.1
1362240 1563.7
1362250 1565.1
1362260 1565.1
1362270 1566.4
1362280 1567.5
1362290 1567.5
1362300 1568.2
1362310 1568.6
1362320 1568.6
1362330 1568.8
1362340 1569.0
1362350 1569.0
1362360 1569.7
1362370 1570.4
1362380 1570.8
1362390 1570.8
1362400 1571.0
1362410 1571.1
1362420 1571.1
1362430 1571.0
1362440 1571.0
1362450 1571.0
1362460 1571.3
1362470 1571.9
1362480 1571.9
1362490 1572.7
1362500 1573.4
1362510 1573.4
1362520 1574.2
1362530 1575.4
1362540 1575.4
1362550 1576.5
1362560 1577.3
1362570 1577.3
1362580 1577.3
1362590 1578.4
1362600 1578.4
1362610 1579.8
1362620 1581.1
1362630 1581.1
1362640 1582.6
1362650 1583.8
1362660 1581.7
1362670 1583.1
1362680 1584.5
1362690 1584.5
1362700 1585.5
1362710 1586.9
1362720 1588.0
1362730 1588.0
1362740 1588.7
1362750 1589.1
1362760 1589.1
1362770 1589.4
1362780 1589.0
1362790 1589.0
1362800 1589.5
1362810 1591.2
1362820 1591.2
1362830 1593.4
1362840 1595.6
1362850 1595.6
1362860 1598.1
1362870 1600.9
1362880 1600.9
1362890 1603.6
1362900 1606.3
1362910 1606.3
1362920 1608.5
1362930 1610.5
1362940 1610.5
1362950 1612.1
1362960 1613.4
1362970 1613.4
1362980 1614.8
1362990 1616.0
1363000 1616.0
1363010 1617.4
1363020 1618.4
1363030 1618.4
1363040 1619.5
1363050 1621.3
1363060 1622.8
1363070 1622.8
1363080 1624.5
1363090 1626.1
1363100 1626.1
1363110 1627.8
1363120 1629.7
1363130 1629.7
1363140 1631.3
1363150 1632.8
1363160 1632.8
1363170 1633.9
1363180 1634.7
1363190 1634.7
1363200 1635.7
1363210 1636.6
1363220 1636.6
1363230 1637.6
1363240 1638.5
1363250 1638.5
1363260 1639.1
1363270 1639.4
1363280 1639.4
1363290 1639.6
1363300 1639.4
1363310 1639.4
1363320 1639.3
1363330 1640.0
1363340 1640.0
1363350 1642.2
1363360 1643.1
1363370 1643.1
1363380 1643.4
1363390 1643.6
1363400 1643.5
1363410 1643.5
1363420 1642.7
1363430 1640.6
1363440 1640.6
1363450 1637.6
1363460 1635.3
1363470 1635.3
1363480 1634.0
1363490 1632.1
1363500 1632.1
1363510 1629.8
1363520 1626.7
1363530 1626.7
1363540 1623.7
1363550 1621.1
1363560 1621.1
1363570 1618.6
1363580 1615.8
1363590 1615.8
1363600 1612.7
1363610 1609.2
1363620 1609.2
1363630 1605.8
1363640 1602.5
1363650 1602.5
1363660 1600.4
1363670 1599.2
1363680 1599.2
1363690 1595.2
1363700 1588.0
1363710 1588.2
1363720 1588.2
1363730 1577.4
1363740 1568.8
1363750 1568.8
1363760 1562.6
1363770 1556.6
1363780 1556.6
1363790 1551.3
1363800 1547.6
1363810 1547.6
1363820 1543.7
1363830 1541.3
1363840 1541.3
1363850 1537.1
1363860 1533.6
1363870 1533.6
1363880 1530.2
1363890 1527.9
1363900 1527.9
1363910 1525.2
1363920 1522.8
1363930 1522.8
1363940 1520.3
1363950 1516.3
1363960 1516.3
1363970 1513.0
1363980 1510.5
1363990 1510.5
1364000 1507.5
1364010 1503.9
1364020 1503.9
1364030 1500.2
1364040 1495.9
1364050 1490.5
1364060 1490.5
1364070 1486.5
1364080 1483.9
1364090 1483.9
1364100 1481.3
1364110 1477.8
1364120 1477.8
1364130 1473.5
1364140 1468.4
1364150 1468.4
1364160 1464.6
1364170 1461.2
1364180 1461.2
1364190 1455.8
1364200 1450.0
1364210 1450.0
1364220 1443.1
1364230 1438.7
1364240 1438.7
1364250 1437.5
1364260 1433.5
1364270 1433.5
1364280 1430.3
1364290 1426.5
1364300 1426.5
1364310 1423.3
1364320 1419.6
1364330 1419.6
1364340 1416.3
1364350 1412.1
1364360 1412.1
1364370 1409.0
1364380 1406.9
1364390 1402.2
1364400 1402.2
1364410 1396.9
1364420 1392.2
1364430 1392.2
1364440 1386.6
1364450 1380.8
1364460 1380.8
1364470 1374.2
1364480 1376.4
1364490 1376.4
1364500 1382.0
1364510 1381.0
1364520 1381.0
1364530 1377.2
1364540 1373.6
1364550 1373.6
1364560 1375.5
1364570 1377.6
1364580 1377.6
1364590 1377.5
1364600 1382.9
1364610 1382.9
1364620 1384.5
1364630 1384.0
1364640 1384.0
1364650 1380.7
1364660 1385.4
1364670 1385.4
1364680 1391.9
1364690 1396.4
1364700 1396.4
1364710 1399.3
1364720 1401.5
1364730 1401.2
1364740 1401.2
1364750 1399.1
1364760 1404.7
1364770 1408.8
1364780 1412.2
1364790 1415.1
1364800 1415.1
1364810 1417.8
1364820 1419.9
1364830 1419.9
1364840 1422.6
1364850 1423.9
1364860 1423.9
1364870 1425.1
1364880 1427.3
1364890 1427.3
1364900 1430.4
1364910 1433.7
1364920 1433.7
1364930 1436.3
1364940 1438.7
1364950 1438.7
1364960 1442.1
1364970 1445.4
1364980 1445.4
1364990 1448.4
1365000 1452.6
1365010 1452.6
1365020 1457.2
1365030 1461.8
1365040 1461.8
1365050 1466.5
1365060 1471.0
1365070 1475.5
1365080 1475.5
1365090 1479.4
1365100 1483.1
1365110 1483.1
1365120 1486.7
1365130 1490.3
1365140 1490.3
1365150 1493.6
1365160 1496.9
1365170 1496.9
1365180 1500.0
1365190 1503.0
1365200 1503.0
1365210 1506.2
1365220 1509.2
1365230 1509.2
1365240 1512.5
1365250 1515.9
1365260 1515.9
1365270 1519.4
1365280 1522.8
1365290 1522.8
1365300 1525.9
1365310 1528.3
1365320 1528.3
1365330 1529.5
1365340 1530.0
1365350 1530.0
1365360 1529.9
1365370 1529.5
1365380 1529.5
1365390 1529.5
1365400 1530.1
1365410 1530.9
1365420 1530.9
1365430 1531.4
1365440 1532.0
1365450 1532.0
1365460 1532.6
1365470 1533.3
1365480 1533.3
1365490 1533.9
1365500 1534.2
1365510 1534.2
1365520 1533.8
1365530 1532.5
1365540 1532.5
1365550 1531.2
1365560 1529.9
1365570 1529.9
1365580 1528.6
1365590 1527.6
1365600 1527.6
1365610 1526.7
1365620 1525.7
1365630 1525.7
1365640 1524.0
1365650 1521.9
1365660 1521.9
1365670 1519.0
1365680 1516.1
1365690 1516.1
1365700 1512.1
1365710 1508.5
1365720 1505.7
1365730 1505.7
1365740 1504.3
1365750 1503.3
1365760 1503.3
1365770 1503.8
1365780 1506.7
1365790 1506.7
1365800 1509.9
1365810 1512.6
1365820 1512.6
1365830 1515.2
1365840 1513.8
1365850 1513.8
1365860 1515.4
1365870 1517.1
1365880 1517.1
1365890 1517.8
1365900 1517.4
1365910 1517.4
1365920 1517.0
1365930 1517.1
1365940 1517.1
1365950 1516.9
1365960 1516.4
1365970 1516.4
1365980 1515.5
1365990 1514.2
1366000 1514.2
1366010 1513.6
1366020 1515.1
1366030 1515.1
1366040 1515.0
1366050 1513.9
1366060 1512.6
1366070 1512.6
1366080 1511.3
1366090 1511.1
1366100 1511.1
1366110 1510.6
1366120 1509.3
1366130 1509.3
1366140 1508.9
1366150 1509.0
1366160 1509.0
1366170 1508.2
1366180 1506.2
1366190 1506.2
1366200 1503.1
1366210 1499.5
1366220 1499.5
1366230 1495.9
1366240 1493.8
1366250 1493.8
1366260 1490.3
1366270 1486.5
1366280 1486.5
1366290 1483.6
1366300 1482.0
1366310 1482.0
1366320 1480.6
1366330 1478.9
1366340 1478.9
1366350 1477.0
1366360 1474.6
1366370 1474.6
1366380 1471.6
1366390 1468.4
1366400 1464.6
1366410 1464.6
1366420 1460.4
1366430 1456.5
1366440 1456.5
1366450 1453.2
1366460 1450.2
1366470 1450.2
1366480 1447.3
1366490 1443.6
1366500 1443.6
1366510 1439.7
1366520 1435.5
1366530 1435.5
1366540 1431.8
1366550 1428.8
1366560 1428.8
1366570 1424.9
1366580 1422.5
1366590 1422.5
1366600 1420.5
1366610 1418.5
1366620 1418.5
1366630 1417.5
1366640 1417.0
1366650 1417.0
1366660 1418.8
1366670 1420.3
1366680 1420.3
1366690 1421.9
1366700 1422.9
1366710 1422.9
1366720 1423.2
1366730 1423.0
1366740 1423.3
1366750 1423.3
1366760 1423.5
1366770 1423.5
1366780 1423.5
1366790 1423.1
1366800 1422.3
1366810 1422.3
1366820 1421.2
1366830 1419.7
1366840 1419.7
1366850 1418.2
1366860 1417.0
1366870 1417.0
1366880 1415.8
1366890 1414.5
1366900 1414.5
1366910 1413.2
1366920 1411.9
1366930 1410.3
1366940 1408.3
1366950 1406.4
1366960 1406.4
1366970 1403.9
1366980 1400.2
1366990 1400.2
1367000 1394.5
1367010 1388.8
1367020 1388.8
1367030 1383.8
1367040 1377.5
1367050 1377.5
1367060 1372.8
1367070 1369.6
1367080 1366.7
1367090 1366.7
1367100 1364.6
1367110 1362.7
1367120 1362.7
1367130 1360.4
1367140 1358.0
1367150 1358.0
1367160 1356.1
1367170 1354.3
1367180 1354.3
1367190 1351.9
1367200 1349.3
1367210 1349.3
1367220 1346.1
1367230 1340.5
1367240 1340.5
1367250 1334.5
1367260 1328.7
1367270 1328.7
1367280 1323.5
1367290 1318.3
1367300 1318.3
1367310 1313.0
1367320 1307.1
1367330 1307.1
1367340 1300.5
1367350 1294.5
1367360 1294.5
1367370 1291.0
1367380 1287.5
1367390 1282.2
1367400 1282.2
1367410 1277.3
1367420 1273.5
1367430 1273.5
1367440 1270.4
1367450 1264.9
1367460 1264.9
1367470 1258.3
1367480 1251.9
1367490 1251.9
1367500 1244.8
1367510 1238.8
1367520 1238.8
1367530 1241.3
1367540 1246.0
1367550 1246.0
1367560 1248.9
1367570 1251.1
1367580 1251.1
1367590 1253.5
1367600 1255.2
1367610 1255.2
1367620 1255.7
1367630 1256.5
1367640 1256.5
1367650 1257.3
1367660 1257.5
1367670 1257.5
1367680 1257.1
1367690 1257.0
1367700 1257.0
1367710 1256.6
1367720 1256.5
1367730 1256.1
1367740 1256.1
1367750 1255.2
1367760 1254.4
1367770 1254.4
1367780 1253.9
1367790 1253.3
1367800 1253.3
1367810 1252.7
1367820 1251.8
1367830 1251.8
1367840 1251.4
1367850 1251.8
1367860 1251.8
1367870 1251.7
1367880 1251.3
1367890 1251.3
1367900 1250.8
1367910 1250.0
1367920 1250.0
1367930 1249.8
1367940 1249.4
1367950 1249.4
1367960 1249.1
1367970 1248.6
1367980 1248.6
1367990 1247.7
1368000 1246.5
1368010 1246.5
1368020 1243.8
1368030 1242.4
1368040 1242.4
1368050 1240.1
1368060 1237.0
1368070 1233.5
1368080 1233.5
1368090 1230.6
1368100 1228.3
1368110 1228.3
1368120 1226.8
1368130 1225.2
1368140 1225.2
1368150 1223.6
1368160 1221.6
1368170 1221.6
1368180 1219.8
1368190 1218.0
1368200 1218.0
1368210 1216.5
1368220 1215.2
1368230 1215.2
1368240 1214.0
1368250 1212.1
1368260 1212.1
1368270 1209.7
1368280 1205.8
1368290 1205.8
1368300 1200.3
1368310 1194.4
1368320 1194.4
1368330 1188.6
1368340 1184.1
1368350 1184.1
1368360 1180.8
1368370 1175.2
1368380 1175.2
1368390 1169.8
1368400 1165.5
1368410 1160.6
1368420 1160.6
1368430 1155.4
1368440 1151.7
1368450 1151.7
1368460 1148.8
1368470 1145.8
1368480 1145.8
1368490 1142.1
1368500 1138.9
1368510 1138.9
1368520 1135.3
1368530 1131.0
1368540 1131.0
1368550 1127.5
1368560 1126.0
1368570 1126.0
1368580 1123.7
1368590 1119.9
1368600 1119.9
1368610 1116.4
1368620 1114.5
1368630 1114.5
1368640 1113.2
1368650 1110.8
1368660 1110.8
1368670 1107.8
1368680 1105.3
1368690 1105.3
1368700 1102.3
1368710 1098.4
1368720 1093.1
1368730 1093.1
1368740 1088.3
1368750 1083.7
1368760 1083.7
1368770 1079.4
1368780 1074.6
1368790 1074.6
1368800 1070.6
1368810 1064.5
1368820 1064.5
1368830 1058.2
1368840 1052.7
1368850 1052.7
1368860 1047.6
1368870 1042.8
1368880 1042.8
1368890 1038.3
1368900 1033.8
1368910 1033.8
1368920 1029.5
1368930 1026.1
1368940 1026.1
1368950 1023.1
1368960 1020.0
1368970 1020.0
1368980 1017.7
1368990 1016.0
1369000 1016.0
1369010 1014.1
1369020 1012.9
1369030 1012.9
1369040 1011.9
1369050 1009.2
1369060 1005.5
1369070 1005.5
1369080 1003.5
1369090 1002.6
1369100 1002.6
1369110 1000.1
1369120 994.8
1369130 994.8
1369140 990.7
1369150 987.7
1369160 987.7
1369170 985.7
1369180 981.3
1369190 981.3
1369200 978.8
1369210 975.7
1369220 975.7
1369230 971.1
1369240 967.3
1369250 967.3
1369260 963.1
1369270 957.6
1369280 957.6
1369290 952.6
1369300 945.0
1369310 945.0
1369320 935.6
1369330 927.8
1369340 927.8
1369350 923.2
1369360 920.3
1369370 920.3
1369380 919.8
1369390 919.5
1369400 918.6
1369410 918.6
1369420 916.8
1369430 919.2
1369440 919.2
1369450 921.6
1369460 923.4
1369470 923.4
1369480 924.0
1369490 924.4
1369500 924.4
1369510 925.6
1369520 927.8
1369530 927.8
1369540 931.6
1369550 936.3
1369560 936.3
1369570 937.0
1369580 937.2
1369590 937.2
1369600 939.7
1369610 942.4
1369620 942.4
1369630 943.1
1369640 946.6
1369650 946.6
1369660 949.8
1369670 951.9
1369680 951.9
1369690 953.9
1369700 958.0
1369710 958.0
1369720 961.0
1369730 963.4
1369740 966.9
1369750 966.9
1369760 971.3
1369770 975.6
1369780 975.6
1369790 971.9
1369800 964.2
1369810 964.2
1369820 961.8
1369830 963.5
1369840 963.5
1369850 965.4
1369860 971.0
1369870 971.0
1369880 978.1
1369890 984.4
1369900 984.4
1369910 988.4
1369920 991.0
1369930 991.0
1369940 994.3
1369950 998.3
1369960 998.3
1369970 1002.0
1369980 1004.6
1369990 1004.6
1370000 1006.1
1370010 1006.7
1370020 1006.7
1370030 1008.2
1370040 1009.1
1370050 1009.1
1370060 1010.3
1370070 1011.8
1370080 1013.2
1370090 1013.2
1370100 1014.7
1370110 1016.9
1370120 1016.9
1370130 1019.8
1370140 1021.9
1370150 1021.9
1370160 1023.7
1370170 1025.7
1370180 1025.7
1370190 1030.5
1370200 1037.5
1370210 1037.5
1370220 1043.5
1370230 1047.1
1370240 1047.0
1370250 1048.6
1370260 1051.4
1370270 1051.4
1370280 1053.3
1370290 1055.3
1370300 1055.3
1370310 1058.5
1370320 1063.4
1370330 1063.4
1370340 1069.1
1370350 1075.5
1370360 1075.5
1370370 1081.8
1370380 1087.7
1370390 1093.3
1370400 1093.3
1370410 1096.5
1370420 1100.5
1370430 1100.5
1370440 1104.5
1370450 1107.9
1370460 1107.9
1370470 1111.3
1370480 1115.0
1370490 1115.0
1370500 1118.2
1370510 1121.3
1370520 1121.3
1370530 1124.7
1370540 1128.0
1370550 1128.0
1370560 1131.3
1370570 1134.1
1370580 1134.1
1370590 1136.3
1370600 1138.0
1370610 1138.0
1370620 1139.8
1370630 1142.3
1370640 1142.3
1370650 1145.2
1370660 1148.1
1370670 1148.1
1370680 1150.4
1370690 1153.0
1370700 1153.0
1370710 1155.8
1370720 1158.5
1370730 1160.8
1370740 1160.8
1370750 1162.3
1370760 1164.2
1370770 1164.2
1370780 1165.3
1370790 1166.1
1370800 1166.1
1370810 1169.6
1370820 1172.3
1370830 1172.3
1370840 1174.5
1370850 1177.2
1370860 1177.2
1370870 1179.9
1370880 1181.5
1370890 1181.5
1370900 1182.5
1370910 1182.9
1370920 1182.9
1370930 1182.5
1370940 1182.8
1370950 1182.8
1370960 1183.3
1370970 1183.3
1370980 1183.3
1370990 1183.4
1371000 1183.2
1371010 1183.2
1371020 1183.1
1371030 1183.3
1371040 1183.3
1371050 1183.6
1371060 1183.8
1371070 1183.8
1371080 1183.8
1371090 1183.9
1371100 1184.0
1371110 1184.0
1371120 1184.3
1371130 1184.1
1371140 1184.1
1371150 1183.2
1371160 1182.4
1371170 1182.4
1371180 1181.9
1371190 1181.3
1371200 1181.3
1371210 1180.7
1371220 1179.9
1371230 1179.9
1371240 1178.0
1371250 1176.7
1371260 1176.7
1371270 1176.1
1371280 1175.3
1371290 1175.3
1371300 1174.8
1371310 1173.9
1371320 1173.9
1371330 1170.9
1371340 1168.3
1371350 1168.3
1371360 1164.2
1371370 1161.9
1371380 1161.9
1371390 1159.8
1371400 1157.5
1371410 1153.8
1371420 1153.8
1371430 1150.6
1371440 1152.2
1371450 1152.2
1371460 1151.1
1371470 1150.1
1371480 1150.1
1371490 1148.9
1371500 1147.6
1371510 1147.6
1371520 1146.2
1371530 1144.9
1371540 1144.9
1371550 1143.4
1371560 1141.4
1371570 1141.4
1371580 1139.4
1371590 1137.3
1371600 1137.3
1371610 1135.2
1371620 1132.9
1371630 1132.9
1371640 1130.6
1371650 1128.5
1371660 1128.5
1371670 1126.5
1371680 1124.9
1371690 1124.9
1371700 1123.0
1371710 1121.7
1371720 1121.7
1371730 1120.1
1371740 1118.6
1371750 1117.5
1371760 1117.5
1371770 1116.4
1371780 1115.0
1371790 1115.0
1371800 1113.0
1371810 1111.0
1371820 1111.0
1371830 1109.0
1371840 1107.0
1371850 1107.0
1371860 1104.0
1371870 1100.8
1371880 1100.8
1371890 1095.3
1371900 1090.3
1371910 1090.3
1371920 1088.8
1371930 1087.3
1371940 1087.3
1371950 1083.4
1371960 1078.5
1371970 1078.5
1371980 1073.8
1371990 1068.9
1372000 1068.9
1372010 1064.2
1372020 1059.3
1372030 1059.3
1372040 1054.3
1372050 1048.9
1372060 1044.2
1372070 1044.2
1372080 1040.4
1372090 1036.4
1372100 1036.4
1372110 1032.3
1372120 1027.6
1372130 1027.6
1372140 1022.2
1372150 1017.7
1372160 1017.7
1372170 1014.8
1372180 1012.7
1372190 1012.7
1372200 1010.5
1372210 1007.0
1372220 1007.0
1372230 1002.9
1372240 998.8
1372250 998.8
1372260 994.5
1372270 989.9
1372280 989.9
1372290 984.5
1372300 980.7
1372310 980.7
1372320 977.7
1372330 974.2
1372340 974.2
1372350 970.4
1372360 963.9
1372370 963.9
1372380 958.1
1372390 953.8
1372400 949.5
1372410 949.5
1372420 945.8
1372430 941.5
1372440 941.5
1372450 935.8
1372460 930.0
1372470 930.0
1372480 925.2
1372490 920.9
1372500 917.9
1372510 914.3
1372520 910.7
1372530 910.7
1372540 907.4
1372550 904.5
1372560 904.5
1372570 901.8
1372580 899.0
1372590 899.0
1372600 896.1
1372610 893.2
1372620 893.2
1372630 888.9
1372640 884.4
1372650 884.4
1372660 881.3
1372670 878.5
1372680 878.5
1372690 875.9
1372700 871.8
1372710 871.8
1372720 867.1
1372730 863.9
1372740 864.4
1372750 864.4
1372760 866.1
1372770 863.5
1372780 863.5
1372790 857.6
1372800 854.6
1372810 854.6
1372820 852.1
1372830 848.6
1372840 848.6
1372850 847.1
1372860 846.2
1372870 846.2
1372880 844.1
1372890 843.2
1372900 843.2
1372910 842.8
1372920 842.0
1372930 842.0
1372940 840.0
1372950 843.8
1372960 843.8
1372970 846.6
1372980 849.4
1372990 849.4
1373000 852.2
1373010 853.5
1373020 853.5
1373030 854.2
1373040 856.4
1373050 856.4
1373060 857.8
1373070 858.2
1373080 858.3
1373090 858.3
1373100 858.1
1373110 857.6
1373120 857.6
1373130 857.2
1373140 856.6
1373150 856.6
1373160 855.7
1373170 855.7
1373180 855.7
1373190 855.7
1373200 855.9
1373210 855.9
1373220 856.1
1373230 856.4
1373240 856.4
1373250 856.3
1373260 855.5
1373270 855.5
1373280 853.3
1373290 849.5
1373300 849.5
1373310 846.1
1373320 842.0
1373330 842.0
1373340 837.6
1373350 830.5
1373360 830.5
1373370 823.1
1373380 822.7
1373390 822.7
1373400 830.1
1373410 835.0
1373420 836.4
1373430 836.4
1373440 836.6
1373450 837.7
1373460 837.7
1373470 839.4
1373480 842.3
1373490 842.3
1373500 843.5
1373510 843.2
1373520 843.2
1373530 842.2
1373540 840.9
1373550 840.9
1373560 839.5
1373570 838.0
1373580 838.0
1373590 835.8
1373600 835.4
1373610 835.4
1373620 837.1
1373630 838.0
1373640 838.0
1373650 835.7
1373660 836.2
1373670 836.2
1373680 835.7
1373690 834.4
1373700 834.4
1373710 833.0
1373720 831.9
1373730 830.6
1373740 830.6
1373750 829.9
1373760 830.0
1373770 830.0
1373780 830.2
1373790 830.2
1373800 830.2
1373810 829.5
1373820 827.5
1373830 827.5
1373840 824.0
1373850 820.1
1373860 820.1
1373870 816.7
1373880 812.1
1373890 812.1
1373900 807.9
1373910 804.9
1373920 804.9
1373930 802.1
1373940 799.4
1373950 799.4
1373960 797.0
1373970 795.0
1373980 795.0
1373990 793.0
1374000 791.3
1374010 791.3
1374020 789.3
1374030 785.4
1374040 785.4
1374050 779.4
1374060 777.7
1374070 782.6
1374080 782.6
1374090 784.3
1374100 783.5
1374110 783.5
1374120 780.7
1374130 776.6
1374140 776.6
1374150 772.6
1374160 769.2
1374170 769.2
1374180 767.5
1374190 764.5
1374200 764.5
1374210 761.5
1374220 758.4
1374230 758.4
1374240 755.9
1374250 754.0
1374260 754.0
1374270 752.3
1374280 750.7
1374290 750.7
1374300 748.9
1374310 746.4
1374320 746.4
1374330 744.0
1374340 742.6
1374350 742.6
1374360 742.0
1374370 741.7
1374380 741.7
1374390 741.4
1374400 741.1
1374410 741.0
1374420 741.0
1374430 740.5
1374440 740.3
1374450 740.3
1374460 740.0
1374470 739.7
1374480 739.7
1374490 739.4
1374500 739.1
1374510 739.1
1374520 738.7
1374530 738.3
1374540 738.3
1374550 737.9
1374560 737.0
1374570 737.0
1374580 735.3
1374590 734.0
1374600 734.0
1374610 733.1
1374620 733.0
1374630 733.0
1374640 733.0
1374650 732.9
1374660 732.9
1374670 732.9
1374680 732.6
1374690 732.6
1374700 732.3
1374710 732.2
1374720 732.2
1374730 732.9
1374740 731.7
1374750 731.5
1374760 731.5
1374770 733.3
1374780 732.7
1374790 732.7
1374800 732.6
1374810 732.6
1374820 732.6
1374830 732.5
1374840 732.5
1374850 732.5
1374860 732.5
1374870 732.5
1374880 732.5
1374890 732.4
1374900 732.4
1374910 732.4
1374920 732.4
1374930 732.4
1374940 732.4
1374950 732.3
1374960 732.2
1374970 732.2
1374980 732.3
1374990 732.2
1375000 732.2
1375010 732.2
1375020 732.1
1375030 732.1
1375040 732.0
1375050 732.2
1375060 732.2
1375070 732.3
1375080 732.5
1375090 732.8
1375100 732.8
1375110 733.2
1375120 733.9
1375130 733.9
1375140 736.1
1375150 738.5
1375160 738.5
1375170 739.9
1375180 741.4
1375190 741.4
1375200 743.5
1375210 745.7
1375220 745.7
1375230 748.0
1375240 750.2
1375250 750.2
1375260 752.5
1375270 754.9
1375280 754.9
1375290 758.0
1375300 761.6
1375310 761.6
1375320 766.1
1375330 772.0
1375340 772.0
1375350 778.0
1375360 783.6
1375370 783.6
1375380 788.2
1375390 792.6
1375400 797.3
1375410 797.3
1375420 802.5
1375430 807.2
1375440 807.2
1375450 809.2
1375460 811.6
1375470 811.6
1375480 814.7
1375490 818.0
1375500 818.0
1375510 822.2
1375520 826.2
1375530 826.2
1375540 830.5
1375550 834.9
1375560 834.9
1375570 838.9
1375580 841.6
1375590 841.6
1375600 843.7
1375610 845.8
1375620 845.8
1375630 846.9
1375640 847.6
1375650 847.6
1375660 849.4
1375670 852.0
1375680 852.0
1375690 853.8
1375700 854.4
1375710 854.4
1375720 854.5
1375730 854.6
1375740 854.9
1375750 854.9
1375760 855.0
1375770 855.0
1375780 855.0
1375790 855.1
1375800 855.2
1375810 855.2
1375820 854.8
1375830 854.4
1375840 854.4
1375850 853.8
1375860 853.3
1375870 853.3
1375880 852.2
1375890 851.6
1375900 851.6
1375910 851.3
1375920 851.0
1375930 851.0
1375940 850.7
1375950 850.0
1375960 850.0
1375970 849.1
1375980 847.8
1375990 847.8
1376000 847.1
1376010 846.4
1376020 846.4
1376030 845.7
1376040 844.9
1376050 844.9
1376060 844.1
1376070 843.3
1376080 842.5
1376090 842.5
1376100 841.9
1376110 841.3
1376120 841.3
1376130 840.1
1376140 838.4
1376150 838.4
1376160 836.5
1376170 834.9
1376180 834.9
1376190 833.8
1376200 832.5
1376210 832.5
1376220 831.6
1376230 830.9
1376240 830.9
1376250 830.2
1376260 829.8
1376270 829.8
1376280 829.5
1376290 830.6
1376300 830.6
1376310 834.3
1376320 835.6
1376330 835.6
1376340 834.6
1376350 833.5
1376360 833.5
1376370 831.4
1376380 829.0
1376390 829.0
1376400 827.7
1376410 826.7
1376420 825.9
1376430 825.9
1376440 825.3
1376450 824.9
1376460 824.9
1376470 823.9
1376480 822.0
1376490 822.0
1376500 819.6
1376510 817.3
1376520 817.3
1376530 815.7
1376540 814.0
1376550 814.0
1376560 812.0
1376570 810.5
1376580 810.5
1376590 809.4
1376600 808.0
1376610 808.0
1376620 805.6
1376630 803.7
1376640 803.7
1376650 802.2
1376660 800.6
1376670 800.6
1376680 798.7
1376690 794.2
1376700 794.2
1376710 787.0
1376720 789.8
1376730 789.8
1376740 796.9
1376750 799.6
1376760 798.6
1376770 798.6
1376780 797.4
1376790 796.2
1376800 796.2
1376810 794.7
1376820 793.0
1376830 793.0
1376840 790.4
1376850 788.3
1376860 788.3
1376870 787.0
1376880 786.3
1376890 786.3
1376900 786.0
1376910 785.6
1376920 785.6
1376930 784.8
1376940 783.4
1376950 783.4
1376960 781.7
1376970 780.5
1376980 780.5
1376990 779.6
1377000 778.6
1377010 778.6
1377020 777.3
1377030 776.6
1377040 776.6
1377050 775.6
1377060 774.6
1377070 773.5
1377080 773.5
1377090 771.6
1377100 769.6
1377110 769.6
1377120 767.1
1377130 764.3
1377140 764.3
1377150 761.9
1377160 761.0
1377170 761.0
1377180 760.6
1377190 761.1
1377200 761.1
1377210 762.1
1377220 761.2
1377230 761.2
1377240 759.2
1377250 757.2
1377260 757.2
1377270 755.4
1377280 754.0
1377290 754.0
1377300 752.9
1377310 752.4
1377320 752.4
1377330 752.4
1377340 752.1
1377350 752.1
1377360 751.8
1377370 751.5
1377380 751.5
1377390 751.6
1377400 751.8
1377410 751.0
1377420 751.0
1377430 750.6
1377440 750.3
1377450 750.3
1377460 749.9
1377470 749.8
1377480 749.8
1377490 749.6
1377500 748.8
1377510 748.8
1377520 748.3
1377530 747.7
1377540 747.7
1377550 747.2
1377560 746.7
1377570 746.7
1377580 745.7
1377590 744.9
1377600 744.9
1377610 744.3
1377620 743.7
1377630 743.7
1377640 741.4
1377650 738.4
1377660 738.4
1377670 740.3
1377680 741.6
1377690 741.6
1377700 741.6
1377710 740.4
1377720 740.4
1377730 738.6
1377740 736.7
1377750 735.0
1377760 735.0
1377770 733.1
1377780 731.0
1377790 731.0
1377800 728.6
1377810 725.9
1377820 725.9
1377830 723.8
1377840 723.4
1377850 723.4
1377860 727.8
1377870 729.8
1377880 729.8
1377890 729.8
1377900 730.1
1377910 730.1
1377920 730.5
1377930 731.2
1377940 731.2
1377950 732.6
1377960 731.8
1377970 731.8
1377980 729.3
1377990 727.4
1378000 727.4
1378010 725.9
1378020 724.1
1378030 724.1
1378040 722.4
1378050 717.7
1378060 717.7
1378070 711.0
1378080 703.9
1378090 698.9
1378100 698.9
1378110 695.7
1378120 694.2
1378130 694.2
1378140 694.1
1378150 694.1
1378160 694.1
1378170 694.1
1378180 694.0
1378190 694.0
1378200 694.0
1378210 694.0
1378220 694.0
1378230 694.2
1378240 694.7
1378250 694.7
1378260 694.0
1378270 693.8
1378280 693.8
1378290 693.7
1378300 693.7
1378310 693.7
1378320 693.7
1378330 694.1
1378340 694.1
1378350 694.4
1378360 694.6
1378370 694.6
1378380 694.6
1378390 694.6
1378400 694.6
1378410 694.6
1378420 694.6
1378430 694.6
1378440 694.6
1378450 694.6
1378460 694.5
1378470 694.5
1378480 694.5
1378490 694.4
1378500 694.4
1378510 694.3
1378520 694.4
1378530 694.4
1378540 694.4
1378550 694.4
1378560 694.4
1378570 694.4
1378580 694.3
1378590 694.3
1378600 694.4
1378610 695.1
1378620 695.1
1378630 695.5
1378640 695.4
1378650 695.4
1378660 694.2
1378670 693.7
1378680 693.7
1378690 694.8
1378700 695.2
1378710 695.2
1378720 695.0
1378730 694.7
1378740 694.5
1378750 694.5
1378760 694.9
1378770 694.7
1378780 694.7
1378790 694.0
1378800 693.9
1378810 693.9
1378820 693.7
1378830 694.1
1378840 694.1
1378850 697.2
1378860 702.6
1378870 702.6
1378880 706.3
1378890 706.7
1378900 706.7
1378910 708.4
1378920 709.3
1378930 709.3
1378940 708.6
1378950 708.1
1378960 708.1
1378970 709.2
1378980 709.6
1378990 709.6
1379000 709.9
1379010 710.1
1379020 710.1
1379030 710.4
1379040 710.8
1379050 710.8
1379060 711.2
1379070 711.6
1379080 711.9
1379090 711.9
1379100 712.0
1379110 712.2
1379120 712.2
1379130 712.2
1379140 712.3
1379150 712.3
1379160 712.5
1379170 712.7
1379180 712.7
1379190 712.9
1379200 712.9
1379210 712.9
1379220 713.0
1379230 713.2
1379240 713.2
1379250 713.4
1379260 713.5
1379270 713.5
1379280 713.5
1379290 713.3
1379300 713.3
1379310 712.9
1379320 712.7
1379330 712.7
1379340 712.7
1379350 712.7
1379360 712.7
1379370 712.8
1379380 713.2
1379390 713.2
1379400 714.7
1379410 717.4
1379420 720.9
1379430 720.9
1379440 723.8
1379450 726.2
1379460 726.2
1379470 728.9
1379480 731.9
1379490 731.9
1379500 736.1
1379510 740.4
1379520 740.4
1379530 743.1
1379540 745.8
1379550 745.8
1379560 748.2
1379570 753.4
1379580 753.4
1379590 754.8
1379600 756.3
1379610 756.3
1379620 758.6
1379630 760.7
1379640 760.7
1379650 762.4
1379660 764.8
1379670 764.8
1379680 763.3
1379690 757.6
1379700 757.6
1379710 764.5
1379720 774.3
1379730 774.3
1379740 779.6
1379750 781.7
1379760 783.5
1379770 783.5
1379780 785.1
1379790 787.0
1379800 787.0
1379810 789.8
1379820 791.2
1379830 791.2
1379840 793.1
1379850 798.4
1379860 798.4
1379870 804.6
1379880 808.4
1379890 808.4
1379900 810.1
1379910 812.3
1379920 812.3
1379930 815.8
1379940 818.6
1379950 818.6
1379960 819.5
1379970 820.2
1379980 820.2
1379990 823.0
