1360000 736.2
1360010 737.4
1360020 737.4
1360030 738.6
1360040 739.9
1360050 739.9
1360060 741.1
1360070 742.4
1360080 742.4
1360090 743.7
1360100 745.1
1360110 745.1
1360120 746.6
1360130 748.1
1360140 748.1
1360150 749.3
1360160 750.2
1360170 750.2
1360180 751.2
1360190 752.1
1360200 752.1
1360210 753.2
1360220 754.4
1360230 754.4
1360240 755.4
1360250 756.4
1360260 756.4
1360270 757.6
1360280 758.6
1360290 758.6
1360300 759.5
1360310 760.6
1360320 762.0
1360330 762.0
1360340 763.5
1360350 765.1
1360360 765.1
1360370 766.3
1360380 767.3
1360390 767.3
1360400 768.7
1360410 770.0
1360420 770.0
1360430 770.4
1360440 771.5
1360450 771.5
1360460 772.8
1360470 773.8
1360480 773.8
1360490 775.0
1360500 777.3
1360510 777.3
1360520 778.7
1360530 780.3
1360540 780.3
1360550 782.0
1360560 783.4
1360570 783.4
1360580 784.7
1360590 785.8
1360600 785.8
1360610 786.6
1360620 786.8
1360630 786.8
1360640 787.1
1360650 787.4
1360660 787.7
1360670 787.7
1360680 788.2
1360690 788.7
1360700 788.7
1360710 789.4
1360720 790.1
1360730 790.1
1360740 790.6
1360750 791.1
1360760 791.1
1360770 791.2
1360780 791.7
1360790 791.7
1360800 792.2
1360810 792.7
1360820 792.7
1360830 792.8
1360840 792.8
1360850 792.8
1360860 792.5
1360870 792.3
1360880 792.3
1360890 792.7
1360900 793.1
1360910 793.1
1360920 793.6
1360930 793.4
1360940 793.4
1360950 793.3
1360960 792.5
1360970 792.5
1360980 792.6
1360990 793.3
1361000 793.1
1361010 793.1
1361020 792.8
1361030 792.8
1361040 792.8
1361050 792.3
1361060 792.1
1361070 792.1
1361080 793.2
1361090 795.6
1361100 795.6
1361110 797.8
1361120 800.2
1361130 800.2
1361140 802.9
1361150 805.8
1361160 805.8
1361170 808.6
1361180 810.4
1361190 810.4
1361200 811.9
1361210 814.0
1361220 814.0
1361230 815.9
1361240 818.3
1361250 818.3
1361260 820.8
1361270 822.8
1361280 822.8
1361290 825.3
1361300 827.8
1361310 827.8
1361320 830.4
1361330 832.7
1361340 834.8
1361350 834.8
1361360 837.3
1361370 839.7
1361380 839.7
1361390 842.3
1361400 844.1
1361410 844.1
1361420 844.1
1361430 844.0
1361440 844.0
1361450 845.0
1361460 846.1
1361470 846.1
1361480 847.5
1361490 849.6
1361500 849.6
1361510 852.4
1361520 854.2
1361530 857.5
1361540 859.5
1361550 862.1
1361560 862.1
1361570 863.1
1361580 863.0
1361590 863.0
1361600 862.6
1361610 861.5
1361620 861.5
1361630 861.2
1361640 862.5
1361650 862.5
1361660 864.7
1361670 866.8
1361680 867.6
1361690 867.6
1361700 867.2
1361710 865.6
1361720 865.6
1361730 865.0
1361740 867.4
1361750 867.4
1361760 869.5
1361770 870.2
1361780 870.2
1361790 871.1
1361800 871.9
1361810 871.9
1361820 875.3
1361830 880.9
1361840 880.9
1361850 885.4
1361860 889.0
1361870 889.0
1361880 892.4
1361890 895.5
1361900 895.5
1361910 898.1
1361920 900.7
1361930 900.7
1361940 903.4
1361950 906.0
1361960 906.0
1361970 908.7
1361980 911.1
1361990 911.1
1362000 913.1
1362010 916.7
1362020 919.7
1362030 919.7
1362040 923.0
1362050 924.8
1362060 924.8
1362070 928.1
1362080 930.0
1362090 930.0
1362100 930.7
1362110 933.4
1362120 933.4
1362130 938.8
1362140 941.8
1362150 941.8
1362160 943.5
1362170 943.4
1362180 943.4
1362190 942.9
1362200 945.2
1362210 945.2
1362220 949.8
1362230 955.0
1362240 955.0
1362250 958.0
1362260 960.8
1362270 960.8
1362280 961.1
1362290 958.4
1362300 958.4
1362310 964.1
1362320 965.0
1362330 965.0
1362340 960.5
1362350 961.2
1362360 968.0
1362370 968.0
1362380 968.1
1362390 962.5
1362400 962.5
1362410 959.7
1362420 965.8
1362430 965.8
1362440 974.2
1362450 977.9
1362460 977.9
1362470 978.6
1362480 977.0
1362490 977.0
1362500 973.6
1362510 974.5
1362520 974.5
1362530 979.5
1362540 982.8
1362550 982.8
1362560 982.5
1362570 980.6
1362580 985.6
1362590 984.2
1362600 982.3
1362610 982.3
1362620 979.5
1362630 974.1
1362640 974.1
1362650 968.0
1362660 961.7
1362670 961.7
1362680 954.8
1362690 946.8
1362700 937.9
1362710 937.9
1362720 929.5
1362730 923.6
1362740 923.6
1362750 919.8
1362760 915.9
1362770 915.9
1362780 910.7
1362790 906.9
1362800 906.9
1362810 907.1
1362820 907.2
1362830 907.2
1362840 910.9
1362850 914.3
1362860 914.3
1362870 915.4
1362880 919.2
1362890 919.2
1362900 924.8
1362910 931.9
1362920 931.9
1362930 939.5
1362940 945.6
1362950 945.6
1362960 946.5
1362970 944.8
1362980 944.8
1362990 948.9
1363000 956.7
1363010 956.7
1363020 963.2
1363030 968.3
1363040 968.3
1363050 974.9
1363060 982.2
1363070 990.0
1363080 990.0
1363090 999.5
1363100 1010.2
1363110 1010.2
1363120 1019.1
1363130 1023.4
1363140 1023.4
1363150 1026.0
1363160 1029.1
1363170 1029.1
1363180 1032.6
1363190 1036.3
1363200 1036.3
1363210 1039.3
1363220 1042.5
1363230 1042.5
1363240 1046.0
1363250 1049.8
1363260 1049.8
1363270 1054.4
1363280 1059.1
1363290 1059.1
1363300 1062.7
1363310 1066.7
1363320 1066.7
1363330 1070.3
1363340 1074.2
1363350 1074.2
1363360 1077.9
1363370 1081.8
1363380 1081.8
1363390 1086.3
1363400 1091.2
1363410 1096.6
1363420 1096.6
1363430 1101.8
1363440 1107.8
1363450 1107.8
1363460 1113.0
1363470 1118.0
1363480 1118.0
1363490 1122.3
1363500 1126.5
1363510 1126.5
1363520 1130.4
1363530 1134.5
1363540 1134.5
1363550 1138.4
1363560 1142.0
1363570 1142.0
1363580 1145.8
1363590 1150.3
1363600 1150.3
1363610 1154.2
1363620 1157.9
1363630 1157.9
1363640 1160.8
1363650 1163.3
1363660 1163.3
1363670 1165.6
1363680 1167.4
1363690 1167.4
1363700 1169.4
1363710 1171.3
1363720 1171.3
1363730 1172.5
1363740 1173.6
1363750 1174.6
1363760 1174.6
1363770 1175.2
1363780 1175.7
1363790 1175.7
1363800 1175.9
1363810 1175.6
1363820 1175.6
1363830 1175.3
1363840 1175.0
1363850 1175.0
1363860 1175.1
1363870 1175.2
1363880 1175.2
1363890 1174.8
1363900 1174.0
1363910 1174.0
1363920 1172.6
1363930 1170.5
1363940 1170.5
1363950 1167.9
1363960 1165.1
1363970 1165.1
1363980 1162.2
1363990 1159.3
1364000 1159.3
1364010 1156.6
1364020 1154.4
1364030 1154.4
1364040 1152.7
1364050 1151.5
1364060 1151.5
1364070 1150.5
1364080 1148.8
1364090 1146.5
1364100 1146.5
1364110 1148.4
1364120 1149.3
1364130 1149.3
1364140 1149.3
1364150 1149.0
1364160 1149.0
1364170 1148.6
1364180 1147.8
1364190 1147.8
1364200 1147.2
1364210 1146.9
1364220 1146.9
1364230 1146.3
1364240 1145.4
1364250 1145.4
1364260 1144.1
1364270 1142.6
1364280 1142.6
1364290 1140.9
1364300 1139.1
1364310 1139.1
1364320 1137.0
1364330 1133.4
1364340 1133.4
1364350 1127.8
1364360 1119.6
1364370 1119.6
1364380 1115.0
1364390 1110.9
1364400 1110.9
1364410 1103.1
1364420 1095.4
1364430 1091.0
1364440 1091.0
1364450 1086.1
1364460 1080.3
1364470 1080.3
1364480 1074.3
1364490 1067.8
1364500 1067.8
1364510 1062.3
1364520 1056.8
1364530 1056.8
1364540 1051.5
1364550 1045.5
1364560 1045.5
1364570 1039.2
1364580 1034.5
1364590 1034.5
1364600 1030.3
1364610 1025.8
1364620 1025.8
1364630 1020.7
1364640 1015.3
1364650 1015.3
1364660 1009.6
1364670 1004.1
1364680 1004.1
1364690 992.6
1364700 985.0
1364710 985.0
1364720 975.2
1364730 971.0
1364740 971.0
1364750 973.6
1364760 982.9
1364770 986.7
1364780 986.7
1364790 987.8
1364800 988.8
1364810 988.8
1364820 993.5
1364830 998.2
1364840 998.2
1364850 996.8
1364860 992.2
1364870 992.2
1364880 986.7
1364890 989.6
1364900 989.6
1364910 990.7
1364920 991.3
1364930 991.3
1364940 996.5
1364950 999.9
1364960 999.9
1364970 1003.8
1364980 1008.0
1364990 1008.0
1365000 1008.4
1365010 1002.4
1365020 1002.4
1365030 1000.1
1365040 1006.7
1365050 1006.7
1365060 1012.7
1365070 1020.0
1365080 1020.0
1365090 1027.1
1365100 1031.9
1365110 1037.8
1365120 1037.8
1365130 1039.7
1365140 1041.4
1365150 1041.4
1365160 1045.3
1365170 1049.3
1365180 1049.3
1365190 1052.3
1365200 1056.0
1365210 1056.0
1365220 1059.5
1365230 1063.3
1365240 1063.3
1365250 1067.4
1365260 1071.3
1365270 1071.3
1365280 1075.1
1365290 1079.0
1365300 1079.0
1365310 1082.6
1365320 1085.4
1365330 1085.4
1365340 1087.6
1365350 1089.3
1365360 1089.3
1365370 1090.7
1365380 1092.2
1365390 1092.2
1365400 1093.7
1365410 1095.1
1365420 1095.1
1365430 1096.0
1365440 1096.7
1365450 1097.0
1365460 1097.0
1365470 1097.5
1365480 1097.5
1365490 1097.5
1365500 1097.0
1365510 1096.7
1365520 1096.7
1365530 1096.6
1365540 1096.7
1365550 1096.7
1365560 1096.4
1365570 1095.6
1365580 1095.6
1365590 1094.3
1365600 1092.3
1365610 1092.3
1365620 1090.1
1365630 1088.1
1365640 1088.1
1365650 1085.9
1365660 1084.2
1365670 1084.2
1365680 1082.3
1365690 1079.7
1365700 1079.7
1365710 1076.7
1365720 1074.6
1365730 1074.6
1365740 1071.9
1365750 1067.0
1365760 1071.5
1365770 1065.0
1365780 1057.1
1365790 1050.8
1365800 1050.8
1365810 1045.0
1365820 1044.5
1365830 1044.5
1365840 1046.8
1365850 1044.2
1365860 1044.2
1365870 1038.6
1365880 1031.0
1365890 1031.0
1365900 1023.0
1365910 1022.4
1365920 1022.4
1365930 1027.7
1365940 1036.7
1365950 1036.7
1365960 1045.1
1365970 1051.7
1365980 1051.7
1365990 1057.0
1366000 1060.0
1366010 1060.0
1366020 1063.3
1366030 1067.6
1366040 1067.6
1366050 1072.7
1366060 1077.6
1366070 1077.6
1366080 1081.9
1366090 1085.8
1366100 1085.8
1366110 1089.4
1366120 1092.8
1366130 1096.1
1366140 1096.1
1366150 1099.2
1366160 1101.9
1366170 1101.9
1366180 1104.4
1366190 1107.3
1366200 1107.3
1366210 1109.9
1366220 1111.8
1366230 1111.8
1366240 1113.2
1366250 1114.1
1366260 1114.1
1366270 1114.6
1366280 1114.0
1366290 1114.0
1366300 1112.3
1366310 1110.0
1366320 1110.0
1366330 1108.0
1366340 1106.1
1366350 1106.1
1366360 1103.2
1366370 1099.8
1366380 1099.8
1366390 1095.3
1366400 1090.9
1366410 1090.9
1366420 1092.7
1366430 1094.5
1366440 1094.5
1366450 1095.0
1366460 1095.4
1366470 1095.4
1366480 1095.4
1366490 1094.9
1366500 1093.8
1366510 1093.8
1366520 1092.8
1366530 1092.1
1366540 1092.1
1366550 1091.5
1366560 1090.8
1366570 1090.8
1366580 1089.9
1366590 1088.9
1366600 1088.9
1366610 1087.8
1366620 1086.4
1366630 1086.4
1366640 1084.7
1366650 1083.0
1366660 1083.0
1366670 1081.0
1366680 1079.5
1366690 1079.5
1366700 1078.0
1366710 1075.1
1366720 1075.1
1366730 1071.9
1366740 1067.6
1366750 1067.6
1366760 1064.6
1366770 1061.5
1366780 1061.5
1366790 1058.1
1366800 1054.5
1366810 1050.3
1366820 1050.3
1366830 1045.8
1366840 1046.4
1366850 1046.4
1366860 1041.2
1366870 1035.8
1366880 1035.8
1366890 1030.4
1366900 1025.2
1366910 1025.2
1366920 1020.0
1366930 1015.5
1366940 1015.5
1366950 1010.6
1366960 1003.3
1366970 1003.3
1366980 993.8
1366990 985.3
1367000 985.3
1367010 982.9
1367020 987.7
1367030 987.7
1367040 990.1
1367050 991.7
1367060 991.7
1367070 994.0
1367080 994.4
1367090 994.4
1367100 993.8
1367110 991.8
1367120 991.8
1367130 990.3
1367140 989.7
1367150 989.7
1367160 989.7
1367170 989.2
1367180 988.9
1367190 988.9
1367200 988.1
1367210 986.9
1367220 986.9
1367230 986.1
1367240 984.3
1367250 984.3
1367260 981.8
1367270 978.8
1367280 978.8
1367290 976.8
1367300 975.2
1367310 975.2
1367320 972.2
1367330 969.5
1367340 969.5
1367350 968.7
1367360 968.5
1367370 968.5
1367380 967.8
1367390 966.5
1367400 966.5
1367410 964.7
1367420 963.9
1367430 963.9
1367440 963.9
1367450 964.0
1367460 964.0
1367470 961.8
1367480 955.5
1367490 950.7
1367500 950.7
1367510 952.9
1367520 955.5
1367530 955.5
1367540 954.1
1367550 952.5
1367560 952.5
1367570 951.6
1367580 950.7
1367590 950.7
1367600 949.7
1367610 948.5
1367620 948.5
1367630 946.7
1367640 943.5
1367650 943.5
1367660 938.8
1367670 937.1
1367680 937.1
1367690 936.3
1367700 936.9
1367710 936.9
1367720 937.4
1367730 937.9
1367740 937.9
1367750 938.6
1367760 939.5
1367770 939.5
1367780 940.2
1367790 940.7
1367800 940.7
1367810 941.2
1367820 941.3
1367830 941.3
1367840 941.3
1367850 941.3
1367860 939.7
1367870 939.7
1367880 935.7
1367890 933.2
1367900 933.2
1367910 931.9
1367920 929.8
1367930 929.8
1367940 925.4
1367950 920.8
1367960 920.8
1367970 916.5
1367980 912.1
1367990 912.1
1368000 907.7
1368010 903.5
1368020 903.5
1368030 899.3
1368040 894.9
1368050 894.9
1368060 890.8
1368070 886.8
1368080 886.8
1368090 883.0
1368100 879.1
1368110 879.1
1368120 874.9
1368130 870.5
1368140 870.5
1368150 866.1
1368160 862.6
1368170 859.5
1368180 859.5
1368190 856.4
1368200 853.5
1368210 853.5
1368220 851.1
1368230 848.8
1368240 848.8
1368250 846.7
1368260 844.8
1368270 844.8
1368280 842.8
1368290 840.3
1368300 840.3
1368310 838.9
1368320 838.7
1368330 838.7
1368340 839.9
1368350 841.6
1368360 841.6
1368370 841.9
1368380 841.7
1368390 841.7
1368400 842.4
1368410 843.7
1368420 843.7
1368430 844.4
1368440 843.8
1368450 843.8
1368460 841.8
1368470 839.5
1368480 839.5
1368490 836.4
1368500 833.0
1368510 829.3
1368520 829.3
1368530 825.8
1368540 823.4
1368550 823.4
1368560 823.0
1368570 822.7
1368580 822.7
1368590 822.4
1368600 822.0
1368610 822.0
1368620 821.0
1368630 819.8
1368640 819.8
1368650 817.3
1368660 817.1
1368670 817.1
1368680 819.8
1368690 823.0
1368700 823.0
1368710 824.7
1368720 827.0
1368730 827.0
1368740 832.3
1368750 839.5
1368760 839.5
1368770 846.9
1368780 853.5
1368790 853.5
1368800 858.8
1368810 862.0
1368820 862.0
1368830 866.7
1368840 874.0
1368850 879.3
1368860 879.3
1368870 882.9
1368880 886.0
1368890 886.0
1368900 888.3
1368910 889.8
1368920 889.8
1368930 891.0
1368940 891.5
1368950 891.5
1368960 892.0
1368970 892.7
1368980 892.7
1368990 892.9
1369000 893.2
1369010 893.2
1369020 893.7
1369030 894.5
1369040 895.9
1369050 897.7
1369060 899.0
1369070 899.0
1369080 899.0
1369090 899.4
1369100 899.4
1369110 899.7
1369120 899.8
1369130 899.8
1369140 900.3
1369150 900.5
1369160 900.5
1369170 900.8
1369180 901.1
1369190 901.8
1369200 901.8
1369210 902.5
1369220 903.4
1369230 903.4
1369240 904.9
1369250 906.7
1369260 906.7
1369270 908.4
1369280 909.9
1369290 909.9
1369300 912.0
1369310 913.7
1369320 913.7
1369330 915.1
1369340 916.1
1369350 916.1
1369360 917.1
1369370 917.4
1369380 917.4
1369390 918.3
1369400 919.8
1369410 919.8
1369420 922.1
1369430 923.7
1369440 923.7
1369450 924.8
1369460 926.4
1369470 926.4
1369480 928.2
1369490 930.0
1369500 930.0
1369510 930.7
1369520 931.3
1369530 932.9
1369540 932.9
1369550 933.8
1369560 933.9
1369570 933.9
1369580 934.5
1369590 934.4
1369600 934.4
1369610 934.6
1369620 934.9
1369630 934.9
1369640 935.3
1369650 935.8
1369660 935.8
1369670 936.1
1369680 936.6
1369690 936.6
1369700 937.3
1369710 937.1
1369720 937.1
1369730 936.4
1369740 936.0
1369750 936.0
1369760 934.6
1369770 933.3
1369780 933.3
1369790 932.7
1369800 932.3
1369810 932.3
1369820 932.7
1369830 933.1
1369840 933.1
1369850 934.6
1369860 937.3
1369870 938.4
1369880 938.4
1369890 939.2
1369900 940.1
1369910 940.1
1369920 941.3
1369930 942.7
1369940 942.7
1369950 944.4
1369960 945.1
1369970 945.1
1369980 945.1
1369990 945.4
1370000 945.4
1370010 945.2
1370020 944.8
1370030 944.8
1370040 944.9
1370050 944.8
1370060 944.8
1370070 945.3
1370080 946.6
1370090 946.6
1370100 948.6
1370110 950.6
1370120 950.6
1370130 951.3
1370140 951.2
1370150 955.2
1370160 955.4
1370170 954.8
1370180 954.8
1370190 953.5
1370200 952.5
1370210 952.0
1370220 952.0
1370230 951.9
1370240 952.8
1370250 952.8
1370260 954.5
1370270 956.0
1370280 956.0
1370290 957.6
1370300 959.1
1370310 959.1
1370320 960.5
1370330 961.1
1370340 961.1
1370350 961.2
1370360 960.1
1370370 960.1
1370380 956.7
1370390 954.3
1370400 954.3
1370410 956.3
1370420 959.8
1370430 959.8
1370440 962.5
1370450 965.9
1370460 965.9
1370470 968.5
1370480 968.3
1370490 968.3
1370500 966.3
1370510 963.1
1370520 963.1
1370530 957.6
1370540 956.0
1370550 958.9
1370560 958.9
1370570 961.5
1370580 963.4
1370590 963.4
1370600 967.7
1370610 971.5
1370620 971.5
1370630 973.4
1370640 971.2
1370650 971.2
1370660 966.5
1370670 962.0
1370680 962.0
1370690 958.8
1370700 954.6
1370710 954.6
1370720 949.0
1370730 951.6
1370740 951.6
1370750 959.2
1370760 965.2
1370770 965.2
1370780 967.9
1370790 971.5
1370800 971.5
1370810 975.1
1370820 975.4
1370830 975.4
1370840 969.8
1370850 960.5
1370860 960.5
1370870 952.0
1370880 955.1
1370890 961.9
1370900 961.9
1370910 969.1
1370920 974.7
1370930 974.7
1370940 974.1
1370950 971.4
1370960 971.4
1370970 974.1
1370980 977.7
1370990 977.7
1371000 975.2
1371010 967.9
1371020 967.9
1371030 961.1
1371040 965.9
1371050 965.9
1371060 972.4
1371070 976.9
1371080 976.9
1371090 980.9
1371100 981.5
1371110 981.5
1371120 979.2
1371130 980.8
1371140 980.8
1371150 982.0
1371160 978.6
1371170 978.6
1371180 982.6
1371190 993.0
1371200 993.0
1371210 1000.7
1371220 1006.6
1371230 1012.7
1371240 1012.7
1371250 1018.6
1371260 1023.8
1371270 1023.8
1371280 1031.9
1371290 1035.5
1371300 1035.5
1371310 1036.9
1371320 1037.8
1371330 1037.8
1371340 1038.3
1371350 1038.7
1371360 1038.7
1371370 1039.2
1371380 1039.5
1371390 1039.5
1371400 1039.6
1371410 1039.0
1371420 1039.0
1371430 1040.1
1371440 1041.6
1371450 1041.6
1371460 1042.4
1371470 1043.4
1371480 1043.4
1371490 1044.1
1371500 1044.1
1371510 1044.1
1371520 1043.3
1371530 1042.8
1371540 1042.8
1371550 1042.8
1371560 1042.7
1371570 1042.7
1371580 1042.7
1371590 1042.4
1371600 1041.1
1371610 1041.1
1371620 1037.6
1371630 1032.6
1371640 1032.6
1371650 1026.2
1371660 1019.1
1371670 1019.1
1371680 1011.8
1371690 1003.6
1371700 1003.6
1371710 995.1
1371720 988.4
1371730 988.4
1371740 992.5
1371750 999.9
1371760 999.9
1371770 1003.3
1371780 1004.6
1371790 1004.6
1371800 1007.0
1371810 1010.1
1371820 1010.1
1371830 1011.5
1371840 1015.5
1371850 1015.5
1371860 1019.1
1371870 1022.6
1371880 1022.6
1371890 1024.4
1371900 1024.9
1371910 1025.4
1371920 1025.4
1371930 1024.4
1371940 1025.2
1371950 1025.2
1371960 1026.4
1371970 1025.6
1371980 1025.6
1371990 1023.5
1372000 1022.9
1372010 1022.9
1372020 1022.6
1372030 1023.3
1372040 1023.3
1372050 1021.8
1372060 1021.9
1372070 1021.9
1372080 1024.8
1372090 1025.0
1372100 1025.0
1372110 1025.1
1372120 1024.9
1372130 1024.9
1372140 1024.3
1372150 1023.3
1372160 1023.3
1372170 1022.2
1372180 1020.6
1372190 1020.6
1372200 1018.5
1372210 1015.6
1372220 1015.6
1372230 1016.9
1372240 1019.6
1372250 1019.8
1372260 1019.8
1372270 1017.7
1372280 1016.3
1372290 1016.3
1372300 1017.0
1372310 1015.6
1372320 1015.6
1372330 1012.1
1372340 1010.3
1372350 1010.3
1372360 1010.3
1372370 1008.9
1372380 1008.9
1372390 1007.5
1372400 1007.9
1372410 1012.5
1372420 1011.5
1372430 1010.8
1372440 1010.8
1372450 1010.6
1372460 1010.2
1372470 1010.2
1372480 1007.9
1372490 1006.9
1372500 1006.9
1372510 1007.4
1372520 1007.4
1372530 1007.4
1372540 1008.3
1372550 1009.5
1372560 1009.5
1372570 1010.8
1372580 1012.1
1372590 1013.2
1372600 1013.2
1372610 1014.1
1372620 1014.9
1372630 1014.9
1372640 1015.8
1372650 1016.8
1372660 1016.8
1372670 1018.3
1372680 1020.2
1372690 1020.2
1372700 1022.5
1372710 1024.7
1372720 1024.7
1372730 1026.7
1372740 1028.0
1372750 1028.0
1372760 1029.3
1372770 1030.8
1372780 1030.8
1372790 1031.9
1372800 1031.8
1372810 1031.8
1372820 1031.2
1372830 1031.0
1372840 1031.0
1372850 1030.9
1372860 1030.8
1372870 1030.8
1372880 1030.6
1372890 1030.3
1372900 1030.3
1372910 1029.7
1372920 1029.0
1372930 1028.2
1372940 1028.2
1372950 1027.6
1372960 1027.1
1372970 1027.1
1372980 1026.6
1372990 1026.2
1373000 1026.2
1373010 1025.4
1373020 1024.8
1373030 1024.8
1373040 1023.9
1373050 1021.4
1373060 1021.4
1373070 1018.9
1373080 1017.7
1373090 1017.7
1373100 1017.6
1373110 1017.9
1373120 1017.9
1373130 1018.2
1373140 1019.0
1373150 1019.0
1373160 1021.1
1373170 1023.1
1373180 1023.1
1373190 1024.9
1373200 1026.0
1373210 1026.0
1373220 1025.9
1373230 1025.0
1373240 1025.0
1373250 1023.9
1373260 1023.2
1373270 1022.8
1373280 1022.8
1373290 1022.5
1373300 1022.2
1373310 1022.2
1373320 1021.9
1373330 1022.1
1373340 1022.1
1373350 1022.8
1373360 1023.7
1373370 1023.7
1373380 1024.4
1373390 1023.5
1373400 1023.5
1373410 1021.4
1373420 1019.1
1373430 1019.1
1373440 1017.4
1373450 1016.6
1373460 1016.6
1373470 1016.5
1373480 1016.4
1373490 1016.4
1373500 1016.1
1373510 1015.5
1373520 1015.5
1373530 1013.6
1373540 1011.1
1373550 1011.1
1373560 1010.8
1373570 1009.1
1373580 1009.1
1373590 1008.6
1373600 1007.4
1373610 1006.0
1373620 1006.0
1373630 1005.5
1373640 1005.5
1373650 1005.5
1373660 1006.1
1373670 1005.7
1373680 1005.7
1373690 1004.1
1373700 1001.5
1373710 1001.5
1373720 998.8
1373730 996.2
1373740 996.2
1373750 993.9
1373760 991.9
1373770 991.9
1373780 990.1
1373790 987.5
1373800 987.5
1373810 985.0
1373820 981.0
1373830 981.0
1373840 976.3
1373850 972.7
1373860 972.7
1373870 969.4
1373880 962.1
1373890 962.1
1373900 953.7
1373910 945.1
1373920 945.1
1373930 936.9
1373940 929.9
1373950 923.7
1373960 923.7
1373970 917.9
1373980 914.8
1373990 914.8
1374000 910.5
1374010 905.7
1374020 905.7
1374030 901.0
1374040 896.5
1374050 896.5
1374060 892.0
1374070 888.3
1374080 888.3
1374090 883.9
1374100 879.1
1374110 879.1
1374120 873.6
1374130 868.9
1374140 868.9
1374150 866.4
1374160 863.2
1374170 863.2
1374180 859.8
1374190 856.7
1374200 856.7
1374210 853.4
1374220 850.3
1374230 850.3
1374240 847.1
1374250 844.1
1374260 844.1
1374270 841.2
1374280 838.8
1374290 836.7
1374300 836.7
1374310 834.9
1374320 832.9
1374330 832.9
1374340 830.6
1374350 828.4
1374360 828.4
1374370 826.4
1374380 824.9
1374390 824.9
1374400 822.9
1374410 820.8
1374420 820.8
1374430 818.8
1374440 817.1
1374450 817.1
1374460 815.6
1374470 814.9
1374480 814.9
1374490 814.7
1374500 813.0
1374510 813.0
1374520 809.0
1374530 807.6
1374540 807.6
1374550 808.7
1374560 811.2
1374570 811.2
1374580 813.2
1374590 815.4
1374600 815.4
1374610 817.7
1374620 819.7
1374630 821.5
1374640 821.5
1374650 823.4
1374660 825.2
1374670 825.2
1374680 826.7
1374690 827.7
1374700 827.7
1374710 828.1
1374720 828.9
1374730 828.9
1374740 828.7
1374750 828.7
1374760 828.7
1374770 828.9
1374780 829.3
1374790 829.3
1374800 829.8
1374810 830.4
1374820 830.4
1374830 831.2
1374840 831.8
1374850 831.8
1374860 832.2
1374870 832.5
1374880 832.5
1374890 832.5
1374900 832.3
1374910 832.3
1374920 832.1
1374930 831.5
1374940 831.5
1374950 827.8
1374960 822.6
1374970 818.1
1374980 818.1
1374990 813.7
1375000 809.6
1375010 809.6
1375020 805.6
1375030 801.8
1375040 801.8
1375050 797.7
1375060 793.5
1375070 793.5
1375080 789.1
1375090 785.0
1375100 785.0
1375110 780.7
1375120 776.8
1375130 776.8
1375140 773.9
1375150 771.7
1375160 771.7
1375170 769.9
1375180 768.3
1375190 768.3
1375200 766.4
1375210 764.5
1375220 764.5
1375230 763.1
1375240 761.9
1375250 761.9
1375260 761.1
1375270 760.7
1375280 760.7
1375290 760.4
1375300 760.1
1375310 759.7
1375320 759.7
1375330 759.0
1375340 757.5
1375350 757.5
1375360 754.9
1375370 753.0
1375380 753.0
1375390 751.7
1375400 751.3
1375410 751.3
1375420 752.7
1375430 754.2
1375440 754.2
1375450 753.5
1375460 751.0
1375470 751.0
1375480 747.7
1375490 745.4
1375500 745.4
1375510 743.8
1375520 741.2
1375530 741.2
1375540 738.8
1375550 734.3
1375560 734.3
1375570 728.7
1375580 723.5
1375590 723.5
1375600 718.1
1375610 713.1
1375620 713.1
1375630 711.5
1375640 711.2
1375650 711.2
1375660 711.2
1375670 711.2
1375680 711.2
1375690 711.2
1375700 711.3
1375710 711.1
1375720 711.1
1375730 711.3
1375740 712.3
1375750 712.3
1375760 710.2
1375770 707.7
1375780 707.7
1375790 709.1
1375800 710.5
1375810 710.5
1375820 711.1
1375830 711.1
1375840 711.1
1375850 711.2
1375860 713.5
1375870 713.5
1375880 717.4
1375890 720.6
1375900 720.6
1375910 725.9
1375920 731.5
1375930 731.5
1375940 737.9
1375950 743.6
1375960 743.6
1375970 750.2
1375980 757.2
1375990 760.2
1376000 760.2
1376010 760.2
1376020 761.1
1376030 761.1
1376040 762.9
1376050 765.0
1376060 765.0
1376070 766.9
1376080 769.0
1376090 769.0
1376100 771.7
1376110 773.7
1376120 773.7
1376130 775.4
1376140 776.8
1376150 776.8
1376160 777.9
1376170 778.4
1376180 778.4
1376190 778.3
1376200 777.7
1376210 777.7
1376220 777.0
1376230 775.9
1376240 775.9
1376250 774.6
1376260 772.8
1376270 772.8
1376280 770.4
1376290 768.2
1376300 768.2
1376310 765.6
1376320 762.4
1376330 759.4
1376340 759.4
1376350 756.9
1376360 754.3
1376370 754.3
1376380 751.8
1376390 749.4
1376400 749.4
1376410 747.5
1376420 746.3
1376430 746.3
1376440 745.1
1376450 743.5
1376460 743.5
1376470 741.6
1376480 739.9
1376490 739.9
1376500 738.6
1376510 737.6
1376520 737.6
1376530 736.8
1376540 736.0
1376550 736.0
1376560 735.4
1376570 735.6
1376580 735.6
1376590 735.9
1376600 736.4
1376610 736.4
1376620 736.7
1376630 736.7
1376640 736.7
1376650 736.6
1376660 736.9
1376670 737.0
1376680 737.0
1376690 736.8
1376700 736.7
1376710 736.7
1376720 736.8
1376730 737.1
1376740 737.1
1376750 737.5
1376760 737.6
1376770 737.6
1376780 737.8
1376790 738.1
1376800 738.1
1376810 738.4
1376820 739.0
1376830 739.0
1376840 740.1
1376850 741.6
1376860 741.6
1376870 743.4
1376880 745.5
1376890 745.5
1376900 747.0
1376910 748.0
1376920 748.0
1376930 748.7
1376940 749.3
1376950 749.3
1376960 749.6
1376970 749.7
1376980 749.7
1376990 749.8
1377000 750.5
1377010 750.9
1377020 750.9
1377030 751.2
1377040 751.3
1377050 751.3
1377060 751.4
1377070 750.8
1377080 750.8
1377090 750.5
1377100 749.7
1377110 749.7
1377120 748.8
1377130 747.9
1377140 747.9
1377150 747.5
1377160 747.2
1377170 747.2
1377180 746.9
1377190 746.6
1377200 746.6
1377210 746.5
1377220 746.7
1377230 746.7
1377240 747.3
1377250 748.0
1377260 748.0
1377270 748.9
1377280 750.1
1377290 750.1
1377300 751.8
1377310 753.0
1377320 753.0
1377330 754.5
1377340 756.6
1377350 759.1
1377360 759.1
1377370 762.4
1377380 765.6
1377390 765.6
1377400 767.3
1377410 767.1
1377420 767.1
1377430 766.4
1377440 765.9
1377450 765.9
1377460 764.9
1377470 763.3
1377480 763.3
1377490 760.6
1377500 757.1
1377510 757.1
1377520 753.9
1377530 751.0
1377540 751.0
1377550 748.5
1377560 746.6
1377570 746.6
1377580 744.6
1377590 742.9
1377600 742.9
1377610 741.5
1377620 740.2
1377630 740.2
1377640 738.8
1377650 737.0
1377660 737.0
1377670 735.2
1377680 733.6
1377690 732.1
1377700 732.1
1377710 730.6
1377720 729.4
1377730 729.4
1377740 728.5
1377750 727.8
1377760 727.8
1377770 726.1
1377780 725.6
1377790 725.6
1377800 725.8
1377810 726.2
1377820 726.2
1377830 727.0
1377840 728.2
1377850 728.2
1377860 730.9
1377870 735.5
1377880 735.5
1377890 738.9
1377900 740.1
1377910 740.1
1377920 740.1
1377930 739.3
1377940 739.3
1377950 738.2
1377960 736.9
1377970 736.9
1377980 736.0
1377990 735.6
1378000 735.6
1378010 735.2
1378020 734.1
1378030 732.3
1378040 732.3
1378050 731.2
1378060 730.2
1378070 730.2
1378080 729.1
1378090 728.8
1378100 728.8
1378110 728.5
1378120 728.2
1378130 728.2
1378140 728.0
1378150 727.4
1378160 727.4
1378170 728.2
1378180 729.1
1378190 729.1
1378200 728.8
1378210 727.8
1378220 727.8
1378230 726.4
1378240 725.1
1378250 725.1
1378260 724.6
1378270 722.4
1378280 722.4
1378290 720.8
1378300 720.2
1378310 720.2
1378320 719.1
1378330 715.8
1378340 715.8
1378350 712.3
1378360 710.6
1378370 709.1
1378380 709.1
1378390 707.5
1378400 706.1
1378410 706.1
1378420 704.8
1378430 703.6
1378440 703.6
1378450 702.5
1378460 701.3
1378470 701.3
1378480 700.0
1378490 699.3
1378500 699.3
1378510 698.0
1378520 696.8
1378530 696.8
1378540 695.9
1378550 694.4
1378560 694.4
1378570 693.7
1378580 692.7
1378590 692.7
1378600 691.9
1378610 691.2
1378620 691.2
1378630 689.5
1378640 689.2
1378650 689.2
1378660 688.4
1378670 686.7
1378680 686.7
1378690 686.4
1378700 685.1
1378710 682.6
1378720 682.6
1378730 681.9
1378740 681.9
1378750 681.9
1378760 681.8
1378770 681.7
1378780 681.7
1378790 681.6
1378800 681.6
1378810 681.6
1378820 681.6
1378830 681.6
1378840 681.6
1378850 681.5
1378860 681.5
1378870 681.5
1378880 681.5
1378890 681.4
1378900 681.4
1378910 681.3
1378920 681.3
1378930 681.3
1378940 681.3
1378950 681.2
1378960 681.2
1378970 681.2
1378980 681.1
1378990 681.1
1379000 681.1
1379010 681.0
1379020 681.0
1379030 681.0
1379040 681.0
1379050 680.9
1379060 680.9
1379070 680.9
1379080 680.8
1379090 680.8
1379100 680.8
1379110 680.7
1379120 680.7
1379130 680.7
1379140 680.6
1379150 680.6
1379160 680.6
1379170 680.5
1379180 680.5
1379190 680.4
1379200 680.4
1379210 680.4
1379220 680.4
1379230 680.5
1379240 680.5
1379250 680.5
1379260 680.4
1379270 680.4
1379280 680.3
1379290 680.2
1379300 680.2
1379310 680.1
1379320 680.3
1379330 680.3
1379340 680.4
1379350 680.0
1379360 680.0
1379370 679.9
1379380 679.9
1379390 679.8
1379400 679.8
1379410 679.7
1379420 679.5
1379430 679.5
1379440 679.5
1379450 679.3
1379460 679.3
1379470 679.0
1379480 678.9
1379490 678.9
1379500 678.9
1379510 679.0
1379520 679.0
1379530 678.9
1379540 678.7
1379550 678.7
1379560 678.7
1379570 678.6
1379580 678.6
1379590 678.6
1379600 678.5
1379610 678.5
1379620 678.4
1379630 678.4
1379640 678.4
1379650 678.4
1379660 678.3
1379670 678.3
1379680 678.3
1379690 678.3
1379700 678.3
1379710 678.3
1379720 678.3
1379730 678.2
1379740 678.2
1379750 678.2
1379760 678.2
1379770 678.2
1379780 678.1
1379790 678.1
1379800 678.1
1379810 678.1
1379820 678.0
1379830 678.0
1379840 678.0
1379850 678.0
1379860 678.0
1379870 678.0
1379880 678.0
1379890 678.0
1379900 678.0
1379910 678.1
1379920 678.1
1379930 678.1
1379940 678.0
1379950 678.0
1379960 678.1
1379970 678.1
1379980 678.1
1379990 678.2
