1360000 696.9
1360010 696.9
1360020 697.2
1360030 697.7
1360040 697.7
1360050 698.3
1360060 699.1
1360070 699.1
1360080 700.0
1360090 700.7
1360100 700.7
1360110 701.3
1360120 702.0
1360130 702.0
1360140 702.7
1360150 703.3
1360160 703.3
1360170 704.0
1360180 704.8
1360190 704.8
1360200 705.6
1360210 706.3
1360220 706.3
1360230 707.0
1360240 707.8
1360250 707.8
1360260 708.5
1360270 709.2
1360280 709.2
1360290 709.5
1360300 709.6
1360310 710.6
1360320 710.6
1360330 711.1
1360340 711.6
1360350 711.6
1360360 712.0
1360370 712.5
1360380 712.5
1360390 713.0
1360400 713.7
1360410 713.7
1360420 714.5
1360430 715.0
1360440 715.0
1360450 715.3
1360460 715.7
1360470 715.7
1360480 716.6
1360490 717.8
1360500 717.8
1360510 718.9
1360520 719.2
1360530 719.2
1360540 719.5
1360550 719.7
1360560 719.7
1360570 719.6
1360580 719.2
1360590 719.2
1360600 719.2
1360610 722.3
1360620 722.3
1360630 725.1
1360640 727.7
1360650 731.5
1360660 731.5
1360670 735.0
1360680 738.4
1360690 738.4
1360700 740.1
1360710 736.8
1360720 736.8
1360730 737.2
1360740 737.6
1360750 737.6
1360760 737.7
1360770 736.9
1360780 736.9
1360790 735.6
1360800 735.4
1360810 735.4
1360820 736.4
1360830 738.3
1360840 738.3
1360850 740.2
1360860 741.7
1360870 741.7
1360880 742.6
1360890 743.4
1360900 743.4
1360910 744.2
1360920 745.0
1360930 745.0
1360940 746.0
1360950 746.8
1360960 746.8
1360970 747.7
1360980 748.6
1360990 748.6
1361000 749.8
1361010 751.0
1361020 751.8
1361030 751.8
1361040 752.8
1361050 753.9
1361060 753.9
1361070 755.1
1361080 756.4
1361090 756.4
1361100 757.7
1361110 759.1
1361120 759.1
1361130 760.3
1361140 761.5
1361150 761.5
1361160 762.6
1361170 763.6
1361180 763.6
1361190 764.6
1361200 765.6
1361210 765.6
1361220 766.8
1361230 767.9
1361240 767.9
1361250 769.0
1361260 770.0
1361270 770.0
1361280 770.8
1361290 771.6
1361300 771.6
1361310 772.5
1361320 773.4
1361330 773.4
1361340 774.0
1361350 774.7
1361360 775.3
1361370 775.3
1361380 776.0
1361390 776.9
1361400 776.9
1361410 777.7
1361420 778.6
1361430 778.6
1361440 779.4
1361450 779.8
1361460 779.8
1361470 780.1
1361480 780.9
1361490 780.9
1361500 781.7
1361510 782.7
1361520 782.7
1361530 784.1
1361540 785.3
1361550 785.3
1361560 785.8
1361570 786.4
1361580 786.4
1361590 787.2
1361600 788.2
1361610 788.2
1361620 789.1
1361630 789.7
1361640 789.7
1361650 790.5
1361660 791.2
1361670 791.2
1361680 792.0
1361690 792.7
1361700 793.4
1361710 793.4
1361720 794.2
1361730 795.0
1361740 795.0
1361750 796.8
1361760 797.6
1361770 797.6
1361780 798.4
1361790 799.2
1361800 799.2
1361810 800.0
1361820 800.9
1361830 800.9
1361840 801.7
1361850 802.6
1361860 802.6
1361870 803.5
1361880 801.5
1361890 801.5
1361900 795.8
1361910 791.9
1361920 791.9
1361930 794.4
1361940 797.1
1361950 797.1
1361960 799.3
1361970 801.8
1361980 801.8
1361990 804.5
1362000 807.4
1362010 807.4
1362020 810.7
1362030 814.3
1362040 817.5
1362050 817.5
1362060 820.4
1362070 823.5
1362080 823.5
1362090 826.5
1362100 829.7
1362110 829.7
1362120 832.2
1362130 834.2
1362140 834.2
1362150 835.8
1362160 837.3
1362170 837.3
1362180 837.8
1362190 833.7
1362200 833.7
1362210 827.4
1362220 823.6
1362230 823.6
1362240 819.5
1362250 816.1
1362260 816.1
1362270 814.1
1362280 813.9
1362290 813.9
1362300 815.5
1362310 816.5
1362320 816.5
1362330 817.5
1362340 818.9
1362350 818.9
1362360 820.1
1362370 821.5
1362380 822.7
1362390 822.7
1362400 823.8
1362410 824.5
1362420 824.5
1362430 824.7
1362440 825.0
1362450 825.0
1362460 825.8
1362470 827.1
1362480 827.1
1362490 827.7
1362500 827.3
1362510 827.3
1362520 827.3
1362530 828.3
1362540 828.3
1362550 828.9
1362560 829.3
1362570 829.3
1362580 829.6
1362590 829.6
1362600 829.6
1362610 828.6
1362620 827.4
1362630 827.4
1362640 826.6
1362650 825.4
1362660 825.4
1362670 827.2
1362680 832.1
1362690 832.1
1362700 837.8
1362710 843.0
1362720 848.6
1362730 848.6
1362740 855.1
1362750 862.4
1362760 862.4
1362770 865.1
1362780 869.3
1362790 869.8
1362800 876.1
1362810 881.9
1362820 881.9
1362830 887.6
1362840 892.8
1362850 892.8
1362860 897.1
1362870 900.2
1362880 900.2
1362890 901.3
1362900 902.7
1362910 902.7
1362920 904.7
1362930 907.1
1362940 907.1
1362950 909.5
1362960 912.1
1362970 912.1
1362980 915.1
1362990 917.8
1363000 917.8
1363010 919.7
1363020 922.0
1363030 922.0
1363040 924.8
1363050 927.1
1363060 929.8
1363070 929.8
1363080 933.2
1363090 936.4
1363100 936.4
1363110 938.7
1363120 941.1
1363130 941.1
1363140 943.9
1363150 946.6
1363160 946.6
1363170 948.2
1363180 948.5
1363190 948.5
1363200 948.6
1363210 949.2
1363220 949.2
1363230 951.5
1363240 954.5
1363250 954.5
1363260 957.3
1363270 959.3
1363280 959.3
1363290 960.7
1363300 960.0
1363310 960.0
1363320 960.4
1363330 963.0
1363340 963.0
1363350 966.0
1363360 966.3
1363370 966.3
1363380 966.2
1363390 967.2
1363400 968.5
1363410 968.5
1363420 969.7
1363430 971.1
1363440 971.1
1363450 971.5
1363460 972.3
1363470 972.3
1363480 972.5
1363490 972.6
1363500 972.6
1363510 972.0
1363520 971.4
1363530 971.4
1363540 971.0
1363550 970.9
1363560 970.9
1363570 970.6
1363580 970.7
1363590 970.7
1363600 970.5
1363610 970.9
1363620 970.9
1363630 970.3
1363640 969.3
1363650 969.3
1363660 969.6
1363670 970.1
1363680 970.1
1363690 970.2
1363700 969.9
1363710 969.9
1363720 969.6
1363730 968.5
1363740 968.0
1363750 968.0
1363760 968.3
1363770 969.5
1363780 969.5
1363790 970.6
1363800 971.0
1363810 971.0
1363820 970.8
1363830 969.9
1363840 973.7
1363850 973.1
1363860 971.5
1363870 971.5
1363880 972.1
1363890 971.4
1363900 971.4
1363910 969.6
1363920 969.0
1363930 969.0
1363940 970.3
1363950 970.4
1363960 970.4
1363970 970.0
1363980 970.5
1363990 970.5
1364000 969.8
1364010 967.7
1364020 967.7
1364030 965.0
1364040 964.0
1364050 964.0
1364060 962.5
1364070 956.9
1364080 951.3
1364090 951.3
1364100 947.9
1364110 944.1
1364120 944.1
1364130 940.0
1364140 934.7
1364150 934.7
1364160 935.6
1364170 937.1
1364180 937.1
1364190 938.2
1364200 940.4
1364210 940.4
1364220 943.5
1364230 946.8
1364240 946.8
1364250 949.5
1364260 951.2
1364270 951.2
1364280 952.0
1364290 951.6
1364300 951.6
1364310 952.3
1364320 953.5
1364330 953.5
1364340 953.4
1364350 952.6
1364360 952.6
1364370 951.6
1364380 950.2
1364390 950.2
1364400 949.5
1364410 949.4
1364420 948.8
1364430 948.8
1364440 947.5
1364450 945.6
1364460 945.6
1364470 943.3
1364480 942.4
1364490 942.4
1364500 942.7
1364510 942.3
1364520 942.3
1364530 940.0
1364540 937.7
1364550 937.7
1364560 938.2
1364570 936.5
1364580 936.5
1364590 935.3
1364600 934.6
1364610 934.6
1364620 932.7
1364630 931.8
1364640 931.8
1364650 932.5
1364660 932.2
1364670 932.2
1364680 931.0
1364690 930.1
1364700 930.1
1364710 928.7
1364720 925.3
1364730 925.3
1364740 916.1
1364750 910.0
1364760 913.4
1364770 913.4
1364780 914.2
1364790 915.6
1364800 915.6
1364810 916.4
1364820 914.7
1364830 914.7
1364840 910.7
1364850 907.0
1364860 907.0
1364870 904.4
1364880 899.0
1364890 899.0
1364900 897.6
1364910 906.8
1364920 906.8
1364930 904.5
1364940 896.3
1364950 896.3
1364960 888.6
1364970 883.4
1364980 883.4
1364990 880.1
1365000 881.7
1365010 881.7
1365020 889.5
1365030 900.6
1365040 900.6
1365050 912.0
1365060 920.9
1365070 920.9
1365080 927.7
1365090 933.7
1365100 933.7
1365110 938.5
1365120 941.5
1365130 944.1
1365140 944.1
1365150 946.8
1365160 950.9
1365170 950.9
1365180 955.4
1365190 960.4
1365200 960.4
1365210 964.9
1365220 968.4
1365230 968.4
1365240 971.4
1365250 973.9
1365260 973.9
1365270 976.0
1365280 977.7
1365290 977.7
1365300 979.2
1365310 979.9
1365320 979.9
1365330 980.4
1365340 980.6
1365350 980.6
1365360 981.0
1365370 981.3
1365380 981.3
1365390 981.6
1365400 981.9
1365410 981.9
1365420 981.9
1365430 981.8
1365440 981.8
1365450 981.7
1365460 981.9
1365470 981.7
1365480 981.7
1365490 981.5
1365500 981.3
1365510 981.3
1365520 980.9
1365530 980.4
1365540 980.4
1365550 979.7
1365560 978.7
1365570 978.7
1365580 977.7
1365590 976.3
1365600 976.3
1365610 974.3
1365620 971.9
1365630 971.9
1365640 969.3
1365650 966.4
1365660 966.4
1365670 961.7
1365680 956.7
1365690 956.7
1365700 952.5
1365710 946.5
1365720 946.5
1365730 942.3
1365740 940.4
1365750 940.4
1365760 942.5
1365770 942.5
1365780 942.5
1365790 937.2
1365800 928.9
1365810 920.7
1365820 920.7
1365830 913.3
1365840 905.5
1365850 905.5
1365860 904.3
1365870 914.9
1365880 914.9
1365890 923.9
1365900 931.6
1365910 931.6
1365920 938.0
1365930 943.5
1365940 943.5
1365950 944.7
1365960 943.3
1365970 943.3
1365980 942.0
1365990 940.4
1366000 940.4
1366010 941.6
1366020 944.6
1366030 944.6
1366040 948.7
1366050 952.5
1366060 952.5
1366070 955.2
1366080 957.5
1366090 957.5
1366100 958.4
1366110 956.9
1366120 956.9
1366130 954.4
1366140 951.5
1366150 948.3
1366160 948.3
1366170 944.9
1366180 942.1
1366190 942.1
1366200 939.4
1366210 936.1
1366220 936.1
1366230 934.6
1366240 934.2
1366250 934.2
1366260 933.8
1366270 933.0
1366280 933.0
1366290 931.7
1366300 930.3
1366310 930.3
1366320 929.3
1366330 928.2
1366340 928.2
1366350 927.0
1366360 925.4
1366370 925.4
1366380 923.0
1366390 920.2
1366400 920.2
1366410 918.2
1366420 917.3
1366430 917.3
1366440 916.6
1366450 916.0
1366460 916.0
1366470 915.1
1366480 914.4
1366490 914.1
1366500 914.1
1366510 912.7
1366520 911.8
1366530 911.8
1366540 911.7
1366550 911.5
1366560 911.5
1366570 911.0
1366580 910.4
1366590 910.4
1366600 909.8
1366610 909.4
1366620 909.4
1366630 908.9
1366640 908.2
1366650 908.2
1366660 907.5
1366670 907.3
1366680 907.3
1366690 907.5
1366700 907.7
1366710 907.7
1366720 907.8
1366730 907.4
1366740 907.4
1366750 905.6
1366760 903.4
1366770 903.4
1366780 901.6
1366790 900.4
1366800 900.4
1366810 900.4
1366820 900.9
1366830 901.5
1366840 901.5
1366850 902.1
1366860 902.5
1366870 902.5
1366880 902.5
1366890 903.7
1366900 903.7
1366910 905.3
1366920 906.0
1366930 906.0
1366940 906.3
1366950 906.3
1366960 906.3
1366970 906.4
1366980 906.5
1366990 906.5
1367000 906.5
1367010 906.7
1367020 906.7
1367030 906.8
1367040 907.2
1367050 907.2
1367060 908.1
1367070 908.1
1367080 908.1
1367090 908.4
1367100 908.6
1367110 908.6
1367120 908.7
1367130 908.8
1367140 908.8
1367150 908.7
1367160 908.6
1367170 908.4
1367180 908.4
1367190 908.4
1367200 908.4
1367210 908.4
1367220 908.4
1367230 908.5
1367240 908.5
1367250 908.5
1367260 908.6
1367270 908.6
1367280 908.6
1367290 908.7
1367300 908.7
1367310 908.8
1367320 908.8
1367330 908.8
1367340 908.9
1367350 908.9
1367360 908.9
1367370 908.9
1367380 908.9
1367390 908.9
1367400 908.9
1367410 908.7
1367420 908.7
1367430 908.4
1367440 908.1
1367450 908.1
1367460 907.8
1367470 907.5
1367480 907.5
1367490 907.0
1367500 905.5
1367510 902.1
1367520 902.1
1367530 898.0
1367540 892.7
1367550 892.7
1367560 887.3
1367570 883.8
1367580 883.8
1367590 877.9
1367600 871.6
1367610 871.6
1367620 870.7
1367630 871.9
1367640 871.9
1367650 873.0
1367660 876.2
1367670 876.2
1367680 880.9
1367690 886.1
1367700 886.1
1367710 885.0
1367720 883.4
1367730 883.4
1367740 888.3
1367750 891.8
1367760 891.8
1367770 891.9
1367780 891.6
1367790 891.6
1367800 890.0
1367810 888.6
1367820 888.6
1367830 888.3
1367840 887.9
1367850 889.9
1367860 889.9
1367870 890.9
1367880 891.0
1367890 891.0
1367900 890.8
1367910 890.2
1367920 890.2
1367930 889.9
1367940 889.6
1367950 889.6
1367960 889.0
1367970 888.4
1367980 888.4
1367990 887.5
1368000 885.6
1368010 885.6
1368020 882.3
1368030 878.4
1368040 878.4
1368050 873.8
1368060 869.3
1368070 869.3
1368080 864.8
1368090 860.1
1368100 860.1
1368110 856.2
1368120 853.4
1368130 853.4
1368140 851.8
1368150 850.8
1368160 855.6
1368170 853.3
1368180 850.0
1368190 846.1
1368200 846.1
1368210 843.1
1368220 841.0
1368230 841.0
1368240 836.3
1368250 831.9
1368260 831.9
1368270 828.5
1368280 825.1
1368290 825.1
1368300 822.4
1368310 819.8
1368320 819.8
1368330 816.9
1368340 815.6
1368350 815.6
1368360 814.0
1368370 812.6
1368380 812.6
1368390 807.2
1368400 803.8
1368410 803.8
1368420 802.8
1368430 802.1
1368440 802.1
1368450 801.9
1368460 801.9
1368470 801.9
1368480 801.9
1368490 801.6
1368500 801.6
1368510 799.4
1368520 801.3
1368530 802.6
1368540 802.6
1368550 803.2
1368560 803.5
1368570 803.5
1368580 803.5
1368590 803.1
1368600 803.1
1368610 802.9
1368620 803.5
1368630 803.5
1368640 806.0
1368650 807.6
1368660 807.6
1368670 808.4
1368680 809.1
1368690 809.1
1368700 809.8
1368710 810.7
1368720 810.7
1368730 812.6
1368740 815.1
1368750 815.1
1368760 819.2
1368770 823.7
1368780 823.7
1368790 828.0
1368800 832.0
1368810 832.0
1368820 835.2
1368830 835.8
1368840 835.8
1368850 832.5
1368860 829.2
1368870 827.4
1368880 827.4
1368890 822.7
1368900 818.4
1368910 818.4
1368920 818.2
1368930 819.6
1368940 819.6
1368950 820.9
1368960 823.1
1368970 823.1
1368980 824.6
1368990 825.6
1369000 825.6
1369010 826.6
1369020 827.1
1369030 827.1
1369040 827.7
1369050 828.4
1369060 828.4
1369070 829.1
1369080 829.6
1369090 829.6
1369100 830.7
1369110 832.3
1369120 832.3
1369130 833.8
1369140 834.9
1369150 834.9
1369160 835.8
1369170 836.6
1369180 836.6
1369190 836.8
1369200 835.9
1369210 833.8
1369220 833.8
1369230 831.3
1369240 828.8
1369250 828.8
1369260 827.9
1369270 829.2
1369280 829.2
1369290 829.6
1369300 829.9
1369310 829.9
1369320 830.4
1369330 831.1
1369340 831.1
1369350 832.1
1369360 833.1
1369370 833.1
1369380 833.5
1369390 834.1
1369400 834.1
1369410 834.0
1369420 833.5
1369430 833.5
1369440 832.5
1369450 832.0
1369460 832.0
1369470 831.7
1369480 831.4
1369490 831.4
1369500 830.9
1369510 829.5
1369520 829.5
1369530 830.3
1369540 832.6
1369550 832.6
1369560 833.1
1369570 835.1
1369580 837.9
1369590 837.9
1369600 841.4
1369610 845.6
1369620 845.6
1369630 849.8
1369640 854.0
1369650 854.0
1369660 857.7
1369670 860.1
1369680 860.1
1369690 861.1
1369700 864.2
1369710 864.2
1369720 870.9
1369730 872.4
1369740 872.4
1369750 870.0
1369760 867.4
1369770 867.4
1369780 865.3
1369790 863.6
1369800 863.6
1369810 861.7
1369820 859.8
1369830 859.8
1369840 857.6
1369850 855.4
1369860 855.4
1369870 853.4
1369880 851.9
1369890 851.9
1369900 850.6
1369910 849.7
1369920 850.6
1369930 850.6
1369940 851.1
1369950 850.9
1369960 850.9
1369970 853.5
1369980 857.6
1369990 857.6
1370000 861.4
1370010 863.5
1370020 863.5
1370030 864.3
1370040 864.6
1370050 864.6
1370060 863.7
1370070 861.1
1370080 861.1
1370090 857.0
1370100 854.4
1370110 854.4
1370120 853.8
1370130 852.4
1370140 852.4
1370150 850.1
1370160 848.1
1370170 848.1
1370180 846.8
1370190 846.2
1370200 846.2
1370210 845.9
1370220 845.4
1370230 845.4
1370240 846.1
1370250 846.6
1370260 846.0
1370270 846.0
1370280 843.6
1370290 842.3
1370300 842.3
1370310 841.7
1370320 840.9
1370330 840.9
1370340 839.4
1370350 837.9
1370360 837.9
1370370 837.2
1370380 839.9
1370390 839.9
1370400 840.2
1370410 839.5
1370420 839.5
1370430 838.2
1370440 836.9
1370450 836.9
1370460 838.0
1370470 840.2
1370480 840.2
1370490 841.1
1370500 841.4
1370510 841.4
1370520 841.7
1370530 841.8
1370540 841.8
1370550 841.7
1370560 842.2
1370570 842.2
1370580 842.4
1370590 842.8
1370600 843.6
1370610 843.6
1370620 844.6
1370630 845.6
1370640 845.6
1370650 846.6
1370660 847.4
1370670 847.4
1370680 847.9
1370690 848.1
1370700 848.1
1370710 848.2
1370720 848.3
1370730 848.3
1370740 848.4
1370750 848.4
1370760 848.4
1370770 848.4
1370780 848.3
1370790 848.3
1370800 848.3
1370810 848.1
1370820 848.1
1370830 847.8
1370840 847.2
1370850 847.2
1370860 846.6
1370870 846.0
1370880 846.0
1370890 845.5
1370900 845.0
1370910 845.0
1370920 844.5
1370930 844.1
1370940 843.8
1370950 843.8
1370960 843.4
1370970 842.6
1370980 842.6
1370990 841.9
1371000 841.7
1371010 841.7
1371020 841.8
1371030 841.4
1371040 841.4
1371050 840.6
1371060 839.9
1371070 839.9
1371080 839.3
1371090 840.3
1371100 840.3
1371110 843.2
1371120 844.8
1371130 844.8
1371140 844.6
1371150 844.2
1371160 844.2
1371170 844.2
1371180 844.0
1371190 844.0
1371200 843.6
1371210 843.3
1371220 843.3
1371230 842.7
1371240 842.1
1371250 842.1
1371260 841.4
1371270 840.7
1371280 840.0
1371290 840.0
1371300 839.4
1371310 837.7
1371320 837.7
1371330 837.0
1371340 836.1
1371350 836.1
1371360 834.2
1371370 832.8
1371380 832.8
1371390 833.2
1371400 834.6
1371410 834.6
1371420 835.0
1371430 835.1
1371440 835.1
1371450 835.1
1371460 834.4
1371470 834.4
1371480 833.7
1371490 833.9
1371500 833.9
1371510 838.2
1371520 840.1
1371530 840.1
1371540 841.7
1371550 842.7
1371560 842.7
1371570 842.7
1371580 842.4
1371590 842.4
1371600 843.0
1371610 842.5
1371620 842.0
1371630 842.0
1371640 843.3
1371650 842.1
1371660 842.1
1371670 840.9
1371680 840.4
1371690 840.4
1371700 839.7
1371710 839.4
1371720 839.4
1371730 838.8
1371740 838.3
1371750 838.3
1371760 838.3
1371770 838.1
1371780 838.1
1371790 837.9
1371800 839.5
1371810 839.5
1371820 842.8
1371830 844.4
1371840 844.4
1371850 843.3
1371860 843.2
1371870 843.2
1371880 844.8
1371890 846.1
1371900 846.1
1371910 845.1
1371920 838.9
1371930 838.9
1371940 835.0
1371950 843.7
1371960 851.3
1371970 851.3
1371980 852.6
1371990 853.2
1372000 853.2
1372010 853.6
1372020 851.9
1372030 851.9
1372040 848.9
1372050 849.0
1372060 849.0
1372070 849.5
1372080 850.2
1372090 850.2
1372100 850.2
1372110 847.1
1372120 847.1
1372130 842.0
1372140 835.9
1372150 835.9
1372160 830.5
1372170 824.2
1372180 824.2
1372190 819.4
1372200 824.0
1372210 824.0
1372220 831.9
1372230 835.9
1372240 835.9
1372250 829.7
1372260 828.1
1372270 828.1
1372280 835.6
1372290 841.8
1372300 844.2
1372310 844.2
1372320 844.7
1372330 844.4
1372340 844.4
1372350 844.5
1372360 844.4
1372370 844.4
1372380 843.1
1372390 842.3
1372400 842.3
1372410 843.6
1372420 844.6
1372430 844.6
1372440 843.0
1372450 838.0
1372460 838.0
1372470 841.0
1372480 842.1
1372490 842.1
1372500 842.7
1372510 842.3
1372520 842.3
1372530 842.7
1372540 843.6
1372550 843.6
1372560 843.3
1372570 841.6
1372580 841.6
1372590 840.5
1372600 839.3
1372610 839.3
1372620 833.9
1372630 829.3
1372640 833.9
1372650 843.3
1372660 845.5
1372670 844.4
1372680 844.4
1372690 843.1
1372700 842.0
1372710 842.0
1372720 841.3
1372730 841.0
1372740 841.0
1372750 840.2
1372760 839.8
1372770 839.8
1372780 840.5
1372790 841.1
1372800 841.1
1372810 841.6
1372820 842.8
1372830 842.8
1372840 844.3
1372850 845.7
1372860 845.7
1372870 847.5
1372880 850.5
1372890 850.5
1372900 853.1
1372910 855.0
1372920 855.0
1372930 856.3
1372940 856.5
1372950 856.5
1372960 855.7
1372970 854.1
1372980 848.2
1372990 848.2
1373000 842.2
1373010 848.2
1373020 848.2
1373030 857.7
1373040 865.3
1373050 865.3
1373060 872.3
1373070 878.1
1373080 878.1
1373090 881.0
1373100 882.6
1373110 882.6
1373120 884.3
1373130 885.9
1373140 885.9
1373150 887.0
1373160 888.3
1373170 888.3
1373180 889.4
1373190 890.4
1373200 890.4
1373210 891.0
1373220 891.0
1373230 891.0
1373240 891.9
1373250 892.6
1373260 892.6
1373270 893.3
1373280 892.4
1373290 892.4
1373300 891.1
1373310 891.3
1373320 890.6
1373330 890.6
1373340 889.7
1373350 888.3
1373360 888.3
1373370 886.0
1373380 882.4
1373390 882.4
1373400 880.1
1373410 878.3
1373420 878.3
1373430 876.6
1373440 875.0
1373450 875.0
1373460 872.8
1373470 871.4
1373480 871.4
1373490 870.5
1373500 870.0
1373510 870.0
1373520 868.8
1373530 867.1
1373540 867.1
1373550 866.3
1373560 865.8
1373570 865.8
1373580 866.0
1373590 866.2
1373600 866.2
1373610 865.3
1373620 863.7
1373630 863.7
1373640 861.9
1373650 859.3
1373660 856.7
1373670 856.7
1373680 854.3
1373690 853.2
1373700 853.2
1373710 853.5
1373720 853.7
1373730 853.7
1373740 853.2
1373750 853.4
1373760 853.4
1373770 854.5
1373780 855.7
1373790 855.7
1373800 856.5
1373810 857.7
1373820 857.7
1373830 859.2
1373840 860.8
1373850 860.8
1373860 862.3
1373870 863.9
1373880 863.9
1373890 864.8
1373900 865.7
1373910 865.7
1373920 867.0
1373930 868.5
1373940 868.5
1373950 869.7
1373960 870.6
1373970 870.6
1373980 870.9
1373990 870.0
1374000 868.2
1374010 868.2
1374020 865.9
1374030 863.7
1374040 863.7
1374050 861.7
1374060 860.1
1374070 860.1
1374080 859.6
1374090 859.9
1374100 859.9
1374110 860.1
1374120 859.6
1374130 859.6
1374140 857.8
1374150 856.1
1374160 856.1
1374170 855.2
1374180 854.4
1374190 854.4
1374200 853.2
1374210 851.1
1374220 851.1
1374230 847.7
1374240 844.1
1374250 844.1
1374260 841.4
1374270 839.1
1374280 839.1
1374290 836.4
1374300 833.3
1374310 833.3
1374320 831.2
1374330 829.8
1374340 829.4
1374350 829.4
1374360 829.7
1374370 829.7
1374380 829.7
1374390 829.5
1374400 829.2
1374410 829.2
1374420 828.0
1374430 825.4
1374440 825.4
1374450 822.3
1374460 819.8
1374470 819.8
1374480 817.0
1374490 814.2
1374500 814.2
1374510 811.8
1374520 810.2
1374530 810.2
1374540 809.4
1374550 808.0
1374560 808.0
1374570 805.1
1374580 802.4
1374590 802.4
1374600 799.9
1374610 797.6
1374620 797.6
1374630 795.3
1374640 793.5
1374650 793.5
1374660 792.4
1374670 791.4
1374680 790.0
1374690 790.0
1374700 788.1
1374710 785.8
1374720 785.8
1374730 783.0
1374740 779.8
1374750 779.8
1374760 776.3
1374770 772.9
1374780 772.9
1374790 769.2
1374800 766.9
1374810 766.9
1374820 764.6
1374830 762.2
1374840 762.2
1374850 757.8
1374860 751.5
1374870 751.5
1374880 746.4
1374890 744.5
1374900 744.5
1374910 745.6
1374920 750.1
1374930 750.1
1374940 749.3
1374950 745.3
1374960 748.1
1374970 748.4
1374980 748.1
1374990 748.1
1375000 746.1
1375010 745.6
1375020 745.6
1375030 745.7
1375040 744.9
1375050 742.3
1375060 742.3
1375070 738.7
1375080 737.5
1375090 737.5
1375100 737.6
1375110 737.7
1375120 737.7
1375130 737.6
1375140 737.6
1375150 737.6
1375160 736.5
1375170 736.4
1375180 736.4
1375190 735.5
1375200 734.6
1375210 734.6
1375220 733.9
1375230 733.1
1375240 733.1
1375250 730.0
1375260 725.1
1375270 725.1
1375280 720.1
1375290 716.6
1375300 716.6
1375310 712.8
1375320 710.5
1375330 710.5
1375340 709.9
1375350 709.4
1375360 709.4
1375370 708.7
1375380 708.0
1375390 708.0
1375400 708.0
1375410 708.1
1375420 708.2
1375430 708.2
1375440 708.1
1375450 708.3
1375460 708.3
1375470 708.6
1375480 708.6
1375490 708.6
1375500 708.5
1375510 708.1
1375520 708.1
1375530 707.0
1375540 706.6
1375550 706.6
1375560 706.7
1375570 707.0
1375580 707.0
1375590 707.4
1375600 706.1
1375610 706.1
1375620 703.2
1375630 705.5
1375640 705.5
1375650 706.8
1375660 706.6
1375670 706.6
1375680 706.4
1375690 706.3
1375700 706.3
1375710 706.3
1375720 706.4
1375730 706.4
1375740 706.4
1375750 706.4
1375760 706.5
1375770 706.5
1375780 706.4
1375790 706.4
1375800 706.4
1375810 706.3
1375820 706.3
1375830 706.3
1375840 706.2
1375850 706.1
1375860 706.1
1375870 706.1
1375880 706.0
1375890 706.0
1375900 705.9
1375910 705.7
1375920 705.7
1375930 705.5
1375940 705.8
1375950 705.8
1375960 707.2
1375970 708.7
1375980 708.7
1375990 713.0
1376000 718.6
1376010 718.6
1376020 723.0
1376030 722.9
1376040 722.9
1376050 720.8
1376060 723.7
1376070 724.6
1376080 724.6
1376090 724.6
1376100 724.7
1376110 724.7
1376120 724.9
1376130 725.2
1376140 725.2
1376150 725.1
1376160 725.0
1376170 725.0
1376180 724.9
1376190 725.1
1376200 725.1
1376210 725.4
1376220 725.6
1376230 725.6
1376240 725.7
1376250 725.9
1376260 725.9
1376270 725.9
1376280 725.9
1376290 725.9
1376300 725.7
1376310 725.6
1376320 725.6
1376330 725.5
1376340 725.2
1376350 725.2
1376360 725.1
1376370 724.7
1376380 724.7
1376390 724.6
1376400 723.7
1376410 723.0
1376420 723.0
1376430 721.3
1376440 720.2
1376450 720.2
1376460 720.8
1376470 721.1
1376480 721.1
1376490 720.9
1376500 721.1
1376510 721.1
1376520 722.4
1376530 724.3
1376540 724.3
1376550 725.9
1376560 727.0
1376570 727.0
1376580 727.8
1376590 728.5
1376600 728.5
1376610 729.3
1376620 730.1
1376630 730.1
1376640 731.4
1376650 732.5
1376660 732.5
1376670 732.7
1376680 732.5
1376690 732.5
1376700 731.9
1376710 731.8
1376720 731.8
1376730 731.9
1376740 732.1
1376750 732.0
1376760 732.0
1376770 731.6
1376780 730.7
1376790 730.7
1376800 730.0
1376810 728.8
1376820 728.8
1376830 727.8
1376840 727.1
1376850 727.1
1376860 726.7
1376870 726.6
1376880 726.6
1376890 726.7
1376900 726.5
1376910 726.5
1376920 726.5
1376930 726.3
1376940 726.3
1376950 726.4
1376960 729.7
1376970 729.7
1376980 733.0
1376990 734.1
1377000 734.1
1377010 735.0
1377020 735.8
1377030 735.8
1377040 736.6
1377050 737.1
1377060 737.1
1377070 737.2
1377080 738.0
1377090 739.3
1377100 739.3
1377110 740.7
1377120 742.2
1377130 742.2
1377140 743.6
1377150 744.9
1377160 744.9
1377170 745.9
1377180 746.8
1377190 746.8
1377200 747.8
1377210 748.6
1377220 748.6
1377230 749.0
1377240 748.9
1377250 748.9
1377260 748.5
1377270 748.3
1377280 748.3
1377290 748.0
1377300 747.5
1377310 747.5
1377320 748.1
1377330 747.9
1377340 747.9
1377350 749.4
1377360 751.6
1377370 751.6
1377380 753.7
1377390 755.9
1377400 755.9
1377410 758.1
1377420 760.3
1377430 762.5
1377440 762.5
1377450 764.4
1377460 765.8
1377470 765.8
1377480 766.7
1377490 767.0
1377500 767.0
1377510 766.9
1377520 766.2
1377530 766.2
1377540 764.5
1377550 761.9
1377560 761.9
1377570 758.4
1377580 754.7
1377590 754.7
1377600 751.4
1377610 748.9
1377620 748.9
1377630 747.9
1377640 747.9
1377650 747.9
1377660 748.5
1377670 749.6
1377680 749.6
1377690 751.1
1377700 752.8
1377710 752.8
1377720 754.2
1377730 755.5
1377740 755.5
1377750 756.4
1377760 757.2
1377770 757.6
1377780 757.6
1377790 757.7
1377800 757.4
1377810 757.4
1377820 757.0
1377830 756.5
1377840 756.5
1377850 756.1
1377860 755.7
1377870 755.7
1377880 755.6
1377890 755.6
1377900 755.6
1377910 755.5
1377920 755.1
1377930 755.1
1377940 754.7
1377950 754.2
1377960 754.2
1377970 753.8
1377980 753.8
1377990 753.8
1378000 753.8
1378010 754.7
1378020 754.7
1378030 755.6
1378040 756.2
1378050 756.2
1378060 756.4
1378070 756.5
1378080 756.5
1378090 756.3
1378100 755.6
1378110 754.5
1378120 754.5
1378130 752.8
1378140 750.6
1378150 750.6
1378160 748.4
1378170 746.8
1378180 746.8
1378190 746.3
1378200 746.6
1378210 746.6
1378220 745.9
1378230 743.4
1378240 743.4
1378250 739.8
1378260 735.5
1378270 735.5
1378280 731.0
1378290 726.6
1378300 726.6
1378310 723.3
1378320 721.2
1378330 721.2
1378340 719.5
1378350 718.1
1378360 718.1
1378370 716.9
1378380 715.6
1378390 715.6
1378400 714.4
1378410 713.5
1378420 713.5
1378430 712.5
1378440 712.5
1378450 712.5
1378460 713.2
1378470 713.6
1378480 713.7
1378490 713.7
1378500 713.5
1378510 712.9
1378520 710.9
1378530 710.1
1378540 709.4
1378550 709.4
1378560 708.2
1378570 707.6
1378580 707.6
1378590 707.5
1378600 707.2
1378610 707.2
1378620 707.2
1378630 707.7
1378640 707.7
1378650 708.3
1378660 708.8
1378670 708.8
1378680 709.2
1378690 709.3
1378700 709.3
1378710 709.4
1378720 709.3
1378730 709.3
1378740 708.5
1378750 706.7
1378760 706.7
1378770 705.0
1378780 704.4
1378790 704.4
1378800 704.3
1378810 704.3
1378820 704.3
1378830 704.3
1378840 704.6
1378850 705.4
1378860 705.4
1378870 705.6
1378880 705.2
1378890 705.2
1378900 704.4
1378910 703.7
1378920 703.7
1378930 703.1
1378940 703.3
1378950 703.3
1378960 704.4
1378970 705.0
1378980 705.0
1378990 703.8
1379000 701.9
1379010 701.9
1379020 700.2
1379030 697.3
1379040 697.3
1379050 692.7
1379060 687.5
1379070 687.5
1379080 683.2
1379090 680.5
1379100 680.5
1379110 678.9
1379120 678.1
1379130 678.1
1379140 677.8
1379150 677.7
1379160 677.7
1379170 677.7
1379180 677.6
1379190 677.6
1379200 677.6
1379210 677.5
1379220 677.5
1379230 677.5
1379240 677.5
1379250 677.5
1379260 677.5
1379270 677.5
1379280 677.4
1379290 677.4
1379300 677.3
1379310 677.3
1379320 677.3
1379330 677.3
1379340 677.2
1379350 677.2
1379360 677.2
1379370 677.1
1379380 677.1
1379390 677.1
1379400 677.1
1379410 677.1
1379420 677.1
1379430 677.1
1379440 677.1
1379450 676.9
1379460 676.8
1379470 676.8
1379480 676.7
1379490 676.5
1379500 676.4
1379510 676.4
1379520 676.2
1379530 676.1
1379540 676.1
1379550 676.0
1379560 676.0
1379570 676.0
1379580 676.1
1379590 676.0
1379600 676.0
1379610 675.9
1379620 675.8
1379630 675.8
1379640 675.8
1379650 675.8
1379660 675.8
1379670 675.7
1379680 675.7
1379690 675.7
1379700 675.6
1379710 675.4
1379720 675.4
1379730 675.3
1379740 675.1
1379750 675.1
1379760 674.9
1379770 674.7
1379780 674.7
1379790 674.6
1379800 674.7
1379810 674.7
1379820 675.3
1379830 675.1
1379840 674.8
1379850 674.8
1379860 674.9
1379870 674.9
1379880 674.9
1379890 675.0
1379900 674.9
1379910 674.9
1379920 674.9
1379930 674.9
1379940 674.9
1379950 675.0
1379960 674.9
1379970 674.9
1379980 674.7
1379990 674.3
