1360000 728.4
1360010 729.3
1360020 729.3
1360030 730.1
1360040 731.0
1360050 731.0
1360060 731.8
1360070 732.6
1360080 732.6
1360090 733.5
1360100 734.5
1360110 734.5
1360120 735.8
1360130 737.1
1360140 737.1
1360150 738.3
1360160 739.6
1360170 740.9
1360180 740.9
1360190 742.0
1360200 743.0
1360210 743.0
1360220 744.0
1360230 745.1
1360240 745.1
1360250 746.1
1360260 747.1
1360270 747.1
1360280 749.2
1360290 750.4
1360300 750.4
1360310 751.5
1360320 752.9
1360330 752.9
1360340 753.6
1360350 754.2
1360360 754.2
1360370 755.0
1360380 755.9
1360390 755.9
1360400 757.0
1360410 758.1
1360420 758.1
1360430 759.1
1360440 760.1
1360450 760.1
1360460 761.4
1360470 762.6
1360480 762.6
1360490 763.2
1360500 763.6
1360510 763.5
1360520 763.5
1360530 764.0
1360540 764.9
1360550 764.9
1360560 765.6
1360570 765.8
1360580 765.8
1360590 766.2
1360600 767.0
1360610 767.0
1360620 768.3
1360630 769.2
1360640 769.2
1360650 770.0
1360660 770.7
1360670 770.7
1360680 771.0
1360690 771.7
1360700 771.7
1360710 772.5
1360720 773.2
1360730 773.2
1360740 773.7
1360750 774.0
1360760 774.0
1360770 774.4
1360780 775.2
1360790 775.2
1360800 775.9
1360810 775.9
1360820 775.9
1360830 775.6
1360840 775.4
1360850 775.4
1360860 775.4
1360870 775.6
1360880 775.6
1360890 775.6
1360900 775.2
1360910 774.9
1360920 774.9
1360930 774.8
1360940 775.0
1360950 775.0
1360960 775.4
1360970 776.1
1360980 776.1
1360990 777.2
1361000 777.5
1361010 777.5
1361020 777.6
1361030 778.0
1361040 778.0
1361050 778.3
1361060 778.0
1361070 778.0
1361080 778.7
1361090 780.2
1361100 780.2
1361110 781.7
1361120 783.5
1361130 783.5
1361140 785.2
1361150 786.8
1361160 786.8
1361170 788.3
1361180 789.8
1361190 791.3
1361200 791.3
1361210 792.8
1361220 794.3
1361230 794.3
1361240 795.9
1361250 797.4
1361260 797.4
1361270 798.7
1361280 800.5
1361290 800.5
1361300 802.2
1361310 803.8
1361320 804.9
1361330 805.9
1361340 808.1
1361350 808.1
1361360 810.1
1361370 811.8
1361380 811.8
1361390 813.5
1361400 815.1
1361410 815.1
1361420 817.0
1361430 818.7
1361440 818.7
1361450 820.2
1361460 822.0
1361470 822.0
1361480 823.7
1361490 825.3
1361500 825.3
1361510 826.7
1361520 828.4
1361530 830.1
1361540 830.1
1361550 832.0
1361560 833.6
1361570 833.6
1361580 834.9
1361590 836.0
1361600 836.0
1361610 837.1
1361620 838.0
1361630 838.0
1361640 838.8
1361650 840.0
1361660 840.0
1361670 841.0
1361680 841.7
1361690 841.7
1361700 842.6
1361710 843.0
1361720 843.0
1361730 843.0
1361740 843.1
1361750 843.1
1361760 843.0
1361770 843.8
1361780 843.8
1361790 844.7
1361800 846.0
1361810 846.0
1361820 848.6
1361830 851.4
1361840 851.4
1361850 853.6
1361860 855.2
1361870 855.8
1361880 855.8
1361890 855.9
1361900 857.5
1361910 857.5
1361920 859.6
1361930 862.2
1361940 862.2
1361950 864.2
1361960 865.9
1361970 865.9
1361980 867.9
1361990 870.3
1362000 870.3
1362010 873.1
1362020 875.8
1362030 875.8
1362040 878.2
1362050 880.1
1362060 880.1
1362070 882.1
1362080 883.8
1362090 883.8
1362100 885.2
1362110 886.7
1362120 886.7
1362130 888.3
1362140 890.2
1362150 890.2
1362160 892.1
1362170 893.9
1362180 893.9
1362190 895.9
1362200 897.9
1362210 900.2
1362220 900.2
1362230 903.2
1362240 905.7
1362250 905.7
1362260 908.7
1362270 910.9
1362280 910.9
1362290 911.2
1362300 909.4
1362310 909.4
1362320 907.4
1362330 907.5
1362340 907.5
1362350 909.3
1362360 915.2
1362370 915.2
1362380 921.8
1362390 924.0
1362400 924.0
1362410 921.7
1362420 919.1
1362430 919.1
1362440 918.9
1362450 924.9
1362460 924.9
1362470 927.3
1362480 924.1
1362490 924.1
1362500 921.5
1362510 924.9
1362520 924.9
1362530 932.5
1362540 939.3
1362550 942.3
1362560 942.3
1362570 943.8
1362580 944.4
1362590 944.4
1362600 944.4
1362610 943.4
1362620 943.4
1362630 942.2
1362640 940.5
1362650 940.5
1362660 937.9
1362670 935.2
1362680 935.2
1362690 930.0
1362700 923.8
1362710 923.8
1362720 917.2
1362730 910.8
1362740 910.8
1362750 902.1
1362760 892.6
1362770 892.6
1362780 887.6
1362790 889.1
1362800 889.1
1362810 890.9
1362820 893.3
1362830 893.3
1362840 895.5
1362850 898.0
1362860 898.0
1362870 899.8
1362880 900.9
1362890 903.9
1362900 903.9
1362910 910.6
1362920 918.2
1362930 918.2
1362940 926.1
1362950 934.1
1362960 934.1
1362970 942.5
1362980 951.9
1362990 951.9
1363000 961.5
1363010 971.5
1363020 971.5
1363030 979.0
1363040 985.2
1363050 985.2
1363060 992.1
1363070 995.6
1363080 995.6
1363090 999.1
1363100 1002.8
1363110 1002.8
1363120 1007.0
1363130 1011.4
1363140 1011.4
1363150 1015.6
1363160 1019.7
1363170 1019.7
1363180 1023.4
1363190 1026.5
1363200 1026.5
1363210 1029.6
1363220 1033.3
1363230 1036.8
1363240 1036.8
1363250 1040.3
1363260 1043.8
1363270 1043.8
1363280 1047.7
1363290 1051.6
1363300 1051.6
1363310 1055.4
1363320 1059.2
1363330 1059.2
1363340 1062.8
1363350 1065.9
1363360 1065.9
1363370 1069.9
1363380 1074.2
1363390 1074.2
1363400 1077.4
1363410 1084.0
1363420 1084.0
1363430 1088.6
1363440 1093.9
1363450 1093.9
1363460 1097.8
1363470 1101.6
1363480 1101.6
1363490 1105.2
1363500 1108.4
1363510 1108.4
1363520 1112.2
1363530 1116.1
1363540 1116.1
1363550 1119.4
1363560 1122.4
1363570 1125.5
1363580 1125.5
1363590 1129.5
1363600 1132.4
1363610 1132.4
1363620 1135.0
1363630 1138.9
1363640 1138.9
1363650 1142.1
1363660 1144.1
1363670 1144.1
1363680 1145.2
1363690 1145.2
1363700 1145.2
1363710 1144.4
1363720 1143.1
1363730 1143.1
1363740 1141.6
1363750 1138.8
1363760 1138.8
1363770 1135.2
1363780 1134.2
1363790 1134.2
1363800 1133.4
1363810 1133.0
1363820 1133.0
1363830 1132.3
1363840 1132.4
1363850 1132.4
1363860 1133.2
1363870 1133.9
1363880 1133.9
1363890 1134.0
1363900 1134.1
1363910 1133.0
1363920 1133.0
1363930 1130.6
1363940 1129.4
1363950 1129.4
1363960 1129.1
1363970 1128.4
1363980 1128.4
1363990 1125.8
1364000 1122.5
1364010 1122.5
1364020 1121.7
1364030 1124.0
1364040 1124.0
1364050 1124.9
1364060 1125.0
1364070 1125.0
1364080 1125.0
1364090 1125.0
1364100 1125.0
1364110 1125.0
1364120 1123.6
1364130 1123.6
1364140 1121.1
1364150 1118.0
1364160 1118.0
1364170 1114.6
1364180 1111.5
1364190 1111.5
1364200 1108.8
1364210 1106.0
1364220 1106.0
1364230 1103.9
1364240 1101.5
1364250 1101.5
1364260 1099.0
1364270 1097.6
1364280 1096.5
1364290 1096.5
1364300 1094.9
1364310 1093.9
1364320 1093.9
1364330 1093.2
1364340 1092.0
1364350 1092.0
1364360 1090.4
1364370 1089.0
1364380 1089.0
1364390 1087.9
1364400 1086.9
1364410 1086.9
1364420 1086.1
1364430 1085.3
1364440 1085.3
1364450 1084.6
1364460 1084.0
1364470 1084.2
1364480 1083.0
1364490 1082.0
1364500 1082.0
1364510 1080.8
1364520 1078.0
1364530 1078.0
1364540 1074.8
1364550 1071.4
1364560 1071.4
1364570 1068.2
1364580 1065.3
1364590 1065.3
1364600 1062.7
1364610 1058.5
1364620 1053.3
1364630 1053.3
1364640 1048.4
1364650 1041.9
1364660 1041.9
1364670 1036.4
1364680 1029.9
1364690 1029.9
1364700 1020.6
1364710 1010.8
1364720 1010.8
1364730 1002.8
1364740 995.9
1364750 995.9
1364760 991.3
1364770 988.2
1364780 988.2
1364790 985.5
1364800 983.8
1364810 983.8
1364820 981.8
1364830 976.7
1364840 976.7
1364850 971.8
1364860 967.6
1364870 967.6
1364880 962.9
1364890 958.7
1364900 958.7
1364910 952.8
1364920 948.7
1364930 948.7
1364940 952.7
1364950 960.8
1364960 966.5
1364970 966.5
1364980 969.4
1364990 973.4
1365000 973.4
1365010 980.0
1365020 986.0
1365030 986.0
1365040 989.1
1365050 992.6
1365060 992.6
1365070 996.3
1365080 999.7
1365090 999.7
1365100 1003.6
1365110 1006.9
1365120 1006.9
1365130 1009.5
1365140 1013.6
1365150 1013.6
1365160 1018.9
1365170 1023.1
1365180 1023.1
1365190 1026.6
1365200 1029.6
1365210 1029.6
1365220 1032.5
1365230 1035.2
1365240 1035.2
1365250 1037.5
1365260 1039.1
1365270 1039.1
1365280 1040.5
1365290 1042.6
1365300 1044.0
1365310 1044.0
1365320 1044.4
1365330 1044.0
1365340 1044.0
1365350 1043.7
1365360 1043.5
1365370 1043.5
1365380 1043.4
1365390 1043.4
1365400 1043.4
1365410 1043.8
1365420 1044.2
1365430 1044.2
1365440 1044.5
1365450 1045.8
1365460 1045.8
1365470 1048.3
1365480 1049.9
1365490 1049.9
1365500 1050.5
1365510 1052.0
1365520 1052.0
1365530 1052.1
1365540 1055.5
1365550 1055.5
1365560 1055.2
1365570 1054.9
1365580 1054.9
1365590 1054.2
1365600 1053.3
1365610 1053.3
1365620 1048.1
1365630 1042.7
1365640 1038.6
1365650 1038.6
1365660 1035.7
1365670 1034.1
1365680 1034.1
1365690 1030.6
1365700 1026.1
1365710 1026.1
1365720 1023.8
1365730 1022.0
1365740 1022.0
1365750 1017.7
1365760 1010.3
1365770 1010.3
1365780 1001.1
1365790 992.8
1365800 992.8
1365810 996.5
1365820 1007.5
1365830 1007.5
1365840 1012.8
1365850 1014.8
1365860 1014.8
1365870 1015.7
1365880 1017.1
1365890 1017.1
1365900 1017.6
1365910 1019.4
1365920 1019.4
1365930 1023.4
1365940 1026.6
1365950 1026.6
1365960 1029.3
1365970 1032.4
1365980 1034.3
1365990 1034.3
1366000 1040.9
1366010 1048.1
1366020 1048.1
1366030 1053.4
1366040 1057.6
1366050 1057.6
1366060 1061.0
1366070 1064.0
1366080 1064.0
1366090 1066.7
1366100 1069.1
1366110 1069.1
1366120 1071.2
1366130 1072.9
1366140 1072.9
1366150 1074.4
1366160 1075.8
1366170 1075.8
1366180 1076.2
1366190 1075.9
1366200 1075.9
1366210 1075.2
1366220 1074.0
1366230 1074.0
1366240 1072.1
1366250 1071.2
1366260 1071.2
1366270 1070.6
1366280 1069.2
1366290 1069.2
1366300 1067.9
1366310 1065.1
1366320 1060.6
1366330 1060.6
1366340 1055.7
1366350 1051.3
1366360 1051.3
1366370 1047.5
1366380 1044.3
1366390 1044.3
1366400 1042.4
1366410 1040.0
1366420 1040.0
1366430 1036.7
1366440 1034.8
1366450 1034.8
1366460 1036.0
1366470 1034.7
1366480 1034.7
1366490 1034.0
1366500 1032.9
1366510 1032.9
1366520 1032.0
1366530 1030.7
1366540 1030.7
1366550 1028.9
1366560 1027.8
1366570 1027.8
1366580 1026.3
1366590 1023.9
1366600 1023.9
1366610 1021.6
1366620 1024.5
1366630 1024.5
1366640 1022.0
1366650 1019.6
1366660 1017.2
1366670 1017.2
1366680 1015.1
1366690 1013.0
1366700 1013.0
1366710 1012.2
1366720 1010.7
1366730 1010.7
1366740 1008.9
1366750 1007.9
1366760 1007.9
1366770 1006.4
1366780 1003.8
1366790 1003.8
1366800 1001.3
1366810 999.0
1366820 999.0
1366830 996.9
1366840 994.7
1366850 994.7
1366860 992.5
1366870 990.4
1366880 990.4
1366890 987.2
1366900 983.4
1366910 983.4
1366920 979.8
1366930 978.5
1366940 978.5
1366950 977.8
1366960 975.6
1366970 975.6
1366980 972.5
1366990 968.8
1367000 964.5
1367010 964.5
1367020 959.7
1367030 956.3
1367040 956.3
1367050 956.3
1367060 955.5
1367070 955.5
1367080 955.4
1367090 954.9
1367100 954.9
1367110 953.9
1367120 953.0
1367130 953.0
1367140 952.9
1367150 953.5
1367160 953.5
1367170 953.9
1367180 953.8
1367190 953.8
1367200 953.7
1367210 952.0
1367220 952.0
1367230 947.6
1367240 947.0
1367250 947.0
1367260 949.6
1367270 951.3
1367280 951.3
1367290 952.5
1367300 953.2
1367310 953.2
1367320 953.5
1367330 953.5
1367340 953.2
1367350 953.2
1367360 951.8
1367370 948.9
1367380 948.9
1367390 945.6
1367400 943.3
1367410 943.3
1367420 940.7
1367430 938.0
1367440 938.0
1367450 935.5
1367460 933.7
1367470 933.7
1367480 930.2
1367490 925.8
1367500 925.8
1367510 923.9
1367520 922.0
1367530 922.0
1367540 921.8
1367550 923.2
1367560 923.2
1367570 924.7
1367580 926.5
1367590 926.5
1367600 928.1
1367610 929.0
1367620 929.0
1367630 930.3
1367640 932.1
1367650 932.1
1367660 932.3
1367670 932.1
1367680 931.2
1367690 931.2
1367700 930.0
1367710 931.8
1367720 931.8
1367730 930.3
1367740 929.5
1367750 929.5
1367760 929.1
1367770 928.8
1367780 928.8
1367790 928.1
1367800 926.8
1367810 926.8
1367820 925.4
1367830 924.1
1367840 924.1
1367850 922.6
1367860 921.0
1367870 921.0
1367880 919.8
1367890 919.4
1367900 919.4
1367910 919.0
1367920 918.3
1367930 918.3
1367940 917.5
1367950 916.3
1367960 916.3
1367970 914.0
1367980 911.3
1367990 911.3
1368000 909.9
1368010 909.1
1368020 906.9
1368030 906.9
1368040 903.3
1368050 898.8
1368060 898.8
1368070 891.7
1368080 885.5
1368090 885.5
1368100 879.4
1368110 875.0
1368120 875.0
1368130 868.7
1368140 865.8
1368150 865.8
1368160 869.5
1368170 868.6
1368180 868.6
1368190 865.0
1368200 860.9
1368210 860.9
1368220 856.9
1368230 853.8
1368240 853.8
1368250 852.0
1368260 849.8
1368270 849.8
1368280 847.2
1368290 844.3
1368300 844.3
1368310 840.9
1368320 837.0
1368330 837.0
1368340 833.0
1368350 829.6
1368360 827.3
1368370 827.3
1368380 825.7
1368390 824.7
1368400 824.7
1368410 824.6
1368420 823.9
1368430 823.9
1368440 823.0
1368450 822.1
1368460 822.1
1368470 821.6
1368480 821.3
1368490 821.3
1368500 820.8
1368510 818.4
1368520 818.4
1368530 817.4
1368540 817.5
1368550 817.5
1368560 817.6
1368570 817.8
1368580 817.8
1368590 817.8
1368600 817.2
1368610 817.2
1368620 816.2
1368630 815.5
1368640 815.5
1368650 813.5
1368660 814.0
1368670 814.0
1368680 819.3
1368690 825.0
1368700 829.2
1368710 829.2
1368720 833.9
1368730 839.4
1368740 839.4
1368750 845.1
1368760 850.3
1368770 850.3
1368780 856.1
1368790 861.9
1368800 861.9
1368810 865.4
1368820 868.3
1368830 868.3
1368840 871.9
1368850 876.9
1368860 876.9
1368870 877.6
1368880 874.9
1368890 874.9
1368900 872.2
1368910 875.1
1368920 875.1
1368930 879.0
1368940 883.3
1368950 883.3
1368960 888.1
1368970 889.9
1368980 889.9
1368990 890.7
1369000 891.3
1369010 891.3
1369020 891.6
1369030 891.8
1369040 892.2
1369050 892.2
1369060 892.4
1369070 892.9
1369080 892.9
1369090 893.6
1369100 894.5
1369110 894.5
1369120 895.5
1369130 896.4
1369140 896.4
1369150 897.2
1369160 897.7
1369170 897.7
1369180 897.9
1369190 898.0
1369200 898.0
1369210 898.5
1369220 898.9
1369230 898.9
1369240 898.7
1369250 898.2
1369260 898.2
1369270 897.8
1369280 897.7
1369290 897.7
1369300 897.6
1369310 897.7
1369320 897.7
1369330 898.0
1369340 898.4
1369350 898.4
1369360 899.0
1369370 900.1
1369380 901.0
1369390 901.0
1369400 901.5
1369410 901.5
1369420 901.5
1369430 902.3
1369440 903.5
1369450 903.5
1369460 904.2
1369470 904.4
1369480 904.4
1369490 904.7
1369500 905.3
1369510 905.3
1369520 905.8
1369530 906.1
1369540 906.1
1369550 906.8
1369560 907.7
1369570 907.7
1369580 908.0
1369590 907.6
1369600 907.6
1369610 906.1
1369620 904.5
1369630 904.5
1369640 905.9
1369650 905.8
1369660 905.8
1369670 903.4
1369680 901.7
1369690 901.7
1369700 898.8
1369710 895.7
1369720 893.9
1369730 893.9
1369740 897.5
1369750 897.4
1369760 897.4
1369770 893.5
1369780 894.8
1369790 894.8
1369800 897.3
1369810 900.7
1369820 900.7
1369830 901.2
1369840 901.2
1369850 901.2
1369860 902.0
1369870 903.3
1369880 903.3
1369890 903.7
1369900 904.2
1369910 904.2
1369920 909.8
1369930 911.0
1369940 911.0
1369950 911.9
1369960 913.3
1369970 913.3
1369980 914.0
1369990 915.4
1370000 915.4
1370010 916.5
1370020 917.7
1370030 917.7
1370040 919.3
1370050 920.1
1370060 921.1
1370070 921.1
1370080 922.0
1370090 921.8
1370100 921.8
1370110 921.5
1370120 920.6
1370130 920.6
1370140 920.2
1370150 920.3
1370160 920.3
1370170 920.8
1370180 921.6
1370190 921.6
1370200 921.9
1370210 924.1
1370220 924.1
1370230 927.5
1370240 931.3
1370250 931.3
1370260 936.1
1370270 940.2
1370280 940.2
1370290 941.8
1370300 942.3
1370310 942.3
1370320 941.9
1370330 940.8
1370340 940.8
1370350 940.2
1370360 940.3
1370370 940.3
1370380 941.5
1370390 941.1
1370400 936.7
1370410 936.7
1370420 930.7
1370430 926.1
1370440 926.1
1370450 922.7
1370460 920.9
1370470 920.9
1370480 919.2
1370490 915.7
1370500 915.7
1370510 913.3
1370520 914.7
1370530 914.7
1370540 919.2
1370550 922.8
1370560 922.8
1370570 925.8
1370580 930.6
1370590 930.6
1370600 933.7
1370610 932.4
1370620 932.4
1370630 929.4
1370640 929.2
1370650 929.2
1370660 930.8
1370670 932.2
1370680 932.2
1370690 932.8
1370700 930.9
1370710 930.9
1370720 926.0
1370730 921.7
1370740 920.0
1370750 920.0
1370760 919.9
1370770 923.2
1370780 923.2
1370790 930.1
1370800 936.7
1370810 936.7
1370820 942.1
1370830 944.8
1370840 944.8
1370850 940.4
1370860 932.1
1370870 932.1
1370880 923.7
1370890 919.1
1370900 919.1
1370910 922.8
1370920 928.1
1370930 928.1
1370940 931.7
1370950 930.1
1370960 930.1
1370970 926.0
1370980 922.2
1370990 922.2
1371000 924.3
1371010 925.0
1371020 925.0
1371030 923.7
1371040 926.8
1371050 926.8
1371060 929.6
1371070 939.0
1371080 947.9
1371090 947.9
1371100 955.8
1371110 963.3
1371120 963.3
1371130 970.1
1371140 975.1
1371150 975.1
1371160 979.4
1371170 983.6
1371180 983.6
1371190 986.5
1371200 986.8
1371210 986.8
1371220 986.2
1371230 985.6
1371240 985.6
1371250 985.2
1371260 984.7
1371270 984.7
1371280 984.8
1371290 985.8
1371300 985.8
1371310 986.3
1371320 986.4
1371330 986.4
1371340 986.6
1371350 987.9
1371360 987.9
1371370 987.9
1371380 988.5
1371390 988.5
1371400 989.9
1371410 991.2
1371420 992.0
1371430 992.0
1371440 992.8
1371450 993.8
1371460 993.8
1371470 994.8
1371480 996.1
1371490 996.1
1371500 997.4
1371510 999.0
1371520 999.0
1371530 1000.0
1371540 1000.3
1371550 1000.3
1371560 1000.1
1371570 999.7
1371580 999.7
1371590 999.2
1371600 998.4
1371610 998.4
1371620 998.0
1371630 997.5
1371640 997.5
1371650 995.6
1371660 990.7
1371670 990.7
1371680 983.2
1371690 974.2
1371700 974.2
1371710 964.2
1371720 953.8
1371730 953.8
1371740 947.0
1371750 950.7
1371760 957.3
1371770 957.3
1371780 963.2
1371790 968.6
1371800 968.6
1371810 973.4
1371820 974.9
1371830 974.9
1371840 976.5
1371850 976.6
1371860 976.6
1371870 975.3
1371880 974.1
1371890 974.1
1371900 972.5
1371910 972.4
1371920 972.4
1371930 971.3
1371940 969.7
1371950 969.7
1371960 967.8
1371970 968.1
1371980 968.1
1371990 966.9
1372000 971.3
1372010 971.3
1372020 975.3
1372030 976.9
1372040 976.9
1372050 977.1
1372060 977.0
1372070 977.0
1372080 976.8
1372090 976.9
1372100 977.4
1372110 977.4
1372120 977.8
1372130 978.3
1372140 978.3
1372150 978.8
1372160 978.3
1372170 980.8
1372180 978.9
1372190 976.7
1372200 976.7
1372210 973.2
1372220 976.5
1372230 976.5
1372240 976.4
1372250 972.7
1372260 972.7
1372270 970.9
1372280 974.8
1372290 974.8
1372300 978.9
1372310 977.3
1372320 977.3
1372330 973.7
1372340 980.1
1372350 980.1
1372360 986.2
1372370 988.1
1372380 988.1
1372390 989.1
1372400 989.7
1372410 989.7
1372420 989.7
1372430 989.1
1372440 988.2
1372450 988.2
1372460 989.8
1372470 992.1
1372480 992.1
1372490 993.6
1372500 994.6
1372510 994.6
1372520 995.2
1372530 995.8
1372540 995.8
1372550 996.6
1372560 997.7
1372570 997.7
1372580 999.3
1372590 1001.4
1372600 1001.4
1372610 1003.9
1372620 1005.8
1372630 1005.8
1372640 1008.0
1372650 1010.4
1372660 1010.4
1372670 1013.0
1372680 1015.4
1372690 1015.4
1372700 1018.1
1372710 1020.6
1372720 1020.6
1372730 1022.3
1372740 1022.7
1372750 1022.7
1372760 1022.0
1372770 1020.6
1372780 1018.5
1372790 1018.5
1372800 1016.5
1372810 1013.9
1372820 1013.9
1372830 1010.1
1372840 1005.8
1372850 1005.8
1372860 1001.2
1372870 996.6
1372880 996.6
1372890 992.2
1372900 988.6
1372910 988.6
1372920 985.9
1372930 985.7
1372940 985.7
1372950 986.8
1372960 988.4
1372970 988.4
1372980 987.0
1372990 984.9
1373000 984.9
1373010 982.0
1373020 981.1
1373030 981.1
1373040 985.0
1373050 991.5
1373060 991.5
1373070 994.7
1373080 994.9
1373090 994.9
1373100 994.5
1373110 994.7
1373120 995.2
1373130 995.2
1373140 995.9
1373150 996.9
1373160 996.9
1373170 998.3
1373180 999.7
1373190 999.7
1373200 1000.5
1373210 1000.4
1373220 1000.4
1373230 999.8
1373240 999.1
1373250 999.1
1373260 997.9
1373270 996.3
1373280 996.3
1373290 995.2
1373300 994.6
1373310 994.6
1373320 997.9
1373330 998.5
1373340 998.5
1373350 999.7
1373360 1001.1
1373370 1001.1
1373380 1002.2
1373390 1002.7
1373400 1002.7
1373410 1002.1
1373420 1001.4
1373430 1001.4
1373440 1001.1
1373450 1000.6
1373460 1000.2
1373470 1000.2
1373480 999.8
1373490 999.1
1373500 999.1
1373510 998.5
1373520 997.7
1373530 997.7
1373540 996.9
1373550 996.4
1373560 996.4
1373570 995.1
1373580 993.2
1373590 993.2
1373600 991.9
1373610 991.2
1373620 991.2
1373630 990.3
1373640 988.8
1373650 988.8
1373660 987.3
1373670 984.7
1373680 984.7
1373690 983.1
1373700 984.2
1373710 984.2
1373720 984.5
1373730 984.3
1373740 984.3
1373750 983.2
1373760 979.6
1373770 979.6
1373780 976.0
1373790 971.6
1373800 967.6
1373810 967.6
1373820 962.6
1373830 957.3
1373840 957.3
1373850 952.0
1373860 947.2
1373870 947.2
1373880 942.8
1373890 938.2
1373900 938.2
1373910 932.8
1373920 926.4
1373930 926.4
1373940 919.6
1373950 914.0
1373960 914.0
1373970 910.9
1373980 907.4
1373990 907.4
1374000 904.3
1374010 901.1
1374020 901.1
1374030 897.8
1374040 894.4
1374050 894.4
1374060 890.6
1374070 886.9
1374080 886.9
1374090 883.5
1374100 879.8
1374110 879.8
1374120 875.7
1374130 871.6
1374140 867.5
1374150 867.5
1374160 863.6
1374170 860.4
1374180 860.4
1374190 857.4
1374200 854.4
1374210 854.4
1374220 851.5
1374230 849.1
1374240 849.1
1374250 847.0
1374260 845.6
1374270 845.6
1374280 844.2
1374290 842.1
1374300 842.1
1374310 839.4
1374320 838.2
1374330 838.2
1374340 836.4
1374350 836.1
1374360 836.1
1374370 835.4
1374380 831.5
1374390 831.5
1374400 825.2
1374410 819.2
1374420 819.2
1374430 814.6
1374440 811.9
1374450 811.9
1374460 809.7
1374470 809.1
1374480 808.6
1374490 808.6
1374500 808.4
1374510 808.3
1374520 808.3
1374530 808.3
1374540 808.3
1374550 808.3
1374560 808.4
1374570 807.9
1374580 807.9
1374590 805.9
1374600 803.2
1374610 803.2
1374620 801.1
1374630 798.9
1374640 798.9
1374650 800.4
1374660 803.7
1374670 803.7
1374680 806.2
1374690 808.6
1374700 808.6
1374710 810.8
1374720 812.6
1374730 812.6
1374740 814.3
1374750 816.7
1374760 816.7
1374770 819.2
1374780 820.9
1374790 820.9
1374800 822.6
1374810 823.6
1374820 823.8
1374830 823.8
1374840 823.3
1374850 822.3
1374860 822.3
1374870 820.7
1374880 818.7
1374890 818.7
1374900 816.4
1374910 813.6
1374920 813.6
1374930 810.9
1374940 808.3
1374950 808.3
1374960 806.0
1374970 803.3
1374980 803.3
1374990 800.0
1375000 796.4
1375010 796.4
1375020 793.2
1375030 789.7
1375040 789.7
1375050 785.6
1375060 781.1
1375070 781.1
1375080 776.5
1375090 772.6
1375100 772.6
1375110 769.6
1375120 766.1
1375130 766.1
1375140 763.0
1375150 760.9
1375160 759.3
1375170 759.3
1375180 757.7
1375190 756.8
1375200 756.8
1375210 755.9
1375220 755.1
1375230 755.1
1375240 754.1
1375250 752.7
1375260 752.7
1375270 750.7
1375280 748.8
1375290 748.8
1375300 747.4
1375310 746.2
1375320 746.2
1375330 745.8
1375340 746.1
1375350 746.1
1375360 747.6
1375370 750.0
1375380 750.0
1375390 751.6
1375400 751.3
1375410 751.3
1375420 750.3
1375430 748.3
1375440 748.3
1375450 745.4
1375460 742.3
1375470 742.3
1375480 738.9
1375490 735.5
1375500 731.8
1375510 731.8
1375520 727.2
1375530 722.7
1375540 722.7
1375550 719.4
1375560 715.1
1375570 715.1
1375580 711.6
1375590 710.0
1375600 710.0
1375610 709.5
1375620 709.6
1375630 709.6
1375640 709.8
1375650 710.1
1375660 710.1
1375670 710.2
1375680 709.9
1375690 709.9
1375700 709.6
1375710 709.6
1375720 709.6
1375730 709.6
1375740 707.1
1375750 707.1
1375760 707.3
1375770 710.2
1375780 710.2
1375790 714.2
1375800 718.3
1375810 718.3
1375820 721.5
1375830 725.0
1375840 730.0
1375850 730.0
1375860 735.6
1375870 741.5
1375880 741.5
1375890 746.1
1375900 750.2
1375910 750.2
1375920 755.1
1375930 761.0
1375940 761.0
1375950 765.0
1375960 764.5
1375970 764.5
1375980 765.4
1375990 766.4
1376000 766.4
1376010 768.2
1376020 769.8
1376030 769.8
1376040 771.2
1376050 772.4
1376060 772.4
1376070 773.6
1376080 774.5
1376090 774.5
1376100 775.2
1376110 775.5
1376120 775.5
1376130 775.7
1376140 775.8
1376150 775.8
1376160 775.9
1376170 775.9
1376180 775.5
1376190 775.5
1376200 774.7
1376210 774.3
1376220 774.3
1376230 774.3
1376240 773.9
1376250 773.9
1376260 772.8
1376270 771.2
1376280 771.2
1376290 769.1
1376300 766.6
1376310 766.6
1376320 764.3
1376330 762.0
1376340 762.0
1376350 759.1
1376360 756.0
1376370 756.0
1376380 752.5
1376390 748.8
1376400 748.8
1376410 744.9
1376420 741.0
1376430 741.0
1376440 737.5
1376450 734.3
1376460 734.3
1376470 733.0
1376480 732.8
1376490 732.8
1376500 732.5
1376510 732.3
1376520 731.9
1376530 731.9
1376540 731.6
1376550 731.9
1376560 731.9
1376570 732.0
1376580 732.0
1376590 732.0
1376600 731.5
1376610 732.2
1376620 732.2
1376630 732.7
1376640 733.1
1376650 733.1
1376660 733.3
1376670 733.4
1376680 733.4
1376690 733.4
1376700 733.7
1376710 733.7
1376720 734.0
1376730 734.3
1376740 734.3
1376750 734.8
1376760 734.9
1376770 734.9
1376780 735.1
1376790 736.1
1376800 736.1
1376810 737.2
1376820 737.5
1376830 737.5
1376840 736.9
1376850 736.7
1376860 737.2
1376870 737.2
1376880 738.1
1376890 738.8
1376900 738.8
1376910 739.6
1376920 740.4
1376930 740.4
1376940 741.7
1376950 743.3
1376960 743.3
1376970 745.0
1376980 746.6
1376990 746.6
1377000 748.1
1377010 749.1
1377020 749.1
1377030 749.8
1377040 750.5
1377050 750.5
1377060 751.0
1377070 751.1
1377080 751.1
1377090 750.5
1377100 749.1
1377110 749.1
1377120 748.6
1377130 748.3
1377140 748.3
1377150 748.3
1377160 748.3
1377170 748.3
1377180 748.7
1377190 749.2
1377200 749.2
1377210 750.0
1377220 751.2
1377230 752.8
1377240 752.8
1377250 755.0
1377260 757.6
1377270 757.6
1377280 760.5
1377290 763.9
1377300 763.9
1377310 768.8
1377320 772.2
1377330 772.2
1377340 775.3
1377350 777.7
1377360 777.7
1377370 778.1
1377380 778.3
1377390 778.3
1377400 778.4
1377410 777.3
1377420 777.3
1377430 774.9
1377440 772.8
1377450 772.8
1377460 770.7
1377470 768.4
1377480 768.4
1377490 765.9
1377500 763.4
1377510 763.4
1377520 760.8
1377530 757.8
1377540 757.8
1377550 754.6
1377560 751.9
1377570 749.8
1377580 749.8
1377590 748.1
1377600 746.6
1377610 746.6
1377620 745.4
1377630 744.4
1377640 744.4
1377650 743.5
1377660 742.4
1377670 742.4
1377680 741.0
1377690 740.5
1377700 740.5
1377710 739.4
1377720 738.9
1377730 738.9
1377740 739.1
1377750 739.2
1377760 739.2
1377770 739.7
1377780 740.5
1377790 740.5
1377800 741.5
1377810 742.3
1377820 742.3
1377830 743.2
1377840 744.0
1377850 744.0
1377860 744.7
1377870 745.3
1377880 745.3
1377890 745.3
1377900 744.9
1377910 744.2
1377920 744.2
1377930 743.2
1377940 741.7
1377950 741.7
1377960 740.3
1377970 739.3
1377980 739.3
1377990 738.3
1378000 737.4
1378010 737.4
1378020 736.6
1378030 735.8
1378040 735.8
1378050 734.8
1378060 733.9
1378070 733.9
1378080 733.4
1378090 733.1
1378100 733.1
1378110 732.8
1378120 732.5
1378130 732.5
1378140 732.1
1378150 731.9
1378160 731.9
1378170 731.5
1378180 731.4
1378190 731.4
1378200 731.3
1378210 731.3
1378220 731.3
1378230 730.4
1378240 729.3
1378250 728.7
1378260 728.7
1378270 728.4
1378280 727.7
1378290 727.7
1378300 726.2
1378310 723.1
1378320 723.1
1378330 718.2
1378340 714.1
1378350 714.1
1378360 713.0
1378370 712.4
1378380 712.4
1378390 710.2
1378400 709.0
1378410 709.0
1378420 710.8
1378430 712.9
1378440 712.9
1378450 714.1
1378460 713.4
1378470 713.4
1378480 711.9
1378490 710.0
1378500 710.0
1378510 708.6
1378520 707.4
1378530 707.4
1378540 705.3
1378550 703.4
1378560 703.4
1378570 701.6
1378580 700.0
1378590 698.8
1378600 698.8
1378610 697.4
1378620 696.1
1378630 696.1
1378640 695.0
1378650 693.9
1378660 693.9
1378670 693.1
1378680 692.4
1378690 692.4
1378700 691.5
1378710 690.5
1378720 690.5
1378730 689.6
1378740 689.0
1378750 689.0
1378760 688.3
1378770 687.3
1378780 687.3
1378790 686.1
1378800 684.7
1378810 684.7
1378820 683.4
1378830 682.1
1378840 682.1
1378850 681.3
1378860 680.9
1378870 680.9
1378880 680.7
1378890 680.6
1378900 680.6
1378910 680.7
1378920 680.7
1378930 680.7
1378940 680.7
1378950 680.7
1378960 680.7
1378970 680.7
1378980 680.7
1378990 680.6
1379000 680.6
1379010 680.5
1379020 680.4
1379030 680.4
1379040 680.2
1379050 680.2
1379060 680.2
1379070 680.2
1379080 680.2
1379090 680.2
1379100 680.1
1379110 680.1
1379120 680.1
1379130 680.2
1379140 680.3
1379150 680.3
1379160 680.2
1379170 680.0
1379180 680.0
1379190 679.8
1379200 679.7
1379210 679.7
1379220 679.7
1379230 679.6
1379240 679.6
1379250 679.6
1379260 679.6
1379270 679.7
1379280 679.7
1379290 679.6
1379300 679.5
1379310 679.5
1379320 679.5
1379330 679.4
1379340 679.4
1379350 679.3
1379360 679.3
1379370 679.3
1379380 679.2
1379390 679.1
1379400 679.1
1379410 679.1
1379420 679.3
1379430 679.3
1379440 679.2
1379450 678.9
1379460 678.9
1379470 678.8
1379480 678.7
1379490 678.7
1379500 678.7
1379510 678.7
1379520 678.7
1379530 678.6
1379540 678.6
1379550 678.6
1379560 678.5
1379570 678.5
1379580 678.5
1379590 678.0
1379600 677.7
1379610 677.6
1379620 677.6
1379630 677.6
1379640 677.6
1379650 677.6
1379660 677.5
1379670 677.5
1379680 677.5
1379690 677.5
1379700 677.5
1379710 677.5
1379720 677.5
1379730 677.5
1379740 677.5
1379750 677.5
1379760 677.4
1379770 677.4
1379780 677.4
1379790 677.4
1379800 677.4
1379810 677.4
1379820 677.4
1379830 677.4
1379840 677.4
1379850 677.3
1379860 677.3
1379870 677.3
1379880 677.2
1379890 677.2
1379900 677.1
1379910 677.1
1379920 677.1
1379930 677.0
1379940 677.0
1379950 677.0
1379960 677.0
1379970 676.9
1379980 677.0
1379990 677.0
