1360000 844.9
1360010 832.8
1360020 832.8
1360030 822.7
1360040 814.8
1360050 814.8
1360060 808.9
1360070 804.6
1360080 804.6
1360090 800.9
1360100 798.7
1360110 798.7
1360120 797.7
1360130 799.2
1360140 799.2
1360150 799.3
1360160 799.1
1360170 799.1
1360180 799.7
1360190 801.8
1360200 801.8
1360210 803.5
1360220 803.3
1360230 803.3
1360240 804.4
1360250 808.0
1360260 808.0
1360270 809.4
1360280 807.0
1360290 803.7
1360300 803.7
1360310 800.4
1360320 796.6
1360330 796.6
1360340 792.6
1360350 788.1
1360360 788.1
1360370 782.8
1360380 777.8
1360390 777.8
1360400 774.0
1360410 771.7
1360420 771.7
1360430 770.2
1360440 768.9
1360450 768.9
1360460 767.4
1360470 765.5
1360480 765.5
1360490 763.7
1360500 762.3
1360510 762.3
1360520 761.0
1360530 760.1
1360540 760.1
1360550 756.9
1360560 757.4
1360570 757.4
1360580 758.5
1360590 758.2
1360600 758.2
1360610 752.4
1360620 745.4
1360630 745.4
1360640 738.8
1360650 733.7
1360660 729.5
1360670 729.5
1360680 723.4
1360690 717.0
1360700 717.0
1360710 711.4
1360720 708.6
1360730 708.6
1360740 712.8
1360750 716.6
1360760 716.6
1360770 720.0
1360780 722.7
1360790 722.7
1360800 723.8
1360810 725.4
1360820 725.4
1360830 727.6
1360840 729.9
1360850 729.9
1360860 732.8
1360870 736.4
1360880 736.4
1360890 740.9
1360900 744.5
1360910 744.5
1360920 748.7
1360930 754.0
1360940 754.0
1360950 758.0
1360960 759.6
1360970 759.6
1360980 758.3
1360990 756.4
1361000 755.8
1361010 755.8
1361020 756.8
1361030 758.8
1361040 758.8
1361050 761.4
1361060 764.9
1361070 764.9
1361080 768.9
1361090 771.4
1361100 771.4
1361110 773.5
1361120 775.9
1361130 775.9
1361140 775.5
1361150 773.5
1361160 773.5
1361170 771.4
1361180 769.5
1361190 769.5
1361200 768.0
1361210 766.7
1361220 766.7
1361230 765.6
1361240 764.5
1361250 764.5
1361260 763.2
1361270 762.5
1361280 762.5
1361290 763.0
1361300 760.5
1361310 760.5
1361320 755.5
1361330 751.8
1361340 749.5
1361350 749.5
1361360 747.1
1361370 744.8
1361380 744.8
1361390 742.6
1361400 740.0
1361410 740.0
1361420 734.6
1361430 729.2
1361440 729.2
1361450 726.6
1361460 723.7
1361470 723.7
1361480 720.7
1361490 717.7
1361500 717.7
1361510 714.8
1361520 712.2
1361530 712.2
1361540 709.5
1361550 706.8
1361560 706.8
1361570 704.4
1361580 702.3
1361590 702.3
1361600 700.2
1361610 698.1
1361620 698.1
1361630 694.2
1361640 691.2
1361650 691.2
1361660 695.7
1361670 697.4
1361680 697.4
1361690 696.5
1361700 695.6
1361710 695.0
1361720 695.0
1361730 695.1
1361740 695.1
1361750 695.1
1361760 694.9
1361770 694.5
1361780 694.5
1361790 693.9
1361800 693.3
1361810 693.3
1361820 692.6
1361830 691.8
1361840 691.8
1361850 691.0
1361860 690.2
1361870 690.2
1361880 686.5
1361890 682.3
1361900 682.3
1361910 676.5
1361920 670.4
1361930 670.4
1361940 668.1
1361950 668.0
1361960 668.0
1361970 667.8
1361980 667.9
1361990 667.9
1362000 668.1
1362010 668.4
1362020 668.4
1362030 668.2
1362040 668.0
1362050 667.2
1362060 667.2
1362070 670.0
1362080 673.2
1362090 673.2
1362100 676.2
1362110 679.0
1362120 679.0
1362130 681.3
1362140 684.9
1362150 684.9
1362160 689.0
1362170 692.6
1362180 692.6
1362190 693.7
1362200 695.5
1362210 695.5
1362220 697.9
1362230 699.1
1362240 699.1
1362250 699.6
1362260 699.6
1362270 699.6
1362280 700.0
1362290 700.7
1362300 700.7
1362310 701.4
1362320 701.7
1362330 701.7
1362340 700.9
1362350 699.8
1362360 699.8
1362370 699.5
1362380 698.9
1362390 698.5
1362400 698.5
1362410 698.3
1362420 699.5
1362430 699.5
1362440 699.7
1362450 699.1
1362460 699.1
1362470 697.0
1362480 696.7
1362490 696.7
1362500 696.9
1362510 697.3
1362520 697.3
1362530 697.8
1362540 698.4
1362550 698.4
1362560 698.8
1362570 698.8
1362580 698.8
1362590 698.8
1362600 698.7
1362610 698.7
1362620 697.9
1362630 698.2
1362640 698.2
1362650 698.7
1362660 699.1
1362670 699.1
1362680 699.7
1362690 700.4
1362700 700.4
1362710 701.8
1362720 702.4
1362730 702.4
1362740 702.1
1362750 702.4
1362760 702.6
1362770 702.6
1362780 702.8
1362790 703.0
1362800 703.0
1362810 703.3
1362820 703.9
1362830 703.9
1362840 704.4
1362850 704.9
1362860 704.9
1362870 705.3
1362880 705.7
1362890 705.7
1362900 706.2
1362910 706.6
1362920 706.6
1362930 707.0
1362940 707.4
1362950 707.4
1362960 707.8
1362970 708.1
1362980 708.1
1362990 708.3
1363000 708.7
1363010 708.7
1363020 709.1
1363030 709.6
1363040 709.6
1363050 710.2
1363060 710.6
1363070 710.6
1363080 710.9
1363090 711.4
1363100 711.9
1363110 711.9
1363120 712.3
1363130 712.6
1363140 712.6
1363150 712.7
1363160 712.7
1363170 712.7
1363180 713.0
1363190 713.5
1363200 713.5
1363210 714.0
1363220 714.6
1363230 714.6
1363240 714.9
1363250 715.0
1363260 715.0
1363270 715.2
1363280 715.7
1363290 715.7
1363300 716.2
1363310 716.5
1363320 716.5
1363330 716.9
1363340 717.2
1363350 717.2
1363360 717.4
1363370 717.5
1363380 717.5
1363390 717.2
1363400 716.9
1363410 716.9
1363420 716.3
1363430 715.3
1363440 715.0
1363450 715.0
1363460 715.2
1363470 715.8
1363480 715.8
1363490 716.3
1363500 716.3
1363510 716.3
1363520 716.5
1363530 716.8
1363540 716.8
1363550 717.6
1363560 718.6
1363570 718.6
1363580 718.8
1363590 718.8
1363600 718.8
1363610 718.8
1363620 718.7
1363630 718.7
1363640 718.7
1363650 718.6
1363660 718.6
1363670 717.7
1363680 717.2
1363690 717.2
1363700 717.2
1363710 717.6
1363720 717.6
1363730 717.8
1363740 718.0
1363750 718.0
1363760 718.1
1363770 718.5
1363780 718.5
1363790 718.8
1363800 718.6
1363810 718.4
1363820 718.4
1363830 716.7
1363840 711.9
1363850 711.9
1363860 708.3
1363870 706.6
1363880 706.6
1363890 703.4
1363900 702.2
1363910 702.2
1363920 703.3
1363930 703.7
1363940 703.7
1363950 706.4
1363960 712.4
1363970 712.4
1363980 718.5
1363990 723.6
1364000 723.6
1364010 729.1
1364020 734.9
1364030 734.9
1364040 741.0
1364050 748.5
1364060 748.5
1364070 756.4
1364080 762.0
1364090 762.0
1364100 764.1
1364110 764.4
1364120 764.4
1364130 764.6
1364140 764.6
1364150 765.0
1364160 765.0
1364170 766.4
1364180 768.6
1364190 768.6
1364200 771.3
1364210 771.2
1364220 771.2
1364230 767.5
1364240 763.8
1364250 763.8
1364260 761.5
1364270 759.9
1364280 759.9
1364290 759.9
1364300 763.5
1364310 763.5
1364320 768.0
1364330 768.9
1364340 768.9
1364350 765.4
1364360 760.7
1364370 760.7
1364380 758.2
1364390 761.7
1364400 761.7
1364410 766.7
1364420 770.7
1364430 770.7
1364440 770.7
1364450 770.2
1364460 770.2
1364470 769.7
1364480 768.6
1364490 766.7
1364500 766.7
1364510 764.4
1364520 762.2
1364530 762.2
1364540 760.3
1364550 758.4
1364560 758.4
1364570 756.5
1364580 754.9
1364590 754.9
1364600 753.6
1364610 752.4
1364620 752.4
1364630 751.3
1364640 750.6
1364650 750.6
1364660 750.2
1364670 749.8
1364680 749.8
1364690 749.2
1364700 748.7
1364710 748.7
1364720 748.1
1364730 747.4
1364740 746.4
1364750 745.6
1364760 744.9
1364770 744.9
1364780 744.4
1364790 744.3
1364800 744.3
1364810 744.2
1364820 744.1
1364830 743.9
1364840 743.9
1364850 743.4
1364860 742.9
1364870 742.9
1364880 742.3
1364890 741.7
1364900 741.7
1364910 741.0
1364920 740.6
1364930 740.6
1364940 740.8
1364950 740.8
1364960 740.8
1364970 740.4
1364980 737.8
1364990 737.8
1365000 734.2
1365010 736.6
1365020 736.6
1365030 739.3
1365040 740.8
1365050 740.8
1365060 741.3
1365070 741.3
1365080 741.3
1365090 741.2
1365100 741.4
1365110 741.4
1365120 741.6
1365130 741.9
1365140 741.9
1365150 742.2
1365160 742.6
1365170 742.6
1365180 742.9
1365190 743.2
1365200 743.6
1365210 743.6
1365220 744.0
1365230 744.4
1365240 744.4
1365250 744.9
1365260 745.3
1365270 745.3
1365280 745.7
1365290 746.2
1365300 746.2
1365310 746.8
1365320 747.2
1365330 747.2
1365340 747.7
1365350 748.2
1365360 748.2
1365370 748.6
1365380 748.8
1365390 748.8
1365400 748.4
1365410 747.6
1365420 747.6
1365430 747.0
1365440 746.7
1365450 746.7
1365460 746.6
1365470 746.8
1365480 746.8
1365490 746.6
1365500 746.0
1365510 746.0
1365520 744.9
1365530 744.9
1365540 745.2
1365550 745.2
1365560 745.3
1365570 745.6
1365580 745.6
1365590 745.8
1365600 745.7
1365610 745.7
1365620 745.2
1365630 744.2
1365640 744.2
1365650 744.1
1365660 745.0
1365670 745.0
1365680 746.8
1365690 747.3
1365700 747.3
1365710 747.4
1365720 747.5
1365730 747.5
1365740 747.7
1365750 748.2
1365760 748.2
1365770 748.4
1365780 748.8
1365790 748.8
1365800 749.2
1365810 748.4
1365820 748.4
1365830 748.7
1365840 749.2
1365850 749.2
1365860 749.6
1365870 749.8
1365880 750.2
1365890 750.2
1365900 750.4
1365910 750.3
1365920 750.3
1365930 750.7
1365940 751.1
1365950 751.1
1365960 751.5
1365970 751.5
1365980 751.5
1365990 751.3
1366000 751.2
1366010 751.2
1366020 750.8
1366030 748.4
1366040 748.4
1366050 746.2
1366060 750.4
1366070 750.4
1366080 752.1
1366090 751.9
1366100 751.9
1366110 751.3
1366120 750.9
1366130 750.9
1366140 750.7
1366150 750.9
1366160 750.9
1366170 751.2
1366180 751.7
1366190 751.7
1366200 752.2
1366210 752.5
1366220 752.5
1366230 752.9
1366240 752.9
1366250 752.9
1366260 752.9
1366270 753.2
1366280 753.6
1366290 753.6
1366300 753.9
1366310 754.2
1366320 754.2
1366330 754.4
1366340 754.4
1366350 754.4
1366360 754.2
1366370 754.0
1366380 754.0
1366390 753.9
1366400 754.1
1366410 754.1
1366420 754.6
1366430 755.3
1366440 755.3
1366450 756.0
1366460 756.6
1366470 756.6
1366480 757.0
1366490 757.4
1366500 757.4
1366510 757.7
1366520 757.5
1366530 757.5
1366540 757.2
1366550 757.0
1366560 757.0
1366570 758.1
1366580 759.6
1366590 761.7
1366600 761.7
1366610 762.8
1366620 763.7
1366630 763.7
1366640 764.5
1366650 765.3
1366660 765.3
1366670 766.1
1366680 766.8
1366690 766.8
1366700 766.7
1366710 766.9
1366720 766.9
1366730 768.1
1366740 769.2
1366750 769.2
1366760 769.9
1366770 770.6
1366780 770.6
1366790 771.4
1366800 771.3
1366810 771.3
1366820 771.3
1366830 770.8
1366840 770.8
1366850 769.9
1366860 769.2
1366870 769.2
1366880 769.0
1366890 766.6
1366900 766.6
1366910 767.3
1366920 767.9
1366930 769.3
1366940 769.3
1366950 770.8
1366960 771.9
1366970 771.9
1366980 772.9
1366990 773.8
1367000 773.8
1367010 774.5
1367020 775.0
1367030 775.0
1367040 775.5
1367050 776.2
1367060 776.2
1367070 777.2
1367080 778.6
1367090 778.6
1367100 780.1
1367110 781.5
1367120 781.5
1367130 782.6
1367140 783.3
1367150 783.3
1367160 784.1
1367170 785.1
1367180 785.1
1367190 786.0
1367200 786.8
1367210 786.8
1367220 787.7
1367230 788.4
1367240 788.4
1367250 788.6
1367260 788.6
1367270 788.6
1367280 789.1
1367290 789.2
1367300 789.5
1367310 789.5
1367320 789.9
1367330 789.6
1367340 789.6
1367350 785.3
1367360 779.8
1367370 779.8
1367380 776.7
1367390 780.1
1367400 780.1
1367410 785.2
1367420 792.5
1367430 792.5
1367440 799.3
1367450 801.8
1367460 801.8
1367470 802.5
1367480 803.0
1367490 803.0
1367500 804.1
1367510 805.5
1367520 805.5
1367530 806.2
1367540 806.8
1367550 806.8
1367560 807.2
1367570 807.7
1367580 807.7
1367590 808.2
1367600 808.8
1367610 808.8
1367620 809.2
1367630 809.4
1367640 809.5
1367650 809.5
1367660 809.3
1367670 808.9
1367680 808.9
1367690 808.3
1367700 807.9
1367710 807.9
1367720 807.9
1367730 808.1
1367740 808.1
1367750 808.1
1367760 807.6
1367770 807.6
1367780 806.4
1367790 805.0
1367800 805.0
1367810 805.7
1367820 806.8
1367830 806.8
1367840 806.6
1367850 806.1
1367860 806.1
1367870 805.7
1367880 805.5
1367890 805.5
1367900 805.4
1367910 805.4
1367920 805.4
1367930 805.3
1367940 805.0
1367950 805.0
1367960 804.7
1367970 804.6
1367980 804.8
1367990 802.5
1368000 802.7
1368010 802.5
1368020 802.5
1368030 801.4
1368040 800.9
1368050 800.9
1368060 801.4
1368070 802.0
1368080 802.0
1368090 802.7
1368100 803.3
1368110 803.3
1368120 805.1
1368130 806.2
1368140 806.2
1368150 805.9
1368160 805.8
1368170 805.8
1368180 805.7
1368190 805.1
1368200 805.1
1368210 804.1
1368220 802.9
1368230 802.9
1368240 801.7
1368250 800.5
1368260 800.5
1368270 799.7
1368280 798.9
1368290 798.9
1368300 798.0
1368310 796.9
1368320 795.6
1368330 795.6
1368340 794.5
1368350 793.6
1368360 793.6
1368370 792.9
1368380 792.0
1368390 792.0
1368400 786.1
1368410 782.6
1368420 782.6
1368430 787.0
1368440 792.9
1368450 792.9
1368460 792.9
1368470 792.4
1368480 792.4
1368490 791.8
1368500 791.0
1368510 791.0
1368520 790.2
1368530 789.3
1368540 789.3
1368550 788.1
1368560 788.0
1368570 788.0
1368580 788.0
1368590 788.3
1368600 788.3
1368610 789.5
1368620 791.1
1368630 791.1
1368640 792.3
1368650 792.9
1368660 792.9
1368670 793.0
1368680 793.4
1368690 793.5
1368700 793.5
1368710 793.2
1368720 792.6
1368730 792.6
1368740 792.7
1368750 793.1
1368760 793.1
1368770 793.3
1368780 793.4
1368790 793.4
1368800 793.4
1368810 793.0
1368820 793.0
1368830 793.2
1368840 793.7
1368850 793.7
1368860 793.7
1368870 793.6
1368880 793.6
1368890 791.1
1368900 791.1
1368910 791.1
1368920 793.5
1368930 793.8
1368940 793.8
1368950 794.2
1368960 794.6
1368970 794.6
1368980 795.7
1368990 796.9
1369000 796.9
1369010 796.7
1369020 794.8
1369030 795.5
1369040 795.5
1369050 796.1
1369060 795.6
1369070 795.6
1369080 796.1
1369090 796.6
1369100 796.6
1369110 796.8
1369120 796.6
1369130 796.6
1369140 797.2
1369150 798.2
1369160 798.2
1369170 799.6
1369180 801.3
1369190 801.3
1369200 802.0
1369210 802.0
1369220 802.0
1369230 802.2
1369240 803.0
1369250 803.0
1369260 804.8
1369270 805.7
1369280 805.7
1369290 806.0
1369300 806.6
1369310 806.6
1369320 807.8
1369330 808.5
1369340 808.5
1369350 809.1
1369360 810.2
1369370 811.6
1369380 811.6
1369390 812.9
1369400 814.1
1369410 814.1
1369420 815.3
1369430 816.4
1369440 816.4
1369450 817.8
1369460 819.8
1369470 819.8
1369480 821.1
1369490 822.3
1369500 822.3
1369510 822.9
1369520 823.4
1369530 823.4
1369540 820.9
1369550 816.7
1369560 816.7
1369570 815.7
1369580 822.5
1369590 822.5
1369600 826.1
1369610 827.3
1369620 827.3
1369630 827.7
1369640 828.1
1369650 828.1
1369660 828.3
1369670 828.2
1369680 828.2
1369690 828.4
1369700 828.5
1369710 828.5
1369720 829.2
1369730 830.2
1369740 830.8
1369750 830.8
1369760 830.9
1369770 831.2
1369780 831.2
1369790 831.3
1369800 830.7
1369810 830.7
1369820 829.8
1369830 829.5
1369840 829.5
1369850 829.8
1369860 832.2
1369870 832.2
1369880 833.2
1369890 833.8
1369900 833.8
1369910 834.2
1369920 834.6
1369930 834.6
1369940 835.4
1369950 836.2
1369960 836.2
1369970 836.8
1369980 837.4
1369990 837.4
1370000 838.1
1370010 838.7
1370020 838.7
1370030 839.1
1370040 839.7
1370050 839.7
1370060 839.7
1370070 837.9
1370080 837.9
1370090 837.9
1370100 837.8
1370110 840.4
1370120 840.4
1370130 839.7
1370140 837.2
1370150 837.2
1370160 839.7
1370170 843.8
1370180 843.8
1370190 845.4
1370200 838.4
1370210 838.4
1370220 839.2
1370230 843.3
1370240 843.3
1370250 845.0
1370260 846.0
1370270 846.0
1370280 846.7
1370290 847.8
1370300 847.8
1370310 848.8
1370320 849.3
1370330 849.3
1370340 848.7
1370350 849.6
1370360 849.6
1370370 851.8
1370380 852.6
1370390 852.6
1370400 852.6
1370410 853.6
1370420 854.7
1370430 854.7
1370440 855.5
1370450 855.9
1370460 855.9
1370470 856.3
1370480 856.8
1370490 856.8
1370500 856.7
1370510 857.5
1370520 857.5
1370530 857.9
1370540 857.7
1370550 857.7
1370560 852.6
1370570 857.0
1370580 857.0
1370590 859.4
1370600 859.7
1370610 859.7
1370620 859.8
1370630 859.8
1370640 859.8
1370650 859.9
1370660 860.0
1370670 860.0
1370680 860.2
1370690 860.4
1370700 860.4
1370710 860.5
1370720 860.5
1370730 860.5
1370740 860.2
1370750 859.9
1370760 859.6
1370770 859.6
1370780 859.0
1370790 858.1
1370800 858.1
1370810 855.9
1370820 851.4
1370830 851.4
1370840 847.2
1370850 850.7
1370860 850.7
1370870 855.2
1370880 857.2
1370890 857.2
1370900 858.1
1370910 858.2
1370920 858.2
1370930 857.7
1370940 857.5
1370950 857.5
1370960 854.8
1370970 848.3
1370980 848.3
1370990 841.6
1371000 837.6
1371010 837.6
1371020 836.7
1371030 836.2
1371040 836.2
1371050 835.9
1371060 835.5
1371070 835.5
1371080 835.7
1371090 836.1
1371100 836.1
1371110 835.3
1371120 833.6
1371130 831.0
1371140 831.0
1371150 831.4
1371160 836.9
1371170 836.9
1371180 845.6
1371190 852.7
1371200 852.7
1371210 855.8
1371220 855.6
1371230 855.6
1371240 855.2
1371250 855.1
1371260 855.1
1371270 855.9
1371280 857.1
1371290 857.1
1371300 857.7
1371310 857.7
1371320 857.7
1371330 857.2
1371340 858.6
1371350 858.6
1371360 859.1
1371370 858.5
1371380 858.5
1371390 856.4
1371400 853.7
1371410 853.7
1371420 852.7
1371430 853.3
1371440 853.3
1371450 854.3
1371460 854.9
1371470 856.9
1371480 856.9
1371490 859.8
1371500 862.3
1371510 862.3
1371520 862.4
1371530 862.1
1371540 862.1
1371550 862.4
1371560 862.8
1371570 862.8
1371580 862.6
1371590 861.9
1371600 861.9
1371610 861.8
1371620 862.0
1371630 862.0
1371640 862.4
1371650 862.3
1371660 862.3
1371670 862.1
1371680 862.3
1371690 862.3
1371700 862.6
1371710 862.4
1371720 862.4
1371730 861.8
1371740 860.2
1371750 860.2
1371760 857.9
1371770 856.6
1371780 856.6
1371790 856.5
1371800 857.9
1371810 861.0
1371820 861.0
1371830 862.3
1371840 862.1
1371850 862.1
1371860 861.8
1371870 861.6
1371880 861.6
1371890 861.1
1371900 860.6
1371910 860.6
1371920 859.7
1371930 858.6
1371940 858.6
1371950 858.1
1371960 857.6
1371970 857.6
1371980 857.0
1371990 856.8
1372000 856.8
1372010 855.8
1372020 854.2
1372030 854.2
1372040 855.9
1372050 856.6
1372060 856.6
1372070 856.9
1372080 857.4
1372090 857.4
1372100 857.5
1372110 857.4
1372120 857.4
1372130 857.3
1372140 856.8
1372150 856.8
1372160 855.6
1372170 853.5
1372180 852.4
1372190 852.4
1372200 852.8
1372210 853.1
1372220 853.1
1372230 853.1
1372240 852.4
1372250 852.4
1372260 847.9
1372270 844.2
1372280 844.2
1372290 848.8
1372300 850.2
1372310 850.2
1372320 851.3
1372330 852.6
1372340 852.6
1372350 853.5
1372360 853.9
1372370 853.9
1372380 853.7
1372390 852.7
1372400 852.7
1372410 851.7
1372420 850.8
1372430 850.8
1372440 849.6
1372450 846.7
1372460 846.8
1372470 851.1
1372480 852.8
1372490 852.8
1372500 853.5
1372510 853.3
1372520 853.0
1372530 853.0
1372540 852.2
1372550 852.1
1372560 852.1
1372570 851.4
1372580 850.8
1372590 850.8
1372600 850.4
1372610 849.5
1372620 849.5
1372630 848.5
1372640 848.9
1372650 848.9
1372660 849.4
1372670 849.4
1372680 849.4
1372690 848.7
1372700 846.9
1372710 846.9
1372720 845.1
1372730 843.6
1372740 843.6
1372750 839.9
1372760 840.9
1372770 840.9
1372780 843.9
1372790 844.8
1372800 844.8
1372810 845.3
1372820 845.6
1372830 845.6
1372840 845.4
1372850 844.8
1372860 843.8
1372870 843.8
1372880 842.6
1372890 841.3
1372900 841.3
1372910 840.6
1372920 840.3
1372930 840.3
1372940 840.3
1372950 840.5
1372960 840.5
1372970 839.5
1372980 835.4
1372990 835.4
1373000 832.9
1373010 837.9
1373020 837.9
1373030 840.9
1373040 842.1
1373050 842.1
1373060 842.6
1373070 842.8
1373080 842.8
1373090 843.1
1373100 843.4
1373110 843.4
1373120 843.5
1373130 843.3
1373140 843.3
1373150 842.9
1373160 843.5
1373170 843.5
1373180 843.4
1373190 843.2
1373200 843.3
1373210 843.3
1373220 842.3
1373230 837.3
1373240 837.3
1373250 831.7
1373260 827.2
1373270 827.2
1373280 823.3
1373290 822.7
1373300 822.7
1373310 823.7
1373320 828.1
1373330 828.1
1373340 832.7
1373350 837.6
1373360 837.6
1373370 841.0
1373380 840.5
1373390 840.5
1373400 840.4
1373410 840.7
1373420 840.7
1373430 840.8
1373440 840.5
1373450 840.5
1373460 840.0
1373470 839.2
1373480 839.2
1373490 838.2
1373500 837.2
1373510 837.2
1373520 834.8
1373530 831.1
1373540 831.1
1373550 827.8
1373560 824.5
1373570 827.6
1373580 827.6
1373590 830.8
1373600 832.2
1373610 829.8
1373620 828.7
1373630 828.5
1373640 828.5
1373650 828.4
1373660 828.3
1373670 828.3
1373680 829.0
1373690 830.7
1373700 830.7
1373710 832.3
1373720 833.4
1373730 833.4
1373740 833.8
1373750 833.9
1373760 833.9
1373770 834.1
1373780 834.3
1373790 834.3
1373800 834.4
1373810 834.2
1373820 834.2
1373830 833.7
1373840 833.0
1373850 833.0
1373860 831.4
1373870 828.2
1373880 828.2
1373890 823.1
1373900 816.1
1373910 816.4
1373920 816.4
1373930 823.4
1373940 827.3
1373950 827.3
1373960 828.0
1373970 827.9
1373980 827.9
1373990 827.5
1374000 827.0
1374010 827.0
1374020 826.6
1374030 826.3
1374040 826.3
1374050 826.1
1374060 825.6
1374070 825.6
1374080 824.7
1374090 822.4
1374100 822.4
1374110 823.0
1374120 823.5
1374130 823.5
1374140 823.0
1374150 822.9
1374160 822.9
1374170 822.7
1374180 822.1
1374190 822.1
1374200 821.3
1374210 820.8
1374220 820.8
1374230 820.3
1374240 819.6
1374250 818.7
1374260 818.7
1374270 817.8
1374280 816.7
1374290 816.7
1374300 815.5
1374310 814.5
1374320 814.5
1374330 813.6
1374340 812.4
1374350 812.4
1374360 811.4
1374370 810.8
1374380 810.8
1374390 810.3
1374400 810.0
1374410 810.0
1374420 809.3
1374430 808.2
1374440 808.2
1374450 807.1
1374460 805.7
1374470 805.7
1374480 804.4
1374490 803.6
1374500 803.6
1374510 802.8
1374520 802.9
1374530 802.9
1374540 802.8
1374550 802.3
1374560 802.3
1374570 801.7
1374580 801.0
1374590 801.0
1374600 800.2
1374610 799.1
1374620 797.6
1374630 797.6
1374640 796.1
1374650 795.2
1374660 795.2
1374670 793.9
1374680 793.2
1374690 793.2
1374700 793.2
1374710 792.2
1374720 792.2
1374730 792.9
1374740 793.7
1374750 793.7
1374760 793.8
1374770 791.6
1374780 791.6
1374790 791.3
1374800 790.8
1374810 790.8
1374820 790.1
1374830 789.5
1374840 789.5
1374850 789.1
1374860 788.6
1374870 788.6
1374880 788.0
1374890 787.5
1374900 787.5
1374910 787.2
1374920 786.5
1374930 786.5
1374940 785.4
1374950 784.2
1374960 783.0
1374970 783.0
1374980 781.9
1374990 781.2
1375000 781.2
1375010 780.5
1375020 779.4
1375030 779.4
1375040 777.7
1375050 776.4
1375060 776.4
1375070 775.9
1375080 774.3
1375090 774.3
1375100 771.4
1375110 769.3
1375120 769.3
1375130 768.6
1375140 768.2
1375150 768.2
1375160 767.9
1375170 768.2
1375180 768.2
1375190 768.5
1375200 769.2
1375210 769.2
1375220 769.6
1375230 769.2
1375240 769.2
1375250 768.3
1375260 767.2
1375270 767.2
1375280 766.4
1375290 766.0
1375300 765.5
1375310 765.5
1375320 764.8
1375330 764.0
1375340 764.0
1375350 763.5
1375360 762.9
1375370 762.9
1375380 762.1
1375390 761.3
1375400 761.3
1375410 760.5
1375420 759.6
1375430 759.6
1375440 758.5
1375450 757.6
1375460 757.6
1375470 757.0
1375480 756.3
1375490 756.3
1375500 755.7
1375510 755.3
1375520 755.3
1375530 755.0
1375540 754.6
1375550 754.6
1375560 754.0
1375570 753.6
1375580 753.6
1375590 753.5
1375600 753.2
1375610 753.2
1375620 752.8
1375630 751.8
1375640 751.8
1375650 751.3
1375660 749.6
1375670 746.0
1375680 746.0
1375690 749.0
1375700 750.1
1375710 750.1
1375720 752.4
1375730 753.2
1375740 753.2
1375750 754.2
1375760 755.0
1375770 755.0
1375780 755.9
1375790 757.4
1375800 757.4
1375810 758.7
1375820 759.4
1375830 759.4
1375840 759.8
1375850 760.1
1375860 760.1
1375870 760.6
1375880 761.0
1375890 761.0
1375900 761.2
1375910 761.4
1375920 761.4
1375930 761.5
1375940 758.2
1375950 758.2
1375960 757.7
1375970 757.1
1375980 757.1
1375990 756.4
1376000 755.9
1376010 755.7
1376020 755.7
1376030 755.5
1376040 755.1
1376050 755.1
1376060 754.8
1376070 754.3
1376080 754.3
1376090 754.0
1376100 754.7
1376110 754.7
1376120 755.0
1376130 755.1
1376140 755.1
1376150 754.4
1376160 753.5
1376170 753.5
1376180 752.7
1376190 752.0
1376200 752.0
1376210 751.9
1376220 752.0
1376230 752.0
1376240 752.1
1376250 752.2
1376260 752.2
1376270 752.2
1376280 752.0
1376290 752.0
1376300 751.7
1376310 751.3
1376320 751.3
1376330 750.7
1376340 750.2
1376350 749.6
1376360 749.6
1376370 749.0
1376380 748.0
1376390 748.0
1376400 746.9
1376410 745.7
1376420 745.7
1376430 743.8
1376440 740.6
1376450 740.6
1376460 740.4
1376470 744.3
1376480 744.3
1376490 745.1
1376500 745.2
1376510 745.2
1376520 745.1
1376530 744.9
1376540 744.9
1376550 743.5
1376560 740.8
1376570 740.8
1376580 737.9
1376590 736.8
1376600 736.8
1376610 739.4
1376620 741.0
1376630 741.0
1376640 742.1
1376650 742.1
1376660 742.1
1376670 741.8
1376680 741.4
1376690 741.1
1376700 741.1
1376710 741.5
1376720 742.1
1376730 742.1
1376740 742.5
1376750 742.8
1376760 742.8
1376770 742.6
1376780 742.6
1376790 742.6
1376800 743.1
1376810 743.2
1376820 743.2
1376830 742.3
1376840 741.1
1376850 741.1
1376860 741.1
1376870 741.0
1376880 741.0
1376890 740.7
1376900 740.5
1376910 740.5
1376920 738.1
1376930 736.5
1376940 736.5
1376950 735.5
1376960 735.2
1376970 735.2
1376980 735.4
1376990 735.9
1377000 735.9
1377010 736.7
1377020 737.6
1377030 737.6
1377040 738.6
1377050 739.8
1377060 740.8
1377070 740.8
1377080 741.5
1377090 742.2
1377100 742.2
1377110 742.7
1377120 743.2
1377130 741.3
1377140 741.5
1377150 741.2
1377160 741.2
1377170 739.8
1377180 736.8
1377190 736.8
1377200 733.7
1377210 732.2
1377220 732.2
1377230 731.9
1377240 731.2
1377250 731.2
1377260 730.4
1377270 729.7
1377280 729.7
1377290 729.0
1377300 728.4
1377310 728.4
1377320 728.1
1377330 727.2
1377340 727.2
1377350 724.6
1377360 718.8
1377370 718.8
1377380 714.7
1377390 719.5
1377400 726.3
1377410 726.3
1377420 727.4
1377430 727.2
1377440 727.2
1377450 727.0
1377460 726.9
1377470 726.9
1377480 726.7
1377490 726.4
1377500 726.4
1377510 726.2
1377520 725.9
1377530 725.9
1377540 726.1
1377550 726.3
1377560 726.3
1377570 726.7
1377580 727.7
1377590 727.7
1377600 729.1
1377610 730.3
1377620 730.3
1377630 731.1
1377640 731.5
1377650 731.5
1377660 731.7
1377670 731.7
1377680 731.7
1377690 731.7
1377700 732.2
1377710 732.2
1377720 733.2
1377730 734.3
1377740 735.1
1377750 735.1
1377760 735.4
1377770 735.8
1377780 735.8
1377790 735.9
1377800 735.2
1377810 735.2
1377820 734.3
1377830 733.6
1377840 733.6
1377850 733.0
1377860 732.1
1377870 732.1
1377880 731.2
1377890 730.4
1377900 730.4
1377910 729.7
1377920 729.2
1377930 729.2
1377940 728.7
1377950 728.2
1377960 728.2
1377970 727.7
1377980 727.4
1377990 727.4
1378000 727.2
1378010 727.0
1378020 727.0
1378030 726.9
1378040 726.6
1378050 726.6
1378060 726.3
1378070 726.4
1378080 726.4
1378090 726.7
1378100 726.9
1378110 727.4
1378120 727.4
1378130 727.9
1378140 728.1
1378150 728.1
1378160 728.2
1378170 728.5
1378180 728.5
1378190 728.7
1378200 729.3
1378210 729.3
1378220 730.6
1378230 731.7
1378240 731.7
1378250 732.9
1378260 734.2
1378270 734.2
1378280 735.4
1378290 736.5
1378300 736.5
1378310 737.6
1378320 738.4
1378330 740.2
1378340 740.8
1378350 741.7
1378360 741.7
1378370 742.9
1378380 743.7
1378390 743.7
1378400 743.6
1378410 743.3
1378420 743.3
1378430 743.0
1378440 743.2
1378450 744.3
1378460 744.3
1378470 746.5
1378480 748.9
1378490 748.9
1378500 751.1
1378510 752.0
1378520 752.0
1378530 750.2
1378540 747.3
1378550 747.3
1378560 743.5
1378570 740.0
1378580 740.0
1378590 737.7
1378600 737.1
1378610 737.1
1378620 735.5
1378630 733.4
1378640 733.4
1378650 730.5
1378660 728.7
1378670 728.7
1378680 728.2
1378690 729.0
1378700 729.0
1378710 731.3
1378720 733.7
1378730 733.7
1378740 735.6
1378750 736.2
1378760 736.2
1378770 736.9
1378780 738.7
1378790 741.9
1378800 741.9
1378810 744.1
1378820 745.7
1378830 745.7
1378840 746.1
1378850 744.9
1378860 744.9
1378870 742.3
1378880 739.4
1378890 739.4
1378900 736.9
1378910 734.8
1378920 734.8
1378930 732.5
1378940 729.7
1378950 729.7
1378960 727.9
1378970 727.5
1378980 727.5
1378990 727.3
1379000 727.6
1379010 727.6
1379020 728.6
1379030 728.3
1379040 728.3
1379050 722.8
1379060 717.0
1379070 717.0
1379080 710.0
1379090 702.8
1379100 702.8
1379110 701.5
1379120 706.5
1379130 706.5
1379140 713.8
1379150 718.0
1379160 719.3
1379170 719.3
1379180 719.7
1379190 719.2
1379200 719.2
1379210 720.3
1379220 721.3
1379230 721.3
1379240 719.0
1379250 716.2
1379260 716.2
1379270 716.2
1379280 716.5
1379290 716.5
1379300 716.6
1379310 717.5
1379320 717.5
1379330 717.2
1379340 716.9
1379350 716.9
1379360 714.4
1379370 710.0
1379380 710.0
1379390 706.6
1379400 703.6
1379410 703.6
1379420 700.9
1379430 700.9
1379440 700.9
1379450 705.4
1379460 709.0
1379470 709.0
1379480 711.9
1379490 715.8
1379500 718.7
1379510 718.7
1379520 720.1
1379530 723.7
1379540 720.4
1379550 726.1
1379560 731.8
1379570 731.8
1379580 737.0
1379590 742.0
1379600 742.0
1379610 743.2
1379620 742.5
1379630 742.5
1379640 739.4
1379650 735.7
1379660 735.7
1379670 732.3
1379680 729.2
1379690 729.2
1379700 726.0
1379710 722.7
1379720 722.7
1379730 719.5
1379740 716.7
1379750 716.7
1379760 714.4
1379770 712.8
1379780 712.8
1379790 711.9
1379800 710.8
1379810 710.8
1379820 710.1
1379830 709.4
1379840 709.0
1379850 709.0
1379860 708.2
1379870 707.1
1379880 707.1
1379890 705.8
1379900 704.8
1379910 704.8
1379920 703.7
1379930 702.4
1379940 702.4
1379950 701.1
1379960 699.0
1379970 699.0
1379980 697.9
1379990 695.8
