1360000 937.3
1360010 935.3
1360020 935.3
1360030 933.6
1360040 931.9
1360050 931.9
1360060 930.1
1360070 928.1
1360080 928.1
1360090 925.9
1360100 923.8
1360110 923.8
1360120 921.9
1360130 920.4
1360140 920.4
1360150 918.8
1360160 917.1
1360170 917.1
1360180 915.5
1360190 914.6
1360200 914.6
1360210 914.1
1360220 913.5
1360230 913.5
1360240 913.1
1360250 912.6
1360260 912.6
1360270 911.9
1360280 911.6
1360290 911.6
1360300 911.0
1360310 910.5
1360320 910.5
1360330 910.4
1360340 910.0
1360350 909.0
1360360 909.0
1360370 905.7
1360380 905.7
1360390 905.7
1360400 906.2
1360410 906.2
1360420 906.2
1360430 906.9
1360440 907.1
1360450 907.1
1360460 907.3
1360470 907.2
1360480 907.2
1360490 906.4
1360500 904.9
1360510 904.9
1360520 903.1
1360530 901.6
1360540 901.6
1360550 898.9
1360560 896.2
1360570 896.2
1360580 893.8
1360590 892.2
1360600 892.2
1360610 890.8
1360620 889.1
1360630 889.1
1360640 887.0
1360650 885.9
1360660 885.9
1360670 883.8
1360680 881.7
1360690 879.9
1360700 879.9
1360710 877.9
1360720 876.2
1360730 876.2
1360740 874.7
1360750 873.2
1360760 873.2
1360770 870.9
1360780 868.3
1360790 868.3
1360800 866.2
1360810 864.1
1360820 864.1
1360830 861.9
1360840 860.2
1360850 860.2
1360860 859.5
1360870 859.3
1360880 859.3
1360890 858.9
1360900 857.4
1360910 857.4
1360920 855.1
1360930 850.0
1360940 850.0
1360950 842.0
1360960 835.4
1360970 835.4
1360980 837.5
1360990 842.4
1361000 842.4
1361010 847.4
1361020 854.3
1361030 854.3
1361040 858.8
1361050 862.8
1361060 868.3
1361070 868.3
1361080 874.5
1361090 877.7
1361100 877.7
1361110 877.2
1361120 872.4
1361130 872.4
1361140 867.8
1361150 864.8
1361160 864.8
1361170 863.5
1361180 861.4
1361190 861.4
1361200 860.2
1361210 860.3
1361220 860.3
1361230 858.9
1361240 855.1
1361250 855.1
1361260 853.1
1361270 849.1
1361280 849.1
1361290 843.8
1361300 839.3
1361310 839.3
1361320 835.6
1361330 833.4
1361340 833.4
1361350 833.1
1361360 830.9
1361370 830.9
1361380 829.9
1361390 822.3
1361400 814.1
1361410 817.3
1361420 813.0
1361430 810.7
1361440 810.7
1361450 813.9
1361460 818.3
1361470 818.3
1361480 816.8
1361490 818.2
1361500 818.2
1361510 823.3
1361520 825.7
1361530 825.7
1361540 822.0
1361550 820.2
1361560 820.2
1361570 816.4
1361580 806.9
1361590 806.9
1361600 790.9
1361610 776.5
1361620 776.5
1361630 771.7
1361640 773.5
1361650 773.5
1361660 776.4
1361670 779.3
1361680 779.3
1361690 782.8
1361700 787.3
1361710 787.3
1361720 791.3
1361730 795.9
1361740 795.9
1361750 801.1
1361760 807.6
1361770 811.7
1361780 811.7
1361790 813.3
1361800 815.7
1361810 815.7
1361820 817.3
1361830 820.9
1361840 820.9
1361850 825.7
1361860 832.1
1361870 832.1
1361880 837.1
1361890 840.0
1361900 840.0
1361910 845.6
1361920 852.0
1361930 852.0
1361940 859.1
1361950 861.7
1361960 861.7
1361970 863.2
1361980 867.2
1361990 867.2
1362000 872.4
1362010 876.6
1362020 876.6
1362030 878.6
1362040 879.7
1362050 879.7
1362060 881.0
1362070 882.7
1362080 882.7
1362090 884.4
1362100 886.1
1362110 887.6
1362120 887.6
1362130 889.2
1362140 890.9
1362150 890.9
1362160 892.9
1362170 895.1
1362180 895.1
1362190 897.6
1362200 900.6
1362210 900.6
1362220 904.4
1362230 906.6
1362240 906.6
1362250 907.2
1362260 907.7
1362270 907.7
1362280 908.0
1362290 908.3
1362300 908.3
1362310 908.6
1362320 908.7
1362330 908.7
1362340 908.6
1362350 908.4
1362360 908.4
1362370 908.2
1362380 908.1
1362390 908.1
1362400 908.1
1362410 908.2
1362420 908.2
1362430 908.3
1362440 908.3
1362450 908.0
1362460 908.0
1362470 908.3
1362480 908.8
1362490 908.8
1362500 908.9
1362510 908.8
1362520 908.8
1362530 908.9
1362540 909.1
1362550 909.1
1362560 909.3
1362570 909.4
1362580 909.4
1362590 909.6
1362600 909.8
1362610 909.8
1362620 910.2
1362630 910.6
1362640 910.6
1362650 910.9
1362660 911.2
1362670 911.2
1362680 911.5
1362690 911.8
1362700 911.8
1362710 912.2
1362720 912.6
1362730 912.6
1362740 912.9
1362750 913.1
1362760 913.1
1362770 913.1
1362780 913.1
1362790 913.1
1362800 912.9
1362810 911.9
1362820 910.8
1362830 910.8
1362840 910.2
1362850 910.4
1362860 910.4
1362870 910.4
1362880 909.0
1362890 909.0
1362900 907.2
1362910 905.6
1362920 905.6
1362930 902.9
1362940 899.9
1362950 899.9
1362960 897.8
1362970 897.7
1362980 897.7
1362990 900.3
1363000 901.7
1363010 901.7
1363020 903.1
1363030 903.3
1363040 903.3
1363050 902.4
1363060 901.6
1363070 901.6
1363080 901.7
1363090 902.3
1363100 902.3
1363110 902.6
1363120 902.4
1363130 902.4
1363140 901.8
1363150 900.0
1363160 900.0
1363170 897.2
1363180 894.4
1363190 893.2
1363200 893.2
1363210 892.8
1363220 892.2
1363230 892.2
1363240 891.5
1363250 891.4
1363260 891.4
1363270 891.4
1363280 891.8
1363290 891.8
1363300 890.5
1363310 887.0
1363320 887.0
1363330 882.9
1363340 877.0
1363350 877.0
1363360 870.1
1363370 863.5
1363380 863.5
1363390 859.2
1363400 858.1
1363410 858.1
1363420 856.9
1363430 856.4
1363440 856.4
1363450 856.2
1363460 855.5
1363470 855.5
1363480 855.0
1363490 853.8
1363500 852.0
1363510 848.3
1363520 843.3
1363530 839.7
1363540 839.7
1363550 843.5
1363560 849.5
1363570 849.5
1363580 857.2
1363590 863.0
1363600 863.0
1363610 868.5
1363620 873.8
1363630 873.8
1363640 879.0
1363650 885.2
1363660 885.2
1363670 891.3
1363680 897.2
1363690 897.2
1363700 903.2
1363710 909.0
1363720 909.0
1363730 913.4
1363740 915.3
1363750 915.3
1363760 916.8
1363770 918.3
1363780 918.3
1363790 919.8
1363800 921.3
1363810 921.3
1363820 922.5
1363830 923.5
1363840 923.5
1363850 924.3
1363860 925.0
1363870 925.0
1363880 925.9
1363890 926.8
1363900 927.9
1363910 927.9
1363920 928.7
1363930 929.3
1363940 929.3
1363950 929.9
1363960 930.4
1363970 930.4
1363980 931.1
1363990 931.8
1364000 931.8
1364010 932.3
1364020 932.8
1364030 932.8
1364040 933.2
1364050 933.5
1364060 933.5
1364070 933.8
1364080 934.0
1364090 934.0
1364100 934.2
1364110 934.2
1364120 934.2
1364130 934.2
1364140 934.3
1364150 934.3
1364160 934.4
1364170 934.2
1364180 934.2
1364190 933.9
1364200 933.5
1364210 933.5
1364220 933.2
1364230 932.9
1364240 932.4
1364250 932.4
1364260 932.1
1364270 931.9
1364280 931.9
1364290 931.8
1364300 931.5
1364310 931.5
1364320 931.2
1364330 931.1
1364340 931.1
1364350 931.0
1364360 930.5
1364370 930.5
1364380 928.9
1364390 927.6
1364400 927.6
1364410 926.9
1364420 926.9
1364430 926.9
1364440 927.3
1364450 927.7
1364460 927.7
1364470 927.8
1364480 927.6
1364490 927.6
1364500 927.6
1364510 927.6
1364520 927.6
1364530 927.5
1364540 927.4
1364550 927.4
1364560 924.4
1364570 924.5
1364580 924.5
1364590 925.0
1364600 925.5
1364610 925.7
1364620 925.7
1364630 925.6
1364640 925.1
1364650 925.1
1364660 923.8
1364670 916.1
1364680 916.1
1364690 907.7
1364700 912.0
1364710 912.0
1364720 920.5
1364730 923.1
1364740 923.1
1364750 922.8
1364760 921.9
1364770 921.9
1364780 921.3
1364790 921.3
1364800 921.3
1364810 920.7
1364820 920.2
1364830 920.2
1364840 919.7
1364850 918.9
1364860 918.9
1364870 918.0
1364880 916.5
1364890 916.5
1364900 914.6
1364910 912.5
1364920 912.5
1364930 910.4
1364940 908.1
1364950 906.3
1364960 906.3
1364970 904.6
1364980 902.9
1364990 902.9
1365000 902.0
1365010 902.0
1365020 902.0
1365030 901.9
1365040 901.5
1365050 901.5
1365060 901.5
1365070 902.4
1365080 902.4
1365090 903.7
1365100 904.5
1365110 904.5
1365120 904.2
1365130 903.5
1365140 903.5
1365150 903.3
1365160 903.6
1365170 903.6
1365180 904.1
1365190 904.6
1365200 904.6
1365210 905.0
1365220 905.4
1365230 905.4
1365240 905.6
1365250 905.9
1365260 905.9
1365270 906.2
1365280 906.3
1365290 906.3
1365300 906.0
1365310 904.8
1365320 901.2
1365330 901.2
1365340 898.5
1365350 897.6
1365360 897.6
1365370 897.5
1365380 897.5
1365390 897.5
1365400 897.7
1365410 898.3
1365420 898.3
1365430 899.4
1365440 900.7
1365450 900.7
1365460 901.2
1365470 901.0
1365480 901.0
1365490 896.6
1365500 891.3
1365510 891.3
1365520 889.3
1365530 889.5
1365540 889.5
1365550 886.8
1365560 880.3
1365570 880.3
1365580 876.7
1365590 874.3
1365600 874.3
1365610 871.0
1365620 872.4
1365630 872.6
1365640 879.0
1365650 883.4
1365660 886.9
1365670 886.9
1365680 890.8
1365690 897.7
1365700 897.7
1365710 905.1
1365720 910.9
1365730 910.9
1365740 914.2
1365750 917.7
1365760 917.7
1365770 921.5
1365780 924.7
1365790 924.7
1365800 927.9
1365810 930.8
1365820 930.8
1365830 933.9
1365840 936.8
1365850 936.8
1365860 938.6
1365870 941.9
1365880 941.9
1365890 945.0
1365900 948.2
1365910 948.2
1365920 950.2
1365930 950.4
1365940 950.4
1365950 952.7
1365960 957.0
1365970 957.0
1365980 961.8
1365990 969.4
1366000 969.4
1366010 977.9
1366020 985.9
1366030 992.6
1366040 992.6
1366050 997.9
1366060 1001.0
1366070 1001.0
1366080 1002.2
1366090 1003.1
1366100 1003.1
1366110 1004.3
1366120 1006.2
1366130 1006.2
1366140 1007.6
1366150 1005.3
1366160 1005.3
1366170 1004.2
1366180 1007.4
1366190 1007.4
1366200 1012.1
1366210 1015.2
1366220 1015.2
1366230 1015.3
1366240 1011.7
1366250 1011.7
1366260 1012.1
1366270 1016.5
1366280 1016.5
1366290 1019.6
1366300 1021.6
1366310 1021.6
1366320 1022.9
1366330 1023.6
1366340 1023.6
1366350 1024.6
1366360 1025.5
1366370 1026.1
1366380 1026.1
1366390 1026.6
1366400 1027.1
1366410 1027.1
1366420 1027.8
1366430 1028.6
1366440 1028.6
1366450 1029.3
1366460 1030.1
1366470 1030.1
1366480 1030.8
1366490 1031.1
1366500 1031.1
1366510 1031.0
1366520 1031.3
1366530 1031.3
1366540 1031.5
1366550 1032.0
1366560 1032.0
1366570 1033.0
1366580 1033.5
1366590 1033.5
1366600 1033.7
1366610 1033.8
1366620 1033.8
1366630 1033.7
1366640 1033.4
1366650 1033.4
1366660 1032.8
1366670 1033.5
1366680 1033.5
1366690 1034.4
1366700 1034.0
1366710 1029.7
1366720 1028.0
1366730 1026.0
1366740 1027.9
1366750 1027.9
1366760 1025.8
1366770 1021.2
1366780 1021.2
1366790 1019.7
1366800 1021.9
1366810 1021.9
1366820 1018.7
1366830 1015.6
1366840 1015.6
1366850 1015.2
1366860 1013.9
1366870 1013.9
1366880 1012.1
1366890 1017.2
1366900 1017.2
1366910 1022.3
1366920 1027.0
1366930 1027.0
1366940 1030.2
1366950 1029.7
1366960 1029.7
1366970 1028.3
1366980 1028.0
1366990 1028.0
1367000 1025.6
1367010 1022.8
1367020 1022.8
1367030 1020.6
1367040 1021.4
1367050 1021.4
1367060 1022.2
1367070 1024.8
1367080 1028.0
1367090 1028.0
1367100 1031.0
1367110 1035.6
1367120 1035.6
1367130 1039.3
1367140 1041.9
1367150 1041.9
1367160 1041.9
1367170 1040.3
1367180 1040.3
1367190 1037.4
1367200 1037.9
1367210 1037.9
1367220 1041.4
1367230 1046.7
1367240 1046.7
1367250 1052.1
1367260 1055.3
1367270 1055.3
1367280 1057.0
1367290 1058.6
1367300 1058.6
1367310 1059.8
1367320 1060.5
1367330 1060.5
1367340 1061.3
1367350 1062.7
1367360 1062.7
1367370 1064.8
1367380 1067.1
1367390 1067.1
1367400 1068.8
1367410 1069.6
1367420 1069.6
1367430 1070.5
1367440 1071.7
1367450 1072.2
1367460 1072.2
1367470 1072.6
1367480 1073.7
1367490 1073.7
1367500 1074.1
1367510 1073.9
1367520 1073.9
1367530 1073.7
1367540 1073.8
1367550 1073.8
1367560 1073.7
1367570 1073.4
1367580 1073.4
1367590 1074.1
1367600 1075.4
1367610 1075.4
1367620 1074.7
1367630 1074.2
1367640 1074.2
1367650 1074.8
1367660 1076.3
1367670 1076.3
1367680 1078.1
1367690 1079.4
1367700 1079.4
1367710 1080.5
1367720 1080.8
1367730 1080.8
1367740 1080.9
1367750 1081.2
1367760 1081.2
1367770 1081.2
1367780 1080.9
1367790 1080.3
1367800 1080.3
1367810 1073.2
1367820 1070.9
1367830 1070.9
1367840 1067.5
1367850 1064.2
1367860 1064.2
1367870 1059.7
1367880 1055.3
1367890 1055.3
1367900 1053.5
1367910 1052.2
1367920 1052.2
1367930 1051.3
1367940 1052.1
1367950 1052.1
1367960 1054.4
1367970 1055.3
1367980 1055.3
1367990 1056.0
1368000 1057.4
1368010 1057.4
1368020 1057.6
1368030 1056.2
1368040 1056.2
1368050 1057.3
1368060 1057.1
1368070 1057.1
1368080 1055.7
1368090 1055.5
1368100 1055.5
1368110 1056.1
1368120 1057.5
1368130 1057.5
1368140 1059.3
1368150 1061.8
1368160 1064.1
1368170 1064.1
1368180 1064.7
1368190 1062.7
1368200 1062.7
1368210 1064.4
1368220 1068.4
1368230 1068.4
1368240 1072.5
1368250 1075.3
1368260 1075.3
1368270 1077.9
1368280 1080.4
1368290 1080.4
1368300 1084.0
1368310 1088.3
1368320 1088.3
1368330 1091.8
1368340 1092.5
1368350 1092.5
1368360 1094.2
1368370 1096.2
1368380 1096.2
1368390 1096.8
1368400 1096.2
1368410 1096.2
1368420 1094.3
1368430 1095.3
1368440 1095.3
1368450 1100.3
1368460 1104.9
1368470 1104.9
1368480 1108.2
1368490 1112.3
1368500 1116.8
1368510 1116.8
1368520 1120.1
1368530 1119.6
1368540 1119.6
1368550 1114.0
1368560 1108.5
1368570 1108.5
1368580 1106.5
1368590 1109.3
1368600 1109.3
1368610 1117.9
1368620 1127.2
1368630 1127.2
1368640 1134.8
1368650 1139.1
1368660 1139.1
1368670 1142.3
1368680 1144.9
1368690 1144.9
1368700 1147.1
1368710 1148.8
1368720 1148.8
1368730 1150.3
1368740 1151.5
1368750 1151.5
1368760 1152.6
1368770 1154.5
1368780 1154.5
1368790 1156.9
1368800 1158.8
1368810 1158.8
1368820 1160.4
1368830 1161.5
1368840 1161.5
1368850 1163.0
1368860 1162.7
1368870 1162.6
1368880 1162.6
1368890 1164.5
1368900 1164.6
1368910 1159.5
1368920 1159.8
1368930 1160.6
1368940 1160.6
1368950 1159.9
1368960 1158.7
1368970 1158.7
1368980 1162.2
1368990 1165.9
1369000 1165.9
1369010 1169.7
1369020 1173.1
1369030 1173.1
1369040 1176.1
1369050 1178.7
1369060 1178.7
1369070 1180.9
1369080 1182.7
1369090 1182.7
1369100 1184.1
1369110 1184.8
1369120 1184.8
1369130 1186.1
1369140 1187.6
1369150 1187.6
1369160 1188.6
1369170 1189.5
1369180 1189.5
1369190 1190.5
1369200 1191.4
1369210 1191.7
1369220 1191.7
1369230 1191.0
1369240 1190.7
1369250 1190.7
1369260 1191.0
1369270 1190.7
1369280 1190.7
1369290 1189.2
1369300 1187.5
1369310 1187.5
1369320 1185.6
1369330 1183.4
1369340 1183.4
1369350 1180.7
1369360 1180.1
1369370 1180.1
1369380 1180.7
1369390 1181.1
1369400 1181.1
1369410 1181.1
1369420 1180.9
1369430 1180.9
1369440 1180.7
1369450 1179.9
1369460 1179.9
1369470 1179.2
1369480 1178.9
1369490 1178.9
1369500 1178.5
1369510 1178.7
1369520 1178.7
1369530 1179.0
1369540 1178.0
1369550 1178.0
1369560 1176.0
1369570 1173.7
1369580 1171.0
1369590 1171.0
1369600 1168.2
1369610 1165.4
1369620 1165.4
1369630 1162.3
1369640 1158.3
1369650 1158.3
1369660 1154.9
1369670 1152.3
1369680 1152.3
1369690 1149.8
1369700 1146.4
1369710 1146.4
1369720 1144.0
1369730 1141.9
1369740 1141.9
1369750 1139.7
1369760 1137.7
1369770 1137.7
1369780 1136.0
1369790 1134.3
1369800 1134.3
1369810 1132.4
1369820 1130.7
1369830 1130.7
1369840 1129.2
1369850 1128.0
1369860 1128.0
1369870 1126.8
1369880 1125.4
1369890 1125.4
1369900 1124.4
1369910 1123.2
1369920 1122.1
1369930 1122.1
1369940 1121.1
1369950 1120.6
1369960 1120.6
1369970 1119.4
1369980 1117.8
1369990 1117.8
1370000 1116.8
1370010 1115.7
1370020 1111.2
1370030 1111.0
1370040 1111.6
1370050 1111.6
1370060 1112.4
1370070 1111.9
1370080 1111.9
1370090 1111.1
1370100 1110.1
1370110 1110.1
1370120 1108.9
1370130 1107.4
1370140 1107.4
1370150 1105.7
1370160 1104.3
1370170 1104.3
1370180 1102.6
1370190 1100.5
1370200 1100.5
1370210 1098.2
1370220 1096.0
1370230 1096.0
1370240 1094.0
1370250 1092.2
1370260 1092.2
1370270 1091.1
1370280 1090.0
1370290 1089.1
1370300 1089.1
1370310 1087.7
1370320 1085.0
1370330 1085.0
1370340 1081.6
1370350 1077.9
1370360 1077.9
1370370 1074.8
1370380 1072.2
1370390 1072.2
1370400 1069.5
1370410 1067.2
1370420 1067.2
1370430 1064.8
1370440 1062.0
1370450 1062.0
1370460 1059.3
1370470 1056.6
1370480 1056.6
1370490 1053.9
1370500 1051.5
1370510 1051.5
1370520 1048.8
1370530 1046.4
1370540 1046.4
1370550 1043.8
1370560 1040.7
1370570 1040.7
1370580 1038.1
1370590 1036.1
1370600 1036.1
1370610 1033.9
1370620 1031.7
1370630 1030.0
1370640 1030.0
1370650 1028.8
1370660 1027.5
1370670 1027.5
1370680 1024.9
1370690 1022.8
1370700 1022.8
1370710 1022.1
1370720 1021.8
1370730 1021.8
1370740 1022.0
1370750 1022.6
1370760 1022.6
1370770 1023.0
1370780 1022.3
1370790 1022.3
1370800 1020.6
1370810 1019.0
1370820 1019.0
1370830 1018.1
1370840 1016.6
1370850 1016.6
1370860 1014.3
1370870 1013.0
1370880 1013.0
1370890 1010.8
1370900 1005.2
1370910 1005.2
1370920 999.6
1370930 993.8
1370940 993.8
1370950 988.4
1370960 982.1
1370970 982.1
1370980 975.6
1370990 970.5
1371000 966.0
1371010 966.0
1371020 961.3
1371030 954.9
1371040 954.9
1371050 947.4
1371060 941.8
1371070 941.8
1371080 936.4
1371090 936.7
1371100 936.7
1371110 938.3
1371120 941.6
1371130 941.6
1371140 939.5
1371150 942.0
1371160 942.0
1371170 944.8
1371180 943.3
1371190 943.3
1371200 947.8
1371210 954.8
1371220 954.8
1371230 959.5
1371240 962.5
1371250 962.5
1371260 966.3
1371270 971.5
1371280 971.5
1371290 975.6
1371300 978.5
1371310 978.5
1371320 980.1
1371330 980.9
1371340 981.8
1371350 981.8
1371360 982.7
1371370 983.9
1371380 983.9
1371390 985.7
1371400 987.5
1371410 987.5
1371420 988.5
1371430 989.2
1371440 989.2
1371450 989.6
1371460 990.0
1371470 990.0
1371480 990.2
1371490 989.9
1371500 989.9
1371510 988.8
1371520 987.8
1371530 987.8
1371540 987.0
1371550 986.1
1371560 986.1
1371570 985.1
1371580 984.1
1371590 984.1
1371600 983.9
1371610 983.1
1371620 983.1
1371630 979.3
1371640 975.7
1371650 975.7
1371660 974.1
1371670 972.2
1371680 966.9
1371690 966.9
1371700 960.7
1371710 959.9
1371720 959.9
1371730 962.4
1371740 964.2
1371750 964.2
1371760 964.2
1371770 965.3
1371780 965.3
1371790 966.5
1371800 966.1
1371810 966.1
1371820 967.3
1371830 972.3
1371840 972.3
1371850 976.8
1371860 981.3
1371870 981.3
1371880 985.8
1371890 991.2
1371900 991.2
1371910 995.3
1371920 995.8
1371930 995.8
1371940 996.4
1371950 997.0
1371960 997.0
1371970 996.0
1371980 993.5
1371990 993.5
1372000 990.6
1372010 992.7
1372020 992.7
1372030 997.6
1372040 1001.4
1372050 1002.8
1372060 1002.8
1372070 1004.5
1372080 1006.2
1372090 1006.2
1372100 1007.3
1372110 1007.9
1372120 1007.9
1372130 1008.7
1372140 1010.3
1372150 1010.3
1372160 1012.5
1372170 1014.0
1372180 1014.0
1372190 1015.9
1372200 1017.5
1372210 1017.5
1372220 1018.9
1372230 1020.4
1372240 1020.4
1372250 1022.5
1372260 1024.9
1372270 1024.9
1372280 1028.7
1372290 1031.5
1372300 1031.5
1372310 1034.4
1372320 1037.3
1372330 1037.3
1372340 1040.1
1372350 1043.3
1372360 1043.3
1372370 1046.4
1372380 1049.0
1372390 1051.1
1372400 1051.1
1372410 1052.9
1372420 1054.9
1372430 1054.9
1372440 1057.0
1372450 1059.2
1372460 1059.2
1372470 1060.7
1372480 1061.5
1372490 1061.5
1372500 1061.6
1372510 1061.1
1372520 1061.1
1372530 1062.2
1372540 1065.0
1372550 1065.0
1372560 1067.3
1372570 1068.3
1372580 1068.3
1372590 1069.0
1372600 1069.2
1372610 1069.2
1372620 1069.4
1372630 1069.7
1372640 1069.7
1372650 1069.3
1372660 1068.0
1372670 1068.0
1372680 1066.6
1372690 1064.9
1372700 1064.9
1372710 1061.9
1372720 1059.6
1372730 1059.6
1372740 1056.7
1372750 1051.2
1372760 1043.4
1372770 1043.4
1372780 1035.6
1372790 1029.1
1372800 1029.1
1372810 1022.0
1372820 1014.9
1372830 1014.9
1372840 1009.8
1372850 1010.0
1372860 1010.0
1372870 1009.6
1372880 1008.3
1372890 1008.3
1372900 1008.8
1372910 1009.5
1372920 1009.5
1372930 1009.3
1372940 1008.9
1372950 1008.9
1372960 1009.8
1372970 1012.1
1372980 1012.1
1372990 1013.9
1373000 1014.7
1373010 1014.7
1373020 1014.0
1373030 1013.1
1373040 1013.1
1373050 1011.8
1373060 1010.5
1373070 1010.5
1373080 1012.1
1373090 1015.0
1373100 1017.3
1373110 1017.3
1373120 1019.2
1373130 1019.9
1373140 1019.9
1373150 1016.5
1373160 1016.1
1373170 1016.1
1373180 1022.0
1373190 1025.1
1373200 1025.1
1373210 1027.7
1373220 1029.5
1373230 1029.5
1373240 1029.6
1373250 1029.0
1373260 1029.0
1373270 1028.4
1373280 1028.1
1373290 1028.1
1373300 1028.3
1373310 1028.2
1373320 1028.2
1373330 1028.5
1373340 1029.2
1373350 1029.2
1373360 1029.9
1373370 1029.9
1373380 1029.9
1373390 1029.1
1373400 1026.9
1373410 1026.9
1373420 1020.5
1373430 1019.7
1373440 1019.7
1373450 1018.9
1373460 1017.5
1373470 1016.6
1373480 1016.6
1373490 1017.3
1373500 1017.7
1373510 1017.7
1373520 1017.0
1373530 1015.6
1373540 1015.6
1373550 1016.6
1373560 1016.9
1373570 1016.9
1373580 1016.7
1373590 1017.5
1373600 1017.5
1373610 1018.1
1373620 1017.5
1373630 1017.5
1373640 1017.0
1373650 1017.2
1373660 1017.2
1373670 1018.5
1373680 1020.4
1373690 1020.4
1373700 1021.6
1373710 1021.5
1373720 1021.5
1373730 1022.3
1373740 1022.3
1373750 1022.3
1373760 1022.0
1373770 1021.6
1373780 1021.6
1373790 1021.1
1373800 1020.8
1373810 1020.2
1373820 1020.2
1373830 1018.8
1373840 1018.9
1373850 1018.9
1373860 1019.1
1373870 1018.8
1373880 1018.8
1373890 1017.7
1373900 1018.0
1373910 1018.0
1373920 1018.4
1373930 1018.0
1373940 1018.0
1373950 1017.7
1373960 1017.8
1373970 1017.8
1373980 1017.8
1373990 1018.2
1374000 1018.2
1374010 1018.2
1374020 1017.8
1374030 1017.8
1374040 1018.4
1374050 1018.8
1374060 1018.8
1374070 1020.0
1374080 1020.5
1374090 1020.5
1374100 1020.6
1374110 1021.5
1374120 1021.5
1374130 1022.5
1374140 1022.1
1374150 1022.1
1374160 1021.7
1374170 1019.9
1374180 1018.3
1374190 1018.3
1374200 1016.6
1374210 1013.9
1374220 1013.9
1374230 1010.7
1374240 1009.8
1374250 1009.8
1374260 1008.8
1374270 1007.9
1374280 1007.9
1374290 1007.0
1374300 1006.5
1374310 1006.5
1374320 1006.3
1374330 1006.4
1374340 1006.4
1374350 1006.7
1374360 1006.4
1374370 1006.4
1374380 1004.0
1374390 1005.2
1374400 1005.2
1374410 1005.7
1374420 1005.1
1374430 1005.1
1374440 1004.3
1374450 1004.5
1374460 1004.5
1374470 1004.7
1374480 1005.2
1374490 1005.2
1374500 1005.7
1374510 1005.8
1374520 1005.1
1374530 1005.1
1374540 1004.0
1374550 1001.9
1374560 1001.9
1374570 998.6
1374580 993.0
1374590 993.0
1374600 986.5
1374610 979.7
1374620 979.7
1374630 975.1
1374640 971.6
1374650 971.6
1374660 967.9
1374670 961.8
1374680 961.8
1374690 960.1
1374700 962.9
1374710 962.9
1374720 965.5
1374730 965.2
1374740 965.2
1374750 966.4
1374760 972.3
1374770 972.3
1374780 979.7
1374790 985.1
1374800 985.1
1374810 987.9
1374820 989.6
1374830 989.6
1374840 990.8
1374850 991.2
1374860 991.2
1374870 992.4
1374880 993.2
1374890 993.3
1374900 993.3
1374910 994.0
1374920 993.7
1374930 993.7
1374940 993.9
1374950 994.5
1374960 994.5
1374970 995.0
1374980 994.3
1374990 994.3
1375000 993.4
1375010 992.5
1375020 992.5
1375030 990.3
1375040 988.9
1375050 988.9
1375060 989.6
1375070 988.7
1375080 988.7
1375090 988.5
1375100 989.0
1375110 989.0
1375120 991.1
1375130 991.8
1375140 991.8
1375150 991.0
1375160 990.0
1375170 990.0
1375180 987.4
1375190 987.9
1375200 987.9
1375210 992.4
1375220 993.1
1375230 993.6
1375240 993.6
1375250 993.3
1375260 992.9
1375270 992.9
1375280 993.0
1375290 993.9
1375300 993.9
1375310 993.6
1375320 992.1
1375330 992.1
1375340 991.2
1375350 990.7
1375360 990.7
1375370 992.2
1375380 992.7
1375390 992.7
1375400 991.7
1375410 990.4
1375420 990.4
1375430 988.4
1375440 988.3
1375450 988.3
1375460 990.6
1375470 990.6
1375480 990.6
1375490 991.0
1375500 992.1
1375510 992.1
1375520 992.0
1375530 993.9
1375540 993.9
1375550 995.7
1375560 994.1
1375570 994.1
1375580 991.0
1375590 989.2
1375600 989.5
1375610 989.5
1375620 987.0
1375630 985.5
1375640 985.5
1375650 985.3
1375660 985.6
1375670 985.6
1375680 985.6
1375690 983.9
1375700 983.9
1375710 981.9
1375720 980.5
1375730 980.5
1375740 979.9
1375750 975.6
1375760 975.6
1375770 972.2
1375780 967.6
1375790 967.6
1375800 964.1
1375810 962.6
1375820 962.6
1375830 961.1
1375840 959.0
1375850 959.0
1375860 956.9
1375870 956.0
1375880 956.0
1375890 955.2
1375900 953.0
1375910 953.0
1375920 950.3
1375930 946.1
1375940 943.6
1375950 943.6
1375960 943.3
1375970 943.3
1375980 943.3
1375990 943.8
1376000 944.2
1376010 944.2
1376020 944.3
1376030 944.3
1376040 944.3
1376050 943.5
1376060 942.7
1376070 942.7
1376080 942.2
1376090 942.7
1376100 942.7
1376110 944.0
1376120 945.4
1376130 945.4
1376140 947.1
1376150 949.0
1376160 949.0
1376170 951.2
1376180 953.9
1376190 953.9
1376200 956.9
1376210 959.6
1376220 959.6
1376230 962.5
1376240 965.4
1376250 965.4
1376260 967.9
1376270 971.5
1376280 971.5
1376290 975.2
1376300 979.0
1376310 982.7
1376320 982.7
1376330 985.1
1376340 986.2
1376350 986.2
1376360 988.3
1376370 989.2
1376380 989.2
1376390 990.5
1376400 990.2
1376410 990.2
1376420 985.6
1376430 978.8
1376440 978.8
1376450 974.1
1376460 972.7
1376470 972.7
1376480 971.1
1376490 965.7
1376500 965.7
1376510 961.8
1376520 961.6
1376530 961.6
1376540 962.7
1376550 959.1
1376560 959.1
1376570 951.8
1376580 943.6
1376590 943.6
1376600 934.6
1376610 928.1
1376620 928.1
1376630 921.3
1376640 915.3
1376650 915.2
1376660 915.2
1376670 917.4
1376680 918.8
1376690 918.8
1376700 922.7
1376710 924.7
1376720 924.7
1376730 922.9
1376740 915.1
1376750 915.1
1376760 904.9
1376770 897.8
1376780 897.8
1376790 900.1
1376800 905.5
1376810 905.5
1376820 908.8
1376830 911.9
1376840 911.9
1376850 907.9
1376860 901.2
1376870 901.2
1376880 903.6
1376890 908.1
1376900 908.1
1376910 910.0
1376920 909.4
1376930 916.6
1376940 914.4
1376950 911.0
1376960 911.0
1376970 905.7
1376980 900.1
1376990 900.1
1377000 894.7
1377010 893.5
1377020 895.2
1377030 895.2
1377040 897.4
1377050 898.6
1377060 898.6
1377070 894.5
1377080 889.8
1377090 889.8
1377100 886.3
1377110 884.7
1377120 884.7
1377130 883.0
1377140 879.3
1377150 879.3
1377160 876.1
1377170 872.8
1377180 872.8
1377190 869.5
1377200 865.0
1377210 865.0
1377220 857.9
1377230 850.8
1377240 850.8
1377250 843.5
1377260 837.0
1377270 837.0
1377280 832.0
1377290 827.1
1377300 827.1
1377310 821.9
1377320 815.5
1377330 815.5
1377340 811.5
1377350 810.0
1377360 808.6
1377370 808.6
1377380 806.7
1377390 806.7
1377400 806.7
1377410 812.8
1377420 820.7
1377430 820.7
1377440 824.2
1377450 827.3
1377460 827.3
1377470 827.8
1377480 830.7
1377490 830.7
1377500 832.6
1377510 836.2
1377520 836.2
1377530 842.7
1377540 849.3
1377550 849.3
1377560 857.4
1377570 863.0
1377580 863.0
1377590 865.4
1377600 866.1
1377610 866.1
1377620 866.8
1377630 867.7
1377640 867.7
1377650 867.9
1377660 865.9
1377670 865.9
1377680 863.7
1377690 863.9
1377700 863.9
1377710 865.7
1377720 868.2
1377730 867.4
1377740 867.4
1377750 864.3
1377760 863.4
1377770 863.4
1377780 865.4
1377790 864.0
1377800 864.0
1377810 864.0
1377820 864.0
1377830 864.0
1377840 857.5
1377850 851.8
1377860 851.8
1377870 857.7
1377880 866.3
1377890 866.3
1377900 872.4
1377910 875.7
1377920 875.7
1377930 878.6
1377940 881.9
1377950 881.9
1377960 885.7
1377970 890.0
1377980 890.0
1377990 894.5
1378000 898.5
1378010 898.5
1378020 902.6
1378030 906.0
1378040 906.0
1378050 907.9
1378060 909.7
1378070 910.2
1378080 910.2
1378090 911.5
1378100 910.5
1378110 910.5
1378120 909.2
1378130 903.1
1378140 903.1
1378150 900.5
1378160 900.1
1378170 900.1
1378180 899.8
1378190 898.7
1378200 898.7
1378210 897.2
1378220 895.2
1378230 895.2
1378240 893.0
1378250 890.8
1378260 890.8
1378270 889.2
1378280 885.8
1378290 885.8
1378300 883.8
1378310 881.8
1378320 881.8
1378330 879.0
1378340 875.3
1378350 875.3
1378360 870.5
1378370 865.7
1378380 865.7
1378390 860.6
1378400 855.2
1378410 855.2
1378420 851.8
1378430 853.8
1378440 854.7
1378450 854.7
1378460 856.4
1378470 859.0
1378480 859.0
1378490 859.3
1378500 858.0
1378510 858.0
1378520 857.9
1378530 857.6
1378540 857.6
1378550 856.8
1378560 857.2
1378570 857.2
1378580 858.1
1378590 859.1
1378600 859.1
1378610 859.6
1378620 859.2
1378630 859.2
1378640 857.3
1378650 853.9
1378660 853.9
1378670 850.8
1378680 847.7
1378690 847.7
1378700 843.1
1378710 839.2
1378720 839.2
1378730 838.0
1378740 837.5
1378750 837.5
1378760 837.7
1378770 838.2
1378780 840.0
1378790 840.0
1378800 842.1
1378810 844.5
1378820 844.5
1378830 846.4
1378840 847.8
1378850 847.8
1378860 848.4
1378870 848.6
1378880 848.6
1378890 848.2
1378900 846.9
1378910 846.9
1378920 845.5
1378930 843.4
1378940 843.4
1378950 840.0
1378960 836.9
1378970 836.9
1378980 833.9
1378990 830.2
1379000 830.2
1379010 826.1
1379020 822.4
1379030 822.4
1379040 820.4
1379050 818.7
1379060 818.7
1379070 817.2
1379080 815.9
1379090 815.9
1379100 814.6
1379110 814.1
1379120 814.1
1379130 813.1
1379140 810.9
1379150 807.5
1379160 807.5
1379170 805.7
1379180 806.4
1379190 806.4
1379200 805.6
1379210 804.9
1379220 804.9
1379230 804.3
1379240 803.4
1379250 803.4
1379260 802.7
1379270 801.6
1379280 801.6
1379290 800.9
1379300 800.8
1379310 800.8
1379320 800.8
1379330 800.8
1379340 799.6
1379350 798.1
1379360 797.2
1379370 797.2
1379380 796.4
1379390 795.8
1379400 795.8
1379410 795.2
1379420 794.3
1379430 794.3
1379440 793.4
1379450 792.4
1379460 792.4
1379470 791.6
1379480 790.4
1379490 790.4
1379500 788.9
1379510 787.4
1379520 786.2
1379530 786.2
1379540 785.1
1379550 784.2
1379560 784.2
1379570 783.4
1379580 783.0
1379590 783.0
1379600 783.0
1379610 783.1
1379620 783.1
1379630 782.9
1379640 782.5
1379650 782.5
1379660 782.3
1379670 782.3
1379680 782.3
1379690 782.0
1379700 781.3
1379710 781.3
1379720 780.4
1379730 779.8
1379740 779.8
1379750 779.2
1379760 778.4
1379770 778.4
1379780 777.5
1379790 776.6
1379800 776.6
1379810 775.8
1379820 775.0
1379830 775.0
1379840 774.0
1379850 773.4
1379860 773.1
1379870 773.1
1379880 773.0
1379890 772.9
1379900 772.9
1379910 772.6
1379920 772.3
1379930 772.3
1379940 771.9
1379950 771.6
1379960 771.6
1379970 771.3
1379980 771.0
1379990 771.0
