1360000 1337.1
1360010 1334.4
1360020 1332.2
1360030 1332.2
1360040 1330.2
1360050 1329.0
1360060 1329.0
1360070 1328.9
1360080 1329.9
1360090 1329.9
1360100 1330.8
1360110 1331.3
1360120 1331.3
1360130 1331.9
1360140 1332.7
1360150 1332.7
1360160 1333.2
1360170 1334.1
1360180 1334.1
1360190 1335.8
1360200 1338.2
1360210 1338.2
1360220 1342.7
1360230 1347.1
1360240 1347.1
1360250 1350.9
1360260 1354.3
1360270 1354.3
1360280 1358.1
1360290 1361.5
1360300 1361.5
1360310 1364.1
1360320 1367.0
1360330 1367.0
1360340 1370.3
1360350 1373.5
1360360 1377.1
1360370 1377.1
1360380 1381.1
1360390 1385.7
1360400 1385.7
1360410 1390.6
1360420 1395.6
1360430 1395.6
1360440 1400.1
1360450 1404.3
1360460 1404.3
1360470 1409.0
1360480 1414.2
1360490 1414.2
1360500 1419.7
1360510 1425.4
1360520 1425.4
1360530 1430.8
1360540 1436.2
1360550 1436.2
1360560 1441.8
1360570 1447.8
1360580 1447.8
1360590 1454.0
1360600 1460.5
1360610 1460.5
1360620 1466.8
1360630 1473.1
1360640 1473.1
1360650 1479.5
1360660 1486.0
1360670 1486.0
1360680 1492.4
1360690 1498.6
1360700 1498.6
1360710 1504.7
1360720 1510.6
1360730 1516.7
1360740 1516.7
1360750 1523.1
1360760 1529.9
1360770 1529.9
1360780 1537.0
1360790 1543.6
1360800 1543.6
1360810 1550.2
1360820 1556.4
1360830 1556.4
1360840 1567.5
1360850 1575.3
1360860 1575.3
1360870 1581.7
1360880 1588.0
1360890 1588.0
1360900 1591.4
1360910 1593.8
1360920 1593.8
1360930 1586.0
1360940 1580.9
1360950 1580.9
1360960 1580.3
1360970 1585.8
1360980 1585.8
1360990 1593.9
1361000 1589.8
1361010 1589.8
1361020 1586.9
1361030 1581.4
1361040 1581.4
1361050 1579.5
1361060 1576.9
1361070 1576.9
1361080 1573.4
1361090 1569.3
1361100 1569.2
1361110 1569.2
1361120 1570.6
1361130 1572.5
1361140 1572.5
1361150 1575.7
1361160 1580.2
1361170 1580.2
1361180 1587.2
1361190 1590.8
1361200 1590.8
1361210 1598.0
1361220 1606.2
1361230 1606.2
1361240 1614.8
1361250 1622.3
1361260 1622.3
1361270 1627.8
1361280 1633.3
1361290 1633.3
1361300 1639.8
1361310 1645.9
1361320 1645.9
1361330 1652.3
1361340 1658.4
1361350 1658.4
1361360 1663.9
1361370 1668.8
1361380 1668.8
1361390 1671.5
1361400 1672.5
1361410 1672.5
1361420 1676.7
1361430 1681.5
1361440 1681.5
1361450 1683.1
1361460 1686.5
1361470 1688.8
1361480 1688.8
1361490 1690.4
1361500 1694.3
1361510 1694.3
1361520 1699.1
1361530 1701.5
1361540 1701.5
1361550 1707.0
1361560 1711.3
1361570 1711.3
1361580 1713.3
1361590 1718.0
1361600 1718.0
1361610 1725.3
1361620 1733.2
1361630 1733.2
1361640 1738.5
1361650 1737.4
1361660 1737.4
1361670 1728.5
1361680 1716.7
1361690 1716.7
1361700 1698.8
1361710 1683.3
1361720 1683.3
1361730 1675.2
1361740 1670.5
1361750 1670.5
1361760 1673.5
1361770 1677.6
1361780 1677.6
1361790 1680.4
1361800 1682.2
1361810 1682.2
1361820 1685.9
1361830 1688.7
1361840 1694.3
1361850 1694.3
1361860 1704.4
1361870 1715.0
1361880 1722.2
1361890 1735.8
1361900 1748.1
1361910 1748.1
1361920 1758.3
1361930 1761.0
1361940 1761.0
1361950 1774.7
1361960 1787.5
1361970 1787.5
1361980 1787.5
1361990 1783.1
1362000 1783.1
1362010 1779.2
1362020 1773.2
1362030 1773.2
1362040 1762.2
1362050 1732.1
1362060 1732.1
1362070 1714.5
1362080 1711.3
1362090 1711.3
1362100 1710.3
1362110 1711.0
1362120 1711.0
1362130 1702.9
1362140 1697.3
1362150 1697.3
1362160 1693.9
1362170 1688.5
1362180 1686.7
1362190 1686.7
1362200 1695.4
1362210 1701.1
1362220 1701.1
1362230 1701.1
1362240 1704.9
1362250 1704.9
1362260 1720.3
1362270 1735.2
1362280 1735.2
1362290 1744.8
1362300 1752.5
1362310 1752.5
1362320 1761.6
1362330 1767.0
1362340 1767.0
1362350 1772.1
1362360 1779.5
1362370 1779.5
1362380 1788.7
1362390 1800.3
1362400 1800.3
1362410 1807.5
1362420 1814.1
1362430 1814.1
1362440 1822.9
1362450 1834.6
1362460 1834.6
1362470 1844.7
1362480 1846.2
1362490 1846.2
1362500 1841.9
1362510 1843.9
1362520 1843.9
1362530 1852.2
1362540 1862.3
1362550 1871.5
1362560 1871.5
1362570 1871.0
1362580 1867.2
1362590 1867.2
1362600 1870.5
1362610 1874.4
1362620 1874.4
1362630 1877.0
1362640 1880.5
1362650 1880.5
1362660 1878.8
1362670 1882.2
1362680 1882.2
1362690 1889.0
1362700 1900.4
1362710 1900.4
1362720 1919.1
1362730 1941.3
1362740 1941.3
1362750 1956.1
1362760 1964.9
1362770 1964.9
1362780 1976.1
1362790 1981.6
1362800 1981.6
1362810 1985.7
1362820 1993.7
1362830 1993.7
1362840 2005.5
1362850 2012.7
1362860 2012.7
1362870 2022.2
1362880 2033.2
1362890 2033.2
1362900 2039.4
1362910 2033.2
1362920 2028.7
1362930 2038.7
1362940 2046.0
1362950 2049.0
1362960 2049.0
1362970 2036.3
1362980 2020.2
1362990 2020.2
1363000 2014.3
1363010 2014.4
1363020 2014.4
1363030 2018.9
1363040 2026.9
1363050 2026.9
1363060 2037.3
1363070 2048.6
1363080 2048.6
1363090 2064.8
1363100 2073.6
1363110 2073.6
1363120 2072.7
1363130 2062.4
1363140 2062.4
1363150 2063.7
1363160 2068.3
1363170 2068.3
1363180 2042.5
1363190 2027.7
1363200 2027.7
1363210 2025.1
1363220 2022.8
1363230 2022.8
1363240 2015.8
1363250 2017.5
1363260 2017.5
1363270 2019.7
1363280 2010.6
1363290 2005.5
1363300 2005.5
1363310 2000.9
1363320 1995.5
1363330 1995.5
1363340 1995.6
1363350 2001.5
1363360 2001.5
1363370 2007.2
1363380 2002.3
1363390 2002.3
1363400 1998.8
1363410 2004.2
1363420 2004.2
1363430 2016.7
1363440 2020.7
1363450 2020.7
1363460 2012.5
1363470 1999.9
1363480 1999.9
1363490 1992.2
1363500 1981.3
1363510 1981.3
1363520 1972.2
1363530 1968.3
1363540 1968.3
1363550 1960.4
1363560 1946.5
1363570 1946.5
1363580 1939.3
1363590 1934.8
1363600 1934.8
1363610 1927.9
1363620 1922.1
1363630 1922.1
1363640 1919.3
1363650 1918.2
1363660 1915.3
1363670 1915.3
1363680 1913.7
1363690 1914.8
1363700 1914.8
1363710 1915.7
1363720 1913.1
1363730 1913.1
1363740 1912.3
1363750 1912.3
1363760 1912.3
1363770 1915.0
1363780 1915.9
1363790 1915.9
1363800 1915.4
1363810 1912.5
1363820 1912.5
1363830 1909.6
1363840 1909.1
1363850 1909.1
1363860 1906.6
1363870 1903.1
1363880 1903.1
1363890 1900.1
1363900 1897.6
1363910 1897.6
1363920 1894.6
1363930 1892.9
1363940 1892.9
1363950 1889.1
1363960 1885.8
1363970 1885.8
1363980 1875.1
1363990 1870.3
1364000 1870.3
1364010 1867.3
1364020 1862.3
1364030 1856.5
1364040 1856.5
1364050 1851.2
1364060 1846.6
1364070 1846.6
1364080 1841.8
1364090 1836.4
1364100 1836.4
1364110 1830.7
1364120 1828.6
1364130 1828.6
1364140 1822.6
1364150 1815.5
1364160 1815.5
1364170 1809.3
1364180 1803.4
1364190 1803.4
1364200 1797.3
1364210 1790.3
1364220 1790.3
1364230 1782.7
1364240 1775.7
1364250 1775.7
1364260 1768.4
1364270 1762.0
1364280 1762.0
1364290 1756.4
1364300 1751.2
1364310 1751.2
1364320 1746.9
1364330 1743.4
1364340 1743.4
1364350 1739.8
1364360 1736.1
1364370 1734.8
1364380 1734.8
1364390 1730.3
1364400 1726.6
1364410 1726.6
1364420 1726.1
1364430 1725.7
1364440 1725.7
1364450 1722.6
1364460 1717.5
1364470 1717.5
1364480 1710.0
1364490 1703.4
1364500 1703.4
1364510 1701.9
1364520 1702.1
1364530 1702.1
1364540 1699.5
1364550 1695.1
1364560 1695.1
1364570 1695.1
1364580 1699.2
1364590 1699.2
1364600 1701.7
1364610 1702.1
1364620 1702.1
1364630 1699.2
1364640 1692.2
1364650 1692.2
1364660 1690.5
1364670 1682.9
1364680 1682.9
1364690 1671.3
1364700 1674.3
1364710 1674.3
1364720 1670.5
1364730 1661.3
1364740 1655.8
1364750 1655.8
1364760 1656.0
1364770 1654.6
1364780 1654.6
1364790 1651.3
1364800 1645.9
1364810 1645.9
1364820 1643.7
1364830 1636.9
1364840 1636.9
1364850 1629.3
1364860 1624.4
1364870 1624.4
1364880 1624.1
1364890 1621.7
1364900 1621.7
1364910 1614.7
1364920 1608.1
1364930 1608.1
1364940 1605.4
1364950 1600.2
1364960 1600.2
1364970 1597.3
1364980 1595.8
1364990 1595.8
1365000 1594.1
1365010 1590.9
1365020 1590.9
1365030 1581.6
1365040 1574.8
1365050 1556.7
1365060 1555.3
1365070 1558.8
1365080 1558.8
1365090 1563.0
1365100 1564.9
1365110 1564.4
1365120 1564.4
1365130 1563.7
1365140 1562.0
1365150 1562.0
1365160 1561.1
1365170 1557.1
1365180 1557.1
1365190 1553.6
1365200 1553.1
1365210 1553.1
1365220 1553.6
1365230 1556.3
1365240 1556.3
1365250 1561.5
1365260 1567.8
1365270 1567.8
1365280 1574.4
1365290 1579.3
1365300 1579.3
1365310 1582.7
1365320 1586.4
1365330 1586.4
1365340 1590.1
1365350 1592.3
1365360 1592.3
1365370 1591.9
1365380 1590.0
1365390 1590.0
1365400 1588.3
1365410 1587.7
1365420 1587.7
1365430 1588.3
1365440 1588.9
1365450 1588.9
1365460 1589.4
1365470 1589.8
1365480 1591.8
1365490 1591.8
1365500 1594.5
1365510 1599.0
1365520 1599.0
1365530 1603.3
1365540 1607.9
1365550 1607.9
1365560 1612.2
1365570 1615.7
1365580 1615.7
1365590 1620.3
1365600 1626.5
1365610 1626.5
1365620 1633.2
1365630 1638.7
1365640 1638.7
1365650 1643.5
1365660 1648.3
1365670 1648.3
1365680 1654.0
1365690 1661.3
1365700 1661.3
1365710 1669.1
1365720 1676.9
1365730 1676.9
1365740 1684.3
1365750 1691.1
1365760 1691.1
1365770 1697.5
1365780 1699.3
1365790 1699.3
1365800 1698.9
1365810 1700.5
1365820 1700.5
1365830 1703.3
1365840 1707.0
1365850 1711.4
1365860 1711.4
1365870 1716.3
1365880 1721.1
1365890 1721.1
1365900 1725.5
1365910 1729.9
1365920 1729.9
1365930 1734.2
1365940 1736.0
1365950 1736.0
1365960 1737.5
1365970 1741.3
1365980 1741.3
1365990 1745.4
1366000 1749.7
1366010 1749.7
1366020 1750.3
1366030 1749.2
1366040 1749.2
1366050 1746.7
1366060 1744.8
1366070 1744.8
1366080 1743.5
1366090 1742.2
1366100 1742.2
1366110 1742.4
1366120 1745.3
1366130 1744.0
1366140 1747.6
1366150 1745.4
1366160 1745.4
1366170 1734.4
1366180 1730.2
1366190 1730.2
1366200 1725.5
1366210 1730.2
1366220 1719.5
1366230 1719.5
1366240 1697.5
1366250 1677.5
1366260 1677.5
1366270 1663.9
1366280 1653.7
1366290 1653.7
1366300 1645.5
1366310 1639.7
1366320 1639.7
1366330 1636.5
1366340 1638.2
1366350 1638.2
1366360 1642.4
1366370 1646.9
1366380 1646.9
1366390 1652.1
1366400 1651.8
1366410 1651.8
1366420 1645.9
1366430 1641.1
1366440 1641.1
1366450 1636.2
1366460 1630.9
1366470 1630.9
1366480 1626.3
1366490 1622.8
1366500 1622.8
1366510 1620.3
1366520 1618.3
1366530 1618.3
1366540 1617.1
1366550 1616.6
1366560 1617.0
1366570 1617.0
1366580 1618.2
1366590 1621.2
1366600 1621.2
1366610 1626.0
1366620 1630.8
1366630 1630.8
1366640 1634.9
1366650 1635.4
1366660 1635.4
1366670 1635.0
1366680 1634.6
1366690 1634.6
1366700 1634.5
1366710 1633.4
1366720 1633.4
1366730 1636.7
1366740 1640.7
1366750 1640.7
1366760 1640.5
1366770 1642.1
1366780 1642.1
1366790 1644.5
1366800 1647.2
1366810 1647.2
1366820 1651.9
1366830 1659.0
1366840 1659.0
1366850 1666.0
1366860 1673.5
1366870 1673.5
1366880 1678.7
1366890 1684.2
1366900 1684.2
1366910 1690.3
1366920 1696.2
1366930 1701.7
1366940 1701.7
1366950 1705.8
1366960 1709.1
1366970 1709.1
1366980 1712.5
1366990 1716.3
1367000 1716.3
1367010 1719.1
1367020 1721.2
1367030 1721.2
1367040 1723.2
1367050 1723.8
1367060 1723.8
1367070 1723.7
1367080 1722.7
1367090 1722.7
1367100 1720.5
1367110 1720.3
1367120 1720.3
1367130 1724.5
1367140 1730.2
1367150 1730.2
1367160 1735.7
1367170 1740.6
1367180 1740.6
1367190 1745.8
1367200 1753.1
1367210 1755.9
1367220 1765.3
1367230 1772.3
1367240 1772.3
1367250 1779.8
1367260 1786.4
1367270 1786.4
1367280 1794.3
1367290 1798.2
1367300 1802.6
1367310 1802.6
1367320 1810.2
1367330 1821.1
1367340 1821.1
1367350 1830.5
1367360 1837.3
1367370 1837.3
1367380 1843.0
1367390 1849.0
1367400 1849.0
1367410 1854.3
1367420 1864.9
1367430 1864.9
1367440 1883.8
1367450 1902.4
1367460 1902.4
1367470 1916.7
1367480 1927.7
1367490 1927.7
1367500 1937.3
1367510 1957.7
1367520 1957.7
1367530 1971.3
1367540 1975.8
1367550 1975.8
1367560 1979.9
1367570 1983.8
1367580 1983.8
1367590 1988.2
1367600 1995.6
1367610 1995.6
1367620 2001.3
1367630 2010.6
1367640 2010.6
1367650 2024.8
1367660 2032.4
1367670 2037.1
1367680 2037.1
1367690 2033.9
1367700 2027.1
1367710 2027.1
1367720 2016.4
1367730 2015.1
1367740 2015.1
1367750 2020.9
1367760 2020.5
1367770 2020.5
1367780 2025.2
1367790 2032.9
1367800 2032.9
1367810 2041.7
1367820 2059.0
1367830 2059.0
1367840 2074.4
1367850 2082.9
1367860 2082.9
1367870 2090.5
1367880 2095.3
1367890 2095.3
1367900 2094.0
1367910 2095.6
1367920 2095.6
1367930 2100.2
1367940 2103.3
1367950 2103.3
1367960 2107.2
1367970 2112.7
1367980 2112.7
1367990 2119.2
1368000 2128.1
1368010 2128.1
1368020 2137.9
1368030 2148.4
1368040 2155.9
1368050 2155.9
1368060 2145.6
1368070 2132.5
1368080 2132.5
1368090 2120.1
1368100 2107.9
1368110 2107.9
1368120 2096.0
1368130 2080.4
1368140 2080.4
1368150 2063.2
1368160 2043.4
1368170 2043.4
1368180 2028.0
1368190 2013.4
1368200 2013.4
1368210 2001.1
1368220 1991.8
1368230 1991.8
1368240 1978.6
1368250 1970.7
1368260 1970.7
1368270 1964.0
1368280 1957.8
1368290 1957.8
1368300 1952.2
1368310 1951.7
1368320 1951.7
1368330 1947.2
1368340 1941.9
1368350 1941.9
1368360 1936.3
1368370 1930.9
1368380 1930.9
1368390 1926.0
1368400 1921.6
1368410 1917.5
1368420 1917.5
1368430 1914.9
1368440 1913.5
1368450 1913.5
1368460 1911.6
1368470 1909.1
1368480 1909.1
1368490 1906.7
1368500 1904.6
1368510 1904.6
1368520 1903.8
1368530 1904.6
1368540 1904.6
1368550 1905.4
1368560 1904.8
1368570 1904.8
1368580 1903.4
1368590 1900.9
1368600 1900.9
1368610 1897.5
1368620 1895.8
1368630 1895.8
1368640 1895.4
1368650 1898.3
1368660 1898.3
1368670 1914.9
1368680 1929.1
1368690 1929.1
1368700 1934.1
1368710 1936.5
1368720 1936.5
1368730 1941.2
1368740 1942.7
1368750 1942.7
1368760 1936.2
1368770 1932.1
1368780 1928.4
1368790 1928.4
1368800 1924.6
1368810 1921.2
1368820 1921.2
1368830 1915.5
1368840 1909.7
1368850 1909.7
1368860 1902.7
1368870 1903.9
1368880 1903.9
1368890 1908.1
1368900 1912.5
1368910 1912.5
1368920 1916.7
1368930 1923.6
1368940 1923.6
1368950 1926.2
1368960 1933.4
1368970 1933.4
1368980 1952.7
1368990 1972.1
1369000 1972.1
1369010 1986.8
1369020 1997.3
1369030 1997.3
1369040 2005.9
1369050 2013.4
1369060 2013.4
1369070 2017.2
1369080 2023.4
1369090 2023.4
1369100 2027.4
1369110 2030.3
1369120 2034.6
1369130 2034.6
1369140 2039.2
1369150 2044.2
1369160 2044.2
1369170 2049.5
1369180 2055.6
1369190 2055.6
1369200 2060.8
1369210 2065.6
1369220 2065.6
1369230 2071.4
1369240 2077.8
1369250 2077.8
1369260 2084.6
1369270 2091.8
1369280 2091.8
1369290 2099.3
1369300 2106.5
1369310 2106.5
1369320 2113.6
1369330 2121.1
1369340 2121.1
1369350 2128.5
1369360 2135.7
1369370 2135.7
1369380 2142.6
1369390 2149.6
1369400 2149.6
1369410 2155.7
1369420 2161.7
1369430 2161.7
1369440 2161.6
1369450 2151.1
1369460 2151.1
1369470 2139.9
1369480 2125.6
1369490 2100.0
1369500 2100.0
1369510 2073.7
1369520 2043.3
1369530 2043.3
1369540 2014.5
1369550 2000.6
1369560 2000.6
1369570 1971.6
1369580 1954.7
1369590 1954.7
1369600 1941.2
1369610 1928.8
1369620 1928.8
1369630 1916.5
1369640 1905.2
1369650 1905.2
1369660 1883.5
1369670 1871.3
1369680 1871.3
1369690 1866.8
1369700 1861.9
1369710 1861.9
1369720 1857.0
1369730 1852.4
1369740 1852.4
1369750 1847.6
1369760 1842.6
1369770 1842.6
1369780 1837.3
1369790 1831.8
1369800 1831.8
1369810 1826.2
1369820 1820.3
1369830 1820.3
1369840 1814.3
1369850 1808.3
1369860 1802.7
1369870 1802.7
1369880 1797.2
1369890 1791.7
1369900 1791.7
1369910 1786.5
1369920 1781.8
1369930 1781.8
1369940 1777.7
1369950 1773.4
1369960 1773.4
1369970 1769.9
1369980 1767.0
1369990 1767.0
1370000 1765.3
1370010 1765.6
1370020 1765.6
1370030 1766.9
1370040 1768.2
1370050 1768.2
1370060 1769.7
1370070 1770.3
1370080 1770.3
1370090 1770.9
1370100 1769.2
1370110 1769.2
1370120 1769.0
1370130 1771.4
1370140 1771.4
1370150 1775.1
1370160 1779.0
1370170 1779.0
1370180 1779.9
1370190 1781.0
1370200 1781.0
1370210 1784.5
1370220 1789.9
1370230 1795.5
1370240 1795.5
1370250 1802.2
1370260 1810.8
1370270 1810.8
1370280 1823.0
1370290 1836.2
1370300 1836.2
1370310 1844.7
1370320 1847.6
1370330 1847.6
1370340 1845.1
1370350 1841.3
1370360 1841.3
1370370 1839.3
1370380 1834.4
1370390 1834.4
1370400 1829.9
1370410 1828.3
1370420 1828.3
1370430 1825.4
1370440 1820.2
1370450 1820.2
1370460 1813.5
1370470 1806.3
1370480 1806.3
1370490 1801.4
1370500 1800.9
1370510 1800.9
1370520 1803.9
1370530 1807.4
1370540 1807.4
1370550 1813.8
1370560 1817.7
1370570 1817.7
1370580 1819.2
1370590 1820.5
1370600 1820.6
1370610 1820.6
1370620 1822.8
1370630 1825.6
1370640 1825.6
1370650 1829.7
1370660 1835.1
1370670 1835.1
1370680 1840.1
1370690 1844.8
1370700 1844.8
1370710 1849.0
1370720 1850.5
1370730 1850.5
1370740 1848.0
1370750 1848.0
1370760 1848.0
1370770 1850.2
1370780 1859.9
1370790 1859.9
1370800 1881.6
1370810 1891.8
1370820 1891.8
1370830 1890.3
1370840 1883.1
1370850 1883.1
1370860 1867.8
1370870 1842.6
1370880 1842.6
1370890 1823.6
1370900 1809.3
1370910 1809.3
1370920 1804.2
1370930 1804.5
1370940 1804.5
1370950 1796.1
1370960 1787.8
1370970 1785.1
1370980 1785.1
1370990 1767.3
1371000 1754.5
1371010 1754.5
1371020 1750.5
1371030 1745.4
1371040 1745.4
1371050 1742.0
1371060 1734.9
1371070 1734.9
1371080 1722.3
1371090 1717.5
1371100 1717.5
1371110 1713.8
1371120 1708.5
1371130 1708.5
1371140 1703.0
1371150 1697.5
1371160 1697.5
1371170 1691.8
1371180 1684.4
1371190 1684.4
1371200 1676.3
1371210 1669.2
1371220 1669.2
1371230 1662.6
1371240 1655.6
1371250 1655.6
1371260 1648.7
1371270 1642.4
1371280 1642.4
1371290 1636.4
1371300 1630.4
1371310 1624.7
1371320 1624.7
1371330 1619.1
1371340 1613.0
1371350 1613.0
1371360 1606.9
1371370 1601.3
1371380 1601.3
1371390 1597.0
1371400 1594.4
1371410 1594.4
1371420 1591.4
1371430 1589.9
1371440 1589.9
1371450 1589.2
1371460 1588.8
1371470 1588.8
1371480 1589.6
1371490 1589.8
1371500 1589.8
1371510 1590.9
1371520 1592.3
1371530 1592.3
1371540 1593.1
1371550 1594.5
1371560 1594.5
1371570 1596.1
1371580 1598.1
1371590 1598.1
1371600 1600.4
1371610 1602.6
1371620 1602.6
1371630 1605.2
1371640 1606.5
1371650 1606.5
1371660 1602.3
1371670 1603.7
1371680 1607.3
1371690 1607.3
1371700 1610.3
1371710 1612.1
1371720 1612.1
1371730 1613.4
1371740 1614.6
1371750 1614.6
1371760 1616.7
1371770 1623.6
1371780 1623.6
1371790 1635.1
1371800 1640.5
1371810 1640.5
1371820 1645.8
1371830 1648.5
1371840 1648.5
1371850 1647.0
1371860 1646.0
1371870 1646.0
1371880 1651.1
1371890 1658.4
1371900 1658.4
1371910 1663.6
1371920 1670.8
1371930 1670.8
1371940 1680.9
1371950 1689.3
1371960 1689.3
1371970 1697.6
1371980 1698.4
1371990 1698.4
1372000 1705.9
1372010 1721.9
1372020 1721.9
1372030 1747.4
1372040 1763.9
1372050 1773.2
1372060 1773.2
1372070 1777.6
1372080 1773.5
1372090 1773.5
1372100 1776.0
1372110 1785.3
1372120 1785.3
1372130 1786.9
1372140 1791.4
1372150 1791.4
1372160 1792.6
1372170 1788.3
1372180 1788.3
1372190 1799.0
1372200 1810.4
1372210 1810.4
1372220 1818.9
1372230 1825.6
1372240 1825.6
1372250 1830.5
1372260 1836.4
1372270 1836.4
1372280 1843.8
1372290 1850.1
1372300 1850.1
1372310 1855.9
1372320 1863.2
1372330 1863.2
1372340 1870.7
1372350 1877.3
1372360 1877.3
1372370 1885.2
1372380 1889.3
1372390 1889.3
1372400 1889.8
1372410 1893.5
1372420 1900.3
1372430 1900.3
1372440 1911.6
1372450 1923.9
1372460 1923.9
1372470 1928.3
1372480 1932.0
1372490 1932.0
1372500 1935.8
1372510 1940.8
1372520 1940.8
1372530 1947.9
1372540 1950.5
1372550 1950.5
1372560 1950.1
1372570 1951.0
1372580 1951.0
1372590 1953.8
1372600 1959.4
1372610 1959.4
1372620 1969.6
1372630 1981.0
1372640 1981.0
1372650 1987.1
1372660 1991.4
1372670 1991.4
1372680 2002.0
1372690 2015.2
1372700 2015.2
1372710 2040.6
1372720 2069.4
1372730 2069.4
1372740 2095.0
1372750 2111.7
1372760 2111.7
1372770 2119.7
1372780 2128.9
1372790 2148.4
1372800 2129.4
1372810 2146.6
1372820 2168.1
1372830 2168.1
1372840 2178.9
1372850 2160.8
1372860 2160.8
1372870 2138.9
1372880 2107.9
1372890 2107.9
1372900 2077.8
1372910 2052.6
1372920 2052.6
1372930 2036.4
1372940 2030.0
1372950 2030.0
1372960 2026.3
1372970 2025.8
1372980 2025.8
1372990 2023.1
1373000 2024.5
1373010 2024.5
1373020 2027.7
1373030 2029.3
1373040 2029.3
1373050 2031.9
1373060 2040.1
1373070 2040.1
1373080 2052.5
1373090 2049.1
1373100 2049.1
1373110 2024.9
1373120 2002.6
1373130 2002.6
1373140 1991.3
1373150 1983.4
1373160 1978.2
1373170 1978.2
1373180 1979.0
1373190 1980.4
1373200 1980.4
1373210 1981.1
1373220 1982.1
1373230 1982.1
1373240 1982.6
1373250 1982.8
1373260 1982.8
1373270 1981.9
1373280 1980.3
1373290 1980.3
1373300 1980.4
1373310 1983.9
1373320 1983.9
1373330 1987.7
1373340 1991.1
1373350 1991.1
1373360 1994.1
1373370 1997.3
1373380 1997.3
1373390 2000.9
1373400 2004.6
1373410 2004.6
1373420 2008.1
1373430 2013.8
1373440 2013.8
1373450 2026.6
1373460 2039.5
1373470 2039.5
1373480 2054.4
1373490 2072.5
1373500 2089.7
1373510 2089.7
1373520 2105.0
1373530 2110.9
1373540 2110.9
1373550 2124.5
1373560 2140.0
1373570 2140.0
1373580 2142.4
1373590 2132.3
1373600 2132.3
1373610 2131.2
1373620 2142.3
1373630 2142.3
1373640 2168.9
1373650 2179.3
1373660 2179.3
1373670 2169.7
1373680 2159.4
1373690 2159.4
1373700 2152.4
1373710 2155.8
1373720 2155.8
1373730 2172.5
1373740 2179.0
1373750 2179.0
1373760 2179.1
1373770 2172.0
1373780 2172.0
1373790 2170.6
1373800 2171.2
1373810 2171.2
1373820 2168.5
1373830 2170.3
1373840 2170.3
1373850 2168.5
1373860 2168.0
1373870 2167.9
1373880 2167.9
1373890 2169.3
1373900 2174.7
1373910 2174.7
1373920 2180.2
1373930 2180.8
1373940 2180.8
1373950 2168.8
1373960 2166.1
1373970 2166.1
1373980 2172.4
1373990 2181.6
1374000 2181.6
1374010 2191.4
1374020 2201.6
1374030 2201.6
1374040 2215.4
1374050 2232.9
1374060 2232.9
1374070 2253.4
1374080 2258.3
1374090 2258.3
1374100 2240.2
1374110 2223.9
1374120 2223.9
1374130 2205.5
1374140 2186.0
1374150 2186.0
1374160 2166.8
1374170 2151.3
1374180 2151.3
1374190 2151.5
1374200 2154.9
1374210 2154.9
1374220 2166.8
1374230 2187.2
1374240 2189.4
1374250 2189.4
1374260 2169.5
1374270 2144.7
1374280 2144.7
1374290 2142.2
1374300 2170.6
1374310 2170.6
1374320 2193.4
1374330 2189.2
1374340 2189.2
1374350 2166.6
1374360 2140.7
1374370 2140.7
1374380 2127.8
1374390 2137.6
1374400 2137.6
1374410 2152.5
1374420 2171.1
1374430 2171.1
1374440 2162.4
1374450 2159.4
1374460 2159.4
1374470 2187.5
1374480 2229.4
1374490 2229.4
1374500 2243.9
1374510 2252.5
1374520 2252.5
1374530 2244.1
1374540 2235.3
1374550 2235.3
1374560 2226.1
1374570 2222.3
1374580 2222.3
1374590 2193.2
1374600 2171.5
1374610 2158.8
1374620 2158.8
1374630 2134.1
1374640 2127.8
1374650 2127.8
1374660 2141.3
1374670 2139.4
1374680 2139.4
1374690 2133.2
1374700 2124.3
1374710 2124.3
1374720 2106.5
1374730 2095.9
1374740 2095.9
1374750 2063.0
1374760 2054.9
1374770 2054.9
1374780 2061.6
1374790 2075.5
1374800 2075.5
1374810 2083.1
1374820 2097.8
1374830 2097.8
1374840 2113.1
1374850 2126.0
1374860 2126.0
1374870 2134.7
1374880 2125.7
1374890 2125.7
1374900 2112.9
1374910 2100.4
1374920 2100.4
1374930 2084.3
1374940 2070.2
1374950 2070.2
1374960 2042.7
1374970 2025.6
1374980 2016.9
1374990 2016.9
1375000 2005.2
1375010 1991.6
1375020 1991.6
1375030 1978.7
1375040 1965.3
1375050 1965.3
1375060 1956.7
1375070 1951.5
1375080 1951.5
1375090 1958.9
1375100 1962.4
1375110 1962.4
1375120 1965.2
1375130 1970.9
1375140 1970.9
1375150 1990.3
1375160 2006.5
1375170 2006.5
1375180 2018.2
1375190 2033.4
1375200 2033.4
1375210 2048.9
1375220 2058.9
1375230 2058.9
1375240 2067.8
1375250 2079.3
1375260 2079.3
1375270 2094.7
1375280 2109.7
1375290 2109.7
1375300 2119.1
1375310 2128.2
1375320 2128.2
1375330 2137.2
1375340 2145.2
1375350 2154.5
1375360 2154.5
1375370 2166.7
1375380 2176.6
1375390 2176.6
1375400 2188.8
1375410 2171.2
1375420 2171.2
1375430 2158.9
1375440 2152.4
1375450 2152.4
1375460 2148.8
1375470 2147.5
1375480 2147.5
1375490 2150.0
1375500 2150.2
1375510 2150.2
1375520 2148.6
1375530 2150.8
1375540 2150.8
1375550 2156.7
1375560 2162.9
1375570 2162.9
1375580 2168.9
1375590 2175.0
1375600 2175.0
1375610 2180.8
1375620 2184.7
1375630 2184.7
1375640 2179.5
1375650 2169.7
1375660 2169.7
1375670 2159.8
1375680 2150.1
1375690 2150.1
1375700 2140.4
1375710 2131.0
1375720 2125.3
1375730 2125.3
1375740 2119.6
1375750 2110.9
1375760 2110.9
1375770 2102.2
1375780 2095.3
1375790 2095.3
1375800 2088.8
1375810 2085.0
1375820 2085.0
1375830 2081.1
1375840 2075.6
1375850 2075.6
1375860 2070.8
1375870 2059.8
1375880 2059.8
1375890 2047.9
1375900 2038.7
1375910 2038.7
1375920 2028.8
1375930 2019.7
1375940 2019.7
1375950 2011.3
1375960 2003.5
1375970 2003.5
1375980 1997.1
1375990 1993.6
1376000 1993.6
1376010 1991.7
1376020 1991.6
1376030 1991.6
1376040 1990.6
1376050 1991.3
1376060 1994.3
1376070 1994.3
1376080 1994.9
1376090 1985.9
1376100 1985.9
1376110 1973.1
1376120 1962.5
1376130 1962.5
1376140 1952.9
1376150 1943.7
1376160 1943.7
1376170 1936.3
1376180 1929.9
1376190 1929.9
1376200 1916.5
1376210 1903.6
1376220 1903.6
1376230 1893.8
1376240 1884.0
1376250 1884.0
1376260 1869.2
1376270 1852.3
1376280 1852.3
1376290 1838.0
1376300 1819.2
1376310 1819.2
1376320 1798.6
1376330 1778.3
1376340 1778.3
1376350 1771.1
1376360 1771.3
1376370 1771.3
1376380 1763.0
1376390 1751.7
1376400 1751.7
1376410 1739.4
1376420 1728.6
1376430 1724.8
1376440 1724.8
1376450 1705.5
1376460 1693.3
1376470 1693.3
1376480 1678.0
1376490 1654.4
1376500 1654.4
1376510 1637.5
1376520 1625.4
1376530 1625.4
1376540 1609.0
1376550 1591.0
1376560 1591.0
1376570 1574.0
1376580 1555.3
1376590 1555.3
1376600 1538.7
1376610 1516.1
1376620 1516.1
1376630 1497.6
1376640 1485.0
1376650 1485.0
1376660 1467.5
1376670 1451.4
1376680 1451.4
1376690 1436.9
1376700 1427.9
1376710 1427.9
1376720 1419.8
1376730 1402.8
1376740 1402.8
1376750 1388.3
1376760 1379.6
1376770 1379.6
1376780 1371.8
1376790 1365.1
1376800 1358.3
1376810 1358.3
1376820 1351.6
1376830 1344.7
1376840 1344.7
1376850 1337.5
1376860 1330.3
1376870 1330.3
1376880 1323.4
1376890 1317.1
1376900 1317.1
1376910 1311.1
1376920 1305.5
1376930 1305.5
1376940 1300.9
1376950 1297.4
1376960 1297.4
1376970 1294.2
1376980 1291.9
1376990 1291.9
1377000 1290.6
1377010 1288.9
1377020 1288.9
1377030 1287.1
1377040 1283.9
1377050 1283.9
1377060 1281.4
1377070 1279.5
1377080 1279.5
1377090 1279.7
1377100 1283.0
1377110 1283.0
1377120 1285.7
1377130 1285.8
1377140 1285.8
1377150 1282.7
1377160 1281.0
1377170 1279.7
1377180 1279.7
1377190 1277.1
1377200 1274.5
1377210 1274.5
1377220 1272.4
1377230 1267.8
1377240 1267.8
1377250 1264.0
1377260 1262.0
1377270 1262.0
1377280 1261.6
1377290 1264.0
1377300 1264.0
1377310 1269.8
1377320 1276.9
1377330 1276.9
1377340 1285.9
1377350 1297.0
1377360 1297.0
1377370 1306.6
1377380 1309.7
1377390 1309.7
1377400 1311.4
1377410 1313.8
1377420 1313.8
1377430 1318.7
1377440 1324.5
1377450 1324.5
1377460 1329.4
1377470 1333.4
1377480 1335.2
1377490 1338.9
1377500 1341.4
1377510 1341.4
1377520 1346.1
1377530 1349.8
1377540 1347.5
1377550 1347.5
1377560 1342.9
1377570 1337.9
1377580 1337.9
1377590 1334.6
1377600 1334.6
1377610 1334.6
1377620 1333.2
1377630 1334.0
1377640 1334.0
1377650 1336.3
1377660 1337.1
1377670 1337.1
1377680 1335.3
1377690 1335.0
1377700 1335.0
1377710 1333.9
1377720 1336.4
1377730 1336.4
1377740 1341.3
1377750 1346.9
1377760 1346.9
1377770 1352.2
1377780 1355.3
1377790 1355.3
1377800 1357.9
1377810 1361.0
1377820 1361.0
1377830 1364.1
1377840 1364.5
1377850 1364.5
1377860 1366.5
1377870 1368.1
1377880 1368.1
1377890 1367.0
1377900 1365.5
1377910 1365.3
1377920 1365.3
1377930 1366.6
1377940 1368.6
1377950 1368.6
1377960 1371.8
1377970 1372.9
1377980 1372.9
1377990 1375.7
1378000 1379.7
1378010 1379.7
1378020 1382.0
1378030 1383.8
1378040 1383.8
1378050 1385.4
1378060 1385.0
1378070 1385.0
1378080 1383.6
1378090 1383.0
1378100 1383.0
1378110 1384.5
1378120 1383.6
1378130 1383.6
1378140 1380.8
1378150 1380.4
1378160 1380.4
1378170 1381.9
1378180 1383.9
1378190 1383.9
1378200 1385.0
1378210 1385.3
1378220 1385.3
1378230 1381.0
1378240 1375.6
1378250 1372.6
1378260 1372.6
1378270 1368.9
1378280 1364.7
1378290 1364.7
1378300 1358.2
1378310 1350.3
1378320 1350.3
1378330 1347.3
1378340 1343.1
1378350 1343.1
1378360 1336.0
1378370 1327.7
1378380 1327.7
1378390 1320.7
1378400 1314.0
1378410 1314.0
1378420 1307.2
1378430 1299.6
1378440 1299.6
1378450 1292.1
1378460 1285.0
1378470 1285.0
1378480 1278.4
1378490 1272.2
1378500 1272.2
1378510 1266.1
1378520 1259.8
1378530 1259.8
1378540 1252.9
1378550 1246.0
1378560 1246.0
1378570 1239.3
1378580 1234.3
1378590 1234.3
1378600 1227.6
1378610 1220.4
1378620 1214.3
1378630 1214.3
1378640 1209.1
1378650 1204.2
1378660 1204.2
1378670 1200.7
1378680 1199.0
1378690 1193.6
1378700 1191.5
1378710 1188.4
1378720 1188.4
1378730 1185.5
1378740 1184.5
1378750 1184.5
1378760 1183.6
1378770 1182.4
1378780 1182.4
1378790 1180.8
1378800 1178.2
1378810 1178.2
1378820 1173.3
1378830 1169.7
1378840 1169.7
1378850 1168.9
1378860 1167.4
1378870 1167.4
1378880 1164.2
1378890 1162.8
1378900 1162.8
1378910 1162.2
1378920 1158.8
1378930 1158.8
1378940 1157.0
1378950 1158.7
1378960 1158.7
1378970 1161.9
1378980 1164.5
1378990 1166.0
1379000 1166.0
1379010 1167.2
1379020 1166.0
1379030 1166.0
1379040 1163.1
1379050 1159.2
1379060 1159.2
1379070 1154.2
1379080 1146.9
1379090 1146.9
1379100 1138.9
1379110 1131.6
1379120 1131.6
1379130 1127.9
1379140 1127.2
1379150 1127.2
1379160 1127.6
1379170 1130.4
1379180 1130.4
1379190 1131.4
1379200 1129.3
1379210 1129.3
1379220 1125.9
1379230 1121.7
1379240 1121.7
1379250 1119.0
1379260 1117.8
1379270 1117.8
1379280 1116.6
1379290 1112.4
1379300 1112.4
1379310 1106.9
1379320 1101.1
1379330 1101.1
1379340 1094.3
1379350 1082.8
1379360 1069.7
1379370 1069.7
1379380 1056.6
1379390 1043.5
1379400 1043.5
1379410 1034.7
1379420 1028.8
1379430 1028.8
1379440 1021.8
1379450 1013.6
1379460 1013.6
1379470 1005.4
1379480 994.4
1379490 994.4
1379500 984.1
1379510 974.1
1379520 974.1
1379530 962.3
1379540 954.8
1379550 954.8
1379560 949.0
1379570 943.6
1379580 943.6
1379590 938.6
1379600 935.3
1379610 935.3
1379620 938.4
1379630 945.0
1379640 945.0
1379650 955.1
1379660 955.2
1379670 955.2
1379680 956.2
1379690 960.7
1379700 960.7
1379710 961.7
1379720 960.1
1379730 955.9
1379740 955.9
1379750 950.7
1379760 946.2
1379770 946.2
1379780 941.8
1379790 939.5
1379800 939.5
1379810 940.4
1379820 939.2
1379830 939.2
1379840 936.5
1379850 931.8
1379860 931.8
1379870 924.0
1379880 915.9
1379890 915.9
1379900 908.5
1379910 903.0
1379920 903.0
1379930 895.6
1379940 888.0
1379950 888.0
1379960 887.1
1379970 889.0
1379980 889.0
1379990 888.4
