1360000 1417.8
1360010 1420.4
1360020 1420.4
1360030 1424.2
1360040 1427.3
1360050 1427.3
1360060 1428.8
1360070 1430.6
1360080 1430.6
1360090 1431.9
1360100 1433.4
1360110 1433.4
1360120 1435.9
1360130 1438.9
1360140 1438.9
1360150 1440.4
1360160 1441.4
1360170 1441.4
1360180 1440.1
1360190 1438.9
1360200 1438.9
1360210 1442.3
1360220 1447.4
1360230 1446.6
1360240 1446.6
1360250 1451.6
1360260 1461.2
1360270 1461.2
1360280 1465.5
1360290 1457.8
1360300 1457.8
1360310 1454.8
1360320 1451.6
1360330 1459.0
1360340 1456.9
1360350 1456.3
1360360 1456.3
1360370 1455.5
1360380 1455.8
1360390 1455.8
1360400 1457.4
1360410 1462.4
1360420 1462.4
1360430 1469.0
1360440 1471.8
1360450 1471.8
1360460 1474.3
1360470 1476.4
1360480 1476.4
1360490 1478.1
1360500 1484.1
1360510 1484.1
1360520 1490.4
1360530 1495.3
1360540 1495.3
1360550 1500.6
1360560 1506.8
1360570 1506.8
1360580 1512.3
1360590 1517.1
1360600 1520.8
1360610 1520.8
1360620 1525.3
1360630 1530.8
1360640 1530.8
1360650 1537.7
1360660 1546.7
1360670 1546.7
1360680 1557.5
1360690 1566.9
1360700 1566.9
1360710 1574.1
1360720 1580.6
1360730 1580.6
1360740 1589.0
1360750 1599.2
1360760 1599.2
1360770 1607.9
1360780 1614.3
1360790 1614.3
1360800 1626.1
1360810 1632.1
1360820 1632.1
1360830 1639.5
1360840 1648.7
1360850 1648.7
1360860 1656.7
1360870 1663.7
1360880 1663.7
1360890 1670.0
1360900 1676.4
1360910 1676.4
1360920 1684.7
1360930 1692.4
1360940 1692.4
1360950 1697.3
1360960 1701.2
1360970 1703.6
1360980 1703.6
1360990 1704.2
1361000 1709.1
1361010 1709.1
1361020 1713.8
1361030 1713.4
1361040 1713.4
1361050 1713.2
1361060 1710.6
1361070 1710.6
1361080 1699.2
1361090 1699.7
1361100 1699.7
1361110 1702.5
1361120 1708.3
1361130 1708.3
1361140 1712.1
1361150 1712.3
1361160 1712.3
1361170 1705.5
1361180 1714.6
1361190 1714.6
1361200 1726.1
1361210 1730.7
1361220 1730.7
1361230 1734.7
1361240 1740.1
1361250 1740.1
1361260 1741.6
1361270 1742.8
1361280 1742.8
1361290 1751.8
1361300 1758.3
1361310 1758.3
1361320 1763.4
1361330 1770.1
1361340 1776.9
1361350 1776.9
1361360 1785.6
1361370 1790.4
1361380 1790.4
1361390 1795.2
1361400 1794.8
1361410 1794.8
1361420 1797.8
1361430 1804.0
1361440 1804.0
1361450 1810.6
1361460 1819.2
1361470 1819.2
1361480 1825.3
1361490 1831.1
1361500 1831.1
1361510 1837.3
1361520 1843.7
1361530 1843.7
1361540 1843.6
1361550 1839.7
1361560 1839.7
1361570 1845.6
1361580 1863.2
1361590 1863.2
1361600 1876.4
1361610 1866.9
1361620 1866.9
1361630 1855.8
1361640 1847.2
1361650 1847.2
1361660 1849.8
1361670 1863.2
1361680 1863.2
1361690 1870.2
1361700 1867.7
1361710 1850.3
1361720 1850.3
1361730 1849.3
1361740 1854.4
1361750 1854.4
1361760 1858.7
1361770 1865.2
1361780 1865.2
1361790 1871.0
1361800 1875.1
1361810 1875.1
1361820 1879.7
1361830 1885.8
1361840 1885.8
1361850 1894.1
1361860 1904.9
1361870 1904.9
1361880 1910.7
1361890 1914.1
1361900 1914.1
1361910 1919.9
1361920 1919.7
1361930 1919.7
1361940 1924.4
1361950 1929.9
1361960 1929.9
1361970 1933.8
1361980 1937.7
1361990 1937.7
1362000 1950.3
1362010 1954.3
1362020 1954.3
1362030 1954.0
1362040 1953.8
1362050 1953.8
1362060 1946.3
1362070 1930.8
1362080 1914.9
1362090 1914.9
1362100 1902.9
1362110 1895.4
1362120 1895.4
1362130 1893.3
1362140 1900.7
1362150 1900.7
1362160 1906.7
1362170 1902.4
1362180 1902.4
1362190 1893.3
1362200 1893.7
1362210 1893.7
1362220 1894.0
1362230 1894.6
1362240 1894.6
1362250 1898.4
1362260 1903.8
1362270 1903.8
1362280 1913.5
1362290 1921.9
1362300 1921.9
1362310 1929.6
1362320 1940.3
1362330 1940.3
1362340 1947.0
1362350 1952.4
1362360 1952.4
1362370 1958.0
1362380 1962.7
1362390 1962.7
1362400 1965.8
1362410 1980.1
1362420 1981.6
1362430 1981.6
1362440 1990.6
1362450 1997.3
1362460 1997.3
1362470 2001.2
1362480 2003.4
1362490 2003.4
1362500 2009.5
1362510 2015.1
1362520 2015.1
1362530 2025.3
1362540 2029.2
1362550 2029.2
1362560 2032.9
1362570 2033.3
1362580 2033.3
1362590 2034.3
1362600 2039.6
1362610 2039.6
1362620 2054.3
1362630 2060.0
1362640 2060.0
1362650 2051.7
1362660 2042.4
1362670 2042.4
1362680 2035.4
1362690 2029.7
1362700 2029.7
1362710 2031.4
1362720 2037.0
1362730 2037.0
1362740 2046.0
1362750 2056.4
1362760 2056.4
1362770 2048.5
1362780 2041.4
1362790 2035.3
1362800 2035.3
1362810 2032.7
1362820 2024.9
1362830 2024.9
1362840 2016.8
1362850 2017.9
1362860 2017.9
1362870 2016.2
1362880 2019.2
1362890 2019.2
1362900 2018.0
1362910 2013.2
1362920 2013.2
1362930 2009.7
1362940 2007.2
1362950 2007.2
1362960 2005.1
1362970 2004.8
1362980 2004.8
1362990 2001.6
1363000 1993.1
1363010 1993.1
1363020 1985.9
1363030 1981.6
1363040 1981.6
1363050 1978.9
1363060 1977.1
1363070 1977.1
1363080 1976.1
1363090 1975.3
1363100 1975.3
1363110 1967.7
1363120 1957.6
1363130 1957.6
1363140 1952.6
1363150 1951.3
1363160 1951.0
1363170 1951.0
1363180 1953.5
1363190 1960.6
1363200 1960.6
1363210 1943.9
1363220 1928.0
1363230 1928.0
1363240 1918.6
1363250 1908.3
1363260 1908.3
1363270 1897.7
1363280 1890.7
1363290 1890.7
1363300 1887.2
1363310 1879.2
1363320 1879.2
1363330 1869.3
1363340 1860.3
1363350 1860.3
1363360 1850.8
1363370 1841.5
1363380 1841.5
1363390 1834.2
1363400 1832.2
1363410 1832.2
1363420 1830.5
1363430 1826.9
1363440 1826.9
1363450 1821.7
1363460 1810.7
1363470 1810.7
1363480 1808.7
1363490 1805.2
1363500 1805.2
1363510 1801.6
1363520 1799.8
1363530 1797.7
1363540 1797.7
1363550 1795.5
1363560 1794.6
1363570 1794.6
1363580 1793.1
1363590 1791.8
1363600 1791.8
1363610 1792.7
1363620 1792.9
1363630 1792.9
1363640 1791.8
1363650 1790.7
1363660 1790.7
1363670 1789.8
1363680 1790.1
1363690 1790.1
1363700 1790.6
1363710 1792.5
1363720 1792.5
1363730 1795.1
1363740 1798.5
1363750 1798.5
1363760 1800.1
1363770 1800.2
1363780 1800.2
1363790 1800.3
1363800 1800.1
1363810 1800.1
1363820 1799.0
1363830 1796.7
1363840 1796.7
1363850 1793.8
1363860 1793.5
1363870 1793.5
1363880 1792.8
1363890 1792.1
1363900 1791.1
1363910 1791.1
1363920 1788.3
1363930 1783.4
1363940 1783.4
1363950 1777.9
1363960 1773.3
1363970 1773.3
1363980 1773.7
1363990 1774.1
1364000 1774.1
1364010 1773.3
1364020 1768.3
1364030 1768.3
1364040 1764.5
1364050 1762.2
1364060 1762.2
1364070 1759.2
1364080 1756.8
1364090 1756.8
1364100 1754.2
1364110 1749.7
1364120 1749.7
1364130 1748.1
1364140 1745.7
1364150 1745.7
1364160 1744.9
1364170 1744.4
1364180 1744.4
1364190 1740.6
1364200 1735.5
1364210 1735.5
1364220 1730.8
1364230 1725.9
1364240 1720.5
1364250 1720.5
1364260 1712.8
1364270 1704.2
1364280 1704.2
1364290 1695.9
1364300 1691.4
1364310 1691.4
1364320 1686.7
1364330 1679.8
1364340 1679.8
1364350 1671.6
1364360 1660.9
1364370 1660.9
1364380 1656.1
1364390 1650.8
1364400 1650.8
1364410 1639.6
1364420 1629.3
1364430 1629.3
1364440 1617.9
1364450 1605.2
1364460 1605.2
1364470 1583.0
1364480 1574.1
1364490 1574.1
1364500 1570.1
1364510 1565.4
1364520 1561.2
1364530 1556.2
1364540 1551.7
1364550 1551.7
1364560 1549.4
1364570 1549.2
1364580 1549.2
1364590 1547.8
1364600 1545.0
1364610 1540.8
1364620 1540.8
1364630 1536.2
1364640 1531.4
1364650 1531.4
1364660 1527.1
1364670 1524.4
1364680 1524.4
1364690 1521.2
1364700 1518.4
1364710 1518.4
1364720 1516.6
1364730 1511.1
1364740 1511.1
1364750 1503.7
1364760 1499.9
1364770 1499.9
1364780 1499.5
1364790 1499.9
1364800 1499.9
1364810 1499.1
1364820 1492.4
1364830 1492.4
1364840 1486.4
1364850 1482.3
1364860 1482.3
1364870 1478.6
1364880 1475.6
1364890 1475.6
1364900 1472.9
1364910 1470.8
1364920 1470.8
1364930 1470.4
1364940 1471.1
1364950 1471.1
1364960 1471.2
1364970 1470.1
1364980 1469.1
1364990 1469.1
1365000 1471.2
1365010 1477.1
1365020 1477.1
1365030 1480.5
1365040 1481.7
1365050 1481.7
1365060 1483.6
1365070 1484.6
1365080 1484.6
1365090 1486.7
1365100 1489.8
1365110 1489.8
1365120 1493.6
1365130 1498.0
1365140 1498.0
1365150 1502.6
1365160 1507.7
1365170 1507.7
1365180 1512.1
1365190 1515.9
1365200 1515.9
1365210 1519.3
1365220 1523.5
1365230 1523.5
1365240 1534.8
1365250 1553.6
1365260 1553.6
1365270 1563.2
1365280 1574.7
1365290 1574.7
1365300 1588.9
1365310 1603.7
1365320 1603.7
1365330 1615.9
1365340 1625.8
1365350 1632.3
1365360 1632.3
1365370 1643.5
1365380 1656.1
1365390 1656.1
1365400 1665.3
1365410 1676.4
1365420 1676.4
1365430 1686.1
1365440 1694.7
1365450 1694.7
1365460 1700.3
1365470 1702.8
1365480 1702.8
1365490 1704.4
1365500 1705.3
1365510 1705.3
1365520 1704.6
1365530 1703.5
1365540 1703.5
1365550 1701.2
1365560 1699.2
1365570 1699.2
1365580 1693.1
1365590 1672.8
1365600 1672.8
1365610 1664.9
1365620 1656.6
1365630 1656.6
1365640 1646.6
1365650 1635.8
1365660 1635.8
1365670 1630.6
1365680 1628.4
1365690 1628.4
1365700 1626.0
1365710 1623.6
1365720 1622.1
1365730 1622.1
1365740 1621.0
1365750 1619.0
1365760 1619.0
1365770 1616.6
1365780 1614.2
1365790 1614.2
1365800 1611.5
1365810 1608.4
1365820 1608.4
1365830 1605.8
1365840 1606.5
1365850 1606.5
1365860 1604.9
1365870 1605.7
1365880 1605.7
1365890 1608.5
1365900 1611.4
1365910 1611.4
1365920 1615.7
1365930 1616.8
1365940 1616.8
1365950 1620.8
1365960 1622.1
1365970 1622.1
1365980 1617.5
1365990 1613.7
1366000 1613.7
1366010 1611.4
1366020 1611.0
1366030 1611.0
1366040 1610.9
1366050 1611.0
1366060 1611.0
1366070 1610.6
1366080 1609.9
1366090 1607.5
1366100 1607.5
1366110 1602.4
1366120 1596.5
1366130 1596.5
1366140 1602.0
1366150 1610.6
1366160 1610.6
1366170 1602.4
1366180 1578.8
1366190 1578.8
1366200 1564.6
1366210 1557.7
1366220 1557.7
1366230 1551.6
1366240 1545.4
1366250 1545.4
1366260 1539.1
1366270 1532.9
1366280 1532.9
1366290 1528.7
1366300 1527.4
1366310 1527.4
1366320 1526.5
1366330 1525.7
1366340 1525.7
1366350 1524.7
1366360 1523.3
1366370 1523.3
1366380 1521.4
1366390 1518.4
1366400 1518.4
1366410 1515.5
1366420 1511.4
1366430 1507.3
1366440 1507.3
1366450 1503.9
1366460 1500.1
1366470 1500.1
1366480 1497.1
1366490 1494.5
1366500 1494.5
1366510 1494.6
1366520 1497.1
1366530 1497.1
1366540 1499.6
1366550 1503.2
1366560 1503.2
1366570 1508.0
1366580 1512.5
1366590 1512.5
1366600 1516.9
1366610 1520.7
1366620 1520.7
1366630 1524.1
1366640 1527.1
1366650 1527.1
1366660 1530.4
1366670 1525.3
1366680 1525.3
1366690 1526.3
1366700 1528.5
1366710 1528.5
1366720 1529.3
1366730 1530.6
1366740 1530.6
1366750 1532.4
1366760 1535.7
1366770 1535.7
1366780 1540.7
1366790 1553.0
1366800 1585.6
1366810 1585.6
1366820 1605.0
1366830 1618.0
1366840 1618.0
1366850 1625.4
1366860 1631.8
1366870 1631.8
1366880 1646.7
1366890 1667.9
1366900 1667.9
1366910 1685.6
1366920 1702.3
1366930 1702.3
1366940 1714.5
1366950 1725.7
1366960 1725.7
1366970 1734.3
1366980 1745.2
1366990 1745.2
1367000 1758.4
1367010 1767.5
1367020 1767.5
1367030 1778.3
1367040 1793.6
1367050 1793.6
1367060 1807.1
1367070 1824.1
1367080 1824.1
1367090 1841.0
1367100 1850.4
1367110 1850.4
1367120 1856.0
1367130 1859.5
1367140 1859.5
1367150 1866.4
1367160 1875.5
1367170 1883.6
1367180 1883.6
1367190 1889.5
1367200 1898.4
1367210 1898.4
1367220 1909.5
1367230 1916.8
1367240 1916.8
1367250 1925.1
1367260 1931.2
1367270 1931.2
1367280 1934.0
1367290 1938.7
1367300 1938.7
1367310 1944.6
1367320 1953.1
1367330 1953.1
1367340 1961.9
1367350 1970.4
1367360 1970.4
1367370 1979.6
1367380 1989.0
1367390 1989.0
1367400 1998.5
1367410 2010.2
1367420 2010.2
1367430 2021.4
1367440 2030.5
1367450 2030.5
1367460 2040.3
1367470 2051.0
1367480 2051.0
1367490 2065.1
1367500 2074.7
1367510 2074.7
1367520 2079.5
1367530 2087.0
1367540 2093.7
1367550 2093.7
1367560 2099.7
1367570 2106.7
1367580 2106.7
1367590 2113.7
1367600 2121.8
1367610 2121.8
1367620 2127.9
1367630 2134.7
1367640 2134.7
1367650 2143.2
1367660 2151.5
1367670 2151.5
1367680 2160.1
1367690 2168.3
1367700 2168.3
1367710 2176.2
1367720 2185.4
1367730 2185.4
1367740 2192.7
1367750 2199.9
1367760 2196.9
1367770 2204.2
1367780 2210.7
1367790 2210.7
1367800 2215.2
1367810 2221.7
1367820 2221.7
1367830 2228.6
1367840 2229.6
1367850 2229.6
1367860 2223.6
1367870 2218.6
1367880 2218.6
1367890 2221.9
1367900 2224.3
1367910 2228.2
1367920 2228.2
1367930 2233.3
1367940 2239.1
1367950 2239.1
1367960 2245.0
1367970 2252.1
1367980 2252.1
1367990 2259.2
1368000 2264.8
1368010 2264.8
1368020 2260.9
1368030 2253.1
1368040 2253.1
1368050 2250.3
1368060 2233.1
1368070 2233.1
1368080 2217.3
1368090 2204.2
1368100 2204.2
1368110 2191.5
1368120 2176.1
1368130 2176.1
1368140 2165.2
1368150 2152.8
1368160 2152.8
1368170 2145.8
1368180 2135.4
1368190 2135.4
1368200 2127.1
1368210 2121.6
1368220 2121.6
1368230 2116.8
1368240 2114.0
1368250 2104.1
1368260 2104.1
1368270 2086.9
1368280 2073.9
1368290 2073.9
1368300 2069.0
1368310 2065.5
1368320 2065.5
1368330 2065.1
1368340 2058.0
1368350 2058.0
1368360 2048.6
1368370 2047.4
1368380 2047.4
1368390 2048.2
1368400 2045.7
1368410 2045.7
1368420 2037.7
1368430 2033.2
1368440 2033.2
1368450 2040.4
1368460 2052.1
1368470 2052.1
1368480 2056.1
1368490 2053.1
1368500 2053.1
1368510 2045.1
1368520 2039.3
1368530 2039.3
1368540 2039.5
1368550 2041.8
1368560 2041.8
1368570 2052.9
1368580 2072.8
1368590 2072.8
1368600 2085.0
1368610 2092.6
1368620 2098.8
1368630 2098.8
1368640 2101.3
1368650 2106.6
1368660 2106.6
1368670 2110.8
1368680 2110.1
1368690 2110.1
1368700 2112.3
1368710 2115.9
1368720 2115.9
1368730 2119.8
1368740 2122.6
1368750 2122.6
1368760 2131.2
1368770 2122.5
1368780 2122.5
1368790 2102.9
1368800 2090.7
1368810 2090.7
1368820 2084.9
1368830 2078.7
1368840 2078.7
1368850 2078.9
1368860 2070.3
1368870 2070.3
1368880 2068.4
1368890 2057.0
1368900 2057.0
1368910 2041.0
1368920 2030.2
1368930 2030.2
1368940 2023.0
1368950 2006.5
1368960 2006.5
1368970 2000.0
1368980 1994.2
1368990 1984.4
1369000 1984.4
1369010 1980.9
1369020 1997.3
1369030 1997.3
1369040 2026.2
1369050 2025.2
1369060 2025.2
1369070 2005.7
1369080 1984.9
1369090 1984.9
1369100 1968.7
1369110 1958.8
1369120 1958.8
1369130 1953.8
1369140 1965.8
1369150 1965.8
1369160 1963.5
1369170 1947.8
1369180 1947.8
1369190 1944.3
1369200 1942.1
1369210 1942.1
1369220 1935.5
1369230 1910.2
1369240 1910.2
1369250 1886.9
1369260 1876.9
1369270 1876.9
1369280 1914.8
1369290 1967.3
1369300 1967.3
1369310 1971.6
1369320 1962.9
1369330 1962.9
1369340 1972.1
1369350 1973.1
1369360 1968.2
1369370 1968.2
1369380 1959.1
1369390 1950.0
1369400 1950.0
1369410 1943.6
1369420 1935.2
1369430 1935.2
1369440 1926.5
1369450 1923.9
1369460 1923.9
1369470 1948.4
1369480 1962.0
1369490 1962.0
1369500 1953.8
1369510 1938.1
1369520 1938.1
1369530 1956.3
1369540 1975.3
1369550 1975.3
1369560 1976.4
1369570 1963.1
1369580 1963.1
1369590 1948.7
1369600 1932.4
1369610 1932.4
1369620 1910.6
1369630 1883.2
1369640 1883.2
1369650 1849.9
1369660 1810.3
1369670 1810.3
1369680 1795.1
1369690 1791.3
1369700 1791.3
1369710 1786.5
1369720 1780.7
1369730 1774.6
1369740 1774.6
1369750 1768.7
1369760 1763.4
1369770 1763.4
1369780 1759.5
1369790 1756.8
1369800 1756.8
1369810 1754.0
1369820 1751.1
1369830 1751.1
1369840 1748.8
1369850 1747.0
1369860 1747.0
1369870 1744.6
1369880 1741.3
1369890 1741.3
1369900 1738.7
1369910 1736.9
1369920 1736.9
1369930 1733.2
1369940 1732.5
1369950 1732.5
1369960 1735.5
1369970 1740.6
1369980 1735.1
1369990 1740.7
1370000 1744.8
1370010 1744.8
1370020 1746.9
1370030 1749.7
1370040 1749.7
1370050 1753.6
1370060 1758.3
1370070 1758.3
1370080 1761.9
1370090 1765.9
1370100 1770.3
1370110 1770.3
1370120 1773.8
1370130 1775.2
1370140 1775.2
1370150 1776.1
1370160 1777.1
1370170 1777.1
1370180 1777.2
1370190 1776.7
1370200 1776.7
1370210 1776.0
1370220 1775.5
1370230 1775.5
1370240 1775.2
1370250 1774.5
1370260 1774.5
1370270 1773.7
1370280 1772.3
1370290 1772.3
1370300 1775.6
1370310 1779.1
1370320 1779.1
1370330 1778.4
1370340 1778.4
1370350 1778.4
1370360 1777.8
1370370 1776.3
1370380 1776.3
1370390 1774.3
1370400 1773.4
1370410 1773.4
1370420 1771.7
1370430 1769.1
1370440 1768.9
1370450 1768.9
1370460 1770.1
1370470 1771.0
1370480 1771.0
1370490 1771.7
1370500 1771.3
1370510 1771.3
1370520 1769.5
1370530 1766.0
1370540 1766.0
1370550 1762.2
1370560 1759.7
1370570 1759.7
1370580 1759.1
1370590 1760.2
1370600 1760.2
1370610 1762.2
1370620 1763.0
1370630 1763.0
1370640 1763.9
1370650 1766.5
1370660 1766.5
1370670 1766.4
1370680 1761.2
1370690 1761.2
1370700 1756.3
1370710 1758.9
1370720 1758.9
1370730 1756.1
1370740 1742.4
1370750 1742.4
1370760 1734.2
1370770 1734.4
1370780 1734.4
1370790 1740.6
1370800 1735.8
1370810 1733.6
1370820 1733.6
1370830 1727.3
1370840 1719.6
1370850 1719.6
1370860 1712.8
1370870 1705.0
1370880 1705.0
1370890 1695.9
1370900 1686.2
1370910 1686.2
1370920 1676.0
1370930 1664.5
1370940 1664.5
1370950 1653.0
1370960 1643.6
1370970 1643.6
1370980 1634.3
1370990 1626.7
1371000 1626.7
1371010 1618.4
1371020 1608.3
1371030 1608.3
1371040 1598.7
1371050 1593.1
1371060 1593.1
1371070 1592.9
1371080 1591.6
1371090 1591.6
1371100 1577.7
1371110 1576.6
1371120 1576.6
1371130 1571.8
1371140 1564.3
1371150 1564.3
1371160 1557.7
1371170 1554.6
1371180 1558.1
1371190 1558.1
1371200 1551.0
1371210 1542.8
1371220 1542.8
1371230 1535.6
1371240 1527.5
1371250 1527.5
1371260 1521.5
1371270 1519.8
1371280 1519.8
1371290 1518.6
1371300 1516.2
1371310 1516.2
1371320 1513.4
1371330 1509.7
1371340 1509.7
1371350 1505.3
1371360 1503.0
1371370 1503.0
1371380 1503.4
1371390 1503.7
1371400 1503.7
1371410 1503.1
1371420 1503.2
1371430 1503.2
1371440 1504.3
1371450 1504.3
1371460 1504.3
1371470 1503.2
1371480 1500.7
1371490 1500.7
1371500 1498.8
1371510 1498.0
1371520 1498.0
1371530 1498.3
1371540 1499.0
1371550 1500.3
1371560 1500.3
1371570 1501.7
1371580 1503.7
1371590 1503.7
1371600 1506.5
1371610 1507.0
1371620 1507.0
1371630 1507.6
1371640 1509.7
1371650 1509.7
1371660 1511.0
1371670 1511.8
1371680 1511.8
1371690 1512.5
1371700 1513.7
1371710 1513.7
1371720 1514.9
1371730 1516.7
1371740 1516.7
1371750 1519.2
1371760 1521.7
1371770 1521.7
1371780 1524.6
1371790 1528.4
1371800 1528.4
1371810 1532.6
1371820 1536.8
1371830 1536.8
1371840 1540.9
1371850 1544.5
1371860 1544.5
1371870 1547.3
1371880 1549.6
1371890 1549.6
1371900 1552.2
1371910 1555.5
1371920 1559.6
1371930 1559.6
1371940 1563.4
1371950 1566.9
1371960 1566.9
1371970 1569.9
1371980 1572.8
1371990 1572.8
1372000 1575.3
1372010 1580.5
1372020 1580.5
1372030 1586.3
1372040 1595.5
1372050 1595.5
1372060 1606.5
1372070 1615.5
1372080 1615.5
1372090 1625.8
1372100 1634.7
1372110 1634.7
1372120 1646.2
1372130 1657.7
1372140 1657.7
1372150 1667.5
1372160 1676.7
1372170 1676.7
1372180 1682.7
1372190 1684.0
1372200 1684.0
1372210 1688.1
1372220 1691.2
1372230 1685.7
1372240 1694.0
1372250 1700.8
1372260 1709.0
1372270 1709.0
1372280 1720.9
1372290 1728.8
1372300 1728.8
1372310 1735.3
1372320 1737.1
1372330 1737.1
1372340 1742.5
1372350 1751.4
1372360 1751.4
1372370 1753.5
1372380 1752.1
1372390 1752.1
1372400 1753.0
1372410 1760.6
1372420 1760.6
1372430 1769.1
1372440 1776.4
1372450 1776.4
1372460 1783.1
1372470 1789.4
1372480 1789.4
1372490 1795.8
1372500 1803.7
1372510 1803.7
1372520 1811.9
1372530 1819.5
1372540 1819.5
1372550 1827.5
1372560 1838.8
1372570 1838.8
1372580 1850.2
1372590 1867.4
1372600 1867.4
1372610 1882.7
1372620 1892.5
1372630 1897.7
1372640 1897.7
1372650 1902.6
1372660 1908.7
1372670 1908.7
1372680 1919.2
1372690 1929.7
1372700 1929.7
1372710 1938.2
1372720 1943.3
1372730 1943.3
1372740 1956.0
1372750 1973.4
1372760 1973.4
1372770 1989.1
1372780 2002.4
1372790 2002.4
1372800 2011.9
1372810 2030.6
1372820 2030.6
1372830 2043.2
1372840 2037.4
1372850 2037.4
1372860 2034.3
1372870 2021.8
1372880 2021.8
1372890 2012.6
1372900 2015.8
1372910 2015.8
1372920 2027.5
1372930 2026.8
1372940 2026.8
1372950 2024.1
1372960 2022.6
1372970 2022.6
1372980 2023.8
1372990 2024.9
1373000 2026.8
1373010 2026.8
1373020 2031.9
1373030 2038.8
1373040 2038.8
1373050 2046.1
1373060 2050.0
1373070 2050.0
1373080 2060.7
1373090 2085.6
1373100 2085.6
1373110 2125.0
1373120 2148.2
1373130 2148.2
1373140 2156.6
1373150 2172.9
1373160 2172.9
1373170 2185.9
1373180 2175.1
1373190 2175.1
1373200 2182.8
1373210 2177.4
1373220 2177.4
1373230 2154.0
1373240 2144.7
1373250 2144.7
1373260 2144.0
1373270 2145.6
1373280 2145.6
1373290 2141.8
1373300 2136.5
1373310 2136.5
1373320 2136.2
1373330 2145.2
1373340 2145.2
1373350 2151.2
1373360 2155.5
1373370 2154.1
1373380 2166.7
1373390 2167.3
1373400 2143.7
1373410 2143.7
1373420 2138.6
1373430 2149.5
1373440 2149.5
1373450 2162.2
1373460 2174.6
1373470 2174.6
1373480 2183.3
1373490 2188.0
1373500 2188.0
1373510 2196.0
1373520 2209.0
1373530 2209.0
1373540 2220.2
1373550 2225.1
1373560 2225.1
1373570 2232.9
1373580 2226.4
1373590 2226.4
1373600 2213.5
1373610 2195.2
1373620 2195.2
1373630 2175.6
1373640 2174.7
1373650 2174.7
1373660 2172.2
1373670 2159.3
1373680 2159.3
1373690 2147.5
1373700 2127.2
1373710 2127.2
1373720 2098.1
1373730 2095.4
1373740 2096.6
1373750 2096.6
1373760 2072.8
1373770 2052.1
1373780 2052.1
1373790 2036.3
1373800 2005.0
1373810 2005.0
1373820 1987.7
1373830 1993.7
1373840 1993.7
1373850 1996.3
1373860 2004.3
1373870 2004.3
1373880 2017.7
1373890 2014.9
1373900 2014.9
1373910 2013.0
1373920 2037.8
1373930 2037.8
1373940 2050.8
1373950 2042.8
1373960 2042.8
1373970 1999.9
1373980 1977.5
1373990 1977.5
1374000 1966.1
1374010 1960.1
1374020 1960.1
1374030 1961.5
1374040 1949.6
1374050 1949.6
1374060 1943.7
1374070 1941.7
1374080 1941.7
1374090 1941.3
1374100 1940.3
1374110 1937.0
1374120 1937.0
1374130 1935.1
1374140 1943.4
1374150 1943.4
1374160 1947.2
1374170 1946.7
1374180 1946.7
1374190 1954.1
1374200 1960.8
1374210 1960.8
1374220 1962.1
1374230 1944.4
1374240 1944.4
1374250 1939.1
1374260 1949.3
1374270 1949.3
1374280 1958.0
1374290 1960.9
1374300 1960.9
1374310 1975.6
1374320 1980.0
1374330 1980.0
1374340 1976.6
1374350 1981.6
1374360 1981.6
1374370 1977.7
1374380 1968.8
1374390 1968.8
1374400 1973.7
1374410 1981.9
1374420 1981.9
1374430 2001.2
1374440 2027.8
1374450 2042.0
1374460 2042.0
1374470 2051.5
1374480 2045.9
1374490 2045.9
1374500 2003.2
1374510 1982.3
1374520 1982.3
1374530 1973.4
1374540 1946.3
1374550 1946.3
1374560 1937.9
1374570 1928.0
1374580 1928.0
1374590 1925.8
1374600 1924.8
1374610 1924.8
1374620 1923.6
1374630 1925.3
1374640 1925.3
1374650 1927.2
1374660 1932.1
1374670 1932.1
1374680 1943.4
1374690 1949.3
1374700 1949.3
1374710 1943.2
1374720 1927.8
1374730 1927.8
1374740 1910.1
1374750 1863.8
1374760 1863.8
1374770 1832.0
1374780 1830.5
1374790 1830.5
1374800 1854.2
1374810 1862.7
1374820 1874.6
1374830 1874.6
1374840 1889.0
1374850 1899.1
1374860 1899.1
1374870 1907.1
1374880 1903.4
1374890 1903.4
1374900 1888.0
1374910 1862.0
1374920 1862.0
1374930 1844.0
1374940 1833.9
1374950 1833.9
1374960 1827.6
1374970 1821.9
1374980 1821.9
1374990 1817.4
1375000 1816.0
1375010 1816.0
1375020 1814.7
1375030 1812.9
1375040 1812.9
1375050 1811.7
1375060 1810.4
1375070 1810.4
1375080 1810.8
1375090 1812.1
1375100 1812.1
1375110 1814.1
1375120 1816.8
1375130 1816.8
1375140 1818.4
1375150 1819.4
1375160 1819.4
1375170 1827.5
1375180 1843.0
1375190 1863.7
1375200 1863.7
1375210 1881.4
1375220 1894.7
1375230 1894.7
1375240 1904.0
1375250 1912.5
1375260 1912.5
1375270 1921.8
1375280 1929.2
1375290 1929.2
1375300 1936.3
1375310 1945.2
1375320 1945.2
1375330 1957.9
1375340 1970.8
1375350 1970.8
1375360 1981.0
1375370 1991.6
1375380 1991.6
1375390 2005.7
1375400 2016.4
1375410 2016.4
1375420 2025.8
1375430 2031.6
1375440 2031.6
1375450 2039.9
1375460 2050.6
1375470 2050.6
1375480 2066.9
1375490 2080.4
1375500 2080.4
1375510 2087.2
1375520 2094.1
1375530 2094.1
1375540 2101.6
1375550 2109.4
1375560 2117.6
1375570 2117.6
1375580 2126.7
1375590 2135.6
1375600 2135.6
1375610 2143.8
1375620 2150.7
1375630 2150.7
1375640 2149.2
1375650 2138.5
1375660 2138.5
1375670 2126.9
1375680 2117.7
1375690 2117.7
1375700 2109.7
1375710 2097.2
1375720 2097.2
1375730 2088.7
1375740 2074.8
1375750 2074.8
1375760 2061.8
1375770 2049.8
1375780 2049.8
1375790 2042.1
1375800 2034.8
1375810 2034.8
1375820 2027.6
1375830 2020.3
1375840 2020.3
1375850 2014.1
1375860 2006.7
1375870 2006.7
1375880 1999.0
1375890 1991.4
1375900 1991.4
1375910 1983.0
1375920 1972.7
1375930 1964.4
1375940 1964.4
1375950 1951.4
1375960 1940.7
1375970 1940.7
1375980 1931.7
1375990 1922.0
1376000 1922.0
1376010 1912.7
1376020 1899.1
1376030 1899.1
1376040 1881.9
1376050 1868.4
1376060 1868.4
1376070 1859.9
1376080 1856.0
1376090 1856.0
1376100 1856.2
1376110 1850.9
1376120 1850.9
1376130 1846.1
1376140 1835.7
1376150 1835.7
1376160 1827.6
1376170 1821.9
1376180 1821.9
1376190 1816.7
1376200 1804.3
1376210 1804.3
1376220 1779.2
1376230 1753.1
1376240 1753.1
1376250 1733.7
1376260 1699.3
1376270 1636.8
1376280 1636.8
1376290 1613.4
1376300 1607.6
1376310 1607.6
1376320 1597.4
1376330 1580.6
1376340 1580.6
1376350 1576.0
1376360 1555.8
1376370 1555.8
1376380 1530.0
1376390 1513.2
1376400 1513.2
1376410 1506.1
1376420 1499.6
1376430 1499.6
1376440 1493.1
1376450 1486.7
1376460 1486.7
1376470 1480.2
1376480 1473.9
1376490 1473.9
1376500 1467.8
1376510 1462.0
1376520 1462.0
1376530 1456.3
1376540 1450.7
1376550 1450.7
1376560 1445.3
1376570 1439.8
1376580 1439.8
1376590 1433.5
1376600 1427.8
1376610 1427.8
1376620 1423.0
1376630 1420.8
1376640 1420.7
1376650 1420.7
1376660 1422.2
1376670 1418.9
1376680 1418.9
1376690 1409.2
1376700 1397.7
1376710 1397.7
1376720 1389.0
1376730 1381.7
1376740 1381.7
1376750 1374.3
1376760 1367.6
1376770 1367.6
1376780 1361.3
1376790 1353.7
1376800 1353.7
1376810 1347.2
1376820 1342.5
1376830 1342.5
1376840 1337.3
1376850 1332.1
1376860 1332.1
1376870 1327.3
1376880 1322.5
1376890 1324.1
1376900 1319.8
1376910 1316.1
1376920 1316.1
1376930 1313.6
1376940 1312.4
1376950 1312.4
1376960 1311.6
1376970 1312.8
1376980 1312.8
1376990 1317.8
1377000 1323.2
1377010 1327.4
1377020 1327.4
1377030 1328.0
1377040 1328.6
1377050 1328.6
1377060 1327.8
1377070 1325.3
1377080 1325.3
1377090 1323.6
1377100 1324.4
1377110 1324.4
1377120 1326.5
1377130 1324.5
1377140 1324.5
1377150 1322.9
1377160 1322.2
1377170 1322.2
1377180 1321.2
1377190 1320.1
1377200 1320.1
1377210 1317.9
1377220 1315.6
1377230 1315.6
1377240 1315.5
1377250 1313.5
1377260 1313.5
1377270 1311.7
1377280 1312.5
1377290 1312.5
1377300 1312.9
1377310 1313.4
1377320 1313.4
1377330 1315.2
1377340 1319.8
1377350 1319.8
1377360 1325.7
1377370 1331.7
1377380 1336.9
1377390 1336.9
1377400 1342.5
1377410 1349.3
1377420 1349.3
1377430 1356.4
1377440 1363.7
1377450 1363.7
1377460 1371.5
1377470 1379.7
1377480 1379.7
1377490 1383.5
1377500 1386.4
1377510 1386.4
1377520 1388.5
1377530 1388.6
1377540 1388.6
1377550 1387.2
1377560 1386.6
1377570 1386.6
1377580 1387.7
1377590 1387.6
1377600 1387.6
1377610 1384.3
1377620 1385.2
1377630 1385.2
1377640 1386.4
1377650 1383.0
1377660 1383.0
1377670 1377.8
1377680 1374.2
1377690 1374.2
1377700 1372.3
1377710 1368.0
1377720 1368.0
1377730 1361.0
1377740 1355.9
1377750 1353.7
1377760 1353.7
1377770 1353.9
1377780 1357.6
1377790 1357.6
1377800 1361.7
1377810 1363.5
1377820 1363.5
1377830 1364.8
1377840 1365.9
1377850 1365.9
1377860 1366.8
1377870 1367.6
1377880 1367.6
1377890 1367.0
1377900 1367.4
1377910 1367.4
1377920 1369.6
1377930 1368.0
1377940 1368.0
1377950 1364.3
1377960 1360.0
1377970 1360.0
1377980 1356.2
1377990 1352.5
1378000 1352.5
1378010 1348.0
1378020 1339.1
1378030 1339.1
1378040 1329.1
1378050 1322.5
1378060 1322.5
1378070 1318.7
1378080 1315.7
1378090 1310.3
1378100 1308.8
1378110 1306.4
1378120 1305.3
1378130 1305.3
1378140 1307.5
1378150 1309.0
1378160 1309.0
1378170 1309.3
1378180 1309.7
1378190 1309.7
1378200 1313.6
1378210 1314.3
1378220 1314.3
1378230 1311.5
1378240 1307.0
1378250 1307.0
1378260 1302.9
1378270 1299.7
1378280 1299.7
1378290 1296.6
1378300 1294.7
1378310 1294.7
1378320 1292.8
1378330 1290.5
1378340 1290.5
1378350 1287.4
1378360 1284.0
1378370 1284.0
1378380 1280.0
1378390 1274.5
1378400 1274.5
1378410 1268.0
1378420 1261.8
1378430 1261.8
1378440 1256.9
1378450 1249.8
1378460 1242.0
1378470 1242.0
1378480 1235.7
1378490 1230.4
1378500 1230.4
1378510 1226.6
1378520 1221.4
1378530 1221.4
1378540 1214.3
1378550 1209.2
1378560 1209.2
1378570 1207.8
1378580 1206.5
1378590 1206.5
1378600 1204.4
1378610 1203.9
1378620 1203.9
1378630 1202.8
1378640 1201.1
1378650 1201.1
1378660 1199.8
1378670 1197.0
1378680 1197.0
1378690 1192.4
1378700 1189.8
1378710 1189.8
1378720 1186.1
1378730 1178.7
1378740 1178.7
1378750 1173.3
1378760 1172.2
1378770 1172.2
1378780 1169.6
1378790 1166.4
1378800 1166.4
1378810 1161.6
1378820 1155.6
1378830 1148.2
1378840 1148.2
1378850 1139.7
1378860 1130.9
1378870 1130.9
1378880 1123.0
1378890 1115.7
1378900 1115.7
1378910 1108.6
1378920 1101.5
1378930 1101.5
1378940 1094.3
1378950 1086.7
1378960 1086.7
1378970 1080.8
1378980 1074.7
1378990 1074.7
1379000 1067.7
1379010 1063.7
1379020 1063.7
1379030 1064.4
1379040 1061.7
1379050 1061.7
1379060 1062.0
1379070 1063.6
1379080 1063.6
1379090 1062.4
1379100 1064.2
1379110 1064.2
1379120 1064.4
1379130 1063.5
1379140 1063.5
1379150 1062.3
1379160 1060.1
1379170 1060.1
1379180 1056.6
1379190 1050.9
1379200 1045.0
1379210 1045.0
1379220 1039.9
1379230 1035.1
1379240 1035.1
1379250 1029.4
1379260 1023.6
1379270 1023.6
1379280 1019.8
1379290 1019.3
1379300 1016.6
1379310 1016.6
1379320 1016.6
1379330 1016.6
1379340 1016.6
1379350 1015.5
1379360 1015.5
1379370 1011.8
1379380 1008.6
1379390 1008.6
1379400 1007.0
1379410 1006.6
1379420 1006.6
1379430 1005.0
1379440 1001.5
1379450 1001.5
1379460 996.6
1379470 991.0
1379480 991.0
1379490 985.9
1379500 981.2
1379510 981.2
1379520 977.8
1379530 974.9
1379540 974.9
1379550 971.9
1379560 968.9
1379570 965.2
1379580 965.2
1379590 960.9
1379600 956.4
1379610 956.4
1379620 952.9
1379630 950.3
1379640 950.3
1379650 947.8
1379660 944.9
1379670 944.9
1379680 940.8
1379690 935.9
1379700 935.9
1379710 931.3
1379720 924.9
1379730 924.9
1379740 918.3
1379750 913.6
1379760 913.6
1379770 909.8
1379780 904.6
1379790 904.6
1379800 899.9
1379810 896.4
1379820 896.4
1379830 894.5
1379840 892.9
1379850 892.9
1379860 891.0
1379870 889.0
1379880 889.0
1379890 887.3
1379900 886.1
1379910 886.1
1379920 885.2
1379930 884.5
1379940 882.8
1379950 882.8
1379960 881.4
1379970 880.2
1379980 880.2
1379990 877.7
