1360000 1158.8
1360010 1164.5
1360020 1164.5
1360030 1171.3
1360040 1178.4
1360050 1178.4
1360060 1185.6
1360070 1191.9
1360080 1191.9
1360090 1198.4
1360100 1203.7
1360110 1203.7
1360120 1207.0
1360130 1207.5
1360140 1207.5
1360150 1208.2
1360160 1210.0
1360170 1205.1
1360180 1207.7
1360190 1209.6
1360200 1209.6
1360210 1212.2
1360220 1215.7
1360230 1215.7
1360240 1219.3
1360250 1223.2
1360260 1227.8
1360270 1227.8
1360280 1232.0
1360290 1235.8
1360300 1235.8
1360310 1240.1
1360320 1243.9
1360330 1243.9
1360340 1247.2
1360350 1250.3
1360360 1250.3
1360370 1252.8
1360380 1255.0
1360390 1255.0
1360400 1256.2
1360410 1257.5
1360420 1257.5
1360430 1261.2
1360440 1265.7
1360450 1265.7
1360460 1267.6
1360470 1267.3
1360480 1267.3
1360490 1267.7
1360500 1268.6
1360510 1268.6
1360520 1270.3
1360530 1271.7
1360540 1271.7
1360550 1274.8
1360560 1279.9
1360570 1279.9
1360580 1286.8
1360590 1293.6
1360600 1293.6
1360610 1296.4
1360620 1299.8
1360630 1301.5
1360640 1301.5
1360650 1300.2
1360660 1297.9
1360670 1297.9
1360680 1293.8
1360690 1289.1
1360700 1289.1
1360710 1282.8
1360720 1279.5
1360730 1279.5
1360740 1278.9
1360750 1276.7
1360760 1276.7
1360770 1274.6
1360780 1278.8
1360790 1278.8
1360800 1286.5
1360810 1292.3
1360820 1292.3
1360830 1293.8
1360840 1292.1
1360850 1292.1
1360860 1289.9
1360870 1288.7
1360880 1288.7
1360890 1287.4
1360900 1290.1
1360910 1290.1
1360920 1296.1
1360930 1302.8
1360940 1302.8
1360950 1309.1
1360960 1317.3
1360970 1317.3
1360980 1329.1
1360990 1334.6
1361000 1334.6
1361010 1338.8
1361020 1344.3
1361030 1349.5
1361040 1349.5
1361050 1354.4
1361060 1358.9
1361070 1358.9
1361080 1363.5
1361090 1367.0
1361100 1367.0
1361110 1368.4
1361120 1367.7
1361130 1367.7
1361140 1365.7
1361150 1366.5
1361160 1366.5
1361170 1369.6
1361180 1373.0
1361190 1373.0
1361200 1379.2
1361210 1383.0
1361220 1383.0
1361230 1386.3
1361240 1388.7
1361250 1388.7
1361260 1388.6
1361270 1392.0
1361280 1392.0
1361290 1395.8
1361300 1398.0
1361310 1398.0
1361320 1400.1
1361330 1400.6
1361340 1400.6
1361350 1400.9
1361360 1399.2
1361370 1399.2
1361380 1397.6
1361390 1396.8
1361400 1393.1
1361410 1393.1
1361420 1388.7
1361430 1383.9
1361440 1383.9
1361450 1379.1
1361460 1375.9
1361470 1375.9
1361480 1375.3
1361490 1375.1
1361500 1375.1
1361510 1373.2
1361520 1370.5
1361530 1370.5
1361540 1370.4
1361550 1367.3
1361560 1367.3
1361570 1372.7
1361580 1379.5
1361590 1379.5
1361600 1378.6
1361610 1377.9
1361620 1377.9
1361630 1378.1
1361640 1381.5
1361650 1381.5
1361660 1387.5
1361670 1395.0
1361680 1395.0
1361690 1405.0
1361700 1411.1
1361710 1411.1
1361720 1415.8
1361730 1414.1
1361740 1414.1
1361750 1411.1
1361760 1406.6
1361770 1399.9
1361780 1399.9
1361790 1392.0
1361800 1385.8
1361810 1385.8
1361820 1381.8
1361830 1379.8
1361840 1379.8
1361850 1378.3
1361860 1375.9
1361870 1375.9
1361880 1374.4
1361890 1373.3
1361900 1373.3
1361910 1371.1
1361920 1369.4
1361930 1369.4
1361940 1370.4
1361950 1375.1
1361960 1375.1
1361970 1376.7
1361980 1375.5
1361990 1375.5
1362000 1372.5
1362010 1369.3
1362020 1369.3
1362030 1364.5
1362040 1356.4
1362050 1356.4
1362060 1346.0
1362070 1334.9
1362080 1334.9
1362090 1324.1
1362100 1316.9
1362110 1316.9
1362120 1309.8
1362130 1302.0
1362140 1295.0
1362150 1295.0
1362160 1290.0
1362170 1285.5
1362180 1285.5
1362190 1276.6
1362200 1264.3
1362210 1264.3
1362220 1252.3
1362230 1235.5
1362240 1223.2
1362250 1201.5
1362260 1182.1
1362270 1182.1
1362280 1164.0
1362290 1151.0
1362300 1151.0
1362310 1140.0
1362320 1134.6
1362330 1134.6
1362340 1132.1
1362350 1130.4
1362360 1130.4
1362370 1125.8
1362380 1116.4
1362390 1116.4
1362400 1105.4
1362410 1088.2
1362420 1088.2
1362430 1060.3
1362440 1039.1
1362450 1039.1
1362460 1026.0
1362470 1016.7
1362480 1016.7
1362490 1031.3
1362500 1051.8
1362510 1051.8
1362520 1055.3
1362530 1062.4
1362540 1096.0
1362550 1096.0
1362560 1110.8
1362570 1117.3
1362580 1117.3
1362590 1122.7
1362600 1130.3
1362610 1130.3
1362620 1142.1
1362630 1149.1
1362640 1149.1
1362650 1152.4
1362660 1151.6
1362670 1151.6
1362680 1151.5
1362690 1150.0
1362700 1150.0
1362710 1142.6
1362720 1138.2
1362730 1138.2
1362740 1140.4
1362750 1142.1
1362760 1142.1
1362770 1140.2
1362780 1140.6
1362790 1140.6
1362800 1137.9
1362810 1131.9
1362820 1131.9
1362830 1128.5
1362840 1127.2
1362850 1127.2
1362860 1125.9
1362870 1122.7
1362880 1122.7
1362890 1129.3
1362900 1147.3
1362910 1158.5
1362920 1158.5
1362930 1166.3
1362940 1175.0
1362950 1175.0
1362960 1184.4
1362970 1194.1
1362980 1194.1
1362990 1211.5
1363000 1227.4
1363010 1227.4
1363020 1237.6
1363030 1242.5
1363040 1242.5
1363050 1245.2
1363060 1246.2
1363070 1246.2
1363080 1246.5
1363090 1247.2
1363100 1247.2
1363110 1245.3
1363120 1241.7
1363130 1241.7
1363140 1230.2
1363150 1218.5
1363160 1218.5
1363170 1211.1
1363180 1200.7
1363190 1200.7
1363200 1190.6
1363210 1184.3
1363220 1184.3
1363230 1178.7
1363240 1172.2
1363250 1172.2
1363260 1173.1
1363270 1174.4
1363280 1176.3
1363290 1185.3
1363300 1184.8
1363310 1182.9
1363320 1182.9
1363330 1178.5
1363340 1170.0
1363350 1170.0
1363360 1173.1
1363370 1169.1
1363380 1169.1
1363390 1151.6
1363400 1148.4
1363410 1148.4
1363420 1146.4
1363430 1142.5
1363440 1142.5
1363450 1131.4
1363460 1119.6
1363470 1119.6
1363480 1111.5
1363490 1103.3
1363500 1103.3
1363510 1095.1
1363520 1095.4
1363530 1095.4
1363540 1093.3
1363550 1086.2
1363560 1086.2
1363570 1081.8
1363580 1078.4
1363590 1078.4
1363600 1071.0
1363610 1067.5
1363620 1067.5
1363630 1065.7
1363640 1061.0
1363650 1061.0
1363660 1056.4
1363670 1052.2
1363680 1049.1
1363690 1049.1
1363700 1044.3
1363710 1038.3
1363720 1038.3
1363730 1031.9
1363740 1027.8
1363750 1027.8
1363760 1032.3
1363770 1032.9
1363780 1032.9
1363790 1035.3
1363800 1034.6
1363810 1034.6
1363820 1034.3
1363830 1043.3
1363840 1043.3
1363850 1050.8
1363860 1056.8
1363870 1056.8
1363880 1061.3
1363890 1062.0
1363900 1062.0
1363910 1060.1
1363920 1060.0
1363930 1060.0
1363940 1061.2
1363950 1059.3
1363960 1059.3
1363970 1057.4
1363980 1053.1
1363990 1053.1
1364000 1044.3
1364010 1035.4
1364020 1035.4
1364030 1024.9
1364040 1018.5
1364050 1011.2
1364060 1011.2
1364070 1003.3
1364080 994.0
1364090 994.0
1364100 986.8
1364110 980.4
1364120 980.4
1364130 975.5
1364140 970.8
1364150 970.8
1364160 966.0
1364170 961.6
1364180 961.6
1364190 957.3
1364200 953.4
1364210 953.4
1364220 949.0
1364230 944.8
1364240 944.8
1364250 940.7
1364260 937.0
1364270 937.0
1364280 932.8
1364290 928.3
1364300 928.3
1364310 923.6
1364320 918.5
1364330 918.5
1364340 912.8
1364350 907.5
1364360 907.5
1364370 901.2
1364380 895.1
1364390 895.1
1364400 889.5
1364410 884.1
1364420 878.3
1364430 878.3
1364440 871.3
1364450 863.7
1364460 863.7
1364470 856.7
1364480 849.3
1364490 849.3
1364500 842.1
1364510 835.0
1364520 835.0
1364530 828.1
1364540 821.4
1364550 821.4
1364560 813.1
1364570 801.3
1364580 801.3
1364590 788.7
1364600 775.0
1364610 775.0
1364620 764.7
1364630 760.7
1364640 760.7
1364650 763.1
1364660 772.7
1364670 772.7
1364680 785.3
1364690 798.7
1364700 798.7
1364710 808.9
1364720 817.2
1364730 817.2
1364740 824.1
1364750 826.7
1364760 826.7
1364770 834.0
1364780 847.9
1364790 861.9
1364800 861.9
1364810 870.0
1364820 879.1
1364830 879.1
1364840 890.1
1364850 899.3
1364860 899.3
1364870 904.8
1364880 907.8
1364890 907.8
1364900 909.5
1364910 912.3
1364920 912.3
1364930 915.4
1364940 917.2
1364950 917.2
1364960 918.1
1364970 918.2
1364980 918.2
1364990 917.6
1365000 916.6
1365010 916.6
1365020 915.3
1365030 914.3
1365040 914.3
1365050 913.5
1365060 913.0
1365070 913.0
1365080 912.1
1365090 911.2
1365100 911.2
1365110 910.4
1365120 909.3
1365130 909.3
1365140 907.2
1365150 903.9
1365160 903.9
1365170 899.7
1365180 899.1
1365190 897.5
1365200 897.5
1365210 897.1
1365220 895.2
1365230 895.2
1365240 893.2
1365250 892.8
1365260 892.8
1365270 891.2
1365280 889.7
1365290 889.7
1365300 886.4
1365310 884.6
1365320 884.6
1365330 879.5
1365340 875.2
1365350 875.2
1365360 877.5
1365370 877.8
1365380 877.8
1365390 880.1
1365400 880.2
1365410 880.2
1365420 882.2
1365430 879.6
1365440 879.6
1365450 877.8
1365460 875.6
1365470 875.6
1365480 874.5
1365490 873.4
1365500 873.4
1365510 872.7
1365520 869.3
1365530 869.3
1365540 864.8
1365550 866.2
1365560 867.0
1365570 867.0
1365580 863.1
1365590 858.4
1365600 858.4
1365610 854.1
1365620 849.3
1365630 849.3
1365640 845.0
1365650 840.8
1365660 840.8
1365670 831.8
1365680 829.2
1365690 829.2
1365700 836.4
1365710 845.9
1365720 845.9
1365730 854.4
1365740 859.4
1365750 859.4
1365760 858.6
1365770 851.9
1365780 851.9
1365790 843.9
1365800 837.2
1365810 837.2
1365820 836.4
1365830 840.5
1365840 840.5
1365850 844.6
1365860 849.8
1365870 849.8
1365880 852.4
1365890 850.3
1365900 850.3
1365910 846.5
1365920 842.5
1365930 841.6
1365940 841.6
1365950 840.5
1365960 836.9
1365970 836.9
1365980 834.9
1365990 833.4
1366000 833.4
1366010 831.8
1366020 830.3
1366030 830.3
1366040 829.0
1366050 825.2
1366060 825.2
1366070 822.3
1366080 819.5
1366090 819.5
1366100 816.6
1366110 814.6
1366120 814.6
1366130 810.5
1366140 808.3
1366150 808.3
1366160 807.3
1366170 805.5
1366180 805.5
1366190 804.8
1366200 803.0
1366210 803.0
1366220 803.2
1366230 802.6
1366240 802.6
1366250 801.4
1366260 800.0
1366270 800.0
1366280 797.8
1366290 795.6
1366300 794.2
1366310 794.2
1366320 795.3
1366330 796.2
1366340 796.2
1366350 797.4
1366360 798.2
1366370 798.2
1366380 799.3
1366390 800.8
1366400 800.8
1366410 803.6
1366420 807.4
1366430 807.4
1366440 810.9
1366450 816.0
1366460 816.0
1366470 819.3
1366480 822.6
1366490 822.6
1366500 821.1
1366510 823.7
1366520 823.7
1366530 826.2
1366540 828.3
1366550 828.3
1366560 831.0
1366570 834.6
1366580 834.6
1366590 838.7
1366600 842.6
1366610 842.6
1366620 846.9
1366630 851.9
1366640 851.9
1366650 857.3
1366660 863.1
1366670 863.1
1366680 868.5
1366690 872.0
1366700 874.4
1366710 874.4
1366720 877.2
1366730 879.9
1366740 879.9
1366750 882.5
1366760 885.3
1366770 885.3
1366780 888.2
1366790 890.9
1366800 890.9
1366810 893.6
1366820 896.3
1366830 896.3
1366840 898.9
1366850 901.7
1366860 901.7
1366870 902.8
1366880 902.9
1366890 902.9
1366900 907.5
1366910 906.6
1366920 906.6
1366930 900.9
1366940 896.4
1366950 896.4
1366960 899.4
1366970 901.0
1366980 901.0
1366990 900.2
1367000 899.0
1367010 899.0
1367020 897.8
1367030 902.2
1367040 902.2
1367050 912.6
1367060 919.7
1367070 925.8
1367080 925.8
1367090 928.3
1367100 931.9
1367110 931.9
1367120 931.6
1367130 934.4
1367140 934.4
1367150 937.3
1367160 941.8
1367170 941.8
1367180 947.2
1367190 951.1
1367200 951.1
1367210 957.8
1367220 964.9
1367230 964.9
1367240 971.4
1367250 979.0
1367260 979.0
1367270 987.3
1367280 995.1
1367290 995.1
1367300 1002.5
1367310 1009.1
1367320 1009.1
1367330 1014.2
1367340 1018.4
1367350 1018.4
1367360 1021.2
1367370 1019.3
1367380 1019.3
1367390 1017.6
1367400 1022.1
1367410 1022.1
1367420 1026.8
1367430 1033.9
1367440 1041.5
1367450 1041.5
1367460 1048.9
1367470 1055.8
1367480 1055.8
1367490 1061.6
1367500 1065.0
1367510 1065.0
1367520 1056.0
1367530 1061.9
1367540 1061.9
1367550 1070.9
1367560 1076.2
1367570 1076.2
1367580 1086.1
1367590 1087.4
1367600 1087.4
1367610 1095.1
1367620 1100.7
1367630 1100.7
1367640 1107.3
1367650 1115.8
1367660 1115.8
1367670 1125.8
1367680 1136.7
1367690 1136.7
1367700 1148.0
1367710 1157.1
1367720 1157.1
1367730 1162.0
1367740 1167.1
1367750 1167.1
1367760 1172.5
1367770 1173.2
1367780 1173.2
1367790 1170.2
1367800 1169.5
1367810 1173.5
1367820 1173.5
1367830 1178.5
1367840 1182.9
1367850 1182.9
1367860 1185.6
1367870 1192.0
1367880 1192.0
1367890 1196.3
1367900 1199.9
1367910 1199.9
1367920 1205.7
1367930 1214.1
1367940 1214.1
1367950 1221.5
1367960 1227.8
1367970 1227.8
1367980 1235.3
1367990 1238.2
1368000 1238.2
1368010 1237.0
1368020 1244.4
1368030 1244.4
1368040 1245.4
1368050 1243.7
1368060 1243.7
1368070 1245.3
1368080 1246.4
1368090 1246.4
1368100 1253.1
1368110 1266.5
1368120 1266.5
1368130 1270.3
1368140 1273.4
1368150 1273.4
1368160 1273.2
1368170 1264.5
1368180 1264.5
1368190 1247.6
1368200 1234.8
1368210 1233.2
1368220 1233.2
1368230 1232.4
1368240 1228.7
1368250 1228.7
1368260 1227.5
1368270 1233.9
1368280 1233.9
1368290 1238.2
1368300 1241.2
1368310 1241.2
1368320 1242.5
1368330 1249.2
1368340 1249.2
1368350 1257.5
1368360 1264.7
1368370 1264.7
1368380 1269.2
1368390 1269.8
1368400 1269.8
1368410 1270.8
1368420 1275.7
1368430 1275.7
1368440 1283.2
1368450 1289.6
1368460 1289.6
1368470 1289.4
1368480 1287.3
1368490 1287.3
1368500 1289.7
1368510 1294.5
1368520 1294.5
1368530 1300.6
1368540 1306.7
1368550 1306.7
1368560 1312.7
1368570 1318.0
1368580 1322.8
1368590 1322.8
1368600 1327.3
1368610 1331.6
1368620 1331.6
1368630 1334.1
1368640 1337.9
1368650 1337.9
1368660 1341.5
1368670 1344.9
1368680 1344.9
1368690 1338.1
1368700 1345.6
1368710 1345.6
1368720 1354.6
1368730 1361.7
1368740 1361.7
1368750 1368.3
1368760 1372.5
1368770 1372.5
1368780 1375.5
1368790 1385.0
1368800 1385.0
1368810 1391.0
1368820 1393.1
1368830 1393.1
1368840 1395.2
1368850 1392.9
1368860 1392.9
1368870 1391.8
1368880 1392.2
1368890 1392.2
1368900 1393.3
1368910 1399.9
1368920 1399.9
1368930 1408.0
1368940 1418.7
1368950 1426.9
1368960 1426.9
1368970 1433.3
1368980 1439.7
1368990 1439.7
1369000 1446.2
1369010 1453.3
1369020 1453.3
1369030 1461.3
1369040 1467.1
1369050 1467.1
1369060 1471.6
1369070 1472.9
1369080 1472.9
1369090 1468.6
1369100 1466.2
1369110 1466.2
1369120 1466.9
1369130 1467.2
1369140 1467.2
1369150 1465.5
1369160 1464.5
1369170 1464.5
1369180 1465.2
1369190 1466.9
1369200 1466.9
1369210 1470.3
1369220 1475.0
1369230 1475.0
1369240 1480.1
1369250 1485.6
1369260 1485.6
1369270 1491.2
1369280 1496.1
1369290 1496.1
1369300 1499.7
1369310 1502.9
1369320 1502.9
1369330 1505.5
1369340 1508.5
1369350 1510.7
1369360 1510.7
1369370 1513.1
1369380 1519.1
1369390 1519.1
1369400 1523.5
1369410 1527.8
1369420 1527.8
1369430 1534.0
1369440 1539.2
1369450 1539.2
1369460 1543.4
1369470 1547.1
1369480 1547.1
1369490 1551.0
1369500 1555.6
1369510 1555.6
1369520 1560.4
1369530 1564.6
1369540 1564.6
1369550 1568.1
1369560 1573.6
1369570 1573.6
1369580 1579.1
1369590 1583.7
1369600 1583.7
1369610 1588.0
1369620 1593.8
1369630 1593.8
1369640 1599.6
1369650 1605.1
1369660 1605.1
1369670 1611.6
1369680 1618.3
1369690 1618.3
1369700 1624.1
1369710 1627.5
1369720 1630.1
1369730 1630.1
1369740 1634.1
1369750 1640.6
1369760 1640.6
1369770 1648.8
1369780 1656.7
1369790 1656.7
1369800 1655.5
1369810 1658.2
1369820 1658.2
1369830 1660.6
1369840 1665.4
1369850 1665.4
1369860 1669.2
1369870 1672.0
1369880 1672.0
1369890 1673.5
1369900 1679.4
1369910 1679.4
1369920 1684.6
1369930 1688.3
1369940 1688.3
1369950 1694.0
1369960 1700.4
1369970 1700.4
1369980 1704.7
1369990 1708.3
1370000 1708.3
1370010 1713.5
1370020 1720.6
1370030 1720.6
1370040 1726.9
1370050 1729.5
1370060 1729.5
1370070 1731.9
1370080 1739.1
1370090 1750.7
1370100 1750.7
1370110 1761.5
1370120 1773.3
1370130 1773.3
1370140 1786.0
1370150 1791.2
1370160 1791.2
1370170 1792.1
1370180 1787.4
1370190 1787.4
1370200 1776.6
1370210 1767.6
1370220 1767.6
1370230 1757.5
1370240 1742.7
1370250 1742.7
1370260 1728.8
1370270 1719.0
1370280 1719.0
1370290 1710.3
1370300 1702.0
1370310 1702.0
1370320 1694.9
1370330 1690.7
1370340 1690.7
1370350 1686.3
1370360 1680.6
1370370 1680.6
1370380 1677.3
1370390 1678.3
1370400 1678.3
1370410 1679.1
1370420 1674.6
1370430 1674.6
1370440 1659.4
1370450 1652.3
1370460 1646.7
1370470 1646.7
1370480 1641.2
1370490 1635.0
1370500 1635.0
1370510 1625.9
1370520 1615.8
1370530 1615.8
1370540 1608.9
1370550 1602.5
1370560 1602.5
1370570 1595.3
1370580 1586.9
1370590 1586.9
1370600 1574.5
1370610 1560.3
1370620 1560.3
1370630 1547.8
1370640 1542.1
1370650 1542.1
1370660 1533.0
1370670 1523.6
1370680 1523.6
1370690 1516.3
1370700 1518.1
1370710 1518.1
1370720 1524.0
1370730 1532.4
1370740 1532.4
1370750 1539.5
1370760 1542.6
1370770 1542.6
1370780 1545.3
1370790 1548.8
1370800 1548.8
1370810 1552.9
1370820 1556.4
1370830 1556.4
1370840 1560.2
1370850 1564.4
1370860 1565.1
1370870 1565.1
1370880 1560.7
1370890 1556.6
1370900 1556.6
1370910 1549.4
1370920 1519.8
1370930 1510.4
1370940 1485.1
1370950 1465.7
1370960 1465.7
1370970 1439.6
1370980 1419.0
1370990 1419.0
1371000 1407.0
1371010 1400.2
1371020 1400.2
1371030 1392.1
1371040 1390.7
1371050 1390.7
1371060 1389.3
1371070 1379.3
1371080 1379.3
1371090 1371.7
1371100 1360.8
1371110 1360.8
1371120 1335.4
1371130 1308.1
1371140 1308.1
1371150 1300.0
1371160 1313.3
1371170 1313.3
1371180 1332.3
1371190 1340.6
1371200 1340.6
1371210 1345.9
1371220 1344.5
1371230 1339.8
1371240 1339.8
1371250 1339.7
1371260 1339.3
1371270 1339.3
1371280 1338.5
1371290 1326.7
1371300 1326.7
1371310 1315.4
1371320 1316.4
1371330 1316.4
1371340 1314.6
1371350 1308.2
1371360 1308.2
1371370 1312.1
1371380 1316.5
1371390 1316.5
1371400 1319.3
1371410 1311.7
1371420 1311.7
1371430 1296.2
1371440 1285.4
1371450 1285.4
1371460 1283.7
1371470 1285.3
1371480 1285.3
1371490 1282.8
1371500 1276.2
1371510 1276.2
1371520 1262.8
1371530 1249.7
1371540 1249.7
1371550 1239.7
1371560 1217.1
1371570 1217.1
1371580 1206.7
1371590 1209.2
1371600 1209.7
1371610 1209.7
1371620 1206.6
1371630 1202.2
1371640 1202.2
1371650 1197.4
1371660 1191.1
1371670 1191.1
1371680 1185.3
1371690 1180.4
1371700 1180.4
1371710 1177.2
1371720 1173.1
1371730 1173.1
1371740 1170.8
1371750 1168.5
1371760 1168.5
1371770 1163.2
1371780 1156.3
1371790 1156.3
1371800 1152.2
1371810 1148.8
1371820 1148.8
1371830 1147.0
1371840 1145.7
1371850 1145.7
1371860 1142.8
1371870 1139.0
1371880 1139.0
1371890 1134.1
1371900 1128.7
1371910 1128.7
1371920 1124.8
1371930 1122.9
1371940 1122.9
1371950 1121.6
1371960 1118.5
1371970 1113.8
1371980 1113.8
1371990 1107.0
1372000 1101.2
1372010 1101.2
1372020 1094.6
1372030 1085.0
1372040 1085.0
1372050 1069.0
1372060 1061.6
1372070 1061.6
1372080 1051.6
1372090 1053.2
1372100 1053.2
1372110 1060.9
1372120 1067.7
1372130 1067.7
1372140 1074.0
1372150 1082.4
1372160 1082.4
1372170 1089.7
1372180 1093.2
1372190 1093.2
1372200 1094.4
1372210 1094.2
1372220 1094.2
1372230 1093.5
1372240 1092.8
1372250 1092.8
1372260 1091.9
1372270 1091.2
1372280 1091.2
1372290 1091.0
1372300 1090.8
1372310 1090.8
1372320 1089.4
1372330 1087.3
1372340 1087.3
1372350 1086.0
1372360 1084.1
1372370 1081.1
1372380 1081.1
1372390 1079.7
1372400 1078.8
1372410 1078.8
1372420 1075.6
1372430 1071.5
1372440 1071.5
1372450 1066.2
1372460 1060.4
1372470 1060.4
1372480 1053.5
1372490 1045.8
1372500 1045.8
1372510 1037.9
1372520 1030.9
1372530 1030.9
1372540 1029.2
1372550 1032.6
1372560 1032.6
1372570 1037.5
1372580 1041.5
1372590 1041.5
1372600 1041.9
1372610 1039.8
1372620 1039.8
1372630 1041.2
1372640 1041.1
1372650 1041.1
1372660 1040.0
1372670 1038.7
1372680 1038.7
1372690 1038.3
1372700 1037.3
1372710 1037.3
1372720 1034.7
1372730 1032.4
1372740 1033.2
1372750 1033.2
1372760 1033.1
1372770 1031.7
1372780 1031.7
1372790 1027.6
1372800 1021.6
1372810 1021.6
1372820 1015.5
1372830 1009.1
1372840 1009.1
1372850 1010.5
1372860 1010.9
1372870 1010.9
1372880 1010.4
1372890 1011.2
1372900 1011.2
1372910 1013.1
1372920 1012.9
1372930 1012.9
1372940 1011.3
1372950 1008.0
1372960 1008.0
1372970 1004.6
1372980 1003.0
1372990 1003.0
1373000 1002.3
1373010 1002.0
1373020 1002.0
1373030 1000.3
1373040 995.3
1373050 995.3
1373060 988.7
1373070 983.2
1373080 983.2
1373090 979.6
1373100 977.7
1373110 977.5
1373120 977.5
1373130 978.3
1373140 977.9
1373150 977.9
1373160 976.1
1373170 973.6
1373180 973.6
1373190 971.7
1373200 969.3
1373210 965.3
1373220 962.4
1373230 957.5
1373240 957.5
1373250 952.8
1373260 946.9
1373270 946.9
1373280 939.8
1373290 934.6
1373300 934.6
1373310 940.2
1373320 943.8
1373330 943.8
1373340 946.5
1373350 949.0
1373360 949.0
1373370 948.5
1373380 945.9
1373390 945.9
1373400 943.1
1373410 940.6
1373420 940.6
1373430 938.1
1373440 934.9
1373450 934.9
1373460 931.6
1373470 928.2
1373480 923.9
1373490 923.9
1373500 921.1
1373510 919.1
1373520 919.1
1373530 917.2
1373540 915.6
1373550 915.6
1373560 913.3
1373570 911.2
1373580 911.2
1373590 909.5
1373600 907.9
1373610 907.9
1373620 907.8
1373630 907.6
1373640 907.6
1373650 907.6
1373660 907.6
1373670 907.6
1373680 907.6
1373690 907.6
1373700 907.6
1373710 908.5
1373720 908.2
1373730 908.2
1373740 907.1
1373750 905.3
1373760 905.3
1373770 904.9
1373780 904.6
1373790 904.6
1373800 903.0
1373810 902.6
1373820 902.6
1373830 902.3
1373840 901.4
1373850 901.4
1373860 901.2
1373870 900.1
1373880 899.0
1373890 899.0
1373900 897.8
1373910 896.5
1373920 896.5
1373930 895.4
1373940 894.0
1373950 894.0
1373960 892.2
1373970 890.7
1373980 890.7
1373990 889.4
1374000 887.7
1374010 887.7
1374020 886.3
1374030 884.4
1374040 884.4
1374050 882.3
1374060 880.1
1374070 880.1
1374080 880.4
1374090 880.8
1374100 880.8
1374110 880.2
1374120 879.5
1374130 879.5
1374140 878.6
1374150 877.7
1374160 877.7
1374170 878.1
1374180 877.7
1374190 877.7
1374200 876.7
1374210 875.3
1374220 875.3
1374230 874.0
1374240 872.9
1374250 871.6
1374260 871.6
1374270 870.5
1374280 869.4
1374290 869.4
1374300 867.3
1374310 864.9
1374320 864.9
1374330 863.8
1374340 862.8
1374350 862.8
1374360 860.5
1374370 859.6
1374380 859.6
1374390 858.9
1374400 858.2
1374410 858.2
1374420 857.8
1374430 857.4
1374440 857.4
1374450 857.0
1374460 856.6
1374470 856.6
1374480 856.1
1374490 855.5
1374500 855.5
1374510 855.0
1374520 854.4
1374530 854.4
1374540 853.7
1374550 852.9
1374560 852.9
1374570 852.3
1374580 851.3
1374590 851.3
1374600 849.5
1374610 850.3
1374620 851.6
1374630 851.6
1374640 851.3
1374650 851.1
1374660 851.1
1374670 853.1
1374680 856.0
1374690 856.0
1374700 858.0
1374710 860.8
1374720 860.8
1374730 863.4
1374740 864.7
1374750 864.7
1374760 865.9
1374770 867.0
1374780 867.0
1374790 867.9
1374800 869.9
1374810 869.9
1374820 870.7
1374830 872.1
1374840 872.1
1374850 873.0
1374860 873.4
1374870 873.4
1374880 874.4
1374890 874.6
1374900 874.6
1374910 875.2
1374920 875.2
1374930 875.2
1374940 873.7
1374950 872.5
1374960 872.5
1374970 871.9
1374980 869.7
1374990 868.3
1375000 868.3
1375010 866.9
1375020 865.0
1375030 865.0
1375040 863.8
1375050 862.8
1375060 862.8
1375070 862.2
1375080 862.3
1375090 862.3
1375100 862.4
1375110 862.1
1375120 862.1
1375130 861.6
1375140 860.8
1375150 860.8
1375160 860.3
1375170 859.2
1375180 859.2
1375190 857.7
1375200 858.5
1375210 858.5
1375220 858.7
1375230 858.3
1375240 858.3
1375250 858.2
1375260 858.9
1375270 858.9
1375280 859.1
1375290 862.5
1375300 862.5
1375310 861.2
1375320 853.6
1375330 853.6
1375340 848.1
1375350 845.8
1375360 845.8
1375370 845.0
1375380 843.1
1375390 841.6
1375400 841.6
1375410 840.1
1375420 838.2
1375430 838.2
1375440 837.2
1375450 835.8
1375460 835.8
1375470 832.5
1375480 829.6
1375490 829.6
1375500 826.9
1375510 824.1
1375520 824.1
1375530 821.8
1375540 819.3
1375550 819.3
1375560 817.1
1375570 816.7
1375580 816.7
1375590 817.4
1375600 816.8
1375610 816.8
1375620 815.0
1375630 812.0
1375640 812.0
1375650 809.0
1375660 807.5
1375670 807.5
1375680 807.2
1375690 806.8
1375700 806.8
1375710 805.5
1375720 804.5
1375730 804.5
1375740 803.9
1375750 803.2
1375760 802.7
1375770 802.7
1375780 802.3
1375790 801.9
1375800 801.9
1375810 801.5
1375820 801.3
1375830 801.3
1375840 802.2
1375850 805.0
1375860 805.0
1375870 806.9
1375880 806.8
1375890 806.8
1375900 804.8
1375910 804.3
1375920 804.3
1375930 804.3
1375940 807.2
1375950 807.2
1375960 809.2
1375970 808.0
1375980 808.0
1375990 807.5
1376000 807.0
1376010 807.0
1376020 803.7
1376030 800.3
1376040 800.3
1376050 798.3
1376060 797.7
1376070 797.7
1376080 796.7
1376090 794.6
1376100 794.6
1376110 792.0
1376120 790.5
1376130 789.5
1376140 789.5
1376150 788.6
1376160 787.7
1376170 787.7
1376180 787.0
1376190 786.5
1376200 786.5
1376210 786.6
1376220 786.5
1376230 786.5
1376240 786.4
1376250 786.2
1376260 786.2
1376270 786.1
1376280 787.8
1376290 787.8
1376300 790.7
1376310 792.5
1376320 792.5
1376330 793.6
1376340 793.6
1376350 793.6
1376360 793.6
1376370 793.9
1376380 793.9
1376390 793.5
1376400 792.2
1376410 792.2
1376420 789.9
1376430 788.1
1376440 788.1
1376450 786.5
1376460 785.3
1376470 785.3
1376480 783.2
1376490 781.8
1376500 780.8
1376510 780.8
1376520 779.8
1376530 779.2
1376540 779.2
1376550 778.7
1376560 777.6
1376570 777.6
1376580 776.9
1376590 776.6
1376600 776.6
1376610 776.3
1376620 775.9
1376630 775.9
1376640 775.7
1376650 776.5
1376660 776.5
1376670 778.6
1376680 781.7
1376690 781.7
1376700 785.6
1376710 786.8
1376720 786.8
1376730 791.5
1376740 792.9
1376750 792.9
1376760 794.5
1376770 795.2
1376780 795.2
1376790 797.0
1376800 798.9
1376810 798.9
1376820 799.0
1376830 799.3
1376840 799.3
1376850 800.7
1376860 804.3
1376870 804.3
1376880 807.9
1376890 807.6
1376900 805.4
1376910 805.4
1376920 806.3
1376930 808.5
1376940 808.5
1376950 815.0
1376960 819.8
1376970 819.8
1376980 822.8
1376990 825.0
1377000 825.0
1377010 823.8
1377020 821.5
1377030 821.5
1377040 822.6
1377050 826.7
1377060 826.7
1377070 831.9
1377080 838.5
1377090 838.5
1377100 844.0
1377110 845.9
1377120 845.9
1377130 848.5
1377140 850.4
1377150 850.4
1377160 851.8
1377170 853.7
1377180 853.7
1377190 854.9
1377200 853.6
1377210 853.6
1377220 849.6
1377230 854.0
1377240 854.0
1377250 861.0
1377260 865.3
1377270 867.6
1377280 867.6
1377290 868.9
1377300 872.4
1377310 872.4
1377320 872.7
1377330 869.0
1377340 869.0
1377350 863.0
1377360 859.4
1377370 859.4
1377380 863.7
1377390 867.0
1377400 867.0
1377410 865.4
1377420 870.0
1377430 870.0
1377440 879.7
1377450 887.9
1377460 887.9
1377470 895.2
1377480 904.0
1377490 904.0
1377500 909.3
1377510 910.7
1377520 910.7
1377530 909.6
1377540 909.0
1377550 909.0
1377560 911.4
1377570 911.6
1377580 911.6
1377590 909.8
1377600 912.4
1377610 912.4
1377620 915.2
1377630 919.9
1377640 922.8
1377650 922.8
1377660 923.9
1377670 925.0
1377680 925.0
1377690 926.0
1377700 926.1
1377710 926.1
1377720 925.8
1377730 925.5
1377740 925.5
1377750 925.7
1377760 926.0
1377770 926.0
1377780 926.0
1377790 924.7
1377800 924.7
1377810 922.3
1377820 919.7
1377830 919.7
1377840 916.4
1377850 913.6
1377860 913.6
1377870 911.9
1377880 910.7
1377890 910.7
1377900 908.9
1377910 903.1
1377920 903.1
1377930 900.3
1377940 897.8
1377950 897.8
1377960 895.5
1377970 893.1
1377980 893.1
1377990 890.1
1378000 886.5
1378010 883.9
1378020 883.9
1378030 881.3
1378040 879.0
1378050 879.0
1378060 876.1
1378070 872.4
1378080 872.4
1378090 868.1
1378100 863.8
1378110 863.8
1378120 859.0
1378130 855.5
1378140 855.5
1378150 855.5
1378160 856.8
1378170 856.8
1378180 859.5
1378190 858.9
1378200 858.9
1378210 856.8
1378220 854.0
1378230 854.0
1378240 850.7
1378250 849.7
1378260 849.7
1378270 850.6
1378280 850.3
1378290 850.3
1378300 850.6
1378310 850.9
1378320 850.9
1378330 850.5
1378340 852.1
1378350 852.1
1378360 853.8
1378370 847.7
1378380 847.7
1378390 837.4
1378400 819.7
1378410 802.3
1378420 802.3
1378430 793.0
1378440 783.2
1378450 783.2
1378460 774.2
1378470 766.0
1378480 766.0
1378490 757.7
1378500 749.6
1378510 749.6
1378520 741.5
1378530 733.8
1378540 733.8
1378550 726.4
1378560 722.7
1378570 722.7
1378580 722.2
1378590 722.2
1378600 722.2
1378610 722.1
1378620 722.0
1378630 722.0
1378640 722.1
1378650 722.1
1378660 722.1
1378670 722.2
1378680 722.2
1378690 722.2
1378700 722.2
1378710 722.2
1378720 722.2
1378730 722.1
1378740 722.0
1378750 722.0
1378760 721.3
1378770 718.0
1378780 717.0
1378790 717.0
1378800 716.2
1378810 714.4
1378820 714.4
1378830 713.4
1378840 713.4
1378850 713.4
1378860 713.2
1378870 713.5
1378880 713.5
1378890 714.6
1378900 716.4
1378910 716.4
1378920 717.5
1378930 717.4
1378940 717.4
1378950 717.9
1378960 718.6
1378970 718.6
1378980 718.6
1378990 718.4
1379000 718.4
1379010 718.6
1379020 718.7
1379030 718.7
1379040 718.7
1379050 719.1
1379060 719.1
1379070 719.4
1379080 719.1
1379090 719.1
1379100 718.9
1379110 718.4
1379120 718.4
1379130 718.4
1379140 718.3
1379150 718.2
1379160 718.2
1379170 718.0
1379180 717.7
1379190 717.7
1379200 716.3
1379210 715.8
1379220 715.8
1379230 715.8
1379240 715.8
1379250 715.8
1379260 715.8
1379270 715.8
1379280 715.8
1379290 715.8
1379300 715.8
1379310 715.8
1379320 715.9
1379330 715.7
1379340 715.7
1379350 715.1
1379360 715.1
1379370 715.1
1379380 715.1
1379390 715.2
1379400 715.2
1379410 715.2
1379420 715.2
1379430 715.2
1379440 715.3
1379450 715.8
1379460 715.8
1379470 719.1
1379480 724.3
1379490 724.3
1379500 726.5
1379510 726.1
1379520 726.1
1379530 726.3
1379540 730.4
1379550 734.9
1379560 734.9
1379570 739.4
1379580 744.0
1379590 744.0
1379600 746.3
1379610 749.5
1379620 749.5
1379630 753.7
1379640 757.9
1379650 757.9
1379660 763.8
1379670 770.1
1379680 770.1
1379690 776.1
1379700 781.1
1379710 781.1
1379720 786.4
1379730 792.1
1379740 792.1
1379750 795.8
1379760 799.9
1379770 799.9
1379780 803.4
1379790 806.1
1379800 806.1
1379810 808.3
1379820 809.3
1379830 809.3
1379840 810.0
1379850 811.1
1379860 811.1
1379870 812.3
1379880 814.6
1379890 814.6
1379900 816.1
1379910 815.5
1379920 814.1
1379930 814.1
1379940 812.6
1379950 811.1
1379960 811.1
1379970 809.6
1379980 808.3
1379990 808.3
