1360000 922.5
1360010 922.5
1360020 921.0
1360030 914.2
1360040 914.2
1360050 905.0
1360060 896.5
1360070 896.5
1360080 889.1
1360090 883.6
1360100 883.6
1360110 880.8
1360120 877.2
1360130 877.2
1360140 877.8
1360150 884.2
1360160 884.2
1360170 886.6
1360180 891.5
1360190 891.5
1360200 900.2
1360210 907.0
1360220 907.0
1360230 911.1
1360240 911.1
1360250 911.1
1360260 916.3
1360270 917.2
1360280 917.2
1360290 919.7
1360300 922.8
1360310 922.8
1360320 926.2
1360330 932.5
1360340 932.5
1360350 938.7
1360360 945.0
1360370 945.1
1360380 945.1
1360390 940.5
1360400 947.8
1360410 947.8
1360420 953.4
1360430 952.8
1360440 952.8
1360450 954.8
1360460 949.0
1360470 949.0
1360480 951.4
1360490 943.5
1360500 943.5
1360510 931.8
1360520 926.5
1360530 926.5
1360540 922.6
1360550 919.1
1360560 919.1
1360570 916.0
1360580 921.2
1360590 921.2
1360600 916.9
1360610 917.5
1360620 917.5
1360630 922.5
1360640 927.8
1360650 927.8
1360660 937.5
1360670 958.6
1360680 958.6
1360690 971.2
1360700 975.4
1360710 975.4
1360720 969.0
1360730 961.8
1360740 964.3
1360750 964.3
1360760 973.7
1360770 983.1
1360780 983.1
1360790 994.3
1360800 1006.9
1360810 1006.9
1360820 1016.8
1360830 1024.4
1360840 1024.4
1360850 1031.1
1360860 1036.9
1360870 1036.9
1360880 1040.9
1360890 1041.0
1360900 1041.0
1360910 1041.5
1360920 1042.8
1360930 1042.8
1360940 1042.9
1360950 1039.7
1360960 1039.7
1360970 1037.1
1360980 1040.6
1360990 1040.6
1361000 1039.8
1361010 1036.0
1361020 1036.0
1361030 1036.1
1361040 1041.4
1361050 1041.4
1361060 1048.4
1361070 1052.4
1361080 1052.4
1361090 1057.3
1361100 1064.3
1361110 1075.4
1361120 1075.4
1361130 1087.3
1361140 1095.1
1361150 1095.1
1361160 1103.0
1361170 1105.3
1361180 1105.3
1361190 1108.1
1361200 1108.5
1361210 1108.5
1361220 1111.5
1361230 1112.2
1361240 1112.2
1361250 1115.2
1361260 1118.5
1361270 1118.5
1361280 1123.3
1361290 1121.8
1361300 1121.8
1361310 1123.1
1361320 1122.2
1361330 1122.2
1361340 1120.9
1361350 1118.7
1361360 1118.7
1361370 1114.0
1361380 1111.3
1361390 1111.3
1361400 1115.7
1361410 1114.0
1361420 1114.0
1361430 1108.6
1361440 1103.3
1361450 1103.3
1361460 1097.1
1361470 1091.3
1361480 1091.3
1361490 1089.8
1361500 1088.2
1361510 1085.9
1361520 1085.9
1361530 1083.2
1361540 1082.0
1361550 1082.0
1361560 1082.1
1361570 1079.6
1361580 1079.6
1361590 1073.1
1361600 1063.8
1361610 1063.8
1361620 1060.1
1361630 1064.3
1361640 1064.3
1361650 1067.9
1361660 1073.8
1361670 1073.8
1361680 1080.5
1361690 1079.5
1361700 1079.5
1361710 1081.8
1361720 1088.7
1361730 1088.7
1361740 1091.6
1361750 1092.4
1361760 1092.4
1361770 1093.0
1361780 1093.1
1361790 1093.1
1361800 1089.9
1361810 1086.6
1361820 1086.6
1361830 1089.3
1361840 1089.3
1361850 1089.3
1361860 1083.6
1361870 1084.5
1361880 1083.9
1361890 1083.9
1361900 1087.9
1361910 1096.6
1361920 1096.6
1361930 1102.1
1361940 1105.7
1361950 1105.7
1361960 1108.4
1361970 1110.5
1361980 1110.5
1361990 1111.8
1362000 1113.0
1362010 1113.0
1362020 1114.8
1362030 1116.2
1362040 1116.2
1362050 1115.8
1362060 1111.0
1362070 1111.0
1362080 1105.8
1362090 1101.6
1362100 1101.6
1362110 1097.7
1362120 1098.0
1362130 1098.0
1362140 1100.6
1362150 1104.5
1362160 1104.5
1362170 1105.7
1362180 1104.5
1362190 1104.5
1362200 1103.3
1362210 1101.4
1362220 1101.4
1362230 1100.1
1362240 1100.8
1362250 1101.3
1362260 1101.3
1362270 1100.2
1362280 1098.3
1362290 1098.3
1362300 1095.5
1362310 1093.2
1362320 1093.2
1362330 1091.0
1362340 1088.6
1362350 1088.6
1362360 1086.6
1362370 1084.2
1362380 1084.2
1362390 1081.8
1362400 1080.1
1362410 1080.1
1362420 1078.3
1362430 1075.5
1362440 1075.5
1362450 1074.2
1362460 1074.3
1362470 1074.3
1362480 1067.9
1362490 1057.8
1362500 1057.8
1362510 1049.3
1362520 1041.8
1362530 1041.8
1362540 1034.9
1362550 1027.7
1362560 1027.7
1362570 1020.7
1362580 1014.1
1362590 1014.1
1362600 1007.6
1362610 1001.4
1362620 1001.4
1362630 994.7
1362640 984.3
1362650 969.1
1362660 967.7
1362670 957.3
1362680 949.2
1362690 949.2
1362700 937.9
1362710 920.5
1362720 920.5
1362730 905.6
1362740 892.1
1362750 892.1
1362760 889.4
1362770 889.0
1362780 889.0
1362790 900.1
1362800 916.3
1362810 916.3
1362820 926.8
1362830 936.5
1362840 936.5
1362850 939.3
1362860 941.6
1362870 941.6
1362880 946.6
1362890 948.6
1362900 948.6
1362910 949.2
1362920 948.2
1362930 948.2
1362940 942.6
1362950 939.2
1362960 939.2
1362970 938.4
1362980 939.6
1362990 939.6
1363000 942.3
1363010 943.3
1363020 946.5
1363030 946.5
1363040 954.6
1363050 962.1
1363060 962.1
1363070 967.3
1363080 971.2
1363090 971.2
1363100 975.0
1363110 977.2
1363120 977.2
1363130 977.4
1363140 976.2
1363150 976.2
1363160 974.3
1363170 973.7
1363180 973.7
1363190 973.0
1363200 971.6
1363210 971.6
1363220 970.4
1363230 968.8
1363240 968.8
1363250 967.1
1363260 965.5
1363270 965.5
1363280 963.9
1363290 961.7
1363300 961.7
1363310 959.6
1363320 958.2
1363330 958.2
1363340 956.7
1363350 954.4
1363360 954.4
1363370 951.6
1363380 948.5
1363390 945.8
1363400 945.8
1363410 944.2
1363420 942.5
1363430 942.5
1363440 940.1
1363450 937.6
1363460 937.6
1363470 935.1
1363480 932.9
1363490 932.9
1363500 930.7
1363510 928.0
1363520 928.0
1363530 925.7
1363540 923.3
1363550 923.3
1363560 920.9
1363570 918.9
1363580 918.9
1363590 917.9
1363600 916.2
1363610 916.2
1363620 912.6
1363630 908.8
1363640 908.8
1363650 905.2
1363660 901.3
1363670 901.3
1363680 897.3
1363690 892.9
1363700 892.9
1363710 888.0
1363720 879.0
1363730 879.0
1363740 872.6
1363750 866.6
1363760 866.6
1363770 860.8
1363780 853.8
1363790 838.8
1363800 838.8
1363810 823.3
1363820 817.0
1363830 817.0
1363840 811.9
1363850 805.4
1363860 805.4
1363870 799.6
1363880 798.5
1363890 798.5
1363900 796.3
1363910 790.0
1363920 790.0
1363930 781.5
1363940 775.5
1363950 775.5
1363960 781.5
1363970 788.7
1363980 788.7
1363990 793.8
1364000 797.6
1364010 797.6
1364020 797.1
1364030 801.8
1364040 801.8
1364050 808.0
1364060 814.3
1364070 814.3
1364080 815.6
1364090 819.2
1364100 819.2
1364110 827.3
1364120 833.8
1364130 833.8
1364140 834.2
1364150 833.7
1364160 834.4
1364170 834.4
1364180 833.3
1364190 831.9
1364200 831.9
1364210 825.5
1364220 814.7
1364230 814.7
1364240 802.6
1364250 791.9
1364260 791.9
1364270 783.1
1364280 775.8
1364290 775.8
1364300 767.7
1364310 760.7
1364320 760.7
1364330 755.1
1364340 748.5
1364350 748.5
1364360 741.8
1364370 736.8
1364380 736.8
1364390 733.3
1364400 731.8
1364410 731.8
1364420 731.2
1364430 732.7
1364440 732.7
1364450 735.4
1364460 738.5
1364470 738.5
1364480 742.1
1364490 745.7
1364500 745.7
1364510 747.6
1364520 750.6
1364530 754.1
1364540 754.1
1364550 758.5
1364560 763.2
1364570 763.2
1364580 767.6
1364590 771.7
1364600 771.7
1364610 774.8
1364620 777.9
1364630 777.9
1364640 780.6
1364650 783.4
1364660 783.4
1364670 786.5
1364680 791.0
1364690 791.0
1364700 794.2
1364710 793.7
1364720 793.7
1364730 792.0
1364740 792.0
1364750 792.0
1364760 793.5
1364770 792.2
1364780 792.2
1364790 781.0
1364800 780.9
1364810 780.9
1364820 781.6
1364830 780.2
1364840 780.2
1364850 778.9
1364860 779.1
1364870 779.1
1364880 778.7
1364890 778.5
1364900 778.5
1364910 777.6
1364920 776.7
1364930 775.8
1364940 775.8
1364950 770.2
1364960 763.9
1364970 763.9
1364980 750.2
1364990 749.1
1365000 749.1
1365010 755.6
1365020 762.9
1365030 762.9
1365040 775.5
1365050 779.1
1365060 779.1
1365070 781.7
1365080 785.4
1365090 785.4
1365100 789.9
1365110 792.9
1365120 792.9
1365130 794.8
1365140 800.1
1365150 800.1
1365160 805.2
1365170 809.0
1365180 809.0
1365190 812.0
1365200 815.8
1365210 815.8
1365220 817.7
1365230 816.7
1365240 816.7
1365250 819.3
1365260 820.7
1365270 820.7
1365280 821.5
1365290 822.7
1365300 824.6
1365310 824.6
1365320 825.4
1365330 824.9
1365340 824.9
1365350 825.2
1365360 826.2
1365370 826.2
1365380 827.5
1365390 829.2
1365400 829.2
1365410 829.5
1365420 829.8
1365430 829.8
1365440 830.5
1365450 831.3
1365460 831.3
1365470 831.3
1365480 831.3
1365490 831.3
1365500 833.9
1365510 839.0
1365520 839.0
1365530 844.7
1365540 848.0
1365550 848.0
1365560 848.7
1365570 850.3
1365580 850.3
1365590 851.9
1365600 852.2
1365610 852.2
1365620 852.7
1365630 855.2
1365640 855.2
1365650 857.6
1365660 859.0
1365670 860.5
1365680 860.5
1365690 862.2
1365700 863.5
1365710 863.5
1365720 864.7
1365730 866.1
1365740 866.1
1365750 868.3
1365760 869.7
1365770 869.7
1365780 871.5
1365790 873.5
1365800 873.5
1365810 875.1
1365820 876.4
1365830 876.4
1365840 877.7
1365850 879.4
1365860 874.1
1365870 875.8
1365880 877.2
1365890 877.2
1365900 879.8
1365910 883.3
1365920 883.3
1365930 887.4
1365940 891.1
1365950 891.1
1365960 893.9
1365970 895.5
1365980 895.5
1365990 895.3
1366000 895.7
1366010 895.7
1366020 895.4
1366030 896.8
1366040 896.8
1366050 898.1
1366060 899.5
1366070 901.1
1366080 901.1
1366090 902.1
1366100 902.2
1366110 902.2
1366120 904.0
1366130 907.2
1366140 907.2
1366150 909.5
1366160 911.0
1366170 911.0
1366180 912.9
1366190 916.3
1366200 916.3
1366210 919.5
1366220 922.1
1366230 922.1
1366240 924.5
1366250 927.1
1366260 927.1
1366270 929.6
1366280 931.7
1366290 931.7
1366300 933.6
1366310 935.0
1366320 935.0
1366330 935.9
1366340 937.7
1366350 937.7
1366360 939.3
1366370 940.9
1366380 940.9
1366390 942.4
1366400 944.0
1366410 944.0
1366420 946.5
1366430 949.0
1366440 951.4
1366450 951.4
1366460 954.2
1366470 957.3
1366480 957.3
1366490 960.4
1366500 963.7
1366510 963.7
1366520 967.0
1366530 970.0
1366540 970.0
1366550 972.7
1366560 976.0
1366570 976.0
1366580 979.4
1366590 982.8
1366600 982.8
1366610 986.4
1366620 990.1
1366630 990.1
1366640 994.0
1366650 998.9
1366660 998.9
1366670 1003.9
1366680 1008.7
1366690 1008.7
1366700 1013.1
1366710 1017.3
1366720 1017.3
1366730 1021.0
1366740 1024.0
1366750 1024.0
1366760 1026.9
1366770 1030.0
1366780 1030.0
1366790 1033.8
1366800 1037.4
1366810 1040.3
1366820 1040.3
1366830 1043.4
1366840 1046.9
1366850 1046.9
1366860 1050.9
1366870 1055.2
1366880 1055.2
1366890 1059.7
1366900 1064.1
1366910 1064.1
1366920 1068.6
1366930 1073.2
1366940 1073.0
1366950 1077.0
1366960 1081.1
1366970 1081.1
1366980 1085.5
1366990 1090.8
1367000 1090.8
1367010 1096.1
1367020 1101.3
1367030 1101.3
1367040 1106.9
1367050 1113.1
1367060 1113.1
1367070 1119.8
1367080 1126.4
1367090 1126.4
1367100 1133.0
1367110 1139.5
1367120 1139.5
1367130 1145.5
1367140 1150.0
1367150 1150.0
1367160 1150.8
1367170 1155.1
1367180 1155.1
1367190 1160.6
1367200 1165.5
1367210 1169.4
1367220 1169.4
1367230 1171.3
1367240 1172.8
1367250 1172.8
1367260 1176.6
1367270 1180.7
1367280 1180.7
1367290 1182.6
1367300 1180.5
1367310 1180.5
1367320 1175.9
1367330 1174.4
1367340 1174.4
1367350 1169.1
1367360 1162.0
1367370 1162.0
1367380 1158.0
1367390 1159.0
1367400 1159.0
1367410 1161.1
1367420 1164.8
1367430 1164.8
1367440 1165.8
1367450 1166.8
1367460 1166.8
1367470 1166.5
1367480 1166.7
1367490 1166.7
1367500 1169.7
1367510 1177.1
1367520 1177.1
1367530 1184.5
1367540 1192.2
1367550 1192.2
1367560 1198.0
1367570 1203.9
1367580 1209.5
1367590 1209.5
1367600 1213.4
1367610 1216.4
1367620 1216.4
1367630 1217.5
1367640 1221.1
1367650 1221.1
1367660 1226.4
1367670 1232.7
1367680 1232.7
1367690 1239.0
1367700 1244.8
1367710 1244.8
1367720 1250.3
1367730 1256.7
1367740 1256.7
1367750 1262.6
1367760 1266.6
1367770 1266.6
1367780 1269.3
1367790 1271.9
1367800 1271.9
1367810 1273.6
1367820 1274.2
1367830 1274.2
1367840 1274.3
1367850 1274.5
1367860 1274.5
1367870 1275.3
1367880 1276.3
1367890 1276.3
1367900 1277.6
1367910 1278.8
1367920 1278.8
1367930 1280.4
1367940 1282.3
1367950 1283.7
1367960 1283.7
1367970 1284.6
1367980 1286.4
1367990 1286.4
1368000 1289.2
1368010 1291.3
1368020 1291.3
1368030 1298.8
1368040 1300.8
1368050 1300.8
1368060 1301.1
1368070 1298.6
1368080 1298.6
1368090 1296.3
1368100 1295.8
1368110 1295.8
1368120 1296.2
1368130 1297.9
1368140 1297.9
1368150 1297.7
1368160 1297.1
1368170 1297.1
1368180 1303.0
1368190 1309.0
1368200 1309.0
1368210 1316.3
1368220 1323.3
1368230 1323.3
1368240 1328.4
1368250 1333.7
1368260 1333.7
1368270 1338.1
1368280 1342.3
1368290 1342.3
1368300 1347.2
1368310 1353.4
1368320 1353.4
1368330 1359.8
1368340 1365.7
1368350 1371.6
1368360 1371.6
1368370 1376.0
1368380 1380.1
1368390 1380.1
1368400 1384.2
1368410 1387.4
1368420 1387.4
1368430 1390.5
1368440 1394.4
1368450 1394.4
1368460 1400.0
1368470 1406.0
1368480 1406.0
1368490 1411.6
1368500 1416.4
1368510 1416.4
1368520 1420.4
1368530 1423.8
1368540 1423.8
1368550 1427.2
1368560 1431.1
1368570 1431.1
1368580 1434.9
1368590 1437.9
1368600 1437.9
1368610 1439.4
1368620 1440.8
1368630 1440.8
1368640 1443.8
1368650 1443.9
1368660 1443.9
1368670 1443.6
1368680 1451.7
1368690 1451.7
1368700 1455.7
1368710 1455.1
1368720 1451.9
1368730 1451.9
1368740 1448.0
1368750 1439.5
1368760 1439.5
1368770 1433.9
1368780 1429.3
1368790 1429.3
1368800 1427.5
1368810 1426.2
1368820 1426.2
1368830 1424.0
1368840 1423.6
1368850 1423.6
1368860 1422.7
1368870 1423.1
1368880 1423.1
1368890 1423.3
1368900 1423.0
1368910 1423.0
1368920 1422.5
1368930 1422.1
1368940 1422.1
1368950 1422.3
1368960 1421.6
1368970 1421.6
1368980 1421.7
1368990 1422.7
1369000 1422.7
1369010 1424.4
1369020 1426.8
1369030 1426.8
1369040 1427.3
1369050 1427.6
1369060 1427.6
1369070 1428.1
1369080 1429.1
1369090 1430.2
1369100 1430.2
1369110 1431.8
1369120 1433.8
1369130 1433.8
1369140 1441.0
1369150 1442.1
1369160 1442.1
1369170 1442.9
1369180 1443.6
1369190 1443.6
1369200 1443.7
1369210 1444.9
1369220 1444.9
1369230 1447.0
1369240 1448.9
1369250 1448.9
1369260 1450.4
1369270 1452.6
1369280 1452.6
1369290 1455.7
1369300 1458.0
1369310 1458.0
1369320 1459.1
1369330 1459.0
1369340 1459.0
1369350 1458.2
1369360 1459.6
1369370 1459.6
1369380 1460.5
1369390 1459.6
1369400 1459.6
1369410 1459.6
1369420 1460.8
1369430 1460.8
1369440 1462.2
1369450 1464.1
1369460 1464.1
1369470 1467.5
1369480 1471.1
1369490 1475.0
1369500 1475.0
1369510 1479.1
1369520 1482.6
1369530 1482.6
1369540 1485.9
1369550 1489.4
1369560 1489.4
1369570 1492.8
1369580 1496.8
1369590 1496.8
1369600 1501.2
1369610 1505.8
1369620 1505.8
1369630 1510.6
1369640 1515.6
1369650 1515.6
1369660 1520.8
1369670 1526.0
1369680 1526.0
1369690 1531.4
1369700 1536.9
1369710 1536.9
1369720 1543.1
1369730 1549.0
1369740 1549.0
1369750 1554.2
1369760 1557.8
1369770 1557.8
1369780 1560.4
1369790 1562.6
1369800 1562.6
1369810 1563.3
1369820 1560.6
1369830 1560.6
1369840 1552.2
1369850 1544.0
1369860 1537.9
1369870 1537.9
1369880 1533.2
1369890 1529.5
1369900 1529.5
1369910 1528.0
1369920 1525.2
1369930 1525.2
1369940 1521.7
1369950 1518.6
1369960 1518.6
1369970 1515.7
1369980 1514.4
1369990 1514.4
1370000 1514.2
1370010 1513.9
1370020 1513.9
1370030 1513.0
1370040 1510.9
1370050 1510.9
1370060 1509.1
1370070 1507.0
1370080 1507.0
1370090 1507.1
1370100 1505.8
1370110 1505.8
1370120 1503.2
1370130 1500.7
1370140 1500.7
1370150 1504.9
1370160 1512.5
1370170 1512.5
1370180 1519.9
1370190 1524.9
1370200 1524.9
1370210 1533.7
1370220 1539.5
1370230 1540.4
1370240 1540.4
1370250 1551.8
1370260 1549.1
1370270 1549.1
1370280 1544.9
1370290 1540.3
1370300 1540.3
1370310 1539.2
1370320 1540.1
1370330 1540.1
1370340 1536.7
1370350 1531.1
1370360 1531.1
1370370 1532.2
1370380 1532.4
1370390 1532.4
1370400 1531.3
1370410 1536.2
1370420 1536.2
1370430 1538.4
1370440 1538.4
1370450 1538.4
1370460 1537.4
1370470 1539.7
1370480 1539.7
1370490 1542.9
1370500 1542.5
1370510 1542.5
1370520 1545.4
1370530 1552.8
1370540 1552.8
1370550 1560.0
1370560 1566.0
1370570 1566.0
1370580 1572.7
1370590 1584.6
1370600 1584.6
1370610 1592.1
1370620 1598.7
1370630 1604.2
1370640 1604.2
1370650 1607.6
1370660 1611.3
1370670 1611.3
1370680 1616.4
1370690 1617.8
1370700 1617.8
1370710 1620.7
1370720 1625.5
1370730 1625.5
1370740 1631.1
1370750 1635.5
1370760 1635.5
1370770 1640.5
1370780 1645.0
1370790 1645.0
1370800 1649.2
1370810 1653.0
1370820 1653.0
1370830 1650.3
1370840 1641.9
1370850 1641.9
1370860 1635.7
1370870 1632.1
1370880 1632.1
1370890 1630.0
1370900 1625.3
1370910 1625.3
1370920 1612.3
1370930 1597.2
1370940 1597.2
1370950 1580.1
1370960 1571.1
1370970 1571.1
1370980 1561.2
1370990 1552.9
1371000 1545.2
1371010 1545.2
1371020 1524.8
1371030 1510.2
1371040 1510.2
1371050 1502.1
1371060 1489.1
1371070 1489.1
1371080 1480.8
1371090 1479.6
1371100 1479.6
1371110 1477.3
1371120 1472.0
1371130 1472.0
1371140 1464.5
1371150 1457.2
1371160 1457.2
1371170 1451.2
1371180 1445.8
1371190 1445.8
1371200 1442.5
1371210 1437.2
1371220 1437.2
1371230 1434.3
1371240 1430.4
1371250 1430.4
1371260 1428.7
1371270 1430.3
1371280 1430.3
1371290 1425.1
1371300 1416.1
1371310 1416.1
1371320 1412.7
1371330 1406.9
1371340 1406.9
1371350 1401.5
1371360 1395.6
1371370 1389.9
1371380 1391.8
1371390 1387.3
1371400 1383.4
1371410 1383.4
1371420 1377.1
1371430 1371.9
1371440 1371.9
1371450 1368.2
1371460 1363.8
1371470 1363.8
1371480 1357.7
1371490 1349.9
1371500 1349.9
1371510 1339.3
1371520 1326.1
1371530 1326.1
1371540 1315.0
1371550 1302.8
1371560 1302.8
1371570 1297.0
1371580 1289.6
1371590 1289.6
1371600 1281.0
1371610 1272.8
1371620 1272.8
1371630 1264.4
1371640 1256.6
1371650 1256.6
1371660 1255.1
1371670 1261.7
1371680 1261.7
1371690 1264.9
1371700 1261.0
1371710 1261.0
1371720 1259.4
1371730 1263.7
1371740 1263.7
1371750 1269.5
1371760 1283.9
1371770 1296.5
1371780 1296.5
1371790 1300.3
1371800 1301.3
1371810 1301.3
1371820 1300.9
1371830 1301.8
1371840 1301.8
1371850 1299.6
1371860 1299.5
1371870 1299.5
1371880 1296.4
1371890 1300.3
1371900 1300.3
1371910 1307.5
1371920 1307.6
1371930 1307.6
1371940 1305.6
1371950 1302.9
1371960 1302.9
1371970 1303.1
1371980 1303.4
1371990 1303.4
1372000 1297.8
1372010 1291.2
1372020 1291.2
1372030 1284.1
1372040 1277.2
1372050 1277.2
1372060 1271.2
1372070 1267.3
1372080 1267.3
1372090 1263.8
1372100 1253.7
1372110 1253.7
1372120 1242.8
1372130 1240.2
1372140 1242.5
1372150 1242.5
1372160 1245.7
1372170 1241.1
1372180 1241.1
1372190 1235.0
1372200 1229.3
1372210 1229.3
1372220 1222.5
1372230 1214.1
1372240 1214.1
1372250 1214.3
1372260 1224.1
1372270 1224.1
1372280 1232.5
1372290 1237.4
1372300 1237.4
1372310 1240.4
1372320 1243.0
1372330 1243.0
1372340 1245.5
1372350 1249.5
1372360 1249.5
1372370 1252.6
1372380 1253.7
1372390 1253.7
1372400 1254.2
1372410 1255.0
1372420 1255.0
1372430 1258.3
1372440 1261.2
1372450 1261.2
1372460 1264.0
1372470 1265.5
1372480 1265.5
1372490 1264.3
1372500 1261.9
1372510 1256.6
1372520 1255.5
1372530 1248.1
1372540 1240.8
1372550 1240.8
1372560 1234.5
1372570 1228.3
1372580 1228.3
1372590 1223.6
1372600 1220.9
1372610 1220.9
1372620 1220.0
1372630 1221.6
1372640 1221.6
1372650 1224.4
1372660 1226.3
1372670 1226.3
1372680 1225.8
1372690 1225.1
1372700 1225.1
1372710 1224.4
1372720 1222.6
1372730 1222.6
1372740 1219.6
1372750 1219.0
1372760 1219.0
1372770 1223.3
1372780 1228.1
1372790 1228.1
1372800 1228.8
1372810 1224.9
1372820 1224.9
1372830 1219.0
1372840 1211.6
1372850 1211.6
1372860 1203.8
1372870 1196.9
1372880 1196.9
1372890 1191.7
1372900 1186.9
1372910 1185.3
1372920 1185.3
1372930 1184.0
1372940 1181.7
1372950 1181.7
1372960 1176.8
1372970 1168.6
1372980 1168.6
1372990 1160.7
1373000 1153.0
1373010 1153.0
1373020 1153.1
1373030 1158.7
1373040 1158.7
1373050 1163.1
1373060 1169.1
1373070 1169.1
1373080 1177.1
1373090 1186.6
1373100 1186.6
1373110 1192.9
1373120 1192.6
1373130 1192.6
1373140 1191.8
1373150 1190.5
1373160 1190.5
1373170 1188.9
1373180 1186.5
1373190 1186.5
1373200 1180.3
1373210 1173.0
1373220 1173.0
1373230 1168.0
1373240 1161.8
1373250 1161.8
1373260 1154.0
1373270 1143.2
1373280 1134.8
1373290 1134.8
1373300 1125.5
1373310 1104.3
1373320 1104.3
1373330 1095.5
1373340 1096.8
1373350 1096.8
1373360 1104.0
1373370 1108.7
1373380 1108.7
1373390 1105.1
1373400 1103.2
1373410 1103.2
1373420 1106.9
1373430 1115.9
1373440 1115.9
1373450 1129.6
1373460 1133.2
1373470 1133.2
1373480 1134.0
1373490 1128.9
1373500 1128.9
1373510 1124.6
1373520 1119.4
1373530 1119.4
1373540 1108.9
1373550 1095.5
1373560 1095.5
1373570 1089.1
1373580 1083.6
1373590 1083.6
1373600 1077.7
1373610 1071.8
1373620 1071.8
1373630 1059.4
1373640 1042.2
1373650 1033.2
1373660 1033.2
1373670 1027.4
1373680 1016.1
1373690 1016.1
1373700 1005.4
1373710 1003.8
1373720 1003.8
1373730 1012.6
1373740 1024.3
1373750 1024.3
1373760 1034.0
1373770 1029.3
1373780 1029.3
1373790 1027.4
1373800 1032.6
1373810 1032.6
1373820 1040.4
1373830 1047.8
1373840 1047.8
1373850 1055.5
1373860 1064.2
1373870 1064.2
1373880 1069.9
1373890 1075.6
1373900 1075.6
1373910 1075.6
1373920 1070.2
1373930 1070.2
1373940 1063.5
1373950 1057.3
1373960 1057.3
1373970 1050.4
1373980 1042.8
1373990 1042.8
1374000 1035.2
1374010 1028.8
1374020 1028.8
1374030 1025.6
1374040 1031.3
1374050 1038.5
1374060 1038.5
1374070 1041.7
1374080 1039.9
1374090 1039.9
1374100 1039.2
1374110 1038.3
1374120 1038.3
1374130 1038.9
1374140 1043.4
1374150 1043.4
1374160 1048.5
1374170 1050.4
1374180 1050.4
1374190 1046.2
1374200 1041.0
1374210 1041.0
1374220 1039.8
1374230 1039.9
1374240 1039.9
1374250 1038.6
1374260 1033.6
1374270 1033.6
1374280 1031.4
1374290 1034.2
1374300 1034.2
1374310 1035.9
1374320 1039.9
1374330 1039.9
1374340 1046.4
1374350 1054.3
1374360 1054.3
1374370 1057.5
1374380 1057.0
1374390 1057.0
1374400 1053.2
1374410 1045.2
1374420 1036.7
1374430 1036.7
1374440 1028.0
1374450 1021.3
1374460 1021.3
1374470 1013.1
1374480 1002.6
1374490 1002.6
1374500 994.6
1374510 992.7
1374520 992.7
1374530 992.8
1374540 994.1
1374550 994.1
1374560 996.2
1374570 996.7
1374580 996.7
1374590 998.0
1374600 1004.6
1374610 1004.6
1374620 1006.3
1374630 1001.5
1374640 1001.5
1374650 999.1
1374660 995.8
1374670 995.8
1374680 994.9
1374690 1003.0
1374700 1003.0
1374710 1010.6
1374720 1013.7
1374730 1013.7
1374740 1011.5
1374750 1005.0
1374760 1005.0
1374770 1001.5
1374780 1000.1
1374790 999.5
1374800 999.5
1374810 997.2
1374820 994.6
1374830 994.6
1374840 982.7
1374850 979.4
1374860 979.4
1374870 981.4
1374880 984.9
1374890 984.9
1374900 985.5
1374910 985.3
1374920 985.3
1374930 980.0
1374940 974.4
1374950 974.4
1374960 974.6
1374970 975.6
1374980 975.6
1374990 978.4
1375000 977.1
1375010 977.1
1375020 974.3
1375030 971.1
1375040 971.1
1375050 968.8
1375060 964.4
1375070 964.4
1375080 959.5
1375090 956.7
1375100 956.7
1375110 963.5
1375120 971.0
1375130 971.0
1375140 976.6
1375150 980.5
1375160 980.5
1375170 981.5
1375180 979.8
1375190 978.5
1375200 978.5
1375210 977.2
1375220 977.7
1375230 977.7
1375240 978.7
1375250 980.7
1375260 980.7
1375270 984.9
1375280 987.7
1375290 987.7
1375300 986.3
1375310 983.7
1375320 983.7
1375330 981.2
1375340 976.7
1375350 976.7
1375360 969.2
1375370 959.2
1375380 959.2
1375390 950.5
1375400 944.7
1375410 944.7
1375420 926.8
1375430 908.2
1375440 908.2
1375450 915.3
1375460 919.7
1375470 919.7
1375480 920.5
1375490 925.5
1375500 925.5
1375510 930.7
1375520 934.6
1375530 934.6
1375540 931.5
1375550 926.8
1375560 922.9
1375570 922.9
1375580 923.8
1375590 924.0
1375600 924.0
1375610 923.5
1375620 923.1
1375630 923.1
1375640 920.8
1375650 915.4
1375660 915.4
1375670 919.9
1375680 925.2
1375690 925.2
1375700 929.6
1375710 931.0
1375720 931.0
1375730 929.0
1375740 931.3
1375750 931.3
1375760 938.8
1375770 944.0
1375780 944.0
1375790 948.2
1375800 951.8
1375810 951.8
1375820 955.5
1375830 954.0
1375840 954.0
1375850 951.0
1375860 948.0
1375870 948.0
1375880 945.7
1375890 944.5
1375900 944.5
1375910 945.5
1375920 946.1
1375930 944.9
1375940 944.9
1375950 943.1
1375960 941.6
1375970 941.6
1375980 940.1
1375990 940.9
1376000 940.9
1376010 933.6
1376020 934.3
1376030 934.3
1376040 933.3
1376050 935.1
1376060 935.1
1376070 937.5
1376080 938.5
1376090 938.5
1376100 939.8
1376110 940.3
1376120 940.3
1376130 941.4
1376140 944.2
1376150 944.2
1376160 946.4
1376170 941.2
1376180 941.2
1376190 931.7
1376200 925.2
1376210 925.2
1376220 923.2
1376230 923.2
1376240 923.2
1376250 922.8
1376260 923.6
1376270 923.6
1376280 925.7
1376290 929.3
1376300 929.3
1376310 935.5
1376320 941.9
1376330 950.8
1376340 950.8
1376350 956.4
1376360 958.6
1376370 958.6
1376380 961.8
1376390 963.7
1376400 963.7
1376410 965.9
1376420 969.5
1376430 969.5
1376440 973.0
1376450 977.4
1376460 977.4
1376470 980.1
1376480 981.9
1376490 981.9
1376500 984.0
1376510 986.5
1376520 986.5
1376530 988.5
1376540 989.5
1376550 989.5
1376560 991.1
1376570 993.1
1376580 993.1
1376590 995.3
1376600 997.9
1376610 997.9
1376620 1000.9
1376630 1003.8
1376640 1003.8
1376650 1006.2
1376660 1008.0
1376670 1008.0
1376680 1010.3
1376690 1014.6
1376700 1015.7
1376710 1015.7
1376720 1018.0
1376730 1020.6
1376740 1020.6
1376750 1023.2
1376760 1024.5
1376770 1024.5
1376780 1025.2
1376790 1026.6
1376800 1026.6
1376810 1031.0
1376820 1032.0
1376830 1032.0
1376840 1032.8
1376850 1033.5
1376860 1033.5
1376870 1034.7
1376880 1038.8
1376890 1038.8
1376900 1040.7
1376910 1042.7
1376920 1042.7
1376930 1046.7
1376940 1051.6
1376950 1051.6
1376960 1055.9
1376970 1059.2
1376980 1059.2
1376990 1061.7
1377000 1064.3
1377010 1064.3
1377020 1067.3
1377030 1070.7
1377040 1070.7
1377050 1073.6
1377060 1077.1
1377070 1082.4
1377080 1082.4
1377090 1087.2
1377100 1091.4
1377110 1091.4
1377120 1096.2
1377130 1101.1
1377140 1101.1
1377150 1105.5
1377160 1109.5
1377170 1109.5
1377180 1112.0
1377190 1112.7
1377200 1107.0
1377210 1107.2
1377220 1106.1
1377230 1106.1
1377240 1105.1
1377250 1104.4
1377260 1104.4
1377270 1104.0
1377280 1102.3
1377290 1102.3
1377300 1095.8
1377310 1087.2
1377320 1087.2
1377330 1079.6
1377340 1072.9
1377350 1072.9
1377360 1067.0
1377370 1062.4
1377380 1062.4
1377390 1058.8
1377400 1055.2
1377410 1055.2
1377420 1049.9
1377430 1044.3
1377440 1044.3
1377450 1039.9
1377460 1036.7
1377470 1033.6
1377480 1033.6
1377490 1030.6
1377500 1027.5
1377510 1027.5
1377520 1025.2
1377530 1025.0
1377540 1025.0
1377550 1025.0
1377560 1024.2
1377570 1024.2
1377580 1020.0
1377590 1015.3
1377600 1015.3
1377610 1011.4
1377620 1009.4
1377630 1009.4
1377640 1008.8
1377650 1009.5
1377660 1009.5
1377670 1009.8
1377680 1008.7
1377690 1008.7
1377700 1006.2
1377710 1003.6
1377720 1003.6
1377730 1000.5
1377740 994.8
1377750 994.8
1377760 987.5
1377770 979.7
1377780 979.7
1377790 972.2
1377800 965.9
1377810 965.9
1377820 959.6
1377830 953.0
1377840 946.4
1377850 946.4
1377860 939.4
1377870 932.3
1377880 932.3
1377890 924.4
1377900 915.9
1377910 915.9
1377920 907.0
1377930 898.3
1377940 898.3
1377950 891.0
1377960 884.7
1377970 884.7
1377980 878.7
1377990 873.0
1378000 873.0
1378010 867.1
1378020 860.6
1378030 860.6
1378040 854.8
1378050 848.8
1378060 848.8
1378070 842.4
1378080 836.0
1378090 836.0
1378100 829.8
1378110 823.8
1378120 823.8
1378130 817.9
1378140 812.5
1378150 812.5
1378160 807.8
1378170 803.7
1378180 803.7
1378190 800.0
1378200 796.0
1378210 791.5
1378220 791.5
1378230 787.4
1378240 781.4
1378250 781.4
1378260 770.4
1378270 756.1
1378280 756.1
1378290 747.0
1378300 739.1
1378310 739.1
1378320 730.7
1378330 723.4
1378340 723.4
1378350 717.6
1378360 712.4
1378370 712.4
1378380 709.4
1378390 708.9
1378400 708.9
1378410 709.0
1378420 709.2
1378430 709.2
1378440 709.4
1378450 709.5
1378460 709.5
1378470 709.5
1378480 709.5
1378490 709.5
1378500 709.3
1378510 709.3
1378520 709.3
1378530 709.6
1378540 709.7
1378550 709.7
1378560 709.9
1378570 710.0
1378580 710.0
1378590 710.3
1378600 710.5
1378610 710.4
1378620 710.4
1378630 710.5
1378640 710.7
1378650 710.7
1378660 710.8
1378670 711.0
1378680 711.0
1378690 711.4
1378700 711.6
1378710 711.6
1378720 711.7
1378730 711.7
1378740 711.7
1378750 711.8
1378760 711.9
1378770 711.9
1378780 711.9
1378790 709.3
1378800 709.3
1378810 704.6
1378820 703.6
1378830 703.6
1378840 704.0
1378850 704.6
1378860 704.6
1378870 704.7
1378880 705.2
1378890 705.2
1378900 705.2
1378910 708.0
1378920 708.0
1378930 713.0
1378940 718.1
1378950 718.1
1378960 722.2
1378970 725.7
1378980 728.3
1378990 728.3
1379000 729.2
1379010 727.7
1379020 727.7
1379030 726.8
1379040 727.3
1379050 727.3
1379060 729.1
1379070 732.3
1379080 732.3
1379090 735.1
1379100 736.4
1379110 736.4
1379120 738.5
1379130 744.0
1379140 744.0
1379150 750.5
1379160 756.2
1379170 756.2
1379180 761.6
1379190 765.1
1379200 765.1
1379210 768.2
1379220 772.8
1379230 772.8
1379240 777.3
1379250 781.3
1379260 781.3
1379270 786.5
1379280 793.2
1379290 793.2
1379300 799.8
1379310 805.8
1379320 805.8
1379330 812.9
1379340 819.7
1379350 820.9
1379360 820.9
1379370 821.4
1379380 824.3
1379390 824.3
1379400 828.6
1379410 833.0
1379420 833.0
1379430 838.1
1379440 845.1
1379450 845.1
1379460 854.1
1379470 862.7
1379480 862.7
1379490 871.1
1379500 879.4
1379510 879.4
1379520 888.5
1379530 897.5
1379540 897.5
1379550 904.8
1379560 911.9
1379570 911.9
1379580 918.0
1379590 923.8
1379600 923.8
1379610 925.3
1379620 929.9
1379630 929.9
1379640 931.9
1379650 932.5
1379660 932.5
1379670 935.2
1379680 937.8
1379690 937.8
1379700 941.2
1379710 945.3
1379720 945.3
1379730 948.2
1379740 951.6
1379750 957.0
1379760 957.0
1379770 963.0
1379780 969.1
1379790 969.1
1379800 975.3
1379810 981.7
1379820 981.7
1379830 984.7
1379840 986.6
1379850 986.6
1379860 987.6
1379870 986.5
1379880 986.5
1379890 985.7
1379900 986.5
1379910 986.5
1379920 988.4
1379930 989.2
1379940 989.2
1379950 990.7
1379960 993.4
1379970 993.4
1379980 997.2
1379990 1001.5
