1360000 644.1
1360010 660.7
1360020 669.2
1360030 674.0
1360040 681.9
1360050 688.5
1360060 688.5
1360070 693.8
1360080 689.6
1360090 689.6
1360100 683.1
1360110 677.3
1360120 677.3
1360130 672.5
1360140 675.0
1360150 675.0
1360160 681.3
1360170 688.3
1360180 688.3
1360190 692.7
1360200 693.2
1360210 693.2
1360220 693.0
1360230 694.8
1360240 694.8
1360250 688.7
1360260 681.4
1360270 681.4
1360280 684.3
1360290 693.0
1360300 693.0
1360310 700.5
1360320 704.7
1360330 704.7
1360340 705.6
1360350 700.2
1360360 694.5
1360370 694.5
1360380 688.7
1360390 681.6
1360400 681.6
1360410 673.4
1360420 664.9
1360430 664.9
1360440 657.9
1360450 656.4
1360460 656.4
1360470 662.3
1360480 668.3
1360490 668.3
1360500 672.5
1360510 676.4
1360520 676.4
1360530 681.5
1360540 686.2
1360550 686.2
1360560 691.2
1360570 698.1
1360580 698.1
1360590 703.3
1360600 697.9
1360610 697.9
1360620 689.3
1360630 682.9
1360640 682.9
1360650 677.6
1360660 673.6
1360670 673.6
1360680 677.0
1360690 682.4
1360700 682.4
1360710 689.9
1360720 696.2
1360730 703.4
1360740 703.4
1360750 708.8
1360760 711.5
1360770 711.5
1360780 715.9
1360790 722.9
1360800 722.9
1360810 729.7
1360820 736.5
1360830 736.5
1360840 744.0
1360850 751.1
1360860 751.1
1360870 758.7
1360880 764.8
1360890 764.8
1360900 764.9
1360910 762.2
1360920 762.2
1360930 759.0
1360940 758.0
1360950 758.0
1360960 762.9
1360970 768.9
1360980 768.9
1360990 775.1
1361000 781.5
1361010 781.5
1361020 785.1
1361030 785.8
1361040 785.8
1361050 787.0
1361060 793.5
1361070 793.5
1361080 796.0
1361090 798.3
1361100 798.3
1361110 800.3
1361120 802.2
1361130 803.6
1361140 803.6
1361150 805.3
1361160 805.9
1361170 805.9
1361180 805.7
1361190 805.1
1361200 805.1
1361210 804.9
1361220 804.9
1361230 804.9
1361240 804.1
1361250 804.1
1361260 804.1
1361270 805.1
1361280 806.5
1361290 806.5
1361300 806.6
1361310 806.6
1361320 806.6
1361330 806.4
1361340 805.4
1361350 805.4
1361360 803.5
1361370 802.0
1361380 802.0
1361390 802.8
1361400 803.7
1361410 803.7
1361420 802.6
1361430 800.8
1361440 800.8
1361450 796.0
1361460 789.0
1361470 789.0
1361480 787.0
1361490 792.6
1361500 797.0
1361510 797.0
1361520 799.1
1361530 798.7
1361540 798.7
1361550 797.1
1361560 800.2
1361570 800.2
1361580 804.4
1361590 803.8
1361600 803.8
1361610 803.5
1361620 804.4
1361630 804.4
1361640 804.9
1361650 805.3
1361660 805.3
1361670 806.1
1361680 805.6
1361690 805.6
1361700 804.2
1361710 803.7
1361720 803.7
1361730 802.0
1361740 797.3
1361750 797.3
1361760 786.4
1361770 774.7
1361780 774.7
1361790 764.8
1361800 770.2
1361810 770.2
1361820 780.4
1361830 789.6
1361840 789.6
1361850 800.4
1361860 812.2
1361870 812.2
1361880 817.6
1361890 823.0
1361900 827.0
1361910 827.0
1361920 826.9
1361930 826.2
1361940 826.2
1361950 823.9
1361960 822.1
1361970 822.1
1361980 823.4
1361990 825.0
1362000 825.0
1362010 825.6
1362020 826.0
1362030 826.0
1362040 826.2
1362050 826.2
1362060 826.2
1362070 826.6
1362080 827.0
1362090 827.0
1362100 831.6
1362110 830.5
1362120 830.5
1362130 828.8
1362140 830.0
1362150 830.0
1362160 829.9
1362170 830.0
1362180 830.0
1362190 829.4
1362200 828.5
1362210 828.5
1362220 827.1
1362230 825.4
1362240 825.4
1362250 823.4
1362260 819.3
1362270 811.9
1362280 811.9
1362290 802.0
1362300 791.2
1362310 791.2
1362320 782.0
1362330 774.1
1362340 774.1
1362350 765.5
1362360 762.7
1362370 762.7
1362380 764.4
1362390 767.9
1362400 767.9
1362410 773.7
1362420 780.7
1362430 780.7
1362440 788.4
1362450 791.8
1362460 791.8
1362470 786.5
1362480 780.1
1362490 780.1
1362500 774.3
1362510 779.6
1362520 779.6
1362530 782.6
1362540 788.2
1362550 788.2
1362560 791.2
1362570 791.4
1362580 791.4
1362590 790.6
1362600 785.3
1362610 785.3
1362620 779.8
1362630 779.3
1362640 778.7
1362650 778.7
1362660 777.0
1362670 775.5
1362680 775.5
1362690 773.0
1362700 770.9
1362710 770.9
1362720 770.7
1362730 771.6
1362740 771.6
1362750 771.5
1362760 768.4
1362770 768.4
1362780 766.7
1362790 767.0
1362800 767.0
1362810 764.7
1362820 762.4
1362830 762.4
1362840 759.4
1362850 756.3
1362860 756.3
1362870 753.4
1362880 748.5
1362890 748.5
1362900 741.2
1362910 729.6
1362920 729.6
1362930 716.4
1362940 703.8
1362950 703.8
1362960 700.0
1362970 708.1
1362980 708.1
1362990 714.0
1363000 718.6
1363010 718.6
1363020 728.7
1363030 729.9
1363040 733.2
1363050 733.2
1363060 739.7
1363070 744.4
1363080 744.4
1363090 748.0
1363100 748.8
1363110 748.8
1363120 744.6
1363130 740.6
1363140 740.6
1363150 742.1
1363160 737.5
1363170 737.5
1363180 732.0
1363190 730.6
1363200 730.6
1363210 734.3
1363220 734.9
1363230 734.9
1363240 732.2
1363250 726.1
1363260 726.1
1363270 719.2
1363280 709.4
1363290 709.4
1363300 701.2
1363310 696.7
1363320 696.7
1363330 693.8
1363340 692.2
1363350 692.2
1363360 691.8
1363370 692.4
1363380 692.4
1363390 693.6
1363400 696.2
1363410 701.0
1363420 701.0
1363430 706.6
1363440 710.8
1363450 710.8
1363460 714.2
1363470 713.6
1363480 713.6
1363490 716.8
1363500 723.0
1363510 723.0
1363520 725.1
1363530 725.9
1363540 725.9
1363550 727.4
1363560 728.7
1363570 728.7
1363580 729.6
1363590 730.5
1363600 730.5
1363610 732.1
1363620 733.4
1363630 733.4
1363640 734.2
1363650 735.1
1363660 735.1
1363670 736.6
1363680 737.3
1363690 737.3
1363700 734.7
1363710 736.0
1363720 736.0
1363730 740.0
1363740 745.4
1363750 745.4
1363760 748.6
1363770 751.3
1363780 751.3
1363790 754.2
1363800 756.4
1363810 757.5
1363820 757.5
1363830 759.2
1363840 762.4
1363850 762.4
1363860 766.1
1363870 770.9
1363880 770.9
1363890 776.4
1363900 781.8
1363910 781.8
1363920 786.9
1363930 791.1
1363940 791.1
1363950 793.1
1363960 793.6
1363970 793.6
1363980 793.2
1363990 793.6
1364000 793.6
1364010 792.5
1364020 788.7
1364030 788.7
1364040 784.3
1364050 778.2
1364060 778.2
1364070 772.1
1364080 766.5
1364090 766.5
1364100 765.4
1364110 771.8
1364120 771.8
1364130 780.3
1364140 788.2
1364150 788.2
1364160 795.8
1364170 802.6
1364180 809.4
1364190 809.4
1364200 816.1
1364210 817.3
1364220 817.3
1364230 817.8
1364240 819.4
1364250 819.4
1364260 823.5
1364270 826.5
1364280 826.5
1364290 829.4
1364300 832.1
1364310 832.1
1364320 833.8
1364330 836.2
1364340 836.2
1364350 839.0
1364360 841.2
1364370 841.2
1364380 843.1
1364390 845.1
1364400 845.1
1364410 846.7
1364420 847.8
1364430 847.8
1364440 848.5
1364450 850.8
1364460 850.8
1364470 851.9
1364480 854.6
1364490 854.6
1364500 856.7
1364510 856.6
1364520 856.6
1364530 856.7
1364540 856.5
1364550 856.5
1364560 856.5
1364570 856.3
1364580 858.8
1364590 858.8
1364600 862.3
1364610 862.3
1364620 862.3
1364630 862.9
1364640 862.5
1364650 862.5
1364660 863.6
1364670 864.6
1364680 864.6
1364690 862.5
1364700 860.2
1364710 860.2
1364720 863.8
1364730 868.2
1364740 868.2
1364750 869.7
1364760 864.6
1364770 864.6
1364780 859.1
1364790 863.0
1364800 863.0
1364810 872.7
1364820 878.3
1364830 878.3
1364840 881.4
1364850 883.7
1364860 883.7
1364870 885.8
1364880 887.8
1364890 887.8
1364900 889.8
1364910 891.6
1364920 891.6
1364930 892.9
1364940 893.6
1364950 894.4
1364960 894.4
1364970 895.0
1364980 895.8
1364990 895.8
1365000 896.5
1365010 895.3
1365020 895.3
1365030 892.9
1365040 889.5
1365050 889.5
1365060 884.5
1365070 878.2
1365080 878.2
1365090 873.7
1365100 869.5
1365110 869.5
1365120 868.4
1365130 874.1
1365140 874.1
1365150 877.7
1365160 879.1
1365170 879.1
1365180 879.9
1365190 880.7
1365200 880.7
1365210 881.3
1365220 882.5
1365230 882.5
1365240 883.8
1365250 884.5
1365260 884.5
1365270 884.8
1365280 884.4
1365290 884.4
1365300 884.8
1365310 885.4
1365320 885.9
1365330 885.9
1365340 883.7
1365350 876.7
1365360 876.7
1365370 873.6
1365380 872.5
1365390 872.5
1365400 867.8
1365410 865.4
1365420 865.4
1365430 872.9
1365440 873.2
1365450 873.2
1365460 872.7
1365470 876.6
1365480 876.6
1365490 880.2
1365500 884.8
1365510 884.8
1365520 888.4
1365530 892.6
1365540 892.6
1365550 894.9
1365560 896.3
1365570 896.3
1365580 898.3
1365590 901.0
1365600 901.0
1365610 901.8
1365620 899.4
1365630 899.4
1365640 899.0
1365650 899.9
1365660 899.9
1365670 901.1
1365680 905.5
1365690 905.5
1365700 912.8
1365710 915.2
1365720 915.2
1365730 915.2
1365740 919.4
1365750 925.5
1365760 925.5
1365770 930.6
1365780 933.9
1365790 933.9
1365800 935.0
1365810 936.4
1365820 936.4
1365830 939.9
1365840 942.0
1365850 942.0
1365860 945.0
1365870 945.4
1365880 945.4
1365890 947.7
1365900 953.9
1365910 953.9
1365920 959.0
1365930 960.3
1365940 960.3
1365950 962.0
1365960 967.2
1365970 967.2
1365980 971.1
1365990 973.8
1366000 973.8
1366010 977.5
1366020 981.7
1366030 981.7
1366040 985.3
1366050 989.3
1366060 989.3
1366070 995.1
1366080 1001.4
1366090 1008.6
1366100 1008.6
1366110 1012.5
1366120 1010.0
1366130 1010.0
1366140 1005.4
1366150 1000.4
1366160 1000.4
1366170 997.0
1366180 991.6
1366190 991.6
1366200 991.1
1366210 997.9
1366220 997.9
1366230 1005.8
1366240 1013.9
1366250 1013.9
1366260 1021.5
1366270 1026.7
1366280 1026.7
1366290 1029.7
1366300 1029.7
1366310 1029.7
1366320 1028.7
1366330 1027.1
1366340 1027.1
1366350 1025.6
1366360 1019.2
1366370 1019.2
1366380 1016.9
1366390 1013.7
1366400 1013.7
1366410 1010.3
1366420 1007.1
1366430 1007.1
1366440 1003.6
1366450 998.7
1366460 998.7
1366470 990.1
1366480 986.2
1366490 987.7
1366500 987.7
1366510 991.7
1366520 995.1
1366530 995.1
1366540 992.6
1366550 989.7
1366560 989.7
1366570 991.7
1366580 993.0
1366590 993.0
1366600 992.4
1366610 990.2
1366620 990.2
1366630 986.9
1366640 985.0
1366650 985.0
1366660 979.1
1366670 971.2
1366680 971.2
1366690 963.5
1366700 954.7
1366710 954.7
1366720 948.3
1366730 952.3
1366740 952.3
1366750 958.3
1366760 959.3
1366770 959.3
1366780 962.7
1366790 971.2
1366800 971.2
1366810 978.1
1366820 982.0
1366830 982.0
1366840 979.5
1366850 973.9
1366860 968.5
1366870 968.5
1366880 966.6
1366890 961.9
1366900 961.9
1366910 950.9
1366920 938.1
1366930 938.1
1366940 931.2
1366950 922.6
1366960 922.6
1366970 914.9
1366980 916.6
1366990 916.6
1367000 917.9
1367010 918.0
1367020 918.0
1367030 921.4
1367040 923.3
1367050 923.3
1367060 930.4
1367070 937.9
1367080 937.9
1367090 945.7
1367100 944.3
1367110 944.3
1367120 939.3
1367130 939.7
1367140 939.7
1367150 944.1
1367160 955.1
1367170 955.1
1367180 967.7
1367190 975.6
1367200 975.6
1367210 981.8
1367220 988.8
1367230 995.7
1367240 995.7
1367250 998.5
1367260 1000.6
1367270 1000.6
1367280 999.4
1367290 998.5
1367300 998.5
1367310 1007.2
1367320 1016.2
1367330 1016.2
1367340 1023.1
1367350 1027.8
1367360 1027.8
1367370 1031.3
1367380 1035.4
1367390 1035.4
1367400 1028.8
1367410 1026.3
1367420 1026.3
1367430 1033.0
1367440 1047.9
1367450 1047.9
1367460 1052.5
1367470 1060.5
1367480 1060.5
1367490 1068.2
1367500 1071.0
1367510 1071.0
1367520 1071.8
1367530 1074.0
1367540 1074.0
1367550 1074.6
1367560 1082.2
1367570 1082.2
1367580 1090.5
1367590 1098.5
1367600 1098.5
1367610 1105.1
1367620 1111.9
1367630 1119.6
1367640 1119.6
1367650 1125.7
1367660 1132.3
1367670 1132.3
1367680 1138.1
1367690 1142.8
1367700 1142.8
1367710 1148.7
1367720 1154.6
1367730 1154.6
1367740 1158.2
1367750 1158.1
1367760 1158.1
1367770 1141.2
1367780 1136.6
1367790 1136.6
1367800 1141.5
1367810 1143.6
1367820 1143.6
1367830 1149.7
1367840 1157.7
1367850 1157.7
1367860 1166.8
1367870 1175.7
1367880 1175.7
1367890 1185.0
1367900 1193.4
1367910 1193.4
1367920 1199.1
1367930 1205.3
1367940 1205.3
1367950 1211.0
1367960 1216.5
1367970 1216.5
1367980 1222.4
1367990 1228.3
1368000 1234.1
1368010 1234.1
1368020 1240.5
1368030 1247.2
1368040 1247.2
1368050 1253.7
1368060 1260.0
1368070 1260.0
1368080 1266.7
1368090 1273.2
1368100 1273.2
1368110 1277.8
1368120 1282.2
1368130 1282.2
1368140 1288.1
1368150 1292.7
1368160 1292.7
1368170 1297.1
1368180 1301.2
1368190 1301.2
1368200 1304.7
1368210 1306.1
1368220 1306.1
1368230 1306.0
1368240 1308.1
1368250 1308.1
1368260 1311.7
1368270 1314.8
1368280 1314.8
1368290 1316.9
1368300 1319.3
1368310 1319.3
1368320 1321.2
1368330 1324.5
1368340 1324.5
1368350 1327.8
1368360 1330.7
1368370 1330.7
1368380 1333.6
1368390 1336.8
1368400 1339.9
1368410 1339.9
1368420 1341.8
1368430 1343.3
1368440 1343.3
1368450 1345.1
1368460 1348.3
1368470 1348.3
1368480 1352.1
1368490 1357.3
1368500 1357.3
1368510 1361.7
1368520 1365.7
1368530 1365.7
1368540 1366.6
1368550 1370.6
1368560 1370.6
1368570 1374.8
1368580 1379.4
1368590 1379.4
1368600 1384.5
1368610 1388.8
1368620 1388.8
1368630 1392.2
1368640 1395.6
1368650 1395.6
1368660 1401.0
1368670 1408.5
1368680 1408.5
1368690 1415.5
1368700 1421.8
1368710 1421.8
1368720 1428.2
1368730 1435.0
1368740 1435.0
1368750 1443.3
1368760 1451.7
1368770 1459.7
1368780 1459.7
1368790 1468.3
1368800 1478.7
1368810 1478.7
1368820 1487.5
1368830 1494.6
1368840 1494.6
1368850 1500.1
1368860 1504.9
1368870 1504.9
1368880 1510.1
1368890 1513.8
1368900 1513.8
1368910 1517.1
1368920 1520.6
1368930 1520.6
1368940 1525.0
1368950 1529.6
1368960 1529.6
1368970 1532.9
1368980 1535.4
1368990 1535.4
1369000 1537.4
1369010 1540.0
1369020 1540.0
1369030 1543.5
1369040 1547.1
1369050 1547.1
1369060 1550.9
1369070 1552.9
1369080 1552.9
1369090 1554.4
1369100 1553.6
1369110 1553.6
1369120 1550.9
1369130 1548.4
1369140 1548.4
1369150 1548.3
1369160 1548.8
1369170 1547.4
1369180 1547.4
1369190 1542.0
1369200 1535.1
1369210 1535.1
1369220 1528.7
1369230 1522.5
1369240 1522.5
1369250 1517.2
1369260 1511.9
1369270 1511.9
1369280 1506.1
1369290 1500.1
1369300 1500.1
1369310 1493.9
1369320 1487.7
1369330 1487.7
1369340 1481.8
1369350 1476.5
1369360 1476.5
1369370 1471.7
1369380 1466.6
1369390 1466.6
1369400 1461.4
1369410 1456.1
1369420 1456.1
1369430 1450.8
1369440 1445.8
1369450 1445.8
1369460 1441.5
1369470 1437.7
1369480 1437.7
1369490 1435.5
1369500 1434.0
1369510 1434.0
1369520 1432.0
1369530 1428.1
1369540 1423.3
1369550 1423.3
1369560 1418.2
1369570 1412.9
1369580 1412.9
1369590 1407.6
1369600 1402.7
1369610 1402.7
1369620 1398.3
1369630 1394.0
1369640 1394.0
1369650 1392.0
1369660 1389.3
1369670 1389.3
1369680 1386.1
1369690 1383.4
1369700 1383.4
1369710 1380.5
1369720 1377.6
1369730 1377.6
1369740 1374.2
1369750 1370.5
1369760 1370.5
1369770 1366.3
1369780 1362.3
1369790 1362.3
1369800 1359.0
1369810 1356.4
1369820 1356.4
1369830 1353.3
1369840 1350.2
1369850 1350.2
1369860 1347.0
1369870 1344.3
1369880 1344.3
1369890 1342.8
1369900 1340.8
1369910 1339.8
1369920 1339.8
1369930 1338.7
1369940 1337.1
1369950 1337.1
1369960 1334.6
1369970 1333.2
1369980 1333.2
1369990 1334.0
1370000 1334.6
1370010 1334.6
1370020 1335.8
1370030 1336.2
1370040 1336.2
1370050 1336.3
1370060 1338.6
1370070 1338.6
1370080 1340.3
1370090 1341.3
1370100 1341.3
1370110 1342.7
1370120 1344.0
1370130 1344.0
1370140 1344.2
1370150 1344.6
1370160 1344.6
1370170 1346.9
1370180 1349.7
1370190 1349.7
1370200 1352.7
1370210 1355.7
1370220 1355.7
1370230 1358.1
1370240 1360.9
1370250 1360.9
1370260 1364.3
1370270 1367.2
1370280 1367.2
1370290 1370.0
1370300 1372.5
1370310 1376.0
1370320 1376.0
1370330 1379.9
1370340 1384.1
1370350 1384.1
1370360 1388.4
1370370 1392.6
1370380 1392.6
1370390 1397.0
1370400 1401.2
1370410 1401.2
1370420 1405.5
1370430 1410.1
1370440 1410.1
1370450 1414.7
1370460 1419.2
1370470 1419.2
1370480 1423.4
1370490 1427.8
1370500 1427.8
1370510 1432.1
1370520 1436.1
1370530 1436.1
1370540 1440.7
1370550 1445.9
1370560 1445.9
1370570 1451.5
1370580 1457.7
1370590 1457.7
1370600 1463.8
1370610 1472.0
1370620 1472.0
1370630 1477.1
1370640 1477.3
1370650 1477.3
1370660 1481.4
1370670 1492.7
1370680 1503.7
1370690 1503.7
1370700 1512.1
1370710 1520.2
1370720 1520.2
1370730 1529.4
1370740 1538.7
1370750 1538.7
1370760 1545.7
1370770 1553.8
1370780 1553.8
1370790 1562.2
1370800 1570.4
1370810 1570.4
1370820 1577.8
1370830 1585.6
1370840 1585.6
1370850 1591.0
1370860 1592.2
1370870 1592.2
1370880 1600.7
1370890 1602.5
1370900 1602.5
1370910 1602.3
1370920 1610.9
1370930 1610.9
1370940 1627.8
1370950 1636.8
1370960 1636.8
1370970 1634.9
1370980 1634.9
1370990 1634.9
1371000 1640.2
1371010 1644.9
1371020 1644.9
1371030 1646.5
1371040 1650.2
1371050 1650.2
1371060 1658.1
1371070 1662.0
1371080 1665.1
1371090 1665.1
1371100 1670.9
1371110 1677.6
1371120 1677.6
1371130 1679.4
1371140 1679.5
1371150 1679.5
1371160 1682.1
1371170 1685.1
1371180 1685.1
1371190 1684.1
1371200 1680.2
1371210 1680.2
1371220 1676.7
1371230 1670.0
1371240 1670.0
1371250 1666.9
1371260 1664.6
1371270 1664.6
1371280 1665.3
1371290 1670.2
1371300 1670.2
1371310 1673.7
1371320 1671.2
1371330 1671.2
1371340 1671.1
1371350 1662.7
1371360 1662.7
1371370 1653.9
1371380 1648.0
1371390 1648.0
1371400 1643.0
1371410 1640.0
1371420 1640.0
1371430 1637.2
1371440 1639.9
1371450 1641.7
1371460 1641.7
1371470 1639.8
1371480 1633.7
1371490 1633.7
1371500 1625.3
1371510 1626.3
1371520 1626.3
1371530 1629.9
1371540 1624.0
1371550 1624.0
1371560 1620.4
1371570 1620.7
1371580 1620.7
1371590 1624.1
1371600 1627.4
1371610 1627.4
1371620 1622.1
1371630 1618.9
1371640 1618.9
1371650 1617.2
1371660 1612.2
1371670 1612.2
1371680 1608.8
1371690 1609.6
1371700 1609.6
1371710 1611.9
1371720 1611.7
1371730 1611.7
1371740 1609.1
1371750 1601.4
1371760 1601.4
1371770 1589.5
1371780 1585.7
1371790 1585.7
1371800 1585.0
1371810 1583.5
1371820 1584.5
1371830 1584.5
1371840 1582.5
1371850 1577.2
1371860 1577.2
1371870 1577.7
1371880 1580.8
1371890 1580.8
1371900 1584.6
1371910 1578.8
1371920 1578.8
1371930 1581.1
1371940 1585.4
1371950 1585.4
1371960 1590.1
1371970 1594.1
1371980 1594.1
1371990 1597.3
1372000 1598.4
1372010 1598.4
1372020 1596.7
1372030 1591.6
1372040 1591.6
1372050 1582.5
1372060 1568.9
1372070 1568.9
1372080 1553.9
1372090 1548.5
1372100 1548.5
1372110 1541.7
1372120 1532.7
1372130 1532.7
1372140 1524.2
1372150 1518.2
1372160 1518.2
1372170 1515.0
1372180 1512.5
1372190 1512.5
1372200 1512.1
1372210 1512.5
1372220 1509.7
1372230 1509.7
1372240 1503.8
1372250 1497.9
1372260 1497.9
1372270 1493.1
1372280 1488.5
1372290 1488.5
1372300 1484.5
1372310 1485.9
1372320 1485.9
1372330 1487.6
1372340 1489.4
1372350 1489.4
1372360 1492.1
1372370 1494.7
1372380 1494.7
1372390 1495.5
1372400 1495.5
1372410 1495.5
1372420 1494.8
1372430 1494.0
1372440 1494.0
1372450 1492.9
1372460 1491.7
1372470 1491.7
1372480 1490.2
1372490 1487.8
1372500 1487.8
1372510 1482.5
1372520 1476.0
1372530 1476.0
1372540 1470.2
1372550 1464.0
1372560 1464.0
1372570 1458.8
1372580 1454.5
1372590 1451.8
1372600 1451.8
1372610 1447.7
1372620 1438.9
1372630 1438.9
1372640 1431.8
1372650 1428.2
1372660 1428.2
1372670 1427.4
1372680 1428.9
1372690 1428.9
1372700 1430.3
1372710 1430.5
1372720 1430.5
1372730 1430.9
1372740 1431.6
1372750 1431.6
1372760 1428.3
1372770 1425.2
1372780 1425.2
1372790 1424.9
1372800 1428.1
1372810 1428.1
1372820 1432.3
1372830 1433.5
1372840 1433.5
1372850 1433.8
1372860 1433.9
1372870 1433.9
1372880 1433.5
1372890 1432.3
1372900 1432.3
1372910 1430.4
1372920 1427.8
1372930 1427.8
1372940 1424.6
1372950 1420.3
1372960 1420.3
1372970 1415.1
1372980 1409.9
1372990 1405.2
1373000 1405.2
1373010 1403.3
1373020 1403.8
1373030 1403.8
1373040 1404.8
1373050 1400.0
1373060 1400.0
1373070 1399.2
1373080 1395.2
1373090 1395.2
1373100 1391.6
1373110 1383.9
1373120 1383.9
1373130 1374.2
1373140 1363.8
1373150 1363.8
1373160 1352.7
1373170 1343.7
1373180 1343.7
1373190 1336.1
1373200 1327.0
1373210 1327.0
1373220 1319.2
1373230 1312.8
1373240 1312.8
1373250 1307.8
1373260 1304.2
1373270 1304.2
1373280 1303.4
1373290 1304.3
1373300 1304.3
1373310 1306.8
1373320 1308.1
1373330 1308.1
1373340 1306.3
1373350 1302.2
1373360 1298.8
1373370 1298.8
1373380 1296.6
1373390 1294.2
1373400 1294.2
1373410 1291.2
1373420 1286.5
1373430 1286.5
1373440 1286.4
1373450 1289.8
1373460 1289.8
1373470 1290.9
1373480 1290.2
1373490 1290.2
1373500 1291.2
1373510 1294.1
1373520 1294.1
1373530 1289.9
1373540 1283.0
1373550 1283.0
1373560 1278.0
1373570 1278.6
1373580 1278.6
1373590 1281.7
1373600 1288.4
1373610 1288.4
1373620 1295.5
1373630 1296.0
1373640 1296.0
1373650 1294.3
1373660 1293.8
1373670 1293.8
1373680 1291.8
1373690 1286.9
1373700 1286.9
1373710 1285.1
1373720 1280.9
1373730 1274.6
1373740 1274.6
1373750 1269.4
1373760 1264.9
1373770 1264.9
1373780 1260.2
1373790 1259.6
1373800 1259.6
1373810 1264.6
1373820 1268.3
1373830 1268.3
1373840 1272.9
1373850 1273.1
1373860 1273.1
1373870 1266.0
1373880 1259.5
1373890 1259.5
1373900 1257.0
1373910 1257.3
1373920 1257.3
1373930 1257.8
1373940 1259.6
1373950 1259.6
1373960 1264.0
1373970 1268.9
1373980 1268.9
1373990 1270.8
1374000 1270.6
1374010 1270.6
1374020 1270.7
1374030 1272.6
1374040 1272.6
1374050 1274.2
1374060 1274.0
1374070 1274.0
1374080 1271.4
1374090 1267.5
1374100 1267.5
1374110 1263.8
1374120 1259.3
1374130 1255.9
1374140 1255.9
1374150 1254.7
1374160 1254.0
1374170 1254.0
1374180 1253.1
1374190 1254.2
1374200 1254.2
1374210 1249.8
1374220 1247.4
1374230 1247.4
1374240 1244.2
1374250 1241.4
1374260 1241.4
1374270 1240.3
1374280 1238.2
1374290 1238.2
1374300 1234.7
1374310 1234.1
1374320 1234.1
1374330 1235.6
1374340 1234.7
1374350 1234.7
1374360 1233.8
1374370 1231.5
1374380 1231.5
1374390 1234.5
1374400 1237.3
1374410 1237.3
1374420 1239.1
1374430 1241.0
1374440 1241.0
1374450 1241.7
1374460 1242.6
1374470 1242.6
1374480 1244.0
1374490 1247.6
1374500 1253.2
1374510 1253.2
1374520 1259.1
1374530 1265.0
1374540 1265.0
1374550 1271.1
1374560 1277.0
1374570 1277.0
1374580 1283.1
1374590 1288.4
1374600 1288.4
1374610 1293.0
1374620 1296.0
1374630 1296.0
1374640 1297.4
1374650 1297.7
1374660 1297.7
1374670 1295.1
1374680 1290.0
1374690 1290.0
1374700 1284.6
1374710 1282.3
1374720 1282.3
1374730 1284.7
1374740 1283.3
1374750 1283.3
1374760 1276.2
1374770 1271.4
1374780 1271.4
1374790 1269.3
1374800 1270.3
1374810 1270.3
1374820 1275.9
1374830 1276.2
1374840 1276.2
1374850 1274.6
1374860 1276.4
1374870 1276.4
1374880 1282.5
1374890 1289.9
1374900 1296.7
1374910 1296.7
1374920 1301.4
1374930 1306.0
1374940 1306.0
1374950 1310.7
1374960 1315.2
1374970 1315.2
1374980 1319.6
1374990 1323.8
1375000 1323.8
1375010 1326.6
1375020 1327.6
1375030 1327.6
1375040 1327.6
1375050 1326.3
1375060 1326.3
1375070 1321.4
1375080 1316.1
1375090 1316.1
1375100 1313.2
1375110 1308.4
1375120 1308.4
1375130 1302.1
1375140 1294.0
1375150 1294.0
1375160 1286.6
1375170 1278.4
1375180 1278.4
1375190 1268.7
1375200 1260.5
1375210 1260.5
1375220 1254.2
1375230 1249.4
1375240 1249.4
1375250 1250.2
1375260 1256.9
1375270 1262.8
1375280 1262.8
1375290 1256.7
1375300 1248.7
1375310 1248.7
1375320 1243.8
1375330 1240.0
1375340 1240.0
1375350 1228.1
1375360 1229.8
1375370 1229.8
1375380 1230.7
1375390 1194.6
1375400 1194.6
1375410 1158.9
1375420 1143.0
1375430 1143.0
1375440 1136.1
1375450 1132.4
1375460 1132.4
1375470 1129.0
1375480 1126.3
1375490 1126.3
1375500 1124.7
1375510 1123.6
1375520 1123.6
1375530 1122.0
1375540 1121.0
1375550 1121.0
1375560 1121.8
1375570 1125.7
1375580 1125.7
1375590 1129.2
1375600 1133.3
1375610 1133.3
1375620 1138.4
1375630 1141.5
1375640 1146.0
1375650 1146.0
1375660 1152.6
1375670 1160.8
1375680 1160.8
1375690 1173.0
1375700 1173.8
1375710 1173.8
1375720 1176.0
1375730 1176.3
1375740 1176.3
1375750 1168.6
1375760 1164.1
1375770 1164.1
1375780 1170.6
1375790 1170.4
1375800 1170.4
1375810 1176.9
1375820 1189.1
1375830 1189.1
1375840 1199.1
1375850 1205.5
1375860 1205.5
1375870 1209.6
1375880 1212.3
1375890 1212.3
1375900 1215.7
1375910 1219.3
1375920 1219.3
1375930 1220.6
1375940 1220.6
1375950 1220.6
1375960 1219.6
1375970 1212.5
1375980 1212.5
1375990 1198.7
1376000 1186.1
1376010 1186.1
1376020 1174.4
1376030 1168.1
1376040 1165.0
1376050 1165.0
1376060 1162.7
1376070 1159.1
1376080 1159.1
1376090 1155.9
1376100 1155.6
1376110 1155.6
1376120 1155.4
1376130 1155.2
1376140 1155.2
1376150 1154.0
1376160 1149.9
1376170 1149.9
1376180 1150.6
1376190 1151.4
1376200 1151.4
1376210 1157.2
1376220 1164.7
1376230 1164.7
1376240 1177.1
1376250 1189.9
1376260 1189.9
1376270 1197.1
1376280 1203.5
1376290 1203.5
1376300 1207.5
1376310 1205.5
1376320 1205.5
1376330 1202.1
1376340 1210.5
1376350 1210.5
1376360 1220.2
1376370 1232.6
1376380 1232.6
1376390 1233.7
1376400 1224.0
1376410 1220.7
1376420 1220.7
1376430 1222.4
1376440 1226.9
1376450 1226.9
1376460 1231.0
1376470 1237.0
1376480 1237.0
1376490 1246.9
1376500 1249.7
1376510 1249.7
1376520 1249.1
1376530 1247.8
1376540 1247.8
1376550 1247.9
1376560 1249.0
1376570 1249.0
1376580 1250.3
1376590 1250.6
1376600 1250.6
1376610 1250.4
1376620 1249.2
1376630 1249.2
1376640 1248.6
1376650 1250.7
1376660 1250.7
1376670 1251.3
1376680 1249.7
1376690 1249.7
1376700 1247.8
1376710 1247.6
1376720 1247.6
1376730 1249.4
1376740 1249.9
1376750 1249.9
1376760 1248.8
1376770 1248.5
1376780 1248.5
1376790 1249.7
1376800 1250.5
1376810 1250.0
1376820 1250.0
1376830 1248.3
1376840 1246.4
1376850 1246.4
1376860 1244.5
1376870 1242.0
1376880 1242.0
1376890 1238.1
1376900 1234.0
1376910 1234.0
1376920 1229.9
1376930 1225.6
1376940 1225.6
1376950 1220.5
1376960 1215.9
1376970 1215.9
1376980 1212.2
1376990 1208.8
1377000 1208.8
1377010 1204.3
1377020 1198.9
1377030 1198.9
1377040 1194.3
1377050 1190.4
1377060 1190.4
1377070 1185.7
1377080 1180.6
1377090 1180.6
1377100 1175.6
1377110 1171.9
1377120 1171.9
1377130 1170.2
1377140 1169.3
1377150 1169.3
1377160 1168.7
1377170 1165.7
1377180 1156.3
1377190 1156.3
1377200 1143.7
1377210 1135.2
1377220 1135.2
1377230 1127.4
1377240 1120.6
1377250 1120.6
1377260 1114.4
1377270 1108.8
1377280 1108.8
1377290 1103.7
1377300 1099.3
1377310 1099.3
1377320 1094.6
1377330 1089.9
1377340 1089.9
1377350 1084.7
1377360 1079.2
1377370 1079.2
1377380 1073.8
1377390 1066.3
1377400 1066.3
1377410 1057.9
1377420 1049.8
1377430 1049.8
1377440 1042.6
1377450 1036.2
1377460 1036.2
1377470 1031.7
1377480 1026.9
1377490 1026.9
1377500 1020.3
1377510 1011.6
1377520 1011.6
1377530 1001.6
1377540 993.0
1377550 985.6
1377560 985.6
1377570 979.6
1377580 974.6
1377590 974.6
1377600 970.2
1377610 964.9
1377620 964.9
1377630 953.7
1377640 925.4
1377650 925.4
1377660 909.9
1377670 899.3
1377680 899.3
1377690 890.4
1377700 880.6
1377710 880.6
1377720 866.9
1377730 855.3
1377740 855.3
1377750 843.0
1377760 834.6
1377770 834.6
1377780 826.3
1377790 817.5
1377800 817.5
1377810 802.8
1377820 778.1
1377830 778.1
1377840 760.0
1377850 754.9
1377860 754.9
1377870 749.5
1377880 744.5
1377890 744.5
1377900 737.5
1377910 729.6
1377920 729.6
1377930 724.1
1377940 720.6
1377950 717.1
1377960 717.1
1377970 713.7
1377980 711.1
1377990 711.1
1378000 708.7
1378010 705.9
1378020 705.9
1378030 703.1
1378040 700.9
1378050 700.9
1378060 699.5
1378070 698.5
1378080 698.5
1378090 698.1
1378100 697.9
1378110 697.9
1378120 697.9
1378130 698.0
1378140 698.0
1378150 698.0
1378160 697.8
1378170 697.8
1378180 697.7
1378190 697.9
1378200 697.9
1378210 698.0
1378220 698.1
1378230 698.1
1378240 698.2
1378250 698.3
1378260 698.3
1378270 698.3
1378280 698.3
1378290 698.3
1378300 698.5
1378310 698.8
1378320 698.8
1378330 698.8
1378340 699.0
1378350 699.0
1378360 699.0
1378370 699.2
1378380 699.4
1378390 699.4
1378400 699.4
1378410 699.4
1378420 699.4
1378430 699.4
1378440 699.2
1378450 699.2
1378460 699.5
1378470 698.0
1378480 698.0
1378490 696.2
1378500 696.0
1378510 696.0
1378520 696.2
1378530 696.2
1378540 696.2
1378550 694.7
1378560 693.5
1378570 693.5
1378580 693.9
1378590 695.1
1378600 695.1
1378610 696.5
1378620 696.6
1378630 696.6
1378640 696.8
1378650 696.9
1378660 696.9
1378670 697.4
1378680 698.6
1378690 698.6
1378700 699.2
1378710 699.4
1378720 699.6
1378730 699.6
1378740 700.0
1378750 700.3
1378760 700.3
1378770 700.4
1378780 700.5
1378790 700.5
1378800 701.6
1378810 708.1
1378820 708.1
1378830 727.7
1378840 741.6
1378850 741.6
1378860 752.0
1378870 758.6
1378880 758.6
1378890 762.5
1378900 768.2
1378910 768.2
1378920 770.0
1378930 767.8
1378940 767.8
1378950 772.2
1378960 772.8
1378970 772.8
1378980 774.6
1378990 774.1
1379000 774.1
1379010 772.2
1379020 770.5
1379030 770.5
1379040 769.7
1379050 770.7
1379060 770.7
1379070 772.1
1379080 774.1
1379090 776.6
1379100 776.6
1379110 781.2
1379120 786.6
1379130 786.6
1379140 792.8
1379150 799.9
1379160 799.9
1379170 806.1
1379180 811.5
1379190 811.5
1379200 817.0
1379210 823.1
1379220 823.1
1379230 828.0
1379240 834.3
1379250 834.3
1379260 840.4
1379270 845.6
1379280 845.6
1379290 851.7
1379300 858.6
1379310 858.6
1379320 866.6
1379330 873.0
1379340 873.0
1379350 876.6
1379360 880.2
1379370 880.2
1379380 883.2
1379390 885.1
1379400 885.1
1379410 886.9
1379420 889.2
1379430 889.2
1379440 893.5
1379450 900.3
1379460 908.2
1379470 908.2
1379480 914.9
1379490 920.6
1379500 920.6
1379510 927.9
1379520 934.6
1379530 934.6
1379540 941.1
1379550 947.9
1379560 947.9
1379570 954.6
1379580 960.2
1379590 960.2
1379600 965.8
1379610 970.9
1379620 970.9
1379630 975.3
1379640 980.1
1379650 980.1
1379660 985.1
1379670 986.0
1379680 986.0
1379690 984.7
1379700 983.8
1379710 983.8
1379720 983.5
1379730 987.8
1379740 987.8
1379750 988.3
1379760 987.0
1379770 987.0
1379780 985.3
1379790 985.8
1379800 985.8
1379810 985.4
1379820 983.8
1379830 983.8
1379840 982.8
1379850 981.4
1379860 982.9
1379870 982.9
1379880 985.9
1379890 989.4
1379900 989.4
1379910 991.1
1379920 993.7
1379930 993.7
1379940 998.7
1379950 999.1
1379960 999.1
1379970 998.2
1379980 998.2
1379990 998.2
