1360000 1145.4
1360010 1145.4
1360020 1145.4
1360030 1143.9
1360040 1143.9
1360050 1134.5
1360060 1123.4
1360070 1123.4
1360080 1111.0
1360090 1105.4
1360100 1100.3
1360110 1100.3
1360120 1096.2
1360130 1090.8
1360140 1090.8
1360150 1084.8
1360160 1079.0
1360170 1079.0
1360180 1073.7
1360190 1069.6
1360200 1069.6
1360210 1066.0
1360220 1062.1
1360230 1062.1
1360240 1059.0
1360250 1056.6
1360260 1056.6
1360270 1054.5
1360280 1052.1
1360290 1052.1
1360300 1049.5
1360310 1047.5
1360320 1047.5
1360330 1045.7
1360340 1043.7
1360350 1043.7
1360360 1042.5
1360370 1044.6
1360380 1044.6
1360390 1046.1
1360400 1046.3
1360410 1046.3
1360420 1045.3
1360430 1037.2
1360440 1037.2
1360450 1033.9
1360460 1030.7
1360470 1030.7
1360480 1027.7
1360490 1024.9
1360500 1021.6
1360510 1021.6
1360520 1018.1
1360530 1014.7
1360540 1014.7
1360550 1012.0
1360560 1009.5
1360570 1009.5
1360580 1006.7
1360590 1004.5
1360600 1004.5
1360610 1002.7
1360620 1000.2
1360630 1000.2
1360640 996.4
1360650 993.4
1360660 993.4
1360670 995.3
1360680 996.4
1360690 996.4
1360700 994.6
1360710 993.5
1360720 993.5
1360730 993.8
1360740 992.2
1360750 992.2
1360760 990.7
1360770 989.4
1360780 989.4
1360790 988.0
1360800 986.8
1360810 986.8
1360820 985.2
1360830 983.5
1360840 983.5
1360850 981.3
1360860 978.8
1360870 976.9
1360880 976.9
1360890 975.5
1360900 974.2
1360910 974.2
1360920 972.3
1360930 971.0
1360940 971.0
1360950 970.2
1360960 969.6
1360970 969.6
1360980 967.4
1360990 963.0
1361000 963.0
1361010 958.7
1361020 954.4
1361030 954.4
1361040 948.8
1361050 940.6
1361060 940.6
1361070 937.5
1361080 944.7
1361090 944.7
1361100 950.0
1361110 955.8
1361120 955.8
1361130 962.4
1361140 969.8
1361150 969.8
1361160 976.1
1361170 978.6
1361180 978.6
1361190 980.3
1361200 983.7
1361210 983.7
1361220 990.1
1361230 997.2
1361240 997.2
1361250 999.5
1361260 1001.4
1361270 1004.6
1361280 1004.6
1361290 1006.8
1361300 1009.0
1361310 1009.0
1361320 1010.0
1361330 1011.3
1361340 1011.3
1361350 1014.6
1361360 1018.1
1361370 1018.1
1361380 1021.3
1361390 1026.3
1361400 1026.3
1361410 1029.8
1361420 1032.6
1361430 1032.6
1361440 1035.6
1361450 1037.7
1361460 1037.7
1361470 1036.1
1361480 1037.7
1361490 1037.7
1361500 1038.8
1361510 1038.8
1361520 1038.8
1361530 1038.0
1361540 1036.6
1361550 1036.6
1361560 1034.6
1361570 1031.8
1361580 1031.8
1361590 1031.1
1361600 1031.0
1361610 1031.0
1361620 1029.9
1361630 1027.4
1361640 1023.0
1361650 1023.0
1361660 1016.7
1361670 1009.1
1361680 1009.1
1361690 1002.0
1361700 996.0
1361710 996.0
1361720 991.6
1361730 988.2
1361740 988.2
1361750 982.9
1361760 977.9
1361770 977.9
1361780 980.4
1361790 982.5
1361800 982.5
1361810 986.3
1361820 989.9
1361830 989.9
1361840 992.9
1361850 997.1
1361860 997.1
1361870 1000.3
1361880 1002.6
1361890 1002.6
1361900 1005.2
1361910 1007.2
1361920 1007.2
1361930 1009.1
1361940 1011.7
1361950 1011.7
1361960 1015.1
1361970 1018.0
1361980 1018.0
1361990 1021.3
1362000 1025.3
1362010 1025.3
1362020 1030.1
1362030 1035.6
1362040 1040.7
1362050 1040.7
1362060 1045.3
1362070 1048.8
1362080 1048.8
1362090 1051.2
1362100 1053.1
1362110 1053.1
1362120 1053.0
1362130 1053.0
1362140 1053.0
1362150 1054.3
1362160 1055.2
1362170 1055.2
1362180 1056.0
1362190 1055.8
1362200 1055.8
1362210 1055.9
1362220 1055.7
1362230 1055.7
1362240 1054.1
1362250 1050.9
1362260 1050.9
1362270 1051.6
1362280 1052.7
1362290 1052.7
1362300 1053.4
1362310 1054.4
1362320 1054.4
1362330 1055.4
1362340 1056.4
1362350 1056.4
1362360 1057.4
1362370 1058.4
1362380 1058.4
1362390 1059.6
1362400 1061.4
1362410 1061.4
1362420 1062.6
1362430 1063.2
1362440 1063.2
1362450 1063.2
1362460 1063.7
1362470 1063.6
1362480 1063.6
1362490 1064.4
1362500 1065.6
1362510 1065.6
1362520 1064.1
1362530 1065.7
1362540 1065.7
1362550 1067.0
1362560 1067.8
1362570 1067.8
1362580 1069.3
1362590 1071.8
1362600 1071.8
1362610 1074.0
1362620 1076.0
1362630 1076.0
1362640 1077.5
1362650 1079.0
1362660 1079.0
1362670 1080.5
1362680 1082.1
1362690 1082.1
1362700 1083.6
1362710 1085.2
1362720 1085.2
1362730 1087.5
1362740 1089.5
1362750 1089.5
1362760 1091.5
1362770 1092.6
1362780 1092.6
1362790 1093.1
1362800 1094.9
1362810 1094.9
1362820 1094.9
1362830 1095.3
1362840 1095.3
1362850 1095.3
1362860 1098.0
1362870 1102.5
1362880 1102.5
1362890 1105.0
1362900 1107.2
1362910 1107.2
1362920 1109.5
1362930 1111.5
1362940 1111.5
1362950 1112.4
1362960 1112.4
1362970 1112.4
1362980 1114.0
1362990 1116.8
1363000 1116.8
1363010 1119.5
1363020 1118.6
1363030 1118.6
1363040 1114.3
1363050 1112.1
1363060 1112.1
1363070 1115.6
1363080 1119.9
1363090 1119.9
1363100 1122.3
1363110 1123.9
1363120 1123.9
1363130 1124.1
1363140 1126.3
1363150 1126.3
1363160 1126.6
1363170 1125.8
1363180 1125.8
1363190 1124.7
1363200 1123.4
1363210 1125.0
1363220 1125.0
1363230 1128.3
1363240 1131.4
1363250 1131.4
1363260 1133.9
1363270 1135.3
1363280 1135.3
1363290 1135.9
1363300 1136.3
1363310 1136.3
1363320 1135.0
1363330 1135.1
1363340 1135.1
1363350 1136.3
1363360 1138.0
1363370 1138.0
1363380 1137.2
1363390 1134.8
1363400 1134.8
1363410 1135.0
1363420 1139.6
1363430 1139.6
1363440 1143.1
1363450 1144.5
1363460 1144.5
1363470 1146.4
1363480 1148.8
1363490 1148.8
1363500 1150.8
1363510 1152.4
1363520 1152.4
1363530 1152.5
1363540 1151.4
1363550 1151.4
1363560 1151.4
1363570 1149.9
1363580 1154.8
1363590 1154.8
1363600 1161.2
1363610 1168.8
1363620 1168.8
1363630 1177.1
1363640 1183.7
1363650 1183.7
1363660 1189.5
1363670 1194.7
1363680 1194.7
1363690 1199.6
1363700 1204.1
1363710 1204.1
1363720 1208.6
1363730 1214.0
1363740 1214.0
1363750 1217.6
1363760 1219.6
1363770 1219.6
1363780 1221.1
1363790 1222.4
1363800 1222.4
1363810 1224.1
1363820 1227.5
1363830 1227.5
1363840 1230.7
1363850 1232.3
1363860 1232.3
1363870 1233.9
1363880 1235.9
1363890 1235.9
1363900 1237.4
1363910 1238.7
1363920 1238.7
1363930 1240.5
1363940 1242.2
1363950 1242.2
1363960 1243.3
1363970 1244.1
1363980 1245.1
1363990 1245.1
1364000 1245.8
1364010 1247.1
1364020 1247.1
1364030 1247.8
1364040 1247.2
1364050 1247.2
1364060 1247.1
1364070 1247.6
1364080 1247.6
1364090 1247.3
1364100 1246.2
1364110 1246.2
1364120 1245.4
1364130 1245.4
1364140 1245.4
1364150 1245.7
1364160 1243.8
1364170 1243.8
1364180 1239.9
1364190 1234.1
1364200 1234.1
1364210 1226.1
1364220 1221.6
1364230 1221.6
1364240 1219.7
1364250 1219.1
1364260 1219.1
1364270 1217.0
1364280 1215.0
1364290 1215.0
1364300 1213.5
1364310 1211.1
1364320 1211.1
1364330 1206.1
1364340 1200.2
1364350 1200.2
1364360 1195.1
1364370 1191.6
1364380 1189.6
1364390 1189.6
1364400 1190.2
1364410 1191.8
1364420 1191.8
1364430 1193.5
1364440 1196.7
1364450 1196.7
1364460 1202.0
1364470 1206.4
1364480 1206.4
1364490 1210.8
1364500 1215.5
1364510 1215.5
1364520 1221.0
1364530 1223.0
1364540 1223.0
1364550 1224.9
1364560 1226.3
1364570 1226.3
1364580 1226.7
1364590 1226.8
1364600 1226.8
1364610 1226.6
1364620 1226.1
1364630 1220.8
1364640 1221.6
1364650 1221.1
1364660 1221.1
1364670 1220.6
1364680 1221.2
1364690 1221.2
1364700 1221.8
1364710 1223.4
1364720 1223.4
1364730 1226.5
1364740 1230.9
1364750 1236.6
1364760 1236.6
1364770 1243.5
1364780 1250.7
1364790 1250.7
1364800 1258.1
1364810 1265.5
1364820 1265.5
1364830 1272.1
1364840 1278.2
1364850 1278.2
1364860 1283.7
1364870 1288.9
1364880 1288.9
1364890 1293.6
1364900 1297.7
1364910 1297.7
1364920 1301.5
1364930 1304.8
1364940 1304.8
1364950 1307.1
1364960 1308.9
1364970 1308.9
1364980 1310.6
1364990 1312.1
1365000 1312.1
1365010 1314.1
1365020 1316.1
1365030 1316.1
1365040 1318.0
1365050 1319.6
1365060 1319.6
1365070 1320.6
1365080 1321.0
1365090 1321.0
1365100 1321.3
1365110 1320.9
1365120 1320.9
1365130 1320.1
1365140 1319.2
1365150 1318.5
1365160 1318.5
1365170 1316.7
1365180 1314.5
1365190 1314.5
1365200 1314.8
1365210 1317.4
1365220 1317.4
1365230 1321.2
1365240 1323.4
1365250 1323.4
1365260 1325.7
1365270 1329.3
1365280 1329.3
1365290 1333.0
1365300 1336.5
1365310 1336.5
1365320 1340.3
1365330 1344.1
1365340 1344.1
1365350 1347.8
1365360 1351.8
1365370 1351.8
1365380 1355.4
1365390 1357.7
1365400 1357.7
1365410 1359.6
1365420 1362.0
1365430 1362.0
1365440 1365.3
1365450 1367.6
1365460 1367.6
1365470 1368.9
1365480 1370.1
1365490 1370.1
1365500 1366.5
1365510 1362.7
1365520 1359.9
1365530 1359.9
1365540 1360.1
1365550 1364.3
1365560 1364.3
1365570 1371.9
1365580 1380.7
1365590 1380.7
1365600 1384.7
1365610 1386.4
1365620 1386.4
1365630 1387.3
1365640 1388.1
1365650 1388.1
1365660 1388.1
1365670 1383.5
1365680 1383.5
1365690 1374.7
1365700 1359.5
1365710 1359.5
1365720 1359.1
1365730 1359.1
1365740 1359.1
1365750 1356.1
1365760 1355.4
1365770 1355.4
1365780 1354.1
1365790 1351.2
1365800 1351.2
1365810 1349.6
1365820 1350.9
1365830 1350.9
1365840 1352.4
1365850 1354.6
1365860 1354.6
1365870 1359.1
1365880 1364.4
1365890 1364.4
1365900 1370.1
1365910 1375.3
1365920 1381.0
1365930 1381.0
1365940 1389.0
1365950 1396.3
1365960 1396.3
1365970 1400.7
1365980 1403.7
1365990 1403.7
1366000 1406.9
1366010 1412.6
1366020 1412.6
1366030 1419.9
1366040 1427.6
1366050 1427.6
1366060 1433.7
1366070 1440.5
1366080 1440.5
1366090 1447.0
1366100 1454.9
1366110 1454.9
1366120 1460.2
1366130 1461.9
1366140 1461.9
1366150 1465.8
1366160 1472.0
1366170 1472.0
1366180 1479.4
1366190 1487.9
1366200 1487.9
1366210 1495.6
1366220 1501.1
1366230 1501.1
1366240 1500.0
1366250 1498.1
1366260 1498.1
1366270 1500.1
1366280 1500.6
1366290 1500.6
1366300 1500.8
1366310 1501.6
1366320 1502.9
1366330 1502.9
1366340 1502.5
1366350 1503.6
1366360 1503.6
1366370 1505.7
1366380 1509.6
1366390 1509.6
1366400 1512.8
1366410 1516.5
1366420 1516.5
1366430 1522.2
1366440 1529.3
1366450 1529.3
1366460 1535.6
1366470 1544.0
1366480 1544.0
1366490 1549.1
1366500 1545.2
1366510 1545.2
1366520 1540.4
1366530 1535.3
1366540 1535.3
1366550 1530.5
1366560 1527.8
1366570 1527.8
1366580 1526.9
1366590 1525.0
1366600 1525.0
1366610 1523.8
1366620 1525.0
1366630 1525.0
1366640 1526.3
1366650 1528.1
1366660 1528.1
1366670 1529.2
1366680 1531.1
1366690 1533.9
1366700 1533.9
1366710 1537.2
1366720 1541.2
1366730 1541.2
1366740 1545.4
1366750 1548.1
1366760 1548.1
1366770 1551.7
1366780 1554.5
1366790 1550.2
1366800 1556.2
1366810 1562.4
1366820 1562.4
1366830 1567.4
1366840 1572.1
1366850 1572.1
1366860 1588.4
1366870 1618.6
1366880 1618.6
1366890 1631.7
1366900 1629.4
1366910 1629.4
1366920 1618.6
1366930 1628.2
1366940 1628.2
1366950 1684.8
1366960 1699.2
1366970 1699.2
1366980 1716.5
1366990 1733.4
1367000 1733.4
1367010 1752.3
1367020 1764.9
1367030 1764.9
1367040 1764.2
1367050 1763.4
1367060 1763.4
1367070 1763.5
1367080 1760.3
1367090 1746.8
1367100 1746.8
1367110 1729.5
1367120 1713.2
1367130 1713.2
1367140 1698.0
1367150 1691.1
1367160 1691.1
1367170 1696.3
1367180 1705.0
1367190 1705.0
1367200 1712.9
1367210 1719.9
1367220 1719.9
1367230 1718.9
1367240 1712.9
1367250 1712.9
1367260 1706.8
1367270 1699.5
1367280 1699.5
1367290 1691.7
1367300 1683.7
1367310 1683.7
1367320 1675.5
1367330 1668.2
1367340 1668.2
1367350 1660.9
1367360 1654.7
1367370 1654.7
1367380 1648.4
1367390 1642.9
1367400 1642.9
1367410 1641.8
1367420 1641.2
1367430 1641.2
1367440 1637.3
1367450 1632.0
1367460 1626.6
1367470 1626.6
1367480 1621.6
1367490 1614.8
1367500 1614.8
1367510 1606.3
1367520 1593.0
1367530 1593.0
1367540 1584.7
1367550 1579.7
1367560 1579.7
1367570 1573.9
1367580 1568.1
1367590 1568.1
1367600 1567.5
1367610 1567.6
1367620 1567.6
1367630 1564.7
1367640 1560.2
1367650 1560.2
1367660 1555.1
1367670 1548.6
1367680 1548.6
1367690 1546.3
1367700 1551.9
1367710 1551.9
1367720 1550.7
1367730 1548.2
1367740 1548.2
1367750 1549.4
1367760 1551.4
1367770 1551.4
1367780 1553.9
1367790 1555.6
1367800 1555.6
1367810 1558.8
1367820 1564.0
1367830 1564.0
1367840 1569.5
1367850 1568.9
1367860 1567.0
1367870 1567.0
1367880 1560.3
1367890 1557.9
1367900 1557.9
1367910 1553.3
1367920 1548.3
1367930 1548.3
1367940 1542.9
1367950 1537.6
1367960 1537.6
1367970 1531.5
1367980 1524.3
1367990 1524.3
1368000 1520.8
1368010 1519.5
1368020 1519.5
1368030 1518.6
1368040 1516.6
1368050 1516.6
1368060 1515.2
1368070 1515.7
1368080 1515.7
1368090 1518.3
1368100 1522.6
1368110 1522.6
1368120 1523.1
1368130 1524.4
1368140 1524.4
1368150 1525.3
1368160 1523.1
1368170 1523.1
1368180 1518.7
1368190 1515.3
1368200 1515.3
1368210 1514.4
1368220 1520.2
1368230 1520.2
1368240 1524.9
1368250 1526.4
1368260 1527.8
1368270 1527.8
1368280 1523.4
1368290 1517.3
1368300 1517.3
1368310 1519.6
1368320 1521.3
1368330 1521.3
1368340 1523.8
1368350 1524.7
1368360 1524.7
1368370 1535.5
1368380 1538.0
1368390 1538.0
1368400 1538.3
1368410 1538.8
1368420 1538.8
1368430 1538.2
1368440 1536.9
1368450 1536.9
1368460 1535.2
1368470 1533.0
1368480 1533.0
1368490 1530.2
1368500 1527.6
1368510 1527.6
1368520 1525.0
1368530 1520.8
1368540 1520.8
1368550 1518.3
1368560 1517.9
1368570 1517.9
1368580 1518.0
1368590 1517.7
1368600 1517.7
1368610 1518.8
1368620 1521.2
1368630 1523.1
1368640 1523.1
1368650 1524.0
1368660 1524.5
1368670 1524.5
1368680 1524.1
1368690 1524.0
1368700 1524.0
1368710 1523.7
1368720 1523.2
1368730 1523.2
1368740 1522.0
1368750 1521.0
1368760 1521.0
1368770 1519.9
1368780 1519.2
1368790 1519.2
1368800 1518.2
1368810 1517.7
1368820 1517.7
1368830 1517.5
1368840 1517.4
1368850 1517.4
1368860 1516.9
1368870 1516.6
1368880 1516.6
1368890 1515.6
1368900 1514.6
1368910 1514.6
1368920 1513.1
1368930 1511.3
1368940 1511.3
1368950 1509.3
1368960 1506.6
1368970 1506.6
1368980 1499.0
1368990 1495.7
1369000 1495.7
1369010 1492.7
1369020 1488.6
1369030 1484.7
1369040 1484.7
1369050 1481.1
1369060 1477.4
1369070 1477.4
1369080 1473.8
1369090 1469.4
1369100 1469.4
1369110 1464.4
1369120 1462.8
1369130 1462.8
1369140 1462.7
1369150 1458.4
1369160 1458.4
1369170 1458.1
1369180 1461.1
1369190 1461.1
1369200 1461.4
1369210 1459.6
1369220 1459.6
1369230 1457.0
1369240 1452.3
1369250 1452.3
1369260 1451.8
1369270 1454.5
1369280 1454.5
1369290 1452.8
1369300 1451.5
1369310 1451.5
1369320 1452.9
1369330 1455.8
1369340 1455.8
1369350 1457.6
1369360 1458.4
1369370 1458.4
1369380 1458.0
1369390 1457.8
1369400 1457.5
1369410 1457.5
1369420 1453.1
1369430 1449.6
1369440 1449.6
1369450 1444.5
1369460 1439.1
1369470 1439.1
1369480 1433.0
1369490 1428.4
1369500 1428.4
1369510 1423.1
1369520 1417.1
1369530 1417.1
1369540 1411.8
1369550 1406.1
1369560 1406.1
1369570 1401.2
1369580 1396.6
1369590 1396.6
1369600 1392.9
1369610 1388.6
1369620 1388.6
1369630 1384.0
1369640 1379.4
1369650 1379.4
1369660 1374.4
1369670 1369.3
1369680 1369.3
1369690 1363.9
1369700 1358.0
1369710 1358.0
1369720 1354.4
1369730 1352.0
1369740 1352.0
1369750 1347.2
1369760 1341.3
1369770 1341.3
1369780 1334.5
1369790 1328.6
1369800 1322.9
1369810 1322.9
1369820 1322.0
1369830 1319.4
1369840 1319.4
1369850 1314.8
1369860 1310.7
1369870 1310.7
1369880 1308.8
1369890 1306.5
1369900 1306.5
1369910 1301.9
1369920 1296.7
1369930 1296.7
1369940 1292.2
1369950 1289.0
1369960 1289.0
1369970 1285.0
1369980 1279.9
1369990 1279.9
1370000 1274.0
1370010 1271.4
1370020 1271.4
1370030 1269.6
1370040 1266.4
1370050 1266.4
1370060 1261.6
1370070 1258.7
1370080 1258.7
1370090 1252.8
1370100 1249.0
1370110 1249.0
1370120 1244.5
1370130 1241.2
1370140 1241.2
1370150 1237.5
1370160 1233.5
1370170 1233.5
1370180 1229.7
1370190 1226.3
1370200 1222.3
1370210 1222.3
1370220 1218.4
1370230 1215.0
1370240 1215.0
1370250 1211.7
1370260 1206.9
1370270 1206.9
1370280 1200.9
1370290 1194.9
1370300 1194.9
1370310 1188.3
1370320 1182.2
1370330 1182.2
1370340 1177.6
1370350 1174.8
1370360 1174.8
1370370 1175.6
1370380 1177.5
1370390 1177.5
1370400 1179.7
1370410 1180.9
1370420 1180.9
1370430 1180.0
1370440 1178.1
1370450 1178.1
1370460 1173.5
1370470 1168.9
1370480 1168.9
1370490 1165.3
1370500 1162.5
1370510 1162.5
1370520 1159.8
1370530 1158.2
1370540 1158.2
1370550 1156.8
1370560 1153.5
1370570 1149.6
1370580 1149.6
1370590 1144.7
1370600 1139.2
1370610 1139.2
1370620 1132.1
1370630 1131.1
1370640 1131.1
1370650 1129.5
1370660 1124.6
1370670 1124.6
1370680 1121.5
1370690 1121.9
1370700 1121.9
1370710 1121.7
1370720 1123.1
1370730 1123.1
1370740 1127.6
1370750 1133.2
1370760 1133.2
1370770 1135.6
1370780 1139.5
1370790 1139.5
1370800 1142.6
1370810 1143.6
1370820 1143.6
1370830 1145.7
1370840 1153.4
1370850 1153.4
1370860 1160.7
1370870 1167.2
1370880 1167.2
1370890 1171.8
1370900 1175.7
1370910 1175.7
1370920 1178.4
1370930 1180.2
1370940 1180.2
1370950 1182.4
1370960 1186.1
1370970 1190.2
1370980 1190.2
1370990 1194.7
1371000 1199.4
1371010 1199.4
1371020 1205.5
1371030 1209.8
1371040 1209.8
1371050 1218.8
1371060 1231.6
1371070 1231.6
1371080 1242.7
1371090 1251.9
1371100 1251.9
1371110 1260.1
1371120 1268.6
1371130 1268.6
1371140 1266.6
1371150 1267.5
1371160 1267.5
1371170 1276.9
1371180 1277.6
1371190 1277.6
1371200 1273.7
1371210 1270.2
1371220 1277.4
1371230 1277.5
1371240 1283.8
1371250 1283.8
1371260 1290.0
1371270 1291.7
1371280 1291.7
1371290 1296.1
1371300 1300.7
1371310 1300.7
1371320 1305.4
1371330 1308.2
1371340 1309.8
1371350 1309.8
1371360 1315.6
1371370 1322.8
1371380 1322.8
1371390 1335.7
1371400 1365.2
1371410 1365.2
1371420 1379.7
1371430 1389.9
1371440 1389.9
1371450 1404.8
1371460 1409.4
1371470 1409.4
1371480 1415.0
1371490 1421.0
1371500 1421.0
1371510 1424.4
1371520 1427.5
1371530 1427.5
1371540 1428.9
1371550 1415.5
1371560 1415.5
1371570 1383.4
1371580 1375.2
1371590 1375.2
1371600 1377.7
1371610 1382.5
1371620 1382.5
1371630 1387.8
1371640 1391.7
1371650 1391.7
1371660 1404.4
1371670 1412.9
1371680 1412.9
1371690 1422.7
1371700 1430.8
1371710 1430.8
1371720 1447.0
1371730 1455.5
1371740 1463.0
1371750 1463.0
1371760 1472.6
1371770 1478.3
1371780 1478.3
1371790 1480.8
1371800 1482.8
1371810 1482.8
1371820 1483.5
1371830 1483.9
1371840 1483.9
1371850 1483.7
1371860 1482.8
1371870 1482.8
1371880 1482.8
1371890 1482.5
1371900 1482.5
1371910 1482.0
1371920 1481.0
1371930 1481.0
1371940 1478.9
1371950 1476.5
1371960 1476.5
1371970 1474.1
1371980 1473.0
1371990 1473.0
1372000 1472.1
1372010 1471.2
1372020 1471.2
1372030 1470.6
1372040 1471.3
1372050 1471.3
1372060 1471.8
1372070 1471.2
1372080 1471.2
1372090 1472.7
1372100 1474.7
1372110 1474.7
1372120 1475.1
1372130 1474.7
1372140 1474.5
1372150 1474.5
1372160 1474.1
1372170 1472.2
1372180 1472.2
1372190 1469.2
1372200 1466.7
1372210 1466.7
1372220 1464.7
1372230 1462.7
1372240 1462.7
1372250 1460.2
1372260 1457.8
1372270 1457.8
1372280 1455.6
1372290 1454.4
1372300 1454.4
1372310 1454.1
1372320 1454.5
1372330 1454.5
1372340 1455.4
1372350 1455.3
1372360 1447.6
1372370 1448.8
1372380 1449.0
1372390 1449.0
1372400 1445.3
1372410 1442.9
1372420 1442.9
1372430 1441.0
1372440 1437.6
1372450 1437.6
1372460 1435.1
1372470 1431.6
1372480 1431.6
1372490 1428.8
1372500 1427.8
1372510 1426.7
1372520 1426.7
1372530 1425.8
1372540 1425.8
1372550 1425.8
1372560 1424.8
1372570 1421.9
1372580 1421.9
1372590 1418.7
1372600 1415.2
1372610 1415.2
1372620 1411.6
1372630 1407.9
1372640 1407.9
1372650 1405.7
1372660 1403.1
1372670 1403.1
1372680 1399.6
1372690 1396.7
1372700 1396.7
1372710 1394.9
1372720 1392.8
1372730 1392.8
1372740 1391.1
1372750 1389.8
1372760 1389.8
1372770 1387.4
1372780 1385.2
1372790 1385.2
1372800 1382.7
1372810 1381.1
1372820 1381.1
1372830 1380.3
1372840 1379.3
1372850 1379.3
1372860 1378.6
1372870 1378.1
1372880 1378.1
1372890 1377.1
1372900 1376.7
1372910 1376.3
1372920 1376.3
1372930 1375.5
1372940 1373.7
1372950 1373.7
1372960 1372.0
1372970 1368.1
1372980 1368.1
1372990 1362.9
1373000 1359.4
1373010 1359.4
1373020 1357.4
1373030 1355.6
1373040 1355.6
1373050 1355.0
1373060 1353.9
1373070 1353.9
1373080 1352.5
1373090 1348.3
1373100 1348.3
1373110 1344.7
1373120 1342.7
1373130 1342.7
1373140 1340.6
1373150 1337.8
1373160 1337.8
1373170 1334.4
1373180 1329.2
1373190 1329.2
1373200 1326.2
1373210 1326.8
1373220 1326.8
1373230 1326.4
1373240 1323.5
1373250 1323.5
1373260 1319.6
1373270 1317.0
1373280 1316.1
1373290 1316.1
1373300 1315.7
1373310 1315.3
1373320 1315.3
1373330 1315.2
1373340 1312.4
1373350 1312.4
1373360 1310.6
1373370 1307.7
1373380 1307.7
1373390 1302.2
1373400 1296.7
1373410 1296.7
1373420 1292.2
1373430 1288.4
1373440 1288.4
1373450 1286.0
1373460 1283.2
1373470 1283.2
1373480 1280.1
1373490 1276.2
1373500 1276.2
1373510 1272.6
1373520 1269.8
1373530 1269.8
1373540 1268.1
1373550 1267.2
1373560 1267.2
1373570 1267.0
1373580 1266.2
1373590 1266.2
1373600 1265.1
1373610 1263.3
1373620 1263.3
1373630 1259.7
1373640 1255.3
1373650 1255.3
1373660 1252.0
1373670 1250.9
1373680 1250.0
1373690 1250.0
1373700 1248.2
1373710 1245.8
1373720 1245.8
1373730 1244.0
1373740 1242.5
1373750 1242.5
1373760 1241.5
1373770 1240.4
1373780 1240.4
1373790 1239.1
1373800 1238.5
1373810 1238.5
1373820 1237.4
1373830 1235.8
1373840 1235.8
1373850 1234.3
1373860 1231.7
1373870 1231.7
1373880 1229.3
1373890 1228.6
1373900 1228.6
1373910 1228.0
1373920 1227.0
1373930 1227.0
1373940 1226.9
1373950 1226.9
1373960 1226.9
1373970 1226.1
1373980 1224.5
1373990 1224.5
1374000 1222.7
1374010 1221.9
1374020 1221.9
1374030 1221.4
1374040 1220.8
1374050 1220.8
1374060 1220.2
1374070 1219.2
1374080 1217.6
1374090 1217.6
1374100 1215.4
1374110 1213.8
1374120 1213.8
1374130 1213.3
1374140 1212.3
1374150 1212.3
1374160 1211.5
1374170 1210.9
1374180 1210.9
1374190 1210.1
1374200 1209.1
1374210 1209.1
1374220 1208.2
1374230 1207.3
1374240 1207.3
1374250 1205.7
1374260 1204.0
1374270 1204.0
1374280 1202.7
1374290 1201.3
1374300 1201.3
1374310 1200.3
1374320 1199.0
1374330 1199.0
1374340 1197.1
1374350 1194.9
1374360 1194.9
1374370 1193.2
1374380 1191.1
1374390 1191.1
1374400 1189.3
1374410 1188.0
1374420 1188.0
1374430 1187.5
1374440 1186.8
1374450 1185.7
1374460 1185.7
1374470 1184.6
1374480 1183.5
1374490 1183.5
1374500 1182.4
1374510 1181.5
1374520 1181.5
1374530 1181.5
1374540 1181.2
1374550 1181.2
1374560 1180.5
1374570 1179.1
1374580 1179.1
1374590 1177.8
1374600 1175.5
1374610 1175.5
1374620 1173.1
1374630 1170.6
1374640 1170.6
1374650 1168.0
1374660 1163.9
1374670 1161.9
1374680 1157.8
1374690 1155.2
1374700 1155.2
1374710 1153.1
1374720 1152.0
1374730 1152.0
1374740 1150.9
1374750 1148.9
1374760 1148.9
1374770 1146.3
1374780 1143.0
1374790 1143.0
1374800 1139.7
1374810 1136.3
1374820 1136.3
1374830 1132.0
1374840 1127.0
1374850 1121.6
1374860 1121.6
1374870 1117.6
1374880 1118.0
1374890 1118.0
1374900 1116.1
1374910 1110.9
1374920 1110.9
1374930 1106.9
1374940 1103.9
1374950 1103.9
1374960 1101.8
1374970 1101.2
1374980 1101.2
1374990 1100.8
1375000 1100.6
1375010 1100.6
1375020 1098.5
1375030 1097.3
1375040 1097.3
1375050 1096.3
1375060 1093.3
1375070 1093.3
1375080 1091.3
1375090 1090.2
1375100 1090.2
1375110 1089.3
1375120 1089.0
1375130 1089.0
1375140 1088.7
1375150 1088.6
1375160 1088.6
1375170 1090.1
1375180 1090.6
1375190 1090.6
1375200 1091.2
1375210 1092.2
1375220 1093.1
1375230 1093.1
1375240 1093.6
1375250 1094.0
1375260 1094.0
1375270 1094.0
1375280 1093.9
1375290 1093.9
1375300 1093.2
1375310 1091.9
1375320 1091.9
1375330 1090.2
1375340 1088.3
1375350 1088.3
1375360 1086.6
1375370 1085.1
1375380 1085.1
1375390 1083.7
1375400 1082.3
1375410 1082.3
1375420 1080.9
1375430 1079.9
1375440 1079.9
1375450 1079.7
1375460 1079.2
1375470 1079.2
1375480 1078.6
1375490 1078.3
1375500 1078.3
1375510 1078.1
1375520 1076.4
1375530 1076.4
1375540 1076.1
1375550 1076.3
1375560 1076.3
1375570 1075.8
1375580 1075.2
1375590 1075.2
1375600 1074.8
1375610 1073.9
1375620 1072.4
1375630 1072.4
1375640 1070.3
1375650 1067.6
1375660 1067.6
1375670 1064.8
1375680 1062.7
1375690 1062.7
1375700 1061.1
1375710 1059.7
1375720 1059.7
1375730 1059.5
1375740 1059.1
1375750 1059.1
1375760 1058.0
1375770 1056.8
1375780 1056.8
1375790 1056.0
1375800 1054.3
1375810 1054.3
1375820 1051.3
1375830 1047.5
1375840 1050.8
1375850 1047.9
1375860 1044.9
1375870 1044.9
1375880 1042.1
1375890 1039.8
1375900 1039.8
1375910 1037.9
1375920 1035.4
1375930 1035.4
1375940 1033.0
1375950 1029.2
1375960 1029.2
1375970 1024.1
1375980 1019.5
1375990 1015.3
1376000 1015.3
1376010 1012.3
1376020 1010.6
1376030 1010.6
1376040 1008.7
1376050 1006.9
1376060 1006.9
1376070 1006.0
1376080 1005.6
1376090 1005.6
1376100 1004.5
1376110 1001.8
1376120 1001.8
1376130 998.5
1376140 994.7
1376150 994.7
1376160 990.9
1376170 988.1
1376180 988.1
1376190 982.5
1376200 976.8
1376210 976.8
1376220 971.7
1376230 967.2
1376240 967.2
1376250 965.6
1376260 962.8
1376270 962.8
1376280 960.0
1376290 956.4
1376300 956.4
1376310 952.8
1376320 948.8
1376330 948.8
1376340 945.6
1376350 942.4
1376360 942.4
1376370 939.3
1376380 936.4
1376390 933.7
1376400 933.7
1376410 929.9
1376420 926.9
1376430 926.9
1376440 924.1
1376450 920.4
1376460 920.4
1376470 917.3
1376480 913.5
1376490 913.5
1376500 907.6
1376510 901.6
1376520 901.6
1376530 897.1
1376540 894.2
1376550 894.2
1376560 889.7
1376570 884.5
1376580 884.5
1376590 882.8
1376600 880.8
1376610 880.8
1376620 876.7
1376630 872.7
1376640 872.7
1376650 868.9
1376660 864.6
1376670 864.6
1376680 857.7
1376690 847.2
1376700 847.2
1376710 837.4
1376720 829.1
1376730 829.1
1376740 822.1
1376750 817.1
1376760 817.1
1376770 810.5
1376780 804.7
1376790 799.5
1376800 799.5
1376810 794.6
1376820 790.9
1376830 790.9
1376840 787.5
1376850 784.5
1376860 784.5
1376870 781.1
1376880 777.7
1376890 777.7
1376900 774.6
1376910 771.8
1376920 771.8
1376930 769.1
1376940 766.7
1376950 766.7
1376960 763.9
1376970 760.9
1376980 760.9
1376990 758.0
1377000 755.4
1377010 755.4
1377020 752.4
1377030 751.4
1377040 751.4
1377050 747.9
1377060 745.5
1377070 745.5
1377080 744.5
1377090 743.5
1377100 743.5
1377110 741.9
1377120 740.4
1377130 740.4
1377140 739.3
1377150 738.0
1377160 737.4
1377170 737.4
1377180 737.4
1377190 737.3
1377200 737.3
1377210 736.7
1377220 734.8
1377230 734.8
1377240 734.6
1377250 733.8
1377260 733.8
1377270 733.4
1377280 732.7
1377290 732.7
1377300 731.6
1377310 730.6
1377320 730.6
1377330 730.2
1377340 730.7
1377350 730.7
1377360 730.4
1377370 729.3
1377380 729.3
1377390 728.3
1377400 727.8
1377410 727.8
1377420 726.9
1377430 725.8
1377440 725.8
1377450 724.3
1377460 722.6
1377470 722.6
1377480 719.9
1377490 718.4
1377500 718.4
1377510 716.8
1377520 715.5
1377530 715.5
1377540 714.6
1377550 713.7
1377560 712.8
1377570 712.8
1377580 711.5
1377590 711.5
1377600 711.5
1377610 710.7
1377620 709.6
1377630 709.6
1377640 708.6
1377650 707.9
1377660 707.9
1377670 707.3
1377680 707.1
1377690 707.1
1377700 706.9
1377710 706.6
1377720 706.6
1377730 706.1
1377740 705.2
1377750 705.2
1377760 704.1
1377770 702.8
1377780 702.8
1377790 701.5
1377800 699.9
1377810 699.9
1377820 698.5
1377830 697.0
1377840 697.0
1377850 695.7
1377860 694.5
1377870 694.5
1377880 692.8
1377890 691.1
1377900 691.1
1377910 689.5
1377920 688.5
1377930 687.8
1377940 687.8
1377950 687.2
1377960 686.9
1377970 686.9
1377980 687.3
1377990 687.8
1378000 687.8
1378010 688.5
1378020 689.3
1378030 689.3
1378040 689.5
1378050 689.0
1378060 689.0
1378070 688.1
1378080 688.3
1378090 688.3
1378100 688.7
1378110 686.5
1378120 686.5
1378130 683.0
1378140 679.4
1378150 679.4
1378160 677.8
1378170 678.1
1378180 678.1
1378190 678.2
1378200 678.2
1378210 678.2
1378220 678.7
1378230 678.9
1378240 678.9
1378250 678.9
1378260 678.8
1378270 678.8
1378280 679.0
1378290 678.9
1378300 678.9
1378310 678.9
1378320 678.9
1378330 679.0
1378340 679.0
1378350 679.1
1378360 679.3
1378370 679.3
1378380 679.3
1378390 679.0
1378400 679.0
1378410 678.7
1378420 678.4
1378430 678.4
1378440 678.3
1378450 678.2
1378460 678.2
1378470 678.1
1378480 678.0
1378490 678.0
1378500 678.0
1378510 677.9
1378520 677.9
1378530 677.9
1378540 677.8
1378550 677.8
1378560 677.8
1378570 677.7
1378580 677.7
1378590 677.7
1378600 677.6
1378610 677.6
1378620 677.5
1378630 677.4
1378640 677.4
1378650 677.3
1378660 677.2
1378670 677.2
1378680 677.0
1378690 676.9
1378700 676.9
1378710 676.8
1378720 676.6
1378730 676.5
1378740 676.5
1378750 676.4
1378760 676.2
1378770 676.2
1378780 676.1
1378790 676.0
1378800 676.0
1378810 675.8
1378820 675.7
1378830 675.7
1378840 675.7
1378850 674.5
1378860 674.5
1378870 674.0
1378880 675.1
1378890 675.1
1378900 675.5
1378910 675.9
1378920 675.9
1378930 674.6
1378940 672.4
1378950 672.4
1378960 672.1
1378970 672.4
1378980 672.4
1378990 674.9
1379000 675.6
1379010 675.6
1379020 675.6
1379030 675.6
1379040 675.6
1379050 675.5
1379060 675.6
1379070 675.6
1379080 675.5
1379090 675.3
1379100 675.2
1379110 675.2
1379120 675.3
1379130 675.9
1379140 675.9
1379150 676.2
1379160 676.1
1379170 676.1
1379180 676.0
1379190 676.2
1379200 676.2
1379210 676.3
1379220 676.5
1379230 676.5
1379240 676.7
1379250 676.8
1379260 676.8
1379270 676.9
1379280 677.1
1379290 677.1
1379300 677.8
1379310 680.5
1379320 680.5
1379330 684.4
1379340 689.0
1379350 689.0
1379360 694.4
1379370 700.4
1379380 700.4
1379390 707.2
1379400 714.0
1379410 714.0
1379420 720.6
1379430 720.5
1379440 720.5
1379450 725.5
1379460 730.7
1379470 730.7
1379480 736.2
1379490 742.9
1379500 750.1
1379510 750.1
1379520 757.7
1379530 764.9
1379540 764.9
1379550 771.5
1379560 776.4
1379570 776.4
1379580 779.6
1379590 782.4
1379600 782.4
1379610 785.1
1379620 785.9
1379630 785.9
1379640 785.4
1379650 786.1
1379660 786.1
1379670 788.8
1379680 792.5
1379690 792.5
1379700 796.7
1379710 799.9
1379720 799.9
1379730 803.3
1379740 807.8
1379750 807.8
1379760 813.4
1379770 819.8
1379780 819.8
1379790 827.2
1379800 834.8
1379810 834.8
1379820 841.1
1379830 845.0
1379840 845.0
1379850 848.2
1379860 850.9
1379870 853.6
1379880 853.6
1379890 857.3
1379900 862.1
1379910 862.1
1379920 867.5
1379930 872.8
1379940 872.8
1379950 878.5
1379960 884.2
1379970 884.2
1379980 889.3
1379990 892.4
