1360000 629.8
1360010 629.8
1360020 632.8
1360030 635.9
1360040 638.4
1360050 638.4
1360060 638.5
1360070 637.5
1360080 637.5
1360090 635.5
1360100 636.9
1360110 636.9
1360120 641.6
1360130 647.5
1360140 647.5
1360150 654.8
1360160 660.0
1360170 660.0
1360180 667.4
1360190 671.4
1360200 671.4
1360210 678.2
1360220 686.1
1360230 686.1
1360240 696.5
1360250 703.8
1360260 703.8
1360270 715.2
1360280 724.7
1360290 724.7
1360300 732.9
1360310 744.2
1360320 744.2
1360330 760.6
1360340 775.5
1360350 775.5
1360360 774.2
1360370 766.3
1360380 766.3
1360390 762.2
1360400 765.6
1360410 765.6
1360420 767.7
1360430 769.8
1360440 780.6
1360450 780.6
1360460 787.3
1360470 780.8
1360480 780.8
1360490 766.7
1360500 769.5
1360510 769.5
1360520 782.2
1360530 793.4
1360540 793.4
1360550 803.0
1360560 810.1
1360570 810.1
1360580 824.8
1360590 831.2
1360600 831.2
1360610 828.8
1360620 828.5
1360630 828.5
1360640 829.2
1360650 829.4
1360660 829.4
1360670 830.8
1360680 835.3
1360690 835.3
1360700 840.5
1360710 844.1
1360720 844.1
1360730 846.3
1360740 852.1
1360750 852.1
1360760 861.4
1360770 879.7
1360780 879.7
1360790 892.3
1360800 906.8
1360810 910.2
1360820 933.2
1360830 918.7
1360840 925.1
1360850 925.1
1360860 942.1
1360870 951.8
1360880 951.8
1360890 960.6
1360900 965.8
1360910 965.8
1360920 975.2
1360930 977.9
1360940 977.9
1360950 977.4
1360960 978.5
1360970 978.5
1360980 983.0
1360990 988.5
1361000 988.5
1361010 994.4
1361020 1000.9
1361030 1000.9
1361040 1007.2
1361050 1012.0
1361060 1012.0
1361070 1012.3
1361080 1016.3
1361090 1016.3
1361100 1021.9
1361110 1029.4
1361120 1029.4
1361130 1037.4
1361140 1044.7
1361150 1044.7
1361160 1055.0
1361170 1066.7
1361180 1066.7
1361190 1078.9
1361200 1088.6
1361210 1108.4
1361220 1108.4
1361230 1124.9
1361240 1123.7
1361250 1123.7
1361260 1124.3
1361270 1124.0
1361280 1124.0
1361290 1124.9
1361300 1123.8
1361310 1123.8
1361320 1123.1
1361330 1123.7
1361340 1123.7
1361350 1123.4
1361360 1123.5
1361370 1123.5
1361380 1123.8
1361390 1125.4
1361400 1125.4
1361410 1127.7
1361420 1130.4
1361430 1130.4
1361440 1131.2
1361450 1130.4
1361460 1130.4
1361470 1129.5
1361480 1128.5
1361490 1128.5
1361500 1130.8
1361510 1133.5
1361520 1133.5
1361530 1133.5
1361540 1137.9
1361550 1137.9
1361560 1142.5
1361570 1146.8
1361580 1146.8
1361590 1149.6
1361600 1152.6
1361610 1157.2
1361620 1157.2
1361630 1162.8
1361640 1168.7
1361650 1168.7
1361660 1174.3
1361670 1179.3
1361680 1179.3
1361690 1183.8
1361700 1188.4
1361710 1188.4
1361720 1192.1
1361730 1194.2
1361740 1194.2
1361750 1195.7
1361760 1197.0
1361770 1197.0
1361780 1198.4
1361790 1200.9
1361800 1200.9
1361810 1204.3
1361820 1207.4
1361830 1207.4
1361840 1210.6
1361850 1214.2
1361860 1216.6
1361870 1221.3
1361880 1227.3
1361890 1227.3
1361900 1235.7
1361910 1245.2
1361920 1245.2
1361930 1250.7
1361940 1256.2
1361950 1256.2
1361960 1256.2
1361970 1258.2
1361980 1261.6
1361990 1261.6
1362000 1264.1
1362010 1264.9
1362020 1264.9
1362030 1264.4
1362040 1265.1
1362050 1265.1
1362060 1267.9
1362070 1270.3
1362080 1270.3
1362090 1271.7
1362100 1273.4
1362110 1273.4
1362120 1275.6
1362130 1274.1
1362140 1274.1
1362150 1274.7
1362160 1276.1
1362170 1276.1
1362180 1275.6
1362190 1277.6
1362200 1277.6
1362210 1283.7
1362220 1291.1
1362230 1291.1
1362240 1300.4
1362250 1309.9
1362260 1309.9
1362270 1317.9
1362280 1324.4
1362290 1324.4
1362300 1331.1
1362310 1338.3
1362320 1338.3
1362330 1344.8
1362340 1350.1
1362350 1350.1
1362360 1354.8
1362370 1359.7
1362380 1364.1
1362390 1364.1
1362400 1368.4
1362410 1372.2
1362420 1372.2
1362430 1377.1
1362440 1381.6
1362450 1381.6
1362460 1384.3
1362470 1386.2
1362480 1386.2
1362490 1386.7
1362500 1386.9
1362510 1386.9
1362520 1388.1
1362530 1390.7
1362540 1390.7
1362550 1394.2
1362560 1397.4
1362570 1397.4
1362580 1400.7
1362590 1403.9
1362600 1403.9
1362610 1407.1
1362620 1410.7
1362630 1410.7
1362640 1414.8
1362650 1419.2
1362660 1419.2
1362670 1424.1
1362680 1428.4
1362690 1428.4
1362700 1432.0
1362710 1436.1
1362720 1436.1
1362730 1441.5
1362740 1447.0
1362750 1447.0
1362760 1451.3
1362770 1454.7
1362780 1458.0
1362790 1458.0
1362800 1461.1
1362810 1464.6
1362820 1464.6
1362830 1468.4
1362840 1471.8
1362850 1471.8
1362860 1475.8
1362870 1480.2
1362880 1480.2
1362890 1484.5
1362900 1494.7
1362910 1483.8
1362920 1502.9
1362930 1516.4
1362940 1516.4
1362950 1525.7
1362960 1532.6
1362970 1532.6
1362980 1535.6
1362990 1537.6
1363000 1537.6
1363010 1539.9
1363020 1538.4
1363030 1538.4
1363040 1536.5
1363050 1536.7
1363060 1536.7
1363070 1536.4
1363080 1536.3
1363090 1536.3
1363100 1536.5
1363110 1536.7
1363120 1536.7
1363130 1536.7
1363140 1536.5
1363150 1536.5
1363160 1536.7
1363170 1536.4
1363180 1535.5
1363190 1535.5
1363200 1533.9
1363210 1531.6
1363220 1531.6
1363230 1530.0
1363240 1529.8
1363250 1529.8
1363260 1529.7
1363270 1529.6
1363280 1529.6
1363290 1529.5
1363300 1530.4
1363310 1530.4
1363320 1532.2
1363330 1534.3
1363340 1534.3
1363350 1536.8
1363360 1539.1
1363370 1539.1
1363380 1541.2
1363390 1544.3
1363400 1544.3
1363410 1548.1
1363420 1552.2
1363430 1552.2
1363440 1556.2
1363450 1559.7
1363460 1559.7
1363470 1562.5
1363480 1564.8
1363490 1564.8
1363500 1567.2
1363510 1569.6
1363520 1569.6
1363530 1572.1
1363540 1574.2
1363550 1576.2
1363560 1576.2
1363570 1579.0
1363580 1582.0
1363590 1582.0
1363600 1584.2
1363610 1585.8
1363620 1585.8
1363630 1587.0
1363640 1587.4
1363650 1587.4
1363660 1588.8
1363670 1591.2
1363680 1591.2
1363690 1592.3
1363700 1592.8
1363710 1592.8
1363720 1593.3
1363730 1594.4
1363740 1594.4
1363750 1595.7
1363760 1597.2
1363770 1597.2
1363780 1599.7
1363790 1602.8
1363800 1602.8
1363810 1604.9
1363820 1607.8
1363830 1607.8
1363840 1610.5
1363850 1613.3
1363860 1613.3
1363870 1615.7
1363880 1617.7
1363890 1617.7
1363900 1619.1
1363910 1620.1
1363920 1620.1
1363930 1620.5
1363940 1619.2
1363950 1616.9
1363960 1616.9
1363970 1606.8
1363980 1605.2
1363990 1605.2
1364000 1606.3
1364010 1606.7
1364020 1606.7
1364030 1608.8
1364040 1611.6
1364050 1611.6
1364060 1612.5
1364070 1612.0
1364080 1612.0
1364090 1610.1
1364100 1606.8
1364110 1606.8
1364120 1602.2
1364130 1599.6
1364140 1599.6
1364150 1599.1
1364160 1599.5
1364170 1599.5
1364180 1597.2
1364190 1593.2
1364200 1593.2
1364210 1589.3
1364220 1586.3
1364230 1586.3
1364240 1583.2
1364250 1579.8
1364260 1579.8
1364270 1577.8
1364280 1575.0
1364290 1575.0
1364300 1572.1
1364310 1569.9
1364320 1569.9
1364330 1567.9
1364340 1566.2
1364350 1561.5
1364360 1561.5
1364370 1556.5
1364380 1553.2
1364390 1553.2
1364400 1550.0
1364410 1546.8
1364420 1546.8
1364430 1543.1
1364440 1540.7
1364450 1540.7
1364460 1538.7
1364470 1537.9
1364480 1537.9
1364490 1537.8
1364500 1536.8
1364510 1536.8
1364520 1532.8
1364530 1530.8
1364540 1530.8
1364550 1529.7
1364560 1527.7
1364570 1527.7
1364580 1526.5
1364590 1525.5
1364600 1525.5
1364610 1523.5
1364620 1522.0
1364630 1522.0
1364640 1520.7
1364650 1520.4
1364660 1520.4
1364670 1519.5
1364680 1518.5
1364690 1518.5
1364700 1520.0
1364710 1519.6
1364720 1519.6
1364730 1521.1
1364740 1529.6
1364750 1542.2
1364760 1542.2
1364770 1552.6
1364780 1556.3
1364790 1556.3
1364800 1556.4
1364810 1556.7
1364820 1556.7
1364830 1557.8
1364840 1559.4
1364850 1559.4
1364860 1562.5
1364870 1566.1
1364880 1566.1
1364890 1571.2
1364900 1575.9
1364910 1575.9
1364920 1580.2
1364930 1584.5
1364940 1584.5
1364950 1589.1
1364960 1594.2
1364970 1594.2
1364980 1599.4
1364990 1625.7
1365000 1625.7
1365010 1685.3
1365020 1699.7
1365030 1706.6
1365040 1718.9
1365050 1735.9
1365060 1735.9
1365070 1746.4
1365080 1751.2
1365090 1751.2
1365100 1753.5
1365110 1754.8
1365120 1752.2
1365130 1752.2
1365140 1744.8
1365150 1736.2
1365160 1736.2
1365170 1725.3
1365180 1707.7
1365190 1707.7
1365200 1692.0
1365210 1683.8
1365220 1683.8
1365230 1675.9
1365240 1671.9
1365250 1671.9
1365260 1669.2
1365270 1667.3
1365280 1667.3
1365290 1666.2
1365300 1666.4
1365310 1666.4
1365320 1666.1
1365330 1666.2
1365340 1666.2
1365350 1666.3
1365360 1666.7
1365370 1666.7
1365380 1668.2
1365390 1671.3
1365400 1671.3
1365410 1671.7
1365420 1671.4
1365430 1671.4
1365440 1668.9
1365450 1667.1
1365460 1667.1
1365470 1663.0
1365480 1659.2
1365490 1659.2
1365500 1656.1
1365510 1653.9
1365520 1655.8
1365530 1655.8
1365540 1661.6
1365550 1668.4
1365560 1668.4
1365570 1675.0
1365580 1681.6
1365590 1681.6
1365600 1688.5
1365610 1700.8
1365620 1700.8
1365630 1725.6
1365640 1745.7
1365650 1745.7
1365660 1765.0
1365670 1783.8
1365680 1783.8
1365690 1782.5
1365700 1775.4
1365710 1775.4
1365720 1765.8
1365730 1759.9
1365740 1759.9
1365750 1751.8
1365760 1746.4
1365770 1746.4
1365780 1742.8
1365790 1739.4
1365800 1739.4
1365810 1736.8
1365820 1734.3
1365830 1734.3
1365840 1734.3
1365850 1732.3
1365860 1732.3
1365870 1729.5
1365880 1728.9
1365890 1728.9
1365900 1730.2
1365910 1732.8
1365920 1734.4
1365930 1734.4
1365940 1734.4
1365950 1734.9
1365960 1734.9
1365970 1736.6
1365980 1739.3
1365990 1739.3
1366000 1740.8
1366010 1743.3
1366020 1743.3
1366030 1747.6
1366040 1753.9
1366050 1753.9
1366060 1761.8
1366070 1767.4
1366080 1767.4
1366090 1771.3
1366100 1776.6
1366110 1776.4
1366120 1784.3
1366130 1789.5
1366140 1789.5
1366150 1788.5
1366160 1785.7
1366170 1785.7
1366180 1782.6
1366190 1780.2
1366200 1780.2
1366210 1781.3
1366220 1785.4
1366230 1785.4
1366240 1789.3
1366250 1793.2
1366260 1793.2
1366270 1798.3
1366280 1804.0
1366290 1804.0
1366300 1809.6
1366310 1815.0
1366320 1823.0
1366330 1823.0
1366340 1833.5
1366350 1841.6
1366360 1841.6
1366370 1850.7
1366380 1860.6
1366390 1860.6
1366400 1871.3
1366410 1881.0
1366420 1881.0
1366430 1891.8
1366440 1902.3
1366450 1902.3
1366460 1910.8
1366470 1918.0
1366480 1918.0
1366490 1926.1
1366500 1933.0
1366510 1933.0
1366520 1940.0
1366530 1945.6
1366540 1945.6
1366550 1951.7
1366560 1955.9
1366570 1955.9
1366580 1955.9
1366590 1958.6
1366600 1958.6
1366610 1963.0
1366620 1963.4
1366630 1963.4
1366640 1963.9
1366650 1965.4
1366660 1965.4
1366670 1967.4
1366680 1969.2
1366690 1974.3
1366700 1974.3
1366710 1975.2
1366720 1971.7
1366730 1971.7
1366740 1964.3
1366750 1956.7
1366760 1956.7
1366770 1944.5
1366780 1933.6
1366790 1933.6
1366800 1925.4
1366810 1920.1
1366820 1920.1
1366830 1913.8
1366840 1907.3
1366850 1907.3
1366860 1906.7
1366870 1903.7
1366880 1903.7
1366890 1901.6
1366900 1899.6
1366910 1899.6
1366920 1899.4
1366930 1898.8
1366940 1898.8
1366950 1897.1
1366960 1896.1
1366970 1896.1
1366980 1896.0
1366990 1896.4
1367000 1896.4
1367010 1897.5
1367020 1899.6
1367030 1899.6
1367040 1902.3
1367050 1905.6
1367060 1905.6
1367070 1909.2
1367080 1912.1
1367090 1915.9
1367100 1915.9
1367110 1920.3
1367120 1927.6
1367130 1927.6
1367140 1931.6
1367150 1932.2
1367160 1932.2
1367170 1942.3
1367180 1959.0
1367190 1959.0
1367200 1957.3
1367210 1957.7
1367220 1957.7
1367230 1956.9
1367240 1961.0
1367250 1961.0
1367260 1952.7
1367270 1934.0
1367280 1934.0
1367290 1921.3
1367300 1908.7
1367310 1908.7
1367320 1901.1
1367330 1897.9
1367340 1897.9
1367350 1888.3
1367360 1873.2
1367370 1873.2
1367380 1832.6
1367390 1795.9
1367400 1795.9
1367410 1777.9
1367420 1758.0
1367430 1758.0
1367440 1728.9
1367450 1687.7
1367460 1687.7
1367470 1676.6
1367480 1674.3
1367490 1661.4
1367500 1661.4
1367510 1647.5
1367520 1631.8
1367530 1631.8
1367540 1622.2
1367550 1611.0
1367560 1611.0
1367570 1593.4
1367580 1579.9
1367590 1579.9
1367600 1571.4
1367610 1559.5
1367620 1559.5
1367630 1546.7
1367640 1542.8
1367650 1542.8
1367660 1537.5
1367670 1533.0
1367680 1533.0
1367690 1535.9
1367700 1540.6
1367710 1540.6
1367720 1541.1
1367730 1538.9
1367740 1538.9
1367750 1536.5
1367760 1532.2
1367770 1532.2
1367780 1525.2
1367790 1527.9
1367800 1527.9
1367810 1535.7
1367820 1538.2
1367830 1538.2
1367840 1535.2
1367850 1532.1
1367860 1529.5
1367870 1529.5
1367880 1526.7
1367890 1529.8
1367900 1529.8
1367910 1536.7
1367920 1543.5
1367930 1543.5
1367940 1539.5
1367950 1529.7
1367960 1529.7
1367970 1526.2
1367980 1536.8
1367990 1536.8
1368000 1547.6
1368010 1554.6
1368020 1554.6
1368030 1562.3
1368040 1559.9
1368050 1559.9
1368060 1564.0
1368070 1573.2
1368080 1573.2
1368090 1577.2
1368100 1584.8
1368110 1584.8
1368120 1592.5
1368130 1599.3
1368140 1599.3
1368150 1608.8
1368160 1614.8
1368170 1614.8
1368180 1626.2
1368190 1633.2
1368200 1633.2
1368210 1635.7
1368220 1635.8
1368230 1635.8
1368240 1645.5
1368250 1649.8
1368260 1641.5
1368270 1641.5
1368280 1628.8
1368290 1638.8
1368300 1638.8
1368310 1647.2
1368320 1654.0
1368330 1654.0
1368340 1661.0
1368350 1664.9
1368360 1664.9
1368370 1667.3
1368380 1665.6
1368390 1665.6
1368400 1663.5
1368410 1663.7
1368420 1663.7
1368430 1668.0
1368440 1671.0
1368450 1671.0
1368460 1673.5
1368470 1680.0
1368480 1680.0
1368490 1686.4
1368500 1692.3
1368510 1692.3
1368520 1699.0
1368530 1707.2
1368540 1707.2
1368550 1715.7
1368560 1722.1
1368570 1722.1
1368580 1731.6
1368590 1738.4
1368600 1738.4
1368610 1746.0
1368620 1745.5
1368630 1745.5
1368640 1742.0
1368650 1738.6
1368660 1735.2
1368670 1735.2
1368680 1734.0
1368690 1728.5
1368700 1728.5
1368710 1727.5
1368720 1729.8
1368730 1729.8
1368740 1731.8
1368750 1736.0
1368760 1736.0
1368770 1738.2
1368780 1741.5
1368790 1741.5
1368800 1750.4
1368810 1761.0
1368820 1761.0
1368830 1768.8
1368840 1771.3
1368850 1771.3
1368860 1772.7
1368870 1774.5
1368880 1774.5
1368890 1779.5
1368900 1785.2
1368910 1785.2
1368920 1791.7
1368930 1799.8
1368940 1799.8
1368950 1806.1
1368960 1810.0
1368970 1810.0
1368980 1817.8
1368990 1827.8
1369000 1827.8
1369010 1837.5
1369020 1846.2
1369030 1846.2
1369040 1853.3
1369050 1853.6
1369060 1851.4
1369070 1851.4
1369080 1843.6
1369090 1834.9
1369100 1834.9
1369110 1825.3
1369120 1818.5
1369130 1818.5
1369140 1813.5
1369150 1808.1
1369160 1808.1
1369170 1803.5
1369180 1798.6
1369190 1798.6
1369200 1793.8
1369210 1788.5
1369220 1788.5
1369230 1783.1
1369240 1778.9
1369250 1778.9
1369260 1773.9
1369270 1765.1
1369280 1765.1
1369290 1757.2
1369300 1746.9
1369310 1746.9
1369320 1735.0
1369330 1725.8
1369340 1725.8
1369350 1716.2
1369360 1705.2
1369370 1705.2
1369380 1694.6
1369390 1684.7
1369400 1675.1
1369410 1666.5
1369420 1659.8
1369430 1654.0
1369440 1654.0
1369450 1647.4
1369460 1638.5
1369470 1638.5
1369480 1627.5
1369490 1618.4
1369500 1618.4
1369510 1610.9
1369520 1603.6
1369530 1603.6
1369540 1596.8
1369550 1590.7
1369560 1590.7
1369570 1583.2
1369580 1572.8
1369590 1572.8
1369600 1556.1
1369610 1543.9
1369620 1543.9
1369630 1534.5
1369640 1524.3
1369650 1524.3
1369660 1518.8
1369670 1509.5
1369680 1509.5
1369690 1495.3
1369700 1489.3
1369710 1489.3
1369720 1482.4
1369730 1476.6
1369740 1476.6
1369750 1471.8
1369760 1465.6
1369770 1465.6
1369780 1458.1
1369790 1452.9
1369800 1452.9
1369810 1449.3
1369820 1445.5
1369830 1438.9
1369840 1438.9
1369850 1434.3
1369860 1428.8
1369870 1428.8
1369880 1423.1
1369890 1418.4
1369900 1418.4
1369910 1413.3
1369920 1411.0
1369930 1411.0
1369940 1407.8
1369950 1405.6
1369960 1405.6
1369970 1401.9
1369980 1397.2
1369990 1397.2
1370000 1392.5
1370010 1388.2
1370020 1388.2
1370030 1385.3
1370040 1382.8
1370050 1382.8
1370060 1380.1
1370070 1377.1
1370080 1377.1
1370090 1374.0
1370100 1370.7
1370110 1370.7
1370120 1366.7
1370130 1362.5
1370140 1362.5
1370150 1358.8
1370160 1354.7
1370170 1354.7
1370180 1349.7
1370190 1344.7
1370200 1344.7
1370210 1340.3
1370220 1335.8
1370230 1331.4
1370240 1331.4
1370250 1326.9
1370260 1323.8
1370270 1323.8
1370280 1321.0
1370290 1317.9
1370300 1317.9
1370310 1315.3
1370320 1313.5
1370330 1313.5
1370340 1311.8
1370350 1309.6
1370360 1309.6
1370370 1307.5
1370380 1304.5
1370390 1304.5
1370400 1300.4
1370410 1296.9
1370420 1296.9
1370430 1293.5
1370440 1290.2
1370450 1290.2
1370460 1286.8
1370470 1283.6
1370480 1283.6
1370490 1280.1
1370500 1276.4
1370510 1275.0
1370520 1270.1
1370530 1263.5
1370540 1263.5
1370550 1256.4
1370560 1250.6
1370570 1250.6
1370580 1244.4
1370590 1240.3
1370600 1240.3
1370610 1237.3
1370620 1233.9
1370630 1228.8
1370640 1228.8
1370650 1222.7
1370660 1216.4
1370670 1216.4
1370680 1210.6
1370690 1204.6
1370700 1204.6
1370710 1198.7
1370720 1192.4
1370730 1192.4
1370740 1185.7
1370750 1179.0
1370760 1179.0
1370770 1172.3
1370780 1164.4
1370790 1164.4
1370800 1155.3
1370810 1148.6
1370820 1148.6
1370830 1141.2
1370840 1136.5
1370850 1136.5
1370860 1133.5
1370870 1127.2
1370880 1127.2
1370890 1120.4
1370900 1114.6
1370910 1114.6
1370920 1108.1
1370930 1099.4
1370940 1099.4
1370950 1092.4
1370960 1087.9
1370970 1087.9
1370980 1081.9
1370990 1077.2
1371000 1073.5
1371010 1073.5
1371020 1068.8
1371030 1065.6
1371040 1065.6
1371050 1062.4
1371060 1058.9
1371070 1058.9
1371080 1056.3
1371090 1053.9
1371100 1053.9
1371110 1050.9
1371120 1047.7
1371130 1047.7
1371140 1044.7
1371150 1041.1
1371160 1041.1
1371170 1036.9
1371180 1033.2
1371190 1033.2
1371200 1029.6
1371210 1025.3
1371220 1025.3
1371230 1021.4
1371240 1018.0
1371250 1018.0
1371260 1015.6
1371270 1012.9
1371280 1012.9
1371290 1008.9
1371300 1004.5
1371310 1004.5
1371320 1001.1
1371330 1000.3
1371340 1000.3
1371350 999.2
1371360 994.1
1371370 994.1
1371380 987.5
1371390 981.0
1371400 977.6
1371410 977.6
1371420 976.5
1371430 973.3
1371440 973.3
1371450 971.1
1371460 969.0
1371470 969.0
1371480 969.1
1371490 971.1
1371500 971.1
1371510 975.1
1371520 980.7
1371530 980.7
1371540 987.6
1371550 994.8
1371560 994.8
1371570 1000.0
1371580 1002.7
1371590 1002.7
1371600 1004.1
1371610 1006.1
1371620 1006.1
1371630 1009.1
1371640 1013.9
1371650 1013.9
1371660 1016.5
1371670 1019.8
1371680 1019.8
1371690 1023.5
1371700 1027.5
1371710 1027.5
1371720 1031.5
1371730 1035.8
1371740 1035.8
1371750 1039.7
1371760 1041.9
1371770 1041.9
1371780 1039.3
1371790 1036.2
1371800 1034.8
1371810 1034.8
1371820 1034.7
1371830 1038.6
1371840 1038.6
1371850 1044.7
1371860 1052.6
1371870 1052.6
1371880 1060.9
1371890 1065.4
1371900 1065.4
1371910 1066.5
1371920 1065.2
1371930 1065.2
1371940 1066.2
1371950 1068.2
1371960 1068.2
1371970 1071.4
1371980 1077.5
1371990 1077.5
1372000 1085.2
1372010 1092.5
1372020 1092.5
1372030 1098.5
1372040 1104.1
1372050 1104.1
1372060 1109.4
1372070 1113.5
1372080 1113.5
1372090 1115.8
1372100 1117.8
1372110 1117.8
1372120 1120.5
1372130 1126.1
1372140 1126.1
1372150 1131.9
1372160 1135.0
1372170 1135.9
1372180 1135.9
1372190 1138.6
1372200 1141.8
1372210 1141.8
1372220 1145.0
1372230 1147.0
1372240 1147.0
1372250 1151.5
1372260 1156.6
1372270 1156.6
1372280 1162.5
1372290 1166.9
1372300 1166.9
1372310 1169.9
1372320 1174.8
1372330 1174.8
1372340 1178.4
1372350 1184.7
1372360 1184.7
1372370 1191.8
1372380 1200.5
1372390 1200.5
1372400 1206.5
1372410 1210.1
1372420 1210.1
1372430 1213.7
1372440 1217.1
1372450 1217.1
1372460 1221.0
1372470 1223.6
1372480 1223.6
1372490 1225.4
1372500 1230.0
1372510 1230.0
1372520 1234.8
1372530 1236.8
1372540 1236.8
1372550 1240.5
1372560 1242.6
1372570 1242.2
1372580 1242.2
1372590 1240.9
1372600 1243.8
1372610 1243.8
1372620 1249.4
1372630 1256.0
1372640 1256.0
1372650 1261.8
1372660 1267.2
1372670 1267.2
1372680 1272.6
1372690 1277.2
1372700 1277.2
1372710 1279.9
1372720 1281.3
1372730 1281.3
1372740 1281.8
1372750 1280.3
1372760 1280.3
1372770 1282.4
1372780 1287.4
1372790 1292.3
1372800 1297.2
1372810 1302.3
1372820 1302.3
1372830 1307.3
1372840 1311.7
1372850 1311.7
1372860 1316.2
1372870 1319.8
1372880 1319.8
1372890 1320.8
1372900 1324.2
1372910 1324.2
1372920 1328.6
1372930 1331.8
1372940 1331.8
1372950 1335.6
1372960 1340.6
1372970 1342.9
1372980 1342.9
1372990 1345.4
1373000 1350.5
1373010 1350.5
1373020 1352.0
1373030 1352.4
1373040 1352.4
1373050 1354.4
1373060 1353.1
1373070 1353.1
1373080 1354.9
1373090 1361.5
1373100 1361.5
1373110 1370.7
1373120 1379.9
1373130 1379.9
1373140 1386.3
1373150 1391.5
1373160 1391.5
1373170 1396.4
1373180 1402.6
1373190 1402.6
1373200 1408.2
1373210 1413.8
1373220 1413.8
1373230 1419.4
1373240 1424.2
1373250 1424.2
1373260 1428.8
1373270 1434.3
1373280 1434.3
1373290 1439.8
1373300 1442.3
1373310 1442.3
1373320 1442.3
1373330 1448.9
1373340 1448.9
1373350 1455.7
1373360 1460.5
1373370 1462.2
1373380 1462.2
1373390 1461.7
1373400 1463.1
1373410 1463.1
1373420 1467.6
1373430 1473.2
1373440 1473.2
1373450 1479.2
1373460 1486.8
1373470 1486.8
1373480 1498.6
1373490 1509.4
1373500 1509.4
1373510 1516.4
1373520 1523.7
1373530 1523.7
1373540 1530.4
1373550 1537.5
1373560 1537.5
1373570 1544.8
1373580 1551.9
1373590 1551.9
1373600 1558.7
1373610 1564.6
1373620 1564.6
1373630 1566.4
1373640 1563.5
1373650 1563.5
1373660 1561.5
1373670 1558.3
1373680 1558.3
1373690 1557.8
1373700 1559.5
1373710 1559.5
1373720 1560.9
1373730 1564.5
1373740 1567.9
1373750 1567.9
1373760 1571.1
1373770 1573.6
1373780 1573.6
1373790 1576.5
1373800 1578.6
1373810 1578.6
1373820 1585.3
1373830 1589.6
1373840 1589.6
1373850 1590.1
1373860 1588.6
1373870 1588.6
1373880 1583.9
1373890 1577.1
1373900 1577.1
1373910 1570.7
1373920 1565.7
1373930 1565.7
1373940 1558.5
1373950 1552.4
1373960 1552.4
1373970 1545.1
1373980 1538.1
1373990 1538.1
1374000 1533.5
1374010 1530.0
1374020 1530.0
1374030 1524.7
1374040 1520.7
1374050 1520.7
1374060 1516.9
1374070 1512.4
1374080 1512.4
1374090 1508.4
1374100 1504.0
1374110 1504.0
1374120 1499.7
1374130 1494.9
1374140 1489.1
1374150 1489.1
1374160 1482.2
1374170 1476.1
1374180 1476.1
1374190 1467.8
1374200 1458.0
1374210 1458.0
1374220 1452.0
1374230 1447.7
1374240 1447.7
1374250 1443.4
1374260 1439.8
1374270 1439.8
1374280 1436.6
1374290 1434.9
1374300 1434.9
1374310 1434.8
1374320 1433.8
1374330 1433.8
1374340 1432.6
1374350 1431.2
1374360 1431.2
1374370 1429.2
1374380 1427.3
1374390 1427.3
1374400 1425.8
1374410 1425.0
1374420 1425.0
1374430 1424.2
1374440 1424.7
1374450 1424.7
1374460 1426.1
1374470 1426.7
1374480 1426.7
1374490 1425.7
1374500 1426.5
1374510 1426.5
1374520 1427.7
1374530 1427.4
1374540 1424.5
1374550 1424.5
1374560 1422.6
1374570 1420.6
1374580 1420.6
1374590 1417.6
1374600 1415.3
1374610 1415.3
1374620 1414.1
1374630 1412.8
1374640 1412.8
1374650 1410.9
1374660 1409.9
1374670 1409.9
1374680 1409.1
1374690 1408.3
1374700 1408.3
1374710 1406.9
1374720 1405.2
1374730 1405.2
1374740 1403.7
1374750 1401.5
1374760 1401.5
1374770 1399.4
1374780 1396.3
1374790 1396.3
1374800 1392.7
1374810 1388.5
1374820 1388.5
1374830 1384.0
1374840 1379.1
1374850 1379.1
1374860 1371.7
1374870 1362.9
1374880 1362.9
1374890 1355.9
1374900 1350.3
1374910 1345.2
1374920 1345.2
1374930 1339.8
1374940 1333.8
1374950 1333.8
1374960 1327.3
1374970 1321.4
1374980 1321.4
1374990 1316.3
1375000 1310.4
1375010 1310.4
1375020 1304.8
1375030 1298.7
1375040 1298.7
1375050 1293.0
1375060 1287.6
1375070 1287.6
1375080 1282.3
1375090 1277.2
1375100 1272.1
1375110 1266.9
1375120 1259.1
1375130 1259.1
1375140 1250.4
1375150 1245.1
1375160 1245.1
1375170 1239.7
1375180 1234.6
1375190 1234.6
1375200 1229.5
1375210 1221.8
1375220 1221.8
1375230 1215.2
1375240 1210.2
1375250 1210.2
1375260 1204.4
1375270 1198.4
1375280 1198.4
1375290 1191.7
1375300 1183.2
1375310 1176.5
1375320 1176.5
1375330 1172.9
1375340 1168.7
1375350 1168.7
1375360 1162.6
1375370 1157.6
1375380 1157.6
1375390 1153.8
1375400 1149.7
1375410 1149.7
1375420 1145.4
1375430 1140.7
1375440 1140.7
1375450 1135.8
1375460 1131.0
1375470 1131.0
1375480 1126.4
1375490 1122.3
1375500 1122.3
1375510 1118.7
1375520 1114.6
1375530 1114.6
1375540 1109.7
1375550 1104.8
1375560 1104.8
1375570 1100.8
1375580 1097.0
1375590 1097.0
1375600 1093.0
1375610 1088.5
1375620 1088.5
1375630 1084.4
1375640 1078.8
1375650 1078.8
1375660 1074.3
1375670 1070.8
1375680 1070.8
1375690 1067.8
1375700 1064.9
1375710 1062.6
1375720 1062.6
1375730 1061.4
1375740 1060.5
1375750 1060.5
1375760 1060.2
1375770 1061.7
1375780 1061.7
1375790 1064.3
1375800 1066.8
1375810 1066.8
1375820 1069.1
1375830 1066.5
1375840 1066.5
1375850 1063.4
1375860 1059.6
1375870 1059.6
1375880 1053.7
1375890 1049.4
1375900 1049.4
1375910 1045.8
1375920 1042.9
1375930 1042.9
1375940 1040.4
1375950 1038.6
1375960 1038.6
1375970 1037.9
1375980 1037.6
1375990 1037.6
1376000 1038.0
1376010 1038.6
1376020 1038.6
1376030 1039.9
1376040 1041.2
1376050 1041.2
1376060 1041.4
1376070 1041.0
1376080 1041.0
1376090 1039.7
1376100 1038.9
1376110 1037.8
1376120 1037.8
1376130 1036.2
1376140 1035.6
1376150 1035.6
1376160 1034.0
1376170 1033.0
1376180 1033.0
1376190 1030.6
1376200 1027.6
1376210 1027.6
1376220 1025.4
1376230 1022.6
1376240 1022.6
1376250 1019.3
1376260 1015.6
1376270 1015.6
1376280 1007.4
1376290 1003.7
1376300 1003.7
1376310 999.6
1376320 997.1
1376330 997.1
1376340 995.8
1376350 993.6
1376360 993.6
1376370 991.7
1376380 988.9
1376390 988.9
1376400 985.3
1376410 982.3
1376420 982.3
1376430 979.9
1376440 978.1
1376450 978.1
1376460 975.6
1376470 970.8
1376480 966.2
1376490 966.2
1376500 962.9
1376510 961.1
1376520 961.1
1376530 960.1
1376540 960.2
1376550 960.2
1376560 960.8
1376570 960.5
1376580 960.5
1376590 959.1
1376600 957.0
1376610 957.0
1376620 953.3
1376630 949.5
1376640 949.5
1376650 946.2
1376660 942.7
1376670 942.7
1376680 938.4
1376690 930.6
1376700 930.6
1376710 923.2
1376720 918.6
1376730 918.6
1376740 916.2
1376750 915.6
1376760 915.6
1376770 915.4
1376780 914.4
1376790 914.4
1376800 912.7
1376810 909.7
1376820 909.7
1376830 906.2
1376840 902.9
1376850 902.9
1376860 899.4
1376870 896.2
1376880 892.8
1376890 892.8
1376900 888.5
1376910 883.8
1376920 883.8
1376930 878.1
1376940 871.2
1376950 871.2
1376960 860.6
1376970 851.1
1376980 851.1
1376990 842.4
1377000 831.9
1377010 831.9
1377020 822.1
1377030 815.5
1377040 815.5
1377050 810.8
1377060 805.8
1377070 805.8
1377080 803.5
1377090 804.7
1377100 804.7
1377110 802.0
1377120 798.1
1377130 798.1
1377140 795.3
1377150 791.1
1377160 791.1
1377170 783.6
1377180 772.4
1377190 772.4
1377200 762.0
1377210 750.8
1377220 750.8
1377230 740.4
1377240 732.3
1377250 732.3
1377260 725.2
1377270 718.8
1377280 713.1
1377290 713.1
1377300 707.7
1377310 703.0
1377320 703.0
1377330 701.7
1377340 700.8
1377350 700.8
1377360 697.3
1377370 692.8
1377380 692.8
1377390 688.9
1377400 684.6
1377410 684.6
1377420 683.1
1377430 682.4
1377440 682.4
1377450 680.8
1377460 680.2
1377470 680.2
1377480 679.6
1377490 679.6
1377500 679.6
1377510 679.7
1377520 679.3
1377530 679.3
1377540 678.4
1377550 678.4
1377560 678.4
1377570 678.1
1377580 677.8
1377590 677.8
1377600 677.5
1377610 677.1
1377620 677.1
1377630 676.8
1377640 676.5
1377650 676.1
1377660 676.1
1377670 675.6
1377680 675.2
1377690 675.2
1377700 674.8
1377710 674.4
1377720 674.4
1377730 674.1
1377740 673.7
1377750 673.7
1377760 673.3
1377770 672.8
1377780 672.8
1377790 672.3
1377800 671.7
1377810 671.7
1377820 671.5
1377830 671.3
1377840 671.3
1377850 671.0
1377860 670.3
1377870 670.3
1377880 669.9
1377890 669.5
1377900 669.5
1377910 669.1
1377920 668.7
1377930 668.7
1377940 668.2
1377950 667.9
1377960 667.9
1377970 667.6
1377980 667.3
1377990 667.3
1378000 667.1
1378010 666.8
1378020 666.8
1378030 666.5
1378040 666.3
1378050 666.2
1378060 666.2
1378070 665.9
1378080 665.8
1378090 665.8
1378100 665.6
1378110 665.4
1378120 665.4
1378130 665.1
1378140 665.0
1378150 665.0
1378160 664.6
1378170 664.8
1378180 664.8
1378190 665.0
1378200 664.9
1378210 664.9
1378220 665.0
1378230 665.0
1378240 665.0
1378250 664.9
1378260 664.9
1378270 664.9
1378280 665.0
1378290 665.1
1378300 665.1
1378310 665.2
1378320 665.1
1378330 665.1
1378340 665.2
1378350 665.1
1378360 665.1
1378370 665.0
1378380 665.0
1378390 665.0
1378400 664.9
1378410 664.7
1378420 664.7
1378430 664.4
1378440 664.3
1378450 664.4
1378460 664.4
1378470 664.4
1378480 664.5
1378490 664.5
1378500 664.5
1378510 664.4
1378520 664.4
1378530 664.5
1378540 664.5
1378550 664.5
1378560 664.4
1378570 664.3
1378580 664.3
1378590 665.0
1378600 664.9
1378610 664.9
1378620 663.6
1378630 663.5
1378640 663.5
1378650 663.1
1378660 662.4
1378670 662.4
1378680 665.8
1378690 673.7
1378700 673.7
1378710 682.4
1378720 691.1
1378730 691.1
1378740 698.8
1378750 704.2
1378760 704.2
1378770 709.2
1378780 715.1
1378790 715.1
1378800 720.8
1378810 726.9
1378820 726.9
1378830 733.3
1378840 740.0
1378850 746.1
1378860 746.1
1378870 751.6
1378880 754.8
1378890 754.8
1378900 757.9
1378910 759.7
1378920 759.7
1378930 762.5
1378940 764.9
1378950 764.9
1378960 764.9
1378970 765.2
1378980 765.2
1378990 768.9
1379000 774.4
1379010 774.4
1379020 781.4
1379030 788.2
1379040 788.2
1379050 792.4
1379060 791.6
1379070 791.6
1379080 785.9
1379090 780.4
1379100 780.4
1379110 777.0
1379120 774.3
1379130 774.3
1379140 773.2
1379150 775.5
1379160 775.5
1379170 780.0
1379180 784.1
1379190 784.1
1379200 786.8
1379210 790.2
1379220 793.8
1379230 793.8
1379240 797.9
1379250 803.6
1379260 803.6
1379270 810.5
1379280 816.0
1379290 816.0
1379300 818.7
1379310 821.0
1379320 821.0
1379330 824.0
1379340 825.3
1379350 825.3
1379360 828.6
1379370 835.5
1379380 835.5
1379390 845.5
1379400 858.2
1379410 858.2
1379420 861.1
1379430 868.0
1379440 868.0
1379450 872.9
1379460 875.3
1379470 875.3
1379480 880.9
1379490 888.0
1379500 888.0
1379510 891.9
1379520 895.4
1379530 895.4
1379540 900.8
1379550 904.4
1379560 904.4
1379570 906.7
1379580 906.4
1379590 906.4
1379600 902.9
1379610 899.2
1379620 898.4
1379630 898.4
1379640 901.4
1379650 904.3
1379660 904.3
1379670 907.5
1379680 904.6
1379690 904.6
1379700 887.5
1379710 868.0
1379720 868.0
1379730 850.0
1379740 843.3
1379750 843.3
1379760 839.5
1379770 834.1
1379780 834.1
1379790 834.1
1379800 844.4
1379810 844.4
1379820 855.4
1379830 866.1
1379840 866.1
1379850 874.3
1379860 884.2
1379870 884.2
1379880 896.0
1379890 907.1
1379900 907.1
1379910 914.9
1379920 922.1
1379930 922.1
1379940 926.9
1379950 931.1
1379960 931.1
1379970 936.9
1379980 942.0
1379990 942.0
