1360000 822.7
1360010 811.5
1360020 812.0
1360030 812.0
1360040 827.8
1360050 833.5
1360060 842.9
1360070 842.9
1360080 851.5
1360090 859.2
1360100 859.2
1360110 861.6
1360120 857.6
1360130 857.6
1360140 853.2
1360150 852.8
1360160 852.8
1360170 873.7
1360180 897.6
1360190 897.6
1360200 914.4
1360210 933.3
1360220 933.3
1360230 954.0
1360240 968.1
1360250 968.1
1360260 983.3
1360270 996.0
1360280 996.0
1360290 994.2
1360300 991.5
1360310 991.5
1360320 997.5
1360330 1005.2
1360340 1005.2
1360350 1016.8
1360360 1030.9
1360370 1030.9
1360380 1039.3
1360390 1054.0
1360400 1054.0
1360410 1058.7
1360420 1052.6
1360430 1044.7
1360440 1044.7
1360450 1034.5
1360460 1028.1
1360470 1028.1
1360480 1027.7
1360490 1031.6
1360500 1031.6
1360510 1042.1
1360520 1060.5
1360530 1060.5
1360540 1087.7
1360550 1100.5
1360560 1100.5
1360570 1100.8
1360580 1112.5
1360590 1112.5
1360600 1109.7
1360610 1110.6
1360620 1110.6
1360630 1106.5
1360640 1101.0
1360650 1101.0
1360660 1100.3
1360670 1111.7
1360680 1111.7
1360690 1126.0
1360700 1136.4
1360710 1136.4
1360720 1153.6
1360730 1160.8
1360740 1160.8
1360750 1153.1
1360760 1149.7
1360770 1149.7
1360780 1151.8
1360790 1161.9
1360800 1161.9
1360810 1169.4
1360820 1169.3
1360830 1168.2
1360840 1168.2
1360850 1162.0
1360860 1161.0
1360870 1161.0
1360880 1168.7
1360890 1173.5
1360900 1173.5
1360910 1179.6
1360920 1189.8
1360930 1189.8
1360940 1194.4
1360950 1198.9
1360960 1198.9
1360970 1201.7
1360980 1202.3
1360990 1202.3
1361000 1203.6
1361010 1205.3
1361020 1205.3
1361030 1206.5
1361040 1206.3
1361050 1206.3
1361060 1205.2
1361070 1205.8
1361080 1205.8
1361090 1208.0
1361100 1211.4
1361110 1211.4
1361120 1213.8
1361130 1212.8
1361140 1212.8
1361150 1208.7
1361160 1206.4
1361170 1206.4
1361180 1204.2
1361190 1202.4
1361200 1202.4
1361210 1199.7
1361220 1199.5
1361230 1202.1
1361240 1202.1
1361250 1205.5
1361260 1202.7
1361270 1202.7
1361280 1199.0
1361290 1196.5
1361300 1196.5
1361310 1193.5
1361320 1187.9
1361330 1187.9
1361340 1182.0
1361350 1177.0
1361360 1177.0
1361370 1172.1
1361380 1167.5
1361390 1167.5
1361400 1163.1
1361410 1159.8
1361420 1159.8
1361430 1158.2
1361440 1157.9
1361450 1157.9
1361460 1157.8
1361470 1158.4
1361480 1158.4
1361490 1159.5
1361500 1160.2
1361510 1160.2
1361520 1160.6
1361530 1160.6
1361540 1160.6
1361550 1160.3
1361560 1160.8
1361570 1160.8
1361580 1162.8
1361590 1164.0
1361600 1164.0
1361610 1164.6
1361620 1163.9
1361630 1165.0
1361640 1165.0
1361650 1165.0
1361660 1164.2
1361670 1164.2
1361680 1163.6
1361690 1163.7
1361700 1163.7
1361710 1165.3
1361720 1166.8
1361730 1166.8
1361740 1168.9
1361750 1171.8
1361760 1171.8
1361770 1174.6
1361780 1176.9
1361790 1176.9
1361800 1179.3
1361810 1181.7
1361820 1181.7
1361830 1184.2
1361840 1187.3
1361850 1187.3
1361860 1190.4
1361870 1193.6
1361880 1193.6
1361890 1197.0
1361900 1199.9
1361910 1199.9
1361920 1202.3
1361930 1204.7
1361940 1204.7
1361950 1207.2
1361960 1209.8
1361970 1209.8
1361980 1212.1
1361990 1214.6
1362000 1217.7
1362010 1217.7
1362020 1220.7
1362030 1223.2
1362040 1223.2
1362050 1225.0
1362060 1226.3
1362070 1226.3
1362080 1227.9
1362090 1229.5
1362100 1229.5
1362110 1231.3
1362120 1233.0
1362130 1233.0
1362140 1234.5
1362150 1236.1
1362160 1236.1
1362170 1238.7
1362180 1241.9
1362190 1241.9
1362200 1245.0
1362210 1248.1
1362220 1248.1
1362230 1251.3
1362240 1253.9
1362250 1253.9
1362260 1256.1
1362270 1257.8
1362280 1257.8
1362290 1259.5
1362300 1261.8
1362310 1261.8
1362320 1266.5
1362330 1271.6
1362340 1271.6
1362350 1275.3
1362360 1277.2
1362370 1277.2
1362380 1278.1
1362390 1280.8
1362400 1283.1
1362410 1283.1
1362420 1285.2
1362430 1287.7
1362440 1287.7
1362450 1292.4
1362460 1298.3
1362470 1298.3
1362480 1303.1
1362490 1306.6
1362500 1306.6
1362510 1303.3
1362520 1299.9
1362530 1299.9
1362540 1302.6
1362550 1305.5
1362560 1305.5
1362570 1308.8
1362580 1313.2
1362590 1313.2
1362600 1316.4
1362610 1319.1
1362620 1319.1
1362630 1322.4
1362640 1326.2
1362650 1326.2
1362660 1330.1
1362670 1329.2
1362680 1329.2
1362690 1332.9
1362700 1335.8
1362710 1335.8
1362720 1337.0
1362730 1336.4
1362740 1336.4
1362750 1338.1
1362760 1340.3
1362770 1340.3
1362780 1342.5
1362790 1345.2
1362800 1347.7
1362810 1347.7
1362820 1349.2
1362830 1350.4
1362840 1350.4
1362850 1351.8
1362860 1353.5
1362870 1353.5
1362880 1354.8
1362890 1355.6
1362900 1355.6
1362910 1356.8
1362920 1358.7
1362930 1358.7
1362940 1361.0
1362950 1362.5
1362960 1362.5
1362970 1364.3
1362980 1366.2
1362990 1366.2
1363000 1367.8
1363010 1369.0
1363020 1369.0
1363030 1370.5
1363040 1372.3
1363050 1372.3
1363060 1374.3
1363070 1376.1
1363080 1376.1
1363090 1377.9
1363100 1379.2
1363110 1379.2
1363120 1380.4
1363130 1382.6
1363140 1382.6
1363150 1385.0
1363160 1386.7
1363170 1387.5
1363180 1387.5
1363190 1389.2
1363200 1392.0
1363210 1392.0
1363220 1394.0
1363230 1394.7
1363240 1394.7
1363250 1397.3
1363260 1402.9
1363270 1402.9
1363280 1409.1
1363290 1413.3
1363300 1413.3
1363310 1413.7
1363320 1415.1
1363330 1415.1
1363340 1420.2
1363350 1423.4
1363360 1423.4
1363370 1425.0
1363380 1426.0
1363390 1426.0
1363400 1427.5
1363410 1428.2
1363420 1428.2
1363430 1426.4
1363440 1421.8
1363450 1421.8
1363460 1417.6
1363470 1416.5
1363480 1416.5
1363490 1417.3
1363500 1418.3
1363510 1418.3
1363520 1418.0
1363530 1419.8
1363540 1419.8
1363550 1424.6
1363560 1430.8
1363570 1435.8
1363580 1435.8
1363590 1441.8
1363600 1447.3
1363610 1447.3
1363620 1450.2
1363630 1452.0
1363640 1452.0
1363650 1453.0
1363660 1453.8
1363670 1453.8
1363680 1454.2
1363690 1455.2
1363700 1455.2
1363710 1457.1
1363720 1453.3
1363730 1453.3
1363740 1455.3
1363750 1457.1
1363760 1457.1
1363770 1459.9
1363780 1462.9
1363790 1462.9
1363800 1465.3
1363810 1467.7
1363820 1467.7
1363830 1469.8
1363840 1472.0
1363850 1472.0
1363860 1473.9
1363870 1475.6
1363880 1475.6
1363890 1477.0
1363900 1477.5
1363910 1477.5
1363920 1478.5
1363930 1479.9
1363940 1479.9
1363950 1481.6
1363960 1484.0
1363970 1487.2
1363980 1487.2
1363990 1491.1
1364000 1495.3
1364010 1495.3
1364020 1499.0
1364030 1502.0
1364040 1502.0
1364050 1504.7
1364060 1507.1
1364070 1507.1
1364080 1508.7
1364090 1508.9
1364100 1508.9
1364110 1507.1
1364120 1504.7
1364130 1504.7
1364140 1503.0
1364150 1501.8
1364160 1501.8
1364170 1500.5
1364180 1498.7
1364190 1498.7
1364200 1496.2
1364210 1493.4
1364220 1493.4
1364230 1494.4
1364240 1498.3
1364250 1498.3
1364260 1501.1
1364270 1503.5
1364280 1503.5
1364290 1504.2
1364300 1503.5
1364310 1503.5
1364320 1501.8
1364330 1497.1
1364340 1491.4
1364350 1491.4
1364360 1487.4
1364370 1484.9
1364380 1484.9
1364390 1483.1
1364400 1481.7
1364410 1481.7
1364420 1479.8
1364430 1477.8
1364440 1477.8
1364450 1473.7
1364460 1468.9
1364470 1468.9
1364480 1465.0
1364490 1463.3
1364500 1463.3
1364510 1462.7
1364520 1463.3
1364530 1463.3
1364540 1464.5
1364550 1466.0
1364560 1466.0
1364570 1466.8
1364580 1464.9
1364590 1464.9
1364600 1461.9
1364610 1458.8
1364620 1458.8
1364630 1459.4
1364640 1461.2
1364650 1461.2
1364660 1462.5
1364670 1463.7
1364680 1463.7
1364690 1465.5
1364700 1465.5
1364710 1465.5
1364720 1464.3
1364730 1462.8
1364740 1462.9
1364750 1462.9
1364760 1468.2
1364770 1472.8
1364780 1469.5
1364790 1473.8
1364800 1478.8
1364810 1478.8
1364820 1484.5
1364830 1490.3
1364840 1490.3
1364850 1495.9
1364860 1501.3
1364870 1501.3
1364880 1506.1
1364890 1515.3
1364900 1515.3
1364910 1534.5
1364920 1571.2
1364930 1571.2
1364940 1604.1
1364950 1632.1
1364960 1632.1
1364970 1647.5
1364980 1646.5
1364990 1646.5
1365000 1643.7
1365010 1641.1
1365020 1641.1
1365030 1632.9
1365040 1626.8
1365050 1626.8
1365060 1622.7
1365070 1614.0
1365080 1614.0
1365090 1607.3
1365100 1604.2
1365110 1604.2
1365120 1599.6
1365130 1594.0
1365140 1593.5
1365150 1593.5
1365160 1589.6
1365170 1581.4
1365180 1581.4
1365190 1572.1
1365200 1567.8
1365210 1567.8
1365220 1564.0
1365230 1559.6
1365240 1559.6
1365250 1556.8
1365260 1552.5
1365270 1552.5
1365280 1548.0
1365290 1545.1
1365300 1545.1
1365310 1542.3
1365320 1544.0
1365330 1544.0
1365340 1548.9
1365350 1552.6
1365360 1552.6
1365370 1556.4
1365380 1561.1
1365390 1561.1
1365400 1564.9
1365410 1568.4
1365420 1568.4
1365430 1574.6
1365440 1579.8
1365450 1579.8
1365460 1583.8
1365470 1589.0
1365480 1589.0
1365490 1595.6
1365500 1602.4
1365510 1609.4
1365520 1609.4
1365530 1616.4
1365540 1623.1
1365550 1623.1
1365560 1632.0
1365570 1644.4
1365580 1644.4
1365590 1659.2
1365600 1674.4
1365610 1674.4
1365620 1691.7
1365630 1708.8
1365640 1708.8
1365650 1731.0
1365660 1754.1
1365670 1754.1
1365680 1752.9
1365690 1741.0
1365700 1741.0
1365710 1717.9
1365720 1688.8
1365730 1688.8
1365740 1655.1
1365750 1649.1
1365760 1649.1
1365770 1644.9
1365780 1640.7
1365790 1640.7
1365800 1636.4
1365810 1632.3
1365820 1632.3
1365830 1630.7
1365840 1631.1
1365850 1631.1
1365860 1627.2
1365870 1629.3
1365880 1629.3
1365890 1630.1
1365900 1629.5
1365910 1628.4
1365920 1628.4
1365930 1627.4
1365940 1633.2
1365950 1633.2
1365960 1644.5
1365970 1652.9
1365980 1652.9
1365990 1657.2
1366000 1666.9
1366010 1666.9
1366020 1678.0
1366030 1687.1
1366040 1687.1
1366050 1694.2
1366060 1704.9
1366070 1704.9
1366080 1710.8
1366090 1715.6
1366100 1715.6
1366110 1726.1
1366120 1742.9
1366130 1742.9
1366140 1756.8
1366150 1769.9
1366160 1769.9
1366170 1784.0
1366180 1794.7
1366190 1794.7
1366200 1805.0
1366210 1811.0
1366220 1811.0
1366230 1811.0
1366240 1809.5
1366250 1809.5
1366260 1813.8
1366270 1821.8
1366280 1821.8
1366290 1822.9
1366300 1823.0
1366310 1823.5
1366320 1823.5
1366330 1823.5
1366340 1821.3
1366350 1821.3
1366360 1820.6
1366370 1824.9
1366380 1824.9
1366390 1827.6
1366400 1827.7
1366410 1827.7
1366420 1828.1
1366430 1827.5
1366440 1827.5
1366450 1827.7
1366460 1827.0
1366470 1827.0
1366480 1827.5
1366490 1830.0
1366500 1830.0
1366510 1834.1
1366520 1845.3
1366530 1845.3
1366540 1853.8
1366550 1862.0
1366560 1862.0
1366570 1874.3
1366580 1883.6
1366590 1883.6
1366600 1880.7
1366610 1874.9
1366620 1874.9
1366630 1863.6
1366640 1850.0
1366650 1850.0
1366660 1835.1
1366670 1821.6
1366680 1811.9
1366690 1811.9
1366700 1803.8
1366710 1799.3
1366720 1799.3
1366730 1795.1
1366740 1790.4
1366750 1790.4
1366760 1785.6
1366770 1780.4
1366780 1780.4
1366790 1775.0
1366800 1769.4
1366810 1769.4
1366820 1764.8
1366830 1761.8
1366840 1761.8
1366850 1759.6
1366860 1757.9
1366870 1757.9
1366880 1757.3
1366890 1757.6
1366900 1757.6
1366910 1759.0
1366920 1760.4
1366930 1760.4
1366940 1758.8
1366950 1760.8
1366960 1760.8
1366970 1764.9
1366980 1770.3
1366990 1770.3
1367000 1776.3
1367010 1782.5
1367020 1782.5
1367030 1788.7
1367040 1795.0
1367050 1795.0
1367060 1801.2
1367070 1807.3
1367080 1816.3
1367090 1816.3
1367100 1826.2
1367110 1836.6
1367120 1836.6
1367130 1845.1
1367140 1855.4
1367150 1855.4
1367160 1862.7
1367170 1873.7
1367180 1873.7
1367190 1885.3
1367200 1904.1
1367210 1904.1
1367220 1926.1
1367230 1935.1
1367240 1935.1
1367250 1942.1
1367260 1948.7
1367270 1948.7
1367280 1956.5
1367290 1965.6
1367300 1965.6
1367310 1974.0
1367320 1982.4
1367330 1982.4
1367340 1986.7
1367350 1979.6
1367360 1979.6
1367370 1971.0
1367380 1963.3
1367390 1963.3
1367400 1956.0
1367410 1948.4
1367420 1948.4
1367430 1939.1
1367440 1930.8
1367450 1930.8
1367460 1924.6
1367470 1919.7
1367480 1915.6
1367490 1915.6
1367500 1915.5
1367510 1915.7
1367520 1915.7
1367530 1919.2
1367540 1922.5
1367550 1922.5
1367560 1923.2
1367570 1924.1
1367580 1924.1
1367590 1925.6
1367600 1928.4
1367610 1928.4
1367620 1931.8
1367630 1932.7
1367640 1932.7
1367650 1936.6
1367660 1941.0
1367670 1941.0
1367680 1939.2
1367690 1937.2
1367700 1937.2
1367710 1936.8
1367720 1938.7
1367730 1938.7
1367740 1941.9
1367750 1948.7
1367760 1948.7
1367770 1950.1
1367780 1948.9
1367790 1948.9
1367800 1950.1
1367810 1954.8
1367820 1954.8
1367830 1957.2
1367840 1946.7
1367850 1946.7
1367860 1936.6
1367870 1934.7
1367880 1935.5
1367890 1935.5
1367900 1935.6
1367910 1938.3
1367920 1938.3
1367930 1940.7
1367940 1938.9
1367950 1938.9
1367960 1933.8
1367970 1930.3
1367980 1930.3
1367990 1927.0
1368000 1926.6
1368010 1926.6
1368020 1927.6
1368030 1928.8
1368040 1928.8
1368050 1929.9
1368060 1928.3
1368070 1928.3
1368080 1921.7
1368090 1918.6
1368100 1918.6
1368110 1920.6
1368120 1918.8
1368130 1918.8
1368140 1918.4
1368150 1922.2
1368160 1922.2
1368170 1919.5
1368180 1906.9
1368190 1906.9
1368200 1895.5
1368210 1888.3
1368220 1888.3
1368230 1882.3
1368240 1876.6
1368250 1872.1
1368260 1872.1
1368270 1868.7
1368280 1865.1
1368290 1865.1
1368300 1862.6
1368310 1863.3
1368320 1863.3
1368330 1864.6
1368340 1865.1
1368350 1865.1
1368360 1868.6
1368370 1881.0
1368380 1881.0
1368390 1902.2
1368400 1918.6
1368410 1918.6
1368420 1931.5
1368430 1943.0
1368440 1943.0
1368450 1950.9
1368460 1955.2
1368470 1955.2
1368480 1949.3
1368490 1943.5
1368500 1943.5
1368510 1946.4
1368520 1947.0
1368530 1947.0
1368540 1941.8
1368550 1931.9
1368560 1931.9
1368570 1927.9
1368580 1918.6
1368590 1918.6
1368600 1897.2
1368610 1874.4
1368620 1874.4
1368630 1862.1
1368640 1857.6
1368650 1848.8
1368660 1848.8
1368670 1837.7
1368680 1834.3
1368690 1834.3
1368700 1833.9
1368710 1832.8
1368720 1832.8
1368730 1834.8
1368740 1840.5
1368750 1840.5
1368760 1847.7
1368770 1849.7
1368780 1849.7
1368790 1851.8
1368800 1854.3
1368810 1854.3
1368820 1852.3
1368830 1848.2
1368840 1848.2
1368850 1844.0
1368860 1839.9
1368870 1839.9
1368880 1835.6
1368890 1831.6
1368900 1831.6
1368910 1826.1
1368920 1821.6
1368930 1821.6
1368940 1818.2
1368950 1814.9
1368960 1814.9
1368970 1811.4
1368980 1808.2
1368990 1808.2
1369000 1805.0
1369010 1801.6
1369020 1801.6
1369030 1799.4
1369040 1797.3
1369050 1795.4
1369060 1795.4
1369070 1794.5
1369080 1795.9
1369090 1795.9
1369100 1797.6
1369110 1798.1
1369120 1798.1
1369130 1796.3
1369140 1788.0
1369150 1788.0
1369160 1781.6
1369170 1776.0
1369180 1776.0
1369190 1769.9
1369200 1765.1
1369210 1765.1
1369220 1754.2
1369230 1737.6
1369240 1737.6
1369250 1728.8
1369260 1718.3
1369270 1718.3
1369280 1693.9
1369290 1675.2
1369300 1675.2
1369310 1661.8
1369320 1649.2
1369330 1649.2
1369340 1625.5
1369350 1593.0
1369360 1593.0
1369370 1580.2
1369380 1573.0
1369390 1573.0
1369400 1565.8
1369410 1559.1
1369420 1553.3
1369430 1553.3
1369440 1547.2
1369450 1540.8
1369460 1540.8
1369470 1534.5
1369480 1527.8
1369490 1527.8
1369500 1521.3
1369510 1514.6
1369520 1514.6
1369530 1507.8
1369540 1500.9
1369550 1500.9
1369560 1493.5
1369570 1486.7
1369580 1486.7
1369590 1478.3
1369600 1472.5
1369610 1472.5
1369620 1466.2
1369630 1458.3
1369640 1458.3
1369650 1450.1
1369660 1442.5
1369670 1442.5
1369680 1435.2
1369690 1428.0
1369700 1428.0
1369710 1420.9
1369720 1413.7
1369730 1413.7
1369740 1407.5
1369750 1402.2
1369760 1402.2
1369770 1397.9
1369780 1393.4
1369790 1393.4
1369800 1388.8
1369810 1384.4
1369820 1379.9
1369830 1379.9
1369840 1375.2
1369850 1372.0
1369860 1372.0
1369870 1369.1
1369880 1366.4
1369890 1366.4
1369900 1363.4
1369910 1360.5
1369920 1360.5
1369930 1357.6
1369940 1355.2
1369950 1355.2
1369960 1353.6
1369970 1352.0
1369980 1352.0
1369990 1349.6
1370000 1346.6
1370010 1346.6
1370020 1343.6
1370030 1339.9
1370040 1339.9
1370050 1335.9
1370060 1331.1
1370070 1331.1
1370080 1328.3
1370090 1325.6
1370100 1325.6
1370110 1324.6
1370120 1324.8
1370130 1324.8
1370140 1323.1
1370150 1319.9
1370160 1319.9
1370170 1315.5
1370180 1310.2
1370190 1310.2
1370200 1305.2
1370210 1300.6
1370220 1294.1
1370230 1294.1
1370240 1287.6
1370250 1280.3
1370260 1280.3
1370270 1275.6
1370280 1277.0
1370290 1277.0
1370300 1275.6
1370310 1274.8
1370320 1274.8
1370330 1272.6
1370340 1265.3
1370350 1265.3
1370360 1258.4
1370370 1251.9
1370380 1251.9
1370390 1243.6
1370400 1240.4
1370410 1240.4
1370420 1238.7
1370430 1239.6
1370440 1239.6
1370450 1237.5
1370460 1234.0
1370470 1234.0
1370480 1229.7
1370490 1229.9
1370500 1229.9
1370510 1232.5
1370520 1232.7
1370530 1232.7
1370540 1230.3
1370550 1226.0
1370560 1226.0
1370570 1219.6
1370580 1215.5
1370590 1212.6
1370600 1212.6
1370610 1208.6
1370620 1204.7
1370630 1204.7
1370640 1199.6
1370650 1193.6
1370660 1193.6
1370670 1187.6
1370680 1183.4
1370690 1183.4
1370700 1178.8
1370710 1174.2
1370720 1174.2
1370730 1171.7
1370740 1168.5
1370750 1168.5
1370760 1165.2
1370770 1162.5
1370780 1162.5
1370790 1161.0
1370800 1158.9
1370810 1158.9
1370820 1156.2
1370830 1154.0
1370840 1154.0
1370850 1150.8
1370860 1146.8
1370870 1146.8
1370880 1142.6
1370890 1138.1
1370900 1138.1
1370910 1133.6
1370920 1129.5
1370930 1129.5
1370940 1125.4
1370950 1121.8
1370960 1121.8
1370970 1118.5
1370980 1114.6
1370990 1109.8
1371000 1109.8
1371010 1104.9
1371020 1099.9
1371030 1099.9
1371040 1093.4
1371050 1087.8
1371060 1087.8
1371070 1083.8
1371080 1079.9
1371090 1079.9
1371100 1075.3
1371110 1069.6
1371120 1069.6
1371130 1063.8
1371140 1058.5
1371150 1058.5
1371160 1053.0
1371170 1047.7
1371180 1047.7
1371190 1042.2
1371200 1036.7
1371210 1036.7
1371220 1031.9
1371230 1026.9
1371240 1026.9
1371250 1022.2
1371260 1017.9
1371270 1017.9
1371280 1014.5
1371290 1011.4
1371300 1011.4
1371310 1010.0
1371320 1011.9
1371330 1011.9
1371340 1015.6
1371350 1021.8
1371360 1021.8
1371370 1026.4
1371380 1036.9
1371390 1040.4
1371400 1040.4
1371410 1043.8
1371420 1046.9
1371430 1046.9
1371440 1048.7
1371450 1049.9
1371460 1049.9
1371470 1052.7
1371480 1058.7
1371490 1058.7
1371500 1064.1
1371510 1066.8
1371520 1066.8
1371530 1066.1
1371540 1067.3
1371550 1067.3
1371560 1073.1
1371570 1080.4
1371580 1080.4
1371590 1086.2
1371600 1089.7
1371610 1089.7
1371620 1094.9
1371630 1100.5
1371640 1100.5
1371650 1106.5
1371660 1111.9
1371670 1111.9
1371680 1116.1
1371690 1119.0
1371700 1119.0
1371710 1121.7
1371720 1123.7
1371730 1123.7
1371740 1125.8
1371750 1128.1
1371760 1131.3
1371770 1131.3
1371780 1134.9
1371790 1137.7
1371800 1137.7
1371810 1138.4
1371820 1139.2
1371830 1139.2
1371840 1141.8
1371850 1147.9
1371860 1147.9
1371870 1153.2
1371880 1156.4
1371890 1156.4
1371900 1160.0
1371910 1164.4
1371920 1164.4
1371930 1169.2
1371940 1173.0
1371950 1173.0
1371960 1176.2
1371970 1179.6
1371980 1179.6
1371990 1183.4
1372000 1187.2
1372010 1187.2
1372020 1190.5
1372030 1192.0
1372040 1192.0
1372050 1197.0
1372060 1200.7
1372070 1200.7
1372080 1202.0
1372090 1209.3
1372100 1209.3
1372110 1214.8
1372120 1218.8
1372130 1218.8
1372140 1222.3
1372150 1226.3
1372160 1229.6
1372170 1229.6
1372180 1230.6
1372190 1229.2
1372200 1229.2
1372210 1230.9
1372220 1235.5
1372230 1235.5
1372240 1237.5
1372250 1239.3
1372260 1239.3
1372270 1242.3
1372280 1249.1
1372290 1249.1
1372300 1255.4
1372310 1260.4
1372320 1260.4
1372330 1265.4
1372340 1271.7
1372350 1271.7
1372360 1279.4
1372370 1286.3
1372380 1286.3
1372390 1290.8
1372400 1291.3
1372410 1291.3
1372420 1292.3
1372430 1298.6
1372440 1298.6
1372450 1305.3
1372460 1309.4
1372470 1309.4
1372480 1311.4
1372490 1313.0
1372500 1313.0
1372510 1317.1
1372520 1327.1
1372530 1327.1
1372540 1334.0
1372550 1340.8
1372560 1346.6
1372570 1346.6
1372580 1351.1
1372590 1355.5
1372600 1355.5
1372610 1359.7
1372620 1363.6
1372630 1363.6
1372640 1368.2
1372650 1373.9
1372660 1373.9
1372670 1380.2
1372680 1386.6
1372690 1386.6
1372700 1392.1
1372710 1397.4
1372720 1397.4
1372730 1402.3
1372740 1407.2
1372750 1407.2
1372760 1411.9
1372770 1416.0
1372780 1416.0
1372790 1419.8
1372800 1423.6
1372810 1423.6
1372820 1426.9
1372830 1430.3
1372840 1430.3
1372850 1432.6
1372860 1431.6
1372870 1431.6
1372880 1434.0
1372890 1440.5
1372900 1440.5
1372910 1445.2
1372920 1449.6
1372930 1453.7
1372940 1453.7
1372950 1457.6
1372960 1461.7
1372970 1461.7
1372980 1465.5
1372990 1469.0
1373000 1469.0
1373010 1475.1
1373020 1481.2
1373030 1481.2
1373040 1487.9
1373050 1495.1
1373060 1495.1
1373070 1501.9
1373080 1508.0
1373090 1508.0
1373100 1513.9
1373110 1519.8
1373120 1519.8
1373130 1525.5
1373140 1531.0
1373150 1531.0
1373160 1536.0
1373170 1540.7
1373180 1540.7
1373190 1544.7
1373200 1548.4
1373210 1548.4
1373220 1550.8
1373230 1552.3
1373240 1552.3
1373250 1554.3
1373260 1555.9
1373270 1555.9
1373280 1557.3
1373290 1557.9
1373300 1557.9
1373310 1558.2
1373320 1558.8
1373330 1559.1
1373340 1559.1
1373350 1557.2
1373360 1556.2
1373370 1556.2
1373380 1554.8
1373390 1549.6
1373400 1549.6
1373410 1542.3
1373420 1535.1
1373430 1535.1
1373440 1527.5
1373450 1520.2
1373460 1520.2
1373470 1513.2
1373480 1508.3
1373490 1508.3
1373500 1504.9
1373510 1502.5
1373520 1502.5
1373530 1501.5
1373540 1498.5
1373550 1498.5
1373560 1494.6
1373570 1492.3
1373580 1492.3
1373590 1490.9
1373600 1489.0
1373610 1489.0
1373620 1484.0
1373630 1480.2
1373640 1480.2
1373650 1476.2
1373660 1468.0
1373670 1460.4
1373680 1446.0
1373690 1440.7
1373700 1440.7
1373710 1443.6
1373720 1431.9
1373730 1434.4
1373740 1434.4
1373750 1435.0
1373760 1426.2
1373770 1426.2
1373780 1421.5
1373790 1420.3
1373800 1420.3
1373810 1419.5
1373820 1414.9
1373830 1414.9
1373840 1408.2
1373850 1394.6
1373860 1394.6
1373870 1385.2
1373880 1379.5
1373890 1379.5
1373900 1373.8
1373910 1369.2
1373920 1369.2
1373930 1366.1
1373940 1361.1
1373950 1361.1
1373960 1354.3
1373970 1348.6
1373980 1348.6
1373990 1343.2
1374000 1339.1
1374010 1339.1
1374020 1335.1
1374030 1331.1
1374040 1331.1
1374050 1327.6
1374060 1324.8
1374070 1324.8
1374080 1321.9
1374090 1319.3
1374100 1316.9
1374110 1316.9
1374120 1313.9
1374130 1309.4
1374140 1309.4
1374150 1306.3
1374160 1304.2
1374170 1304.2
1374180 1302.6
1374190 1301.3
1374200 1301.3
1374210 1299.4
1374220 1298.3
1374230 1298.3
1374240 1297.0
1374250 1296.1
1374260 1296.1
1374270 1294.9
1374280 1293.8
1374290 1293.8
1374300 1293.7
1374310 1293.6
1374320 1293.6
1374330 1294.4
1374340 1295.3
1374350 1295.3
1374360 1297.2
1374370 1298.8
1374380 1298.8
1374390 1300.4
1374400 1302.6
1374410 1302.6
1374420 1305.3
1374430 1306.1
1374440 1306.1
1374450 1306.9
1374460 1309.6
1374470 1309.6
1374480 1312.2
1374490 1312.5
1374500 1312.2
1374510 1312.2
1374520 1311.7
1374530 1310.1
1374540 1310.1
1374550 1308.0
1374560 1305.9
1374570 1305.9
1374580 1303.7
1374590 1301.9
1374600 1301.9
1374610 1300.1
1374620 1297.4
1374630 1297.4
1374640 1294.4
1374650 1291.4
1374660 1291.4
1374670 1288.2
1374680 1285.1
1374690 1285.1
1374700 1282.1
1374710 1279.1
1374720 1279.1
1374730 1276.5
1374740 1273.7
1374750 1273.7
1374760 1270.9
1374770 1267.9
1374780 1267.9
1374790 1264.6
1374800 1261.2
1374810 1261.2
1374820 1257.6
1374830 1250.9
1374840 1250.9
1374850 1248.5
1374860 1246.1
1374870 1246.1
1374880 1243.4
1374890 1240.1
1374900 1236.7
1374910 1236.7
1374920 1233.3
1374930 1229.5
1374940 1229.5
1374950 1225.2
1374960 1220.8
1374970 1220.8
1374980 1216.0
1374990 1209.7
1375000 1209.7
1375010 1202.2
1375020 1194.3
1375030 1194.3
1375040 1185.9
1375050 1178.6
1375060 1178.6
1375070 1170.9
1375080 1163.7
1375090 1163.7
1375100 1160.0
1375110 1156.4
1375120 1156.4
1375130 1152.4
1375140 1147.2
1375150 1147.2
1375160 1141.1
1375170 1135.7
1375180 1135.7
1375190 1131.1
1375200 1127.0
1375210 1127.0
1375220 1123.4
1375230 1120.3
1375240 1120.3
1375250 1115.7
1375260 1110.9
1375270 1106.1
1375280 1106.1
1375290 1101.7
1375300 1097.7
1375310 1097.7
1375320 1094.6
1375330 1091.9
1375340 1091.9
1375350 1090.4
1375360 1086.7
1375370 1086.7
1375380 1081.1
1375390 1077.1
1375400 1077.1
1375410 1072.5
1375420 1068.9
1375430 1068.9
1375440 1066.5
1375450 1063.8
1375460 1063.8
1375470 1060.6
1375480 1058.3
1375490 1058.3
1375500 1056.4
1375510 1051.4
1375520 1051.4
1375530 1046.5
1375540 1043.6
1375550 1043.6
1375560 1041.9
1375570 1039.0
1375580 1039.0
1375590 1034.7
1375600 1030.8
1375610 1030.8
1375620 1028.3
1375630 1025.5
1375640 1025.5
1375650 1022.3
1375660 1019.3
1375670 1015.9
1375680 1015.9
1375690 1011.6
1375700 1008.3
1375710 1008.3
1375720 1005.4
1375730 1002.6
1375740 1002.6
1375750 999.3
1375760 996.4
1375770 996.4
1375780 994.3
1375790 992.5
1375800 992.5
1375810 990.0
1375820 986.7
1375830 986.7
1375840 982.6
1375850 979.3
1375860 979.3
1375870 976.6
1375880 973.9
1375890 973.9
1375900 971.4
1375910 969.1
1375920 969.1
1375930 967.0
1375940 965.4
1375950 965.4
1375960 964.0
1375970 963.3
1375980 963.3
1375990 963.3
1376000 963.7
1376010 961.3
1376020 961.9
1376030 960.3
1376040 960.3
1376050 957.0
1376060 952.1
1376070 945.6
1376080 945.6
1376090 938.7
1376100 932.4
1376110 932.4
1376120 926.5
1376130 921.4
1376140 921.4
1376150 916.2
1376160 911.2
1376170 911.2
1376180 906.4
1376190 902.7
1376200 902.7
1376210 900.6
1376220 898.3
1376230 898.3
1376240 895.4
1376250 893.2
1376260 893.2
1376270 891.5
1376280 889.6
1376290 889.6
1376300 888.1
1376310 886.3
1376320 886.3
1376330 884.1
1376340 882.1
1376350 882.1
1376360 880.9
1376370 880.2
1376380 880.2
1376390 879.4
1376400 878.7
1376410 878.7
1376420 878.0
1376430 876.3
1376440 874.4
1376450 874.4
1376460 871.9
1376470 868.9
1376480 868.9
1376490 865.0
1376500 861.1
1376510 861.1
1376520 857.0
1376530 853.8
1376540 853.8
1376550 851.1
1376560 847.8
1376570 847.8
1376580 843.7
1376590 840.9
1376600 840.9
1376610 836.9
1376620 831.1
1376630 831.1
1376640 825.8
1376650 822.0
1376660 822.0
1376670 817.8
1376680 811.8
1376690 811.8
1376700 803.4
1376710 795.8
1376720 795.8
1376730 790.8
1376740 785.8
1376750 785.8
1376760 780.4
1376770 775.1
1376780 775.1
1376790 770.5
1376800 766.3
1376810 766.3
1376820 762.4
1376830 758.0
1376840 754.0
1376850 754.0
1376860 750.2
1376870 746.9
1376880 746.9
1376890 744.0
1376900 740.8
1376910 740.8
1376920 737.9
1376930 733.9
1376940 733.9
1376950 729.6
1376960 727.1
1376970 727.1
1376980 722.6
1376990 719.9
1377000 719.9
1377010 717.9
1377020 716.4
1377030 716.4
1377040 715.1
1377050 713.9
1377060 713.9
1377070 713.0
1377080 711.8
1377090 711.8
1377100 710.1
1377110 708.5
1377120 708.5
1377130 706.8
1377140 705.7
1377150 705.7
1377160 704.4
1377170 703.2
1377180 703.2
1377190 703.1
1377200 702.6
1377210 702.6
1377220 702.0
1377230 701.4
1377240 700.6
1377250 700.6
1377260 699.8
1377270 699.4
1377280 699.4
1377290 698.8
1377300 698.1
1377310 698.1
1377320 697.1
1377330 696.1
1377340 696.1
1377350 695.3
1377360 694.5
1377370 694.5
1377380 693.6
1377390 693.6
1377400 693.6
1377410 693.7
1377420 693.8
1377430 693.8
1377440 692.3
1377450 694.7
1377460 694.7
1377470 699.7
1377480 702.3
1377490 702.3
1377500 703.6
1377510 704.8
1377520 704.8
1377530 706.5
1377540 709.0
1377550 709.0
1377560 711.4
1377570 713.6
1377580 713.6
1377590 715.2
1377600 716.6
1377610 718.1
1377620 718.1
1377630 719.8
1377640 721.5
1377650 721.5
1377660 722.7
1377670 723.2
1377680 723.2
1377690 723.5
1377700 723.8
1377710 723.8
1377720 723.6
1377730 723.0
1377740 723.0
1377750 721.5
1377760 719.5
1377770 719.5
1377780 718.0
1377790 716.3
1377800 716.3
1377810 714.3
1377820 712.6
1377830 712.6
1377840 711.2
1377850 709.8
1377860 709.8
1377870 707.5
1377880 703.4
1377890 703.4
1377900 699.8
1377910 697.5
1377920 697.5
1377930 694.9
1377940 693.0
1377950 693.0
1377960 692.0
1377970 691.3
1377980 691.3
1377990 691.1
1378000 690.9
1378010 690.9
1378020 690.9
1378030 690.6
1378040 690.1
1378050 690.1
1378060 690.4
1378070 689.9
1378080 689.9
1378090 688.4
1378100 686.1
1378110 686.1
1378120 683.6
1378130 681.5
1378140 681.5
1378150 679.3
1378160 677.8
1378170 677.8
1378180 676.2
1378190 675.4
1378200 675.4
1378210 675.7
1378220 675.9
1378230 675.9
1378240 676.5
1378250 676.4
1378260 676.4
1378270 676.1
1378280 674.5
1378290 674.5
1378300 671.9
1378310 671.0
1378320 671.0
1378330 670.8
1378340 670.6
1378350 670.6
1378360 670.5
1378370 670.5
1378380 670.5
1378390 670.6
1378400 670.4
1378410 670.3
1378420 670.3
1378430 670.2
1378440 670.1
1378450 670.1
1378460 669.0
1378470 668.7
1378480 668.7
1378490 668.7
1378500 668.6
1378510 668.6
1378520 668.4
1378530 668.3
1378540 668.3
1378550 668.1
1378560 668.0
1378570 668.0
1378580 667.8
1378590 667.6
1378600 667.6
1378610 667.6
1378620 667.6
1378630 667.6
1378640 667.5
1378650 667.2
1378660 667.2
1378670 667.0
1378680 666.8
1378690 666.8
1378700 666.8
1378710 667.4
1378720 667.4
1378730 667.6
1378740 667.4
1378750 667.4
1378760 666.8
1378770 666.8
1378780 666.9
1378790 666.9
1378800 666.4
1378810 665.4
1378820 665.4
1378830 666.1
1378840 666.7
1378850 666.7
1378860 667.3
1378870 667.4
1378880 667.4
1378890 668.5
1378900 669.2
1378910 669.2
1378920 669.6
1378930 671.1
1378940 671.1
1378950 672.0
1378960 672.3
1378970 672.3
1378980 672.7
1378990 672.9
1379000 672.9
1379010 673.8
1379020 675.5
1379030 675.5
1379040 676.3
1379050 675.8
1379060 675.8
1379070 675.1
1379080 675.2
1379090 675.2
1379100 675.6
1379110 676.0
1379120 676.0
1379130 676.4
1379140 676.9
1379150 676.9
1379160 677.8
1379170 678.5
1379180 679.2
1379190 679.2
1379200 681.8
1379210 685.3
1379220 685.3
1379230 689.3
1379240 693.6
1379250 693.6
1379260 698.0
1379270 703.2
1379280 703.2
1379290 707.6
1379300 711.0
1379310 711.0
1379320 714.7
1379330 718.9
1379340 718.9
1379350 725.9
1379360 732.9
1379370 732.9
1379380 740.2
1379390 747.8
1379400 747.8
1379410 752.9
1379420 759.0
1379430 759.0
1379440 768.1
1379450 778.4
1379460 778.4
1379470 783.7
1379480 786.2
1379490 786.2
1379500 786.1
1379510 780.3
1379520 780.3
1379530 772.6
1379540 766.0
1379550 766.0
1379560 758.9
1379570 743.0
1379580 738.7
1379590 738.7
1379600 744.9
1379610 755.2
1379620 755.2
1379630 763.8
1379640 776.6
1379650 776.6
1379660 788.5
1379670 797.6
1379680 797.6
1379690 806.2
1379700 813.7
1379710 813.7
1379720 820.3
1379730 826.1
1379740 826.1
1379750 832.7
1379760 840.7
1379770 840.7
1379780 849.6
1379790 857.7
1379800 857.7
1379810 864.3
1379820 871.1
1379830 871.1
1379840 876.8
1379850 878.4
1379860 878.4
1379870 878.8
1379880 880.9
1379890 880.9
1379900 883.9
1379910 886.4
1379920 886.4
1379930 888.4
1379940 890.6
1379950 893.1
1379960 893.1
1379970 896.7
1379980 901.6
1379990 901.6
