1360000 643.7
1360010 643.7
1360020 646.9
1360030 650.1
1360040 650.1
1360050 653.9
1360060 656.3
1360070 655.5
1360080 655.5
1360090 652.1
1360100 653.5
1360110 660.0
1360120 662.2
1360130 672.4
1360140 672.4
1360150 686.1
1360160 698.1
1360170 698.1
1360180 705.2
1360190 708.2
1360200 708.2
1360210 714.8
1360220 721.0
1360230 721.0
1360240 727.9
1360250 734.5
1360260 734.5
1360270 741.5
1360280 750.2
1360290 750.2
1360300 764.5
1360310 788.2
1360320 788.2
1360330 798.1
1360340 800.6
1360350 800.6
1360360 801.9
1360370 803.9
1360380 803.9
1360390 804.3
1360400 803.5
1360410 803.5
1360420 804.2
1360430 811.3
1360440 811.3
1360450 815.3
1360460 808.6
1360470 800.8
1360480 800.8
1360490 797.3
1360500 798.3
1360510 798.3
1360520 806.4
1360530 818.2
1360540 818.2
1360550 822.3
1360560 834.3
1360570 834.3
1360580 841.6
1360590 843.2
1360600 843.2
1360610 840.6
1360620 838.3
1360630 838.3
1360640 849.4
1360650 872.0
1360660 872.0
1360670 890.2
1360680 900.4
1360690 900.4
1360700 908.4
1360710 905.2
1360720 905.2
1360730 899.4
1360740 907.2
1360750 907.2
1360760 926.1
1360770 932.0
1360780 932.0
1360790 932.3
1360800 939.1
1360810 939.1
1360820 948.1
1360830 946.0
1360840 946.0
1360850 945.0
1360860 956.1
1360870 962.9
1360880 962.9
1360890 971.2
1360900 981.4
1360910 981.4
1360920 993.3
1360930 997.6
1360940 997.6
1360950 1001.2
1360960 1002.8
1360970 1002.8
1360980 1003.3
1360990 1006.3
1361000 1006.3
1361010 1014.7
1361020 1023.1
1361030 1023.1
1361040 1032.4
1361050 1041.0
1361060 1041.0
1361070 1045.8
1361080 1042.4
1361090 1042.4
1361100 1047.9
1361110 1056.0
1361120 1056.0
1361130 1066.9
1361140 1091.6
1361150 1091.6
1361160 1099.8
1361170 1117.3
1361180 1117.3
1361190 1131.6
1361200 1144.6
1361210 1144.6
1361220 1150.9
1361230 1154.2
1361240 1154.2
1361250 1158.6
1361260 1161.7
1361270 1161.5
1361280 1161.5
1361290 1160.6
1361300 1164.6
1361310 1164.6
1361320 1165.7
1361330 1162.3
1361340 1162.3
1361350 1157.1
1361360 1154.1
1361370 1154.1
1361380 1153.8
1361390 1156.3
1361400 1156.3
1361410 1159.2
1361420 1154.4
1361430 1154.4
1361440 1146.0
1361450 1141.8
1361460 1141.8
1361470 1142.0
1361480 1144.9
1361490 1144.9
1361500 1148.6
1361510 1150.9
1361520 1150.9
1361530 1153.3
1361540 1155.8
1361550 1155.8
1361560 1158.3
1361570 1160.6
1361580 1160.6
1361590 1163.2
1361600 1166.9
1361610 1166.9
1361620 1171.3
1361630 1175.7
1361640 1178.9
1361650 1178.9
1361660 1182.5
1361670 1186.1
1361680 1186.1
1361690 1189.2
1361700 1191.9
1361710 1191.9
1361720 1195.3
1361730 1198.3
1361740 1198.3
1361750 1200.7
1361760 1203.0
1361770 1203.0
1361780 1204.1
1361790 1205.7
1361800 1205.7
1361810 1208.6
1361820 1212.3
1361830 1212.3
1361840 1216.6
1361850 1221.9
1361860 1221.9
1361870 1229.9
1361880 1239.7
1361890 1239.7
1361900 1248.1
1361910 1255.1
1361920 1255.1
1361930 1258.7
1361940 1261.0
1361950 1261.0
1361960 1262.4
1361970 1263.5
1361980 1263.5
1361990 1265.9
1362000 1267.9
1362010 1267.9
1362020 1268.5
1362030 1270.7
1362040 1276.6
1362050 1276.6
1362060 1279.0
1362070 1279.7
1362080 1279.7
1362090 1281.2
1362100 1283.4
1362110 1283.4
1362120 1286.6
1362130 1289.8
1362140 1289.8
1362150 1291.1
1362160 1291.6
1362170 1291.6
1362180 1293.9
1362190 1305.9
1362200 1305.9
1362210 1318.3
1362220 1326.3
1362230 1326.3
1362240 1333.1
1362250 1337.1
1362260 1337.1
1362270 1339.3
1362280 1341.9
1362290 1341.9
1362300 1344.8
1362310 1347.3
1362320 1347.3
1362330 1348.3
1362340 1349.7
1362350 1349.7
1362360 1351.4
1362370 1353.6
1362380 1353.6
1362390 1356.8
1362400 1360.2
1362410 1360.2
1362420 1363.9
1362430 1367.1
1362440 1369.5
1362450 1369.5
1362460 1371.8
1362470 1373.3
1362480 1373.3
1362490 1373.9
1362500 1374.6
1362510 1374.6
1362520 1376.5
1362530 1379.0
1362540 1379.0
1362550 1381.1
1362560 1383.9
1362570 1383.9
1362580 1386.4
1362590 1389.0
1362600 1389.0
1362610 1392.6
1362620 1397.3
1362630 1397.3
1362640 1402.2
1362650 1404.8
1362660 1404.8
1362670 1406.6
1362680 1409.0
1362690 1409.0
1362700 1412.8
1362710 1418.8
1362720 1418.8
1362730 1425.7
1362740 1431.0
1362750 1431.0
1362760 1435.6
1362770 1438.9
1362780 1438.9
1362790 1441.1
1362800 1442.7
1362810 1444.6
1362820 1444.6
1362830 1448.3
1362840 1452.3
1362850 1452.3
1362860 1455.9
1362870 1459.4
1362880 1459.4
1362890 1463.6
1362900 1468.2
1362910 1468.2
1362920 1483.0
1362930 1505.1
1362940 1505.1
1362950 1510.2
1362960 1512.8
1362970 1512.8
1362980 1515.4
1362990 1517.7
1363000 1517.7
1363010 1519.5
1363020 1520.7
1363030 1520.7
1363040 1521.8
1363050 1522.5
1363060 1522.5
1363070 1523.6
1363080 1525.3
1363090 1525.3
1363100 1526.6
1363110 1527.2
1363120 1527.2
1363130 1528.1
1363140 1529.3
1363150 1529.3
1363160 1530.1
1363170 1529.9
1363180 1529.9
1363190 1528.2
1363200 1525.1
1363210 1522.2
1363220 1522.2
1363230 1520.4
1363240 1515.4
1363250 1515.4
1363260 1514.8
1363270 1514.5
1363280 1514.5
1363290 1515.6
1363300 1517.1
1363310 1517.1
1363320 1519.2
1363330 1521.6
1363340 1521.6
1363350 1523.9
1363360 1525.8
1363370 1525.8
1363380 1527.6
1363390 1530.5
1363400 1530.5
1363410 1533.9
1363420 1538.0
1363430 1538.0
1363440 1541.0
1363450 1543.2
1363460 1543.2
1363470 1545.1
1363480 1546.7
1363490 1546.7
1363500 1548.7
1363510 1550.5
1363520 1550.5
1363530 1552.0
1363540 1553.4
1363550 1553.4
1363560 1555.7
1363570 1558.2
1363580 1558.2
1363590 1561.4
1363600 1562.9
1363610 1564.8
1363620 1564.8
1363630 1566.3
1363640 1567.8
1363650 1567.8
1363660 1570.1
1363670 1571.8
1363680 1571.8
1363690 1572.1
1363700 1572.9
1363710 1572.9
1363720 1574.5
1363730 1576.7
1363740 1576.7
1363750 1577.2
1363760 1578.6
1363770 1578.6
1363780 1580.9
1363790 1583.7
1363800 1583.7
1363810 1587.1
1363820 1590.6
1363830 1590.6
1363840 1592.4
1363850 1594.3
1363860 1594.3
1363870 1596.2
1363880 1597.8
1363890 1597.8
1363900 1598.8
1363910 1597.5
1363920 1597.5
1363930 1592.7
1363940 1590.6
1363950 1590.6
1363960 1591.4
1363970 1590.3
1363980 1590.3
1363990 1592.0
1364000 1593.3
1364010 1593.0
1364020 1593.0
1364030 1595.1
1364040 1597.6
1364050 1597.6
1364060 1597.4
1364070 1596.3
1364080 1596.3
1364090 1595.0
1364100 1592.5
1364110 1592.5
1364120 1589.7
1364130 1589.3
1364140 1589.3
1364150 1591.2
1364160 1590.3
1364170 1590.3
1364180 1587.3
1364190 1585.2
1364200 1585.2
1364210 1583.1
1364220 1579.7
1364230 1579.7
1364240 1576.0
1364250 1572.2
1364260 1572.2
1364270 1568.8
1364280 1566.3
1364290 1562.7
1364300 1561.4
1364310 1559.6
1364320 1559.6
1364330 1557.7
1364340 1555.7
1364350 1555.7
1364360 1552.3
1364370 1549.1
1364380 1546.2
1364390 1546.2
1364400 1543.0
1364410 1539.3
1364420 1539.3
1364430 1537.7
1364440 1536.3
1364450 1536.3
1364460 1536.1
1364470 1536.5
1364480 1536.5
1364490 1537.2
1364500 1537.2
1364510 1537.2
1364520 1535.1
1364530 1533.0
1364540 1533.0
1364550 1531.9
1364560 1530.9
1364570 1530.9
1364580 1530.0
1364590 1526.4
1364600 1526.4
1364610 1523.2
1364620 1517.8
1364630 1517.8
1364640 1512.8
1364650 1509.7
1364660 1509.7
1364670 1507.8
1364680 1506.2
1364690 1506.2
1364700 1504.5
1364710 1505.9
1364720 1505.9
1364730 1513.2
1364740 1525.6
1364750 1525.6
1364760 1534.9
1364770 1537.6
1364780 1536.6
1364790 1536.6
1364800 1537.1
1364810 1537.9
1364820 1537.9
1364830 1540.6
1364840 1543.7
1364850 1543.7
1364860 1547.4
1364870 1551.5
1364880 1551.5
1364890 1554.8
1364900 1558.9
1364910 1558.9
1364920 1564.3
1364930 1570.1
1364940 1570.1
1364950 1575.9
1364960 1581.7
1364970 1581.7
1364980 1587.4
1364990 1595.4
1365000 1595.4
1365010 1676.6
1365020 1714.5
1365030 1714.5
1365040 1734.9
1365050 1744.7
1365060 1744.7
1365070 1747.5
1365080 1748.7
1365090 1748.7
1365100 1749.3
1365110 1749.0
1365120 1749.0
1365130 1747.0
1365140 1742.9
1365150 1742.9
1365160 1734.8
1365170 1713.8
1365180 1689.3
1365190 1689.3
1365200 1673.7
1365210 1667.5
1365220 1667.5
1365230 1662.8
1365240 1659.4
1365250 1659.4
1365260 1657.3
1365270 1655.2
1365280 1655.2
1365290 1653.0
1365300 1652.6
1365310 1652.6
1365320 1653.5
1365330 1653.6
1365340 1653.6
1365350 1653.8
1365360 1647.4
1365370 1647.4
1365380 1649.8
1365390 1654.4
1365400 1654.4
1365410 1655.9
1365420 1653.9
1365430 1653.9
1365440 1649.6
1365450 1644.3
1365460 1644.3
1365470 1640.4
1365480 1638.4
1365490 1638.4
1365500 1638.0
1365510 1641.2
1365520 1641.2
1365530 1646.9
1365540 1653.5
1365550 1653.5
1365560 1660.2
1365570 1666.8
1365580 1674.3
1365590 1674.3
1365600 1686.8
1365610 1712.0
1365620 1712.0
1365630 1742.4
1365640 1761.7
1365650 1761.7
1365660 1767.6
1365670 1779.5
1365680 1779.5
1365690 1763.4
1365700 1751.9
1365710 1751.9
1365720 1745.8
1365730 1736.1
1365740 1736.1
1365750 1730.3
1365760 1725.1
1365770 1725.1
1365780 1721.0
1365790 1717.6
1365800 1717.6
1365810 1714.0
1365820 1711.1
1365830 1711.1
1365840 1709.3
1365850 1708.3
1365860 1708.3
1365870 1708.2
1365880 1709.0
1365890 1709.0
1365900 1711.5
1365910 1714.2
1365920 1714.2
1365930 1716.5
1365940 1718.6
1365950 1721.7
1365960 1721.7
1365970 1726.0
1365980 1730.2
1365990 1730.2
1366000 1734.4
1366010 1738.1
1366020 1738.1
1366030 1743.1
1366040 1749.6
1366050 1749.6
1366060 1755.1
1366070 1762.0
1366080 1762.0
1366090 1767.8
1366100 1773.6
1366110 1773.6
1366120 1777.0
1366130 1777.4
1366140 1777.4
1366150 1775.1
1366160 1772.9
1366170 1772.9
1366180 1771.7
1366190 1773.2
1366200 1773.2
1366210 1777.6
1366220 1781.6
1366230 1781.6
1366240 1784.7
1366250 1789.6
1366260 1789.6
1366270 1795.7
1366280 1802.0
1366290 1802.0
1366300 1807.9
1366310 1815.2
1366320 1815.2
1366330 1824.8
1366340 1833.0
1366350 1842.2
1366360 1842.2
1366370 1853.1
1366380 1864.6
1366390 1864.6
1366400 1878.5
1366410 1888.9
1366420 1888.9
1366430 1899.1
1366440 1911.3
1366450 1911.3
1366460 1920.3
1366470 1926.9
1366480 1926.9
1366490 1935.0
1366500 1942.2
1366510 1942.2
1366520 1949.3
1366530 1955.4
1366540 1955.4
1366550 1960.0
1366560 1961.5
1366570 1961.5
1366580 1962.8
1366590 1962.4
1366600 1962.4
1366610 1964.8
1366620 1967.3
1366630 1967.3
1366640 1967.8
1366650 1969.1
1366660 1969.1
1366670 1970.9
1366680 1965.7
1366690 1965.7
1366700 1957.1
1366710 1947.0
1366720 1947.0
1366730 1944.4
1366740 1932.9
1366750 1920.5
1366760 1920.5
1366770 1915.2
1366780 1903.8
1366790 1903.8
1366800 1889.8
1366810 1884.0
1366820 1884.0
1366830 1881.3
1366840 1879.8
1366850 1879.8
1366860 1878.2
1366870 1876.7
1366880 1876.7
1366890 1875.0
1366900 1874.1
1366910 1874.1
1366920 1873.5
1366930 1872.7
1366940 1872.7
1366950 1872.4
1366960 1873.2
1366970 1873.2
1366980 1874.5
1366990 1875.0
1367000 1875.0
1367010 1876.7
1367020 1879.4
1367030 1879.4
1367040 1882.1
1367050 1885.5
1367060 1885.5
1367070 1888.8
1367080 1891.9
1367090 1891.9
1367100 1895.3
1367110 1899.7
1367120 1903.5
1367130 1903.5
1367140 1908.6
1367150 1914.2
1367160 1914.2
1367170 1924.6
1367180 1931.2
1367190 1931.2
1367200 1933.7
1367210 1938.8
1367220 1938.8
1367230 1946.1
1367240 1954.7
1367250 1954.7
1367260 1957.4
1367270 1948.3
1367280 1948.3
1367290 1932.3
1367300 1925.4
1367310 1925.4
1367320 1919.1
1367330 1910.7
1367340 1910.7
1367350 1901.3
1367360 1891.5
1367370 1891.5
1367380 1883.1
1367390 1840.5
1367400 1840.5
1367410 1804.5
1367420 1786.6
1367430 1786.6
1367440 1777.2
1367450 1764.7
1367460 1764.7
1367470 1743.6
1367480 1728.2
1367490 1728.2
1367500 1712.3
1367510 1695.2
1367520 1672.9
1367530 1703.8
1367540 1665.8
1367550 1644.2
1367560 1644.2
1367570 1638.2
1367580 1608.0
1367590 1608.0
1367600 1589.0
1367610 1592.8
1367620 1592.8
1367630 1601.3
1367640 1606.4
1367650 1606.4
1367660 1613.3
1367670 1611.8
1367680 1611.8
1367690 1590.4
1367700 1571.0
1367710 1571.0
1367720 1566.7
1367730 1568.9
1367740 1568.9
1367750 1572.4
1367760 1573.1
1367770 1573.1
1367780 1577.3
1367790 1584.7
1367800 1584.7
1367810 1584.7
1367820 1582.5
1367830 1582.5
1367840 1574.4
1367850 1567.3
1367860 1567.3
1367870 1566.5
1367880 1567.0
1367890 1567.0
1367900 1568.6
1367910 1572.9
1367920 1575.9
1367930 1575.9
1367940 1580.2
1367950 1579.8
1367960 1579.8
1367970 1580.5
1367980 1593.3
1367990 1593.3
1368000 1607.0
1368010 1615.9
1368020 1615.9
1368030 1623.3
1368040 1631.5
1368050 1631.5
1368060 1639.4
1368070 1638.7
1368080 1638.7
1368090 1642.1
1368100 1648.2
1368110 1648.2
1368120 1655.9
1368130 1664.3
1368140 1664.3
1368150 1671.2
1368160 1671.8
1368170 1671.8
1368180 1673.0
1368190 1675.1
1368200 1675.1
1368210 1675.9
1368220 1684.3
1368230 1684.3
1368240 1695.4
1368250 1698.7
1368260 1698.7
1368270 1700.2
1368280 1699.3
1368290 1699.3
1368300 1696.2
1368310 1698.4
1368320 1702.2
1368330 1702.2
1368340 1708.9
1368350 1718.9
1368360 1718.9
1368370 1723.1
1368380 1723.2
1368390 1723.2
1368400 1724.2
1368410 1721.1
1368420 1721.1
1368430 1727.7
1368440 1730.4
1368450 1730.4
1368460 1729.0
1368470 1729.1
1368480 1729.1
1368490 1732.0
1368500 1739.4
1368510 1739.4
1368520 1741.9
1368530 1738.2
1368540 1738.2
1368550 1742.9
1368560 1757.3
1368570 1757.3
1368580 1774.4
1368590 1780.7
1368600 1780.7
1368610 1782.5
1368620 1790.3
1368630 1811.3
1368640 1821.9
1368650 1828.5
1368660 1828.5
1368670 1825.9
1368680 1822.9
1368690 1817.5
1368700 1817.5
1368710 1805.0
1368720 1802.3
1368730 1802.3
1368740 1804.9
1368750 1792.3
1368760 1792.3
1368770 1782.9
1368780 1779.0
1368790 1779.0
1368800 1784.5
1368810 1785.2
1368820 1785.2
1368830 1789.1
1368840 1796.7
1368850 1796.7
1368860 1803.3
1368870 1810.8
1368880 1810.8
1368890 1808.7
1368900 1814.6
1368910 1814.6
1368920 1825.8
1368930 1841.8
1368940 1841.8
1368950 1854.8
1368960 1867.5
1368970 1867.5
1368980 1882.8
1368990 1885.6
1369000 1885.6
1369010 1877.6
1369020 1867.9
1369030 1867.9
1369040 1860.3
1369050 1853.0
1369060 1853.0
1369070 1843.8
1369080 1832.3
1369090 1821.9
1369100 1821.9
1369110 1814.6
1369120 1809.1
1369130 1809.1
1369140 1803.7
1369150 1798.4
1369160 1798.4
1369170 1793.2
1369180 1788.6
1369190 1788.6
1369200 1783.6
1369210 1777.9
1369220 1777.9
1369230 1771.7
1369240 1765.8
1369250 1765.8
1369260 1761.1
1369270 1754.4
1369280 1754.4
1369290 1744.2
1369300 1735.0
1369310 1735.0
1369320 1726.1
1369330 1715.6
1369340 1715.6
1369350 1703.0
1369360 1689.9
1369370 1689.9
1369380 1675.5
1369390 1662.3
1369400 1662.3
1369410 1652.8
1369420 1646.1
1369430 1646.1
1369440 1640.6
1369450 1635.0
1369460 1635.0
1369470 1623.0
1369480 1612.0
1369490 1603.3
1369500 1603.3
1369510 1597.4
1369520 1591.9
1369530 1591.9
1369540 1583.7
1369550 1575.2
1369560 1575.2
1369570 1565.1
1369580 1550.9
1369590 1550.9
1369600 1542.1
1369610 1533.9
1369620 1533.9
1369630 1520.9
1369640 1505.1
1369650 1505.1
1369660 1496.2
1369670 1488.9
1369680 1488.9
1369690 1483.3
1369700 1476.5
1369710 1476.5
1369720 1470.6
1369730 1466.0
1369740 1461.4
1369750 1456.1
1369760 1451.1
1369770 1451.1
1369780 1443.1
1369790 1436.9
1369800 1436.9
1369810 1431.6
1369820 1426.2
1369830 1426.2
1369840 1421.4
1369850 1416.5
1369860 1416.5
1369870 1412.0
1369880 1408.1
1369890 1404.2
1369900 1404.2
1369910 1399.0
1369920 1395.2
1369930 1395.2
1369940 1393.6
1369950 1391.8
1369960 1391.8
1369970 1389.1
1369980 1385.3
1369990 1385.3
1370000 1381.2
1370010 1376.4
1370020 1376.4
1370030 1371.4
1370040 1368.0
1370050 1368.0
1370060 1365.8
1370070 1363.5
1370080 1363.5
1370090 1361.5
1370100 1359.4
1370110 1359.4
1370120 1357.1
1370130 1353.4
1370140 1353.4
1370150 1349.1
1370160 1345.0
1370170 1345.0
1370180 1341.0
1370190 1336.9
1370200 1336.9
1370210 1332.8
1370220 1328.9
1370230 1328.9
1370240 1325.6
1370250 1321.9
1370260 1318.5
1370270 1318.5
1370280 1314.9
1370290 1310.8
1370300 1310.8
1370310 1307.5
1370320 1305.6
1370330 1305.6
1370340 1303.9
1370350 1303.0
1370360 1303.0
1370370 1301.0
1370380 1296.3
1370390 1296.3
1370400 1293.2
1370410 1291.1
1370420 1291.1
1370430 1288.9
1370440 1286.7
1370450 1286.7
1370460 1284.0
1370470 1281.0
1370480 1281.0
1370490 1277.6
1370500 1273.0
1370510 1273.0
1370520 1268.2
1370530 1263.4
1370540 1263.4
1370550 1258.0
1370560 1252.5
1370570 1252.5
1370580 1245.7
1370590 1239.7
1370600 1239.7
1370610 1235.2
1370620 1230.3
1370630 1230.3
1370640 1224.7
1370650 1218.6
1370660 1212.5
1370670 1212.5
1370680 1207.1
1370690 1200.8
1370700 1200.8
1370710 1194.7
1370720 1188.0
1370730 1188.0
1370740 1180.7
1370750 1173.6
1370760 1173.6
1370770 1169.6
1370780 1165.6
1370790 1165.6
1370800 1156.4
1370810 1144.3
1370820 1144.3
1370830 1131.9
1370840 1124.0
1370850 1124.0
1370860 1116.7
1370870 1112.5
1370880 1112.5
1370890 1111.0
1370900 1106.0
1370910 1106.0
1370920 1098.5
1370930 1090.7
1370940 1090.7
1370950 1082.5
1370960 1076.2
1370970 1076.2
1370980 1071.7
1370990 1067.4
1371000 1067.4
1371010 1063.6
1371020 1059.9
1371030 1059.9
1371040 1056.5
1371050 1053.4
1371060 1050.3
1371070 1050.3
1371080 1047.2
1371090 1045.2
1371100 1045.2
1371110 1042.2
1371120 1039.1
1371130 1039.1
1371140 1035.7
1371150 1031.9
1371160 1031.9
1371170 1027.7
1371180 1024.3
1371190 1024.3
1371200 1020.8
1371210 1017.6
1371220 1017.6
1371230 1015.6
1371240 1014.0
1371250 1014.0
1371260 1011.4
1371270 1007.8
1371280 1007.8
1371290 1003.6
1371300 1000.8
1371310 1000.8
1371320 999.5
1371330 998.0
1371340 998.0
1371350 995.6
1371360 991.9
1371370 991.9
1371380 986.0
1371390 979.1
1371400 979.1
1371410 975.4
1371420 974.6
1371430 974.0
1371440 974.0
1371450 974.4
1371460 976.7
1371470 976.7
1371480 979.9
1371490 984.4
1371500 984.4
1371510 989.6
1371520 994.3
1371530 994.3
1371540 999.2
1371550 1002.4
1371560 1002.4
1371570 1005.0
1371580 1007.7
1371590 1007.7
1371600 1010.4
1371610 1013.0
1371620 1013.0
1371630 1015.6
1371640 1018.2
1371650 1018.2
1371660 1020.8
1371670 1023.6
1371680 1023.6
1371690 1027.1
1371700 1030.9
1371710 1030.9
1371720 1034.7
1371730 1039.2
1371740 1039.2
1371750 1043.5
1371760 1047.2
1371770 1047.2
1371780 1049.9
1371790 1048.2
1371800 1048.2
1371810 1047.2
1371820 1048.9
1371830 1046.0
1371840 1046.0
1371850 1044.5
1371860 1050.0
1371870 1050.0
1371880 1059.2
1371890 1065.7
1371900 1065.7
1371910 1071.4
1371920 1075.6
1371930 1075.6
1371940 1078.2
1371950 1079.3
1371960 1079.3
1371970 1079.2
1371980 1080.1
1371990 1084.4
1372000 1086.5
1372010 1090.2
1372020 1090.2
1372030 1094.4
1372040 1099.3
1372050 1099.3
1372060 1104.2
1372070 1108.3
1372080 1108.3
1372090 1113.3
1372100 1118.1
1372110 1118.1
1372120 1123.7
1372130 1130.7
1372140 1130.7
1372150 1136.9
1372160 1144.0
1372170 1144.0
1372180 1151.6
1372190 1155.9
1372200 1155.9
1372210 1160.7
1372220 1163.8
1372230 1166.5
1372240 1166.5
1372250 1169.5
1372260 1171.7
1372270 1171.7
1372280 1173.0
1372290 1176.3
1372300 1176.3
1372310 1180.5
1372320 1185.6
1372330 1185.6
1372340 1190.1
1372350 1195.7
1372360 1195.7
1372370 1199.4
1372380 1202.7
1372390 1202.7
1372400 1208.1
1372410 1215.2
1372420 1215.2
1372430 1221.1
1372440 1227.0
1372450 1227.0
1372460 1230.8
1372470 1233.9
1372480 1233.9
1372490 1238.5
1372500 1242.8
1372510 1242.8
1372520 1244.9
1372530 1247.2
1372540 1247.2
1372550 1249.6
1372560 1253.2
1372570 1253.2
1372580 1256.4
1372590 1258.7
1372600 1258.7
1372610 1262.1
1372620 1265.2
1372630 1265.3
1372640 1265.3
1372650 1267.1
1372660 1274.1
1372670 1274.1
1372680 1280.3
1372690 1285.8
1372700 1285.8
1372710 1291.0
1372720 1295.3
1372730 1295.3
1372740 1298.3
1372750 1300.1
1372760 1300.1
1372770 1301.1
1372780 1302.6
1372790 1302.6
1372800 1306.9
1372810 1312.6
1372820 1312.6
1372830 1317.7
1372840 1323.0
1372850 1323.0
1372860 1328.1
1372870 1332.5
1372880 1332.5
1372890 1335.6
1372900 1336.7
1372910 1336.7
1372920 1340.8
1372930 1345.9
1372940 1345.9
1372950 1349.3
1372960 1353.1
1372970 1353.1
1372980 1357.3
1372990 1360.4
1373000 1363.8
1373010 1363.8
1373020 1366.9
1373030 1369.4
1373040 1369.4
1373050 1370.6
1373060 1368.2
1373070 1368.2
1373080 1367.1
1373090 1371.4
1373100 1371.4
1373110 1380.8
1373120 1387.8
1373130 1387.8
1373140 1397.4
1373150 1403.4
1373160 1403.4
1373170 1410.4
1373180 1416.5
1373190 1416.5
1373200 1421.9
1373210 1427.3
1373220 1427.3
1373230 1433.5
1373240 1440.2
1373250 1440.2
1373260 1446.7
1373270 1451.9
1373280 1451.9
1373290 1456.3
1373300 1460.7
1373310 1460.7
1373320 1465.0
1373330 1468.8
1373340 1468.8
1373350 1473.0
1373360 1478.0
1373370 1478.0
1373380 1482.3
1373390 1486.7
1373400 1490.9
1373410 1490.9
1373420 1495.8
1373430 1500.6
1373440 1500.6
1373450 1504.8
1373460 1509.2
1373470 1509.2
1373480 1515.8
1373490 1520.6
1373500 1520.6
1373510 1523.9
1373520 1529.7
1373530 1529.7
1373540 1536.1
1373550 1544.4
1373560 1544.4
1373570 1552.0
1373580 1558.7
1373590 1558.7
1373600 1565.1
1373610 1571.6
1373620 1571.6
1373630 1578.0
1373640 1584.9
1373650 1584.9
1373660 1590.0
1373670 1589.1
1373680 1589.1
1373690 1586.9
1373700 1588.7
1373710 1588.7
1373720 1589.6
1373730 1592.6
1373740 1592.6
1373750 1595.5
1373760 1600.0
1373770 1600.0
1373780 1602.5
1373790 1599.4
1373800 1591.0
1373810 1591.0
1373820 1582.4
1373830 1575.1
1373840 1575.1
1373850 1570.0
1373860 1567.3
1373870 1567.3
1373880 1567.0
1373890 1567.1
1373900 1567.1
1373910 1563.4
1373920 1558.3
1373930 1558.3
1373940 1550.4
1373950 1542.1
1373960 1542.1
1373970 1533.9
1373980 1526.3
1373990 1526.3
1374000 1520.0
1374010 1515.2
1374020 1515.2
1374030 1511.6
1374040 1507.3
1374050 1507.3
1374060 1501.9
1374070 1497.0
1374080 1497.0
1374090 1493.0
1374100 1489.2
1374110 1489.2
1374120 1484.6
1374130 1479.7
1374140 1479.7
1374150 1473.7
1374160 1465.9
1374170 1458.7
1374180 1458.7
1374190 1450.0
1374200 1443.9
1374210 1443.9
1374220 1439.0
1374230 1433.8
1374240 1433.8
1374250 1428.4
1374260 1424.4
1374270 1424.4
1374280 1420.7
1374290 1417.5
1374300 1412.0
1374310 1409.6
1374320 1408.3
1374330 1408.3
1374340 1407.6
1374350 1408.4
1374360 1408.4
1374370 1408.1
1374380 1407.2
1374390 1407.2
1374400 1405.0
1374410 1403.7
1374420 1403.7
1374430 1404.1
1374440 1404.5
1374450 1404.5
1374460 1404.4
1374470 1404.8
1374480 1404.8
1374490 1405.2
1374500 1405.5
1374510 1405.5
1374520 1404.9
1374530 1403.6
1374540 1403.6
1374550 1400.9
1374560 1398.7
1374570 1396.9
1374580 1396.9
1374590 1396.0
1374600 1395.8
1374610 1395.8
1374620 1394.0
1374630 1392.1
1374640 1392.1
1374650 1391.4
1374660 1390.5
1374670 1390.5
1374680 1389.5
1374690 1388.5
1374700 1388.5
1374710 1387.0
1374720 1385.1
1374730 1385.1
1374740 1382.6
1374750 1380.7
1374760 1380.7
1374770 1379.1
1374780 1376.8
1374790 1376.8
1374800 1373.8
1374810 1368.9
1374820 1368.9
1374830 1361.9
1374840 1355.0
1374850 1355.0
1374860 1349.3
1374870 1344.3
1374880 1344.3
1374890 1337.7
1374900 1331.4
1374910 1331.4
1374920 1325.4
1374930 1319.4
1374940 1319.4
1374950 1313.6
1374960 1307.6
1374970 1301.9
1374980 1301.9
1374990 1296.4
1375000 1291.1
1375010 1291.1
1375020 1286.3
1375030 1281.5
1375040 1281.5
1375050 1276.7
1375060 1271.0
1375070 1271.0
1375080 1263.3
1375090 1254.6
1375100 1254.6
1375110 1245.3
1375120 1236.9
1375130 1236.9
1375140 1229.8
1375150 1223.8
1375160 1223.8
1375170 1218.1
1375180 1211.7
1375190 1211.7
1375200 1206.0
1375210 1201.0
1375220 1201.0
1375230 1198.0
1375240 1194.3
1375250 1194.3
1375260 1189.4
1375270 1182.5
1375280 1182.5
1375290 1177.6
1375300 1174.3
1375310 1174.3
1375320 1170.1
1375330 1164.2
1375340 1158.2
1375350 1158.2
1375360 1152.5
1375370 1148.1
1375380 1148.1
1375390 1145.3
1375400 1142.6
1375410 1142.6
1375420 1139.4
1375430 1135.2
1375440 1135.2
1375450 1129.7
1375460 1121.3
1375470 1121.3
1375480 1116.2
1375490 1112.8
1375500 1112.8
1375510 1109.4
1375520 1105.2
1375530 1105.2
1375540 1100.3
1375550 1094.6
1375560 1094.6
1375570 1088.3
1375580 1082.6
1375590 1082.6
1375600 1077.4
1375610 1073.5
1375620 1073.5
1375630 1069.4
1375640 1064.8
1375650 1064.8
1375660 1061.1
1375670 1059.3
1375680 1059.3
1375690 1056.7
1375700 1054.5
1375710 1054.5
1375720 1051.6
1375730 1049.0
1375740 1046.5
1375750 1046.5
1375760 1044.4
1375770 1043.8
1375780 1043.8
1375790 1043.4
1375800 1042.3
1375810 1042.3
1375820 1040.5
1375830 1037.8
1375840 1037.8
1375850 1035.1
1375860 1032.3
1375870 1032.3
1375880 1029.8
1375890 1027.7
1375900 1027.7
1375910 1025.9
1375920 1025.0
1375930 1025.0
1375940 1024.9
1375950 1025.2
1375960 1025.2
1375970 1026.0
1375980 1027.6
1375990 1027.6
1376000 1029.3
1376010 1029.4
1376020 1029.4
1376030 1030.0
1376040 1032.0
1376050 1032.0
1376060 1032.3
1376070 1030.6
1376080 1030.6
1376090 1029.7
1376100 1028.6
1376110 1028.6
1376120 1026.3
1376130 1023.0
1376140 1021.0
1376150 1021.0
1376160 1019.6
1376170 1017.4
1376180 1017.4
1376190 1015.1
1376200 1013.2
1376210 1013.2
1376220 1010.1
1376230 1006.5
1376240 1006.5
1376250 1002.9
1376260 999.3
1376270 999.3
1376280 996.6
1376290 993.2
1376300 993.2
1376310 989.8
1376320 988.1
1376330 988.1
1376340 986.9
1376350 984.7
1376360 984.7
1376370 982.7
1376380 979.9
1376390 979.9
1376400 977.3
1376410 974.7
1376420 974.7
1376430 971.5
1376440 968.7
1376450 968.7
1376460 965.6
1376470 960.7
1376480 960.7
1376490 957.1
1376500 953.5
1376510 953.5
1376520 950.0
1376530 947.6
1376540 947.7
1376550 947.7
1376560 949.0
1376570 950.2
1376580 950.2
1376590 948.9
1376600 947.3
1376610 947.3
1376620 945.5
1376630 943.4
1376640 943.4
1376650 937.3
1376660 932.8
1376670 932.8
1376680 927.3
1376690 920.8
1376700 920.8
1376710 914.3
1376720 909.8
1376730 909.8
1376740 907.7
1376750 908.5
1376760 908.5
1376770 908.5
1376780 906.8
1376790 906.8
1376800 904.8
1376810 902.0
1376820 902.0
1376830 898.0
1376840 893.2
1376850 893.2
1376860 888.2
1376870 883.3
1376880 883.3
1376890 878.7
1376900 874.2
1376910 870.1
1376920 870.1
1376930 866.3
1376940 859.9
1376950 859.9
1376960 852.5
1376970 845.5
1376980 845.5
1376990 837.3
1377000 826.5
1377010 826.5
1377020 818.2
1377030 812.4
1377040 812.4
1377050 806.9
1377060 801.0
1377070 801.0
1377080 797.2
1377090 794.2
1377100 794.2
1377110 791.6
1377120 789.2
1377130 789.2
1377140 786.7
1377150 783.0
1377160 783.0
1377170 778.8
1377180 773.2
1377190 773.2
1377200 765.5
1377210 757.4
1377220 757.4
1377230 748.2
1377240 737.3
1377250 737.3
1377260 722.9
1377270 712.2
1377280 712.2
1377290 704.8
1377300 698.3
1377310 696.3
1377320 696.3
1377330 693.7
1377340 691.2
1377350 691.2
1377360 688.3
1377370 686.2
1377380 686.2
1377390 684.6
1377400 683.2
1377410 683.2
1377420 682.0
1377430 681.4
1377440 681.4
1377450 680.9
1377460 680.2
1377470 680.2
1377480 679.8
1377490 679.9
1377500 679.9
1377510 679.8
1377520 679.1
1377530 679.1
1377540 679.5
1377550 679.1
1377560 679.1
1377570 678.9
1377580 678.7
1377590 678.7
1377600 678.4
1377610 678.1
1377620 678.1
1377630 677.8
1377640 677.4
1377650 677.4
1377660 676.9
1377670 676.3
1377680 676.3
1377690 675.9
1377700 675.6
1377710 675.2
1377720 675.2
1377730 674.8
1377740 674.5
1377750 674.5
1377760 674.1
1377770 673.6
1377780 673.6
1377790 673.0
1377800 672.6
1377810 672.6
1377820 672.2
1377830 671.7
1377840 671.9
1377850 671.4
1377860 670.9
1377870 670.9
1377880 670.5
1377890 670.0
1377900 670.0
1377910 669.7
1377920 669.3
1377930 669.3
1377940 668.8
1377950 668.3
1377960 668.3
1377970 668.1
1377980 667.9
1377990 667.9
1378000 667.7
1378010 667.5
1378020 667.5
1378030 667.2
1378040 667.0
1378050 667.0
1378060 666.8
1378070 666.6
1378080 666.3
1378090 666.3
1378100 666.1
1378110 665.7
1378120 665.7
1378130 665.4
1378140 665.5
1378150 665.5
1378160 665.4
1378170 665.3
1378180 665.3
1378190 665.6
1378200 665.6
1378210 665.6
1378220 665.7
1378230 665.7
1378240 665.7
1378250 665.6
1378260 665.6
1378270 665.6
1378280 665.6
1378290 665.6
1378300 665.6
1378310 665.6
1378320 665.7
1378330 665.7
1378340 665.7
1378350 665.7
1378360 665.7
1378370 665.6
1378380 665.5
1378390 665.5
1378400 665.4
1378410 665.2
1378420 665.2
1378430 665.1
1378440 665.0
1378450 665.0
1378460 665.0
1378470 665.0
1378480 665.0
1378490 665.0
1378500 664.9
1378510 664.9
1378520 664.9
1378530 664.9
1378540 665.2
1378550 665.2
1378560 665.9
1378570 665.4
1378580 665.4
1378590 664.2
1378600 663.9
1378610 663.9
1378620 664.0
1378630 664.1
1378640 664.1
1378650 662.9
1378660 662.6
1378670 662.6
1378680 665.4
1378690 671.8
1378700 671.8
1378710 680.9
1378720 689.7
1378730 689.7
1378740 697.7
1378750 704.8
1378760 704.8
1378770 711.5
1378780 716.5
1378790 716.5
1378800 722.1
1378810 728.2
1378820 728.2
1378830 735.8
1378840 741.6
1378850 741.6
1378860 746.3
1378870 752.4
1378880 756.7
1378890 756.7
1378900 758.7
1378910 758.1
1378920 758.1
1378930 761.1
1378940 764.9
1378950 764.9
1378960 764.1
1378970 766.0
1378980 766.0
1378990 770.6
1379000 776.7
1379010 776.7
1379020 784.4
1379030 790.5
1379040 790.5
1379050 791.5
1379060 789.7
1379070 789.7
1379080 787.2
1379090 784.0
1379100 784.0
1379110 779.2
1379120 772.7
1379130 772.7
1379140 766.5
1379150 763.6
1379160 763.6
1379170 764.8
1379180 768.9
1379190 768.9
1379200 773.0
1379210 776.2
1379220 776.2
1379230 779.5
1379240 783.7
1379250 790.8
1379260 790.8
1379270 801.6
1379280 813.4
1379290 813.4
1379300 817.9
1379310 820.1
1379320 820.1
1379330 822.8
1379340 826.1
1379350 826.1
1379360 826.5
1379370 830.4
1379380 830.4
1379390 837.2
1379400 845.6
1379410 845.6
1379420 853.5
1379430 858.0
1379440 858.0
1379450 865.4
1379460 872.1
1379470 872.1
1379480 873.5
1379490 879.0
1379500 879.0
1379510 885.1
1379520 888.6
1379530 888.6
1379540 894.3
1379550 896.7
1379560 896.7
1379570 896.5
1379580 894.5
1379590 894.5
1379600 895.7
1379610 898.6
1379620 898.6
1379630 900.2
1379640 897.8
1379650 891.8
1379660 891.8
1379670 879.8
1379680 865.6
1379690 865.6
1379700 852.6
1379710 835.6
1379720 835.6
1379730 822.7
1379740 817.3
1379750 817.3
1379760 820.1
1379770 834.7
1379780 834.7
1379790 849.4
1379800 861.7
1379810 861.7
1379820 873.5
1379830 878.4
1379840 878.4
1379850 882.3
1379860 888.4
1379870 888.4
1379880 896.2
1379890 905.4
1379900 905.4
1379910 913.2
1379920 919.9
1379930 919.9
1379940 924.0
1379950 926.6
1379960 926.6
1379970 929.3
1379980 932.6
1379990 932.6
