1360000 849.7
1360010 850.4
1360020 867.1
1360030 867.1
1360040 876.4
1360050 882.1
1360060 894.1
1360070 894.1
1360080 908.7
1360090 903.2
1360100 903.2
1360110 889.0
1360120 869.7
1360130 869.7
1360140 871.6
1360150 882.7
1360160 882.7
1360170 903.4
1360180 923.6
1360190 923.6
1360200 947.1
1360210 962.3
1360220 962.3
1360230 976.2
1360240 988.6
1360250 988.6
1360260 1001.9
1360270 1008.7
1360280 1008.7
1360290 1002.5
1360300 1001.9
1360310 1001.9
1360320 1015.1
1360330 1029.9
1360340 1029.9
1360350 1047.3
1360360 1061.9
1360370 1061.9
1360380 1067.7
1360390 1073.1
1360400 1073.1
1360410 1070.5
1360420 1062.6
1360430 1062.6
1360440 1049.2
1360450 1039.9
1360460 1036.3
1360470 1036.3
1360480 1037.6
1360490 1047.0
1360500 1047.0
1360510 1060.2
1360520 1084.4
1360530 1084.4
1360540 1104.6
1360550 1111.8
1360560 1111.8
1360570 1111.9
1360580 1112.5
1360590 1112.5
1360600 1109.7
1360610 1110.6
1360620 1110.6
1360630 1106.5
1360640 1101.0
1360650 1101.0
1360660 1100.3
1360670 1111.7
1360680 1111.7
1360690 1126.0
1360700 1136.4
1360710 1136.4
1360720 1153.6
1360730 1160.8
1360740 1160.8
1360750 1153.1
1360760 1149.7
1360770 1149.7
1360780 1151.8
1360790 1161.9
1360800 1161.9
1360810 1169.4
1360820 1169.3
1360830 1169.3
1360840 1168.2
1360850 1162.0
1360860 1161.0
1360870 1161.0
1360880 1168.7
1360890 1173.5
1360900 1173.5
1360910 1179.6
1360920 1196.7
1360930 1196.7
1360940 1200.5
1360950 1204.7
1360960 1204.7
1360970 1205.7
1360980 1205.9
1360990 1205.9
1361000 1206.1
1361010 1206.4
1361020 1206.4
1361030 1207.1
1361040 1206.0
1361050 1206.0
1361060 1203.7
1361070 1203.1
1361080 1203.1
1361090 1204.0
1361100 1204.2
1361110 1204.2
1361120 1202.6
1361130 1204.0
1361140 1204.0
1361150 1204.9
1361160 1204.2
1361170 1204.2
1361180 1200.7
1361190 1196.8
1361200 1196.8
1361210 1194.3
1361220 1194.1
1361230 1196.6
1361240 1196.6
1361250 1198.8
1361260 1198.1
1361270 1198.1
1361280 1194.0
1361290 1192.7
1361300 1192.7
1361310 1191.9
1361320 1186.4
1361330 1186.4
1361340 1180.3
1361350 1174.8
1361360 1174.8
1361370 1170.5
1361380 1166.8
1361390 1166.8
1361400 1163.2
1361410 1160.5
1361420 1160.5
1361430 1159.3
1361440 1159.9
1361450 1159.9
1361460 1159.2
1361470 1160.5
1361480 1160.5
1361490 1161.4
1361500 1162.8
1361510 1162.8
1361520 1164.6
1361530 1165.0
1361540 1165.0
1361550 1162.8
1361560 1161.4
1361570 1161.4
1361580 1162.0
1361590 1162.8
1361600 1162.8
1361610 1163.3
1361620 1163.9
1361630 1165.0
1361640 1165.0
1361650 1165.0
1361660 1164.2
1361670 1164.2
1361680 1163.6
1361690 1163.7
1361700 1163.7
1361710 1165.3
1361720 1166.8
1361730 1166.8
1361740 1168.9
1361750 1171.8
1361760 1171.8
1361770 1174.6
1361780 1176.9
1361790 1176.9
1361800 1179.3
1361810 1181.7
1361820 1181.7
1361830 1184.2
1361840 1187.3
1361850 1187.3
1361860 1190.4
1361870 1193.6
1361880 1193.6
1361890 1197.0
1361900 1199.9
1361910 1199.9
1361920 1202.3
1361930 1204.7
1361940 1204.7
1361950 1207.2
1361960 1208.6
1361970 1208.6
1361980 1211.4
1361990 1213.8
1362000 1213.8
1362010 1216.8
1362020 1219.4
1362030 1221.6
1362040 1221.6
1362050 1223.4
1362060 1224.2
1362070 1224.2
1362080 1225.4
1362090 1226.7
1362100 1226.7
1362110 1228.4
1362120 1230.1
1362130 1230.1
1362140 1231.5
1362150 1233.2
1362160 1233.2
1362170 1235.3
1362180 1237.9
1362190 1237.9
1362200 1240.8
1362210 1244.0
1362220 1244.0
1362230 1247.3
1362240 1250.0
1362250 1250.0
1362260 1251.8
1362270 1253.0
1362280 1253.0
1362290 1254.8
1362300 1258.4
1362310 1258.4
1362320 1264.7
1362330 1270.0
1362340 1270.0
1362350 1273.5
1362360 1274.6
1362370 1274.6
1362380 1275.5
1362390 1277.9
1362400 1280.4
1362410 1280.4
1362420 1282.0
1362430 1284.2
1362440 1284.2
1362450 1288.9
1362460 1295.3
1362470 1295.3
1362480 1301.0
1362490 1305.8
1362500 1305.8
1362510 1306.6
1362520 1298.3
1362530 1298.3
1362540 1297.9
1362550 1300.4
1362560 1300.4
1362570 1303.5
1362580 1307.2
1362590 1307.2
1362600 1310.7
1362610 1314.7
1362620 1314.7
1362630 1318.5
1362640 1322.1
1362650 1322.1
1362660 1325.6
1362670 1329.2
1362680 1329.2
1362690 1332.9
1362700 1335.8
1362710 1335.8
1362720 1337.0
1362730 1336.4
1362740 1336.4
1362750 1338.1
1362760 1340.3
1362770 1340.3
1362780 1342.5
1362790 1345.2
1362800 1347.7
1362810 1347.7
1362820 1349.2
1362830 1350.4
1362840 1350.4
1362850 1351.8
1362860 1353.5
1362870 1353.5
1362880 1354.8
1362890 1355.6
1362900 1355.6
1362910 1356.8
1362920 1358.7
1362930 1358.7
1362940 1361.0
1362950 1362.5
1362960 1362.5
1362970 1364.3
1362980 1366.2
1362990 1366.2
1363000 1367.8
1363010 1362.6
1363020 1362.6
1363030 1364.1
1363040 1365.7
1363050 1365.7
1363060 1367.2
1363070 1368.8
1363080 1368.8
1363090 1370.3
1363100 1371.5
1363110 1371.5
1363120 1373.0
1363130 1375.1
1363140 1375.1
1363150 1377.4
1363160 1378.8
1363170 1378.8
1363180 1380.1
1363190 1382.4
1363200 1384.7
1363210 1384.7
1363220 1386.6
1363230 1388.3
1363240 1388.3
1363250 1392.5
1363260 1399.3
1363270 1399.3
1363280 1406.2
1363290 1409.1
1363300 1409.1
1363310 1409.3
1363320 1410.7
1363330 1410.7
1363340 1414.5
1363350 1416.4
1363360 1416.4
1363370 1417.9
1363380 1419.5
1363390 1419.5
1363400 1420.8
1363410 1422.0
1363420 1422.0
1363430 1421.2
1363440 1416.6
1363450 1416.6
1363460 1412.3
1363470 1410.4
1363480 1410.4
1363490 1411.6
1363500 1412.4
1363510 1412.4
1363520 1413.1
1363530 1415.9
1363540 1415.9
1363550 1421.2
1363560 1427.1
1363570 1432.4
1363580 1432.4
1363590 1437.7
1363600 1442.2
1363610 1442.2
1363620 1445.0
1363630 1446.8
1363640 1446.8
1363650 1447.7
1363660 1448.3
1363670 1448.3
1363680 1449.0
1363690 1449.8
1363700 1449.8
1363710 1451.4
1363720 1453.3
1363730 1453.3
1363740 1455.3
1363750 1457.1
1363760 1457.1
1363770 1459.9
1363780 1462.9
1363790 1462.9
1363800 1465.3
1363810 1467.7
1363820 1467.7
1363830 1469.8
1363840 1472.0
1363850 1472.0
1363860 1473.9
1363870 1475.6
1363880 1475.6
1363890 1477.0
1363900 1477.5
1363910 1477.5
1363920 1478.5
1363930 1479.9
1363940 1479.9
1363950 1481.6
1363960 1484.0
1363970 1487.2
1363980 1487.2
1363990 1491.1
1364000 1495.3
1364010 1495.3
1364020 1499.0
1364030 1502.0
1364040 1502.0
1364050 1504.7
1364060 1507.1
1364070 1500.6
1364080 1502.3
1364090 1502.8
1364100 1502.8
1364110 1501.4
1364120 1499.8
1364130 1499.8
1364140 1498.8
1364150 1497.8
1364160 1497.8
1364170 1496.6
1364180 1495.0
1364190 1495.0
1364200 1493.2
1364210 1490.6
1364220 1490.6
1364230 1491.5
1364240 1494.9
1364250 1494.9
1364260 1498.1
1364270 1500.0
1364280 1500.0
1364290 1501.1
1364300 1501.8
1364310 1501.8
1364320 1501.1
1364330 1497.8
1364340 1497.8
1364350 1489.8
1364360 1483.1
1364370 1479.9
1364380 1479.9
1364390 1478.3
1364400 1477.1
1364410 1477.1
1364420 1475.1
1364430 1472.4
1364440 1472.4
1364450 1467.8
1364460 1462.6
1364470 1462.6
1364480 1458.6
1364490 1456.5
1364500 1456.5
1364510 1455.8
1364520 1455.8
1364530 1455.8
1364540 1456.9
1364550 1459.0
1364560 1459.0
1364570 1461.6
1364580 1462.6
1364590 1462.6
1364600 1461.5
1364610 1459.9
1364620 1459.9
1364630 1460.2
1364640 1460.5
1364650 1460.5
1364660 1461.3
1364670 1462.7
1364680 1462.7
1364690 1464.2
1364700 1464.0
1364710 1464.0
1364720 1462.5
1364730 1462.0
1364740 1463.1
1364750 1463.1
1364760 1465.8
1364770 1469.5
1364780 1469.5
1364790 1473.8
1364800 1478.8
1364810 1478.8
1364820 1484.5
1364830 1490.3
1364840 1490.3
1364850 1495.9
1364860 1501.3
1364870 1501.3
1364880 1506.1
1364890 1515.3
1364900 1515.3
1364910 1534.5
1364920 1571.2
1364930 1571.2
1364940 1604.1
1364950 1632.1
1364960 1632.1
1364970 1647.5
1364980 1646.5
1364990 1646.5
1365000 1643.7
1365010 1641.1
1365020 1641.1
1365030 1632.9
1365040 1626.8
1365050 1626.8
1365060 1622.7
1365070 1614.0
1365080 1614.0
1365090 1607.3
1365100 1604.2
1365110 1604.2
1365120 1599.6
1365130 1583.3
1365140 1583.2
1365150 1583.2
1365160 1579.8
1365170 1570.1
1365180 1570.1
1365190 1563.6
1365200 1561.7
1365210 1561.7
1365220 1558.5
1365230 1554.3
1365240 1554.3
1365250 1552.2
1365260 1549.4
1365270 1549.4
1365280 1545.0
1365290 1542.0
1365300 1542.0
1365310 1540.0
1365320 1543.0
1365330 1543.0
1365340 1547.1
1365350 1551.1
1365360 1551.1
1365370 1555.3
1365380 1560.2
1365390 1560.2
1365400 1563.7
1365410 1567.7
1365420 1567.7
1365430 1573.0
1365440 1577.8
1365450 1577.8
1365460 1582.6
1365470 1587.9
1365480 1587.9
1365490 1594.4
1365500 1601.3
1365510 1601.3
1365520 1608.1
1365530 1614.7
1365540 1621.4
1365550 1621.4
1365560 1632.1
1365570 1645.2
1365580 1645.2
1365590 1656.8
1365600 1669.6
1365610 1669.6
1365620 1686.4
1365630 1703.8
1365640 1703.8
1365650 1724.7
1365660 1746.4
1365670 1746.4
1365680 1740.1
1365690 1732.4
1365700 1732.4
1365710 1709.0
1365720 1684.6
1365730 1684.6
1365740 1650.6
1365750 1642.5
1365760 1642.5
1365770 1638.8
1365780 1634.9
1365790 1634.9
1365800 1630.8
1365810 1626.8
1365820 1626.8
1365830 1624.6
1365840 1624.9
1365850 1624.9
1365860 1627.2
1365870 1629.3
1365880 1629.3
1365890 1630.1
1365900 1629.5
1365910 1628.4
1365920 1628.4
1365930 1627.4
1365940 1633.2
1365950 1633.2
1365960 1644.5
1365970 1652.9
1365980 1652.9
1365990 1657.2
1366000 1666.9
1366010 1666.9
1366020 1678.0
1366030 1687.1
1366040 1687.1
1366050 1694.2
1366060 1704.9
1366070 1704.9
1366080 1710.8
1366090 1715.6
1366100 1715.6
1366110 1726.1
1366120 1742.9
1366130 1742.9
1366140 1756.8
1366150 1769.9
1366160 1769.9
1366170 1784.0
1366180 1794.7
1366190 1794.7
1366200 1805.0
1366210 1803.9
1366220 1803.9
1366230 1803.7
1366240 1801.5
1366250 1801.5
1366260 1805.9
1366270 1814.0
1366280 1814.0
1366290 1813.9
1366300 1814.9
1366310 1814.7
1366320 1814.7
1366330 1813.5
1366340 1811.2
1366350 1811.2
1366360 1812.7
1366370 1816.5
1366380 1816.5
1366390 1816.7
1366400 1818.8
1366410 1818.8
1366420 1819.6
1366430 1819.4
1366440 1819.4
1366450 1819.8
1366460 1820.1
1366470 1820.1
1366480 1820.2
1366490 1822.8
1366500 1822.8
1366510 1830.6
1366520 1842.3
1366530 1842.3
1366540 1847.9
1366550 1859.8
1366560 1859.8
1366570 1874.4
1366580 1878.9
1366590 1878.9
1366600 1873.2
1366610 1861.4
1366620 1861.4
1366630 1850.7
1366640 1842.5
1366650 1842.5
1366660 1830.0
1366670 1817.7
1366680 1817.7
1366690 1806.6
1366700 1799.0
1366710 1794.6
1366720 1794.6
1366730 1790.3
1366740 1785.8
1366750 1785.8
1366760 1781.3
1366770 1776.8
1366780 1776.8
1366790 1771.7
1366800 1766.1
1366810 1766.1
1366820 1760.7
1366830 1757.6
1366840 1757.6
1366850 1755.7
1366860 1754.1
1366870 1754.1
1366880 1753.7
1366890 1754.9
1366900 1754.9
1366910 1756.6
1366920 1757.6
1366930 1757.6
1366940 1758.8
1366950 1760.8
1366960 1760.8
1366970 1764.9
1366980 1770.3
1366990 1770.3
1367000 1776.3
1367010 1782.5
1367020 1782.5
1367030 1788.7
1367040 1795.0
1367050 1795.0
1367060 1801.2
1367070 1807.3
1367080 1807.3
1367090 1816.3
1367100 1826.2
1367110 1836.6
1367120 1836.6
1367130 1845.1
1367140 1855.4
1367150 1855.4
1367160 1862.7
1367170 1873.7
1367180 1873.7
1367190 1885.3
1367200 1904.1
1367210 1904.1
1367220 1926.1
1367230 1935.1
1367240 1935.1
1367250 1942.1
1367260 1948.7
1367270 1948.7
1367280 1956.5
1367290 1965.6
1367300 1970.6
1367310 1978.5
1367320 1986.8
1367330 1986.8
1367340 1985.9
1367350 1976.9
1367360 1976.9
1367370 1968.3
1367380 1960.4
1367390 1960.4
1367400 1952.5
1367410 1944.1
1367420 1944.1
1367430 1935.3
1367440 1927.3
1367450 1927.3
1367460 1921.3
1367470 1917.1
1367480 1913.4
1367490 1913.4
1367500 1911.1
1367510 1911.3
1367520 1911.3
1367530 1913.6
1367540 1915.2
1367550 1915.2
1367560 1915.0
1367570 1916.3
1367580 1916.3
1367590 1918.2
1367600 1921.1
1367610 1921.1
1367620 1923.9
1367630 1924.8
1367640 1924.8
1367650 1929.5
1367660 1933.0
1367670 1933.0
1367680 1930.3
1367690 1928.1
1367700 1928.1
1367710 1928.9
1367720 1930.8
1367730 1930.8
1367740 1936.8
1367750 1941.7
1367760 1941.7
1367770 1941.3
1367780 1941.0
1367790 1941.0
1367800 1943.0
1367810 1947.2
1367820 1947.2
1367830 1946.5
1367840 1938.0
1367850 1938.0
1367860 1929.6
1367870 1924.5
1367880 1926.3
1367890 1926.3
1367900 1927.2
1367910 1931.7
1367920 1931.7
1367930 1935.6
1367940 1934.1
1367950 1934.1
1367960 1928.0
1367970 1923.5
1367980 1923.5
1367990 1920.4
1368000 1922.1
1368010 1922.1
1368020 1926.4
1368030 1928.8
1368040 1928.8
1368050 1929.9
1368060 1928.3
1368070 1928.3
1368080 1921.7
1368090 1918.6
1368100 1918.6
1368110 1920.6
1368120 1918.8
1368130 1918.8
1368140 1918.4
1368150 1922.2
1368160 1922.2
1368170 1919.5
1368180 1906.9
1368190 1906.9
1368200 1895.5
1368210 1888.3
1368220 1888.3
1368230 1882.3
1368240 1876.6
1368250 1876.6
1368260 1872.1
1368270 1868.7
1368280 1865.1
1368290 1865.1
1368300 1862.6
1368310 1863.3
1368320 1863.3
1368330 1864.6
1368340 1865.1
1368350 1865.1
1368360 1868.6
1368370 1881.0
1368380 1881.0
1368390 1908.1
1368400 1928.8
1368410 1928.8
1368420 1939.7
1368430 1947.8
1368440 1947.8
1368450 1952.8
1368460 1946.8
1368470 1946.8
1368480 1935.3
1368490 1931.9
1368500 1931.9
1368510 1933.9
1368520 1934.5
1368530 1934.5
1368540 1930.6
1368550 1920.8
1368560 1920.8
1368570 1919.1
1368580 1906.0
1368590 1906.0
1368600 1871.0
1368610 1854.0
1368620 1854.0
1368630 1846.8
1368640 1839.4
1368650 1838.0
1368660 1838.0
1368670 1831.9
1368680 1826.4
1368690 1826.4
1368700 1824.6
1368710 1824.9
1368720 1824.9
1368730 1828.4
1368740 1836.3
1368750 1836.3
1368760 1843.8
1368770 1841.3
1368780 1841.3
1368790 1840.4
1368800 1848.0
1368810 1848.0
1368820 1852.1
1368830 1848.2
1368840 1848.2
1368850 1843.2
1368860 1838.5
1368870 1838.5
1368880 1832.9
1368890 1827.2
1368900 1827.2
1368910 1821.8
1368920 1817.2
1368930 1817.2
1368940 1813.8
1368950 1810.6
1368960 1810.6
1368970 1807.3
1368980 1804.5
1368990 1804.5
1369000 1801.1
1369010 1797.8
1369020 1797.8
1369030 1795.6
1369040 1792.9
1369050 1790.0
1369060 1790.0
1369070 1789.4
1369080 1792.4
1369090 1792.4
1369100 1794.4
1369110 1794.0
1369120 1794.0
1369130 1791.9
1369140 1788.0
1369150 1788.0
1369160 1781.6
1369170 1776.0
1369180 1776.0
1369190 1769.9
1369200 1765.1
1369210 1765.1
1369220 1754.2
1369230 1737.6
1369240 1737.6
1369250 1728.8
1369260 1718.3
1369270 1718.3
1369280 1693.9
1369290 1675.2
1369300 1675.2
1369310 1661.8
1369320 1649.2
1369330 1649.2
1369340 1625.5
1369350 1593.0
1369360 1593.0
1369370 1580.2
1369380 1573.0
1369390 1573.0
1369400 1565.8
1369410 1559.1
1369420 1559.1
1369430 1553.3
1369440 1547.2
1369450 1540.8
1369460 1540.8
1369470 1534.5
1369480 1527.8
1369490 1527.8
1369500 1517.7
1369510 1510.8
1369520 1510.8
1369530 1504.1
1369540 1497.7
1369550 1497.7
1369560 1491.0
1369570 1484.7
1369580 1484.7
1369590 1478.0
1369600 1471.5
1369610 1471.5
1369620 1465.2
1369630 1459.2
1369640 1459.2
1369650 1452.3
1369660 1443.8
1369670 1443.8
1369680 1435.2
1369690 1427.0
1369700 1427.0
1369710 1417.7
1369720 1408.2
1369730 1408.2
1369740 1403.6
1369750 1399.2
1369760 1399.2
1369770 1394.6
1369780 1390.5
1369790 1390.5
1369800 1386.5
1369810 1382.4
1369820 1378.4
1369830 1378.4
1369840 1374.4
1369850 1370.9
1369860 1370.9
1369870 1367.9
1369880 1364.4
1369890 1364.4
1369900 1362.1
1369910 1359.9
1369920 1359.9
1369930 1356.9
1369940 1355.0
1369950 1355.0
1369960 1353.1
1369970 1350.8
1369980 1350.8
1369990 1347.9
1370000 1343.4
1370010 1343.4
1370020 1337.9
1370030 1332.6
1370040 1332.6
1370050 1328.6
1370060 1325.3
1370070 1325.3
1370080 1321.5
1370090 1318.3
1370100 1318.3
1370110 1316.3
1370120 1316.7
1370130 1316.7
1370140 1316.7
1370150 1315.1
1370160 1315.1
1370170 1311.0
1370180 1306.6
1370190 1306.6
1370200 1302.9
1370210 1298.0
1370220 1291.4
1370230 1291.4
1370240 1285.8
1370250 1280.3
1370260 1280.3
1370270 1275.6
1370280 1277.0
1370290 1277.0
1370300 1275.6
1370310 1274.8
1370320 1274.8
1370330 1272.6
1370340 1265.3
1370350 1265.3
1370360 1258.4
1370370 1251.9
1370380 1251.9
1370390 1243.6
1370400 1240.4
1370410 1240.4
1370420 1238.7
1370430 1239.6
1370440 1239.6
1370450 1237.5
1370460 1234.0
1370470 1234.0
1370480 1229.7
1370490 1229.9
1370500 1229.9
1370510 1232.5
1370520 1232.7
1370530 1232.7
1370540 1230.3
1370550 1226.0
1370560 1226.0
1370570 1219.6
1370580 1215.5
1370590 1215.5
1370600 1212.6
1370610 1208.6
1370620 1202.0
1370630 1202.0
1370640 1198.9
1370650 1195.2
1370660 1195.2
1370670 1191.1
1370680 1187.3
1370690 1187.3
1370700 1183.3
1370710 1179.9
1370720 1179.9
1370730 1177.4
1370740 1174.4
1370750 1174.4
1370760 1171.1
1370770 1167.7
1370780 1167.7
1370790 1164.5
1370800 1161.3
1370810 1161.3
1370820 1157.7
1370830 1154.0
1370840 1154.0
1370850 1150.4
1370860 1146.6
1370870 1146.6
1370880 1142.5
1370890 1138.7
1370900 1138.7
1370910 1134.5
1370920 1130.6
1370930 1130.6
1370940 1126.8
1370950 1123.0
1370960 1123.0
1370970 1120.0
1370980 1116.8
1370990 1112.3
1371000 1112.3
1371010 1107.3
1371020 1102.0
1371030 1102.0
1371040 1095.6
1371050 1088.6
1371060 1088.6
1371070 1083.3
1371080 1079.3
1371090 1079.3
1371100 1075.2
1371110 1069.8
1371120 1069.8
1371130 1063.7
1371140 1057.6
1371150 1057.6
1371160 1052.3
1371170 1047.2
1371180 1047.2
1371190 1042.0
1371200 1037.1
1371210 1037.1
1371220 1032.1
1371230 1027.2
1371240 1027.2
1371250 1022.0
1371260 1017.6
1371270 1017.6
1371280 1013.9
1371290 1011.7
1371300 1011.7
1371310 1014.1
1371320 1019.3
1371330 1019.3
1371340 1022.2
1371350 1027.7
1371360 1027.7
1371370 1033.4
1371380 1036.9
1371390 1040.4
1371400 1040.4
1371410 1043.8
1371420 1046.9
1371430 1046.9
1371440 1048.7
1371450 1049.9
1371460 1049.9
1371470 1052.7
1371480 1058.7
1371490 1058.7
1371500 1064.1
1371510 1066.8
1371520 1066.8
1371530 1066.1
1371540 1067.3
1371550 1067.3
1371560 1073.1
1371570 1080.4
1371580 1080.4
1371590 1086.2
1371600 1089.7
1371610 1089.7
1371620 1094.9
1371630 1100.5
1371640 1100.5
1371650 1106.5
1371660 1111.9
1371670 1111.9
1371680 1116.1
1371690 1119.0
1371700 1119.0
1371710 1121.7
1371720 1123.7
1371730 1123.7
1371740 1125.8
1371750 1133.1
1371760 1133.1
1371770 1136.0
1371780 1138.7
1371790 1141.6
1371800 1141.6
1371810 1141.6
1371820 1143.0
1371830 1143.0
1371840 1147.3
1371850 1153.4
1371860 1153.4
1371870 1157.4
1371880 1160.8
1371890 1160.8
1371900 1164.3
1371910 1168.0
1371920 1168.0
1371930 1173.0
1371940 1177.6
1371950 1177.6
1371960 1181.6
1371970 1185.1
1371980 1185.1
1371990 1189.2
1372000 1193.0
1372010 1193.0
1372020 1196.5
1372030 1198.8
1372040 1198.8
1372050 1202.2
1372060 1208.8
1372070 1208.8
1372080 1208.2
1372090 1213.6
1372100 1213.6
1372110 1220.8
1372120 1225.6
1372130 1225.6
1372140 1228.9
1372150 1232.3
1372160 1236.4
1372170 1236.4
1372180 1239.0
1372190 1238.8
1372200 1238.8
1372210 1240.6
1372220 1243.1
1372230 1243.1
1372240 1245.2
1372250 1247.1
1372260 1247.1
1372270 1248.3
1372280 1251.9
1372290 1251.9
1372300 1258.4
1372310 1265.0
1372320 1265.0
1372330 1271.2
1372340 1276.7
1372350 1276.7
1372360 1284.2
1372370 1291.8
1372380 1291.8
1372390 1297.1
1372400 1299.2
1372410 1299.2
1372420 1299.5
1372430 1304.7
1372440 1304.7
1372450 1311.4
1372460 1315.8
1372470 1315.8
1372480 1318.5
1372490 1320.2
1372500 1320.2
1372510 1321.5
1372520 1327.1
1372530 1327.1
1372540 1334.0
1372550 1340.8
1372560 1346.6
1372570 1346.6
1372580 1351.1
1372590 1355.5
1372600 1355.5
1372610 1359.7
1372620 1363.6
1372630 1363.6
1372640 1368.2
1372650 1373.9
1372660 1373.9
1372670 1380.2
1372680 1386.6
1372690 1386.6
1372700 1392.1
1372710 1397.4
1372720 1397.4
1372730 1402.3
1372740 1407.2
1372750 1407.2
1372760 1411.9
1372770 1416.0
1372780 1416.0
1372790 1419.8
1372800 1423.6
1372810 1423.6
1372820 1426.9
1372830 1430.3
1372840 1430.3
1372850 1432.6
1372860 1431.6
1372870 1431.6
1372880 1434.0
1372890 1445.8
1372900 1445.8
1372910 1451.0
1372920 1455.0
1372930 1455.0
1372940 1460.1
1372950 1464.0
1372960 1468.3
1372970 1468.3
1372980 1472.3
1372990 1475.4
1373000 1475.4
1373010 1480.0
1373020 1485.8
1373030 1485.8
1373040 1491.8
1373050 1497.9
1373060 1497.9
1373070 1504.5
1373080 1510.8
1373090 1510.8
1373100 1516.8
1373110 1522.6
1373120 1522.6
1373130 1528.6
1373140 1534.4
1373150 1534.4
1373160 1540.0
1373170 1545.2
1373180 1545.2
1373190 1550.1
1373200 1554.6
1373210 1554.6
1373220 1558.0
1373230 1559.9
1373240 1559.9
1373250 1561.8
1373260 1563.8
1373270 1563.8
1373280 1565.4
1373290 1565.2
1373300 1565.2
1373310 1562.2
1373320 1558.4
1373330 1555.6
1373340 1555.6
1373350 1551.8
1373360 1550.2
1373370 1550.2
1373380 1548.6
1373390 1544.9
1373400 1544.9
1373410 1538.1
1373420 1530.7
1373430 1530.7
1373440 1522.7
1373450 1515.1
1373460 1515.1
1373470 1507.7
1373480 1502.4
1373490 1502.4
1373500 1498.5
1373510 1495.6
1373520 1495.6
1373530 1494.6
1373540 1492.3
1373550 1492.3
1373560 1488.0
1373570 1485.3
1373580 1485.3
1373590 1483.2
1373600 1481.5
1373610 1481.5
1373620 1478.0
1373630 1472.9
1373640 1472.9
1373650 1467.1
1373660 1460.4
1373670 1460.4
1373680 1446.0
1373690 1440.7
1373700 1440.7
1373710 1443.6
1373720 1431.9
1373730 1434.4
1373740 1434.4
1373750 1435.0
1373760 1426.2
1373770 1426.2
1373780 1421.5
1373790 1420.3
1373800 1420.3
1373810 1419.5
1373820 1414.9
1373830 1414.9
1373840 1408.2
1373850 1394.6
1373860 1394.6
1373870 1385.2
1373880 1379.5
1373890 1379.5
1373900 1373.8
1373910 1369.2
1373920 1369.2
1373930 1366.1
1373940 1361.1
1373950 1361.1
1373960 1354.3
1373970 1348.6
1373980 1348.6
1373990 1343.2
1374000 1339.1
1374010 1339.1
1374020 1335.1
1374030 1331.1
1374040 1331.1
1374050 1323.2
1374060 1320.2
1374070 1320.2
1374080 1317.7
1374090 1315.3
1374100 1315.3
1374110 1313.3
1374120 1310.7
1374130 1305.9
1374140 1305.9
1374150 1300.8
1374160 1298.9
1374170 1298.9
1374180 1297.0
1374190 1296.5
1374200 1296.5
1374210 1295.7
1374220 1295.2
1374230 1295.2
1374240 1293.8
1374250 1293.0
1374260 1293.0
1374270 1291.1
1374280 1289.8
1374290 1289.8
1374300 1290.3
1374310 1290.5
1374320 1290.5
1374330 1290.9
1374340 1291.4
1374350 1291.4
1374360 1293.6
1374370 1296.0
1374380 1296.0
1374390 1297.4
1374400 1298.4
1374410 1298.4
1374420 1300.7
1374430 1302.0
1374440 1302.0
1374450 1303.6
1374460 1304.5
1374470 1304.5
1374480 1304.8
1374490 1304.2
1374500 1304.2
1374510 1304.2
1374520 1304.2
1374530 1303.4
1374540 1303.4
1374550 1301.2
1374560 1298.6
1374570 1298.6
1374580 1297.4
1374590 1296.3
1374600 1296.3
1374610 1294.3
1374620 1291.8
1374630 1291.8
1374640 1289.1
1374650 1286.2
1374660 1286.2
1374670 1283.3
1374680 1280.7
1374690 1280.7
1374700 1277.8
1374710 1275.0
1374720 1275.0
1374730 1272.3
1374740 1269.5
1374750 1269.5
1374760 1267.1
1374770 1264.1
1374780 1264.1
1374790 1260.4
1374800 1256.7
1374810 1256.7
1374820 1253.6
1374830 1250.9
1374840 1250.9
1374850 1248.5
1374860 1246.1
1374870 1246.1
1374880 1243.4
1374890 1240.1
1374900 1236.7
1374910 1236.7
1374920 1233.3
1374930 1229.5
1374940 1229.5
1374950 1225.2
1374960 1220.8
1374970 1220.8
1374980 1216.0
1374990 1209.7
1375000 1209.7
1375010 1202.2
1375020 1194.3
1375030 1194.3
1375040 1185.9
1375050 1178.6
1375060 1178.6
1375070 1170.9
1375080 1163.7
1375090 1163.7
1375100 1160.0
1375110 1156.4
1375120 1156.4
1375130 1152.4
1375140 1147.2
1375150 1147.2
1375160 1141.1
1375170 1135.7
1375180 1135.7
1375190 1131.1
1375200 1127.0
1375210 1123.4
1375220 1120.3
1375230 1117.0
1375240 1117.0
1375250 1112.2
1375260 1107.7
1375270 1107.7
1375280 1104.3
1375290 1100.8
1375300 1097.3
1375310 1097.3
1375320 1093.8
1375330 1090.5
1375340 1090.5
1375350 1089.4
1375360 1085.9
1375370 1085.9
1375380 1079.8
1375390 1075.7
1375400 1075.7
1375410 1071.5
1375420 1068.0
1375430 1068.0
1375440 1065.1
1375450 1061.7
1375460 1061.7
1375470 1059.9
1375480 1058.0
1375490 1058.0
1375500 1054.5
1375510 1049.5
1375520 1049.5
1375530 1045.0
1375540 1041.6
1375550 1041.6
1375560 1039.0
1375570 1036.8
1375580 1036.8
1375590 1034.5
1375600 1031.1
1375610 1031.1
1375620 1028.2
1375630 1024.6
1375640 1024.6
1375650 1021.4
1375660 1018.0
1375670 1013.7
1375680 1013.7
1375690 1009.3
1375700 1005.5
1375710 1005.5
1375720 1003.3
1375730 1001.0
1375740 1001.0
1375750 997.8
1375760 994.7
1375770 994.7
1375780 992.0
1375790 989.4
1375800 989.4
1375810 986.5
1375820 982.6
1375830 982.6
1375840 979.0
1375850 975.8
1375860 975.8
1375870 974.1
1375880 971.7
1375890 971.7
1375900 968.5
1375910 966.2
1375920 966.2
1375930 964.0
1375940 961.7
1375950 961.7
1375960 959.8
1375970 959.3
1375980 959.3
1375990 959.8
1376000 961.3
1376010 961.3
1376020 961.9
1376030 960.3
1376040 960.3
1376050 957.0
1376060 952.1
1376070 945.6
1376080 945.6
1376090 938.7
1376100 932.4
1376110 932.4
1376120 926.5
1376130 921.4
1376140 921.4
1376150 916.2
1376160 911.2
1376170 911.2
1376180 906.4
1376190 902.7
1376200 902.7
1376210 900.6
1376220 898.3
1376230 898.3
1376240 895.4
1376250 893.2
1376260 893.2
1376270 891.5
1376280 889.6
1376290 889.6
1376300 888.1
1376310 886.3
1376320 886.3
1376330 884.1
1376340 882.1
1376350 882.1
1376360 880.9
1376370 880.2
1376380 880.2
1376390 877.4
1376400 876.7
1376410 876.7
1376420 875.8
1376430 874.0
1376440 874.0
1376450 872.1
1376460 869.9
1376470 867.0
1376480 867.0
1376490 863.7
1376500 859.8
1376510 859.8
1376520 855.7
1376530 851.7
1376540 851.7
1376550 847.0
1376560 843.5
1376570 843.5
1376580 839.5
1376590 836.8
1376600 836.8
1376610 833.5
1376620 827.4
1376630 827.4
1376640 822.2
1376650 819.2
1376660 819.2
1376670 815.3
1376680 809.3
1376690 809.3
1376700 802.0
1376710 794.8
1376720 794.8
1376730 788.1
1376740 782.0
1376750 782.0
1376760 777.0
1376770 771.9
1376780 771.9
1376790 766.9
1376800 762.3
1376810 762.3
1376820 758.4
1376830 754.4
1376840 750.6
1376850 750.6
1376860 746.8
1376870 743.7
1376880 743.7
1376890 740.3
1376900 736.7
1376910 736.7
1376920 733.9
1376930 730.0
1376940 730.0
1376950 726.9
1376960 725.4
1376970 725.4
1376980 721.8
1376990 719.8
1377000 719.8
1377010 718.5
1377020 717.3
1377030 717.3
1377040 716.1
1377050 714.9
1377060 714.9
1377070 713.7
1377080 712.2
1377090 712.2
1377100 710.7
1377110 709.1
1377120 709.1
1377130 707.8
1377140 706.7
1377150 706.7
1377160 705.4
1377170 704.1
1377180 704.1
1377190 703.1
1377200 702.6
1377210 702.6
1377220 702.0
1377230 701.4
1377240 700.6
1377250 700.6
1377260 699.8
1377270 699.4
1377280 699.4
1377290 698.8
1377300 698.1
1377310 698.1
1377320 697.1
1377330 696.1
1377340 696.1
1377350 695.3
1377360 694.5
1377370 694.5
1377380 693.6
1377390 693.6
1377400 693.6
1377410 693.7
1377420 693.8
1377430 693.8
1377440 692.3
1377450 694.7
1377460 694.7
1377470 699.7
1377480 702.3
1377490 702.3
1377500 703.6
1377510 704.8
1377520 704.8
1377530 706.5
1377540 709.0
1377550 709.0
1377560 711.4
1377570 713.6
1377580 715.5
1377590 716.8
1377600 717.9
1377610 717.9
1377620 719.3
1377630 721.4
1377640 723.1
1377650 723.1
1377660 724.7
1377670 725.4
1377680 725.4
1377690 726.3
1377700 726.7
1377710 726.7
1377720 726.5
1377730 725.8
1377740 725.8
1377750 724.2
1377760 721.9
1377770 721.9
1377780 720.2
1377790 718.4
1377800 718.4
1377810 716.2
1377820 714.4
1377830 714.4
1377840 713.3
1377850 712.0
1377860 712.0
1377870 709.1
1377880 705.5
1377890 705.5
1377900 703.8
1377910 702.0
1377920 702.0
1377930 699.2
1377940 697.1
1377950 697.1
1377960 695.9
1377970 695.8
1377980 695.8
1377990 696.6
1378000 696.7
1378010 696.6
1378020 696.6
1378030 696.3
1378040 696.1
1378050 696.1
1378060 695.6
1378070 693.4
1378080 693.4
1378090 691.1
1378100 688.9
1378110 688.9
1378120 686.5
1378130 684.4
1378140 684.4
1378150 682.9
1378160 681.9
1378170 681.9
1378180 680.9
1378190 680.1
1378200 680.1
1378210 680.0
1378220 680.1
1378230 680.1
1378240 680.4
1378250 679.6
1378260 679.6
1378270 678.4
1378280 676.2
1378290 676.2
1378300 672.9
1378310 671.0
1378320 671.0
1378330 670.9
1378340 670.8
1378350 670.8
1378360 670.6
1378370 670.6
1378380 670.6
1378390 670.6
1378400 670.4
1378410 670.3
1378420 670.3
1378430 670.2
1378440 670.1
1378450 670.1
1378460 669.0
1378470 668.7
1378480 668.7
1378490 668.7
1378500 668.6
1378510 668.6
1378520 668.4
1378530 668.3
1378540 668.3
1378550 668.1
1378560 668.0
1378570 668.0
1378580 667.8
1378590 667.6
1378600 667.6
1378610 667.6
1378620 667.6
1378630 667.6
1378640 667.5
1378650 667.2
1378660 667.2
1378670 667.0
1378680 666.8
1378690 666.8
1378700 666.8
1378710 667.4
1378720 667.4
1378730 667.6
1378740 667.4
1378750 667.4
1378760 666.8
1378770 666.8
1378780 666.8
1378790 667.0
1378800 666.9
1378810 665.8
1378820 665.8
1378830 665.8
1378840 666.8
1378850 666.8
1378860 667.3
1378870 667.5
1378880 667.5
1378890 667.6
1378900 668.2
1378910 668.2
1378920 668.9
1378930 669.7
1378940 669.7
1378950 670.4
1378960 671.0
1378970 671.0
1378980 671.6
1378990 672.2
1379000 672.2
1379010 673.0
1379020 673.8
1379030 673.8
1379040 674.3
1379050 674.6
1379060 674.6
1379070 674.9
1379080 675.3
1379090 675.3
1379100 675.8
1379110 676.2
1379120 676.2
1379130 676.6
1379140 677.1
1379150 677.1
1379160 677.7
1379170 678.2
1379180 678.7
1379190 678.7
1379200 679.6
1379210 682.3
1379220 682.3
1379230 685.3
1379240 688.7
1379250 688.7
1379260 692.3
1379270 696.9
1379280 696.9
1379290 701.6
1379300 705.9
1379310 705.9
1379320 710.8
1379330 715.9
1379340 715.9
1379350 722.1
1379360 728.5
1379370 728.5
1379380 734.9
1379390 741.1
1379400 741.1
1379410 746.8
1379420 753.8
1379430 753.8
1379440 763.2
1379450 771.1
1379460 771.1
1379470 774.7
1379480 777.8
1379490 777.8
1379500 779.9
1379510 774.3
1379520 774.3
1379530 765.6
1379540 756.5
1379550 756.5
1379560 743.2
1379570 731.6
1379580 738.3
1379590 738.3
1379600 746.2
1379610 755.2
1379620 755.2
1379630 763.8
1379640 776.6
1379650 776.6
1379660 788.5
1379670 797.6
1379680 797.6
1379690 806.2
1379700 813.7
1379710 813.7
1379720 820.3
1379730 826.1
1379740 826.1
1379750 832.7
1379760 840.7
1379770 840.7
1379780 849.6
1379790 857.7
1379800 857.7
1379810 864.3
1379820 871.1
1379830 871.1
1379840 876.8
1379850 878.4
1379860 878.4
1379870 878.8
1379880 880.9
1379890 880.9
1379900 883.9
1379910 886.4
1379920 886.4
1379930 888.4
1379940 890.6
1379950 890.6
1379960 893.1
1379970 896.7
1379980 901.6
1379990 901.6
