1360000 477.0
1360010 477.1
1360020 477.1
1360030 477.1
1360040 477.2
1360050 477.2
1360060 477.2
1360070 477.2
1360080 477.2
1360090 477.2
1360100 477.3
1360110 477.3
1360120 477.3
1360130 477.3
1360140 477.3
1360150 477.3
1360160 477.3
1360170 477.3
1360180 477.4
1360190 477.3
1360200 477.3
1360210 477.1
1360220 477.1
1360230 477.1
1360240 477.0
1360250 476.9
1360260 476.9
1360270 476.7
1360280 476.7
1360290 476.7
1360300 476.6
1360310 476.5
1360320 476.4
1360330 476.4
1360340 476.4
1360350 476.4
1360360 476.4
1360370 476.5
1360380 476.7
1360390 476.7
1360400 477.1
1360410 477.7
1360420 477.7
1360430 478.6
1360440 479.3
1360450 479.3
1360460 479.7
1360470 480.2
1360480 480.2
1360490 480.7
1360500 481.3
1360510 481.3
1360520 482.0
1360530 482.6
1360540 482.6
1360550 484.3
1360560 489.8
1360570 489.8
1360580 496.5
1360590 502.5
1360600 502.5
1360610 508.0
1360620 509.9
1360630 509.9
1360640 510.8
1360650 511.9
1360660 511.9
1360670 511.6
1360680 512.1
1360690 513.3
1360700 513.3
1360710 514.7
1360720 517.1
1360730 517.1
1360740 519.6
1360750 520.6
1360760 520.6
1360770 522.6
1360780 525.0
1360790 525.0
1360800 527.5
1360810 529.3
1360820 529.3
1360830 530.7
1360840 532.3
1360850 532.3
1360860 531.7
1360870 533.2
1360880 533.2
1360890 534.2
1360900 535.9
1360910 535.9
1360920 538.3
1360930 541.2
1360940 541.2
1360950 543.2
1360960 545.0
1360970 545.0
1360980 546.4
1360990 548.1
1361000 548.1
1361010 549.7
1361020 551.6
1361030 551.6
1361040 553.5
1361050 555.3
1361060 555.3
1361070 557.7
1361080 559.8
1361090 562.2
1361100 562.2
1361110 565.1
1361120 568.0
1361130 568.0
1361140 571.2
1361150 574.3
1361160 574.3
1361170 577.7
1361180 580.9
1361190 580.9
1361200 585.3
1361210 590.2
1361220 590.2
1361230 594.8
1361240 600.0
1361250 600.0
1361260 605.4
1361270 610.0
1361280 610.0
1361290 613.4
1361300 618.0
1361310 618.0
1361320 623.3
1361330 629.0
1361340 629.0
1361350 634.2
1361360 639.7
1361370 639.7
1361380 644.9
1361390 649.5
1361400 649.5
1361410 653.7
1361420 657.9
1361430 657.9
1361440 663.4
1361450 669.4
1361460 669.4
1361470 675.7
1361480 682.4
1361490 688.8
1361500 688.8
1361510 695.6
1361520 702.5
1361530 702.5
1361540 709.3
1361550 715.8
1361560 715.8
1361570 722.0
1361580 731.0
1361590 731.0
1361600 735.5
1361610 740.8
1361620 740.8
1361630 746.3
1361640 751.8
1361650 751.8
1361660 756.8
1361670 762.4
1361680 762.4
1361690 768.2
1361700 774.1
1361710 774.1
1361720 779.6
1361730 785.2
1361740 785.2
1361750 790.7
1361760 795.8
1361770 795.8
1361780 799.4
1361790 803.5
1361800 803.5
1361810 808.7
1361820 814.9
1361830 814.9
1361840 822.2
1361850 828.6
1361860 828.6
1361870 833.8
1361880 840.1
1361890 847.2
1361900 847.2
1361910 854.1
1361920 860.2
1361930 860.2
1361940 865.5
1361950 870.2
1361960 870.2
1361970 876.4
1361980 886.5
1361990 886.5
1362000 891.0
1362010 899.4
1362020 899.4
1362030 903.9
1362040 903.9
1362050 903.9
1362060 902.6
1362070 904.2
1362080 904.2
1362090 909.3
1362100 915.4
1362110 915.4
1362120 920.1
1362130 921.9
1362140 921.9
1362150 919.4
1362160 918.5
1362170 918.5
1362180 921.2
1362190 923.9
1362200 923.9
1362210 925.6
1362220 936.8
1362230 936.8
1362240 974.1
1362250 992.2
1362260 992.2
1362270 999.3
1362280 1003.2
1362290 1005.1
1362300 1005.1
1362310 1002.5
1362320 1003.7
1362330 1003.7
1362340 1002.2
1362350 1001.6
1362360 1001.6
1362370 1000.4
1362380 997.3
1362390 997.3
1362400 995.3
1362410 996.9
1362420 996.9
1362430 996.3
1362440 995.2
1362450 995.2
1362460 997.3
1362470 1000.1
1362480 1000.1
1362490 1000.1
1362500 998.8
1362510 998.8
1362520 1000.5
1362530 1005.1
1362540 1005.1
1362550 1014.3
1362560 1025.8
1362570 1025.8
1362580 1030.8
1362590 1050.6
1362600 1050.6
1362610 1069.9
1362620 1082.0
1362630 1082.6
1362640 1091.9
1362650 1099.2
1362660 1099.2
1362670 1106.8
1362680 1114.9
1362690 1123.2
1362700 1123.2
1362710 1131.9
1362720 1135.9
1362730 1135.9
1362740 1140.9
1362750 1150.3
1362760 1150.3
1362770 1159.6
1362780 1163.6
1362790 1163.6
1362800 1169.0
1362810 1183.3
1362820 1183.3
1362830 1189.7
1362840 1190.7
1362850 1190.7
1362860 1190.5
1362870 1187.6
1362880 1187.6
1362890 1186.8
1362900 1199.8
1362910 1199.8
1362920 1214.5
1362930 1218.7
1362940 1218.7
1362950 1225.1
1362960 1230.5
1362970 1230.5
1362980 1233.5
1362990 1243.5
1363000 1243.5
1363010 1254.9
1363020 1265.6
1363030 1265.6
1363040 1275.2
1363050 1284.1
1363060 1284.1
1363070 1299.7
1363080 1316.9
1363090 1325.4
1363100 1325.4
1363110 1334.5
1363120 1346.2
1363130 1346.2
1363140 1351.7
1363150 1357.8
1363160 1357.8
1363170 1366.3
1363180 1375.2
1363190 1375.2
1363200 1384.5
1363210 1395.3
1363220 1395.3
1363230 1416.3
1363240 1439.2
1363250 1439.2
1363260 1464.5
1363270 1479.5
1363280 1479.5
1363290 1489.3
1363300 1489.1
1363310 1489.1
1363320 1486.4
1363330 1486.0
1363340 1486.0
1363350 1494.9
1363360 1532.5
1363370 1532.5
1363380 1550.1
1363390 1557.6
1363400 1557.6
1363410 1566.2
1363420 1577.2
1363430 1577.2
1363440 1587.5
1363450 1590.7
1363460 1590.7
1363470 1592.1
1363480 1596.4
1363490 1597.1
1363500 1597.1
1363510 1595.6
1363520 1591.2
1363530 1591.2
1363540 1583.8
1363550 1577.6
1363560 1577.6
1363570 1577.1
1363580 1571.1
1363590 1571.1
1363600 1561.8
1363610 1553.3
1363620 1553.3
1363630 1560.0
1363640 1565.1
1363650 1565.1
1363660 1562.9
1363670 1565.5
1363680 1574.4
1363690 1577.4
1363700 1585.7
1363710 1585.7
1363720 1596.5
1363730 1610.6
1363740 1610.6
1363750 1618.7
1363760 1629.0
1363770 1629.0
1363780 1639.3
1363790 1648.8
1363800 1648.8
1363810 1664.4
1363820 1679.9
1363830 1679.9
1363840 1683.3
1363850 1687.4
1363860 1695.3
1363870 1695.3
1363880 1694.7
1363890 1697.3
1363900 1697.3
1363910 1700.7
1363920 1694.5
1363930 1694.5
1363940 1693.2
1363950 1687.8
1363960 1687.8
1363970 1683.0
1363980 1677.7
1363990 1677.7
1364000 1673.7
1364010 1675.4
1364020 1675.4
1364030 1679.4
1364040 1683.8
1364050 1683.8
1364060 1682.6
1364070 1674.4
1364080 1674.4
1364090 1675.6
1364100 1691.6
1364110 1691.6
1364120 1692.8
1364130 1676.8
1364140 1676.8
1364150 1670.2
1364160 1662.8
1364170 1662.8
1364180 1669.8
1364190 1681.3
1364200 1681.3
1364210 1696.1
1364220 1714.3
1364230 1714.3
1364240 1723.4
1364250 1744.5
1364260 1786.1
1364270 1786.1
1364280 1783.4
1364290 1778.3
1364300 1778.3
1364310 1778.0
1364320 1778.5
1364330 1778.5
1364340 1800.4
1364350 1806.3
1364360 1806.3
1364370 1789.6
1364380 1768.9
1364390 1768.9
1364400 1762.6
1364410 1768.7
1364420 1768.7
1364430 1774.3
1364440 1782.3
1364450 1782.3
1364460 1791.1
1364470 1802.2
1364480 1802.2
1364490 1818.2
1364500 1820.1
1364510 1820.1
1364520 1807.7
1364530 1800.7
1364540 1800.7
1364550 1792.4
1364560 1787.7
1364570 1787.7
1364580 1779.6
1364590 1769.0
1364600 1769.0
1364610 1758.9
1364620 1747.9
1364630 1747.9
1364640 1740.6
1364650 1736.7
1364660 1732.7
1364670 1732.7
1364680 1727.0
1364690 1718.9
1364700 1718.9
1364710 1719.2
1364720 1721.6
1364730 1721.6
1364740 1725.8
1364750 1761.5
1364760 1761.5
1364770 1793.4
1364780 1808.4
1364790 1808.4
1364800 1834.4
1364810 1859.2
1364820 1859.2
1364830 1857.1
1364840 1860.1
1364850 1860.1
1364860 1866.8
1364870 1864.1
1364880 1864.1
1364890 1866.5
1364900 1863.5
1364910 1863.5
1364920 1860.8
1364930 1857.4
1364940 1857.4
1364950 1855.3
1364960 1856.2
1364970 1856.2
1364980 1861.2
1364990 1869.0
1365000 1869.0
1365010 1877.7
1365020 1880.9
1365030 1880.9
1365040 1886.3
1365050 1883.3
1365060 1870.3
1365070 1870.3
1365080 1851.7
1365090 1842.3
1365100 1842.3
1365110 1835.2
1365120 1822.0
1365130 1822.0
1365140 1808.9
1365150 1795.8
1365160 1795.8
1365170 1787.0
1365180 1786.6
1365190 1786.6
1365200 1784.7
1365210 1778.1
1365220 1778.1
1365230 1781.0
1365240 1777.4
1365250 1777.4
1365260 1766.1
1365270 1766.9
1365280 1766.9
1365290 1760.0
1365300 1751.2
1365310 1751.2
1365320 1744.3
1365330 1733.7
1365340 1733.7
1365350 1712.7
1365360 1686.6
1365370 1686.6
1365380 1674.5
1365390 1666.1
1365400 1666.1
1365410 1656.9
1365420 1644.6
1365430 1644.6
1365440 1629.7
1365450 1624.5
1365460 1622.4
1365470 1622.4
1365480 1619.8
1365490 1616.7
1365500 1616.7
1365510 1614.1
1365520 1613.1
1365530 1613.1
1365540 1613.8
1365550 1617.7
1365560 1617.7
1365570 1622.7
1365580 1627.4
1365590 1627.4
1365600 1632.6
1365610 1637.6
1365620 1637.6
1365630 1651.0
1365640 1674.4
1365650 1674.4
1365660 1685.8
1365670 1708.1
1365680 1708.1
1365690 1730.8
1365700 1750.0
1365710 1750.0
1365720 1762.1
1365730 1777.9
1365740 1777.9
1365750 1784.4
1365760 1800.7
1365770 1800.7
1365780 1808.0
1365790 1813.9
1365800 1813.9
1365810 1828.6
1365820 1831.9
1365830 1831.9
1365840 1840.4
1365850 1848.1
1365860 1852.7
1365870 1852.7
1365880 1860.6
1365890 1868.1
1365900 1868.1
1365910 1876.0
1365920 1888.5
1365930 1888.5
1365940 1894.1
1365950 1887.4
1365960 1887.4
1365970 1877.7
1365980 1867.8
1365990 1867.8
1366000 1858.7
1366010 1851.7
1366020 1851.7
1366030 1847.4
1366040 1843.7
1366050 1843.7
1366060 1841.5
1366070 1847.1
1366080 1847.1
1366090 1856.0
1366100 1863.9
1366110 1863.9
1366120 1870.2
1366130 1875.8
1366140 1875.8
1366150 1883.4
1366160 1890.9
1366170 1890.9
1366180 1897.8
1366190 1903.9
1366200 1903.9
1366210 1910.7
1366220 1918.0
1366230 1918.0
1366240 1925.9
1366250 1926.6
1366260 1925.0
1366270 1925.0
1366280 1928.2
1366290 1934.1
1366300 1934.1
1366310 1940.1
1366320 1944.2
1366330 1944.2
1366340 1943.8
1366350 1933.6
1366360 1933.6
1366370 1921.9
1366380 1907.1
1366390 1907.1
1366400 1896.5
1366410 1886.7
1366420 1886.7
1366430 1877.7
1366440 1865.7
1366450 1865.7
1366460 1854.8
1366470 1845.4
1366480 1845.4
1366490 1838.5
1366500 1828.9
1366510 1828.9
1366520 1818.5
1366530 1810.2
1366540 1810.2
1366550 1802.7
1366560 1793.2
1366570 1793.2
1366580 1766.0
1366590 1739.1
1366600 1739.1
1366610 1715.5
1366620 1699.5
1366630 1690.0
1366640 1690.0
1366650 1681.9
1366660 1677.2
1366670 1677.2
1366680 1675.9
1366690 1675.1
1366700 1675.1
1366710 1676.3
1366720 1674.1
1366730 1674.1
1366740 1672.4
1366750 1671.8
1366760 1671.8
1366770 1671.9
1366780 1672.3
1366790 1672.3
1366800 1673.9
1366810 1677.6
1366820 1677.6
1366830 1683.2
1366840 1689.7
1366850 1689.7
1366860 1697.2
1366870 1727.6
1366880 1727.6
1366890 1774.2
1366900 1794.3
1366910 1794.3
1366920 1818.7
1366930 1836.5
1366940 1836.5
1366950 1851.2
1366960 1860.1
1366970 1860.1
1366980 1854.4
1366990 1843.9
1367000 1843.9
1367010 1830.5
1367020 1827.6
1367030 1823.8
1367040 1823.8
1367050 1818.7
1367060 1820.8
1367070 1820.8
1367080 1823.8
1367090 1823.6
1367100 1823.6
1367110 1813.6
1367120 1797.1
1367130 1797.1
1367140 1785.7
1367150 1775.9
1367160 1775.9
1367170 1776.3
1367180 1775.6
1367190 1775.6
1367200 1774.6
1367210 1770.5
1367220 1770.5
1367230 1765.9
1367240 1755.8
1367250 1755.8
1367260 1744.5
1367270 1736.6
1367280 1736.6
1367290 1736.2
1367300 1734.2
1367310 1734.2
1367320 1728.3
1367330 1717.2
1367340 1717.2
1367350 1709.1
1367360 1700.8
1367370 1700.8
1367380 1697.4
1367390 1702.6
1367400 1702.6
1367410 1702.7
1367420 1701.3
1367430 1688.0
1367440 1688.0
1367450 1668.5
1367460 1650.0
1367470 1650.0
1367480 1638.7
1367490 1625.9
1367500 1625.9
1367510 1604.6
1367520 1590.5
1367530 1590.5
1367540 1573.6
1367550 1555.7
1367560 1555.7
1367570 1542.2
1367580 1525.9
1367590 1525.9
1367600 1515.5
1367610 1508.5
1367620 1508.5
1367630 1501.9
1367640 1495.6
1367650 1495.6
1367660 1489.7
1367670 1484.1
1367680 1484.1
1367690 1478.9
1367700 1473.7
1367710 1473.7
1367720 1468.7
1367730 1462.9
1367740 1462.9
1367750 1456.5
1367760 1450.1
1367770 1450.1
1367780 1444.2
1367790 1438.1
1367800 1438.1
1367810 1433.0
1367820 1431.1
1367830 1426.3
1367840 1426.3
1367850 1417.7
1367860 1403.7
1367870 1403.7
1367880 1393.7
1367890 1387.2
1367900 1387.2
1367910 1381.0
1367920 1375.4
1367930 1375.4
1367940 1371.5
1367950 1368.5
1367960 1368.5
1367970 1363.8
1367980 1358.5
1367990 1354.8
1368000 1350.2
1368010 1345.8
1368020 1345.8
1368030 1341.6
1368040 1338.2
1368050 1338.2
1368060 1336.3
1368070 1337.9
1368080 1337.9
1368090 1338.6
1368100 1336.9
1368110 1336.9
1368120 1333.8
1368130 1329.7
1368140 1329.7
1368150 1322.3
1368160 1315.1
1368170 1315.1
1368180 1302.8
1368190 1281.9
1368200 1281.9
1368210 1258.2
1368220 1240.1
1368230 1227.1
1368240 1227.1
1368250 1221.2
1368260 1215.7
1368270 1215.7
1368280 1213.8
1368290 1212.8
1368300 1212.8
1368310 1211.9
1368320 1209.9
1368330 1209.9
1368340 1208.3
1368350 1206.7
1368360 1206.7
1368370 1207.0
1368380 1204.4
1368390 1204.4
1368400 1198.8
1368410 1195.1
1368420 1195.1
1368430 1195.2
1368440 1194.8
1368450 1194.8
1368460 1191.9
1368470 1185.3
1368480 1185.3
1368490 1178.5
1368500 1172.9
1368510 1172.9
1368520 1165.9
1368530 1158.6
1368540 1158.6
1368550 1153.5
1368560 1150.8
1368570 1150.8
1368580 1151.9
1368590 1155.6
1368600 1155.6
1368610 1159.7
1368620 1164.7
1368630 1170.4
1368640 1170.4
1368650 1175.7
1368660 1178.8
1368670 1178.8
1368680 1181.3
1368690 1184.1
1368700 1184.1
1368710 1186.6
1368720 1189.2
1368730 1189.2
1368740 1192.2
1368750 1195.2
1368760 1195.2
1368770 1198.5
1368780 1201.1
1368790 1201.1
1368800 1203.2
1368810 1204.1
1368820 1204.1
1368830 1204.0
1368840 1202.8
1368850 1202.8
1368860 1199.0
1368870 1192.7
1368880 1192.7
1368890 1186.0
1368900 1179.8
1368910 1179.8
1368920 1173.6
1368930 1170.0
1368940 1170.0
1368950 1168.2
1368960 1166.2
1368970 1166.2
1368980 1165.2
1368990 1164.9
1369000 1164.9
1369010 1165.6
1369020 1166.5
1369030 1167.5
1369040 1167.5
1369050 1170.1
1369060 1173.3
1369070 1173.3
1369080 1176.5
1369090 1178.8
1369100 1182.3
1369110 1184.4
1369120 1188.3
1369130 1188.3
1369140 1193.3
1369150 1198.5
1369160 1198.5
1369170 1203.9
1369180 1209.4
1369190 1209.4
1369200 1214.7
1369210 1219.9
1369220 1219.9
1369230 1225.4
1369240 1233.7
1369250 1233.7
1369260 1247.5
1369270 1274.1
1369280 1274.1
1369290 1317.0
1369300 1327.3
1369310 1327.3
1369320 1330.7
1369330 1334.5
1369340 1334.5
1369350 1338.4
1369360 1342.0
1369370 1342.0
1369380 1345.5
1369390 1349.2
1369400 1349.2
1369410 1352.8
1369420 1356.3
1369430 1360.1
1369440 1360.1
1369450 1364.0
1369460 1367.9
1369470 1367.9
1369480 1371.4
1369490 1374.2
1369500 1374.2
1369510 1373.9
1369520 1374.9
1369530 1374.9
1369540 1379.8
1369550 1385.4
1369560 1385.4
1369570 1389.5
1369580 1393.8
1369590 1393.8
1369600 1399.7
1369610 1405.0
1369620 1405.0
1369630 1408.1
1369640 1412.0
1369650 1412.0
1369660 1416.6
1369670 1420.9
1369680 1420.9
1369690 1426.2
1369700 1431.4
1369710 1431.4
1369720 1436.6
1369730 1437.0
1369740 1437.0
1369750 1443.3
1369760 1456.1
1369770 1456.1
1369780 1465.3
1369790 1472.5
1369800 1481.9
1369810 1481.9
1369820 1489.6
1369830 1505.1
1369840 1505.1
1369850 1512.1
1369860 1514.6
1369870 1514.6
1369880 1518.0
1369890 1523.5
1369900 1523.5
1369910 1532.1
1369920 1549.8
1369930 1549.8
1369940 1565.4
1369950 1576.1
1369960 1576.1
1369970 1586.1
1369980 1608.3
1369990 1608.3
1370000 1617.2
1370010 1622.2
1370020 1622.2
1370030 1628.0
1370040 1634.2
1370050 1634.2
1370060 1636.1
1370070 1630.1
1370080 1630.1
1370090 1624.1
1370100 1625.2
1370110 1625.2
1370120 1626.0
1370130 1627.8
1370140 1627.8
1370150 1632.6
1370160 1639.7
1370170 1639.7
1370180 1645.6
1370190 1647.5
1370200 1644.9
1370210 1659.8
1370220 1643.9
1370230 1631.3
1370240 1631.3
1370250 1623.8
1370260 1617.5
1370270 1617.5
1370280 1614.4
1370290 1611.3
1370300 1611.3
1370310 1607.6
1370320 1599.6
1370330 1599.6
1370340 1589.7
1370350 1577.6
1370360 1577.6
1370370 1563.2
1370380 1545.3
1370390 1545.3
1370400 1524.9
1370410 1512.0
1370420 1512.0
1370430 1504.4
1370440 1495.3
1370450 1495.3
1370460 1486.7
1370470 1479.9
1370480 1479.9
1370490 1473.2
1370500 1464.7
1370510 1464.7
1370520 1455.5
1370530 1448.7
1370540 1448.7
1370550 1438.9
1370560 1428.7
1370570 1428.7
1370580 1420.2
1370590 1412.0
1370600 1404.6
1370610 1404.6
1370620 1398.5
1370630 1392.3
1370640 1392.3
1370650 1385.9
1370660 1379.5
1370670 1379.5
1370680 1373.2
1370690 1367.6
1370700 1367.6
1370710 1362.0
1370720 1356.9
1370730 1356.9
1370740 1352.6
1370750 1348.9
1370760 1348.9
1370770 1345.7
1370780 1341.4
1370790 1341.4
1370800 1337.4
1370810 1327.9
1370820 1327.9
1370830 1316.8
1370840 1309.9
1370850 1309.9
1370860 1304.2
1370870 1296.8
1370880 1296.8
1370890 1290.9
1370900 1286.0
1370910 1286.0
1370920 1280.5
1370930 1277.1
1370940 1277.1
1370950 1276.8
1370960 1276.9
1370970 1276.9
1370980 1271.7
1370990 1261.7
1371000 1250.1
1371010 1250.1
1371020 1242.5
1371030 1236.2
1371040 1236.2
1371050 1228.6
1371060 1217.4
1371070 1217.4
1371080 1207.1
1371090 1196.6
1371100 1196.6
1371110 1185.6
1371120 1175.7
1371130 1175.7
1371140 1168.6
1371150 1163.1
1371160 1163.1
1371170 1157.9
1371180 1153.2
1371190 1153.2
1371200 1147.5
1371210 1142.2
1371220 1142.2
1371230 1137.9
1371240 1133.8
1371250 1133.8
1371260 1128.8
1371270 1123.4
1371280 1123.4
1371290 1117.5
1371300 1111.3
1371310 1111.3
1371320 1105.5
1371330 1100.7
1371340 1095.5
1371350 1091.1
1371360 1087.4
1371370 1087.4
1371380 1079.9
1371390 1073.4
1371400 1067.9
1371410 1067.9
1371420 1063.3
1371430 1059.9
1371440 1059.9
1371450 1056.1
1371460 1050.3
1371470 1050.3
1371480 1044.3
1371490 1038.5
1371500 1038.5
1371510 1032.1
1371520 1026.0
1371530 1026.0
1371540 1020.3
1371550 1014.3
1371560 1014.3
1371570 1008.6
1371580 1003.0
1371590 1003.0
1371600 997.8
1371610 993.1
1371620 993.1
1371630 988.7
1371640 985.5
1371650 985.5
1371660 983.0
1371670 979.4
1371680 979.4
1371690 975.5
1371700 971.4
1371710 971.4
1371720 968.0
1371730 964.7
1371740 964.7
1371750 961.5
1371760 958.5
1371770 958.5
1371780 955.8
1371790 953.2
1371800 950.6
1371810 950.6
1371820 947.8
1371830 945.1
1371840 945.1
1371850 942.4
1371860 940.0
1371870 940.0
1371880 937.7
1371890 935.4
1371900 935.4
1371910 933.1
1371920 930.8
1371930 930.8
1371940 929.0
1371950 927.3
1371960 927.3
1371970 925.5
1371980 923.7
1371990 923.7
1372000 921.1
1372010 919.3
1372020 919.3
1372030 914.7
1372040 907.4
1372050 907.4
1372060 904.7
1372070 904.2
1372080 904.2
1372090 903.6
1372100 902.7
1372110 902.7
1372120 901.5
1372130 902.6
1372140 902.6
1372150 906.9
1372160 908.8
1372170 908.8
1372180 910.5
1372190 912.4
1372200 914.8
1372210 914.8
1372220 915.9
1372230 917.3
1372240 917.3
1372250 920.2
1372260 924.9
1372270 924.9
1372280 929.7
1372290 932.4
1372300 932.4
1372310 934.5
1372320 936.7
1372330 936.7
1372340 939.6
1372350 942.4
1372360 942.4
1372370 945.1
1372380 948.1
1372390 948.1
1372400 951.2
1372410 954.6
1372420 954.6
1372430 958.3
1372440 961.5
1372450 961.5
1372460 964.0
1372470 966.4
1372480 969.2
1372490 972.3
1372500 975.5
1372510 975.5
1372520 978.3
1372530 981.9
1372540 981.9
1372550 986.1
1372560 990.9
1372570 994.8
1372580 994.8
1372590 997.0
1372600 997.7
1372610 997.7
1372620 997.8
1372630 997.9
1372640 997.9
1372650 1003.5
1372660 1012.9
1372670 1012.9
1372680 1020.5
1372690 1029.8
1372700 1029.8
1372710 1041.1
1372720 1053.3
1372730 1053.3
1372740 1062.9
1372750 1066.9
1372760 1066.9
1372770 1071.0
1372780 1083.9
1372790 1083.9
1372800 1093.9
1372810 1101.0
1372820 1101.0
1372830 1109.7
1372840 1118.1
1372850 1118.1
1372860 1122.6
1372870 1119.9
1372880 1119.9
1372890 1117.7
1372900 1118.3
1372910 1118.3
1372920 1118.1
1372930 1116.8
1372940 1116.8
1372950 1116.3
1372960 1114.9
1372970 1111.5
1372980 1111.5
1372990 1106.8
1373000 1108.5
1373010 1108.5
1373020 1111.8
1373030 1115.9
1373040 1115.9
1373050 1121.3
1373060 1125.7
1373070 1125.7
1373080 1129.0
1373090 1130.2
1373100 1130.2
1373110 1133.4
1373120 1136.9
1373130 1136.9
1373140 1139.2
1373150 1142.9
1373160 1142.9
1373170 1147.8
1373180 1152.4
1373190 1152.4
1373200 1157.0
1373210 1160.0
1373220 1160.0
1373230 1163.1
1373240 1168.0
1373250 1168.0
1373260 1173.0
1373270 1176.8
1373280 1176.8
1373290 1175.7
1373300 1170.7
1373310 1170.7
1373320 1166.5
1373330 1161.5
1373340 1161.5
1373350 1156.7
1373360 1152.2
1373370 1147.8
1373380 1147.8
1373390 1144.0
1373400 1141.3
1373410 1141.3
1373420 1138.6
1373430 1136.0
1373440 1136.0
1373450 1132.6
1373460 1128.2
1373470 1128.2
1373480 1123.0
1373490 1117.1
1373500 1117.1
1373510 1110.4
1373520 1106.6
1373530 1106.6
1373540 1107.6
1373550 1110.7
1373560 1110.7
1373570 1110.0
1373580 1103.2
1373590 1103.2
1373600 1100.0
1373610 1104.8
1373620 1104.8
1373630 1114.9
1373640 1118.9
1373650 1118.9
1373660 1120.3
1373670 1116.4
1373680 1116.4
1373690 1111.3
1373700 1107.5
1373710 1107.5
1373720 1105.8
1373730 1109.7
1373740 1109.7
1373750 1114.0
1373760 1117.4
1373770 1121.6
1373780 1121.6
1373790 1124.0
1373800 1127.1
1373810 1127.1
1373820 1128.7
1373830 1125.8
1373840 1125.8
1373850 1123.0
1373860 1122.4
1373870 1122.4
1373880 1124.5
1373890 1129.3
1373900 1129.3
1373910 1134.9
1373920 1141.4
1373930 1141.4
1373940 1148.6
1373950 1155.6
1373960 1155.6
1373970 1160.6
1373980 1163.2
1373990 1163.2
1374000 1163.2
1374010 1162.3
1374020 1162.3
1374030 1162.2
1374040 1163.8
1374050 1163.8
1374060 1167.9
1374070 1173.6
1374080 1173.6
1374090 1180.3
1374100 1187.1
1374110 1187.1
1374120 1189.1
1374130 1186.6
1374140 1186.6
1374150 1184.5
1374160 1183.2
1374170 1183.5
1374180 1183.5
1374190 1187.8
1374200 1195.5
1374210 1195.5
1374220 1205.3
1374230 1216.6
1374240 1216.6
1374250 1225.5
1374260 1231.1
1374270 1231.1
1374280 1236.2
1374290 1240.5
1374300 1240.5
1374310 1243.8
1374320 1246.0
1374330 1246.0
1374340 1243.7
1374350 1240.2
1374360 1240.2
1374370 1238.9
1374380 1238.6
1374390 1238.6
1374400 1240.4
1374410 1244.1
1374420 1244.1
1374430 1250.6
1374440 1257.5
1374450 1257.5
1374460 1262.7
1374470 1265.3
1374480 1265.3
1374490 1268.1
1374500 1272.3
1374510 1272.3
1374520 1277.9
1374530 1286.6
1374540 1286.6
1374550 1297.0
1374560 1307.7
1374570 1315.2
1374580 1315.2
1374590 1321.4
1374600 1327.8
1374610 1327.8
1374620 1332.8
1374630 1334.7
1374640 1334.7
1374650 1336.7
1374660 1339.6
1374670 1339.6
1374680 1342.1
1374690 1345.6
1374700 1345.6
1374710 1347.4
1374720 1349.1
1374730 1349.1
1374740 1353.0
1374750 1357.3
1374760 1357.3
1374770 1361.7
1374780 1366.0
1374790 1371.5
1374800 1376.9
1374810 1382.5
1374820 1382.5
1374830 1387.2
1374840 1392.1
1374850 1392.1
1374860 1396.7
1374870 1398.1
1374880 1398.1
1374890 1400.9
1374900 1405.8
1374910 1405.8
1374920 1409.2
1374930 1410.5
1374940 1410.5
1374950 1413.0
1374960 1416.9
1374970 1422.1
1374980 1422.1
1374990 1426.1
1375000 1428.6
1375010 1428.6
1375020 1431.8
1375030 1434.2
1375040 1434.2
1375050 1435.1
1375060 1436.4
1375070 1436.4
1375080 1438.0
1375090 1439.4
1375100 1439.4
1375110 1439.1
1375120 1437.0
1375130 1437.0
1375140 1433.8
1375150 1428.1
1375160 1428.1
1375170 1421.9
1375180 1415.8
1375190 1415.8
1375200 1410.3
1375210 1405.4
1375220 1405.4
1375230 1401.7
1375240 1396.6
1375250 1396.6
1375260 1394.1
1375270 1399.0
1375280 1399.0
1375290 1398.8
1375300 1392.7
1375310 1392.7
1375320 1386.6
1375330 1381.0
1375340 1379.3
1375350 1379.3
1375360 1381.8
1375370 1384.1
1375380 1384.1
1375390 1386.2
1375400 1390.1
1375410 1390.1
1375420 1395.2
1375430 1398.5
1375440 1398.5
1375450 1399.0
1375460 1397.8
1375470 1397.8
1375480 1393.8
1375490 1389.1
1375500 1389.1
1375510 1385.1
1375520 1379.5
1375530 1379.5
1375540 1374.4
1375550 1371.9
1375560 1371.9
1375570 1371.4
1375580 1372.4
1375590 1372.4
1375600 1371.6
1375610 1370.4
1375620 1370.4
1375630 1370.3
1375640 1369.6
1375650 1369.6
1375660 1367.9
1375670 1363.7
1375680 1363.7
1375690 1359.9
1375700 1356.0
1375710 1356.0
1375720 1348.2
1375730 1340.8
1375740 1335.2
1375750 1335.2
1375760 1328.6
1375770 1323.1
1375780 1323.1
1375790 1320.0
1375800 1315.9
1375810 1315.9
1375820 1313.3
1375830 1310.8
1375840 1310.8
1375850 1304.6
1375860 1300.4
1375870 1300.4
1375880 1296.7
1375890 1292.3
1375900 1292.3
1375910 1286.9
1375920 1283.5
1375930 1283.5
1375940 1279.1
1375950 1272.5
1375960 1273.5
1375970 1268.2
1375980 1261.4
1375990 1261.4
1376000 1253.5
1376010 1245.8
1376020 1245.8
1376030 1238.7
1376040 1232.6
1376050 1232.6
1376060 1226.4
1376070 1221.2
1376080 1221.2
1376090 1217.2
1376100 1213.1
1376110 1213.1
1376120 1208.8
1376130 1204.4
1376140 1201.7
1376150 1201.7
1376160 1199.0
1376170 1196.0
1376180 1196.0
1376190 1192.3
1376200 1187.5
1376210 1187.5
1376220 1184.1
1376230 1183.5
1376240 1183.5
1376250 1183.4
1376260 1183.7
1376270 1183.7
1376280 1183.4
1376290 1184.3
1376300 1184.3
1376310 1183.5
1376320 1181.5
1376330 1181.5
1376340 1175.7
1376350 1168.8
1376360 1168.8
1376370 1164.8
1376380 1161.8
1376390 1161.8
1376400 1156.5
1376410 1150.0
1376420 1150.0
1376430 1146.0
1376440 1145.5
1376450 1145.5
1376460 1144.4
1376470 1143.0
1376480 1143.0
1376490 1142.1
1376500 1139.9
1376510 1139.9
1376520 1135.7
1376530 1130.1
1376540 1125.0
1376550 1125.0
1376560 1119.9
1376570 1114.3
1376580 1114.3
1376590 1108.3
1376600 1102.2
1376610 1102.2
1376620 1098.2
1376630 1094.3
1376640 1094.3
1376650 1091.2
1376660 1086.7
1376670 1086.7
1376680 1081.2
1376690 1077.6
1376700 1077.6
1376710 1075.3
1376720 1073.7
1376730 1073.7
1376740 1071.0
1376750 1067.1
1376760 1067.1
1376770 1064.3
1376780 1060.2
1376790 1060.2
1376800 1052.5
1376810 1044.9
1376820 1044.9
1376830 1039.2
1376840 1034.0
1376850 1034.0
1376860 1030.2
1376870 1028.2
1376880 1028.2
1376890 1024.6
1376900 1018.8
1376910 1018.8
1376920 1012.1
1376930 1005.7
1376940 1001.4
1376950 1001.4
1376960 998.2
1376970 994.0
1376980 994.0
1376990 989.6
1377000 985.4
1377010 985.4
1377020 980.8
1377030 976.1
1377040 976.1
1377050 972.7
1377060 969.6
1377070 969.6
1377080 966.3
1377090 963.3
1377100 963.3
1377110 960.4
1377120 958.0
1377130 958.0
1377140 957.0
1377150 949.8
1377160 949.8
1377170 943.7
1377180 938.6
1377190 938.6
1377200 934.1
1377210 930.0
1377220 930.0
1377230 926.7
1377240 925.4
1377250 925.4
1377260 926.4
1377270 926.5
1377280 926.5
1377290 925.6
1377300 925.7
1377310 925.7
1377320 925.7
1377330 923.1
1377340 920.1
1377350 920.1
1377360 915.4
1377370 909.0
1377380 909.0
1377390 903.0
1377400 894.0
1377410 894.0
1377420 883.7
1377430 875.5
1377440 875.5
1377450 868.3
1377460 862.0
1377470 862.0
1377480 857.1
1377490 851.3
1377500 851.3
1377510 846.0
1377520 842.1
1377530 842.1
1377540 838.6
1377550 835.8
1377560 835.8
1377570 833.9
1377580 830.9
1377590 830.9
1377600 823.9
1377610 816.2
1377620 816.2
1377630 809.9
1377640 804.5
1377650 804.5
1377660 799.9
1377670 795.9
1377680 795.9
1377690 792.0
1377700 788.1
1377710 784.6
1377720 784.6
1377730 779.6
1377740 774.5
1377750 774.5
1377760 768.7
1377770 759.4
1377780 759.4
1377790 748.4
1377800 739.7
1377810 739.7
1377820 732.2
1377830 725.0
1377840 725.0
1377850 718.3
1377860 711.7
1377870 711.7
1377880 705.2
1377890 699.1
1377900 699.1
1377910 693.4
1377920 688.0
1377930 688.0
1377940 683.1
1377950 678.5
1377960 678.5
1377970 674.6
1377980 671.2
1377990 671.2
1378000 667.5
1378010 665.2
1378020 665.2
1378030 663.0
1378040 661.0
1378050 661.0
1378060 659.2
1378070 657.8
1378080 657.8
1378090 657.0
1378100 656.3
1378110 655.6
1378120 655.6
1378130 654.7
1378140 653.5
1378150 653.5
1378160 654.0
1378170 653.9
1378180 653.9
1378190 653.8
1378200 653.7
1378210 653.7
1378220 653.7
1378230 653.8
1378240 653.8
1378250 653.8
1378260 652.4
1378270 652.4
1378280 653.2
1378290 654.0
1378300 654.0
1378310 654.0
1378320 654.3
1378330 654.3
1378340 654.5
1378350 654.5
1378360 654.5
1378370 654.4
1378380 654.1
1378390 654.1
1378400 653.9
1378410 653.8
1378420 653.8
1378430 653.7
1378440 653.6
1378450 653.6
1378460 653.6
1378470 653.5
1378480 653.5
1378490 653.6
1378500 653.6
1378510 653.6
1378520 653.6
1378530 653.6
1378540 653.6
1378550 653.6
1378560 653.5
1378570 653.4
1378580 653.4
1378590 653.4
1378600 653.4
1378610 653.4
1378620 653.3
1378630 653.2
1378640 653.2
1378650 653.3
1378660 653.1
1378670 653.1
1378680 652.8
1378690 652.4
1378700 652.4
1378710 652.5
1378720 653.1
1378730 653.1
1378740 653.4
1378750 653.6
1378760 653.6
1378770 653.8
1378780 653.8
1378790 653.8
1378800 653.6
1378810 653.5
1378820 653.5
1378830 653.3
1378840 653.2
1378850 653.2
1378860 653.0
1378870 652.8
1378880 652.8
1378890 652.7
1378900 652.8
1378910 653.7
1378920 653.7
1378930 655.6
1378940 659.0
1378950 659.0
1378960 662.9
1378970 666.8
1378980 666.8
1378990 670.9
1379000 674.9
1379010 674.9
1379020 680.1
1379030 685.4
1379040 685.4
1379050 690.5
1379060 695.0
1379070 695.0
1379080 699.7
1379090 705.2
1379100 705.2
1379110 710.3
1379120 716.3
1379130 716.3
1379140 722.0
1379150 727.8
1379160 727.8
1379170 733.4
1379180 740.1
1379190 740.1
1379200 746.3
1379210 756.7
1379220 756.7
1379230 772.2
1379240 783.8
1379250 783.8
1379260 790.8
1379270 797.3
1379280 797.3
1379290 805.6
1379300 823.1
1379310 835.9
1379320 835.9
1379330 845.4
1379340 856.8
1379350 856.8
1379360 867.7
1379370 880.3
1379380 880.3
1379390 894.1
1379400 909.7
1379410 909.7
1379420 920.3
1379430 926.5
1379440 926.5
1379450 933.9
1379460 941.7
1379470 941.7
1379480 948.1
1379490 951.4
1379500 951.4
1379510 953.9
1379520 957.3
1379530 957.3
1379540 960.6
1379550 964.6
1379560 969.5
1379570 973.0
1379580 975.6
1379590 975.6
1379600 980.8
1379610 982.3
1379620 982.3
1379630 979.9
1379640 977.4
1379650 977.4
1379660 976.6
1379670 977.6
1379680 977.6
1379690 979.1
1379700 977.2
1379710 971.5
1379720 971.5
1379730 966.6
1379740 964.7
1379750 964.7
1379760 964.4
1379770 964.1
1379780 964.1
1379790 962.8
1379800 961.1
1379810 961.1
1379820 959.6
1379830 958.4
1379840 958.4
1379850 958.2
1379860 958.6
1379870 958.6
1379880 959.3
1379890 960.2
1379900 960.2
1379910 961.0
1379920 961.8
1379930 961.8
1379940 962.6
1379950 963.8
1379960 963.8
1379970 965.2
1379980 966.2
1379990 966.2
