1360000 472.5
1360010 472.5
1360020 472.4
1360030 472.4
1360040 472.6
1360050 472.6
1360060 472.7
1360070 472.7
1360080 472.7
1360090 472.6
1360100 471.4
1360110 471.4
1360120 472.0
1360130 473.1
1360140 473.1
1360150 473.8
1360160 474.3
1360170 474.3
1360180 474.6
1360190 474.9
1360200 474.9
1360210 475.1
1360220 475.0
1360230 475.0
1360240 475.1
1360250 475.2
1360260 475.2
1360270 475.3
1360280 475.3
1360290 475.3
1360300 475.2
1360310 475.1
1360320 475.1
1360330 475.1
1360340 475.2
1360350 475.2
1360360 475.3
1360370 475.3
1360380 475.3
1360390 475.1
1360400 474.8
1360410 474.8
1360420 474.5
1360430 474.4
1360440 474.8
1360450 474.8
1360460 474.7
1360470 474.6
1360480 474.6
1360490 474.6
1360500 475.1
1360510 475.1
1360520 475.6
1360530 476.4
1360540 476.4
1360550 477.2
1360560 477.1
1360570 477.1
1360580 476.8
1360590 476.6
1360600 476.6
1360610 477.4
1360620 478.8
1360630 478.8
1360640 479.5
1360650 479.9
1360660 479.9
1360670 480.5
1360680 481.1
1360690 481.1
1360700 481.9
1360710 484.1
1360720 484.1
1360730 490.4
1360740 496.1
1360750 496.1
1360760 497.1
1360770 497.1
1360780 497.1
1360790 496.6
1360800 496.6
1360810 496.6
1360820 497.3
1360830 498.1
1360840 498.9
1360850 498.9
1360860 499.9
1360870 500.9
1360880 500.9
1360890 501.8
1360900 502.6
1360910 502.6
1360920 503.6
1360930 504.5
1360940 504.5
1360950 505.3
1360960 506.3
1360970 506.3
1360980 507.3
1360990 508.1
1361000 508.1
1361010 508.8
1361020 509.6
1361030 509.6
1361040 510.5
1361050 511.3
1361060 511.3
1361070 512.0
1361080 512.8
1361090 512.8
1361100 513.6
1361110 514.9
1361120 514.9
1361130 516.6
1361140 517.8
1361150 517.8
1361160 518.8
1361170 520.1
1361180 520.1
1361190 521.4
1361200 522.6
1361210 522.6
1361220 523.8
1361230 525.1
1361240 526.3
1361250 526.3
1361260 527.5
1361270 528.6
1361280 528.6
1361290 530.0
1361300 531.7
1361310 531.7
1361320 533.0
1361330 534.5
1361340 534.5
1361350 536.0
1361360 537.2
1361370 537.2
1361380 538.5
1361390 540.0
1361400 540.0
1361410 541.5
1361420 542.7
1361430 542.7
1361440 543.8
1361450 545.1
1361460 545.1
1361470 546.6
1361480 547.4
1361490 547.4
1361500 547.9
1361510 549.0
1361520 549.0
1361530 550.0
1361540 551.4
1361550 551.4
1361560 553.9
1361570 558.1
1361580 558.1
1361590 562.5
1361600 566.1
1361610 566.1
1361620 568.5
1361630 569.4
1361640 571.7
1361650 571.7
1361660 575.8
1361670 580.6
1361680 580.6
1361690 584.3
1361700 585.6
1361710 585.6
1361720 585.3
1361730 584.8
1361740 584.8
1361750 585.0
1361760 586.9
1361770 586.9
1361780 589.8
1361790 590.9
1361800 590.9
1361810 590.7
1361820 591.9
1361830 591.9
1361840 593.4
1361850 594.0
1361860 594.0
1361870 593.8
1361880 594.3
1361890 594.3
1361900 595.6
1361910 597.1
1361920 597.1
1361930 598.6
1361940 600.0
1361950 600.0
1361960 602.2
1361970 604.3
1361980 604.3
1361990 606.0
1362000 607.8
1362010 607.8
1362020 609.5
1362030 611.5
1362040 613.3
1362050 613.3
1362060 615.1
1362070 616.8
1362080 616.8
1362090 618.2
1362100 619.7
1362110 619.7
1362120 621.1
1362130 622.9
1362140 622.9
1362150 624.9
1362160 626.6
1362170 626.6
1362180 628.3
1362190 630.0
1362200 630.0
1362210 631.9
1362220 634.0
1362230 634.0
1362240 635.9
1362250 637.7
1362260 637.7
1362270 639.9
1362280 641.5
1362290 641.5
1362300 643.6
1362310 646.1
1362320 646.1
1362330 648.4
1362340 650.0
1362350 650.0
1362360 651.6
1362370 653.5
1362380 653.5
1362390 655.3
1362400 656.9
1362410 656.9
1362420 658.4
1362430 660.0
1362440 661.7
1362450 661.7
1362460 663.6
1362470 665.5
1362480 665.5
1362490 667.5
1362500 669.6
1362510 669.6
1362520 672.6
1362530 674.1
1362540 674.1
1362550 675.5
1362560 677.0
1362570 677.0
1362580 678.9
1362590 680.7
1362600 680.7
1362610 682.9
1362620 685.1
1362630 685.1
1362640 687.3
1362650 688.9
1362660 688.9
1362670 690.5
1362680 692.3
1362690 692.3
1362700 693.1
1362710 695.1
1362720 695.1
1362730 697.8
1362740 701.3
1362750 701.3
1362760 704.6
1362770 708.2
1362780 708.2
1362790 710.8
1362800 712.5
1362810 712.5
1362820 713.5
1362830 714.7
1362840 714.7
1362850 715.3
1362860 716.2
1362870 718.0
1362880 718.0
1362890 720.2
1362900 722.6
1362910 722.6
1362920 724.8
1362930 727.1
1362940 727.1
1362950 728.7
1362960 730.3
1362970 730.3
1362980 731.9
1362990 733.0
1363000 733.0
1363010 734.5
1363020 738.4
1363030 738.4
1363040 744.3
1363050 748.2
1363060 748.2
1363070 749.1
1363080 749.2
1363090 749.2
1363100 750.3
1363110 752.9
1363120 752.9
1363130 757.0
1363140 762.3
1363150 762.3
1363160 767.6
1363170 772.9
1363180 772.9
1363190 777.5
1363200 779.3
1363210 779.3
1363220 777.1
1363230 776.4
1363240 776.4
1363250 773.4
1363260 768.3
1363270 765.3
1363280 765.3
1363290 768.9
1363300 775.4
1363310 775.4
1363320 783.8
1363330 793.0
1363340 793.0
1363350 798.7
1363360 802.2
1363370 802.2
1363380 802.5
1363390 802.5
1363400 802.5
1363410 803.7
1363420 804.6
1363430 804.6
1363440 805.6
1363450 806.1
1363460 806.1
1363470 809.9
1363480 814.7
1363490 814.7
1363500 819.8
1363510 825.1
1363520 825.1
1363530 830.2
1363540 835.6
1363550 835.6
1363560 840.6
1363570 845.6
1363580 843.6
1363590 848.4
1363600 853.3
1363610 853.3
1363620 858.7
1363630 863.8
1363640 863.8
1363650 868.8
1363660 872.0
1363670 874.1
1363680 874.1
1363690 875.7
1363700 877.1
1363710 877.1
1363720 877.9
1363730 879.4
1363740 879.4
1363750 880.3
1363760 880.5
1363770 880.5
1363780 882.3
1363790 886.7
1363800 886.7
1363810 889.6
1363820 891.4
1363830 891.4
1363840 892.4
1363850 892.3
1363860 892.3
1363870 891.6
1363880 890.6
1363890 890.6
1363900 890.4
1363910 891.7
1363920 891.7
1363930 893.6
1363940 895.7
1363950 895.7
1363960 897.2
1363970 899.9
1363980 899.9
1363990 904.4
1364000 909.0
1364010 909.0
1364020 913.3
1364030 920.6
1364040 920.6
1364050 929.5
1364060 937.2
1364070 944.0
1364080 944.0
1364090 949.6
1364100 953.7
1364110 953.7
1364120 956.3
1364130 958.2
1364140 958.2
1364150 960.2
1364160 961.9
1364170 961.9
1364180 964.1
1364190 965.8
1364200 965.8
1364210 967.9
1364220 970.1
1364230 970.1
1364240 972.9
1364250 976.3
1364260 976.3
1364270 979.6
1364280 982.0
1364290 982.0
1364300 983.7
1364310 985.9
1364320 985.9
1364330 988.0
1364340 991.1
1364350 991.1
1364360 995.2
1364370 1000.1
1364380 1000.1
1364390 1004.4
1364400 1007.8
1364410 1007.8
1364420 1010.1
1364430 1013.1
1364440 1013.1
1364450 1017.3
1364460 1021.6
1364470 1025.3
1364480 1025.3
1364490 1029.9
1364500 1035.0
1364510 1035.0
1364520 1039.4
1364530 1042.4
1364540 1042.4
1364550 1044.7
1364560 1045.7
1364570 1045.7
1364580 1045.1
1364590 1045.7
1364600 1045.7
1364610 1046.8
1364620 1046.2
1364630 1046.2
1364640 1049.7
1364650 1049.2
1364660 1049.2
1364670 1048.8
1364680 1051.0
1364690 1051.0
1364700 1053.5
1364710 1054.9
1364720 1054.9
1364730 1056.0
1364740 1056.6
1364750 1056.6
1364760 1058.4
1364770 1059.7
1364780 1059.7
1364790 1061.4
1364800 1063.8
1364810 1063.8
1364820 1066.0
1364830 1069.2
1364840 1069.2
1364850 1071.2
1364860 1070.8
1364870 1069.3
1364880 1069.3
1364890 1068.2
1364900 1068.1
1364910 1068.1
1364920 1067.2
1364930 1066.1
1364940 1066.1
1364950 1065.8
1364960 1065.5
1364970 1065.5
1364980 1064.7
1364990 1064.1
1365000 1064.1
1365010 1063.6
1365020 1064.9
1365030 1064.9
1365040 1066.1
1365050 1066.3
1365060 1066.3
1365070 1066.0
1365080 1065.8
1365090 1065.8
1365100 1065.7
1365110 1065.3
1365120 1065.3
1365130 1064.8
1365140 1064.2
1365150 1064.2
1365160 1063.3
1365170 1063.1
1365180 1063.1
1365190 1063.8
1365200 1065.1
1365210 1065.1
1365220 1067.4
1365230 1070.3
1365240 1070.3
1365250 1073.0
1365260 1074.5
1365270 1072.8
1365280 1072.8
1365290 1069.1
1365300 1067.4
1365310 1067.4
1365320 1071.1
1365330 1076.7
1365340 1076.7
1365350 1080.9
1365360 1082.9
1365370 1082.9
1365380 1084.3
1365390 1085.9
1365400 1085.9
1365410 1087.7
1365420 1089.4
1365430 1089.4
1365440 1090.8
1365450 1092.4
1365460 1092.4
1365470 1094.2
1365480 1096.3
1365490 1096.3
1365500 1098.3
1365510 1099.2
1365520 1099.2
1365530 1098.3
1365540 1095.0
1365550 1095.0
1365560 1092.1
1365570 1091.5
1365580 1091.5
1365590 1095.4
1365600 1100.1
1365610 1100.1
1365620 1104.5
1365630 1108.1
1365640 1108.1
1365650 1110.7
1365660 1113.0
1365670 1114.8
1365680 1114.8
1365690 1116.6
1365700 1118.2
1365710 1120.9
1365720 1122.1
1365730 1123.6
1365740 1123.6
1365750 1125.2
1365760 1126.8
1365770 1126.8
1365780 1127.9
1365790 1128.9
1365800 1128.9
1365810 1130.1
1365820 1131.0
1365830 1131.0
1365840 1132.3
1365850 1134.1
1365860 1134.1
1365870 1135.7
1365880 1137.4
1365890 1137.4
1365900 1139.0
1365910 1140.3
1365920 1140.3
1365930 1141.2
1365940 1141.6
1365950 1141.6
1365960 1141.5
1365970 1141.0
1365980 1141.0
1365990 1140.8
1366000 1140.3
1366010 1140.3
1366020 1139.5
1366030 1139.2
1366040 1139.2
1366050 1138.8
1366060 1135.8
1366070 1130.2
1366080 1130.2
1366090 1123.9
1366100 1116.4
1366110 1116.4
1366120 1106.9
1366130 1096.7
1366140 1096.7
1366150 1088.7
1366160 1080.7
1366170 1080.7
1366180 1072.9
1366190 1064.8
1366200 1064.8
1366210 1055.3
1366220 1046.8
1366230 1046.8
1366240 1040.7
1366250 1035.1
1366260 1035.1
1366270 1028.8
1366280 1022.1
1366290 1022.1
1366300 1015.7
1366310 1008.6
1366320 1008.6
1366330 1001.7
1366340 996.0
1366350 996.0
1366360 991.0
1366370 986.9
1366380 986.9
1366390 982.6
1366400 979.6
1366410 979.6
1366420 978.1
1366430 977.1
1366440 977.1
1366450 976.3
1366460 975.0
1366470 975.0
1366480 972.8
1366490 970.3
1366500 967.3
1366510 967.3
1366520 965.4
1366530 964.6
1366540 964.6
1366550 964.2
1366560 964.0
1366570 964.0
1366580 962.4
1366590 961.3
1366600 961.3
1366610 961.5
1366620 961.0
1366630 961.0
1366640 960.3
1366650 959.4
1366660 959.4
1366670 959.6
1366680 960.4
1366690 960.4
1366700 961.7
1366710 963.2
1366720 963.2
1366730 965.2
1366740 967.8
1366750 967.8
1366760 969.1
1366770 967.4
1366780 967.4
1366790 965.6
1366800 969.3
1366810 969.3
1366820 973.3
1366830 977.2
1366840 977.2
1366850 982.9
1366860 988.4
1366870 988.4
1366880 992.0
1366890 995.2
1366900 1000.0
1366910 1000.0
1366920 1004.4
1366930 1007.3
1366940 1007.3
1366950 1007.1
1366960 1005.3
1366970 1005.3
1366980 1005.6
1366990 1008.0
1367000 1008.0
1367010 1010.6
1367020 1014.1
1367030 1014.1
1367040 1018.1
1367050 1019.9
1367060 1019.9
1367070 1021.9
1367080 1022.7
1367090 1022.7
1367100 1023.7
1367110 1024.9
1367120 1024.9
1367130 1025.4
1367140 1025.4
1367150 1025.4
1367160 1025.4
1367170 1025.7
1367180 1025.7
1367190 1026.8
1367200 1028.9
1367210 1028.9
1367220 1032.4
1367230 1037.2
1367240 1037.2
1367250 1041.4
1367260 1042.9
1367270 1042.9
1367280 1045.7
1367290 1048.7
1367300 1051.4
1367310 1051.4
1367320 1053.8
1367330 1056.4
1367340 1056.4
1367350 1058.5
1367360 1060.3
1367370 1060.3
1367380 1061.9
1367390 1063.4
1367400 1063.4
1367410 1065.1
1367420 1066.2
1367430 1066.2
1367440 1066.9
1367450 1067.8
1367460 1067.8
1367470 1068.9
1367480 1069.5
1367490 1069.5
1367500 1069.9
1367510 1071.2
1367520 1071.2
1367530 1073.0
1367540 1074.8
1367550 1074.8
1367560 1076.3
1367570 1076.7
1367580 1076.7
1367590 1068.5
1367600 1059.6
1367610 1059.6
1367620 1053.0
1367630 1047.9
1367640 1047.9
1367650 1044.3
1367660 1039.1
1367670 1039.1
1367680 1029.7
1367690 1021.2
1367700 1016.5
1367710 1016.5
1367720 1012.3
1367730 1007.4
1367740 1007.4
1367750 1002.5
1367760 998.1
1367770 998.1
1367780 994.0
1367790 990.7
1367800 990.7
1367810 988.0
1367820 985.2
1367830 985.2
1367840 982.5
1367850 980.4
1367860 980.4
1367870 978.9
1367880 977.4
1367890 983.8
1367900 982.7
1367910 981.7
1367920 981.7
1367930 980.1
1367940 978.6
1367950 978.6
1367960 976.1
1367970 972.5
1367980 972.5
1367990 968.0
1368000 963.7
1368010 963.7
1368020 960.9
1368030 959.2
1368040 959.2
1368050 956.1
1368060 956.3
1368070 956.3
1368080 957.2
1368090 954.3
1368100 946.6
1368110 946.6
1368120 936.5
1368130 928.2
1368140 928.2
1368150 921.1
1368160 915.6
1368170 915.6
1368180 910.1
1368190 904.2
1368200 904.2
1368210 897.7
1368220 891.2
1368230 891.2
1368240 884.7
1368250 878.3
1368260 878.3
1368270 871.9
1368280 865.5
1368290 865.5
1368300 859.7
1368310 854.7
1368320 854.7
1368330 851.7
1368340 850.1
1368350 850.1
1368360 849.2
1368370 848.4
1368380 848.4
1368390 847.4
1368400 846.7
1368410 846.7
1368420 846.5
1368430 846.1
1368440 846.1
1368450 845.3
1368460 844.7
1368470 844.7
1368480 844.0
1368490 843.5
1368500 843.5
1368510 843.5
1368520 843.8
1368530 844.2
1368540 844.2
1368550 844.1
1368560 843.8
1368570 843.8
1368580 844.0
1368590 843.3
1368600 843.3
1368610 843.8
1368620 845.2
1368630 845.2
1368640 847.0
1368650 849.3
1368660 849.3
1368670 851.0
1368680 852.6
1368690 852.6
1368700 854.4
1368710 856.3
1368720 856.3
1368730 858.1
1368740 859.8
1368750 859.8
1368760 861.3
1368770 863.2
1368780 863.2
1368790 865.3
1368800 867.1
1368810 867.1
1368820 868.9
1368830 870.9
1368840 870.9
1368850 873.3
1368860 875.6
1368870 875.6
1368880 878.5
1368890 881.1
1368900 882.7
1368910 882.7
1368920 884.9
1368930 887.9
1368940 887.9
1368950 890.8
1368960 893.8
1368970 893.8
1368980 896.3
1368990 899.4
1369000 899.4
1369010 902.7
1369020 906.1
1369030 906.1
1369040 910.9
1369050 916.4
1369060 916.4
1369070 921.5
1369080 926.6
1369090 926.6
1369100 931.7
1369110 936.8
1369120 936.8
1369130 940.8
1369140 944.4
1369150 944.4
1369160 948.8
1369170 953.6
1369180 953.6
1369190 957.5
1369200 961.7
1369210 961.7
1369220 965.6
1369230 968.7
1369240 968.7
1369250 972.3
1369260 976.0
1369270 976.0
1369280 980.0
1369290 985.5
1369300 992.5
1369310 992.5
1369320 997.4
1369330 1001.7
1369340 1001.7
1369350 1005.9
1369360 1009.8
1369370 1009.8
1369380 1013.7
1369390 1017.4
1369400 1017.4
1369410 1021.2
1369420 1025.7
1369430 1025.7
1369440 1030.6
1369450 1035.3
1369460 1035.3
1369470 1040.1
1369480 1045.4
1369490 1045.4
1369500 1051.1
1369510 1056.9
1369520 1056.9
1369530 1063.4
1369540 1070.0
1369550 1070.0
1369560 1076.8
1369570 1083.7
1369580 1083.7
1369590 1090.6
1369600 1097.5
1369610 1097.5
1369620 1104.5
1369630 1111.8
1369640 1111.8
1369650 1119.6
1369660 1127.4
1369670 1127.4
1369680 1134.9
1369690 1143.5
1369700 1154.1
1369710 1154.1
1369720 1168.4
1369730 1176.3
1369740 1176.3
1369750 1181.7
1369760 1187.8
1369770 1187.8
1369780 1193.1
1369790 1197.3
1369800 1197.3
1369810 1200.6
1369820 1203.6
1369830 1203.6
1369840 1206.6
1369850 1209.9
1369860 1209.9
1369870 1212.9
1369880 1214.9
1369890 1214.9
1369900 1217.1
1369910 1218.6
1369920 1218.6
1369930 1220.0
1369940 1221.0
1369950 1221.0
1369960 1221.4
1369970 1221.8
1369980 1221.8
1369990 1222.2
1370000 1222.5
1370010 1222.5
1370020 1222.6
1370030 1222.7
1370040 1222.7
1370050 1222.8
1370060 1223.2
1370070 1223.2
1370080 1222.7
1370090 1221.2
1370100 1227.7
1370110 1227.7
1370120 1225.0
1370130 1222.1
1370140 1222.1
1370150 1218.8
1370160 1216.6
1370170 1216.6
1370180 1215.9
1370190 1215.5
1370200 1215.5
1370210 1214.5
1370220 1213.2
1370230 1213.2
1370240 1212.2
1370250 1210.9
1370260 1210.9
1370270 1209.1
1370280 1206.1
1370290 1206.1
1370300 1203.5
1370310 1201.3
1370320 1201.3
1370330 1199.1
1370340 1196.6
1370350 1196.6
1370360 1194.5
1370370 1193.1
1370380 1193.1
1370390 1191.2
1370400 1189.9
1370410 1189.9
1370420 1189.3
1370430 1189.0
1370440 1189.0
1370450 1189.1
1370460 1188.6
1370470 1188.6
1370480 1187.1
1370490 1183.6
1370500 1183.6
1370510 1178.7
1370520 1174.3
1370530 1170.3
1370540 1170.3
1370550 1167.4
1370560 1165.9
1370570 1165.9
1370580 1164.5
1370590 1162.9
1370600 1162.9
1370610 1161.9
1370620 1161.9
1370630 1161.9
1370640 1161.1
1370650 1160.1
1370660 1160.1
1370670 1159.5
1370680 1158.8
1370690 1158.8
1370700 1158.3
1370710 1157.7
1370720 1157.7
1370730 1157.0
1370740 1155.9
1370750 1155.9
1370760 1154.3
1370770 1152.5
1370780 1152.5
1370790 1150.2
1370800 1148.2
1370810 1148.2
1370820 1146.4
1370830 1144.5
1370840 1144.5
1370850 1142.0
1370860 1139.8
1370870 1139.8
1370880 1138.6
1370890 1138.4
1370900 1138.4
1370910 1136.7
1370920 1135.1
1370930 1136.7
1370940 1136.7
1370950 1137.6
1370960 1136.3
1370970 1136.3
1370980 1132.1
1370990 1126.0
1371000 1126.0
1371010 1118.5
1371020 1111.4
1371030 1111.4
1371040 1107.5
1371050 1105.8
1371060 1105.8
1371070 1103.8
1371080 1102.2
1371090 1102.2
1371100 1100.4
1371110 1098.5
1371120 1098.5
1371130 1096.8
1371140 1095.1
1371150 1095.1
1371160 1093.5
1371170 1091.3
1371180 1091.3
1371190 1090.2
1371200 1089.9
1371210 1089.9
1371220 1088.6
1371230 1091.4
1371240 1091.4
1371250 1088.6
1371260 1084.9
1371270 1084.9
1371280 1080.6
1371290 1076.4
1371300 1076.4
1371310 1072.6
1371320 1069.3
1371330 1066.7
1371340 1066.7
1371350 1064.7
1371360 1063.1
1371370 1063.1
1371380 1060.8
1371390 1056.8
1371400 1056.8
1371410 1049.9
1371420 1041.1
1371430 1041.1
1371440 1032.7
1371450 1026.3
1371460 1026.3
1371470 1026.5
1371480 1030.6
1371490 1030.6
1371500 1036.2
1371510 1039.4
1371520 1039.4
1371530 1038.4
1371540 1037.1
1371550 1037.1
1371560 1036.0
1371570 1034.8
1371580 1034.8
1371590 1033.8
1371600 1032.9
1371610 1032.9
1371620 1032.2
1371630 1031.9
1371640 1031.9
1371650 1031.4
1371660 1030.8
1371670 1030.8
1371680 1030.3
1371690 1029.6
1371700 1029.6
1371710 1028.4
1371720 1027.6
1371730 1027.1
1371740 1027.1
1371750 1026.3
1371760 1025.5
1371770 1025.5
1371780 1024.9
1371790 1024.5
1371800 1024.5
1371810 1024.1
1371820 1023.7
1371830 1023.7
1371840 1023.2
1371850 1022.9
1371860 1022.9
1371870 1022.3
1371880 1021.8
1371890 1021.8
1371900 1021.5
1371910 1021.2
1371920 1021.2
1371930 1021.0
1371940 1020.9
1371950 1020.9
1371960 1020.8
1371970 1020.2
1371980 1020.2
1371990 1019.2
1372000 1018.2
1372010 1018.2
1372020 1018.1
1372030 1017.1
1372040 1017.1
1372050 1014.7
1372060 1012.5
1372070 1012.5
1372080 1011.4
1372090 1010.4
1372100 1010.4
1372110 1009.1
1372120 1006.3
1372130 1001.3
1372140 1001.3
1372150 997.8
1372160 995.3
1372170 995.3
1372180 993.5
1372190 992.0
1372200 992.0
1372210 991.2
1372220 991.2
1372230 991.2
1372240 991.3
1372250 992.6
1372260 992.6
1372270 994.8
1372280 996.9
1372290 996.9
1372300 999.4
1372310 1002.6
1372320 1002.6
1372330 1006.5
1372340 1010.5
1372350 1010.5
1372360 1010.2
1372370 1014.5
1372380 1014.5
1372390 1018.3
1372400 1021.6
1372410 1021.6
1372420 1024.1
1372430 1026.6
1372440 1026.6
1372450 1028.9
1372460 1031.4
1372470 1031.4
1372480 1033.9
1372490 1036.7
1372500 1036.7
1372510 1039.7
1372520 1042.0
1372530 1043.9
1372540 1043.9
1372550 1045.6
1372560 1048.1
1372570 1048.1
1372580 1051.0
1372590 1052.2
1372600 1052.2
1372610 1051.2
1372620 1052.8
1372630 1052.8
1372640 1055.4
1372650 1056.3
1372660 1056.3
1372670 1055.9
1372680 1055.8
1372690 1055.8
1372700 1055.0
1372710 1056.7
1372720 1056.7
1372730 1059.9
1372740 1063.4
1372750 1063.4
1372760 1067.5
1372770 1071.7
1372780 1071.7
1372790 1075.6
1372800 1078.6
1372810 1078.6
1372820 1080.5
1372830 1081.1
1372840 1081.1
1372850 1080.4
1372860 1080.0
1372870 1080.0
1372880 1079.9
1372890 1079.5
1372900 1079.5
1372910 1078.9
1372920 1077.5
1372930 1074.8
1372940 1074.8
1372950 1069.5
1372960 1062.1
1372970 1062.1
1372980 1055.6
1372990 1049.0
1373000 1049.0
1373010 1042.6
1373020 1036.8
1373030 1036.8
1373040 1031.1
1373050 1025.4
1373060 1025.4
1373070 1019.9
1373080 1012.0
1373090 1012.0
1373100 998.6
1373110 986.1
1373120 986.1
1373130 976.8
1373140 968.7
1373150 968.7
1373160 960.7
1373170 952.9
1373180 952.9
1373190 945.3
1373200 937.8
1373210 937.8
1373220 930.7
1373230 923.8
1373240 923.8
1373250 917.3
1373260 911.6
1373270 911.6
1373280 906.1
1373290 901.5
1373300 901.5
1373310 897.7
1373320 894.5
1373330 891.3
1373340 891.3
1373350 888.2
1373360 885.2
1373370 885.2
1373380 882.7
1373390 880.7
1373400 880.7
1373410 878.9
1373420 877.1
1373430 877.1
1373440 875.2
1373450 873.4
1373460 873.4
1373470 871.4
1373480 869.3
1373490 869.3
1373500 867.3
1373510 864.4
1373520 864.4
1373530 863.1
1373540 861.3
1373550 861.3
1373560 859.4
1373570 857.4
1373580 857.4
1373590 855.6
1373600 853.7
1373610 853.7
1373620 851.9
1373630 850.3
1373640 850.3
1373650 849.1
1373660 848.5
1373670 848.5
1373680 847.9
1373690 847.3
1373700 847.3
1373710 846.1
1373720 845.0
1373730 844.2
1373740 844.2
1373750 842.2
1373760 841.4
1373770 841.4
1373780 839.1
1373790 834.0
1373800 834.0
1373810 830.5
1373820 828.5
1373830 828.5
1373840 824.2
1373850 821.3
1373860 821.3
1373870 819.3
1373880 816.6
1373890 816.6
1373900 810.7
1373910 806.8
1373920 806.8
1373930 804.4
1373940 802.7
1373950 802.7
1373960 802.3
1373970 802.3
1373980 802.3
1373990 802.8
1374000 801.7
1374010 801.7
1374020 799.6
1374030 798.0
1374040 798.0
1374050 797.3
1374060 799.4
1374070 799.4
1374080 802.4
1374090 805.9
1374100 805.9
1374110 808.6
1374120 810.6
1374130 810.6
1374140 811.4
1374150 812.4
1374160 814.7
1374170 814.7
1374180 815.7
1374190 814.6
1374200 814.6
1374210 815.3
1374220 816.8
1374230 816.8
1374240 818.1
1374250 820.2
1374260 820.2
1374270 825.0
1374280 827.6
1374290 827.6
1374300 828.0
1374310 829.2
1374320 829.2
1374330 830.6
1374340 830.9
1374350 830.9
1374360 830.6
1374370 829.3
1374380 829.3
1374390 826.6
1374400 825.7
1374410 825.7
1374420 827.1
1374430 828.0
1374440 828.0
1374450 828.6
1374460 830.2
1374470 830.2
1374480 833.1
1374490 836.5
1374500 836.5
1374510 839.5
1374520 842.3
1374530 842.3
1374540 845.5
1374550 850.2
1374560 853.6
1374570 853.6
1374580 847.7
1374590 844.2
1374600 844.2
1374610 844.0
1374620 842.0
1374630 842.0
1374640 843.6
1374650 851.2
1374660 851.2
1374670 858.3
1374680 865.1
1374690 865.1
1374700 870.7
1374710 871.0
1374720 871.0
1374730 872.5
1374740 874.7
1374750 874.7
1374760 876.7
1374770 878.6
1374780 878.6
1374790 881.0
1374800 884.2
1374810 884.2
1374820 887.1
1374830 889.1
1374840 889.1
1374850 891.1
1374860 893.5
1374870 893.5
1374880 895.5
1374890 896.9
1374900 896.9
1374910 897.8
1374920 899.1
1374930 899.1
1374940 901.8
1374950 904.5
1374960 907.0
1374970 907.0
1374980 909.4
1374990 911.0
1375000 911.0
1375010 911.9
1375020 911.8
1375030 911.8
1375040 910.8
1375050 909.4
1375060 909.4
1375070 908.2
1375080 907.2
1375090 907.2
1375100 906.2
1375110 905.2
1375120 905.2
1375130 904.0
1375140 902.8
1375150 902.8
1375160 902.3
1375170 901.8
1375180 901.8
1375190 901.1
1375200 900.7
1375210 900.7
1375220 900.4
1375230 900.3
1375240 900.3
1375250 900.2
1375260 899.9
1375270 899.9
1375280 900.1
1375290 900.3
1375300 900.3
1375310 899.7
1375320 899.6
1375330 899.6
1375340 900.1
1375350 902.4
1375360 905.2
1375370 905.2
1375380 907.1
1375390 908.5
1375400 908.5
1375410 909.6
1375420 910.4
1375430 910.4
1375440 911.4
1375450 912.8
1375460 912.8
1375470 914.5
1375480 916.3
1375490 916.3
1375500 918.4
1375510 920.5
1375520 920.5
1375530 922.3
1375540 923.6
1375550 923.6
1375560 924.4
1375570 923.1
1375580 923.1
1375590 921.6
1375600 922.4
1375610 922.4
1375620 923.1
1375630 923.1
1375640 923.1
1375650 923.5
1375660 924.1
1375670 924.1
1375680 924.4
1375690 924.3
1375700 924.3
1375710 923.8
1375720 923.2
1375730 923.2
1375740 922.7
1375750 922.1
1375760 921.0
1375770 921.0
1375780 920.1
1375790 920.0
1375800 920.0
1375810 919.6
1375820 918.6
1375830 918.6
1375840 920.0
1375850 919.4
1375860 919.4
1375870 919.3
1375880 918.3
1375890 918.3
1375900 917.6
1375910 917.9
1375920 917.9
1375930 918.6
1375940 919.0
1375950 919.0
1375960 920.0
1375970 921.9
1375980 921.9
1375990 923.9
1376000 925.9
1376010 925.9
1376020 929.2
1376030 933.0
1376040 933.0
1376050 935.8
1376060 940.0
1376070 940.0
1376080 945.2
1376090 949.6
1376100 949.6
1376110 954.9
1376120 960.6
1376130 960.6
1376140 965.8
1376150 969.7
1376160 973.5
1376170 973.5
1376180 977.5
1376190 980.7
1376200 980.7
1376210 983.0
1376220 984.6
1376230 984.6
1376240 985.3
1376250 985.7
1376260 985.7
1376270 986.8
1376280 988.5
1376290 988.5
1376300 991.6
1376310 994.3
1376320 994.3
1376330 996.1
1376340 997.9
1376350 997.9
1376360 999.7
1376370 1001.7
1376380 1001.7
1376390 1004.0
1376400 1006.3
1376410 1006.3
1376420 1007.3
1376430 1007.5
1376440 1007.5
1376450 1006.2
1376460 1004.7
1376470 1004.7
1376480 1004.2
1376490 1004.5
1376500 1004.5
1376510 1004.5
1376520 1003.9
1376530 1003.9
1376540 1002.7
1376550 1001.1
1376560 999.7
1376570 999.7
1376580 998.6
1376590 997.7
1376600 997.7
1376610 996.3
1376620 992.5
1376630 992.5
1376640 986.6
1376650 980.8
1376660 980.8
1376670 975.1
1376680 970.4
1376690 970.4
1376700 965.5
1376710 960.8
1376720 960.8
1376730 956.8
1376740 954.8
1376750 954.8
1376760 953.8
1376770 953.1
1376780 953.1
1376790 951.8
1376800 950.0
1376810 950.0
1376820 949.2
1376830 948.4
1376840 948.4
1376850 945.1
1376860 943.4
1376870 943.4
1376880 944.1
1376890 944.7
1376900 944.7
1376910 944.9
1376920 946.0
1376930 946.0
1376940 948.9
1376950 949.4
1376960 949.3
1376970 949.3
1376980 949.5
1376990 947.9
1377000 947.9
1377010 945.6
1377020 943.2
1377030 944.2
1377040 943.9
1377050 944.2
1377060 944.2
1377070 944.6
1377080 945.3
1377090 945.3
1377100 944.8
1377110 940.8
1377120 940.8
1377130 936.5
1377140 933.6
1377150 933.6
1377160 931.4
1377170 929.5
1377180 929.5
1377190 927.4
1377200 927.0
1377210 927.0
1377220 928.9
1377230 928.1
1377240 928.1
1377250 925.1
1377260 923.2
1377270 923.2
1377280 922.1
1377290 921.7
1377300 921.7
1377310 921.8
1377320 922.7
1377330 922.7
1377340 923.0
1377350 921.2
1377360 917.9
1377370 917.9
1377380 913.1
1377390 908.8
1377400 908.8
1377410 905.8
1377420 902.1
1377430 902.1
1377440 896.6
1377450 891.1
1377460 891.1
1377470 884.8
1377480 878.0
1377490 878.0
1377500 871.1
1377510 864.6
1377520 864.6
1377530 859.3
1377540 855.2
1377550 855.2
1377560 851.3
1377570 847.2
1377580 847.2
1377590 843.1
1377600 838.9
1377610 838.9
1377620 834.1
1377630 827.9
1377640 827.9
1377650 821.9
1377660 817.2
1377670 817.2
1377680 812.9
1377690 809.4
1377700 809.4
1377710 807.8
1377720 807.7
1377730 807.7
1377740 806.0
1377750 803.3
1377760 799.3
1377770 799.3
1377780 796.9
1377790 795.2
1377800 795.2
1377810 792.8
1377820 790.4
1377830 790.4
1377840 787.9
1377850 785.2
1377860 785.2
1377870 782.9
1377880 780.5
1377890 780.5
1377900 778.8
1377910 775.5
1377920 775.5
1377930 767.9
1377940 759.6
1377950 759.6
1377960 751.4
1377970 743.1
1377980 743.1
1377990 734.7
1378000 727.0
1378010 727.0
1378020 722.6
1378030 719.5
1378040 719.5
1378050 717.4
1378060 714.8
1378070 714.8
1378080 713.2
1378090 711.1
1378100 711.1
1378110 709.7
1378120 707.4
1378130 707.4
1378140 705.2
1378150 703.0
1378160 701.0
1378170 701.0
1378180 699.0
1378190 696.4
1378200 696.4
1378210 692.2
1378220 688.8
1378230 686.8
1378240 684.1
1378250 682.1
1378260 682.1
1378270 679.9
1378280 677.6
1378290 677.6
1378300 675.2
1378310 672.8
1378320 672.8
1378330 670.3
1378340 668.0
1378350 668.0
1378360 665.6
1378370 663.3
1378380 663.3
1378390 661.2
1378400 659.3
1378410 659.3
1378420 657.9
1378430 655.3
1378440 655.3
1378450 654.0
1378460 652.9
1378470 652.9
1378480 649.7
1378490 645.0
1378500 645.0
1378510 643.2
1378520 641.4
1378530 641.4
1378540 640.8
1378550 640.8
1378560 640.9
1378570 640.9
1378580 640.9
1378590 640.9
1378600 640.9
1378610 640.9
1378620 641.0
1378630 641.0
1378640 641.1
1378650 641.2
1378660 641.2
1378670 641.4
1378680 641.8
1378690 641.8
1378700 641.5
1378710 641.0
1378720 641.0
1378730 644.8
1378740 651.2
1378750 651.2
1378760 653.3
1378770 653.8
1378780 653.8
1378790 655.0
1378800 657.4
1378810 657.4
1378820 659.4
1378830 660.0
1378840 660.0
1378850 661.0
1378860 662.2
1378870 662.2
1378880 663.1
1378890 664.0
1378900 664.0
1378910 664.1
1378920 663.5
1378930 663.5
1378940 662.7
1378950 662.8
1378960 663.5
1378970 663.5
1378980 663.4
1378990 662.0
1379000 662.0
1379010 660.1
1379020 658.3
1379030 658.3
1379040 656.9
1379050 656.3
1379060 656.3
1379070 656.7
1379080 656.2
1379090 656.2
1379100 653.0
1379110 652.1
1379120 652.1
1379130 652.2
1379140 652.6
1379150 652.6
1379160 654.6
1379170 656.3
1379180 656.3
1379190 657.6
1379200 659.4
1379210 659.4
1379220 661.2
1379230 663.3
1379240 663.3
1379250 665.8
1379260 668.5
1379270 668.5
1379280 671.2
1379290 674.8
1379300 674.8
1379310 679.0
1379320 682.7
1379330 682.7
1379340 685.4
1379350 688.4
1379360 688.4
1379370 694.1
1379380 700.8
1379390 707.7
1379400 707.7
1379410 714.2
1379420 719.6
1379430 719.6
1379440 725.1
1379450 726.9
1379460 726.9
1379470 729.2
1379480 731.6
1379490 731.6
1379500 733.5
1379510 735.4
1379520 735.4
1379530 737.8
1379540 740.5
1379550 740.5
1379560 742.8
1379570 744.8
1379580 744.8
1379590 748.0
1379600 751.2
1379610 751.2
1379620 753.0
1379630 753.8
1379640 753.8
1379650 755.7
1379660 759.4
1379670 759.4
1379680 763.1
1379690 767.4
1379700 767.4
1379710 771.7
1379720 776.9
1379730 776.9
1379740 783.5
1379750 788.7
1379760 788.7
1379770 792.7
1379780 795.1
1379790 794.7
1379800 794.7
1379810 793.9
1379820 793.9
1379830 793.9
1379840 795.5
1379850 796.8
1379860 796.8
1379870 798.5
1379880 800.1
1379890 800.1
1379900 800.9
1379910 800.5
1379920 800.5
1379930 799.7
1379940 798.8
1379950 798.8
1379960 797.7
1379970 797.1
1379980 797.1
1379990 797.8
