1360000 475.0
1360010 475.0
1360020 475.0
1360030 475.0
1360040 475.1
1360050 475.1
1360060 475.2
1360070 475.2
1360080 475.2
1360090 475.2
1360100 475.0
1360110 475.0
1360120 474.7
1360130 474.2
1360140 474.2
1360150 474.4
1360160 475.0
1360170 475.0
1360180 475.0
1360190 475.0
1360200 475.0
1360210 474.9
1360220 474.8
1360230 474.8
1360240 474.6
1360250 474.5
1360260 474.5
1360270 474.7
1360280 475.9
1360290 475.9
1360300 476.5
1360310 476.5
1360320 476.5
1360330 476.5
1360340 476.4
1360350 476.5
1360360 476.5
1360370 476.6
1360380 476.8
1360390 476.8
1360400 476.7
1360410 476.7
1360420 476.7
1360430 476.7
1360440 476.7
1360450 476.8
1360460 477.2
1360470 477.5
1360480 477.5
1360490 477.3
1360500 477.2
1360510 477.2
1360520 477.3
1360530 477.1
1360540 477.1
1360550 476.9
1360560 476.8
1360570 476.8
1360580 476.8
1360590 476.8
1360600 476.8
1360610 476.6
1360620 476.6
1360630 476.6
1360640 476.6
1360650 476.8
1360660 476.8
1360670 477.1
1360680 477.3
1360690 477.3
1360700 477.5
1360710 477.5
1360720 477.5
1360730 477.4
1360740 477.3
1360750 477.3
1360760 477.1
1360770 477.0
1360780 477.1
1360790 477.1
1360800 477.3
1360810 477.3
1360820 477.3
1360830 477.3
1360840 477.2
1360850 477.2
1360860 477.2
1360870 477.2
1360880 477.2
1360890 477.2
1360900 477.2
1360910 477.2
1360920 477.2
1360930 477.2
1360940 477.2
1360950 477.2
1360960 477.2
1360970 477.2
1360980 477.2
1360990 477.5
1361000 477.5
1361010 477.9
1361020 478.1
1361030 478.1
1361040 478.3
1361050 478.3
1361060 478.3
1361070 477.9
1361080 478.4
1361090 478.4
1361100 478.7
1361110 478.9
1361120 478.9
1361130 479.3
1361140 479.6
1361150 479.6
1361160 480.0
1361170 480.4
1361180 480.9
1361190 480.9
1361200 481.4
1361210 482.4
1361220 482.4
1361230 484.5
1361240 485.6
1361250 485.6
1361260 486.1
1361270 487.8
1361280 487.8
1361290 489.7
1361300 490.4
1361310 490.4
1361320 491.0
1361330 491.5
1361340 491.5
1361350 492.0
1361360 492.3
1361370 492.3
1361380 492.6
1361390 493.5
1361400 493.5
1361410 494.0
1361420 494.6
1361430 494.6
1361440 495.3
1361450 496.2
1361460 496.2
1361470 497.8
1361480 500.8
1361490 503.3
1361500 507.5
1361510 510.4
1361520 510.4
1361530 513.1
1361540 515.8
1361550 515.8
1361560 519.7
1361570 524.2
1361580 527.5
1361590 527.5
1361600 530.2
1361610 533.7
1361620 533.7
1361630 537.0
1361640 538.8
1361650 538.8
1361660 542.2
1361670 545.2
1361680 545.2
1361690 547.5
1361700 548.1
1361710 548.1
1361720 548.0
1361730 541.7
1361740 541.7
1361750 533.8
1361760 536.7
1361770 536.7
1361780 544.7
1361790 549.6
1361800 549.6
1361810 553.6
1361820 557.4
1361830 557.4
1361840 559.6
1361850 561.5
1361860 561.5
1361870 563.0
1361880 564.9
1361890 564.9
1361900 567.2
1361910 569.7
1361920 569.7
1361930 572.2
1361940 574.6
1361950 574.6
1361960 577.8
1361970 581.0
1361980 584.2
1361990 584.2
1362000 586.4
1362010 586.7
1362020 586.7
1362030 588.5
1362040 592.2
1362050 592.2
1362060 596.0
1362070 599.8
1362080 599.8
1362090 603.6
1362100 607.3
1362110 607.3
1362120 612.4
1362130 616.9
1362140 616.9
1362150 618.6
1362160 620.3
1362170 620.3
1362180 622.2
1362190 624.3
1362200 624.3
1362210 626.1
1362220 627.2
1362230 627.2
1362240 627.4
1362250 627.7
1362260 627.7
1362270 629.3
1362280 631.0
1362290 631.0
1362300 632.5
1362310 634.7
1362320 634.7
1362330 636.7
1362340 638.3
1362350 638.3
1362360 639.8
1362370 641.1
1362380 641.1
1362390 642.5
1362400 644.5
1362410 646.4
1362420 646.4
1362430 648.1
1362440 650.0
1362450 650.0
1362460 652.0
1362470 653.5
1362480 653.5
1362490 654.9
1362500 656.7
1362510 656.7
1362520 658.9
1362530 659.5
1362540 659.5
1362550 661.8
1362560 664.3
1362570 664.3
1362580 667.0
1362590 669.8
1362600 669.8
1362610 672.4
1362620 674.7
1362630 674.7
1362640 677.2
1362650 680.5
1362660 680.5
1362670 683.7
1362680 686.7
1362690 686.7
1362700 689.1
1362710 691.4
1362720 691.4
1362730 693.6
1362740 695.3
1362750 695.3
1362760 696.8
1362770 698.9
1362780 698.9
1362790 701.9
1362800 705.3
1362810 708.6
1362820 708.6
1362830 711.4
1362840 713.7
1362850 713.7
1362860 715.8
1362870 717.6
1362880 717.6
1362890 718.6
1362900 719.4
1362910 719.4
1362920 720.0
1362930 720.5
1362940 720.5
1362950 721.2
1362960 722.0
1362970 722.0
1362980 722.3
1362990 721.8
1363000 721.8
1363010 720.8
1363020 719.4
1363030 719.4
1363040 718.0
1363050 716.5
1363060 716.5
1363070 715.8
1363080 715.6
1363090 715.6
1363100 715.3
1363110 716.0
1363120 716.0
1363130 717.5
1363140 718.8
1363150 718.8
1363160 719.9
1363170 721.3
1363180 721.3
1363190 722.6
1363200 723.4
1363210 724.2
1363220 724.2
1363230 724.7
1363240 725.1
1363250 725.1
1363260 725.5
1363270 726.0
1363280 726.0
1363290 726.6
1363300 727.3
1363310 727.3
1363320 727.8
1363330 728.1
1363340 728.1
1363350 728.5
1363360 728.8
1363370 728.8
1363380 728.7
1363390 728.5
1363400 728.5
1363410 728.5
1363420 728.5
1363430 728.5
1363440 728.5
1363450 728.5
1363460 728.5
1363470 728.7
1363480 728.9
1363490 728.9
1363500 729.3
1363510 729.8
1363520 729.8
1363530 730.2
1363540 730.8
1363550 730.8
1363560 731.6
1363570 732.9
1363580 732.9
1363590 735.5
1363600 737.5
1363610 738.6
1363620 738.6
1363630 739.7
1363640 741.0
1363650 741.0
1363660 742.5
1363670 744.0
1363680 744.0
1363690 745.6
1363700 747.2
1363710 747.2
1363720 748.7
1363730 750.1
1363740 750.1
1363750 751.6
1363760 753.2
1363770 753.2
1363780 755.2
1363790 758.7
1363800 758.7
1363810 762.6
1363820 766.0
1363830 766.0
1363840 767.7
1363850 770.4
1363860 770.4
1363870 774.2
1363880 777.4
1363890 777.4
1363900 778.2
1363910 778.3
1363920 778.3
1363930 777.6
1363940 778.3
1363950 778.3
1363960 782.0
1363970 787.2
1363980 787.2
1363990 792.1
1364000 794.4
1364010 794.4
1364020 793.4
1364030 792.6
1364040 795.0
1364050 795.0
1364060 798.3
1364070 801.8
1364080 801.8
1364090 805.3
1364100 806.8
1364110 806.8
1364120 807.7
1364130 808.9
1364140 808.9
1364150 810.4
1364160 811.9
1364170 811.9
1364180 812.5
1364190 813.0
1364200 813.0
1364210 816.3
1364220 819.1
1364230 819.1
1364240 821.3
1364250 822.7
1364260 822.7
1364270 824.2
1364280 825.7
1364290 825.7
1364300 827.6
1364310 829.7
1364320 829.7
1364330 831.4
1364340 832.7
1364350 832.7
1364360 833.9
1364370 835.2
1364380 835.2
1364390 836.5
1364400 837.6
1364410 837.6
1364420 838.7
1364430 839.9
1364440 840.8
1364450 840.8
1364460 841.3
1364470 841.7
1364480 841.7
1364490 842.3
1364500 843.0
1364510 843.0
1364520 843.7
1364530 845.1
1364540 845.1
1364550 847.7
1364560 850.7
1364570 850.7
1364580 853.4
1364590 855.3
1364600 855.3
1364610 856.7
1364620 857.8
1364630 857.8
1364640 859.6
1364650 862.7
1364660 862.7
1364670 865.0
1364680 866.9
1364690 866.9
1364700 868.6
1364710 869.8
1364720 869.8
1364730 870.6
1364740 871.5
1364750 871.5
1364760 872.5
1364770 872.7
1364780 872.7
1364790 871.8
1364800 868.7
1364810 868.7
1364820 867.3
1364830 867.1
1364840 867.1
1364850 867.1
1364860 867.0
1364870 866.6
1364880 866.6
1364890 866.2
1364900 865.3
1364910 865.3
1364920 860.5
1364930 854.0
1364940 854.0
1364950 852.3
1364960 858.8
1364970 858.8
1364980 865.1
1364990 868.3
1365000 868.3
1365010 865.7
1365020 862.2
1365030 862.2
1365040 863.2
1365050 869.7
1365060 869.7
1365070 874.2
1365080 875.6
1365090 875.6
1365100 876.5
1365110 877.1
1365120 877.1
1365130 877.7
1365140 878.1
1365150 878.1
1365160 877.9
1365170 878.2
1365180 878.2
1365190 879.6
1365200 881.4
1365210 881.4
1365220 883.3
1365230 885.3
1365240 887.2
1365250 887.2
1365260 889.0
1365270 891.0
1365280 891.0
1365290 892.4
1365300 893.3
1365310 893.3
1365320 894.2
1365330 895.1
1365340 895.1
1365350 895.8
1365360 896.4
1365370 896.4
1365380 896.8
1365390 897.4
1365400 897.4
1365410 897.9
1365420 898.3
1365430 898.3
1365440 898.8
1365450 899.2
1365460 899.2
1365470 899.8
1365480 900.5
1365490 900.5
1365500 901.4
1365510 902.2
1365520 902.2
1365530 902.8
1365540 903.1
1365550 903.1
1365560 903.6
1365570 904.5
1365580 904.5
1365590 905.6
1365600 906.5
1365610 906.5
1365620 907.2
1365630 907.7
1365640 907.7
1365650 908.1
1365660 908.6
1365670 909.1
1365680 909.1
1365690 909.3
1365700 909.4
1365710 909.4
1365720 909.5
1365730 912.0
1365740 912.0
1365750 912.8
1365760 913.8
1365770 913.8
1365780 914.9
1365790 916.0
1365800 916.0
1365810 917.2
1365820 917.9
1365830 917.9
1365840 918.4
1365850 918.9
1365860 918.9
1365870 919.4
1365880 919.8
1365890 919.8
1365900 920.1
1365910 920.3
1365920 920.3
1365930 920.4
1365940 920.2
1365950 920.2
1365960 919.4
1365970 918.8
1365980 918.8
1365990 918.6
1366000 918.4
1366010 918.4
1366020 918.1
1366030 917.9
1366040 917.9
1366050 918.1
1366060 918.6
1366070 919.0
1366080 919.0
1366090 919.3
1366100 919.8
1366110 919.8
1366120 920.1
1366130 920.4
1366140 920.4
1366150 920.4
1366160 920.4
1366170 920.4
1366180 920.4
1366190 920.3
1366200 920.3
1366210 920.4
1366220 920.5
1366230 920.5
1366240 920.9
1366250 921.3
1366260 921.3
1366270 921.6
1366280 921.8
1366290 921.8
1366300 922.0
1366310 922.0
1366320 922.0
1366330 921.9
1366340 920.7
1366350 920.7
1366360 918.6
1366370 916.3
1366380 916.3
1366390 914.2
1366400 912.2
1366410 912.2
1366420 910.1
1366430 908.5
1366440 908.5
1366450 907.1
1366460 905.9
1366470 904.7
1366480 904.7
1366490 901.8
1366500 897.2
1366510 897.2
1366520 891.4
1366530 886.8
1366540 886.8
1366550 881.9
1366560 877.4
1366570 877.4
1366580 872.5
1366590 865.7
1366600 865.7
1366610 857.8
1366620 851.8
1366630 851.8
1366640 851.7
1366650 846.9
1366660 846.9
1366670 843.4
1366680 840.1
1366690 840.1
1366700 838.8
1366710 839.3
1366720 839.3
1366730 840.4
1366740 841.6
1366750 841.6
1366760 842.4
1366770 843.7
1366780 843.7
1366790 845.5
1366800 848.1
1366810 853.6
1366820 856.7
1366830 858.7
1366840 858.7
1366850 859.9
1366860 861.1
1366870 862.9
1366880 862.9
1366890 865.4
1366900 867.4
1366910 867.4
1366920 869.3
1366930 871.0
1366940 871.0
1366950 871.7
1366960 870.3
1366970 870.3
1366980 870.0
1366990 872.2
1367000 872.2
1367010 876.3
1367020 878.6
1367030 878.6
1367040 880.3
1367050 881.2
1367060 881.2
1367070 880.8
1367080 879.6
1367090 879.6
1367100 879.1
1367110 876.7
1367120 876.7
1367130 873.4
1367140 872.9
1367150 872.9
1367160 871.2
1367170 871.2
1367180 871.2
1367190 872.9
1367200 874.6
1367210 874.6
1367220 876.9
1367230 880.1
1367240 880.1
1367250 885.0
1367260 889.4
1367270 889.4
1367280 894.1
1367290 896.8
1367300 898.9
1367310 898.9
1367320 902.4
1367330 905.4
1367340 905.4
1367350 907.3
1367360 907.6
1367370 907.6
1367380 908.0
1367390 909.0
1367400 909.0
1367410 910.6
1367420 912.7
1367430 912.7
1367440 915.5
1367450 917.8
1367460 917.8
1367470 919.0
1367480 920.3
1367490 920.3
1367500 921.0
1367510 922.1
1367520 922.1
1367530 923.5
1367540 923.9
1367550 923.9
1367560 923.5
1367570 922.6
1367580 922.6
1367590 921.5
1367600 920.8
1367610 920.8
1367620 919.6
1367630 918.4
1367640 918.4
1367650 917.2
1367660 915.7
1367670 915.7
1367680 914.2
1367690 912.8
1367700 910.8
1367710 910.8
1367720 910.8
1367730 911.1
1367740 911.1
1367750 911.1
1367760 910.9
1367770 910.9
1367780 909.8
1367790 907.8
1367800 907.8
1367810 906.1
1367820 904.4
1367830 904.4
1367840 902.9
1367850 901.9
1367860 901.9
1367870 900.9
1367880 899.9
1367890 899.9
1367900 900.6
1367910 899.4
1367920 899.4
1367930 898.6
1367940 897.8
1367950 897.8
1367960 896.5
1367970 895.4
1367980 895.4
1367990 894.4
1368000 892.8
1368010 892.8
1368020 890.7
1368030 888.4
1368040 888.4
1368050 886.7
1368060 885.9
1368070 885.9
1368080 884.4
1368090 881.9
1368100 879.1
1368110 879.1
1368120 875.6
1368130 872.1
1368140 872.1
1368150 869.1
1368160 864.4
1368170 864.4
1368180 858.7
1368190 851.3
1368200 851.3
1368210 844.0
1368220 837.7
1368230 837.7
1368240 832.1
1368250 826.6
1368260 826.6
1368270 820.5
1368280 813.7
1368290 813.7
1368300 807.4
1368310 802.4
1368320 802.4
1368330 797.2
1368340 791.9
1368350 791.9
1368360 787.2
1368370 782.8
1368380 782.8
1368390 778.1
1368400 774.7
1368410 774.7
1368420 772.8
1368430 771.3
1368440 771.3
1368450 769.8
1368460 768.2
1368470 768.2
1368480 767.1
1368490 766.3
1368500 765.5
1368510 765.5
1368520 765.2
1368530 764.1
1368540 764.1
1368550 763.0
1368560 759.9
1368570 759.9
1368580 759.9
1368590 762.2
1368600 762.2
1368610 765.0
1368620 767.3
1368630 767.3
1368640 769.2
1368650 770.0
1368660 770.0
1368670 770.2
1368680 771.3
1368690 771.3
1368700 772.5
1368710 773.3
1368720 773.3
1368730 774.5
1368740 776.0
1368750 776.0
1368760 777.0
1368770 777.6
1368780 777.6
1368790 777.8
1368800 778.4
1368810 778.4
1368820 779.5
1368830 781.8
1368840 781.8
1368850 784.8
1368860 787.8
1368870 787.8
1368880 790.9
1368890 795.2
1368900 795.2
1368910 799.2
1368920 802.4
1368930 806.0
1368940 806.0
1368950 808.6
1368960 810.0
1368970 810.0
1368980 808.8
1368990 805.1
1369000 811.3
1369010 806.9
1369020 805.2
1369030 805.2
1369040 805.2
1369050 807.1
1369060 807.1
1369070 809.9
1369080 813.2
1369090 813.2
1369100 815.7
1369110 818.7
1369120 818.7
1369130 821.1
1369140 824.9
1369150 824.9
1369160 828.6
1369170 830.1
1369180 830.1
1369190 831.8
1369200 834.0
1369210 834.0
1369220 836.4
1369230 838.8
1369240 838.8
1369250 841.2
1369260 843.7
1369270 843.7
1369280 846.6
1369290 849.9
1369300 849.9
1369310 853.1
1369320 858.1
1369330 860.1
1369340 860.1
1369350 860.5
1369360 860.6
1369370 860.6
1369380 860.4
1369390 860.1
1369400 860.1
1369410 859.6
1369420 859.2
1369430 859.2
1369440 859.4
1369450 859.5
1369460 859.5
1369470 859.8
1369480 860.2
1369490 860.2
1369500 860.1
1369510 859.7
1369520 859.7
1369530 859.0
1369540 858.1
1369550 858.1
1369560 857.3
1369570 856.6
1369580 856.6
1369590 855.8
1369600 854.2
1369610 854.2
1369620 852.4
1369630 850.4
1369640 850.4
1369650 847.9
1369660 845.2
1369670 845.2
1369680 842.2
1369690 838.2
1369700 838.2
1369710 833.9
1369720 829.6
1369730 826.6
1369740 826.6
1369750 824.8
1369760 823.7
1369770 823.7
1369780 822.5
1369790 821.4
1369800 821.4
1369810 820.4
1369820 819.6
1369830 819.6
1369840 818.9
1369850 818.2
1369860 818.2
1369870 817.6
1369880 816.9
1369890 816.9
1369900 816.2
1369910 815.4
1369920 815.4
1369930 814.7
1369940 814.0
1369950 814.0
1369960 813.5
1369970 813.1
1369980 813.1
1369990 812.7
1370000 812.1
1370010 812.1
1370020 811.5
1370030 811.0
1370040 811.0
1370050 810.4
1370060 810.1
1370070 810.1
1370080 810.1
1370090 810.4
1370100 810.4
1370110 810.4
1370120 812.8
1370130 812.2
1370140 812.2
1370150 811.4
1370160 810.6
1370170 810.6
1370180 809.8
1370190 809.2
1370200 809.2
1370210 808.9
1370220 808.9
1370230 808.9
1370240 809.4
1370250 811.1
1370260 811.1
1370270 813.1
1370280 814.1
1370290 814.1
1370300 813.0
1370310 811.2
1370320 811.2
1370330 810.7
1370340 810.2
1370350 810.2
1370360 811.0
1370370 812.0
1370380 812.0
1370390 812.7
1370400 813.1
1370410 813.1
1370420 811.9
1370430 811.3
1370440 811.3
1370450 811.5
1370460 812.1
1370470 812.1
1370480 813.1
1370490 813.1
1370500 813.1
1370510 814.1
1370520 815.0
1370530 815.0
1370540 815.6
1370550 816.5
1370560 817.3
1370570 817.3
1370580 818.0
1370590 818.4
1370600 818.4
1370610 818.7
1370620 818.6
1370630 818.6
1370640 818.7
1370650 817.9
1370660 817.9
1370670 817.5
1370680 817.6
1370690 817.6
1370700 817.5
1370710 817.2
1370720 817.2
1370730 816.4
1370740 815.5
1370750 815.5
1370760 814.8
1370770 813.9
1370780 813.9
1370790 812.9
1370800 811.8
1370810 811.8
1370820 810.8
1370830 809.6
1370840 809.6
1370850 808.4
1370860 807.1
1370870 807.1
1370880 806.1
1370890 805.1
1370900 805.1
1370910 804.7
1370920 805.0
1370930 805.0
1370940 805.4
1370950 805.7
1370960 806.3
1370970 806.3
1370980 806.1
1370990 805.3
1371000 805.3
1371010 805.3
1371020 805.3
1371030 805.3
1371040 806.0
1371050 806.1
1371060 806.1
1371070 806.3
1371080 807.0
1371090 807.0
1371100 807.6
1371110 808.4
1371120 808.4
1371130 808.7
1371140 807.8
1371150 807.8
1371160 805.3
1371170 800.4
1371180 800.4
1371190 794.3
1371200 791.8
1371210 791.8
1371220 794.5
1371230 798.0
1371240 799.7
1371250 801.9
1371260 804.9
1371270 804.9
1371280 809.7
1371290 814.2
1371300 814.2
1371310 818.5
1371320 822.6
1371330 822.6
1371340 826.9
1371350 831.5
1371360 836.6
1371370 836.6
1371380 842.2
1371390 848.0
1371400 848.0
1371410 852.8
1371420 852.0
1371430 852.0
1371440 849.8
1371450 851.7
1371460 851.7
1371470 854.8
1371480 852.5
1371490 852.5
1371500 849.8
1371510 849.8
1371520 849.8
1371530 850.4
1371540 851.7
1371550 851.7
1371560 855.6
1371570 860.8
1371580 860.8
1371590 864.1
1371600 862.7
1371610 862.7
1371620 862.4
1371630 863.2
1371640 863.2
1371650 864.2
1371660 866.2
1371670 866.2
1371680 870.0
1371690 874.0
1371700 874.0
1371710 875.9
1371720 875.5
1371730 875.5
1371740 874.5
1371750 872.7
1371760 871.1
1371770 871.1
1371780 872.3
1371790 876.3
1371800 876.3
1371810 880.0
1371820 879.9
1371830 879.9
1371840 878.9
1371850 880.0
1371860 880.0
1371870 883.5
1371880 888.6
1371890 888.6
1371900 892.9
1371910 894.2
1371920 894.2
1371930 894.4
1371940 896.3
1371950 896.3
1371960 899.7
1371970 904.9
1371980 904.9
1371990 910.7
1372000 916.9
1372010 916.9
1372020 923.4
1372030 928.9
1372040 928.9
1372050 931.6
1372060 932.2
1372070 932.2
1372080 932.7
1372090 934.7
1372100 934.7
1372110 938.3
1372120 942.8
1372130 942.8
1372140 947.5
1372150 952.9
1372160 952.9
1372170 959.1
1372180 965.4
1372190 972.0
1372200 972.0
1372210 978.8
1372220 985.5
1372230 985.5
1372240 992.5
1372250 999.9
1372260 999.9
1372270 1007.1
1372280 1013.4
1372290 1013.4
1372300 1020.2
1372310 1027.1
1372320 1027.1
1372330 1033.9
1372340 1040.2
1372350 1040.2
1372360 1045.4
1372370 1051.6
1372380 1055.0
1372390 1060.9
1372400 1067.1
1372410 1067.1
1372420 1073.5
1372430 1079.8
1372440 1079.8
1372450 1085.4
1372460 1090.6
1372470 1090.6
1372480 1095.5
1372490 1100.4
1372500 1100.4
1372510 1104.4
1372520 1106.6
1372530 1106.6
1372540 1107.3
1372550 1107.0
1372560 1107.0
1372570 1106.2
1372580 1105.6
1372590 1105.1
1372600 1105.1
1372610 1105.3
1372620 1106.1
1372630 1106.1
1372640 1106.7
1372650 1106.9
1372660 1106.9
1372670 1107.3
1372680 1108.0
1372690 1108.0
1372700 1108.8
1372710 1110.3
1372720 1110.3
1372730 1112.0
1372740 1113.4
1372750 1113.4
1372760 1113.9
1372770 1114.0
1372780 1114.0
1372790 1114.3
1372800 1115.0
1372810 1115.0
1372820 1116.1
1372830 1117.1
1372840 1117.1
1372850 1117.6
1372860 1118.2
1372870 1118.2
1372880 1118.8
1372890 1119.2
1372900 1119.2
1372910 1119.6
1372920 1120.4
1372930 1120.4
1372940 1121.5
1372950 1122.7
1372960 1122.7
1372970 1124.3
1372980 1125.9
1372990 1126.4
1373000 1126.4
1373010 1127.0
1373020 1127.0
1373030 1127.0
1373040 1127.3
1373050 1128.5
1373060 1128.5
1373070 1129.8
1373080 1130.8
1373090 1130.8
1373100 1131.7
1373110 1132.1
1373120 1132.1
1373130 1131.5
1373140 1130.1
1373150 1130.1
1373160 1129.6
1373170 1128.1
1373180 1128.1
1373190 1125.5
1373200 1124.3
1373210 1124.3
1373220 1124.2
1373230 1125.6
1373240 1125.6
1373250 1128.4
1373260 1132.2
1373270 1132.2
1373280 1136.9
1373290 1138.2
1373300 1138.2
1373310 1135.3
1373320 1133.0
1373330 1133.0
1373340 1131.0
1373350 1128.8
1373360 1128.8
1373370 1126.3
1373380 1124.4
1373390 1122.9
1373400 1122.9
1373410 1121.2
1373420 1118.7
1373430 1118.7
1373440 1116.2
1373450 1114.0
1373460 1114.0
1373470 1111.5
1373480 1108.8
1373490 1108.8
1373500 1106.0
1373510 1103.2
1373520 1104.7
1373530 1102.5
1373540 1101.4
1373550 1101.4
1373560 1100.0
1373570 1098.8
1373580 1098.8
1373590 1097.5
1373600 1095.6
1373610 1095.6
1373620 1094.5
1373630 1094.2
1373640 1094.2
1373650 1093.0
1373660 1090.9
1373670 1090.9
1373680 1089.0
1373690 1087.0
1373700 1087.0
1373710 1084.1
1373720 1080.5
1373730 1080.5
1373740 1077.1
1373750 1073.4
1373760 1073.4
1373770 1070.0
1373780 1066.9
1373790 1066.9
1373800 1063.7
1373810 1060.3
1373820 1055.8
1373830 1055.8
1373840 1051.9
1373850 1048.4
1373860 1048.4
1373870 1043.7
1373880 1037.0
1373890 1037.0
1373900 1030.7
1373910 1024.2
1373920 1024.2
1373930 1017.6
1373940 1011.8
1373950 1011.8
1373960 1005.7
1373970 997.0
1373980 997.0
1373990 985.8
1374000 975.7
1374010 975.7
1374020 970.8
1374030 967.4
1374040 967.4
1374050 963.6
1374060 959.9
1374070 959.9
1374080 956.4
1374090 953.0
1374100 953.0
1374110 949.5
1374120 945.7
1374130 945.7
1374140 941.8
1374150 938.0
1374160 938.0
1374170 933.9
1374180 929.8
1374190 929.8
1374200 925.1
1374210 921.4
1374220 918.9
1374230 918.9
1374240 916.2
1374250 912.4
1374260 912.4
1374270 908.3
1374280 904.4
1374290 904.4
1374300 901.1
1374310 898.3
1374320 898.3
1374330 895.6
1374340 892.6
1374350 892.6
1374360 889.7
1374370 887.2
1374380 887.2
1374390 884.2
1374400 880.3
1374410 880.3
1374420 875.8
1374430 871.2
1374440 871.2
1374450 866.0
1374460 861.1
1374470 861.1
1374480 856.7
1374490 852.8
1374500 852.8
1374510 848.1
1374520 843.6
1374530 843.6
1374540 839.2
1374550 835.0
1374560 835.0
1374570 831.0
1374580 827.1
1374590 827.1
1374600 823.7
1374610 820.5
1374620 817.7
1374630 817.7
1374640 815.6
1374650 813.8
1374660 813.8
1374670 812.4
1374680 811.3
1374690 812.6
1374700 811.3
1374710 807.9
1374720 807.9
1374730 803.4
1374740 798.6
1374750 798.6
1374760 792.8
1374770 786.2
1374780 786.2
1374790 779.9
1374800 773.8
1374810 773.8
1374820 767.2
1374830 760.8
1374840 760.8
1374850 755.2
1374860 752.3
1374870 752.3
1374880 748.0
1374890 743.5
1374900 743.5
1374910 739.4
1374920 735.7
1374930 735.7
1374940 732.4
1374950 731.5
1374960 731.5
1374970 731.0
1374980 730.0
1374990 730.0
1375000 730.7
1375010 731.1
1375020 732.8
1375030 732.8
1375040 733.7
1375050 734.7
1375060 734.7
1375070 739.1
1375080 746.7
1375090 746.7
1375100 754.1
1375110 760.9
1375120 760.9
1375130 767.6
1375140 773.8
1375150 773.8
1375160 779.2
1375170 783.1
1375180 783.1
1375190 786.2
1375200 790.7
1375210 790.7
1375220 795.5
1375230 800.9
1375240 800.9
1375250 806.4
1375260 808.9
1375270 808.9
1375280 808.9
1375290 808.8
1375300 808.8
1375310 808.7
1375320 808.6
1375330 808.6
1375340 809.6
1375350 812.0
1375360 812.0
1375370 814.4
1375380 816.5
1375390 816.5
1375400 818.4
1375410 819.8
1375420 820.9
1375430 820.9
1375440 821.6
1375450 821.1
1375460 821.1
1375470 819.1
1375480 814.1
1375490 814.1
1375500 808.0
1375510 806.4
1375520 806.4
1375530 809.6
1375540 813.3
1375550 813.3
1375560 816.4
1375570 816.9
1375580 816.9
1375590 817.2
1375600 817.4
1375610 817.4
1375620 817.8
1375630 818.3
1375640 818.3
1375650 819.2
1375660 820.4
1375670 820.4
1375680 821.5
1375690 822.8
1375700 822.8
1375710 824.0
1375720 825.3
1375730 825.3
1375740 826.3
1375750 826.9
1375760 826.9
1375770 827.7
1375780 828.7
1375790 828.7
1375800 828.5
1375810 829.1
1375820 829.1
1375830 829.8
1375840 829.0
1375850 827.6
1375860 827.9
1375870 827.7
1375880 827.4
1375890 827.4
1375900 826.9
1375910 826.3
1375920 826.3
1375930 826.0
1375940 826.2
1375950 826.2
1375960 826.5
1375970 827.0
1375980 827.0
1375990 827.5
1376000 827.9
1376010 827.9
1376020 828.3
1376030 828.8
1376040 828.8
1376050 829.0
1376060 830.3
1376070 830.3
1376080 831.5
1376090 832.3
1376100 832.3
1376110 833.2
1376120 833.9
1376130 833.9
1376140 834.8
1376150 835.5
1376160 835.5
1376170 836.2
1376180 837.8
1376190 837.8
1376200 840.2
1376210 842.9
1376220 842.9
1376230 845.6
1376240 848.5
1376250 851.3
1376260 851.3
1376270 853.7
1376280 856.2
1376290 856.2
1376300 858.6
1376310 860.9
1376320 860.9
1376330 862.6
1376340 863.7
1376350 863.7
1376360 866.3
1376370 869.7
1376380 869.7
1376390 872.4
1376400 873.9
1376410 873.9
1376420 874.7
1376430 874.5
1376440 874.5
1376450 874.3
1376460 874.8
1376470 874.8
1376480 875.3
1376490 875.7
1376500 875.7
1376510 875.8
1376520 875.3
1376530 875.3
1376540 874.6
1376550 874.1
1376560 874.1
1376570 873.1
1376580 872.7
1376590 872.7
1376600 873.3
1376610 873.3
1376620 873.3
1376630 872.8
1376640 872.2
1376650 871.4
1376660 871.4
1376670 870.8
1376680 869.6
1376690 869.6
1376700 867.2
1376710 864.6
1376720 864.6
1376730 863.3
1376740 864.1
1376750 864.1
1376760 864.0
1376770 863.8
1376780 863.8
1376790 864.5
1376800 865.4
1376810 865.4
1376820 866.4
1376830 867.5
1376840 867.5
1376850 868.0
1376860 867.5
1376870 867.5
1376880 866.4
1376890 865.4
1376900 865.4
1376910 864.3
1376920 862.7
1376930 862.7
1376940 861.1
1376950 860.2
1376960 860.2
1376970 859.7
1376980 858.4
1376990 858.4
1377000 857.0
1377010 855.8
1377020 855.8
1377030 853.8
1377040 852.3
1377050 860.3
1377060 860.3
1377070 861.5
1377080 862.6
1377090 862.6
1377100 862.9
1377110 862.7
1377120 862.7
1377130 861.9
1377140 860.7
1377150 860.7
1377160 859.4
1377170 858.5
1377180 858.5
1377190 856.5
1377200 853.9
1377210 853.9
1377220 851.8
1377230 850.8
1377240 850.8
1377250 849.3
1377260 847.8
1377270 847.8
1377280 846.0
1377290 843.6
1377300 843.6
1377310 840.9
1377320 837.8
1377330 837.8
1377340 834.4
1377350 829.9
1377360 829.9
1377370 823.6
1377380 817.6
1377390 817.6
1377400 814.7
1377410 812.5
1377420 812.5
1377430 808.8
1377440 804.9
1377450 804.9
1377460 800.9
1377470 797.2
1377480 795.0
1377490 795.0
1377500 793.0
1377510 790.8
1377520 790.8
1377530 786.9
1377540 781.6
1377550 781.6
1377560 776.5
1377570 772.4
1377580 772.4
1377590 769.4
1377600 764.5
1377610 764.5
1377620 759.5
1377630 754.0
1377640 754.0
1377650 746.1
1377660 738.4
1377670 738.4
1377680 732.7
1377690 726.9
1377700 726.9
1377710 721.9
1377720 717.8
1377730 717.8
1377740 715.3
1377750 715.9
1377760 715.9
1377770 717.8
1377780 717.6
1377790 717.6
1377800 717.1
1377810 716.2
1377820 716.2
1377830 715.1
1377840 713.9
1377850 713.9
1377860 712.6
1377870 711.4
1377880 710.6
1377890 710.6
1377900 708.4
1377910 703.5
1377920 703.5
1377930 698.4
1377940 695.7
1377950 695.7
1377960 694.3
1377970 694.6
1377980 694.6
1377990 697.7
1378000 700.9
1378010 700.9
1378020 701.3
1378030 700.4
1378040 700.4
1378050 700.6
1378060 701.3
1378070 701.3
1378080 702.6
1378090 703.7
1378100 703.7
1378110 704.7
1378120 705.5
1378130 705.5
1378140 706.1
1378150 706.6
1378160 706.6
1378170 707.0
1378180 707.3
1378190 707.3
1378200 707.3
1378210 707.3
1378220 707.3
1378230 706.9
1378240 706.1
1378250 707.1
1378260 705.9
1378270 704.6
1378280 703.4
1378290 703.4
1378300 701.7
1378310 699.5
1378320 699.5
1378330 696.9
1378340 694.2
1378350 694.2
1378360 691.2
1378370 688.1
1378380 688.1
1378390 685.1
1378400 682.1
1378410 682.1
1378420 678.9
1378430 676.1
1378440 676.1
1378450 672.3
1378460 670.1
1378470 670.1
1378480 668.3
1378490 665.8
1378500 665.8
1378510 662.7
1378520 659.2
1378530 659.2
1378540 655.9
1378550 653.4
1378560 653.4
1378570 651.5
1378580 649.7
1378590 649.7
1378600 648.3
1378610 646.4
1378620 646.4
1378630 646.2
1378640 643.9
1378650 643.9
1378660 642.5
1378670 639.2
1378680 636.7
1378690 636.7
1378700 636.0
1378710 635.8
1378720 635.8
1378730 636.8
1378740 638.6
1378750 638.6
1378760 641.2
1378770 643.4
1378780 643.4
1378790 643.5
1378800 644.7
1378810 644.7
1378820 645.3
1378830 646.2
1378840 646.2
1378850 647.4
1378860 648.1
1378870 648.1
1378880 648.9
1378890 650.0
1378900 650.0
1378910 651.8
1378920 654.7
1378930 654.7
1378940 656.4
1378950 657.2
1378960 657.2
1378970 659.3
1378980 661.7
1378990 661.7
1379000 664.6
1379010 669.6
1379020 669.6
1379030 675.2
1379040 680.2
1379050 680.2
1379060 685.3
1379070 688.9
1379080 690.6
1379090 690.6
1379100 691.1
1379110 691.6
1379120 691.6
1379130 692.8
1379140 694.4
1379150 694.4
1379160 695.5
1379170 695.8
1379180 695.8
1379190 696.1
1379200 696.3
1379210 696.3
1379220 696.3
1379230 696.2
1379240 696.2
1379250 696.2
1379260 695.7
1379270 695.7
1379280 694.9
1379290 694.5
1379300 694.5
1379310 694.8
1379320 695.7
1379330 695.7
1379340 696.7
1379350 697.7
1379360 697.7
1379370 698.5
1379380 698.1
1379390 698.1
1379400 697.5
1379410 697.3
1379420 697.3
1379430 697.9
1379440 698.4
1379450 698.4
1379460 697.6
1379470 698.3
1379480 698.3
1379490 699.2
1379500 699.5
1379510 701.2
1379520 701.2
1379530 702.5
1379540 705.0
1379550 705.0
1379560 707.5
1379570 707.9
1379580 707.9
1379590 708.7
1379600 711.2
1379610 711.2
1379620 713.3
1379630 714.5
1379640 714.5
1379650 715.5
1379660 716.4
1379670 716.4
1379680 717.0
1379690 718.6
1379700 718.6
1379710 720.7
1379720 722.2
1379730 722.2
1379740 723.3
1379750 724.9
1379760 724.9
1379770 726.5
1379780 727.2
1379790 727.2
1379800 727.9
1379810 728.8
1379820 728.8
1379830 729.8
1379840 731.1
1379850 731.1
1379860 732.7
1379870 734.8
1379880 734.8
1379890 737.3
1379900 739.4
1379910 741.4
1379920 741.4
1379930 743.2
1379940 745.6
1379950 745.6
1379960 748.2
1379970 749.8
1379980 749.8
1379990 751.3
