1360000 481.3
1360010 481.6
1360020 481.6
1360030 482.0
1360040 482.0
1360050 482.0
1360060 482.0
1360070 482.0
1360080 482.0
1360090 481.7
1360100 481.4
1360110 481.4
1360120 481.2
1360130 481.0
1360140 481.0
1360150 480.9
1360160 480.7
1360170 480.7
1360180 480.6
1360190 480.8
1360200 480.8
1360210 481.1
1360220 480.7
1360230 480.7
1360240 479.6
1360250 479.4
1360260 479.4
1360270 479.2
1360280 478.9
1360290 478.9
1360300 478.8
1360310 478.7
1360320 478.7
1360330 478.7
1360340 478.8
1360350 478.8
1360360 478.5
1360370 478.1
1360380 477.7
1360390 477.7
1360400 477.5
1360410 477.6
1360420 477.6
1360430 477.7
1360440 477.7
1360450 477.7
1360460 477.6
1360470 477.6
1360480 477.6
1360490 477.4
1360500 477.2
1360510 477.2
1360520 477.1
1360530 477.1
1360540 477.1
1360550 477.1
1360560 477.0
1360570 477.0
1360580 476.9
1360590 476.8
1360600 476.8
1360610 476.7
1360620 476.6
1360630 476.6
1360640 476.6
1360650 476.5
1360660 476.5
1360670 476.4
1360680 476.4
1360690 476.4
1360700 476.8
1360710 476.9
1360720 476.9
1360730 477.0
1360740 477.0
1360750 477.0
1360760 477.1
1360770 477.5
1360780 477.5
1360790 478.0
1360800 478.5
1360810 479.0
1360820 479.0
1360830 479.4
1360840 479.8
1360850 479.8
1360860 480.3
1360870 482.0
1360880 482.0
1360890 482.8
1360900 483.1
1360910 483.1
1360920 485.8
1360930 488.7
1360940 488.7
1360950 488.9
1360960 487.1
1360970 487.1
1360980 488.0
1360990 490.2
1361000 490.2
1361010 490.6
1361020 490.5
1361030 490.5
1361040 490.4
1361050 490.4
1361060 490.4
1361070 490.5
1361080 490.6
1361090 490.6
1361100 490.2
1361110 490.5
1361120 490.5
1361130 491.2
1361140 491.2
1361150 491.2
1361160 491.3
1361170 491.3
1361180 491.3
1361190 491.2
1361200 491.0
1361210 490.0
1361220 490.0
1361230 488.5
1361240 488.0
1361250 488.0
1361260 487.9
1361270 488.2
1361280 488.2
1361290 488.6
1361300 489.3
1361310 489.3
1361320 490.9
1361330 492.0
1361340 492.0
1361350 492.2
1361360 492.5
1361370 492.5
1361380 492.7
1361390 493.2
1361400 493.2
1361410 493.7
1361420 494.3
1361430 494.1
1361440 495.0
1361450 496.2
1361460 496.2
1361470 496.6
1361480 497.1
1361490 497.1
1361500 498.4
1361510 499.6
1361520 499.6
1361530 500.4
1361540 501.2
1361550 501.2
1361560 501.9
1361570 502.6
1361580 502.6
1361590 503.2
1361600 503.7
1361610 503.7
1361620 504.5
1361630 505.1
1361640 505.6
1361650 505.6
1361660 505.9
1361670 506.5
1361680 506.5
1361690 507.0
1361700 507.6
1361710 507.6
1361720 508.1
1361730 508.6
1361740 508.6
1361750 508.8
1361760 511.9
1361770 511.9
1361780 517.2
1361790 520.5
1361800 520.5
1361810 522.0
1361820 524.0
1361830 524.0
1361840 525.9
1361850 527.6
1361860 527.6
1361870 529.1
1361880 530.5
1361890 530.5
1361900 532.2
1361910 533.9
1361920 533.9
1361930 535.5
1361940 537.1
1361950 537.1
1361960 538.7
1361970 540.2
1361980 540.2
1361990 541.5
1362000 542.8
1362010 542.8
1362020 544.0
1362030 545.5
1362040 547.0
1362050 547.0
1362060 548.7
1362070 550.2
1362080 550.2
1362090 551.5
1362100 552.5
1362110 552.5
1362120 553.6
1362130 554.8
1362140 554.8
1362150 556.2
1362160 557.7
1362170 557.7
1362180 559.1
1362190 560.5
1362200 560.5
1362210 561.6
1362220 562.8
1362230 562.8
1362240 564.0
1362250 564.9
1362260 564.9
1362270 565.7
1362280 566.4
1362290 566.4
1362300 567.2
1362310 568.0
1362320 568.0
1362330 568.7
1362340 569.5
1362350 569.5
1362360 570.4
1362370 571.2
1362380 571.2
1362390 571.9
1362400 572.3
1362410 572.3
1362420 572.5
1362430 572.5
1362440 572.7
1362450 572.7
1362460 573.8
1362470 574.6
1362480 574.8
1362490 574.1
1362500 572.9
1362510 572.9
1362520 573.2
1362530 573.4
1362540 573.4
1362550 573.9
1362560 574.4
1362570 574.4
1362580 573.0
1362590 570.1
1362600 570.1
1362610 569.0
1362620 572.2
1362630 572.2
1362640 577.2
1362650 580.4
1362660 580.4
1362670 582.1
1362680 583.8
1362690 583.8
1362700 585.3
1362710 586.5
1362720 586.5
1362730 588.0
1362740 589.5
1362750 589.5
1362760 591.1
1362770 592.8
1362780 592.8
1362790 594.3
1362800 596.2
1362810 596.2
1362820 597.9
1362830 599.8
1362840 599.8
1362850 601.9
1362860 603.9
1362870 605.6
1362880 605.6
1362890 607.1
1362900 608.6
1362910 608.6
1362920 610.0
1362930 611.3
1362940 611.3
1362950 612.6
1362960 613.4
1362970 613.4
1362980 614.4
1362990 615.2
1363000 615.2
1363010 615.5
1363020 615.8
1363030 615.8
1363040 616.5
1363050 618.6
1363060 618.6
1363070 621.0
1363080 623.5
1363090 623.5
1363100 627.7
1363110 631.1
1363120 631.1
1363130 633.8
1363140 636.1
1363150 636.1
1363160 636.6
1363170 637.4
1363180 637.4
1363190 638.8
1363200 641.3
1363210 641.3
1363220 644.8
1363230 647.5
1363240 647.5
1363250 649.8
1363260 651.9
1363270 653.6
1363280 653.6
1363290 655.6
1363300 657.4
1363310 657.4
1363320 659.3
1363330 661.5
1363340 661.5
1363350 663.6
1363360 665.1
1363370 665.1
1363380 665.5
1363390 665.9
1363400 665.9
1363410 666.1
1363420 665.4
1363430 665.4
1363440 664.3
1363450 664.1
1363460 664.1
1363470 665.8
1363480 667.9
1363490 667.9
1363500 669.9
1363510 672.3
1363520 672.3
1363530 678.0
1363540 678.1
1363550 678.1
1363560 677.2
1363570 677.6
1363580 677.6
1363590 679.1
1363600 681.2
1363610 681.2
1363620 682.3
1363630 683.8
1363640 683.8
1363650 686.2
1363660 687.7
1363670 689.3
1363680 689.3
1363690 690.9
1363700 691.8
1363710 691.8
1363720 692.7
1363730 693.6
1363740 693.6
1363750 694.3
1363760 695.4
1363770 695.4
1363780 696.8
1363790 698.0
1363800 698.0
1363810 698.8
1363820 699.0
1363830 699.0
1363840 698.7
1363850 698.7
1363860 698.7
1363870 698.9
1363880 698.2
1363890 698.2
1363900 696.9
1363910 695.1
1363920 695.1
1363930 692.7
1363940 689.0
1363950 689.0
1363960 684.8
1363970 681.6
1363980 681.6
1363990 679.2
1364000 677.3
1364010 677.3
1364020 676.9
1364030 673.5
1364040 673.5
1364050 666.7
1364060 662.6
1364070 662.6
1364080 661.3
1364090 662.0
1364100 662.4
1364110 662.4
1364120 662.9
1364130 663.2
1364140 663.2
1364150 664.0
1364160 664.3
1364170 664.3
1364180 662.1
1364190 658.2
1364200 658.2
1364210 655.0
1364220 651.6
1364230 651.6
1364240 651.2
1364250 655.3
1364260 655.3
1364270 657.7
1364280 659.7
1364290 659.7
1364300 661.3
1364310 662.4
1364320 662.4
1364330 662.6
1364340 664.0
1364350 664.0
1364360 665.6
1364370 666.8
1364380 666.8
1364390 667.9
1364400 668.8
1364410 668.8
1364420 669.7
1364430 671.1
1364440 671.1
1364450 672.0
1364460 673.0
1364470 673.0
1364480 674.4
1364490 675.2
1364500 676.1
1364510 676.1
1364520 676.1
1364530 677.4
1364540 677.4
1364550 680.5
1364560 682.6
1364570 682.6
1364580 684.3
1364590 685.6
1364600 688.7
1364610 688.6
1364620 684.3
1364630 684.3
1364640 686.1
1364650 693.1
1364660 693.1
1364670 696.8
1364680 699.9
1364690 699.9
1364700 702.6
1364710 704.4
1364720 704.4
1364730 706.0
1364740 707.3
1364750 707.3
1364760 708.3
1364770 709.9
1364780 709.9
1364790 711.2
1364800 711.1
1364810 711.1
1364820 709.7
1364830 707.0
1364840 707.0
1364850 705.2
1364860 702.5
1364870 702.5
1364880 698.7
1364890 694.9
1364900 694.9
1364910 695.7
1364920 693.9
1364930 691.2
1364940 691.2
1364950 691.4
1364960 696.5
1364970 696.5
1364980 700.9
1364990 704.2
1365000 704.2
1365010 708.4
1365020 711.5
1365030 711.5
1365040 711.0
1365050 707.6
1365060 707.6
1365070 705.7
1365080 707.4
1365090 707.4
1365100 710.9
1365110 712.3
1365120 712.3
1365130 711.3
1365140 711.5
1365150 711.5
1365160 713.6
1365170 714.4
1365180 714.4
1365190 711.5
1365200 709.4
1365210 709.4
1365220 708.3
1365230 710.3
1365240 710.3
1365250 712.0
1365260 712.1
1365270 712.1
1365280 710.9
1365290 709.6
1365300 709.6
1365310 708.4
1365320 706.6
1365330 704.5
1365340 704.5
1365350 702.2
1365360 700.0
1365370 700.0
1365380 698.5
1365390 697.9
1365400 697.9
1365410 696.2
1365420 692.4
1365430 692.4
1365440 689.8
1365450 690.7
1365460 690.7
1365470 690.1
1365480 689.2
1365490 689.2
1365500 688.5
1365510 688.2
1365520 688.2
1365530 688.2
1365540 688.2
1365550 688.2
1365560 688.6
1365570 689.0
1365580 689.0
1365590 688.8
1365600 688.7
1365610 688.7
1365620 689.2
1365630 689.7
1365640 689.7
1365650 689.8
1365660 689.6
1365670 692.5
1365680 689.5
1365690 688.3
1365700 688.3
1365710 687.9
1365720 687.3
1365730 687.4
1365740 687.4
1365750 688.7
1365760 689.5
1365770 689.5
1365780 689.1
1365790 688.5
1365800 688.5
1365810 688.1
1365820 687.6
1365830 687.6
1365840 686.6
1365850 683.8
1365860 683.8
1365870 681.8
1365880 680.8
1365890 680.8
1365900 680.0
1365910 679.6
1365920 679.6
1365930 679.4
1365940 679.1
1365950 679.1
1365960 678.6
1365970 677.8
1365980 677.8
1365990 676.7
1366000 675.2
1366010 675.2
1366020 673.8
1366030 672.5
1366040 672.5
1366050 671.3
1366060 670.9
1366070 670.9
1366080 671.2
1366090 672.0
1366100 672.0
1366110 672.3
1366120 672.2
1366130 672.2
1366140 672.1
1366150 672.2
1366160 672.2
1366170 672.2
1366180 672.0
1366190 671.4
1366200 671.4
1366210 670.9
1366220 670.6
1366230 670.6
1366240 671.0
1366250 671.7
1366260 671.7
1366270 672.0
1366280 672.6
1366290 672.6
1366300 673.5
1366310 674.2
1366320 674.2
1366330 674.9
1366340 675.2
1366350 675.2
1366360 675.5
1366370 676.0
1366380 676.0
1366390 676.5
1366400 677.1
1366410 677.1
1366420 677.8
1366430 678.4
1366440 678.4
1366450 679.0
1366460 679.5
1366470 679.5
1366480 681.3
1366490 685.9
1366500 685.9
1366510 690.5
1366520 692.0
1366530 692.0
1366540 693.1
1366550 694.7
1366560 695.9
1366570 695.9
1366580 696.3
1366590 697.4
1366600 697.4
1366610 696.4
1366620 698.9
1366630 698.9
1366640 703.7
1366650 705.1
1366660 705.1
1366670 702.4
1366680 704.2
1366690 704.2
1366700 706.2
1366710 708.1
1366720 708.1
1366730 708.6
1366740 708.5
1366750 710.7
1366760 709.2
1366770 708.8
1366780 708.8
1366790 708.1
1366800 708.6
1366810 708.6
1366820 707.7
1366830 706.1
1366840 706.1
1366850 703.6
1366860 702.6
1366870 702.6
1366880 703.2
1366890 706.1
1366900 706.1
1366910 708.3
1366920 708.6
1366930 708.6
1366940 709.0
1366950 708.4
1366960 707.8
1366970 707.8
1366980 706.1
1366990 703.6
1367000 703.6
1367010 700.5
1367020 697.5
1367030 697.5
1367040 695.4
1367050 693.2
1367060 693.2
1367070 690.3
1367080 687.9
1367090 687.9
1367100 687.3
1367110 687.3
1367120 687.3
1367130 687.5
1367140 688.0
1367150 688.0
1367160 688.4
1367170 688.8
1367180 688.8
1367190 688.8
1367200 688.5
1367210 688.5
1367220 688.3
1367230 688.4
1367240 688.4
1367250 688.6
1367260 688.7
1367270 688.7
1367280 688.6
1367290 688.4
1367300 688.4
1367310 688.3
1367320 688.4
1367330 688.4
1367340 688.4
1367350 688.2
1367360 688.2
1367370 688.0
1367380 687.7
1367390 687.5
1367400 687.5
1367410 687.3
1367420 687.5
1367430 687.5
1367440 687.5
1367450 687.5
1367460 687.5
1367470 688.0
1367480 688.1
1367490 688.1
1367500 687.9
1367510 687.7
1367520 687.7
1367530 687.9
1367540 688.3
1367550 688.3
1367560 688.7
1367570 689.2
1367580 689.2
1367590 689.3
1367600 689.3
1367610 689.3
1367620 689.2
1367630 689.3
1367640 689.3
1367650 689.4
1367660 689.6
1367670 689.6
1367680 689.7
1367690 689.8
1367700 689.8
1367710 690.6
1367720 691.9
1367730 691.9
1367740 692.5
1367750 693.2
1367760 693.2
1367770 694.0
1367780 695.1
1367790 696.1
1367800 696.1
1367810 697.0
1367820 697.7
1367830 697.7
1367840 702.4
1367850 701.8
1367860 701.8
1367870 700.6
1367880 699.2
1367890 699.2
1367900 698.4
1367910 698.9
1367920 698.9
1367930 699.8
1367940 699.9
1367950 699.9
1367960 700.3
1367970 700.8
1367980 700.8
1367990 700.9
1368000 700.9
1368010 700.9
1368020 701.0
1368030 701.5
1368040 701.5
1368050 702.4
1368060 703.0
1368070 703.0
1368080 703.3
1368090 703.5
1368100 703.5
1368110 703.8
1368120 704.8
1368130 704.8
1368140 705.6
1368150 706.3
1368160 706.3
1368170 706.9
1368180 708.0
1368190 708.0
1368200 707.5
1368210 705.9
1368220 704.9
1368230 704.9
1368240 704.4
1368250 703.4
1368260 703.4
1368270 702.6
1368280 703.0
1368290 703.0
1368300 703.6
1368310 704.0
1368320 704.0
1368330 704.1
1368340 704.9
1368350 704.9
1368360 706.7
1368370 708.3
1368380 708.3
1368390 712.1
1368400 717.8
1368410 717.8
1368420 723.0
1368430 727.4
1368440 727.4
1368450 730.1
1368460 731.8
1368470 731.8
1368480 733.0
1368490 734.2
1368500 734.2
1368510 735.5
1368520 736.9
1368530 736.9
1368540 738.2
1368550 739.5
1368560 739.5
1368570 740.8
1368580 742.5
1368590 742.5
1368600 744.1
1368610 744.9
1368620 745.8
1368630 745.8
1368640 747.5
1368650 749.0
1368660 749.0
1368670 749.8
1368680 751.7
1368690 751.7
1368700 753.6
1368710 755.2
1368720 755.2
1368730 756.9
1368740 759.1
1368750 759.1
1368760 761.6
1368770 763.8
1368780 763.8
1368790 765.3
1368800 766.7
1368810 766.7
1368820 768.4
1368830 769.4
1368840 769.4
1368850 770.3
1368860 771.5
1368870 771.5
1368880 772.7
1368890 774.4
1368900 774.4
1368910 776.5
1368920 779.0
1368930 779.0
1368940 781.4
1368950 782.0
1368960 782.0
1368970 783.6
1368980 784.7
1368990 784.7
1369000 785.6
1369010 786.4
1369020 787.7
1369030 787.7
1369040 788.8
1369050 789.3
1369060 789.3
1369070 789.3
1369080 789.4
1369090 789.4
1369100 789.2
1369110 789.0
1369120 789.0
1369130 788.7
1369140 788.6
1369150 788.6
1369160 788.6
1369170 788.1
1369180 788.1
1369190 786.9
1369200 785.7
1369210 785.7
1369220 784.7
1369230 784.0
1369240 784.0
1369250 783.7
1369260 784.1
1369270 784.1
1369280 785.0
1369290 786.0
1369300 786.0
1369310 786.7
1369320 786.7
1369330 786.7
1369340 786.1
1369350 785.6
1369360 785.6
1369370 785.2
1369380 784.8
1369390 784.8
1369400 784.2
1369410 783.4
1369420 783.4
1369430 782.8
1369440 782.1
1369450 781.2
1369460 781.2
1369470 780.4
1369480 779.6
1369490 779.6
1369500 778.9
1369510 778.2
1369520 778.2
1369530 777.6
1369540 776.9
1369550 776.9
1369560 776.1
1369570 775.1
1369580 775.1
1369590 773.9
1369600 772.9
1369610 772.9
1369620 771.9
1369630 770.8
1369640 770.8
1369650 769.7
1369660 768.3
1369670 768.3
1369680 766.8
1369690 765.2
1369700 765.2
1369710 763.5
1369720 762.0
1369730 762.0
1369740 760.3
1369750 758.3
1369760 758.3
1369770 756.1
1369780 754.4
1369790 754.4
1369800 752.7
1369810 751.1
1369820 751.1
1369830 749.1
1369840 746.9
1369850 744.6
1369860 744.6
1369870 742.4
1369880 740.0
1369890 740.0
1369900 737.6
1369910 735.1
1369920 735.1
1369930 732.8
1369940 730.5
1369950 730.5
1369960 728.5
1369970 726.5
1369980 726.5
1369990 724.7
1370000 723.3
1370010 723.3
1370020 722.4
1370030 721.1
1370040 721.1
1370050 721.2
1370060 721.3
1370070 721.3
1370080 721.2
1370090 721.1
1370100 721.1
1370110 720.9
1370120 720.8
1370130 720.8
1370140 720.9
1370150 720.7
1370160 720.7
1370170 719.9
1370180 718.9
1370190 718.9
1370200 717.5
1370210 715.3
1370220 715.3
1370230 712.7
1370240 710.0
1370250 707.1
1370260 707.1
1370270 704.0
1370280 701.0
1370290 701.0
1370300 698.6
1370310 696.1
1370320 696.1
1370330 694.3
1370340 693.6
1370350 693.6
1370360 693.4
1370370 693.4
1370380 693.4
1370390 692.9
1370400 692.5
1370410 692.5
1370420 691.9
1370430 691.2
1370440 691.2
1370450 691.0
1370460 690.7
1370470 690.7
1370480 690.4
1370490 690.1
1370500 690.1
1370510 690.0
1370520 690.0
1370530 690.0
1370540 690.1
1370550 690.1
1370560 690.1
1370570 690.6
1370580 691.1
1370590 691.1
1370600 691.5
1370610 691.8
1370620 691.8
1370630 692.3
1370640 693.0
1370650 693.0
1370660 693.6
1370670 694.4
1370680 695.4
1370690 695.4
1370700 696.5
1370710 697.8
1370720 697.8
1370730 699.0
1370740 699.9
1370750 699.9
1370760 700.5
1370770 700.9
1370780 700.9
1370790 700.8
1370800 700.9
1370810 700.9
1370820 701.4
1370830 701.6
1370840 701.6
1370850 701.8
1370860 701.7
1370870 701.7
1370880 701.5
1370890 701.2
1370900 701.2
1370910 700.6
1370920 699.8
1370930 699.8
1370940 699.0
1370950 698.3
1370960 698.3
1370970 698.2
1370980 698.4
1370990 698.4
1371000 698.6
1371010 699.0
1371020 699.0
1371030 699.3
1371040 699.5
1371050 699.5
1371060 699.7
1371070 699.9
1371080 700.1
1371090 700.1
1371100 700.2
1371110 700.1
1371120 700.1
1371130 699.7
1371140 699.2
1371150 699.2
1371160 697.1
1371170 699.0
1371180 700.0
1371190 701.0
1371200 701.8
1371210 701.8
1371220 702.7
1371230 703.5
1371240 703.5
1371250 704.2
1371260 704.7
1371270 704.7
1371280 705.2
1371290 705.7
1371300 705.7
1371310 706.4
1371320 707.2
1371330 707.2
1371340 707.9
1371350 708.4
1371360 708.4
1371370 709.0
1371380 709.3
1371390 709.3
1371400 709.6
1371410 710.0
1371420 710.0
1371430 710.2
1371440 710.8
1371450 710.8
1371460 711.4
1371470 712.1
1371480 712.1
1371490 712.8
1371500 713.7
1371510 714.2
1371520 714.2
1371530 714.7
1371540 714.9
1371550 714.9
1371560 715.4
1371570 716.3
1371580 716.3
1371590 716.9
1371600 717.2
1371610 717.2
1371620 717.4
1371630 717.7
1371640 717.7
1371650 717.8
1371660 718.1
1371670 718.1
1371680 718.3
1371690 718.1
1371700 718.1
1371710 718.1
1371720 718.5
1371730 718.5
1371740 718.9
1371750 719.1
1371760 719.1
1371770 719.1
1371780 718.8
1371790 718.8
1371800 717.7
1371810 718.9
1371820 718.9
1371830 720.1
1371840 719.4
1371850 719.4
1371860 718.7
1371870 718.7
1371880 718.7
1371890 719.3
1371900 719.3
1371910 716.8
1371920 716.8
1371930 716.1
1371940 716.1
1371950 716.1
1371960 716.4
1371970 716.9
1371980 716.9
1371990 717.3
1372000 717.9
1372010 717.9
1372020 718.3
1372030 718.3
1372040 718.3
1372050 717.8
1372060 719.1
1372070 719.1
1372080 719.9
1372090 720.3
1372100 720.3
1372110 721.1
1372120 720.8
1372130 720.8
1372140 720.8
1372150 721.5
1372160 721.5
1372170 721.6
1372180 722.0
1372190 722.0
1372200 721.9
1372210 721.3
1372220 721.3
1372230 720.8
1372240 721.0
1372250 721.0
1372260 721.0
1372270 721.5
1372280 721.5
1372290 722.0
1372300 722.3
1372310 722.8
1372320 725.6
1372330 725.7
1372340 725.5
1372350 725.5
1372360 725.8
1372370 726.2
1372380 726.2
1372390 726.8
1372400 727.3
1372410 727.3
1372420 727.8
1372430 728.0
1372440 728.0
1372450 728.5
1372460 729.5
1372470 729.5
1372480 729.4
1372490 729.4
1372500 729.4
1372510 730.5
1372520 731.6
1372530 731.6
1372540 732.9
1372550 734.6
1372560 734.6
1372570 736.4
1372580 738.7
1372590 738.7
1372600 741.0
1372610 744.6
1372620 744.6
1372630 748.3
1372640 751.1
1372650 751.1
1372660 753.9
1372670 756.5
1372680 756.5
1372690 758.4
1372700 760.2
1372710 760.2
1372720 762.7
1372730 765.6
1372740 768.1
1372750 768.1
1372760 770.2
1372770 772.5
1372780 772.5
1372790 775.2
1372800 777.6
1372810 777.6
1372820 780.4
1372830 782.3
1372840 782.3
1372850 782.6
1372860 782.4
1372870 782.4
1372880 783.3
1372890 783.8
1372900 783.8
1372910 783.8
1372920 782.9
1372930 782.9
1372940 781.0
1372950 777.9
1372960 777.9
1372970 776.0
1372980 776.5
1372990 776.5
1373000 777.9
1373010 777.0
1373020 777.0
1373030 774.8
1373040 773.9
1373050 773.9
1373060 774.4
1373070 777.1
1373080 777.1
1373090 783.8
1373100 790.6
1373110 790.6
1373120 794.8
1373130 796.2
1373140 797.4
1373150 797.4
1373160 798.8
1373170 798.8
1373180 798.8
1373190 797.5
1373200 795.9
1373210 795.9
1373220 794.8
1373230 795.3
1373240 795.3
1373250 795.6
1373260 793.0
1373270 793.0
1373280 792.6
1373290 793.2
1373300 793.2
1373310 796.0
1373320 796.1
1373330 796.1
1373340 799.5
1373350 803.1
1373360 803.1
1373370 802.4
1373380 802.7
1373390 802.7
1373400 805.2
1373410 807.7
1373420 807.7
1373430 808.7
1373440 809.4
1373450 809.4
1373460 810.0
1373470 819.6
1373480 819.6
1373490 819.4
1373500 818.4
1373510 818.4
1373520 818.7
1373530 820.1
1373540 822.3
1373550 822.3
1373560 824.6
1373570 826.7
1373580 826.7
1373590 828.5
1373600 829.9
1373610 829.9
1373620 832.2
1373630 834.6
1373640 834.6
1373650 836.5
1373660 838.7
1373670 838.7
1373680 842.4
1373690 847.1
1373700 847.1
1373710 849.3
1373720 849.2
1373730 849.2
1373740 849.3
1373750 848.1
1373760 848.1
1373770 841.0
1373780 820.5
1373790 820.5
1373800 807.0
1373810 796.4
1373820 796.4
1373830 785.1
1373840 769.3
1373850 769.3
1373860 760.6
1373870 756.6
1373880 756.6
1373890 752.6
1373900 748.5
1373910 748.5
1373920 744.4
1373930 741.0
1373940 741.0
1373950 739.0
1373960 738.5
1373970 739.9
1373980 739.9
1373990 738.1
1374000 736.9
1374010 736.9
1374020 738.2
1374030 740.8
1374040 740.8
1374050 742.4
1374060 742.4
1374070 742.4
1374080 742.0
1374090 743.0
1374100 743.0
1374110 744.1
1374120 745.0
1374130 745.0
1374140 744.7
1374150 743.9
1374160 743.9
1374170 743.2
1374180 742.4
1374190 742.4
1374200 739.9
1374210 735.9
1374220 735.9
1374230 733.5
1374240 732.0
1374250 732.0
1374260 729.9
1374270 727.3
1374280 727.3
1374290 725.2
1374300 723.2
1374310 723.2
1374320 721.9
1374330 720.3
1374340 720.3
1374350 719.9
1374360 719.9
1374370 719.4
1374380 719.4
1374390 718.3
1374400 717.4
1374410 717.4
1374420 716.1
1374430 714.0
1374440 714.0
1374450 712.0
1374460 713.4
1374470 713.4
1374480 717.6
1374490 713.5
1374500 713.5
1374510 705.2
1374520 698.7
1374530 698.7
1374540 696.7
1374550 696.4
1374560 696.4
1374570 696.0
1374580 696.9
1374590 696.9
1374600 697.4
1374610 698.0
1374620 698.0
1374630 698.4
1374640 698.9
1374650 698.9
1374660 699.7
1374670 700.6
1374680 700.6
1374690 701.5
1374700 706.0
1374710 706.0
1374720 712.9
1374730 719.0
1374740 719.0
1374750 725.1
1374760 733.0
1374770 733.0
1374780 741.3
1374790 745.5
1374800 746.1
1374810 746.1
1374820 746.6
1374830 747.2
1374840 747.2
1374850 747.8
1374860 748.4
1374870 748.4
1374880 748.1
1374890 745.9
1374900 745.9
1374910 745.8
1374920 747.1
1374930 747.1
1374940 747.8
1374950 748.0
1374960 748.0
1374970 748.2
1374980 748.3
1374990 748.3
1375000 748.3
1375010 748.4
1375020 748.4
1375030 748.6
1375040 749.0
1375050 749.0
1375060 749.3
1375070 749.7
1375080 749.7
1375090 750.0
1375100 750.7
1375110 750.7
1375120 751.1
1375130 751.2
1375140 751.2
1375150 751.3
1375160 751.4
1375170 751.4
1375180 751.7
1375190 752.0
1375200 752.2
1375210 752.2
1375220 752.3
1375230 752.4
1375240 752.4
1375250 752.8
1375260 753.3
1375270 753.3
1375280 754.0
1375290 754.8
1375300 754.8
1375310 755.3
1375320 756.0
1375330 756.0
1375340 756.8
1375350 757.4
1375360 757.4
1375370 757.9
1375380 758.3
1375390 758.3
1375400 758.7
1375410 759.0
1375420 759.0
1375430 759.0
1375440 758.8
1375450 758.8
1375460 758.2
1375470 757.3
1375480 757.3
1375490 756.6
1375500 755.7
1375510 755.7
1375520 755.2
1375530 755.3
1375540 755.3
1375550 755.7
1375560 756.1
1375570 756.1
1375580 756.6
1375590 757.3
1375600 758.2
1375610 758.2
1375620 759.2
1375630 759.7
1375640 759.7
1375650 759.8
1375660 759.6
1375670 759.6
1375680 759.1
1375690 758.5
1375700 758.5
1375710 758.2
1375720 757.6
1375730 757.6
1375740 757.0
1375750 756.6
1375760 756.6
1375770 756.4
1375780 756.2
1375790 756.2
1375800 758.1
1375810 757.5
1375820 757.5
1375830 756.4
1375840 755.1
1375850 755.1
1375860 754.0
1375870 753.1
1375880 753.1
1375890 752.4
1375900 752.3
1375910 752.3
1375920 752.6
1375930 753.1
1375940 753.1
1375950 753.7
1375960 754.8
1375970 754.8
1375980 756.6
1375990 759.4
1376000 759.4
1376010 762.3
1376020 765.1
1376030 767.9
1376040 767.9
1376050 770.0
1376060 771.1
1376070 771.1
1376080 772.0
1376090 772.5
1376100 772.5
1376110 772.7
1376120 772.6
1376130 772.6
1376140 772.3
1376150 771.4
1376160 771.4
1376170 770.0
1376180 768.0
1376190 768.0
1376200 765.7
1376210 763.1
1376220 763.1
1376230 760.2
1376240 757.4
1376250 757.4
1376260 755.2
1376270 753.2
1376280 753.2
1376290 750.9
1376300 748.9
1376310 748.9
1376320 746.8
1376330 744.7
1376340 744.7
1376350 742.8
1376360 740.9
1376370 740.9
1376380 738.6
1376390 736.3
1376400 736.3
1376410 733.7
1376420 731.2
1376430 728.3
1376440 728.3
1376450 725.2
1376460 721.9
1376470 721.9
1376480 718.6
1376490 715.4
1376500 715.4
1376510 712.3
1376520 710.1
1376530 710.1
1376540 708.4
1376550 706.5
1376560 706.5
1376570 704.6
1376580 702.8
1376590 702.8
1376600 701.7
1376610 701.8
1376620 701.8
1376630 701.9
1376640 704.3
1376650 704.3
1376660 709.5
1376670 713.7
1376680 713.7
1376690 717.3
1376700 720.1
1376710 720.1
1376720 722.6
1376730 725.3
1376740 725.3
1376750 728.6
1376760 731.3
1376770 731.3
1376780 734.5
1376790 737.6
1376800 737.6
1376810 740.6
1376820 743.2
1376830 745.3
1376840 745.3
1376850 746.8
1376860 747.6
1376870 747.6
1376880 747.8
1376890 747.7
1376900 747.7
1376910 747.5
1376920 747.5
1376930 747.5
1376940 748.0
1376950 749.0
1376960 749.0
1376970 749.2
1376980 748.2
1376990 745.9
1377000 744.7
1377010 742.3
1377020 742.3
1377030 738.8
1377040 734.6
1377050 734.6
1377060 730.3
1377070 726.6
1377080 726.6
1377090 723.6
1377100 721.5
1377110 721.5
1377120 719.8
1377130 718.2
1377140 718.2
1377150 716.4
1377160 714.4
1377170 714.4
1377180 712.4
1377190 710.4
1377200 710.4
1377210 707.8
1377220 704.6
1377230 704.6
1377240 700.1
1377250 697.1
1377260 695.5
1377270 695.5
1377280 693.1
1377290 691.0
1377300 691.0
1377310 688.3
1377320 686.4
1377330 686.4
1377340 684.1
1377350 681.6
1377360 681.6
1377370 679.5
1377380 677.8
1377390 677.8
1377400 676.2
1377410 674.7
1377420 674.7
1377430 673.4
1377440 672.2
1377450 672.2
1377460 671.1
1377470 670.4
1377480 670.4
1377490 669.5
1377500 668.6
1377510 668.6
1377520 667.6
1377530 666.6
1377540 666.6
1377550 666.5
1377560 666.1
1377570 666.1
1377580 665.7
1377590 665.3
1377600 665.3
1377610 664.8
1377620 664.8
1377630 664.8
1377640 664.8
1377650 664.6
1377660 664.5
1377670 664.5
1377680 664.3
1377690 664.2
1377700 664.2
1377710 664.1
1377720 664.1
1377730 664.1
1377740 664.3
1377750 664.3
1377760 664.3
1377770 664.6
1377780 665.3
1377790 665.3
1377800 665.8
1377810 666.3
1377820 666.3
1377830 666.6
1377840 666.9
1377850 666.9
1377860 667.4
1377870 668.0
1377880 668.0
1377890 668.2
1377900 668.3
1377910 668.3
1377920 668.0
1377930 667.5
1377940 667.5
1377950 666.7
1377960 666.0
1377970 666.0
1377980 665.6
1377990 664.8
1378000 664.8
1378010 662.3
1378020 657.1
1378030 657.1
1378040 654.4
1378050 656.1
1378060 660.4
1378070 660.4
1378080 663.6
1378090 664.6
1378100 664.6
1378110 664.4
1378120 663.9
1378130 663.9
1378140 663.3
1378150 662.8
1378160 662.8
1378170 662.3
1378180 661.8
1378190 662.1
1378200 661.7
1378210 661.6
1378220 661.6
1378230 661.6
1378240 661.8
1378250 661.8
1378260 661.7
1378270 661.7
1378280 661.7
1378290 661.6
1378300 661.5
1378310 661.5
1378320 661.2
1378330 660.9
1378340 660.9
1378350 660.5
1378360 659.9
1378370 659.9
1378380 659.3
1378390 658.7
1378400 658.7
1378410 658.1
1378420 657.7
1378430 657.7
1378440 657.3
1378450 656.8
1378460 656.8
1378470 656.5
1378480 656.4
1378490 656.2
1378500 656.2
1378510 656.0
1378520 655.9
1378530 655.9
1378540 655.7
1378550 655.4
1378560 655.4
1378570 655.2
1378580 654.9
1378590 654.9
1378600 655.1
1378610 655.7
1378620 655.7
1378630 656.4
1378640 657.0
1378650 657.0
1378660 657.3
1378670 657.0
1378680 657.0
1378690 656.1
1378700 655.0
1378710 655.0
1378720 653.9
1378730 652.8
1378740 652.8
1378750 651.0
1378760 645.9
1378770 645.9
1378780 638.2
1378790 631.6
1378800 631.6
1378810 629.4
1378820 629.8
1378830 629.8
1378840 631.6
1378850 638.8
1378860 638.8
1378870 647.6
1378880 652.7
1378890 656.4
1378900 656.4
1378910 661.3
1378920 665.2
1378930 665.2
1378940 668.2
1378950 670.6
1378960 670.6
1378970 674.3
1378980 679.9
1378990 679.9
1379000 685.3
1379010 688.8
1379020 688.8
1379030 690.4
1379040 691.8
1379050 691.8
1379060 694.1
1379070 696.5
1379080 696.5
1379090 698.2
1379100 699.2
1379110 699.2
1379120 700.9
1379130 704.6
1379140 704.6
1379150 708.2
1379160 710.1
1379170 710.1
1379180 711.2
1379190 711.5
1379200 711.5
1379210 711.5
1379220 711.4
1379230 711.4
1379240 711.0
1379250 710.0
1379260 710.0
1379270 708.9
1379280 707.9
1379290 707.9
1379300 706.8
1379310 706.9
1379320 707.4
1379330 707.4
1379340 707.3
1379350 707.2
1379360 707.2
1379370 707.0
1379380 706.8
1379390 706.8
1379400 707.4
1379410 707.7
1379420 707.7
1379430 708.5
1379440 709.6
1379450 709.6
1379460 711.2
1379470 713.2
1379480 713.2
1379490 714.6
1379500 715.6
1379510 715.6
1379520 716.0
1379530 716.9
1379540 716.9
1379550 717.7
1379560 717.7
1379570 717.7
1379580 717.4
1379590 717.6
1379600 717.6
1379610 718.5
1379620 720.1
1379630 720.1
1379640 722.6
1379650 725.6
1379660 725.6
1379670 729.5
1379680 733.1
1379690 733.1
1379700 736.4
1379710 739.1
1379720 740.2
1379730 740.2
1379740 740.6
1379750 740.6
1379760 740.6
1379770 740.1
1379780 739.6
1379790 739.6
1379800 739.1
1379810 738.5
1379820 738.5
1379830 737.2
1379840 736.0
1379850 736.0
1379860 736.1
1379870 736.6
1379880 736.6
1379890 737.1
1379900 737.4
1379910 737.4
1379920 737.3
1379930 736.9
1379940 736.9
1379950 736.0
1379960 734.4
1379970 734.4
1379980 732.5
1379990 730.9
