1360000 484.3
1360010 484.3
1360020 484.5
1360030 484.5
1360040 484.8
1360050 485.2
1360060 485.2
1360070 485.5
1360080 485.3
1360090 485.3
1360100 485.3
1360110 485.5
1360120 485.5
1360130 485.8
1360140 485.8
1360150 485.8
1360160 485.8
1360170 485.7
1360180 485.7
1360190 485.6
1360200 485.4
1360210 485.4
1360220 485.2
1360230 485.2
1360240 485.2
1360250 486.7
1360260 489.7
1360270 489.7
1360280 491.4
1360290 491.5
1360300 491.5
1360310 491.5
1360320 491.6
1360330 491.6
1360340 491.9
1360350 492.0
1360360 492.0
1360370 492.2
1360380 492.4
1360390 492.4
1360400 492.4
1360410 492.5
1360420 492.5
1360430 492.5
1360440 492.5
1360450 492.5
1360460 492.5
1360470 492.5
1360480 492.6
1360490 492.6
1360500 492.7
1360510 492.7
1360520 492.7
1360530 492.4
1360540 492.1
1360550 492.1
1360560 492.7
1360570 492.9
1360580 492.8
1360590 493.0
1360600 493.2
1360610 493.2
1360620 493.3
1360630 493.4
1360640 493.4
1360650 493.3
1360660 493.3
1360670 493.3
1360680 493.6
1360690 493.7
1360700 493.7
1360710 493.7
1360720 493.8
1360730 493.8
1360740 493.8
1360750 493.8
1360760 493.8
1360770 493.8
1360780 493.7
1360790 493.7
1360800 493.7
1360810 493.6
1360820 493.6
1360830 493.5
1360840 493.4
1360850 493.6
1360860 493.6
1360870 493.6
1360880 493.4
1360890 493.4
1360900 493.4
1360910 493.5
1360920 493.5
1360930 493.6
1360940 493.5
1360950 493.5
1360960 493.6
1360970 493.6
1360980 493.6
1360990 493.5
1361000 493.6
1361010 493.6
1361020 493.7
1361030 493.7
1361040 493.7
1361050 493.7
1361060 493.8
1361070 493.8
1361080 493.9
1361090 494.1
1361100 494.1
1361110 494.3
1361120 494.4
1361130 494.4
1361140 494.5
1361150 495.0
1361160 495.0
1361170 494.9
1361180 494.7
1361190 494.7
1361200 494.7
1361210 494.7
1361220 494.7
1361230 494.8
1361240 494.9
1361250 494.9
1361260 495.0
1361270 495.1
1361280 495.2
1361290 495.2
1361300 495.2
1361310 495.2
1361320 495.2
1361330 495.2
1361340 495.3
1361350 495.3
1361360 495.3
1361370 495.5
1361380 495.5
1361390 496.0
1361400 497.2
1361410 497.2
1361420 498.1
1361430 498.0
1361440 498.0
1361450 497.8
1361460 498.1
1361470 498.1
1361480 498.5
1361490 498.7
1361500 498.7
1361510 499.1
1361520 499.8
1361530 499.8
1361540 500.1
1361550 500.2
1361560 500.2
1361570 500.7
1361580 501.4
1361590 501.4
1361600 502.2
1361610 502.4
1361620 502.9
1361630 503.0
1361640 504.1
1361650 504.1
1361660 505.5
1361670 506.3
1361680 507.5
1361690 507.5
1361700 509.6
1361710 512.1
1361720 512.1
1361730 514.4
1361740 516.8
1361750 516.8
1361760 518.8
1361770 520.9
1361780 520.9
1361790 522.6
1361800 527.1
1361810 527.1
1361820 533.2
1361830 536.7
1361840 536.7
1361850 539.5
1361860 542.5
1361870 542.5
1361880 544.1
1361890 544.7
1361900 544.7
1361910 545.2
1361920 546.1
1361930 546.1
1361940 547.5
1361950 549.1
1361960 549.1
1361970 550.6
1361980 551.9
1361990 551.9
1362000 553.1
1362010 554.1
1362020 554.1
1362030 554.7
1362040 554.5
1362050 554.5
1362060 552.6
1362070 552.1
1362080 552.1
1362090 554.1
1362100 556.6
1362110 557.2
1362120 557.2
1362130 557.7
1362140 558.5
1362150 558.5
1362160 559.3
1362170 560.0
1362180 560.0
1362190 560.6
1362200 561.5
1362210 561.5
1362220 562.5
1362230 563.3
1362240 563.3
1362250 564.0
1362260 564.8
1362270 564.8
1362280 565.6
1362290 566.2
1362300 566.2
1362310 566.7
1362320 567.0
1362330 567.0
1362340 567.2
1362350 567.5
1362360 567.5
1362370 567.7
1362380 567.9
1362390 567.9
1362400 567.8
1362410 563.6
1362420 563.6
1362430 554.9
1362440 548.8
1362450 548.8
1362460 552.2
1362470 558.3
1362480 558.3
1362490 561.1
1362500 561.8
1362510 562.1
1362520 562.1
1362530 562.3
1362540 562.8
1362550 562.8
1362560 564.7
1362570 568.7
1362580 568.7
1362590 572.4
1362600 573.7
1362610 573.7
1362620 574.8
1362630 576.0
1362640 576.0
1362650 577.3
1362660 578.5
1362670 578.5
1362680 579.7
1362690 580.7
1362700 580.7
1362710 581.7
1362720 582.7
1362730 582.7
1362740 583.7
1362750 585.5
1362760 585.5
1362770 587.5
1362780 589.1
1362790 589.1
1362800 590.6
1362810 592.0
1362820 592.0
1362830 593.3
1362840 594.3
1362850 594.3
1362860 595.2
1362870 596.2
1362880 596.2
1362890 597.1
1362900 597.7
1362910 598.4
1362920 598.4
1362930 599.1
1362940 599.7
1362950 599.7
1362960 600.1
1362970 600.3
1362980 600.3
1362990 600.8
1363000 601.4
1363010 601.4
1363020 602.0
1363030 602.6
1363040 602.6
1363050 604.1
1363060 603.9
1363070 603.9
1363080 605.1
1363090 606.2
1363100 606.2
1363110 607.5
1363120 609.3
1363130 609.3
1363140 611.7
1363150 614.0
1363160 614.0
1363170 615.3
1363180 614.6
1363190 614.6
1363200 613.2
1363210 611.7
1363220 611.7
1363230 610.4
1363240 609.5
1363250 609.5
1363260 609.2
1363270 609.1
1363280 609.1
1363290 608.9
1363300 608.9
1363310 608.9
1363320 609.1
1363330 609.2
1363340 609.3
1363350 609.3
1363360 609.3
1363370 609.0
1363380 609.0
1363390 608.9
1363400 609.1
1363410 609.1
1363420 609.5
1363430 610.3
1363440 610.3
1363450 611.1
1363460 611.8
1363470 611.8
1363480 612.4
1363490 612.8
1363500 612.8
1363510 613.3
1363520 614.0
1363530 614.0
1363540 614.7
1363550 615.6
1363560 615.6
1363570 616.5
1363580 616.7
1363590 616.7
1363600 616.6
1363610 616.5
1363620 616.5
1363630 616.8
1363640 617.4
1363650 617.4
1363660 618.2
1363670 619.0
1363680 619.0
1363690 619.6
1363700 620.1
1363710 620.1
1363720 620.6
1363730 623.0
1363740 623.7
1363750 623.7
1363760 624.6
1363770 625.8
1363780 625.8
1363790 627.2
1363800 628.5
1363810 628.5
1363820 629.6
1363830 630.5
1363840 630.5
1363850 631.2
1363860 631.9
1363870 631.9
1363880 632.6
1363890 633.1
1363900 633.1
1363910 633.7
1363920 633.9
1363930 633.9
1363940 633.7
1363950 633.0
1363960 633.0
1363970 632.1
1363980 631.3
1363990 631.3
1364000 630.8
1364010 630.7
1364020 630.7
1364030 630.4
1364040 628.0
1364050 628.0
1364060 625.5
1364070 623.6
1364080 623.6
1364090 626.2
1364100 628.3
1364110 628.3
1364120 629.0
1364130 630.3
1364140 630.3
1364150 631.1
1364160 631.9
1364170 632.4
1364180 632.4
1364190 632.6
1364200 633.3
1364210 633.3
1364220 633.4
1364230 633.1
1364240 633.1
1364250 632.4
1364260 629.7
1364270 629.7
1364280 625.4
1364290 627.1
1364300 627.1
1364310 631.9
1364320 633.2
1364330 633.2
1364340 633.7
1364350 634.1
1364360 634.1
1364370 634.5
1364380 634.7
1364390 634.7
1364400 634.7
1364410 634.5
1364420 634.5
1364430 634.4
1364440 634.3
1364450 634.3
1364460 634.2
1364470 634.1
1364480 634.1
1364490 634.0
1364500 634.1
1364510 634.1
1364520 634.5
1364530 634.8
1364540 634.8
1364550 635.0
1364560 635.0
1364570 635.1
1364580 635.1
1364590 635.2
1364600 635.2
1364610 635.2
1364620 634.6
1364630 634.3
1364640 634.3
1364650 634.1
1364660 634.1
1364670 634.1
1364680 634.3
1364690 635.0
1364700 635.0
1364710 636.3
1364720 637.9
1364730 637.9
1364740 639.2
1364750 639.9
1364760 639.9
1364770 640.5
1364780 641.6
1364790 642.8
1364800 643.8
1364810 644.6
1364820 644.6
1364830 645.2
1364840 645.9
1364850 645.9
1364860 646.7
1364870 647.3
1364880 647.3
1364890 647.9
1364900 648.5
1364910 648.5
1364920 649.0
1364930 649.9
1364940 649.9
1364950 651.3
1364960 652.9
1364970 654.6
1364980 654.6
1364990 656.5
1365000 658.3
1365010 658.3
1365020 659.5
1365030 660.5
1365040 660.5
1365050 660.7
1365060 660.7
1365070 660.7
1365080 661.1
1365090 661.5
1365100 661.5
1365110 661.9
1365120 662.0
1365130 662.0
1365140 661.8
1365150 661.3
1365160 661.3
1365170 660.7
1365180 659.9
1365190 659.9
1365200 659.4
1365210 659.1
1365220 659.1
1365230 658.8
1365240 658.6
1365250 658.6
1365260 657.7
1365270 657.0
1365280 657.0
1365290 656.3
1365300 655.9
1365310 655.9
1365320 655.7
1365330 655.5
1365340 655.5
1365350 655.5
1365360 655.7
1365370 655.7
1365380 655.9
1365390 657.1
1365400 659.1
1365410 659.1
1365420 659.3
1365430 658.3
1365440 658.3
1365450 657.9
1365460 657.5
1365470 657.5
1365480 657.1
1365490 656.5
1365500 656.5
1365510 656.0
1365520 655.6
1365530 655.6
1365540 655.2
1365550 654.7
1365560 654.7
1365570 654.4
1365580 655.4
1365590 655.4
1365600 656.3
1365610 656.4
1365620 656.4
1365630 656.6
1365640 657.5
1365650 657.5
1365660 658.4
1365670 658.2
1365680 658.2
1365690 656.8
1365700 655.8
1365710 655.8
1365720 655.5
1365730 655.9
1365740 655.9
1365750 656.0
1365760 655.4
1365770 655.4
1365780 654.7
1365790 654.0
1365800 653.3
1365810 653.3
1365820 652.8
1365830 652.4
1365840 652.4
1365850 651.7
1365860 651.0
1365870 652.2
1365880 651.2
1365890 649.3
1365900 649.3
1365910 648.9
1365920 649.1
1365930 649.1
1365940 649.5
1365950 649.3
1365960 649.3
1365970 649.2
1365980 649.4
1365990 649.4
1366000 650.0
1366010 650.1
1366020 650.1
1366030 649.8
1366040 648.1
1366050 648.1
1366060 644.3
1366070 642.6
1366080 642.6
1366090 643.6
1366100 644.9
1366110 644.9
1366120 646.2
1366130 647.3
1366140 647.3
1366150 647.8
1366160 648.3
1366170 648.3
1366180 648.8
1366190 649.5
1366200 649.5
1366210 650.2
1366220 650.8
1366230 651.4
1366240 651.4
1366250 651.8
1366260 652.2
1366270 652.2
1366280 652.5
1366290 651.7
1366300 651.7
1366310 649.4
1366320 648.9
1366330 648.9
1366340 649.1
1366350 649.3
1366360 649.3
1366370 649.4
1366380 649.4
1366390 649.4
1366400 648.8
1366410 648.7
1366420 648.7
1366430 649.8
1366440 652.0
1366450 652.0
1366460 652.2
1366470 653.4
1366480 653.4
1366490 655.3
1366500 655.9
1366510 655.9
1366520 656.9
1366530 657.9
1366540 657.9
1366550 658.7
1366560 660.0
1366570 660.0
1366580 662.3
1366590 665.4
1366600 665.4
1366610 668.2
1366620 669.8
1366630 670.1
1366640 670.1
1366650 669.9
1366660 670.0
1366670 670.0
1366680 670.2
1366690 670.6
1366700 670.6
1366710 671.3
1366720 672.7
1366730 672.7
1366740 674.0
1366750 675.3
1366760 675.3
1366770 676.2
1366780 676.7
1366790 676.7
1366800 676.8
1366810 676.7
1366820 676.7
1366830 676.6
1366840 676.2
1366850 676.2
1366860 675.9
1366870 675.8
1366880 675.8
1366890 676.1
1366900 676.8
1366910 676.8
1366920 677.5
1366930 678.3
1366940 678.3
1366950 679.5
1366960 679.4
1366970 679.4
1366980 678.9
1366990 678.1
1367000 678.1
1367010 677.2
1367020 676.3
1367030 676.3
1367040 675.4
1367050 674.7
1367060 675.2
1367070 675.2
1367080 675.4
1367090 675.2
1367100 675.2
1367110 674.9
1367120 675.1
1367130 675.1
1367140 675.5
1367150 675.7
1367160 675.7
1367170 675.9
1367180 676.1
1367190 676.1
1367200 676.5
1367210 676.7
1367220 676.7
1367230 677.1
1367240 677.4
1367250 677.4
1367260 677.4
1367270 677.6
1367280 677.6
1367290 677.7
1367300 678.1
1367310 678.1
1367320 678.1
1367330 677.9
1367340 677.9
1367350 677.5
1367360 677.5
1367370 677.5
1367380 677.7
1367390 678.0
1367400 678.0
1367410 678.7
1367420 679.3
1367430 679.3
1367440 679.8
1367450 680.2
1367460 680.6
1367470 680.6
1367480 680.9
1367490 681.3
1367500 681.3
1367510 682.0
1367520 682.6
1367530 682.6
1367540 682.4
1367550 682.6
1367560 682.6
1367570 683.0
1367580 683.8
1367590 683.8
1367600 684.1
1367610 684.1
1367620 684.1
1367630 684.2
1367640 684.4
1367650 684.4
1367660 684.6
1367670 684.9
1367680 684.9
1367690 685.2
1367700 685.5
1367710 685.5
1367720 685.8
1367730 686.1
1367740 686.1
1367750 686.3
1367760 686.6
1367770 686.6
1367780 686.9
1367790 687.2
1367800 687.2
1367810 687.4
1367820 687.8
1367830 687.8
1367840 688.0
1367850 688.3
1367860 688.6
1367870 688.6
1367880 689.0
1367890 689.9
1367900 689.9
1367910 690.4
1367920 690.4
1367930 690.4
1367940 690.5
1367950 690.7
1367960 690.7
1367970 691.1
1367980 691.6
1367990 691.6
1368000 692.0
1368010 692.4
1368020 692.4
1368030 692.8
1368040 693.0
1368050 693.0
1368060 693.2
1368070 693.4
1368080 693.4
1368090 693.6
1368100 694.0
1368110 694.0
1368120 694.3
1368130 694.7
1368140 694.7
1368150 695.1
1368160 695.5
1368170 695.5
1368180 695.7
1368190 695.8
1368200 695.8
1368210 695.8
1368220 695.8
1368230 695.8
1368240 695.9
1368250 696.1
1368260 696.1
1368270 696.3
1368280 696.5
1368290 696.8
1368300 696.8
1368310 697.2
1368320 697.4
1368330 697.4
1368340 697.4
1368350 697.4
1368360 697.4
1368370 697.6
1368380 698.1
1368390 698.1
1368400 699.1
1368410 699.8
1368420 699.8
1368430 699.8
1368440 700.9
1368450 700.9
1368460 702.4
1368470 704.3
1368480 704.3
1368490 705.2
1368500 705.8
1368510 705.8
1368520 707.3
1368530 709.0
1368540 709.0
1368550 710.9
1368560 712.8
1368570 712.8
1368580 714.6
1368590 716.1
1368600 716.1
1368610 717.9
1368620 719.9
1368630 719.9
1368640 721.7
1368650 723.6
1368660 723.6
1368670 725.2
1368680 726.1
1368690 726.9
1368700 726.9
1368710 727.9
1368720 729.0
1368730 729.0
1368740 730.1
1368750 731.4
1368760 731.4
1368770 732.8
1368780 733.7
1368790 733.7
1368800 734.3
1368810 734.9
1368820 734.9
1368830 735.7
1368840 736.7
1368850 736.7
1368860 737.7
1368870 738.9
1368880 738.9
1368890 740.4
1368900 741.8
1368910 741.8
1368920 742.7
1368930 743.0
1368940 743.0
1368950 743.8
1368960 744.3
1368970 744.3
1368980 744.4
1368990 744.6
1369000 744.6
1369010 745.0
1369020 745.5
1369030 745.5
1369040 745.9
1369050 746.6
1369060 746.6
1369070 747.4
1369080 748.0
1369090 748.0
1369100 748.6
1369110 749.3
1369120 749.9
1369130 749.9
1369140 750.2
1369150 752.2
1369160 752.2
1369170 752.4
1369180 752.8
1369190 752.8
1369200 753.3
1369210 753.5
1369220 753.5
1369230 753.8
1369240 754.1
1369250 754.1
1369260 754.3
1369270 754.5
1369280 754.5
1369290 754.6
1369300 754.6
1369310 754.6
1369320 754.6
1369330 754.5
1369340 754.5
1369350 754.3
1369360 753.9
1369370 753.9
1369380 753.4
1369390 753.5
1369400 753.5
1369410 753.8
1369420 753.9
1369430 753.9
1369440 753.3
1369450 752.7
1369460 752.7
1369470 752.2
1369480 751.7
1369490 751.7
1369500 751.3
1369510 750.9
1369520 750.4
1369530 750.4
1369540 749.9
1369550 749.3
1369560 749.3
1369570 748.2
1369580 746.7
1369590 746.7
1369600 745.6
1369610 745.4
1369620 745.4
1369630 744.9
1369640 744.8
1369650 744.8
1369660 744.4
1369670 743.9
1369680 743.9
1369690 743.3
1369700 742.4
1369710 742.4
1369720 741.2
1369730 739.5
1369740 739.5
1369750 738.0
1369760 736.9
1369770 736.9
1369780 735.7
1369790 734.9
1369800 734.9
1369810 734.3
1369820 733.5
1369830 733.5
1369840 732.5
1369850 731.5
1369860 731.5
1369870 730.4
1369880 729.3
1369890 729.3
1369900 728.2
1369910 727.4
1369920 726.8
1369930 726.8
1369940 726.2
1369950 725.2
1369960 725.2
1369970 723.8
1369980 722.0
1369990 722.0
1370000 720.3
1370010 718.9
1370020 718.9
1370030 717.7
1370040 716.6
1370050 716.6
1370060 715.5
1370070 714.8
1370080 714.8
1370090 714.6
1370100 714.6
1370110 714.6
1370120 714.8
1370130 715.0
1370140 715.0
1370150 715.0
1370160 714.6
1370170 714.6
1370180 713.4
1370190 711.6
1370200 711.6
1370210 709.7
1370220 708.2
1370230 708.2
1370240 707.0
1370250 705.7
1370260 705.5
1370270 704.9
1370280 704.3
1370290 704.3
1370300 703.6
1370310 702.6
1370320 702.6
1370330 701.5
1370340 700.3
1370350 699.2
1370360 699.2
1370370 698.3
1370380 696.6
1370390 696.6
1370400 694.9
1370410 693.5
1370420 693.5
1370430 692.3
1370440 690.8
1370450 690.8
1370460 690.0
1370470 688.1
1370480 688.1
1370490 685.9
1370500 685.5
1370510 685.5
1370520 683.7
1370530 682.5
1370540 682.5
1370550 681.6
1370560 680.6
1370570 680.6
1370580 679.6
1370590 678.2
1370600 678.2
1370610 677.9
1370620 677.6
1370630 677.6
1370640 676.6
1370650 676.0
1370660 676.0
1370670 675.5
1370680 675.2
1370690 675.2
1370700 674.8
1370710 674.5
1370720 674.5
1370730 674.0
1370740 673.5
1370750 673.2
1370760 673.2
1370770 673.8
1370780 674.9
1370790 674.9
1370800 675.7
1370810 676.2
1370820 676.2
1370830 676.6
1370840 677.2
1370850 677.2
1370860 677.7
1370870 678.1
1370880 678.1
1370890 678.6
1370900 679.0
1370910 679.0
1370920 679.5
1370930 679.9
1370940 679.9
1370950 680.3
1370960 680.3
1370970 680.3
1370980 680.4
1370990 680.4
1371000 680.4
1371010 680.6
1371020 680.7
1371030 680.7
1371040 680.8
1371050 680.9
1371060 680.9
1371070 680.8
1371080 680.7
1371090 680.7
1371100 680.7
1371110 680.7
1371120 680.7
1371130 680.7
1371140 680.6
1371150 680.6
1371160 680.7
1371170 680.9
1371180 681.0
1371190 681.0
1371200 681.0
1371210 681.3
1371220 681.3
1371230 680.4
1371240 679.2
1371250 679.2
1371260 679.8
1371270 680.2
1371280 680.2
1371290 679.3
1371300 678.3
1371310 678.3
1371320 678.4
1371330 679.2
1371340 679.2
1371350 679.6
1371360 679.4
1371370 679.4
1371380 679.7
1371390 681.3
1371400 681.3
1371410 681.8
1371420 681.8
1371430 681.8
1371440 682.3
1371450 683.4
1371460 683.4
1371470 684.4
1371480 685.5
1371490 685.5
1371500 685.6
1371510 685.5
1371520 685.5
1371530 685.2
1371540 686.2
1371550 686.2
1371560 687.6
1371570 688.6
1371580 689.0
1371590 689.0
1371600 689.5
1371610 690.0
1371620 690.0
1371630 690.2
1371640 690.3
1371650 690.3
1371660 690.9
1371670 691.0
1371680 691.0
1371690 690.3
1371700 689.5
1371710 689.5
1371720 688.4
1371730 687.9
1371740 687.9
1371750 688.1
1371760 687.7
1371770 687.7
1371780 686.4
1371790 685.2
1371800 685.2
1371810 683.7
1371820 681.3
1371830 681.3
1371840 681.2
1371850 681.0
1371860 681.0
1371870 681.1
1371880 681.1
1371890 681.1
1371900 680.9
1371910 680.3
1371920 680.3
1371930 679.8
1371940 679.6
1371950 679.6
1371960 679.3
1371970 679.1
1371980 679.0
1371990 679.0
1372000 678.9
1372010 678.8
1372020 678.8
1372030 678.6
1372040 678.1
1372050 678.1
1372060 678.0
1372070 678.2
1372080 678.2
1372090 677.3
1372100 676.6
1372110 676.6
1372120 676.3
1372130 676.5
1372140 676.5
1372150 676.7
1372160 676.9
1372170 676.9
1372180 676.9
1372190 676.8
1372200 676.8
1372210 676.2
1372220 675.7
1372230 675.7
1372240 675.1
1372250 674.2
1372260 674.2
1372270 673.7
1372280 672.7
1372290 672.7
1372300 672.2
1372310 672.1
1372320 672.1
1372330 671.1
1372340 670.7
1372350 670.7
1372360 669.8
1372370 669.0
1372380 669.0
1372390 668.4
1372400 667.8
1372410 668.0
1372420 668.0
1372430 668.4
1372440 668.8
1372450 668.8
1372460 669.2
1372470 669.3
1372480 669.3
1372490 669.5
1372500 670.1
1372510 670.1
1372520 670.3
1372530 672.7
1372540 672.7
1372550 672.6
1372560 673.1
1372570 673.1
1372580 674.2
1372590 674.8
1372600 674.8
1372610 675.6
1372620 676.2
1372630 676.2
1372640 676.7
1372650 677.5
1372660 677.5
1372670 678.2
1372680 678.9
1372690 678.9
1372700 679.4
1372710 679.6
1372720 679.6
1372730 679.7
1372740 680.0
1372750 680.0
1372760 680.3
1372770 681.4
1372780 681.4
1372790 681.6
1372800 681.8
1372810 682.0
1372820 682.0
1372830 682.6
1372840 682.7
1372850 682.7
1372860 682.8
1372870 683.2
1372880 683.2
1372890 683.8
1372900 684.4
1372910 684.4
1372920 684.9
1372930 685.1
1372940 685.1
1372950 685.1
1372960 684.7
1372970 684.7
1372980 684.8
1372990 686.5
1373000 686.5
1373010 689.7
1373020 691.6
1373030 691.6
1373040 690.3
1373050 687.2
1373060 687.2
1373070 686.7
1373080 687.9
1373090 687.9
1373100 688.7
1373110 689.1
1373120 689.1
1373130 689.5
1373140 689.6
1373150 689.6
1373160 689.7
1373170 689.9
1373180 689.9
1373190 689.8
1373200 689.7
1373210 689.7
1373220 690.0
1373230 690.7
1373240 691.0
1373250 691.0
1373260 691.2
1373270 691.3
1373280 691.3
1373290 691.1
1373300 690.8
1373310 690.8
1373320 689.7
1373330 687.8
1373340 687.8
1373350 687.3
1373360 688.4
1373370 688.4
1373380 690.4
1373390 690.3
1373400 690.3
1373410 689.6
1373420 685.9
1373430 685.9
1373440 683.7
1373450 685.9
1373460 685.9
1373470 685.8
1373480 685.4
1373490 685.4
1373500 686.0
1373510 685.3
1373520 685.3
1373530 683.0
1373540 681.8
1373550 681.8
1373560 681.0
1373570 679.4
1373580 679.4
1373590 678.3
1373600 678.4
1373610 678.4
1373620 678.0
1373630 676.7
1373640 676.3
1373650 676.3
1373660 676.1
1373670 676.4
1373680 680.1
1373690 680.3
1373700 681.2
1373710 681.2
1373720 680.9
1373730 679.4
1373740 679.4
1373750 678.3
1373760 678.1
1373770 678.1
1373780 678.0
1373790 678.2
1373800 678.2
1373810 678.7
1373820 679.3
1373830 679.3
1373840 680.2
1373850 681.1
1373860 681.1
1373870 681.5
1373880 681.3
1373890 681.3
1373900 682.4
1373910 684.8
1373920 684.8
1373930 685.9
1373940 687.0
1373950 687.0
1373960 688.8
1373970 689.9
1373980 689.9
1373990 690.8
1374000 691.3
1374010 691.3
1374020 690.9
1374030 689.7
1374040 689.7
1374050 690.3
1374060 690.2
1374070 690.3
1374080 690.3
1374090 689.7
1374100 688.8
1374110 688.8
1374120 687.8
1374130 686.1
1374140 686.1
1374150 685.0
1374160 685.2
1374170 685.2
1374180 685.0
1374190 685.2
1374200 685.2
1374210 685.4
1374220 685.8
1374230 685.8
1374240 685.7
1374250 685.9
1374260 685.9
1374270 686.4
1374280 686.7
1374290 686.7
1374300 685.9
1374310 687.0
1374320 687.0
1374330 687.4
1374340 688.0
1374350 688.0
1374360 688.7
1374370 688.9
1374380 688.9
1374390 689.3
1374400 690.1
1374410 690.1
1374420 690.2
1374430 690.3
1374440 690.3
1374450 690.5
1374460 690.4
1374470 690.7
1374480 690.7
1374490 691.2
1374500 691.7
1374510 691.7
1374520 692.0
1374530 692.6
1374540 692.6
1374550 693.1
1374560 694.2
1374570 694.2
1374580 695.8
1374590 698.0
1374600 698.0
1374610 700.4
1374620 701.6
1374630 701.6
1374640 703.8
1374650 706.6
1374660 706.6
1374670 709.5
1374680 710.5
1374690 710.5
1374700 710.4
1374710 713.4
1374720 713.4
1374730 715.7
1374740 718.1
1374750 718.1
1374760 719.7
1374770 721.3
1374780 721.3
1374790 722.9
1374800 724.3
1374810 724.3
1374820 725.4
1374830 726.3
1374840 725.1
1374850 725.9
1374860 726.8
1374870 728.0
1374880 728.0
1374890 729.9
1374900 731.0
1374910 731.0
1374920 731.4
1374930 731.4
1374940 731.4
1374950 731.4
1374960 731.6
1374970 731.6
1374980 731.7
1374990 732.2
1375000 732.2
1375010 732.7
1375020 733.6
1375030 733.6
1375040 734.6
1375050 735.0
1375060 735.0
1375070 735.5
1375080 736.0
1375090 736.0
1375100 736.5
1375110 737.1
1375120 737.1
1375130 737.7
1375140 738.3
1375150 738.3
1375160 738.8
1375170 739.3
1375180 739.3
1375190 739.8
1375200 740.3
1375210 740.3
1375220 740.7
1375230 741.0
1375240 741.0
1375250 741.4
1375260 741.7
1375270 741.7
1375280 742.1
1375290 742.5
1375300 742.7
1375310 742.7
1375320 742.8
1375330 742.8
1375340 742.8
1375350 742.8
1375360 742.7
1375370 742.7
1375380 742.4
1375390 742.1
1375400 742.1
1375410 741.6
1375420 741.3
1375430 741.3
1375440 741.1
1375450 740.7
1375460 740.7
1375470 740.1
1375480 739.5
1375490 739.5
1375500 738.9
1375510 738.2
1375520 738.2
1375530 737.4
1375540 736.8
1375550 736.8
1375560 736.1
1375570 735.3
1375580 735.3
1375590 733.3
1375600 728.8
1375610 728.8
1375620 725.5
1375630 722.9
1375640 722.9
1375650 721.7
1375660 721.4
1375670 721.4
1375680 720.9
1375690 721.6
1375700 722.7
1375710 722.7
1375720 722.6
1375730 721.3
1375740 721.3
1375750 719.9
1375760 718.3
1375770 718.3
1375780 716.6
1375790 714.8
1375800 714.8
1375810 712.8
1375820 711.0
1375830 711.0
1375840 709.1
1375850 707.5
1375860 707.5
1375870 706.8
1375880 706.0
1375890 706.0
1375900 705.5
1375910 705.6
1375920 705.6
1375930 706.3
1375940 707.5
1375950 707.5
1375960 709.5
1375970 712.1
1375980 712.1
1375990 714.7
1376000 716.6
1376010 716.6
1376020 718.8
1376030 720.8
1376040 720.8
1376050 722.6
1376060 723.7
1376070 723.7
1376080 725.1
1376090 726.5
1376100 726.5
1376110 726.3
1376120 726.6
1376130 727.0
1376140 727.0
1376150 726.9
1376160 726.6
1376170 726.6
1376180 726.2
1376190 726.0
1376200 726.0
1376210 726.0
1376220 725.8
1376230 725.8
1376240 725.3
1376250 724.4
1376260 724.4
1376270 723.1
1376280 721.8
1376290 721.8
1376300 720.4
1376310 718.9
1376320 718.9
1376330 717.3
1376340 715.4
1376350 715.4
1376360 713.2
1376370 710.9
1376380 710.9
1376390 709.0
1376400 707.1
1376410 707.1
1376420 705.6
1376430 703.5
1376440 703.5
1376450 699.4
1376460 694.0
1376470 694.0
1376480 693.1
1376490 693.1
1376500 693.1
1376510 693.6
1376520 696.8
1376530 701.2
1376540 701.2
1376550 705.1
1376560 708.3
1376570 708.3
1376580 711.3
1376590 713.8
1376600 713.8
1376610 716.1
1376620 718.5
1376630 718.5
1376640 720.5
1376650 722.7
1376660 722.7
1376670 724.4
1376680 726.0
1376690 726.0
1376700 727.4
1376710 728.7
1376720 728.7
1376730 730.0
1376740 731.4
1376750 731.4
1376760 732.8
1376770 734.3
1376780 734.3
1376790 735.9
1376800 737.9
1376810 737.9
1376820 740.0
1376830 742.2
1376840 742.2
1376850 744.5
1376860 746.7
1376870 746.7
1376880 748.9
1376890 751.0
1376900 751.0
1376910 752.4
1376920 753.1
1376930 753.4
1376940 753.4
1376950 753.7
1376960 753.8
1376970 753.8
1376980 753.8
1376990 753.5
1377000 753.5
1377010 753.1
1377020 752.6
1377030 752.6
1377040 751.7
1377050 750.3
1377060 750.3
1377070 748.3
1377080 746.2
1377090 746.2
1377100 744.6
1377110 743.0
1377120 743.0
1377130 741.5
1377140 740.2
1377150 740.2
1377160 738.6
1377170 736.9
1377180 736.9
1377190 734.7
1377200 732.3
1377210 731.4
1377220 728.6
1377230 724.9
1377240 724.9
1377250 721.2
1377260 719.0
1377270 719.0
1377280 717.7
1377290 717.6
1377300 717.6
1377310 717.8
1377320 715.7
1377330 715.7
1377340 711.1
1377350 705.5
1377360 699.4
1377370 699.4
1377380 693.6
1377390 688.1
1377400 688.1
1377410 683.2
1377420 680.9
1377430 680.9
1377440 679.2
1377450 678.2
1377460 678.2
1377470 677.9
1377480 677.4
1377490 677.4
1377500 675.8
1377510 673.4
1377520 673.4
1377530 670.7
1377540 668.4
1377550 668.4
1377560 666.7
1377570 665.4
1377580 665.4
1377590 664.5
1377600 663.7
1377610 663.7
1377620 663.1
1377630 662.6
1377640 662.6
1377650 661.6
1377660 660.0
1377670 660.0
1377680 659.7
1377690 661.3
1377700 661.3
1377710 662.4
1377720 663.5
1377730 663.5
1377740 664.6
1377750 664.9
1377760 665.5
1377770 665.5
1377780 665.6
1377790 665.3
1377800 665.3
1377810 665.0
1377820 664.7
1377830 664.7
1377840 664.3
1377850 664.1
1377860 664.1
1377870 663.9
1377880 663.5
1377890 663.5
1377900 663.1
1377910 662.9
1377920 662.9
1377930 662.7
1377940 662.6
1377950 662.6
1377960 662.5
1377970 662.3
1377980 662.3
1377990 661.6
1378000 661.0
1378010 661.0
1378020 660.5
1378030 659.8
1378040 659.8
1378050 658.3
1378060 655.3
1378070 655.3
1378080 651.1
1378090 648.2
1378100 648.2
1378110 646.8
1378120 646.2
1378130 646.2
1378140 646.0
1378150 645.9
1378160 645.9
1378170 651.2
1378180 654.5
1378190 655.4
1378200 655.4
1378210 655.1
1378220 654.5
1378230 654.5
1378240 653.9
1378250 653.5
1378260 653.5
1378270 653.4
1378280 653.1
1378290 653.1
1378300 652.8
1378310 652.4
1378320 652.4
1378330 652.1
1378340 651.8
1378350 651.8
1378360 651.5
1378370 651.3
1378380 651.3
1378390 651.1
1378400 651.3
1378410 651.3
1378420 651.2
1378430 651.0
1378440 651.0
1378450 650.7
1378460 650.7
1378470 650.7
1378480 651.5
1378490 652.4
1378500 652.4
1378510 653.0
1378520 653.0
1378530 653.0
1378540 652.8
1378550 652.4
1378560 652.4
1378570 651.5
1378580 650.6
1378590 649.6
1378600 649.6
1378610 648.7
1378620 646.5
1378630 646.5
1378640 643.0
1378650 639.6
1378660 639.6
1378670 636.2
1378680 633.2
1378690 633.2
1378700 630.3
1378710 627.1
1378720 627.1
1378730 627.1
1378740 628.4
1378750 628.4
1378760 630.8
1378770 636.7
1378780 636.7
1378790 641.2
1378800 643.4
1378810 643.4
1378820 645.5
1378830 648.1
1378840 648.1
1378850 651.8
1378860 655.0
1378870 655.0
1378880 656.0
1378890 656.0
1378900 656.0
1378910 656.1
1378920 656.7
1378930 656.7
1378940 657.8
1378950 659.0
1378960 659.0
1378970 659.9
1378980 660.7
1378990 661.6
1379000 661.6
1379010 664.1
1379020 667.4
1379030 667.4
1379040 669.8
1379050 673.0
1379060 673.0
1379070 677.4
1379080 676.4
1379090 676.4
1379100 673.2
1379110 673.1
1379120 673.1
1379130 673.9
1379140 674.8
1379150 674.8
1379160 675.3
1379170 675.6
1379180 675.6
1379190 675.4
1379200 675.0
1379210 675.0
1379220 674.6
1379230 674.8
1379240 674.8
1379250 676.2
1379260 677.4
1379270 677.4
1379280 677.6
1379290 678.3
1379300 678.3
1379310 678.7
1379320 679.4
1379330 679.4
1379340 681.0
1379350 683.4
1379360 683.4
1379370 685.5
1379380 686.5
1379390 686.5
1379400 687.3
1379410 688.0
1379420 688.8
1379430 688.8
1379440 689.6
1379450 690.3
1379460 690.3
1379470 691.5
1379480 693.8
1379490 693.8
1379500 695.4
1379510 696.8
1379520 696.8
1379530 697.3
1379540 698.8
1379550 698.8
1379560 699.7
1379570 700.6
1379580 700.6
1379590 700.8
1379600 701.0
1379610 701.0
1379620 701.2
1379630 700.5
1379640 700.5
1379650 699.7
1379660 699.0
1379670 699.0
1379680 698.5
1379690 698.6
1379700 698.6
1379710 699.0
1379720 699.6
1379730 699.6
1379740 700.6
1379750 701.9
1379760 701.9
1379770 703.3
1379780 704.7
1379790 704.7
1379800 705.9
1379810 706.7
1379820 707.0
1379830 707.0
1379840 707.1
1379850 707.4
1379860 707.4
1379870 707.3
1379880 707.2
1379890 707.2
1379900 707.1
1379910 707.0
1379920 707.0
1379930 707.0
1379940 707.0
1379950 707.0
1379960 707.0
1379970 707.1
1379980 707.1
1379990 707.3
