1360000 486.2
1360010 486.2
1360020 486.3
1360030 486.3
1360040 486.6
1360050 486.8
1360060 486.8
1360070 486.9
1360080 486.9
1360090 486.9
1360100 487.1
1360110 487.3
1360120 487.3
1360130 487.8
1360140 487.5
1360150 487.5
1360160 487.2
1360170 487.3
1360180 487.3
1360190 487.9
1360200 488.1
1360210 488.1
1360220 488.2
1360230 488.3
1360240 488.3
1360250 488.4
1360260 488.5
1360270 489.0
1360280 489.0
1360290 491.2
1360300 493.1
1360310 493.1
1360320 493.7
1360330 493.9
1360340 493.9
1360350 494.1
1360360 494.3
1360370 494.3
1360380 494.5
1360390 494.6
1360400 494.6
1360410 494.7
1360420 494.8
1360430 494.8
1360440 494.8
1360450 494.7
1360460 494.7
1360470 494.6
1360480 494.6
1360490 494.6
1360500 494.5
1360510 494.5
1360520 494.5
1360530 494.3
1360540 494.3
1360550 494.3
1360560 494.1
1360570 494.2
1360580 494.2
1360590 494.2
1360600 494.3
1360610 494.3
1360620 494.1
1360630 494.4
1360640 494.4
1360650 494.7
1360660 494.9
1360670 494.9
1360680 495.2
1360690 495.2
1360700 495.2
1360710 495.2
1360720 495.2
1360730 495.4
1360740 495.4
1360750 495.6
1360760 495.7
1360770 495.7
1360780 495.6
1360790 495.5
1360800 495.5
1360810 495.7
1360820 495.9
1360830 495.9
1360840 496.2
1360850 496.3
1360860 496.3
1360870 496.2
1360880 496.3
1360890 496.3
1360900 496.3
1360910 496.3
1360920 496.3
1360930 496.2
1360940 496.4
1360950 496.4
1360960 496.6
1360970 496.5
1360980 496.5
1360990 496.4
1361000 496.5
1361010 496.5
1361020 496.5
1361030 496.9
1361040 496.9
1361050 496.6
1361060 495.9
1361070 495.9
1361080 495.9
1361090 496.1
1361100 496.2
1361110 496.2
1361120 496.6
1361130 496.8
1361140 496.8
1361150 496.6
1361160 496.6
1361170 496.6
1361180 496.7
1361190 496.8
1361200 496.8
1361210 496.9
1361220 496.9
1361230 496.9
1361240 497.0
1361250 497.1
1361260 497.1
1361270 497.1
1361280 497.2
1361290 497.2
1361300 497.3
1361310 497.4
1361320 497.4
1361330 497.3
1361340 497.2
1361350 497.2
1361360 497.2
1361370 497.2
1361380 497.2
1361390 497.2
1361400 497.1
1361410 497.1
1361420 497.1
1361430 497.0
1361440 497.0
1361450 497.0
1361460 497.0
1361470 497.0
1361480 497.2
1361490 497.6
1361500 497.6
1361510 499.1
1361520 499.6
1361530 500.5
1361540 500.5
1361550 501.8
1361560 503.2
1361570 503.2
1361580 504.1
1361590 505.8
1361600 505.8
1361610 507.8
1361620 509.9
1361630 509.9
1361640 511.4
1361650 513.3
1361660 513.3
1361670 515.2
1361680 516.4
1361690 516.4
1361700 517.7
1361710 519.2
1361720 519.2
1361730 521.0
1361740 524.9
1361750 524.9
1361760 530.3
1361770 533.2
1361780 533.2
1361790 535.0
1361800 537.0
1361810 537.0
1361820 539.2
1361830 541.3
1361840 541.3
1361850 543.6
1361860 545.5
1361870 545.5
1361880 546.6
1361890 547.8
1361900 547.8
1361910 548.8
1361920 549.6
1361930 550.9
1361940 550.9
1361950 552.4
1361960 553.5
1361970 553.5
1361980 554.3
1361990 555.1
1362000 555.1
1362010 555.8
1362020 556.4
1362030 556.4
1362040 557.0
1362050 557.4
1362060 557.4
1362070 558.3
1362080 559.2
1362090 559.2
1362100 560.1
1362110 561.0
1362120 561.0
1362130 561.8
1362140 562.5
1362150 562.5
1362160 563.2
1362170 563.8
1362180 563.8
1362190 564.1
1362200 564.8
1362210 564.8
1362220 565.4
1362230 565.8
1362240 565.8
1362250 566.2
1362260 566.7
1362270 566.7
1362280 567.2
1362290 567.7
1362300 567.7
1362310 568.2
1362320 568.6
1362330 568.6
1362340 568.9
1362350 569.2
1362360 569.6
1362370 569.6
1362380 570.0
1362390 570.2
1362400 570.2
1362410 570.5
1362420 570.7
1362430 570.7
1362440 571.0
1362450 571.3
1362460 571.3
1362470 571.5
1362480 571.8
1362490 571.8
1362500 572.2
1362510 571.6
1362520 571.6
1362530 566.3
1362540 560.1
1362550 560.1
1362560 562.2
1362570 569.0
1362580 569.0
1362590 573.1
1362600 574.1
1362610 574.1
1362620 575.0
1362630 575.8
1362640 575.8
1362650 576.2
1362660 576.5
1362670 576.5
1362680 576.9
1362690 578.9
1362700 578.9
1362710 581.5
1362720 583.7
1362730 583.7
1362740 586.0
1362750 588.9
1362760 591.4
1362770 591.4
1362780 593.1
1362790 594.0
1362800 594.0
1362810 594.3
1362820 595.2
1362830 595.2
1362840 595.8
1362850 596.0
1362860 596.0
1362870 596.3
1362880 596.9
1362890 596.9
1362900 597.4
1362910 597.6
1362920 597.6
1362930 597.5
1362940 597.3
1362950 597.3
1362960 597.5
1362970 597.9
1362980 597.9
1362990 598.4
1363000 599.1
1363010 599.1
1363020 599.6
1363030 600.2
1363040 600.2
1363050 600.9
1363060 601.5
1363070 601.5
1363080 603.8
1363090 607.2
1363100 607.2
1363110 609.4
1363120 610.1
1363130 610.1
1363140 609.4
1363150 607.9
1363160 606.5
1363170 606.5
1363180 604.6
1363190 603.1
1363200 603.1
1363210 602.1
1363220 601.2
1363230 601.2
1363240 600.2
1363250 599.4
1363260 599.4
1363270 599.0
1363280 598.9
1363290 598.9
1363300 598.7
1363310 598.8
1363320 598.8
1363330 599.3
1363340 599.5
1363350 599.5
1363360 599.6
1363370 599.5
1363380 599.5
1363390 599.5
1363400 599.5
1363410 599.5
1363420 599.8
1363430 600.1
1363440 600.1
1363450 600.0
1363460 600.0
1363470 600.0
1363480 600.1
1363490 600.3
1363500 600.3
1363510 600.7
1363520 601.3
1363530 601.3
1363540 603.4
1363550 605.1
1363560 605.1
1363570 604.9
1363580 605.6
1363590 606.5
1363600 606.5
1363610 606.9
1363620 607.1
1363630 607.1
1363640 607.0
1363650 607.1
1363660 607.1
1363670 607.1
1363680 606.8
1363690 606.8
1363700 606.2
1363710 605.5
1363720 605.5
1363730 604.9
1363740 605.3
1363750 605.3
1363760 606.3
1363770 607.2
1363780 607.2
1363790 608.1
1363800 609.3
1363810 609.3
1363820 610.6
1363830 611.9
1363840 611.9
1363850 613.3
1363860 614.8
1363870 614.8
1363880 616.1
1363890 617.0
1363900 617.0
1363910 617.4
1363920 617.5
1363930 617.5
1363940 617.4
1363950 617.2
1363960 617.2
1363970 617.3
1363980 617.2
1363990 615.4
1364000 615.4
1364010 611.5
1364020 608.1
1364030 608.1
1364040 610.7
1364050 616.6
1364060 616.6
1364070 619.6
1364080 620.5
1364090 620.5
1364100 621.1
1364110 621.2
1364120 621.2
1364130 621.5
1364140 622.1
1364150 622.1
1364160 622.3
1364170 623.3
1364180 623.3
1364190 623.2
1364200 623.0
1364210 623.0
1364220 622.8
1364230 621.5
1364240 621.5
1364250 618.8
1364260 616.0
1364270 616.0
1364280 618.7
1364290 622.4
1364300 622.4
1364310 623.1
1364320 623.3
1364330 623.3
1364340 623.5
1364350 623.7
1364360 623.7
1364370 624.0
1364380 624.7
1364390 624.7
1364400 624.4
1364410 623.8
1364420 623.6
1364430 623.6
1364440 623.4
1364450 623.3
1364460 623.3
1364470 623.3
1364480 623.4
1364490 623.4
1364500 623.6
1364510 623.9
1364520 623.9
1364530 624.2
1364540 624.6
1364550 624.6
1364560 624.8
1364570 624.8
1364580 624.8
1364590 625.0
1364600 625.5
1364610 625.5
1364620 626.0
1364630 626.4
1364640 626.4
1364650 626.7
1364660 627.3
1364670 627.3
1364680 627.8
1364690 628.1
1364700 628.1
1364710 628.5
1364720 628.8
1364730 628.8
1364740 629.1
1364750 629.6
1364760 629.6
1364770 629.9
1364780 630.0
1364790 630.0
1364800 630.4
1364810 630.7
1364820 631.1
1364830 631.1
1364840 631.8
1364850 632.5
1364860 632.5
1364870 632.8
1364880 633.8
1364890 633.8
1364900 634.9
1364910 636.3
1364920 636.3
1364930 637.7
1364940 638.8
1364950 638.8
1364960 640.0
1364970 641.5
1364980 641.5
1364990 642.9
1365000 643.9
1365010 643.9
1365020 644.9
1365030 646.4
1365040 646.4
1365050 647.8
1365060 648.8
1365070 648.8
1365080 649.6
1365090 650.2
1365100 650.2
1365110 650.9
1365120 651.7
1365130 651.7
1365140 652.6
1365150 653.4
1365160 653.4
1365170 653.8
1365180 654.2
1365190 654.2
1365200 654.6
1365210 654.0
1365220 654.0
1365230 653.3
1365240 655.1
1365250 653.7
1365260 653.7
1365270 651.8
1365280 649.6
1365290 649.6
1365300 647.7
1365310 646.3
1365320 646.3
1365330 645.5
1365340 644.9
1365350 644.9
1365360 644.6
1365370 644.6
1365380 644.6
1365390 644.8
1365400 645.2
1365410 645.2
1365420 645.3
1365430 645.2
1365440 645.2
1365450 645.4
1365460 645.2
1365470 645.2
1365480 644.2
1365490 643.4
1365500 643.4
1365510 643.0
1365520 641.5
1365530 641.5
1365540 641.4
1365550 642.2
1365560 642.2
1365570 643.7
1365580 644.7
1365590 644.7
1365600 645.2
1365610 645.1
1365620 645.1
1365630 645.3
1365640 645.3
1365650 644.9
1365660 644.9
1365670 644.4
1365680 644.2
1365690 644.2
1365700 643.7
1365710 643.1
1365720 643.1
1365730 643.5
1365740 643.9
1365750 643.9
1365760 643.9
1365770 644.0
1365780 644.0
1365790 643.9
1365800 643.3
1365810 643.3
1365820 642.4
1365830 641.2
1365840 641.2
1365850 640.4
1365860 639.6
1365870 639.6
1365880 638.9
1365890 638.1
1365900 638.1
1365910 637.2
1365920 635.9
1365930 635.9
1365940 634.7
1365950 632.8
1365960 632.8
1365970 628.9
1365980 628.6
1365990 628.6
1366000 633.4
1366010 634.4
1366020 634.4
1366030 634.7
1366040 634.5
1366050 631.5
1366060 631.5
1366070 629.0
1366080 628.4
1366090 628.4
1366100 629.6
1366110 632.4
1366120 632.4
1366130 635.3
1366140 637.4
1366150 637.4
1366160 638.4
1366170 639.0
1366180 639.0
1366190 639.1
1366200 637.2
1366210 637.2
1366220 634.7
1366230 635.9
1366240 635.9
1366250 638.6
1366260 641.3
1366270 641.3
1366280 644.0
1366290 647.0
1366300 647.0
1366310 650.7
1366320 653.4
1366330 653.4
1366340 658.6
1366350 662.1
1366360 662.1
1366370 663.1
1366380 663.3
1366390 663.3
1366400 663.9
1366410 665.4
1366420 665.4
1366430 668.7
1366440 672.4
1366450 672.4
1366460 671.8
1366470 670.0
1366480 670.3
1366490 670.3
1366500 671.8
1366510 673.3
1366520 673.3
1366530 673.7
1366540 673.7
1366550 673.7
1366560 675.4
1366570 674.9
1366580 674.9
1366590 674.4
1366600 676.5
1366610 676.5
1366620 677.1
1366630 676.7
1366640 676.7
1366650 675.5
1366660 675.1
1366670 675.1
1366680 676.3
1366690 677.4
1366700 677.4
1366710 676.4
1366720 675.5
1366730 675.5
1366740 675.1
1366750 674.8
1366760 674.8
1366770 673.8
1366780 673.0
1366790 673.0
1366800 672.0
1366810 671.0
1366820 671.0
1366830 670.6
1366840 670.3
1366850 670.3
1366860 670.3
1366870 670.6
1366880 671.5
1366890 671.5
1366900 673.0
1366910 675.1
1366920 675.1
1366930 676.3
1366940 677.2
1366950 677.2
1366960 678.1
1366970 679.1
1366980 679.1
1366990 679.6
1367000 679.8
1367010 679.8
1367020 680.0
1367030 680.3
1367040 680.3
1367050 680.3
1367060 679.7
1367070 679.7
1367080 678.6
1367090 677.8
1367100 677.8
1367110 677.7
1367120 677.7
1367130 677.7
1367140 677.4
1367150 677.1
1367160 677.1
1367170 676.9
1367180 677.1
1367190 677.1
1367200 677.2
1367210 677.1
1367220 677.1
1367230 676.9
1367240 676.6
1367250 676.6
1367260 676.6
1367270 676.7
1367280 676.7
1367290 677.0
1367300 677.3
1367310 677.7
1367320 677.7
1367330 678.0
1367340 678.3
1367350 678.3
1367360 678.5
1367370 678.8
1367380 678.8
1367390 679.0
1367400 679.2
1367410 679.3
1367420 679.5
1367430 679.7
1367440 679.7
1367450 680.0
1367460 680.3
1367470 680.3
1367480 680.6
1367490 680.8
1367500 680.8
1367510 681.0
1367520 681.3
1367530 681.3
1367540 681.5
1367550 681.7
1367560 681.7
1367570 681.9
1367580 682.1
1367590 682.1
1367600 682.3
1367610 682.6
1367620 682.6
1367630 682.9
1367640 683.2
1367650 683.2
1367660 683.5
1367670 683.8
1367680 683.8
1367690 684.0
1367700 684.3
1367710 684.6
1367720 684.6
1367730 684.9
1367740 685.1
1367750 685.1
1367760 685.4
1367770 685.6
1367780 685.6
1367790 685.9
1367800 686.2
1367810 686.2
1367820 686.5
1367830 686.7
1367840 686.7
1367850 687.0
1367860 687.3
1367870 687.3
1367880 687.6
1367890 687.9
1367900 687.9
1367910 688.1
1367920 688.3
1367930 688.3
1367940 688.6
1367950 688.8
1367960 688.8
1367970 689.0
1367980 689.3
1367990 689.3
1368000 689.7
1368010 690.5
1368020 690.5
1368030 690.5
1368040 690.4
1368050 690.4
1368060 690.3
1368070 690.3
1368080 690.3
1368090 690.5
1368100 690.8
1368110 690.8
1368120 690.9
1368130 691.1
1368140 691.2
1368150 691.2
1368160 691.3
1368170 691.4
1368180 691.4
1368190 691.6
1368200 691.7
1368210 691.7
1368220 691.9
1368230 692.1
1368240 692.1
1368250 692.4
1368260 692.6
1368270 692.6
1368280 692.7
1368290 692.6
1368300 692.6
1368310 692.8
1368320 692.9
1368330 692.9
1368340 693.0
1368350 693.1
1368360 693.1
1368370 693.1
1368380 692.9
1368390 692.9
1368400 692.7
1368410 692.4
1368420 692.4
1368430 692.2
1368440 692.2
1368450 692.2
1368460 692.2
1368470 692.1
1368480 692.1
1368490 692.3
1368500 693.5
1368510 693.5
1368520 694.4
1368530 695.7
1368540 697.2
1368550 697.2
1368560 698.3
1368570 699.5
1368580 699.5
1368590 700.6
1368600 701.9
1368610 701.9
1368620 703.4
1368630 704.8
1368640 704.8
1368650 706.0
1368660 707.2
1368670 707.2
1368680 708.8
1368690 710.5
1368700 710.5
1368710 711.5
1368720 712.0
1368730 712.0
1368740 712.5
1368750 713.1
1368760 713.1
1368770 713.7
1368780 714.4
1368790 714.4
1368800 715.0
1368810 715.6
1368820 715.6
1368830 716.3
1368840 717.0
1368850 717.0
1368860 717.7
1368870 718.3
1368880 718.3
1368890 718.7
1368900 719.0
1368910 719.0
1368920 719.4
1368930 720.1
1368940 720.8
1368950 720.8
1368960 721.5
1368970 722.1
1368980 722.1
1368990 722.7
1369000 723.3
1369010 723.3
1369020 724.1
1369030 725.2
1369040 725.2
1369050 726.2
1369060 726.7
1369070 726.7
1369080 727.0
1369090 727.3
1369100 727.3
1369110 727.7
1369120 728.0
1369130 728.0
1369140 727.9
1369150 726.8
1369160 726.8
1369170 726.6
1369180 727.3
1369190 727.3
1369200 727.6
1369210 727.8
1369220 727.8
1369230 728.1
1369240 728.4
1369250 728.4
1369260 728.7
1369270 729.0
1369280 729.0
1369290 729.2
1369300 729.1
1369310 729.1
1369320 729.4
1369330 729.8
1369340 729.8
1369350 730.5
1369360 731.2
1369370 731.6
1369380 731.6
1369390 731.8
1369400 731.9
1369410 731.9
1369420 731.8
1369430 731.8
1369440 731.8
1369450 731.8
1369460 731.9
1369470 731.9
1369480 731.9
1369490 731.2
1369500 731.2
1369510 730.5
1369520 729.4
1369530 729.4
1369540 728.3
1369550 727.4
1369560 727.4
1369570 726.4
1369580 725.4
1369590 725.4
1369600 724.4
1369610 725.7
1369620 725.7
1369630 724.5
1369640 723.6
1369650 723.6
1369660 723.1
1369670 722.3
1369680 722.3
1369690 721.4
1369700 720.6
1369710 720.6
1369720 719.6
1369730 718.6
1369740 718.6
1369750 717.7
1369760 717.2
1369770 716.9
1369780 716.9
1369790 716.5
1369800 715.8
1369810 715.8
1369820 715.2
1369830 714.6
1369840 714.6
1369850 713.7
1369860 713.4
1369870 713.4
1369880 712.8
1369890 711.6
1369900 711.6
1369910 710.4
1369920 709.5
1369930 709.5
1369940 708.9
1369950 708.3
1369960 708.3
1369970 708.0
1369980 708.0
1369990 708.0
1370000 707.4
1370010 706.7
1370020 706.7
1370030 706.2
1370040 706.1
1370050 706.1
1370060 706.7
1370070 707.8
1370080 707.8
1370090 708.8
1370100 709.4
1370110 709.4
1370120 709.6
1370130 709.5
1370140 709.5
1370150 708.6
1370160 707.5
1370170 707.5
1370180 706.8
1370190 706.6
1370200 706.2
1370210 706.2
1370220 706.0
1370230 706.2
1370240 706.2
1370250 706.4
1370260 706.9
1370270 706.9
1370280 707.2
1370290 707.5
1370300 707.5
1370310 707.6
1370320 707.8
1370330 707.8
1370340 708.0
1370350 708.3
1370360 708.3
1370370 707.8
1370380 706.1
1370390 706.1
1370400 703.9
1370410 701.7
1370420 701.7
1370430 699.2
1370440 696.3
1370450 696.3
1370460 694.4
1370470 692.9
1370480 692.9
1370490 691.5
1370500 690.2
1370510 690.2
1370520 688.8
1370530 687.5
1370540 687.5
1370550 686.4
1370560 685.7
1370570 685.7
1370580 685.1
1370590 684.4
1370600 683.5
1370610 683.5
1370620 682.9
1370630 681.4
1370640 681.4
1370650 677.7
1370660 675.0
1370670 675.0
1370680 673.0
1370690 671.4
1370700 671.4
1370710 670.1
1370720 669.6
1370730 670.3
1370740 670.1
1370750 670.2
1370760 670.2
1370770 669.8
1370780 669.3
1370790 669.3
1370800 669.4
1370810 670.0
1370820 670.0
1370830 670.8
1370840 671.5
1370850 671.5
1370860 672.1
1370870 672.6
1370880 672.6
1370890 673.4
1370900 675.5
1370910 675.5
1370920 674.8
1370930 673.9
1370940 673.9
1370950 673.8
1370960 673.9
1370970 673.9
1370980 673.9
1370990 674.0
1371000 674.0
1371010 673.9
1371020 674.0
1371030 674.1
1371040 674.1
1371050 674.2
1371060 674.2
1371070 674.2
1371080 674.1
1371090 674.0
1371100 674.0
1371110 674.0
1371120 673.9
1371130 673.9
1371140 674.0
1371150 674.1
1371160 674.1
1371170 674.2
1371180 674.2
1371190 674.2
1371200 674.0
1371210 673.6
1371220 673.6
1371230 673.4
1371240 673.2
1371250 673.2
1371260 673.1
1371270 673.3
1371280 673.3
1371290 673.3
1371300 673.0
1371310 673.0
1371320 672.7
1371330 672.4
1371340 672.4
1371350 672.2
1371360 672.0
1371370 672.0
1371380 671.7
1371390 671.2
1371400 671.2
1371410 670.9
1371420 670.3
1371430 669.6
1371440 669.6
1371450 669.3
1371460 669.3
1371470 669.3
1371480 669.6
1371490 670.4
1371500 670.4
1371510 670.3
1371520 669.9
1371530 669.9
1371540 669.4
1371550 669.5
1371560 669.5
1371570 669.9
1371580 670.5
1371590 670.5
1371600 671.3
1371610 671.4
1371620 671.4
1371630 671.2
1371640 670.6
1371650 670.6
1371660 668.8
1371670 668.5
1371680 668.5
1371690 669.1
1371700 669.3
1371710 669.3
1371720 669.0
1371730 668.5
1371740 668.5
1371750 668.0
1371760 667.0
1371770 667.0
1371780 664.9
1371790 664.6
1371800 664.6
1371810 664.8
1371820 663.6
1371830 663.4
1371840 663.4
1371850 662.7
1371860 664.8
1371870 664.8
1371880 664.4
1371890 664.1
1371900 664.1
1371910 664.0
1371920 664.1
1371930 664.1
1371940 664.2
1371950 664.2
1371960 664.2
1371970 664.3
1371980 664.3
1371990 664.3
1372000 664.2
1372010 664.3
1372020 664.3
1372030 664.0
1372040 663.8
1372050 663.8
1372060 663.6
1372070 663.4
1372080 663.4
1372090 663.3
1372100 663.2
1372110 663.2
1372120 662.9
1372130 662.8
1372140 662.8
1372150 662.6
1372160 662.6
1372170 662.6
1372180 662.0
1372190 661.7
1372200 661.7
1372210 661.2
1372220 660.8
1372230 660.8
1372240 660.2
1372250 659.7
1372260 659.4
1372270 659.4
1372280 658.7
1372290 658.2
1372300 658.2
1372310 657.6
1372320 657.5
1372330 657.5
1372340 657.5
1372350 657.6
1372360 657.6
1372370 657.5
1372380 657.1
1372390 657.1
1372400 656.8
1372410 657.0
1372420 657.0
1372430 657.3
1372440 657.4
1372450 657.4
1372460 657.4
1372470 657.4
1372480 657.4
1372490 657.6
1372500 657.7
1372510 657.7
1372520 658.0
1372530 658.3
1372540 658.3
1372550 658.6
1372560 658.8
1372570 658.8
1372580 658.7
1372590 658.7
1372600 658.7
1372610 658.7
1372620 658.9
1372630 658.9
1372640 659.1
1372650 659.6
1372660 659.6
1372670 659.6
1372680 659.3
1372690 659.4
1372700 659.4
1372710 659.5
1372720 659.5
1372730 659.5
1372740 659.6
1372750 659.9
1372760 659.9
1372770 660.3
1372780 660.6
1372790 660.6
1372800 660.9
1372810 661.1
1372820 661.1
1372830 661.4
1372840 661.9
1372850 661.9
1372860 662.7
1372870 663.5
1372880 663.5
1372890 663.8
1372900 663.8
1372910 663.8
1372920 663.5
1372930 663.2
1372940 663.2
1372950 663.3
1372960 663.5
1372970 663.5
1372980 663.7
1372990 663.8
1373000 663.8
1373010 664.9
1373020 664.7
1373030 664.7
1373040 664.5
1373050 664.5
1373060 664.5
1373070 664.5
1373080 664.5
1373090 664.6
1373100 664.6
1373110 664.9
1373120 665.2
1373130 665.2
1373140 665.5
1373150 665.8
1373160 665.8
1373170 666.1
1373180 666.3
1373190 666.3
1373200 666.6
1373210 667.0
1373220 667.0
1373230 667.3
1373240 667.6
1373250 667.6
1373260 667.7
1373270 667.6
1373280 667.6
1373290 667.5
1373300 667.7
1373310 667.7
1373320 667.9
1373330 668.1
1373340 668.1
1373350 668.3
1373360 668.5
1373370 668.5
1373380 668.8
1373390 669.1
1373400 669.1
1373410 669.4
1373420 669.6
1373430 669.6
1373440 669.8
1373450 669.9
1373460 669.9
1373470 670.0
1373480 670.3
1373490 670.5
1373500 670.5
1373510 670.8
1373520 671.1
1373530 671.1
1373540 671.5
1373550 671.8
1373560 671.8
1373570 672.1
1373580 672.2
1373590 672.2
1373600 672.4
1373610 672.7
1373620 672.7
1373630 672.9
1373640 673.2
1373650 673.2
1373660 673.4
1373670 673.7
1373680 673.7
1373690 673.9
1373700 674.1
1373710 674.1
1373720 674.3
1373730 674.6
1373740 674.6
1373750 674.9
1373760 675.1
1373770 675.1
1373780 675.3
1373790 675.5
1373800 675.5
1373810 675.8
1373820 676.0
1373830 676.0
1373840 676.2
1373850 676.5
1373860 676.5
1373870 676.9
1373880 677.2
1373890 677.2
1373900 677.6
1373910 678.3
1373920 678.6
1373930 678.6
1373940 678.6
1373950 678.8
1373960 678.8
1373970 679.0
1373980 679.3
1373990 679.3
1374000 679.7
1374010 680.0
1374020 680.0
1374030 680.2
1374040 680.5
1374050 680.5
1374060 680.8
1374070 681.3
1374080 681.3
1374090 681.6
1374100 681.8
1374110 681.8
1374120 682.1
1374130 682.0
1374140 682.0
1374150 682.2
1374160 681.5
1374170 681.5
1374180 680.5
1374190 681.6
1374200 681.6
1374210 683.4
1374220 684.0
1374230 684.0
1374240 684.3
1374250 684.7
1374260 684.7
1374270 684.8
1374280 685.1
1374290 685.1
1374300 685.4
1374310 685.3
1374320 685.4
1374330 685.4
1374340 685.2
1374350 685.2
1374360 685.2
1374370 685.8
1374380 686.2
1374390 686.2
1374400 686.4
1374410 686.4
1374420 686.4
1374430 686.7
1374440 686.9
1374450 686.9
1374460 687.4
1374470 688.1
1374480 688.1
1374490 688.7
1374500 690.6
1374510 690.6
1374520 695.7
1374530 702.4
1374540 702.4
1374550 708.5
1374560 715.8
1374570 715.8
1374580 720.2
1374590 720.9
1374600 720.9
1374610 721.3
1374620 721.4
1374630 721.4
1374640 721.3
1374650 721.1
1374660 721.1
1374670 721.0
1374680 720.9
1374690 720.9
1374700 720.7
1374710 720.8
1374720 720.9
1374730 720.9
1374740 721.3
1374750 721.8
1374760 721.8
1374770 722.3
1374780 722.7
1374790 722.7
1374800 723.4
1374810 723.9
1374820 723.9
1374830 724.4
1374840 725.1
1374850 725.1
1374860 725.7
1374870 726.3
1374880 726.3
1374890 727.0
1374900 727.5
1374910 727.5
1374920 728.1
1374930 728.6
1374940 728.6
1374950 729.2
1374960 729.5
1374970 729.5
1374980 729.8
1374990 730.4
1375000 730.4
1375010 730.8
1375020 731.0
1375030 731.0
1375040 731.4
1375050 731.8
1375060 731.8
1375070 732.0
1375080 732.3
1375090 732.3
1375100 732.7
1375110 733.3
1375120 733.3
1375130 733.6
1375140 733.7
1375150 733.8
1375160 733.8
1375170 734.1
1375180 734.5
1375190 734.5
1375200 734.8
1375210 735.2
1375220 735.2
1375230 735.6
1375240 735.8
1375250 735.8
1375260 736.0
1375270 736.2
1375280 736.2
1375290 736.4
1375300 736.5
1375310 736.5
1375320 736.5
1375330 737.1
1375340 737.1
1375350 737.0
1375360 736.7
1375370 736.7
1375380 736.2
1375390 735.6
1375400 735.6
1375410 734.9
1375420 734.3
1375430 734.3
1375440 733.7
1375450 733.1
1375460 733.1
1375470 732.5
1375480 731.8
1375490 731.8
1375500 731.2
1375510 730.4
1375520 730.4
1375530 729.5
1375540 728.7
1375550 727.8
1375560 727.8
1375570 727.0
1375580 725.8
1375590 725.8
1375600 724.3
1375610 722.7
1375620 722.7
1375630 720.9
1375640 719.0
1375650 719.0
1375660 717.0
1375670 715.1
1375680 715.1
1375690 713.4
1375700 711.5
1375710 711.5
1375720 709.3
1375730 707.0
1375740 707.0
1375750 704.6
1375760 702.4
1375770 702.4
1375780 700.2
1375790 698.7
1375800 698.7
1375810 697.8
1375820 696.6
1375830 696.6
1375840 695.7
1375850 695.3
1375860 695.3
1375870 696.8
1375880 698.1
1375890 698.1
1375900 699.2
1375910 701.0
1375920 701.0
1375930 703.0
1375940 704.9
1375950 704.9
1375960 706.8
1375970 708.6
1375980 710.2
1375990 710.2
1376000 711.5
1376010 712.8
1376020 712.8
1376030 713.7
1376040 714.5
1376050 714.5
1376060 715.2
1376070 715.6
1376080 715.6
1376090 715.3
1376100 715.2
1376110 715.2
1376120 715.7
1376130 716.3
1376140 716.3
1376150 716.4
1376160 716.1
1376170 716.1
1376180 715.3
1376190 714.1
1376200 714.1
1376210 712.7
1376220 710.5
1376230 710.5
1376240 707.9
1376250 704.8
1376260 704.8
1376270 701.3
1376280 698.6
1376290 698.6
1376300 695.6
1376310 692.3
1376320 692.3
1376330 689.2
1376340 688.1
1376350 688.1
1376360 688.1
1376370 688.6
1376380 689.6
1376390 689.6
1376400 691.6
1376410 695.1
1376420 695.1
1376430 698.4
1376440 701.4
1376450 701.4
1376460 703.9
1376470 706.2
1376480 706.2
1376490 708.2
1376500 710.0
1376510 708.8
1376520 711.2
1376530 713.2
1376540 713.2
1376550 714.9
1376560 716.2
1376570 716.2
1376580 717.4
1376590 718.4
1376600 718.4
1376610 719.1
1376620 719.6
1376630 719.6
1376640 720.1
1376650 720.6
1376660 720.6
1376670 721.0
1376680 721.4
1376690 721.4
1376700 721.7
1376710 722.2
1376720 722.2
1376730 722.7
1376740 723.7
1376750 723.7
1376760 724.5
1376770 725.3
1376780 725.3
1376790 726.4
1376800 727.8
1376810 729.2
1376820 729.2
1376830 730.6
1376840 732.1
1376850 732.1
1376860 734.0
1376870 736.5
1376880 736.5
1376890 739.7
1376900 742.6
1376910 742.6
1376920 744.6
1376930 746.0
1376940 746.0
1376950 746.8
1376960 746.1
1376970 746.1
1376980 745.0
1376990 743.4
1377000 743.4
1377010 741.5
1377020 738.9
1377030 738.9
1377040 735.9
1377050 733.2
1377060 733.2
1377070 732.0
1377080 731.3
1377090 731.3
1377100 730.1
1377110 727.8
1377120 727.8
1377130 724.3
1377140 721.2
1377150 721.2
1377160 719.0
1377170 717.3
1377180 717.3
1377190 716.0
1377200 715.0
1377210 713.8
1377220 713.8
1377230 712.3
1377240 710.5
1377250 710.5
1377260 707.8
1377270 704.8
1377280 704.8
1377290 702.2
1377300 699.5
1377310 699.5
1377320 696.2
1377330 692.5
1377340 692.5
1377350 688.8
1377360 685.5
1377370 685.5
1377380 682.5
1377390 679.0
1377400 679.0
1377410 675.9
1377420 674.1
1377430 674.1
1377440 672.8
1377450 671.4
1377460 671.4
1377470 670.5
1377480 670.2
1377490 670.2
1377500 669.8
1377510 668.9
1377520 668.9
1377530 667.2
1377540 665.5
1377550 665.5
1377560 664.2
1377570 663.4
1377580 663.4
1377590 663.0
1377600 662.7
1377610 662.1
1377620 662.1
1377630 661.1
1377640 657.5
1377650 657.5
1377660 655.6
1377670 659.8
1377680 659.8
1377690 660.4
1377700 660.3
1377710 661.0
1377720 661.3
1377730 661.6
1377740 661.6
1377750 661.7
1377760 661.5
1377770 661.5
1377780 661.2
1377790 661.6
1377800 661.6
1377810 662.2
1377820 662.8
1377830 662.8
1377840 663.2
1377850 663.3
1377860 663.3
1377870 663.1
1377880 662.8
1377890 662.8
1377900 662.8
1377910 662.8
1377920 662.8
1377930 662.6
1377940 662.0
1377950 662.0
1377960 661.5
1377970 661.1
1377980 661.1
1377990 660.6
1378000 659.8
1378010 659.8
1378020 658.9
1378030 658.0
1378040 658.7
1378050 658.7
1378060 659.3
1378070 658.6
1378080 658.6
1378090 656.6
1378100 653.8
1378110 653.8
1378120 648.0
1378130 643.6
1378140 643.6
1378150 642.4
1378160 641.5
1378170 641.5
1378180 641.7
1378190 644.1
1378200 644.1
1378210 646.7
1378220 649.8
1378230 649.8
1378240 650.9
1378250 650.9
1378260 650.9
1378270 650.7
1378280 650.6
1378290 650.6
1378300 650.3
1378310 650.0
1378320 650.0
1378330 649.7
1378340 649.3
1378350 649.3
1378360 648.8
1378370 648.0
1378380 648.0
1378390 647.0
1378400 646.8
1378410 646.8
1378420 647.6
1378430 648.8
1378440 650.3
1378450 650.3
1378460 651.2
1378470 651.8
1378480 651.8
1378490 651.2
1378500 650.1
1378510 650.1
1378520 649.3
1378530 648.8
1378540 648.8
1378550 648.6
1378560 648.4
1378570 648.4
1378580 648.4
1378590 648.7
1378600 648.7
1378610 646.9
1378620 643.4
1378630 643.4
1378640 640.3
1378650 635.3
1378660 635.3
1378670 628.1
1378680 622.9
1378690 622.9
1378700 622.7
1378710 625.3
1378720 625.3
1378730 627.9
1378740 629.3
1378750 629.3
1378760 632.4
1378770 635.8
1378780 635.8
1378790 638.3
1378800 641.0
1378810 641.0
1378820 644.8
1378830 647.4
1378840 647.4
1378850 650.4
1378860 653.6
1378870 656.6
1378880 656.6
1378890 659.4
1378900 662.1
1378910 661.0
1378920 665.2
1378930 669.0
1378940 669.0
1378950 672.3
1378960 672.2
1378970 672.2
1378980 669.8
1378990 667.3
1379000 667.3
1379010 664.8
1379020 662.8
1379030 662.8
1379040 661.7
1379050 661.6
1379060 661.6
1379070 662.2
1379080 663.2
1379090 663.2
1379100 663.9
1379110 663.8
1379120 663.8
1379130 663.9
1379140 664.2
1379150 664.2
1379160 664.5
1379170 665.1
1379180 665.1
1379190 665.9
1379200 667.1
1379210 667.1
1379220 669.0
1379230 669.7
1379240 669.7
1379250 669.8
1379260 669.7
1379270 670.2
1379280 670.2
1379290 672.8
1379300 676.9
1379310 676.9
1379320 679.9
1379330 681.5
1379340 681.5
1379350 682.4
1379360 683.3
1379370 683.3
1379380 685.2
1379390 687.0
1379400 687.0
1379410 687.2
1379420 686.7
1379430 686.7
1379440 686.4
1379450 686.5
1379460 686.5
1379470 686.8
1379480 686.5
1379490 686.5
1379500 686.2
1379510 687.6
1379520 687.6
1379530 689.7
1379540 691.4
1379550 691.4
1379560 693.9
1379570 695.0
1379580 695.0
1379590 696.6
1379600 697.0
1379610 697.0
1379620 696.9
1379630 696.8
1379640 696.8
1379650 696.9
1379660 696.5
1379670 696.5
1379680 695.6
1379690 694.6
1379700 693.9
1379710 693.9
1379720 693.7
1379730 693.8
1379740 693.8
1379750 694.2
1379760 695.0
1379770 695.0
1379780 695.7
1379790 696.5
1379800 696.5
1379810 697.3
1379820 698.0
1379830 698.0
1379840 698.6
1379850 698.9
1379860 698.9
1379870 699.2
1379880 699.2
1379890 699.2
1379900 699.1
1379910 698.9
1379920 698.9
1379930 698.8
1379940 698.8
1379950 698.8
1379960 698.7
1379970 698.3
1379980 698.3
1379990 698.4
