1360000 489.4
1360010 489.4
1360020 489.5
1360030 489.6
1360040 489.6
1360050 489.7
1360060 489.9
1360070 489.9
1360080 490.0
1360090 490.2
1360100 490.2
1360110 490.3
1360120 490.5
1360130 490.5
1360140 490.6
1360150 490.9
1360160 490.9
1360170 491.2
1360180 491.2
1360190 491.2
1360200 491.5
1360210 491.6
1360220 491.6
1360230 491.9
1360240 492.2
1360250 492.2
1360260 492.3
1360270 492.1
1360280 492.1
1360290 492.2
1360300 492.2
1360310 492.2
1360320 492.2
1360330 492.1
1360340 492.2
1360350 492.2
1360360 492.5
1360370 492.7
1360380 492.7
1360390 493.0
1360400 492.9
1360410 492.9
1360420 493.1
1360430 493.5
1360440 493.5
1360450 493.1
1360460 492.8
1360470 492.8
1360480 493.0
1360490 493.2
1360500 493.2
1360510 493.1
1360520 493.5
1360530 493.5
1360540 494.7
1360550 498.4
1360560 498.4
1360570 499.7
1360580 500.0
1360590 500.0
1360600 500.0
1360610 500.0
1360620 500.0
1360630 500.0
1360640 500.0
1360650 500.0
1360660 500.1
1360670 500.0
1360680 500.0
1360690 500.0
1360700 500.0
1360710 500.0
1360720 500.0
1360730 500.1
1360740 500.1
1360750 500.1
1360760 500.1
1360770 500.0
1360780 500.0
1360790 500.0
1360800 500.0
1360810 500.0
1360820 500.1
1360830 500.3
1360840 500.3
1360850 500.5
1360860 500.7
1360870 500.7
1360880 500.7
1360890 500.7
1360900 500.7
1360910 500.9
1360920 501.0
1360930 501.0
1360940 501.1
1360950 501.1
1360960 501.1
1360970 501.2
1360980 501.3
1360990 501.3
1361000 501.5
1361010 501.6
1361020 501.6
1361030 501.7
1361040 501.9
1361050 501.9
1361060 502.0
1361070 501.9
1361080 501.9
1361090 501.9
1361100 501.9
1361110 501.9
1361120 501.9
1361130 502.0
1361140 502.1
1361150 502.1
1361160 502.2
1361170 502.3
1361180 502.3
1361190 502.3
1361200 502.3
1361210 502.3
1361220 502.1
1361230 502.1
1361240 502.1
1361250 502.1
1361260 502.1
1361270 502.1
1361280 502.2
1361290 502.2
1361300 502.2
1361310 502.2
1361320 502.2
1361330 502.2
1361340 502.2
1361350 502.1
1361360 502.1
1361370 502.0
1361380 501.9
1361390 501.9
1361400 501.8
1361410 501.7
1361420 501.7
1361430 501.6
1361440 501.4
1361450 501.4
1361460 501.3
1361470 501.2
1361480 501.2
1361490 501.4
1361500 501.3
1361510 501.3
1361520 501.2
1361530 501.9
1361540 502.6
1361550 502.6
1361560 503.7
1361570 506.4
1361580 506.4
1361590 509.1
1361600 511.8
1361610 511.8
1361620 515.0
1361630 517.5
1361640 517.5
1361650 522.1
1361660 528.1
1361670 528.1
1361680 532.4
1361690 534.6
1361700 534.6
1361710 536.9
1361720 539.7
1361730 539.7
1361740 542.4
1361750 544.4
1361760 544.4
1361770 546.3
1361780 548.2
1361790 548.2
1361800 549.8
1361810 551.3
1361820 551.3
1361830 552.6
1361840 553.5
1361850 553.5
1361860 554.5
1361870 555.3
1361880 555.3
1361890 555.7
1361900 556.0
1361910 556.0
1361920 556.8
1361930 557.1
1361940 557.1
1361950 557.4
1361960 557.6
1361970 557.9
1361980 557.9
1361990 558.4
1362000 559.1
1362010 559.1
1362020 559.9
1362030 560.6
1362040 560.6
1362050 561.3
1362060 562.1
1362070 562.1
1362080 562.6
1362090 563.1
1362100 563.1
1362110 563.5
1362120 564.0
1362130 564.0
1362140 564.7
1362150 565.4
1362160 565.4
1362170 566.2
1362180 567.4
1362190 567.4
1362200 568.7
1362210 570.2
1362220 570.2
1362230 571.3
1362240 572.0
1362250 572.0
1362260 571.4
1362270 571.6
1362280 571.6
1362290 572.3
1362300 572.0
1362310 572.0
1362320 570.9
1362330 569.4
1362340 569.4
1362350 569.2
1362360 571.0
1362370 573.6
1362380 573.6
1362390 575.9
1362400 577.2
1362410 577.2
1362420 578.0
1362430 578.5
1362440 578.5
1362450 578.9
1362460 579.0
1362470 579.0
1362480 579.1
1362490 579.6
1362500 579.6
1362510 580.2
1362520 580.8
1362530 580.8
1362540 581.5
1362550 582.6
1362560 582.6
1362570 583.6
1362580 584.7
1362590 584.7
1362600 585.9
1362610 587.1
1362620 587.1
1362630 588.2
1362640 589.3
1362650 589.3
1362660 590.2
1362670 590.6
1362680 590.6
1362690 590.9
1362700 591.2
1362710 591.2
1362720 591.5
1362730 592.0
1362740 592.0
1362750 592.4
1362760 592.8
1362770 592.8
1362780 593.3
1362790 593.6
1362800 594.1
1362810 594.1
1362820 594.5
1362830 595.0
1362840 595.0
1362850 595.6
1362860 596.3
1362870 596.3
1362880 596.8
1362890 596.9
1362900 596.9
1362910 596.5
1362920 595.6
1362930 595.6
1362940 594.1
1362950 594.4
1362960 594.4
1362970 595.4
1362980 596.4
1362990 596.4
1363000 597.5
1363010 598.9
1363020 598.9
1363030 600.2
1363040 601.0
1363050 601.0
1363060 600.6
1363070 599.2
1363080 599.2
1363090 596.6
1363100 592.4
1363110 592.4
1363120 588.5
1363130 585.3
1363140 585.3
1363150 583.4
1363160 583.8
1363170 583.8
1363180 583.8
1363190 582.0
1363200 578.0
1363210 578.0
1363220 573.3
1363230 569.4
1363240 569.4
1363250 564.1
1363260 558.7
1363270 558.7
1363280 556.1
1363290 559.3
1363300 559.3
1363310 564.6
1363320 574.1
1363330 574.1
1363340 576.3
1363350 576.8
1363360 576.8
1363370 576.1
1363380 575.8
1363390 575.8
1363400 573.9
1363410 574.0
1363420 574.0
1363430 574.2
1363440 574.8
1363450 574.8
1363460 574.6
1363470 572.5
1363480 572.5
1363490 573.9
1363500 576.9
1363510 576.9
1363520 578.1
1363530 583.1
1363540 583.1
1363550 583.1
1363560 581.4
1363570 581.4
1363580 582.6
1363590 582.5
1363600 584.8
1363610 584.8
1363620 584.8
1363630 582.9
1363640 582.9
1363650 585.6
1363660 585.7
1363670 585.7
1363680 584.3
1363690 581.3
1363700 581.3
1363710 577.1
1363720 573.3
1363730 573.3
1363740 572.7
1363750 575.9
1363760 575.9
1363770 580.7
1363780 584.8
1363790 584.8
1363800 588.2
1363810 591.8
1363820 591.8
1363830 595.6
1363840 599.2
1363850 599.2
1363860 602.0
1363870 603.5
1363880 603.5
1363890 604.1
1363900 604.3
1363910 604.3
1363920 604.1
1363930 603.8
1363940 603.8
1363950 603.8
1363960 604.2
1363970 604.2
1363980 604.7
1363990 604.8
1364000 604.8
1364010 605.0
1364020 605.3
1364030 605.4
1364040 605.4
1364050 605.5
1364060 605.6
1364070 605.6
1364080 605.1
1364090 603.2
1364100 603.2
1364110 600.1
1364120 596.4
1364130 596.4
1364140 592.5
1364150 591.3
1364160 591.3
1364170 594.1
1364180 600.2
1364190 600.2
1364200 604.4
1364210 605.2
1364220 605.2
1364230 605.1
1364240 603.0
1364250 603.0
1364260 603.9
1364270 600.9
1364280 600.9
1364290 596.9
1364300 595.9
1364310 595.9
1364320 598.3
1364330 600.4
1364340 600.4
1364350 602.5
1364360 604.2
1364370 604.2
1364380 609.0
1364390 610.4
1364400 610.4
1364410 611.3
1364420 612.6
1364430 613.7
1364440 613.7
1364450 614.6
1364460 615.4
1364470 615.4
1364480 616.0
1364490 616.5
1364500 616.5
1364510 617.1
1364520 617.5
1364530 617.5
1364540 618.0
1364550 618.4
1364560 618.4
1364570 618.8
1364580 619.4
1364590 619.4
1364600 620.1
1364610 621.0
1364620 621.0
1364630 622.4
1364640 624.3
1364650 624.3
1364660 627.5
1364670 630.4
1364680 630.4
1364690 633.2
1364700 635.2
1364710 635.2
1364720 637.5
1364730 639.9
1364740 639.9
1364750 641.7
1364760 642.2
1364770 642.2
1364780 642.4
1364790 642.4
1364800 642.4
1364810 642.0
1364820 641.2
1364830 641.2
1364840 640.1
1364850 639.0
1364860 638.4
1364870 638.4
1364880 638.2
1364890 638.0
1364900 638.0
1364910 637.9
1364920 637.7
1364930 637.7
1364940 637.5
1364950 637.0
1364960 637.0
1364970 636.6
1364980 636.4
1364990 636.4
1365000 636.2
1365010 635.9
1365020 635.9
1365030 635.7
1365040 635.5
1365050 635.5
1365060 635.5
1365070 635.5
1365080 635.5
1365090 635.4
1365100 635.2
1365110 635.2
1365120 634.7
1365130 634.4
1365140 634.4
1365150 634.3
1365160 634.3
1365170 634.3
1365180 634.4
1365190 634.6
1365200 634.6
1365210 634.7
1365220 635.1
1365230 635.1
1365240 635.8
1365250 636.7
1365260 637.9
1365270 637.9
1365280 638.9
1365290 639.4
1365300 639.4
1365310 639.8
1365320 640.2
1365330 640.2
1365340 640.5
1365350 640.5
1365360 640.5
1365370 640.0
1365380 637.1
1365390 637.1
1365400 632.4
1365410 628.5
1365420 628.5
1365430 624.7
1365440 621.5
1365450 623.3
1365460 619.8
1365470 616.3
1365480 616.3
1365490 614.0
1365500 613.3
1365510 613.3
1365520 612.5
1365530 610.3
1365540 610.3
1365550 607.1
1365560 604.7
1365570 604.7
1365580 603.6
1365590 603.4
1365600 603.4
1365610 602.8
1365620 605.7
1365630 605.7
1365640 610.1
1365650 611.1
1365660 611.1
1365670 612.6
1365680 616.1
1365690 618.1
1365700 618.1
1365710 620.0
1365720 622.2
1365730 622.2
1365740 625.6
1365750 629.5
1365760 629.5
1365770 632.7
1365780 637.1
1365790 637.1
1365800 639.6
1365810 641.8
1365820 641.8
1365830 643.9
1365840 644.7
1365850 644.7
1365860 645.1
1365870 644.8
1365880 644.8
1365890 644.0
1365900 644.0
1365910 644.0
1365920 644.7
1365930 645.1
1365940 645.1
1365950 645.6
1365960 646.4
1365970 646.4
1365980 647.1
1365990 647.8
1366000 647.8
1366010 648.5
1366020 649.1
1366030 649.1
1366040 649.9
1366050 650.6
1366060 650.6
1366070 651.4
1366080 652.2
1366090 653.1
1366100 653.1
1366110 653.8
1366120 654.6
1366130 654.6
1366140 655.4
1366150 656.4
1366160 656.4
1366170 657.4
1366180 658.4
1366190 658.4
1366200 659.4
1366210 660.7
1366220 660.7
1366230 662.2
1366240 663.5
1366250 663.5
1366260 665.0
1366270 666.3
1366280 666.3
1366290 667.5
1366300 668.8
1366310 668.8
1366320 670.5
1366330 672.1
1366340 672.1
1366350 673.6
1366360 675.2
1366370 675.2
1366380 676.9
1366390 678.4
1366400 678.4
1366410 680.0
1366420 681.6
1366430 681.6
1366440 683.1
1366450 684.4
1366460 684.4
1366470 685.9
1366480 687.7
1366490 687.7
1366500 689.8
1366510 692.4
1366520 696.2
1366530 696.5
1366540 700.9
1366550 703.9
1366560 703.9
1366570 706.5
1366580 709.6
1366590 709.6
1366600 713.1
1366610 717.1
1366620 717.1
1366630 721.4
1366640 725.9
1366650 725.9
1366660 731.3
1366670 739.1
1366680 739.1
1366690 747.2
1366700 753.5
1366710 753.5
1366720 760.3
1366730 767.0
1366740 767.0
1366750 770.8
1366760 775.4
1366770 775.4
1366780 779.4
1366790 782.1
1366800 782.1
1366810 783.6
1366820 784.5
1366830 784.5
1366840 785.7
1366850 787.0
1366860 787.0
1366870 786.7
1366880 783.5
1366890 783.5
1366900 778.3
1366910 774.0
1366920 769.5
1366930 769.5
1366940 765.7
1366950 762.5
1366960 762.5
1366970 759.8
1366980 756.8
1366990 756.8
1367000 754.5
1367010 752.9
1367020 752.9
1367030 751.4
1367040 749.2
1367050 749.2
1367060 746.8
1367070 744.5
1367080 744.5
1367090 740.3
1367100 736.0
1367110 736.0
1367120 734.0
1367130 732.2
1367140 732.2
1367150 730.2
1367160 727.3
1367170 727.3
1367180 723.5
1367190 718.8
1367200 718.8
1367210 716.1
1367220 716.1
1367230 716.1
1367240 717.0
1367250 714.7
1367260 714.7
1367270 712.2
1367280 712.4
1367290 712.4
1367300 715.5
1367310 719.0
1367320 719.0
1367330 718.1
1367340 716.0
1367350 715.1
1367360 715.1
1367370 714.7
1367380 715.4
1367390 715.4
1367400 717.9
1367410 720.4
1367420 720.4
1367430 720.3
1367440 719.3
1367450 719.3
1367460 718.3
1367470 717.5
1367480 717.5
1367490 716.8
1367500 716.3
1367510 716.3
1367520 715.4
1367530 714.3
1367540 714.3
1367550 713.2
1367560 712.2
1367570 712.2
1367580 711.2
1367590 710.2
1367600 710.2
1367610 709.1
1367620 706.4
1367630 706.4
1367640 705.7
1367650 704.5
1367660 704.5
1367670 703.2
1367680 701.6
1367690 701.6
1367700 700.1
1367710 699.3
1367720 699.3
1367730 698.3
1367740 697.1
1367750 696.2
1367760 696.2
1367770 695.1
1367780 694.0
1367790 694.0
1367800 693.2
1367810 693.0
1367820 693.0
1367830 692.6
1367840 691.8
1367850 691.8
1367860 690.3
1367870 688.8
1367880 688.8
1367890 687.6
1367900 687.2
1367910 687.2
1367920 688.3
1367930 690.0
1367940 690.0
1367950 690.5
1367960 691.6
1367970 691.6
1367980 691.8
1367990 692.4
1368000 692.4
1368010 693.3
1368020 693.0
1368030 693.0
1368040 693.2
1368050 694.5
1368060 694.5
1368070 694.3
1368080 693.6
1368090 693.6
1368100 693.3
1368110 693.2
1368120 693.2
1368130 693.0
1368140 692.7
1368150 692.7
1368160 692.2
1368170 692.1
1368180 692.1
1368190 692.1
1368200 691.8
1368210 691.5
1368220 691.5
1368230 691.2
1368240 690.7
1368250 690.7
1368260 690.1
1368270 689.5
1368280 689.5
1368290 689.0
1368300 688.7
1368310 688.7
1368320 688.2
1368330 687.3
1368340 687.3
1368350 686.5
1368360 686.1
1368370 686.1
1368380 685.9
1368390 685.9
1368400 685.9
1368410 686.2
1368420 686.0
1368430 686.0
1368440 685.6
1368450 685.3
1368460 685.3
1368470 685.2
1368480 685.0
1368490 685.0
1368500 684.7
1368510 684.3
1368520 684.3
1368530 683.9
1368540 683.7
1368550 683.7
1368560 683.5
1368570 683.3
1368580 683.2
1368590 683.2
1368600 683.6
1368610 683.8
1368620 683.8
1368630 684.2
1368640 684.1
1368650 684.1
1368660 683.7
1368670 683.3
1368680 683.3
1368690 683.6
1368700 685.0
1368710 685.0
1368720 685.8
1368730 685.4
1368740 685.4
1368750 684.7
1368760 684.7
1368770 684.7
1368780 684.5
1368790 684.8
1368800 684.8
1368810 685.6
1368820 685.8
1368830 685.8
1368840 685.6
1368850 685.6
1368860 685.6
1368870 684.7
1368880 684.2
1368890 684.2
1368900 684.1
1368910 684.0
1368920 684.0
1368930 684.0
1368940 684.6
1368950 684.6
1368960 685.2
1368970 685.6
1368980 685.6
1368990 685.3
1369000 685.0
1369010 685.3
1369020 685.3
1369030 685.7
1369040 686.0
1369050 686.0
1369060 686.1
1369070 686.1
1369080 686.1
1369090 685.9
1369100 685.4
1369110 685.4
1369120 685.3
1369130 685.5
1369140 685.5
1369150 685.7
1369160 686.0
1369170 686.0
1369180 686.3
1369190 686.5
1369200 686.5
1369210 686.9
1369220 687.5
1369230 687.5
1369240 688.1
1369250 688.7
1369260 688.7
1369270 689.2
1369280 689.4
1369290 689.4
1369300 689.7
1369310 690.2
1369320 690.2
1369330 690.8
1369340 691.3
1369350 691.3
1369360 691.4
1369370 691.1
1369380 691.1
1369390 690.9
1369400 690.8
1369410 690.6
1369420 690.6
1369430 690.5
1369440 690.7
1369450 690.7
1369460 690.7
1369470 690.5
1369480 690.5
1369490 690.0
1369500 689.3
1369510 689.3
1369520 688.6
1369530 688.1
1369540 688.1
1369550 688.0
1369560 688.1
1369570 688.1
1369580 688.2
1369590 688.3
1369600 688.3
1369610 688.4
1369620 688.1
1369630 688.1
1369640 687.4
1369650 686.4
1369660 686.4
1369670 685.6
1369680 685.5
1369690 685.5
1369700 685.6
1369710 685.4
1369720 685.4
1369730 685.1
1369740 685.1
1369750 685.1
1369760 685.4
1369770 685.3
1369780 685.3
1369790 684.8
1369800 684.8
1369810 684.8
1369820 684.8
1369830 685.6
1369840 685.5
1369850 685.5
1369860 685.2
1369870 684.9
1369880 684.9
1369890 684.5
1369900 684.0
1369910 684.0
1369920 683.3
1369930 682.5
1369940 682.5
1369950 681.6
1369960 680.8
1369970 680.8
1369980 680.3
1369990 679.9
1370000 679.9
1370010 679.4
1370020 679.0
1370030 679.0
1370040 679.0
1370050 679.0
1370060 679.0
1370070 678.4
1370080 677.9
1370090 677.9
1370100 677.2
1370110 676.9
1370120 676.9
1370130 676.8
1370140 676.7
1370150 676.7
1370160 676.2
1370170 675.8
1370180 675.8
1370190 675.7
1370200 675.3
1370210 675.3
1370220 675.0
1370230 674.9
1370240 674.7
1370250 674.7
1370260 674.0
1370270 673.5
1370280 673.5
1370290 673.0
1370300 672.6
1370310 672.6
1370320 672.4
1370330 672.2
1370340 672.2
1370350 672.2
1370360 672.3
1370370 672.3
1370380 672.0
1370390 670.8
1370400 670.8
1370410 669.8
1370420 668.7
1370430 668.7
1370440 667.8
1370450 667.2
1370460 667.2
1370470 667.1
1370480 667.1
1370490 667.1
1370500 667.1
1370510 666.6
1370520 666.6
1370530 665.4
1370540 664.0
1370550 664.0
1370560 662.8
1370570 662.6
1370580 662.6
1370590 662.9
1370600 661.8
1370610 661.8
1370620 661.5
1370630 661.5
1370640 661.5
1370650 661.6
1370660 661.8
1370670 661.8
1370680 661.8
1370690 661.8
1370700 661.8
1370710 661.8
1370720 661.8
1370730 661.9
1370740 661.9
1370750 662.1
1370760 662.2
1370770 662.2
1370780 662.3
1370790 662.5
1370800 662.5
1370810 662.5
1370820 662.3
1370830 662.3
1370840 662.2
1370850 662.4
1370860 662.4
1370870 662.3
1370880 662.0
1370890 662.0
1370900 661.8
1370910 661.8
1370920 661.8
1370930 661.7
1370940 661.3
1370950 661.3
1370960 661.4
1370970 661.1
1370980 661.1
1370990 661.0
1371000 661.2
1371010 661.2
1371020 661.5
1371030 661.4
1371040 661.4
1371050 661.3
1371060 661.5
1371070 661.7
1371080 661.7
1371090 661.9
1371100 661.7
1371110 661.7
1371120 661.5
1371130 661.5
1371140 661.5
1371150 661.4
1371160 661.1
1371170 661.1
1371180 661.1
1371190 660.9
1371200 660.9
1371210 660.9
1371220 660.7
1371230 660.7
1371240 660.6
1371250 660.5
1371260 660.5
1371270 660.3
1371280 660.2
1371290 660.2
1371300 660.1
1371310 660.0
1371320 660.0
1371330 659.8
1371340 659.5
1371350 659.5
1371360 659.0
1371370 658.7
1371380 658.7
1371390 658.4
1371400 658.0
1371410 658.0
1371420 657.7
1371430 657.6
1371440 657.6
1371450 657.3
1371460 657.2
1371470 656.9
1371480 656.9
1371490 656.8
1371500 656.8
1371510 656.8
1371520 656.6
1371530 656.4
1371540 656.4
1371550 656.1
1371560 655.8
1371570 655.8
1371580 655.8
1371590 655.7
1371600 655.7
1371610 655.4
1371620 655.3
1371630 655.3
1371640 655.0
1371650 655.0
1371660 655.0
1371670 655.0
1371680 655.1
1371690 655.1
1371700 655.5
1371710 655.6
1371720 655.6
1371730 655.6
1371740 655.6
1371750 655.6
1371760 655.4
1371770 655.0
1371780 655.0
1371790 654.9
1371800 654.9
1371810 654.9
1371820 654.9
1371830 654.9
1371840 654.9
1371850 654.9
1371860 654.9
1371870 654.9
1371880 654.9
1371890 654.9
1371900 654.9
1371910 654.9
1371920 654.9
1371930 654.9
1371940 654.9
1371950 654.9
1371960 654.9
1371970 654.9
1371980 654.9
1371990 654.9
1372000 654.9
1372010 654.9
1372020 654.9
1372030 654.9
1372040 654.9
1372050 654.9
1372060 654.9
1372070 654.9
1372080 654.9
1372090 654.9
1372100 654.9
1372110 654.9
1372120 654.9
1372130 654.9
1372140 655.0
1372150 655.0
1372160 655.1
1372170 655.1
1372180 655.1
1372190 655.1
1372200 655.1
1372210 655.1
1372220 655.1
1372230 655.1
1372240 655.1
1372250 655.1
1372260 655.1
1372270 655.1
1372280 655.1
1372290 655.1
1372300 655.1
1372310 655.1
1372320 655.1
1372330 655.1
1372340 655.1
1372350 655.1
1372360 655.1
1372370 655.1
1372380 655.1
1372390 655.1
1372400 655.1
1372410 655.1
1372420 655.1
1372430 655.1
1372440 655.2
1372450 655.2
1372460 655.2
1372470 655.3
1372480 655.4
1372490 655.4
1372500 655.6
1372510 655.8
1372520 655.8
1372530 655.8
1372540 655.9
1372550 655.9
1372560 656.1
1372570 656.4
1372580 656.4
1372590 656.4
1372600 656.2
1372610 656.2
1372620 656.2
1372630 656.3
1372640 656.3
1372650 656.5
1372660 656.7
1372670 656.7
1372680 656.8
1372690 657.0
1372700 657.0
1372710 657.1
1372720 657.4
1372730 657.6
1372740 657.6
1372750 657.9
1372760 658.2
1372770 658.2
1372780 658.3
1372790 658.4
1372800 658.4
1372810 658.6
1372820 658.8
1372830 658.8
1372840 659.0
1372850 659.2
1372860 659.2
1372870 659.3
1372880 659.5
1372890 659.5
1372900 659.8
1372910 659.9
1372920 659.9
1372930 660.0
1372940 660.1
1372950 660.1
1372960 660.3
1372970 660.5
1372980 660.5
1372990 660.6
1373000 660.9
1373010 660.9
1373020 661.1
1373030 661.3
1373040 661.3
1373050 661.4
1373060 661.6
1373070 661.6
1373080 661.9
1373090 662.2
1373100 662.2
1373110 662.3
1373120 662.4
1373130 662.7
1373140 662.7
1373150 663.0
1373160 663.1
1373170 663.1
1373180 663.3
1373190 663.6
1373200 663.6
1373210 663.9
1373220 664.3
1373230 664.3
1373240 664.5
1373250 664.7
1373260 664.7
1373270 664.8
1373280 665.0
1373290 665.0
1373300 665.2
1373310 665.4
1373320 665.4
1373330 665.6
1373340 665.7
1373350 665.7
1373360 665.9
1373370 666.2
1373380 666.2
1373390 666.4
1373400 666.6
1373410 666.6
1373420 666.8
1373430 667.0
1373440 667.0
1373450 667.3
1373460 667.7
1373470 667.7
1373480 668.2
1373490 668.6
1373500 668.6
1373510 668.9
1373520 669.2
1373530 669.2
1373540 669.5
1373550 669.8
1373560 669.9
1373570 669.9
1373580 670.2
1373590 670.5
1373600 670.5
1373610 670.7
1373620 670.9
1373630 670.9
1373640 671.0
1373650 671.2
1373660 671.2
1373670 671.5
1373680 671.7
1373690 671.7
1373700 671.9
1373710 671.9
1373720 671.9
1373730 672.1
1373740 672.3
1373750 672.3
1373760 672.5
1373770 672.7
1373780 672.7
1373790 672.8
1373800 673.0
1373810 673.0
1373820 673.1
1373830 673.3
1373840 673.3
1373850 673.5
1373860 673.7
1373870 673.7
1373880 674.0
1373890 674.1
1373900 674.1
1373910 674.0
1373920 674.1
1373930 674.1
1373940 673.8
1373950 673.8
1373960 673.6
1373970 673.6
1373980 672.7
1373990 673.5
1374000 673.5
1374010 674.4
1374020 674.5
1374030 674.5
1374040 675.0
1374050 675.4
1374060 675.4
1374070 675.7
1374080 676.1
1374090 676.1
1374100 676.6
1374110 676.8
1374120 676.8
1374130 676.9
1374140 676.9
1374150 676.9
1374160 676.6
1374170 676.7
1374180 676.7
1374190 676.8
1374200 676.7
1374210 676.7
1374220 676.7
1374230 676.8
1374240 676.8
1374250 677.3
1374260 679.4
1374270 679.4
1374280 685.4
1374290 692.7
1374300 692.7
1374310 695.5
1374320 696.3
1374330 696.3
1374340 697.1
1374350 697.8
1374360 697.8
1374370 698.2
1374380 698.6
1374390 698.3
1374400 698.3
1374410 698.4
1374420 698.6
1374430 698.6
1374440 698.9
1374450 699.1
1374460 699.1
1374470 699.0
1374480 698.7
1374490 698.7
1374500 698.5
1374510 698.2
1374520 698.2
1374530 698.0
1374540 698.0
1374550 698.0
1374560 698.1
1374570 698.3
1374580 698.3
1374590 698.6
1374600 698.8
1374610 698.8
1374620 699.1
1374630 700.0
1374640 700.0
1374650 701.4
1374660 702.8
1374670 702.8
1374680 703.2
1374690 702.6
1374700 702.6
1374710 702.7
1374720 705.0
1374730 705.0
1374740 707.6
1374750 709.7
1374760 709.7
1374770 711.3
1374780 712.8
1374790 713.8
1374800 713.8
1374810 714.7
1374820 715.5
1374830 715.5
1374840 716.3
1374850 717.1
1374860 717.1
1374870 717.9
1374880 718.7
1374890 718.7
1374900 719.4
1374910 720.2
1374920 720.2
1374930 721.1
1374940 721.9
1374950 721.9
1374960 722.7
1374970 723.6
1374980 723.6
1374990 724.3
1375000 725.0
1375010 725.0
1375020 725.5
1375030 726.2
1375040 726.2
1375050 727.0
1375060 727.7
1375070 727.7
1375080 728.3
1375090 729.1
1375100 729.1
1375110 730.0
1375120 730.9
1375130 730.9
1375140 731.9
1375150 732.7
1375160 732.7
1375170 733.5
1375180 734.2
1375190 734.2
1375200 735.0
1375210 735.6
1375220 736.1
1375230 736.1
1375240 736.6
1375250 736.9
1375260 736.9
1375270 737.2
1375280 737.3
1375290 737.3
1375300 737.3
1375310 737.3
1375320 737.3
1375330 737.0
1375340 736.6
1375350 736.6
1375360 736.2
1375370 735.4
1375380 735.4
1375390 734.6
1375400 733.7
1375410 733.7
1375420 732.8
1375430 731.7
1375440 731.7
1375450 730.6
1375460 729.2
1375470 729.2
1375480 727.5
1375490 725.6
1375500 725.6
1375510 723.4
1375520 720.9
1375530 720.9
1375540 718.1
1375550 715.4
1375560 715.4
1375570 711.2
1375580 708.0
1375590 708.0
1375600 705.8
1375610 703.5
1375620 701.0
1375630 701.0
1375640 698.5
1375650 695.4
1375660 695.4
1375670 691.6
1375680 688.9
1375690 688.9
1375700 687.0
1375710 685.9
1375720 685.9
1375730 684.7
1375740 683.0
1375750 683.0
1375760 679.9
1375770 677.9
1375780 677.9
1375790 676.5
1375800 677.2
1375810 677.2
1375820 677.5
1375830 676.7
1375840 676.7
1375850 675.3
1375860 674.4
1375870 674.4
1375880 674.3
1375890 674.3
1375900 674.3
1375910 675.6
1375920 676.5
1375930 676.5
1375940 675.9
1375950 676.1
1375960 676.1
1375970 676.8
1375980 677.7
1375990 677.7
1376000 679.2
1376010 681.1
1376020 681.1
1376030 683.5
1376040 685.6
1376050 687.0
1376060 687.0
1376070 687.9
1376080 688.8
1376090 688.8
1376100 689.7
1376110 690.3
1376120 690.3
1376130 691.0
1376140 691.2
1376150 691.2
1376160 691.4
1376170 692.1
1376180 692.1
1376190 692.7
1376200 693.2
1376210 693.2
1376220 693.1
1376230 692.9
1376240 692.9
1376250 693.0
1376260 693.2
1376270 693.2
1376280 693.4
1376290 693.3
1376300 693.3
1376310 693.1
1376320 692.9
1376330 692.9
1376340 692.8
1376350 692.7
1376360 692.7
1376370 692.6
1376380 692.5
1376390 692.5
1376400 692.3
1376410 692.2
1376420 692.2
1376430 692.0
1376440 691.9
1376450 692.2
1376460 692.2
1376470 692.0
1376480 691.0
1376490 691.0
1376500 690.4
1376510 689.9
1376520 689.9
1376530 689.5
1376540 689.1
1376550 689.1
1376560 688.6
1376570 688.2
1376580 688.2
1376590 688.0
1376600 687.8
1376610 687.8
1376620 687.4
1376630 686.5
1376640 686.5
1376650 685.4
1376660 684.3
1376670 684.3
1376680 683.3
1376690 682.4
1376700 682.4
1376710 681.5
1376720 680.6
1376730 680.6
1376740 679.5
1376750 679.2
1376760 679.2
1376770 677.8
1376780 674.1
1376790 674.1
1376800 675.1
1376810 676.0
1376820 676.0
1376830 675.1
1376840 674.1
1376850 674.1
1376860 673.0
1376870 672.1
1376880 671.4
1376890 671.4
1376900 670.8
1376910 669.9
1376920 669.9
1376930 668.8
1376940 667.6
1376950 667.6
1376960 666.3
1376970 665.0
1376980 665.0
1376990 663.7
1377000 662.3
1377010 662.3
1377020 660.8
1377030 659.4
1377040 659.4
1377050 658.2
1377060 657.3
1377070 657.3
1377080 656.3
1377090 654.8
1377100 654.8
1377110 653.0
1377120 652.1
1377130 652.1
1377140 652.3
1377150 651.8
1377160 651.8
1377170 651.3
1377180 650.5
1377190 650.5
1377200 649.9
1377210 649.2
1377220 649.2
1377230 648.6
1377240 647.9
1377250 647.9
1377260 647.4
1377270 646.9
1377280 646.2
1377290 646.2
1377300 645.0
1377310 643.9
1377320 643.9
1377330 643.1
1377340 642.3
1377350 642.3
1377360 641.3
1377370 640.4
1377380 640.4
1377390 640.2
1377400 638.7
1377410 638.7
1377420 637.4
1377430 636.8
1377440 636.8
1377450 635.5
1377460 635.1
1377470 635.1
1377480 635.1
1377490 636.5
1377500 636.5
1377510 639.1
1377520 642.6
1377530 642.6
1377540 644.9
1377550 648.4
1377560 648.4
1377570 652.2
1377580 654.1
1377590 654.1
1377600 655.3
1377610 656.3
1377620 656.3
1377630 657.2
1377640 657.9
1377650 657.9
1377660 658.6
1377670 659.5
1377680 660.9
1377690 660.9
1377700 662.5
1377710 663.5
1377720 663.5
1377730 665.4
1377740 667.4
1377750 667.4
1377760 667.6
1377770 667.8
1377780 667.8
1377790 667.9
1377800 668.1
1377810 668.1
1377820 668.1
1377830 667.9
1377840 667.9
1377850 667.6
1377860 667.3
1377870 667.3
1377880 667.1
1377890 667.1
1377900 667.1
1377910 667.2
1377920 667.1
1377930 667.1
1377940 666.4
1377950 665.5
1377960 665.5
1377970 664.1
1377980 662.6
1377990 662.6
1378000 661.2
1378010 660.0
1378020 660.0
1378030 659.2
1378040 658.4
1378050 658.4
1378060 657.1
1378070 656.2
1378080 656.2
1378090 655.6
1378100 655.6
1378110 655.8
1378120 655.8
1378130 655.8
1378140 655.8
1378150 655.8
1378160 655.7
1378170 655.4
1378180 655.4
1378190 655.2
1378200 654.9
1378210 654.9
1378220 654.8
1378230 654.7
1378240 654.7
1378250 654.5
1378260 654.2
1378270 654.2
1378280 653.9
1378290 653.3
1378300 653.3
1378310 652.6
1378320 651.8
1378330 651.8
1378340 651.0
1378350 650.2
1378360 650.2
1378370 649.2
1378380 647.3
1378390 647.3
1378400 641.6
1378410 634.5
1378420 634.5
1378430 629.9
1378440 627.2
1378450 627.2
1378460 625.8
1378470 625.5
1378480 625.5
1378490 625.0
1378500 623.9
1378510 623.9
1378520 623.9
1378530 624.2
1378540 624.3
1378550 624.3
1378560 624.4
1378570 624.5
1378580 624.5
1378590 624.4
1378600 623.3
1378610 623.3
1378620 621.6
1378630 620.7
1378640 620.7
1378650 620.2
1378660 619.8
1378670 619.8
1378680 621.7
1378690 625.8
1378700 625.8
1378710 632.2
1378720 637.8
1378730 637.8
1378740 641.9
1378750 642.6
1378760 642.6
1378770 644.6
1378780 648.0
1378790 648.0
1378800 652.7
1378810 657.6
1378820 657.6
1378830 660.9
1378840 662.3
1378850 662.3
1378860 663.2
1378870 664.4
1378880 664.4
1378890 665.8
1378900 667.5
1378910 667.5
1378920 669.2
1378930 669.7
1378940 667.3
1378950 667.3
1378960 667.9
1378970 671.0
1378980 671.0
1378990 673.7
1379000 674.4
1379010 674.4
1379020 674.7
1379030 675.2
1379040 675.2
1379050 675.6
1379060 676.1
1379070 676.1
1379080 676.4
1379090 676.6
1379100 676.6
1379110 676.7
1379120 676.9
1379130 676.9
1379140 677.1
1379150 678.1
1379160 678.1
1379170 677.4
1379180 674.9
1379190 674.9
1379200 669.8
1379210 665.6
1379220 665.6
1379230 662.8
1379240 660.2
1379250 660.2
1379260 658.3
1379270 657.4
1379280 657.4
1379290 657.0
1379300 656.8
1379310 656.8
1379320 656.7
1379330 657.1
1379340 657.6
1379350 657.6
1379360 658.5
1379370 660.1
1379380 660.1
1379390 662.1
1379400 664.1
1379410 664.1
1379420 665.7
1379430 667.0
1379440 667.0
1379450 667.8
1379460 668.1
1379470 668.1
1379480 668.0
1379490 667.5
1379500 667.5
1379510 666.7
1379520 666.5
1379530 666.5
1379540 666.6
1379550 666.4
1379560 666.4
1379570 666.2
1379580 666.4
1379590 666.4
1379600 667.4
1379610 669.1
1379620 669.1
1379630 671.3
1379640 674.1
1379650 674.1
1379660 677.1
1379670 680.3
1379680 680.3
1379690 683.4
1379700 685.7
1379710 685.7
1379720 686.6
1379730 686.5
1379740 686.5
1379750 685.8
1379760 685.1
1379770 684.2
1379780 684.2
1379790 683.4
1379800 682.6
1379810 682.6
1379820 682.3
1379830 681.8
1379840 681.8
1379850 681.3
1379860 680.5
1379870 680.5
1379880 680.2
1379890 680.4
1379900 680.4
1379910 680.7
1379920 680.6
1379930 680.6
1379940 680.8
1379950 681.0
1379960 681.0
1379970 680.9
1379980 680.9
1379990 680.9
