1360000 740.1
1360010 741.7
1360020 741.7
1360030 740.9
1360040 737.0
1360050 737.0
1360060 732.0
1360070 726.8
1360080 726.8
1360090 723.1
1360100 720.5
1360110 720.5
1360120 718.0
1360130 715.5
1360140 715.5
1360150 713.7
1360160 712.8
1360170 712.8
1360180 711.8
1360190 711.3
1360200 707.3
1360210 707.6
1360220 707.3
1360230 707.3
1360240 706.5
1360250 705.2
1360260 705.2
1360270 703.9
1360280 703.0
1360290 702.5
1360300 702.5
1360310 703.3
1360320 701.8
1360330 701.8
1360340 698.2
1360350 696.4
1360360 696.4
1360370 696.5
1360380 696.4
1360390 696.4
1360400 693.9
1360410 691.8
1360420 691.8
1360430 689.6
1360440 691.5
1360450 691.5
1360460 698.2
1360470 704.2
1360480 704.2
1360490 708.6
1360500 713.3
1360510 713.3
1360520 718.5
1360530 724.1
1360540 724.1
1360550 729.1
1360560 733.9
1360570 733.9
1360580 736.9
1360590 736.1
1360600 736.1
1360610 732.7
1360620 727.8
1360630 727.8
1360640 721.0
1360650 714.3
1360660 714.3
1360670 709.0
1360680 708.1
1360690 708.1
1360700 711.4
1360710 715.2
1360720 716.4
1360730 716.4
1360740 716.9
1360750 717.0
1360760 717.0
1360770 717.0
1360780 717.1
1360790 717.1
1360800 717.0
1360810 716.6
1360820 716.6
1360830 716.2
1360840 716.1
1360850 716.1
1360860 716.6
1360870 716.9
1360880 716.9
1360890 716.9
1360900 716.8
1360910 716.8
1360920 716.8
1360930 716.7
1360940 716.7
1360950 716.5
1360960 716.1
1360970 716.1
1360980 715.8
1360990 715.5
1361000 715.5
1361010 714.8
1361020 713.5
1361030 713.5
1361040 712.5
1361050 711.5
1361060 711.5
1361070 710.2
1361080 707.4
1361090 707.4
1361100 708.2
1361110 708.0
1361120 708.0
1361130 707.7
1361140 711.5
1361150 712.5
1361160 712.5
1361170 711.9
1361180 712.4
1361190 712.4
1361200 713.7
1361210 715.9
1361220 715.9
1361230 715.6
1361240 720.2
1361250 720.2
1361260 725.9
1361270 730.7
1361280 730.7
1361290 734.9
1361300 739.0
1361310 739.0
1361320 741.8
1361330 742.5
1361340 742.5
1361350 742.5
1361360 743.0
1361370 743.0
1361380 744.2
1361390 745.3
1361400 745.3
1361410 746.4
1361420 747.4
1361430 747.4
1361440 749.5
1361450 751.8
1361460 751.8
1361470 753.3
1361480 754.1
1361490 754.1
1361500 754.5
1361510 754.3
1361520 754.3
1361530 753.8
1361540 752.5
1361550 752.5
1361560 751.5
1361570 750.6
1361580 748.6
1361590 748.6
1361600 744.8
1361610 742.1
1361620 742.1
1361630 742.7
1361640 743.0
1361650 743.0
1361660 743.3
1361670 743.8
1361680 743.8
1361690 744.3
1361700 744.6
1361710 744.6
1361720 744.9
1361730 745.4
1361740 745.4
1361750 745.7
1361760 745.7
1361770 745.7
1361780 746.3
1361790 747.3
1361800 747.3
1361810 748.6
1361820 750.2
1361830 750.2
1361840 751.3
1361850 752.1
1361860 752.1
1361870 752.8
1361880 753.5
1361890 753.5
1361900 754.6
1361910 755.9
1361920 755.9
1361930 756.7
1361940 758.1
1361950 758.1
1361960 759.7
1361970 760.9
1361980 760.9
1361990 762.7
1362000 764.5
1362010 765.3
1362020 765.3
1362030 764.4
1362040 762.9
1362050 762.9
1362060 761.4
1362070 760.3
1362080 760.3
1362090 759.2
1362100 757.0
1362110 757.0
1362120 754.2
1362130 753.0
1362140 753.0
1362150 754.9
1362160 757.0
1362170 757.0
1362180 760.7
1362190 764.0
1362200 764.0
1362210 766.9
1362220 769.8
1362230 769.8
1362240 772.3
1362250 774.1
1362260 774.1
1362270 775.6
1362280 776.0
1362290 776.0
1362300 777.7
1362310 779.0
1362320 779.0
1362330 780.7
1362340 782.0
1362350 782.0
1362360 782.9
1362370 783.9
1362380 783.9
1362390 784.9
1362400 785.8
1362410 785.8
1362420 786.9
1362430 788.1
1362440 789.1
1362450 789.1
1362460 789.7
1362470 790.0
1362480 790.0
1362490 789.9
1362500 789.1
1362510 789.1
1362520 787.2
1362530 786.9
1362540 786.9
1362550 790.1
1362560 794.7
1362570 794.7
1362580 797.2
1362590 799.3
1362600 799.3
1362610 801.3
1362620 803.0
1362630 803.0
1362640 804.2
1362650 806.0
1362660 806.0
1362670 806.5
1362680 807.7
1362690 807.7
1362700 808.8
1362710 809.3
1362720 809.3
1362730 810.0
1362740 810.5
1362750 810.5
1362760 810.6
1362770 810.7
1362780 810.7
1362790 810.6
1362800 809.6
1362810 809.6
1362820 807.7
1362830 806.1
1362840 806.1
1362850 804.8
1362860 803.8
1362870 803.2
1362880 803.2
1362890 802.6
1362900 802.4
1362910 802.4
1362920 802.8
1362930 803.3
1362940 803.3
1362950 803.8
1362960 804.7
1362970 804.7
1362980 806.0
1362990 807.7
1363000 807.7
1363010 809.6
1363020 810.4
1363030 810.4
1363040 810.6
1363050 812.2
1363060 812.2
1363070 814.5
1363080 814.4
1363090 814.4
1363100 812.8
1363110 811.5
1363120 811.5
1363130 810.9
1363140 810.8
1363150 810.8
1363160 811.0
1363170 811.0
1363180 811.0
1363190 810.4
1363200 809.4
1363210 809.4
1363220 808.3
1363230 807.4
1363240 807.4
1363250 806.7
1363260 805.9
1363270 805.9
1363280 805.2
1363290 804.6
1363300 804.2
1363310 804.2
1363320 804.1
1363330 803.4
1363340 803.4
1363350 804.2
1363360 805.0
1363370 805.0
1363380 805.9
1363390 806.6
1363400 806.6
1363410 807.3
1363420 808.0
1363430 808.0
1363440 808.6
1363450 809.2
1363460 809.2
1363470 809.6
1363480 810.0
1363490 810.0
1363500 810.4
1363510 810.7
1363520 810.7
1363530 811.0
1363540 811.3
1363550 811.3
1363560 811.8
1363570 813.3
1363580 813.3
1363590 816.0
1363600 818.7
1363610 818.7
1363620 821.8
1363630 825.2
1363640 825.2
1363650 828.5
1363660 831.6
1363670 831.6
1363680 833.9
1363690 834.9
1363700 834.9
1363710 835.9
1363720 836.9
1363730 836.2
1363740 836.2
1363750 834.1
1363760 831.7
1363770 831.7
1363780 829.0
1363790 825.9
1363800 825.9
1363810 822.9
1363820 820.3
1363830 820.3
1363840 817.8
1363850 815.5
1363860 815.5
1363870 812.7
1363880 810.2
1363890 810.2
1363900 808.0
1363910 805.1
1363920 805.1
1363930 802.0
1363940 800.1
1363950 800.1
1363960 800.2
1363970 800.4
1363980 800.4
1363990 799.7
1364000 797.6
1364010 797.6
1364020 795.2
1364030 792.5
1364040 792.5
1364050 788.5
1364060 783.1
1364070 783.1
1364080 777.5
1364090 772.9
1364100 772.9
1364110 769.3
1364120 767.2
1364130 767.2
1364140 763.6
1364150 760.5
1364160 758.5
1364170 758.5
1364180 756.7
1364190 753.9
1364200 753.9
1364210 749.2
1364220 748.8
1364230 748.8
1364240 746.5
1364250 743.9
1364260 743.9
1364270 741.1
1364280 738.4
1364290 738.4
1364300 735.6
1364310 732.8
1364320 732.8
1364330 729.4
1364340 725.7
1364350 725.7
1364360 722.2
1364370 718.1
1364380 718.1
1364390 714.0
1364400 709.9
1364410 709.9
1364420 708.0
1364430 705.8
1364440 705.8
1364450 703.3
1364460 701.4
1364470 701.4
1364480 699.5
1364490 695.3
1364500 695.3
1364510 690.0
1364520 684.2
1364530 684.2
1364540 678.4
1364550 672.3
1364560 672.3
1364570 666.5
1364580 662.0
1364590 657.5
1364600 657.5
1364610 653.0
1364620 651.9
1364630 651.9
1364640 653.6
1364650 658.4
1364660 658.4
1364670 664.1
1364680 667.6
1364690 667.6
1364700 668.8
1364710 674.2
1364720 674.2
1364730 681.8
1364740 688.1
1364750 688.1
1364760 694.4
1364770 701.0
1364780 701.0
1364790 706.7
1364800 711.1
1364810 711.1
1364820 715.2
1364830 719.6
1364840 719.6
1364850 724.4
1364860 729.2
1364870 729.2
1364880 733.1
1364890 735.7
1364900 735.7
1364910 737.7
1364920 738.6
1364930 738.6
1364940 740.7
1364950 745.2
1364960 745.2
1364970 749.4
1364980 754.6
1364990 754.6
1365000 760.7
1365010 765.3
1365020 767.9
1365030 767.9
1365040 771.3
1365050 775.3
1365060 775.3
1365070 779.5
1365080 783.4
1365090 783.4
1365100 787.2
1365110 790.3
1365120 790.3
1365130 794.1
1365140 799.8
1365150 799.8
1365160 807.2
1365170 813.9
1365180 813.9
1365190 819.0
1365200 823.9
1365210 823.9
1365220 829.1
1365230 831.9
1365240 831.9
1365250 832.7
1365260 833.5
1365270 833.5
1365280 834.7
1365290 835.0
1365300 835.0
1365310 835.1
1365320 836.0
1365330 836.0
1365340 838.5
1365350 842.7
1365360 842.7
1365370 847.9
1365380 853.9
1365390 853.9
1365400 856.8
1365410 858.9
1365420 858.9
1365430 861.3
1365440 862.2
1365450 864.4
1365460 864.4
1365470 867.4
1365480 870.3
1365490 870.3
1365500 873.0
1365510 875.9
1365520 875.9
1365530 881.1
1365540 886.4
1365550 886.4
1365560 892.7
1365570 898.7
1365580 898.7
1365590 904.9
1365600 911.4
1365610 911.4
1365620 918.2
1365630 925.4
1365640 925.4
1365650 930.4
1365660 933.3
1365670 933.3
1365680 934.4
1365690 935.6
1365700 935.6
1365710 934.6
1365720 932.3
1365730 932.3
1365740 932.4
1365750 941.2
1365760 941.2
1365770 949.8
1365780 954.8
1365790 954.8
1365800 957.0
1365810 957.5
1365820 957.5
1365830 956.1
1365840 954.9
1365850 954.9
1365860 954.6
1365870 954.4
1365880 955.0
1365890 955.0
1365900 955.8
1365910 956.4
1365920 956.4
1365930 957.1
1365940 957.4
1365950 957.4
1365960 957.0
1365970 956.9
1365980 956.9
1365990 958.3
1366000 958.4
1366010 958.4
1366020 957.4
1366030 955.5
1366040 955.5
1366050 952.5
1366060 951.6
1366070 951.6
1366080 951.0
1366090 950.1
1366100 950.1
1366110 950.8
1366120 951.7
1366130 951.7
1366140 952.2
1366150 951.1
1366160 951.1
1366170 948.5
1366180 946.6
1366190 946.6
1366200 945.3
1366210 944.4
1366220 944.4
1366230 944.4
1366240 944.7
1366250 944.7
1366260 943.6
1366270 941.4
1366280 940.5
1366290 940.5
1366300 940.4
1366310 939.5
1366320 939.5
1366330 939.4
1366340 938.1
1366350 938.1
1366360 937.5
1366370 936.6
1366380 936.6
1366390 934.9
1366400 933.6
1366410 933.6
1366420 933.4
1366430 933.7
1366440 933.7
1366450 933.7
1366460 932.9
1366470 932.9
1366480 932.4
1366490 931.2
1366500 931.2
1366510 929.7
1366520 928.6
1366530 928.6
1366540 927.1
1366550 918.3
1366560 918.3
1366570 916.0
1366580 914.3
1366590 914.3
1366600 913.5
1366610 912.4
1366620 912.4
1366630 911.0
1366640 909.7
1366650 909.7
1366660 908.3
1366670 906.7
1366680 906.7
1366690 904.8
1366700 902.5
1366710 899.3
1366720 899.3
1366730 895.3
1366740 891.5
1366750 891.5
1366760 888.5
1366770 888.3
1366780 888.3
1366790 888.5
1366800 888.5
1366810 888.5
1366820 888.1
1366830 886.1
1366840 886.1
1366850 882.6
1366860 877.7
1366870 877.7
1366880 872.6
1366890 868.9
1366900 868.9
1366910 866.0
1366920 864.0
1366930 864.0
1366940 861.5
1366950 858.6
1366960 858.6
1366970 856.1
1366980 853.2
1366990 853.2
1367000 850.1
1367010 847.0
1367020 847.0
1367030 843.8
1367040 841.3
1367050 841.3
1367060 840.4
1367070 839.8
1367080 839.8
1367090 838.6
1367100 835.9
1367110 835.9
1367120 832.5
1367130 829.9
1367140 829.7
1367150 829.7
1367160 833.8
1367170 839.7
1367180 839.7
1367190 841.9
1367200 840.5
1367210 840.5
1367220 836.3
1367230 829.2
1367240 829.2
1367250 822.6
1367260 816.3
1367270 816.3
1367280 809.3
1367290 801.9
1367300 801.9
1367310 796.1
1367320 791.9
1367330 791.9
1367340 788.9
1367350 786.6
1367360 786.6
1367370 783.6
1367380 781.1
1367390 781.1
1367400 778.9
1367410 775.2
1367420 775.2
1367430 766.2
1367440 753.3
1367450 753.3
1367460 741.9
1367470 734.7
1367480 734.7
1367490 729.4
1367500 724.1
1367510 724.1
1367520 719.2
1367530 714.8
1367540 714.8
1367550 710.3
1367560 706.8
1367570 698.0
1367580 698.0
1367590 688.9
1367600 685.8
1367610 685.8
1367620 686.9
1367630 688.0
1367640 688.0
1367650 690.7
1367660 692.1
1367670 692.1
1367680 692.0
1367690 692.1
1367700 692.1
1367710 693.8
1367720 700.5
1367730 700.5
1367740 707.4
1367750 708.5
1367760 708.5
1367770 708.6
1367780 708.7
1367790 708.7
1367800 709.0
1367810 709.3
1367820 709.3
1367830 711.6
1367840 714.5
1367850 714.5
1367860 716.0
1367870 716.7
1367880 716.7
1367890 718.3
1367900 719.7
1367910 719.7
1367920 721.3
1367930 722.8
1367940 722.8
1367950 723.2
1367960 723.1
1367970 723.1
1367980 723.7
1367990 725.1
1368000 726.8
1368010 726.8
1368020 728.4
1368030 729.0
1368040 729.0
1368050 729.1
1368060 730.0
1368070 730.0
1368080 731.3
1368090 732.7
1368100 732.7
1368110 734.5
1368120 735.9
1368130 735.9
1368140 737.0
1368150 737.7
1368160 737.7
1368170 738.0
1368180 738.8
1368190 738.8
1368200 739.7
1368210 740.2
1368220 740.2
1368230 740.2
1368240 740.5
1368250 740.5
1368260 740.7
1368270 740.3
1368280 740.3
1368290 739.6
1368300 738.3
1368310 738.3
1368320 737.2
1368330 735.9
1368340 735.9
1368350 735.1
1368360 734.2
1368370 734.2
1368380 733.4
1368390 732.0
1368400 732.0
1368410 729.8
1368420 727.2
1368430 724.7
1368440 724.7
1368450 722.8
1368460 720.9
1368470 720.9
1368480 719.1
1368490 717.4
1368500 717.4
1368510 715.2
1368520 712.9
1368530 712.9
1368540 711.1
1368550 710.1
1368560 710.1
1368570 709.4
1368580 708.7
1368590 708.7
1368600 707.4
1368610 706.1
1368620 706.1
1368630 704.6
1368640 703.2
1368650 703.2
1368660 701.9
1368670 700.7
1368680 700.7
1368690 699.2
1368700 696.9
1368710 696.9
1368720 693.3
1368730 690.1
1368740 688.0
1368750 688.2
1368760 689.1
1368770 689.1
1368780 689.6
1368790 689.9
1368800 689.9
1368810 689.2
1368820 688.4
1368830 688.4
1368840 689.9
1368850 690.4
1368860 688.9
1368870 688.9
1368880 689.7
1368890 689.9
1368900 689.9
1368910 688.1
1368920 685.5
1368930 685.5
1368940 685.3
1368950 686.4
1368960 686.4
1368970 687.6
1368980 688.7
1368990 688.7
1369000 689.5
1369010 690.2
1369020 690.2
1369030 690.0
1369040 688.9
1369050 688.9
1369060 687.5
1369070 687.2
1369080 687.2
1369090 687.9
1369100 688.8
1369110 688.8
1369120 689.4
1369130 689.8
1369140 689.8
1369150 690.2
1369160 690.6
1369170 690.6
1369180 690.3
1369190 689.2
1369200 689.2
1369210 687.5
1369220 686.3
1369230 686.3
1369240 684.8
1369250 683.4
1369260 683.4
1369270 682.4
1369280 682.0
1369290 681.9
1369300 681.9
1369310 682.4
1369320 683.4
1369330 683.4
1369340 684.8
1369350 686.3
1369360 686.3
1369370 687.9
1369380 689.5
1369390 689.5
1369400 690.8
1369410 691.8
1369420 691.8
1369430 693.0
1369440 694.4
1369450 694.4
1369460 695.6
1369470 696.7
1369480 696.7
1369490 697.7
1369500 698.6
1369510 698.6
1369520 698.8
1369530 698.5
1369540 698.5
1369550 697.7
1369560 695.4
1369570 695.4
1369580 691.7
1369590 689.7
1369600 689.7
1369610 690.6
1369620 694.6
1369630 694.6
1369640 696.8
1369650 695.5
1369660 695.5
1369670 694.5
1369680 693.2
1369690 693.2
1369700 690.9
1369710 695.2
1369720 697.2
1369730 697.2
1369740 696.9
1369750 696.1
1369760 696.1
1369770 694.9
1369780 694.0
1369790 694.0
1369800 693.5
1369810 693.0
1369820 693.0
1369830 692.1
1369840 690.6
1369850 690.6
1369860 686.7
1369870 685.2
1369880 685.2
1369890 685.5
1369900 688.0
1369910 688.0
1369920 690.5
1369930 692.6
1369940 692.6
1369950 694.3
1369960 696.1
1369970 696.1
1369980 697.4
1369990 697.5
1370000 697.5
1370010 697.4
1370020 698.2
1370030 698.2
1370040 699.1
1370050 698.9
1370060 698.9
1370070 699.0
1370080 699.3
1370090 699.3
1370100 699.7
1370110 700.4
1370120 700.4
1370130 702.7
1370140 703.8
1370150 705.8
1370160 705.8
1370170 708.0
1370180 708.2
1370190 708.2
1370200 707.8
1370210 707.6
1370220 707.6
1370230 707.3
1370240 709.2
1370250 709.2
1370260 708.5
1370270 706.8
1370280 706.8
1370290 708.8
1370300 707.2
1370310 707.2
1370320 705.5
1370330 706.5
1370340 706.5
1370350 707.2
1370360 710.5
1370370 710.5
1370380 714.3
1370390 716.2
1370400 716.2
1370410 717.2
1370420 717.8
1370430 717.8
1370440 717.7
1370450 718.0
1370460 718.0
1370470 718.5
1370480 718.9
1370490 718.9
1370500 719.7
1370510 720.5
1370520 720.5
1370530 721.1
1370540 721.4
1370550 721.4
1370560 720.7
1370570 718.3
1370580 716.7
1370590 716.7
1370600 717.1
1370610 722.2
1370620 722.2
1370630 723.1
1370640 723.0
1370650 723.0
1370660 724.1
1370670 726.7
1370680 726.7
1370690 728.2
1370700 729.9
1370710 729.9
1370720 731.8
1370730 733.6
1370740 733.6
1370750 734.9
1370760 735.2
1370770 735.2
1370780 735.7
1370790 737.6
1370800 737.6
1370810 735.4
1370820 733.4
1370830 733.4
1370840 735.1
1370850 736.7
1370860 736.7
1370870 735.3
1370880 732.9
1370890 732.9
1370900 730.7
1370910 733.7
1370920 733.7
1370930 739.2
1370940 742.5
1370950 742.5
1370960 744.5
1370970 746.1
1370980 741.9
1370990 744.0
1371000 745.8
1371010 746.9
1371020 746.9
1371030 747.6
1371040 748.6
1371050 748.6
1371060 749.4
1371070 748.1
1371080 748.1
1371090 744.4
1371100 745.5
1371110 745.5
1371120 750.6
1371130 753.1
1371140 753.1
1371150 753.9
1371160 753.8
1371170 753.8
1371180 752.6
1371190 754.9
1371200 754.9
1371210 755.8
1371220 755.6
1371230 755.6
1371240 755.2
1371250 755.2
1371260 755.2
1371270 755.5
1371280 755.6
1371290 755.6
1371300 755.9
1371310 756.0
1371320 756.0
1371330 755.6
1371340 754.9
1371350 754.9
1371360 753.9
1371370 753.4
1371380 753.4
1371390 753.1
1371400 752.1
1371410 752.1
1371420 750.8
1371430 749.9
1371440 748.0
1371450 748.0
1371460 745.2
1371470 742.6
1371480 742.6
1371490 740.3
1371500 737.5
1371510 737.5
1371520 734.6
1371530 731.9
1371540 731.9
1371550 729.3
1371560 726.1
1371570 726.1
1371580 721.8
1371590 718.9
1371600 718.9
1371610 717.3
1371620 715.9
1371630 715.9
1371640 715.2
1371650 714.4
1371660 714.4
1371670 712.6
1371680 710.3
1371690 710.3
1371700 708.4
1371710 707.3
1371720 707.3
1371730 707.1
1371740 708.0
1371750 708.0
1371760 708.9
1371770 709.1
1371780 709.1
1371790 709.1
1371800 709.4
1371810 709.4
1371820 710.0
1371830 710.3
1371840 710.3
1371850 711.5
1371860 713.4
1371870 713.8
1371880 713.8
1371890 713.2
1371900 712.9
1371910 712.9
1371920 712.4
1371930 712.2
1371940 712.2
1371950 712.5
1371960 713.0
1371970 713.0
1371980 713.1
1371990 713.2
1372000 713.2
1372010 713.0
1372020 711.3
1372030 711.3
1372040 706.7
1372050 702.8
1372060 702.8
1372070 701.7
1372080 701.5
1372090 701.5
1372100 701.6
1372110 703.9
1372120 703.9
1372130 704.4
1372140 704.9
1372150 704.9
1372160 705.0
1372170 704.8
1372180 704.8
1372190 704.7
1372200 704.8
1372210 704.8
1372220 704.8
1372230 704.8
1372240 704.8
1372250 704.7
1372260 705.3
1372270 705.3
1372280 705.6
1372290 705.5
1372300 705.8
1372310 705.8
1372320 706.2
1372330 706.7
1372340 706.7
1372350 707.1
1372360 707.2
1372370 707.2
1372380 706.9
1372390 707.2
1372400 707.2
1372410 707.9
1372420 708.4
1372430 708.4
1372440 708.8
1372450 709.3
1372460 709.3
1372470 709.7
1372480 710.3
1372490 710.3
1372500 710.5
1372510 710.6
1372520 710.6
1372530 711.0
1372540 711.4
1372550 711.4
1372560 711.6
1372570 711.8
1372580 711.8
1372590 711.9
1372600 711.5
1372610 711.5
1372620 711.7
1372630 717.3
1372640 717.3
1372650 724.5
1372660 732.6
1372670 732.6
1372680 738.8
1372690 741.7
1372700 741.7
1372710 742.9
1372720 744.0
1372730 744.8
1372740 744.8
1372750 744.2
1372760 744.7
1372770 744.7
1372780 747.0
1372790 749.3
1372800 749.3
1372810 751.0
1372820 753.1
1372830 753.1
1372840 755.7
1372850 757.2
1372860 757.2
1372870 758.1
1372880 759.6
1372890 759.6
1372900 760.3
1372910 761.2
1372920 761.2
1372930 761.6
1372940 762.7
1372950 762.7
1372960 764.5
1372970 764.5
1372980 764.5
1372990 765.6
1373000 770.0
1373010 770.0
1373020 775.1
1373030 773.2
1373040 773.2
1373050 772.3
1373060 773.4
1373070 773.4
1373080 775.9
1373090 777.7
1373100 777.7
1373110 780.7
1373120 782.7
1373130 782.7
1373140 783.8
1373150 784.8
1373160 785.6
1373170 785.6
1373180 786.6
1373190 788.1
1373200 788.1
1373210 789.4
1373220 790.7
1373230 790.7
1373240 791.8
1373250 792.9
1373260 796.1
1373270 797.2
1373280 798.0
1373290 798.0
1373300 799.8
1373310 801.9
1373320 801.9
1373330 803.6
1373340 805.0
1373350 805.0
1373360 807.3
1373370 808.8
1373380 808.8
1373390 810.2
1373400 811.4
1373410 811.4
1373420 811.3
1373430 810.7
1373440 810.7
1373450 811.9
1373460 813.7
1373470 813.7
1373480 815.1
1373490 817.1
1373500 817.1
1373510 819.1
1373520 821.5
1373530 821.5
1373540 823.3
1373550 824.5
1373560 824.5
1373570 825.9
1373580 827.2
1373590 828.3
1373600 828.3
1373610 828.4
1373620 829.0
1373630 829.0
1373640 830.5
1373650 832.0
1373660 832.0
1373670 833.3
1373680 834.3
1373690 834.3
1373700 836.5
1373710 839.5
1373720 839.5
1373730 841.7
1373740 843.2
1373750 843.2
1373760 843.9
1373770 844.4
1373780 844.4
1373790 846.7
1373800 849.3
1373810 849.3
1373820 851.8
1373830 852.4
1373840 852.4
1373850 851.4
1373860 852.7
1373870 852.7
1373880 855.9
1373890 860.6
1373900 860.6
1373910 863.5
1373920 865.7
1373930 865.7
1373940 868.4
1373950 871.8
1373960 871.8
1373970 876.3
1373980 881.2
1373990 881.2
1374000 885.0
1374010 890.2
1374020 893.7
1374030 893.7
1374040 897.3
1374050 902.8
1374060 902.8
1374070 905.4
1374080 906.4
1374090 906.4
1374100 910.6
1374110 914.2
1374120 914.2
1374130 921.2
1374140 929.4
1374150 929.4
1374160 940.4
1374170 937.8
1374180 937.8
1374190 931.3
1374200 946.6
1374210 946.6
1374220 965.9
1374230 983.9
1374240 983.9
1374250 995.6
1374260 1000.3
1374270 1000.3
1374280 1005.1
1374290 1014.2
1374300 1014.2
1374310 1021.8
1374320 1023.6
1374330 1023.6
1374340 1023.9
1374350 1023.6
1374360 1023.6
1374370 1021.0
1374380 1017.2
1374390 1017.2
1374400 1015.8
1374410 1017.2
1374420 1012.2
1374430 1009.9
1374440 1006.0
1374450 1004.0
1374460 1004.0
1374470 1003.9
1374480 1004.9
1374490 1004.9
1374500 1006.2
1374510 1008.5
1374520 1008.5
1374530 1010.9
1374540 1009.7
1374550 1009.7
1374560 1010.1
1374570 1012.2
1374580 1012.2
1374590 1014.2
1374600 1017.5
1374610 1017.5
1374620 1017.5
1374630 1016.3
1374640 1016.3
1374650 1019.4
1374660 1027.1
1374670 1027.1
1374680 1036.3
1374690 1037.9
1374700 1037.9
1374710 1036.4
1374720 1042.2
1374730 1042.2
1374740 1050.3
1374750 1054.0
1374760 1054.0
1374770 1056.1
1374780 1057.9
1374790 1057.9
1374800 1054.3
1374810 1057.3
1374820 1057.3
1374830 1066.6
1374840 1071.8
1374850 1071.8
1374860 1073.1
1374870 1073.0
1374880 1071.8
1374890 1071.8
1374900 1068.7
1374910 1061.9
1374920 1061.9
1374930 1049.4
1374940 1036.7
1374950 1036.7
1374960 1026.4
1374970 1014.1
1374980 1014.1
1374990 1004.1
1375000 999.1
1375010 999.1
1375020 996.1
1375030 996.7
1375040 996.7
1375050 997.9
1375060 999.6
1375070 999.6
1375080 1002.6
1375090 1004.8
1375100 1004.8
1375110 1005.5
1375120 1004.3
1375130 1004.3
1375140 1000.7
1375150 995.7
1375160 995.7
1375170 991.5
1375180 988.7
1375190 988.7
1375200 985.8
1375210 983.2
1375220 983.2
1375230 980.1
1375240 976.1
1375250 976.1
1375260 972.7
1375270 971.5
1375280 971.5
1375290 969.8
1375300 966.2
1375310 962.3
1375320 962.3
1375330 959.1
1375340 955.5
1375350 955.5
1375360 954.2
1375370 954.7
1375380 954.7
1375390 957.1
1375400 959.8
1375410 959.8
1375420 963.3
1375430 967.7
1375440 967.7
1375450 971.2
1375460 973.9
1375470 973.9
1375480 976.6
1375490 980.2
1375500 980.2
1375510 984.2
1375520 988.5
1375530 988.5
1375540 990.9
1375550 990.2
1375560 990.2
1375570 988.4
1375580 986.9
1375590 984.0
1375600 978.6
1375610 971.0
1375620 971.0
1375630 964.5
1375640 958.0
1375650 958.0
1375660 951.8
1375670 948.4
1375680 948.4
1375690 945.9
1375700 941.2
1375710 938.4
1375720 938.4
1375730 937.6
1375740 939.8
1375750 939.8
1375760 944.6
1375770 948.3
1375780 948.3
1375790 951.6
1375800 951.8
1375810 951.8
1375820 948.4
1375830 943.4
1375840 943.4
1375850 937.5
1375860 931.1
1375870 931.1
1375880 928.1
1375890 927.9
1375900 927.9
1375910 930.5
1375920 934.7
1375930 934.7
1375940 938.4
1375950 941.7
1375960 941.7
1375970 944.7
1375980 947.9
1375990 947.9
1376000 951.0
1376010 954.1
1376020 954.1
1376030 956.6
1376040 958.5
1376050 958.5
1376060 960.5
1376070 963.7
1376080 963.7
1376090 967.8
1376100 971.4
1376110 971.4
1376120 975.6
1376130 979.3
1376140 982.6
1376150 982.6
1376160 986.4
1376170 990.1
1376180 990.1
1376190 993.1
1376200 995.3
1376210 995.3
1376220 996.2
1376230 995.7
1376240 995.7
1376250 995.0
1376260 994.1
1376270 994.1
1376280 994.1
1376290 994.2
1376300 994.2
1376310 994.3
1376320 993.3
1376330 993.3
1376340 992.0
1376350 991.2
1376360 991.2
1376370 990.6
1376380 989.6
1376390 989.6
1376400 988.7
1376410 987.8
1376420 987.8
1376430 985.3
1376440 980.5
1376450 980.5
1376460 975.2
1376470 971.3
1376480 971.3
1376490 968.0
1376500 966.8
1376510 966.8
1376520 968.8
1376530 970.5
1376540 970.5
1376550 969.2
1376560 966.8
1376570 966.3
1376580 966.3
1376590 968.2
1376600 969.1
1376610 969.1
1376620 966.8
1376630 963.5
1376640 963.5
1376650 960.1
1376660 954.9
1376670 954.9
1376680 949.7
1376690 946.1
1376700 946.1
1376710 943.2
1376720 939.3
1376730 939.3
1376740 935.2
1376750 930.1
1376760 930.1
1376770 918.6
1376780 913.4
1376790 913.4
1376800 910.0
1376810 910.1
1376820 910.1
1376830 911.1
1376840 911.8
1376850 911.8
1376860 915.2
1376870 917.3
1376880 917.3
1376890 915.0
1376900 908.9
1376910 908.9
1376920 904.0
1376930 900.3
1376940 900.3
1376950 896.0
1376960 889.0
1376970 889.0
1376980 886.9
1376990 887.7
1377000 882.8
1377010 882.8
1377020 877.4
1377030 873.7
1377040 873.7
1377050 871.4
1377060 867.3
1377070 867.3
1377080 863.8
1377090 860.4
1377100 860.4
1377110 854.7
1377120 850.4
1377130 850.4
1377140 848.1
1377150 848.6
1377160 848.6
1377170 848.3
1377180 846.6
1377190 846.6
1377200 845.1
1377210 843.0
1377220 843.0
1377230 840.9
1377240 837.2
1377250 837.2
1377260 830.1
1377270 823.2
1377280 823.2
1377290 817.6
1377300 814.8
1377310 814.8
1377320 812.5
1377330 809.1
1377340 809.1
1377350 805.1
1377360 798.4
1377370 798.4
1377380 790.3
1377390 784.5
1377400 784.5
1377410 783.6
1377420 780.9
1377430 777.5
1377440 777.5
1377450 775.2
1377460 768.1
1377470 768.1
1377480 761.5
1377490 756.0
1377500 756.0
1377510 752.1
1377520 757.3
1377530 757.3
1377540 763.8
1377550 770.2
1377560 770.2
1377570 778.1
1377580 782.5
1377590 782.5
1377600 784.6
1377610 785.7
1377620 785.7
1377630 784.5
1377640 780.7
1377650 780.7
1377660 776.3
1377670 773.4
1377680 773.4
1377690 771.1
1377700 767.7
1377710 767.7
1377720 765.6
1377730 762.7
1377740 762.7
1377750 757.8
1377760 752.5
1377770 752.5
1377780 748.4
1377790 745.4
1377800 745.4
1377810 741.3
1377820 735.0
1377830 735.0
1377840 730.0
1377850 726.7
1377860 724.6
1377870 724.6
1377880 722.9
1377890 720.9
1377900 720.9
1377910 719.1
1377920 717.8
1377930 717.8
1377940 717.4
1377950 716.3
1377960 716.3
1377970 713.1
1377980 713.0
1377990 713.0
1378000 712.8
1378010 712.0
1378020 712.0
1378030 707.6
1378040 703.1
1378050 703.1
1378060 699.7
1378070 697.5
1378080 697.5
1378090 696.8
1378100 696.5
1378110 696.5
1378120 696.2
1378130 695.4
1378140 695.4
1378150 693.2
1378160 689.5
1378170 689.5
1378180 685.8
1378190 682.7
1378200 682.7
1378210 679.9
1378220 677.1
1378230 677.1
1378240 675.0
1378250 672.2
1378260 672.2
1378270 669.7
1378280 666.4
1378290 663.6
1378300 663.6
1378310 660.4
1378320 657.2
1378330 657.2
1378340 654.2
1378350 650.4
1378360 650.4
1378370 646.6
1378380 642.9
1378390 642.9
1378400 640.5
1378410 639.1
1378420 639.1
1378430 637.8
1378440 636.6
1378450 636.6
1378460 635.9
1378470 635.7
1378480 635.7
1378490 635.2
1378500 634.4
1378510 634.4
1378520 633.3
1378530 632.4
1378540 632.4
1378550 631.3
1378560 630.1
1378570 630.1
1378580 628.6
1378590 626.5
1378600 626.5
1378610 624.0
1378620 622.0
1378630 622.0
1378640 620.5
1378650 619.4
1378660 619.4
1378670 616.6
1378680 613.8
1378690 613.8
1378700 611.8
1378710 610.5
1378720 609.5
1378730 609.5
1378740 608.7
1378750 608.2
1378760 608.2
1378770 608.0
1378780 607.3
1378790 607.3
1378800 607.0
1378810 606.9
1378820 606.9
1378830 606.7
1378840 606.8
1378850 606.8
1378860 606.7
1378870 606.8
1378880 606.8
1378890 606.7
1378900 606.6
1378910 606.6
1378920 606.3
1378930 606.2
1378940 606.2
1378950 606.2
1378960 606.0
1378970 606.0
1378980 605.9
1378990 605.8
1379000 605.8
1379010 605.8
1379020 605.7
1379030 605.7
1379040 605.6
1379050 605.6
1379060 605.6
1379070 605.4
1379080 605.1
1379090 605.1
1379100 604.9
1379110 604.8
1379120 604.8
1379130 604.8
1379140 604.8
1379150 604.6
1379160 604.6
1379170 603.9
1379180 602.5
1379190 602.5
1379200 602.2
1379210 601.9
1379220 601.9
1379230 601.6
1379240 601.3
1379250 601.3
1379260 601.1
1379270 601.0
1379280 601.0
1379290 600.8
1379300 600.7
1379310 600.7
1379320 600.5
1379330 600.3
1379340 600.3
1379350 600.0
1379360 599.7
1379370 599.7
1379380 599.4
1379390 599.0
1379400 599.0
1379410 598.6
1379420 598.2
1379430 598.2
1379440 597.9
1379450 597.7
1379460 597.7
1379470 597.5
1379480 597.3
1379490 597.3
1379500 597.1
1379510 597.0
1379520 597.0
1379530 596.7
1379540 596.2
1379550 596.2
1379560 595.9
1379570 595.2
1379580 593.9
1379590 593.9
1379600 592.5
1379610 591.1
1379620 591.1
1379630 589.9
1379640 589.2
1379650 589.2
1379660 589.2
1379670 589.1
1379680 589.1
1379690 589.0
1379700 589.0
1379710 589.0
1379720 589.0
1379730 589.1
1379740 589.1
1379750 589.1
1379760 589.1
1379770 589.1
1379780 589.1
1379790 589.1
1379800 589.1
1379810 589.1
1379820 589.1
1379830 589.1
1379840 589.6
1379850 590.0
1379860 590.0
1379870 590.0
1379880 589.8
1379890 589.8
1379900 587.6
1379910 588.3
1379920 588.3
1379930 589.5
1379940 589.0
1379950 589.0
1379960 588.9
1379970 588.8
1379980 588.8
1379990 588.7
