1360000 911.8
1360010 911.6
1360020 911.2
1360030 911.2
1360040 911.2
1360050 911.9
1360060 911.9
1360070 913.0
1360080 914.5
1360090 914.5
1360100 916.1
1360110 918.1
1360120 918.1
1360130 920.0
1360140 922.2
1360150 922.2
1360160 924.4
1360170 926.7
1360180 926.7
1360190 930.8
1360200 935.0
1360210 935.0
1360220 936.1
1360230 935.9
1360240 935.9
1360250 935.9
1360260 935.6
1360270 935.6
1360280 934.6
1360290 932.6
1360300 932.6
1360310 929.6
1360320 928.5
1360330 928.5
1360340 927.9
1360350 927.9
1360360 927.9
1360370 928.3
1360380 929.1
1360390 929.1
1360400 930.2
1360410 931.4
1360420 931.4
1360430 933.7
1360440 937.8
1360450 937.8
1360460 942.8
1360470 949.3
1360480 954.4
1360490 954.9
1360500 959.2
1360510 960.5
1360520 960.5
1360530 961.1
1360540 961.9
1360550 961.9
1360560 963.9
1360570 966.6
1360580 966.6
1360590 970.2
1360600 975.6
1360610 975.6
1360620 981.6
1360630 986.8
1360640 986.8
1360650 991.4
1360660 996.0
1360670 996.0
1360680 999.7
1360690 1001.6
1360700 1001.6
1360710 1000.3
1360720 998.7
1360730 998.7
1360740 999.1
1360750 999.8
1360760 999.8
1360770 1000.0
1360780 999.8
1360790 999.8
1360800 998.2
1360810 995.6
1360820 995.6
1360830 992.9
1360840 990.8
1360850 990.8
1360860 989.4
1360870 988.1
1360880 988.1
1360890 985.7
1360900 982.9
1360910 981.1
1360920 981.1
1360930 980.1
1360940 979.5
1360950 979.5
1360960 979.1
1360970 979.1
1360980 979.1
1360990 979.5
1361000 980.3
1361010 980.3
1361020 980.7
1361030 981.3
1361040 981.3
1361050 982.2
1361060 984.0
1361070 984.0
1361080 986.0
1361090 987.0
1361100 987.0
1361110 987.3
1361120 987.6
1361130 987.6
1361140 988.4
1361150 989.1
1361160 989.1
1361170 989.8
1361180 991.2
1361190 991.2
1361200 993.4
1361210 996.2
1361220 996.2
1361230 999.9
1361240 1004.3
1361250 1004.3
1361260 1008.0
1361270 1009.8
1361280 1009.8
1361290 1010.0
1361300 1009.7
1361310 1009.7
1361320 1009.6
1361330 1009.3
1361340 1008.5
1361350 1008.5
1361360 1007.9
1361370 1009.9
1361380 1009.9
1361390 1012.6
1361400 1015.6
1361410 1015.6
1361420 1016.8
1361430 1016.4
1361440 1016.4
1361450 1015.4
1361460 1014.4
1361470 1014.4
1361480 1012.9
1361490 1012.0
1361500 1012.0
1361510 1011.2
1361520 1010.6
1361530 1008.8
1361540 1009.6
1361550 1013.7
1361560 1013.7
1361570 1017.0
1361580 1020.1
1361590 1020.1
1361600 1024.1
1361610 1029.7
1361620 1029.7
1361630 1038.0
1361640 1045.0
1361650 1045.0
1361660 1049.3
1361670 1051.4
1361680 1051.4
1361690 1052.2
1361700 1051.1
1361710 1051.1
1361720 1048.2
1361730 1044.7
1361740 1044.7
1361750 1041.1
1361760 1037.1
1361770 1037.1
1361780 1033.1
1361790 1028.6
1361800 1023.1
1361810 1023.1
1361820 1018.0
1361830 1014.5
1361840 1014.5
1361850 1011.8
1361860 1010.6
1361870 1010.6
1361880 1010.4
1361890 1011.1
1361900 1011.1
1361910 1012.4
1361920 1012.7
1361930 1012.7
1361940 1012.5
1361950 1013.0
1361960 1013.0
1361970 1014.0
1361980 1015.3
1361990 1015.3
1362000 1017.2
1362010 1019.5
1362020 1019.5
1362030 1021.9
1362040 1024.1
1362050 1024.1
1362060 1025.5
1362070 1027.1
1362080 1027.1
1362090 1028.9
1362100 1030.3
1362110 1030.3
1362120 1030.7
1362130 1030.9
1362140 1030.9
1362150 1030.3
1362160 1028.8
1362170 1028.8
1362180 1026.4
1362190 1024.3
1362200 1024.3
1362210 1023.7
1362220 1024.5
1362230 1025.7
1362240 1025.7
1362250 1026.9
1362260 1027.2
1362270 1027.2
1362280 1026.7
1362290 1025.2
1362300 1025.2
1362310 1023.6
1362320 1022.6
1362330 1022.6
1362340 1021.1
1362350 1016.9
1362360 1016.9
1362370 1011.8
1362380 1007.0
1362390 1007.0
1362400 1002.5
1362410 998.9
1362420 998.9
1362430 996.1
1362440 992.4
1362450 992.4
1362460 988.8
1362470 984.1
1362480 984.1
1362490 980.2
1362500 976.9
1362510 976.9
1362520 973.8
1362530 971.0
1362540 971.0
1362550 968.5
1362560 966.1
1362570 966.1
1362580 962.4
1362590 960.7
1362600 960.7
1362610 959.0
1362620 956.7
1362630 956.7
1362640 952.9
1362650 947.3
1362660 941.8
1362670 941.8
1362680 936.1
1362690 931.0
1362700 931.0
1362710 927.3
1362720 924.8
1362730 924.8
1362740 922.9
1362750 921.8
1362760 921.8
1362770 920.2
1362780 919.5
1362790 919.5
1362800 918.8
1362810 918.5
1362820 918.5
1362830 918.5
1362840 917.5
1362850 917.5
1362860 916.0
1362870 913.1
1362880 913.1
1362890 910.3
1362900 907.2
1362910 907.2
1362920 904.1
1362930 901.9
1362940 901.9
1362950 900.6
1362960 899.9
1362970 899.9
1362980 899.7
1362990 900.4
1363000 900.4
1363010 903.1
1363020 906.4
1363030 906.4
1363040 908.8
1363050 910.3
1363060 910.3
1363070 911.1
1363080 911.1
1363090 910.5
1363100 910.5
1363110 909.4
1363120 908.0
1363130 908.0
1363140 905.8
1363150 900.9
1363160 900.9
1363170 895.9
1363180 891.7
1363190 891.7
1363200 888.8
1363210 885.5
1363220 885.5
1363230 882.4
1363240 878.9
1363250 878.9
1363260 875.0
1363270 870.8
1363280 870.8
1363290 867.0
1363300 863.2
1363310 863.2
1363320 859.8
1363330 856.9
1363340 856.9
1363350 854.0
1363360 851.3
1363370 851.3
1363380 849.9
1363390 849.8
1363400 849.8
1363410 851.5
1363420 854.5
1363430 854.5
1363440 856.6
1363450 855.7
1363460 855.7
1363470 852.2
1363480 848.2
1363490 848.2
1363500 844.3
1363510 840.8
1363520 840.8
1363530 837.9
1363540 835.9
1363550 833.1
1363560 833.1
1363570 830.2
1363580 827.6
1363590 827.6
1363600 826.1
1363610 825.0
1363620 825.0
1363630 824.0
1363640 821.9
1363650 821.9
1363660 819.7
1363670 817.5
1363680 817.5
1363690 813.9
1363700 809.3
1363710 809.3
1363720 805.5
1363730 802.0
1363740 802.0
1363750 799.3
1363760 796.7
1363770 796.7
1363780 794.4
1363790 791.9
1363800 791.9
1363810 788.4
1363820 783.6
1363830 783.6
1363840 777.4
1363850 772.1
1363860 772.1
1363870 769.3
1363880 764.8
1363890 764.8
1363900 760.3
1363910 758.1
1363920 758.1
1363930 756.9
1363940 755.7
1363950 755.7
1363960 754.5
1363970 753.6
1363980 753.0
1363990 753.0
1364000 752.2
1364010 751.0
1364020 751.0
1364030 750.1
1364040 748.9
1364050 748.9
1364060 749.4
1364070 753.2
1364080 753.2
1364090 751.9
1364100 750.8
1364110 750.8
1364120 749.7
1364130 745.1
1364140 745.1
1364150 740.6
1364160 744.6
1364170 744.6
1364180 744.3
1364190 741.1
1364200 741.1
1364210 738.2
1364220 737.4
1364230 737.4
1364240 737.2
1364250 736.9
1364260 736.9
1364270 735.9
1364280 732.7
1364290 732.7
1364300 729.4
1364310 727.3
1364320 727.3
1364330 725.6
1364340 723.1
1364350 723.1
1364360 719.2
1364370 716.3
1364380 716.3
1364390 713.1
1364400 708.4
1364410 705.2
1364420 705.2
1364430 704.4
1364440 705.1
1364450 705.1
1364460 707.1
1364470 711.0
1364480 711.0
1364490 715.7
1364500 721.3
1364510 721.3
1364520 727.2
1364530 733.4
1364540 733.4
1364550 735.9
1364560 736.9
1364570 736.9
1364580 738.6
1364590 741.5
1364600 741.5
1364610 746.1
1364620 749.2
1364630 749.2
1364640 750.5
1364650 751.2
1364660 751.2
1364670 753.2
1364680 756.0
1364690 756.0
1364700 757.8
1364710 760.4
1364720 760.4
1364730 760.4
1364740 758.6
1364750 758.6
1364760 756.3
1364770 755.5
1364780 755.5
1364790 754.9
1364800 754.0
1364810 754.0
1364820 753.2
1364830 752.4
1364840 752.4
1364850 752.1
1364860 753.1
1364870 755.7
1364880 755.7
1364890 758.9
1364900 762.7
1364910 762.7
1364920 767.5
1364930 774.0
1364940 774.0
1364950 781.1
1364960 788.0
1364970 788.0
1364980 794.9
1364990 801.9
1365000 801.9
1365010 811.9
1365020 829.9
1365030 829.9
1365040 839.2
1365050 845.9
1365060 845.9
1365070 849.0
1365080 852.1
1365090 852.1
1365100 855.4
1365110 857.9
1365120 857.9
1365130 861.2
1365140 867.0
1365150 867.0
1365160 874.3
1365170 879.2
1365180 879.2
1365190 879.2
1365200 877.0
1365210 877.0
1365220 875.4
1365230 874.7
1365240 874.7
1365250 874.5
1365260 874.4
1365270 874.4
1365280 873.9
1365290 872.7
1365300 870.9
1365310 870.9
1365320 870.2
1365330 871.0
1365340 871.0
1365350 870.7
1365360 870.5
1365370 870.5
1365380 870.9
1365390 872.0
1365400 872.0
1365410 873.6
1365420 876.0
1365430 876.0
1365440 879.6
1365450 883.0
1365460 883.0
1365470 885.8
1365480 888.0
1365490 888.0
1365500 889.8
1365510 891.6
1365520 891.6
1365530 893.1
1365540 894.2
1365550 894.2
1365560 894.4
1365570 894.4
1365580 894.4
1365590 894.7
1365600 896.1
1365610 896.1
1365620 898.2
1365630 900.4
1365640 900.4
1365650 902.7
1365660 905.7
1365670 905.7
1365680 908.7
1365690 912.9
1365700 912.9
1365710 917.0
1365720 920.7
1365730 924.7
1365740 924.7
1365750 928.6
1365760 931.6
1365770 927.6
1365780 930.3
1365790 932.4
1365800 932.4
1365810 933.6
1365820 934.5
1365830 934.5
1365840 935.4
1365850 936.1
1365860 936.1
1365870 936.6
1365880 937.6
1365890 937.6
1365900 938.4
1365910 939.4
1365920 939.4
1365930 941.3
1365940 943.4
1365950 943.4
1365960 944.8
1365970 945.4
1365980 945.4
1365990 945.6
1366000 945.9
1366010 945.9
1366020 944.9
1366030 942.0
1366040 942.0
1366050 939.2
1366060 939.5
1366070 939.5
1366080 942.4
1366090 949.1
1366100 949.1
1366110 958.1
1366120 966.8
1366130 966.8
1366140 973.5
1366150 977.2
1366160 979.1
1366170 979.1
1366180 981.5
1366190 988.3
1366200 988.3
1366210 994.6
1366220 998.1
1366230 998.1
1366240 1001.1
1366250 1004.4
1366260 1004.4
1366270 1009.0
1366280 1013.7
1366290 1013.7
1366300 1020.0
1366310 1026.0
1366320 1026.0
1366330 1032.2
1366340 1039.0
1366350 1039.0
1366360 1045.3
1366370 1051.1
1366380 1051.1
1366390 1057.5
1366400 1063.9
1366410 1063.9
1366420 1070.2
1366430 1076.7
1366440 1076.7
1366450 1083.5
1366460 1090.6
1366470 1090.6
1366480 1098.3
1366490 1106.2
1366500 1106.2
1366510 1114.3
1366520 1122.5
1366530 1122.5
1366540 1130.1
1366550 1136.7
1366560 1136.7
1366570 1142.0
1366580 1147.5
1366590 1147.5
1366600 1153.1
1366610 1159.6
1366620 1165.4
1366630 1165.4
1366640 1170.7
1366650 1176.3
1366660 1176.3
1366670 1181.8
1366680 1187.0
1366690 1187.0
1366700 1192.3
1366710 1196.8
1366720 1196.8
1366730 1201.6
1366740 1206.4
1366750 1206.4
1366760 1211.6
1366770 1217.3
1366780 1217.3
1366790 1223.0
1366800 1227.9
1366810 1227.9
1366820 1231.6
1366830 1234.1
1366840 1234.1
1366850 1235.7
1366860 1236.3
1366870 1236.3
1366880 1235.7
1366890 1234.5
1366900 1234.5
1366910 1232.5
1366920 1230.6
1366930 1230.6
1366940 1228.1
1366950 1225.7
1366960 1225.7
1366970 1223.5
1366980 1221.3
1366990 1221.3
1367000 1219.0
1367010 1216.3
1367020 1216.3
1367030 1213.0
1367040 1210.0
1367050 1207.9
1367060 1207.9
1367070 1205.6
1367080 1203.2
1367090 1203.2
1367100 1200.8
1367110 1198.2
1367120 1198.2
1367130 1195.4
1367140 1192.5
1367150 1192.5
1367160 1189.5
1367170 1187.0
1367180 1187.0
1367190 1185.0
1367200 1183.1
1367210 1183.1
1367220 1180.9
1367230 1178.1
1367240 1178.1
1367250 1174.6
1367260 1170.4
1367270 1170.4
1367280 1166.0
1367290 1161.5
1367300 1161.5
1367310 1156.5
1367320 1151.2
1367330 1151.2
1367340 1145.5
1367350 1139.8
1367360 1139.8
1367370 1134.6
1367380 1131.2
1367390 1131.2
1367400 1129.2
1367410 1125.7
1367420 1125.7
1367430 1121.9
1367440 1118.8
1367450 1118.8
1367460 1113.6
1367470 1107.3
1367480 1101.3
1367490 1101.3
1367500 1095.1
1367510 1088.9
1367520 1088.9
1367530 1081.6
1367540 1074.0
1367550 1074.0
1367560 1069.8
1367570 1070.0
1367580 1070.0
1367590 1071.1
1367600 1070.0
1367610 1070.0
1367620 1068.1
1367630 1066.2
1367640 1066.2
1367650 1063.4
1367660 1060.2
1367670 1060.2
1367680 1056.9
1367690 1054.2
1367700 1054.2
1367710 1051.9
1367720 1049.3
1367730 1049.3
1367740 1046.9
1367750 1044.0
1367760 1044.0
1367770 1040.7
1367780 1037.6
1367790 1037.6
1367800 1033.9
1367810 1031.8
1367820 1031.8
1367830 1029.3
1367840 1025.5
1367850 1025.5
1367860 1022.0
1367870 1019.3
1367880 1019.3
1367890 1016.4
1367900 1013.9
1367910 1011.2
1367920 1011.2
1367930 1007.6
1367940 1004.3
1367950 1001.8
1367960 998.2
1367970 993.5
1367980 993.5
1367990 990.1
1368000 986.0
1368010 986.0
1368020 982.8
1368030 978.9
1368040 978.9
1368050 973.8
1368060 969.1
1368070 969.1
1368080 964.2
1368090 959.7
1368100 959.7
1368110 955.4
1368120 951.6
1368130 951.6
1368140 946.7
1368150 942.6
1368160 942.6
1368170 937.5
1368180 931.4
1368190 931.4
1368200 925.5
1368210 919.8
1368220 919.8
1368230 912.6
1368240 905.3
1368250 905.3
1368260 898.3
1368270 891.7
1368280 891.7
1368290 890.6
1368300 897.0
1368310 897.0
1368320 905.0
1368330 910.4
1368340 910.4
1368350 912.8
1368360 917.8
1368370 924.9
1368380 924.9
1368390 929.2
1368400 929.7
1368410 929.7
1368420 927.9
1368430 925.4
1368440 925.4
1368450 927.7
1368460 930.9
1368470 930.9
1368480 931.5
1368490 931.5
1368500 931.5
1368510 930.9
1368520 928.8
1368530 928.8
1368540 922.3
1368550 919.6
1368560 919.6
1368570 919.1
1368580 920.9
1368590 920.9
1368600 922.2
1368610 922.4
1368620 922.4
1368630 923.7
1368640 926.8
1368650 926.8
1368660 933.5
1368670 939.4
1368680 939.4
1368690 944.5
1368700 948.9
1368710 948.9
1368720 950.1
1368730 952.1
1368740 952.1
1368750 951.7
1368760 952.3
1368770 952.3
1368780 955.7
1368790 957.3
1368800 960.8
1368810 960.8
1368820 963.5
1368830 963.6
1368840 963.6
1368850 962.3
1368860 963.0
1368870 963.0
1368880 967.1
1368890 964.7
1368900 964.7
1368910 960.7
1368920 964.9
1368930 964.9
1368940 964.5
1368950 964.8
1368960 964.8
1368970 966.4
1368980 967.8
1368990 967.8
1369000 971.3
1369010 976.8
1369020 976.8
1369030 978.2
1369040 978.7
1369050 978.7
1369060 989.5
1369070 993.7
1369080 993.7
1369090 995.5
1369100 996.0
1369110 996.0
1369120 994.1
1369130 984.7
1369140 984.7
1369150 987.4
1369160 1001.5
1369170 1001.5
1369180 1008.2
1369190 1010.9
1369200 1010.9
1369210 1014.3
1369220 1018.6
1369230 1021.8
1369240 1021.8
1369250 1024.9
1369260 1029.5
1369270 1029.5
1369280 1033.6
1369290 1036.6
1369300 1036.6
1369310 1037.7
1369320 1039.4
1369330 1039.4
1369340 1043.1
1369350 1043.8
1369360 1043.8
1369370 1049.7
1369380 1058.2
1369390 1058.2
1369400 1063.6
1369410 1066.4
1369420 1066.4
1369430 1068.6
1369440 1068.7
1369450 1068.7
1369460 1069.1
1369470 1072.2
1369480 1072.2
1369490 1067.4
1369500 1068.3
1369510 1068.3
1369520 1076.2
1369530 1084.5
1369540 1084.5
1369550 1089.8
1369560 1093.4
1369570 1093.4
1369580 1097.0
1369590 1100.6
1369600 1100.6
1369610 1103.4
1369620 1106.8
1369630 1106.8
1369640 1111.0
1369650 1114.2
1369660 1114.2
1369670 1117.1
1369680 1121.1
1369690 1124.8
1369700 1124.8
1369710 1127.8
1369720 1130.5
1369730 1130.5
1369740 1132.9
1369750 1136.8
1369760 1136.8
1369770 1140.6
1369780 1144.0
1369790 1144.0
1369800 1147.6
1369810 1151.2
1369820 1151.2
1369830 1154.9
1369840 1159.0
1369850 1159.0
1369860 1162.4
1369870 1166.4
1369880 1166.4
1369890 1170.8
1369900 1173.1
1369910 1173.1
1369920 1176.9
1369930 1180.2
1369940 1180.2
1369950 1183.7
1369960 1187.1
1369970 1187.1
1369980 1190.5
1369990 1194.5
1370000 1194.5
1370010 1198.0
1370020 1201.0
1370030 1201.0
1370040 1203.8
1370050 1206.5
1370060 1206.5
1370070 1209.1
1370080 1212.2
1370090 1212.2
1370100 1215.5
1370110 1219.0
1370120 1223.5
1370130 1223.5
1370140 1228.3
1370150 1233.7
1370160 1233.7
1370170 1245.0
1370180 1248.9
1370190 1248.9
1370200 1252.9
1370210 1256.4
1370220 1256.4
1370230 1259.3
1370240 1263.0
1370250 1263.0
1370260 1266.6
1370270 1269.5
1370280 1269.5
1370290 1272.2
1370300 1274.7
1370310 1274.7
1370320 1277.4
1370330 1280.3
1370340 1280.3
1370350 1283.1
1370360 1285.3
1370370 1285.3
1370380 1287.5
1370390 1290.7
1370400 1290.7
1370410 1293.6
1370420 1296.1
1370430 1296.1
1370440 1298.5
1370450 1300.4
1370460 1300.4
1370470 1300.5
1370480 1300.9
1370490 1300.9
1370500 1302.0
1370510 1303.7
1370520 1303.7
1370530 1305.5
1370540 1307.2
1370550 1308.8
1370560 1308.8
1370570 1306.2
1370580 1300.2
1370590 1300.2
1370600 1295.5
1370610 1292.0
1370620 1292.0
1370630 1289.4
1370640 1286.1
1370650 1286.1
1370660 1281.3
1370670 1276.1
1370680 1276.1
1370690 1270.3
1370700 1264.7
1370710 1264.7
1370720 1259.4
1370730 1255.0
1370740 1255.0
1370750 1251.8
1370760 1248.4
1370770 1248.4
1370780 1244.5
1370790 1241.2
1370800 1241.2
1370810 1238.2
1370820 1235.5
1370830 1235.5
1370840 1234.3
1370850 1232.1
1370860 1232.1
1370870 1228.1
1370880 1223.0
1370890 1223.0
1370900 1216.6
1370910 1210.2
1370920 1210.2
1370930 1203.4
1370940 1196.7
1370950 1196.7
1370960 1190.7
1370970 1185.3
1370980 1180.4
1370990 1180.4
1371000 1176.1
1371010 1171.7
1371020 1171.7
1371030 1166.9
1371040 1161.8
1371050 1161.8
1371060 1157.4
1371070 1153.1
1371080 1153.1
1371090 1147.9
1371100 1142.2
1371110 1142.2
1371120 1135.8
1371130 1129.3
1371140 1129.3
1371150 1122.9
1371160 1118.6
1371170 1118.6
1371180 1117.7
1371190 1121.8
1371200 1121.8
1371210 1130.1
1371220 1137.6
1371230 1137.6
1371240 1144.0
1371250 1150.5
1371260 1150.5
1371270 1157.3
1371280 1163.9
1371290 1163.9
1371300 1169.2
1371310 1175.6
1371320 1175.6
1371330 1182.0
1371340 1188.1
1371350 1188.1
1371360 1194.4
1371370 1201.0
1371380 1201.0
1371390 1208.1
1371400 1215.4
1371410 1215.4
1371420 1222.2
1371430 1229.3
1371440 1236.8
1371450 1236.8
1371460 1244.3
1371470 1250.2
1371480 1250.2
1371490 1256.2
1371500 1261.3
1371510 1261.3
1371520 1265.0
1371530 1268.1
1371540 1268.1
1371550 1271.5
1371560 1275.1
1371570 1275.1
1371580 1278.2
1371590 1281.2
1371600 1281.2
1371610 1284.0
1371620 1288.4
1371630 1288.4
1371640 1293.7
1371650 1300.1
1371660 1300.1
1371670 1307.7
1371680 1314.8
1371690 1314.8
1371700 1319.0
1371710 1320.1
1371720 1320.1
1371730 1319.9
1371740 1319.1
1371750 1319.1
1371760 1318.3
1371770 1317.4
1371780 1317.4
1371790 1315.9
1371800 1314.1
1371810 1314.1
1371820 1312.3
1371830 1311.5
1371840 1311.5
1371850 1311.4
1371860 1312.7
1371870 1313.8
1371880 1313.8
1371890 1315.7
1371900 1320.8
1371910 1320.8
1371920 1328.0
1371930 1335.3
1371940 1335.3
1371950 1340.5
1371960 1345.1
1371970 1345.1
1371980 1349.3
1371990 1349.3
1372000 1349.3
1372010 1344.6
1372020 1338.5
1372030 1338.5
1372040 1332.6
1372050 1327.0
1372060 1327.0
1372070 1321.3
1372080 1316.7
1372090 1316.7
1372100 1318.8
1372110 1321.5
1372120 1321.5
1372130 1323.4
1372140 1324.4
1372150 1324.4
1372160 1325.2
1372170 1326.0
1372180 1326.0
1372190 1326.9
1372200 1327.8
1372210 1327.8
1372220 1328.6
1372230 1329.3
1372240 1329.3
1372250 1330.6
1372260 1336.0
1372270 1336.0
1372280 1341.8
1372290 1345.9
1372300 1348.3
1372310 1348.3
1372320 1351.0
1372330 1354.9
1372340 1354.9
1372350 1360.0
1372360 1365.1
1372370 1365.1
1372380 1369.5
1372390 1372.8
1372400 1372.8
1372410 1376.3
1372420 1381.1
1372430 1381.1
1372440 1379.2
1372450 1385.5
1372460 1385.5
1372470 1394.4
1372480 1402.4
1372490 1402.4
1372500 1405.0
1372510 1415.0
1372520 1415.0
1372530 1426.0
1372540 1431.4
1372550 1431.4
1372560 1434.2
1372570 1434.7
1372580 1434.7
1372590 1432.8
1372600 1431.7
1372610 1431.7
1372620 1432.4
1372630 1433.4
1372640 1433.4
1372650 1433.5
1372660 1432.7
1372670 1432.7
1372680 1430.9
1372690 1427.7
1372700 1427.7
1372710 1423.3
1372720 1420.9
1372730 1420.9
1372740 1418.6
1372750 1415.7
1372760 1413.3
1372770 1413.3
1372780 1412.0
1372790 1410.5
1372800 1410.5
1372810 1409.8
1372820 1409.3
1372830 1409.3
1372840 1408.2
1372850 1406.5
1372860 1406.5
1372870 1404.5
1372880 1401.9
1372890 1401.9
1372900 1391.4
1372910 1361.7
1372920 1361.7
1372930 1334.6
1372940 1321.4
1372950 1321.4
1372960 1311.1
1372970 1305.9
1372980 1305.9
1372990 1300.4
1373000 1296.2
1373010 1296.2
1373020 1293.3
1373030 1292.2
1373040 1292.2
1373050 1291.7
1373060 1290.0
1373070 1290.0
1373080 1287.9
1373090 1284.1
1373100 1284.1
1373110 1278.4
1373120 1271.8
1373130 1271.8
1373140 1263.4
1373150 1254.0
1373160 1254.0
1373170 1241.0
1373180 1230.4
1373190 1222.1
1373200 1222.1
1373210 1215.4
1373220 1207.0
1373230 1207.0
1373240 1193.0
1373250 1184.7
1373260 1184.7
1373270 1174.7
1373280 1159.2
1373290 1159.2
1373300 1140.4
1373310 1127.6
1373320 1127.6
1373330 1118.5
1373340 1111.0
1373350 1111.0
1373360 1103.2
1373370 1093.7
1373380 1093.7
1373390 1082.5
1373400 1072.7
1373410 1072.7
1373420 1064.2
1373430 1056.8
1373440 1056.8
1373450 1049.1
1373460 1040.4
1373470 1040.4
1373480 1031.8
1373490 1023.2
1373500 1023.2
1373510 1015.8
1373520 1009.0
1373530 1009.0
1373540 1002.4
1373550 996.6
1373560 996.6
1373570 989.0
1373580 977.2
1373590 977.2
1373600 976.8
1373610 984.2
1373620 996.2
1373630 996.2
1373640 1004.7
1373650 1012.7
1373660 1012.7
1373670 1020.0
1373680 1027.6
1373690 1027.6
1373700 1033.6
1373710 1039.1
1373720 1039.1
1373730 1044.3
1373740 1049.7
1373750 1049.7
1373760 1055.0
1373770 1060.3
1373780 1060.3
1373790 1065.5
1373800 1070.5
1373810 1070.5
1373820 1075.2
1373830 1080.1
1373840 1080.1
1373850 1085.0
1373860 1089.8
1373870 1089.8
1373880 1095.0
1373890 1101.7
1373900 1101.7
1373910 1108.6
1373920 1114.5
1373930 1114.5
1373940 1117.0
1373950 1123.7
1373960 1123.7
1373970 1134.2
1373980 1144.0
1373990 1144.0
1374000 1154.4
1374010 1168.8
1374020 1168.8
1374030 1185.3
1374040 1190.2
1374050 1188.8
1374060 1188.8
1374070 1183.1
1374080 1186.3
1374090 1186.3
1374100 1190.7
1374110 1189.7
1374120 1189.7
1374130 1194.2
1374140 1195.1
1374150 1195.1
1374160 1195.6
1374170 1199.5
1374180 1199.5
1374190 1201.5
1374200 1202.4
1374210 1202.4
1374220 1205.0
1374230 1207.3
1374240 1207.3
1374250 1211.3
1374260 1216.4
1374270 1216.4
1374280 1219.8
1374290 1224.6
1374300 1224.6
1374310 1230.8
1374320 1238.2
1374330 1238.2
1374340 1247.6
1374350 1258.2
1374360 1258.2
1374370 1266.7
1374380 1275.2
1374390 1275.2
1374400 1285.5
1374410 1292.7
1374420 1292.7
1374430 1294.9
1374440 1294.7
1374450 1294.7
1374460 1293.0
1374470 1290.2
1374480 1290.2
1374490 1285.0
1374500 1278.9
1374510 1272.6
1374520 1272.6
1374530 1266.1
1374540 1257.1
1374550 1257.1
1374560 1246.2
1374570 1236.5
1374580 1236.5
1374590 1230.7
1374600 1226.0
1374610 1226.0
1374620 1221.1
1374630 1216.0
1374640 1216.0
1374650 1209.6
1374660 1201.0
1374670 1201.0
1374680 1191.5
1374690 1182.3
1374700 1182.3
1374710 1174.2
1374720 1166.6
1374730 1166.6
1374740 1158.8
1374750 1149.4
1374760 1149.4
1374770 1141.9
1374780 1134.9
1374790 1134.9
1374800 1128.1
1374810 1121.7
1374820 1121.7
1374830 1116.3
1374840 1111.3
1374850 1111.3
1374860 1105.9
1374870 1100.8
1374880 1100.8
1374890 1095.9
1374900 1090.8
1374910 1090.8
1374920 1085.2
1374930 1079.5
1374940 1071.6
1374950 1071.6
1374960 1064.1
1374970 1058.3
1374980 1058.3
1374990 1052.7
1375000 1053.8
1375010 1053.8
1375020 1056.1
1375030 1055.7
1375040 1055.7
1375050 1057.9
1375060 1062.6
1375070 1062.6
1375080 1065.3
1375090 1066.5
1375100 1066.5
1375110 1067.2
1375120 1067.5
1375130 1067.5
1375140 1067.9
1375150 1068.2
1375160 1068.2
1375170 1068.2
1375180 1068.2
1375190 1068.2
1375200 1068.5
1375210 1069.4
1375220 1069.4
1375230 1070.7
1375240 1072.3
1375250 1072.3
1375260 1073.3
1375270 1073.6
1375280 1073.6
1375290 1073.4
1375300 1073.0
1375310 1073.0
1375320 1071.1
1375330 1066.6
1375340 1066.6
1375350 1066.4
1375360 1069.4
1375370 1069.8
1375380 1069.8
1375390 1069.8
1375400 1071.4
1375410 1071.4
1375420 1073.4
1375430 1074.9
1375440 1074.9
1375450 1078.7
1375460 1082.9
1375470 1082.9
1375480 1087.0
1375490 1091.3
1375500 1091.3
1375510 1095.6
1375520 1099.7
1375530 1099.7
1375540 1102.6
1375550 1105.8
1375560 1105.8
1375570 1108.8
1375580 1110.9
1375590 1110.9
1375600 1111.2
1375610 1110.5
1375620 1110.5
1375630 1109.7
1375640 1110.0
1375650 1110.0
1375660 1108.9
1375670 1105.6
1375680 1105.6
1375690 1102.0
1375700 1097.6
1375710 1097.6
1375720 1091.1
1375730 1083.4
1375740 1083.4
1375750 1076.6
1375760 1071.1
1375770 1071.1
1375780 1066.0
1375790 1060.9
1375800 1060.9
1375810 1055.3
1375820 1048.3
1375830 1040.9
1375840 1040.9
1375850 1036.1
1375860 1031.1
1375870 1031.1
1375880 1036.3
1375890 1038.0
1375900 1038.0
1375910 1032.9
1375920 1027.4
1375930 1027.4
1375940 1033.6
1375950 1039.9
1375960 1039.9
1375970 1042.1
1375980 1047.3
1375990 1047.3
1376000 1056.2
1376010 1065.8
1376020 1065.8
1376030 1071.3
1376040 1075.9
1376050 1075.9
1376060 1082.8
1376070 1091.5
1376080 1091.5
1376090 1099.0
1376100 1104.4
1376110 1104.4
1376120 1106.8
1376130 1107.7
1376140 1107.7
1376150 1101.6
1376160 1092.3
1376170 1092.3
1376180 1086.9
1376190 1084.3
1376200 1084.3
1376210 1079.0
1376220 1072.3
1376230 1072.3
1376240 1063.6
1376250 1057.9
1376260 1056.3
1376270 1056.3
1376280 1054.2
1376290 1048.9
1376300 1048.9
1376310 1047.5
1376320 1052.3
1376330 1052.3
1376340 1061.2
1376350 1063.2
1376360 1063.2
1376370 1057.3
1376380 1061.2
1376390 1061.2
1376400 1059.7
1376410 1056.5
1376420 1056.5
1376430 1053.4
1376440 1048.9
1376450 1048.9
1376460 1044.5
1376470 1040.1
1376480 1040.1
1376490 1035.3
1376500 1029.1
1376510 1029.1
1376520 1022.8
1376530 1016.1
1376540 1016.1
1376550 1008.9
1376560 1001.9
1376570 1001.9
1376580 994.7
1376590 987.3
1376600 987.3
1376610 979.7
1376620 972.8
1376630 972.8
1376640 970.3
1376650 972.9
1376660 972.9
1376670 975.4
1376680 977.9
1376690 981.7
1376700 981.7
1376710 985.4
1376720 986.4
1376730 986.4
1376740 984.6
1376750 980.4
1376760 980.4
1376770 977.4
1376780 977.3
1376790 977.3
1376800 978.8
1376810 984.4
1376820 984.4
1376830 990.0
1376840 994.5
1376850 994.5
1376860 998.3
1376870 1002.3
1376880 1002.3
1376890 1004.6
1376900 1003.5
1376910 1003.5
1376920 1001.1
1376930 997.0
1376940 997.0
1376950 990.0
1376960 984.9
1376970 984.9
1376980 987.2
1376990 989.6
1377000 989.6
1377010 991.6
1377020 992.6
1377030 992.6
1377040 992.7
1377050 992.3
1377060 992.3
1377070 991.7
1377080 994.3
1377090 994.3
1377100 998.7
1377110 1001.5
1377120 1006.5
1377130 1006.5
1377140 1008.4
1377150 1008.5
1377160 1008.5
1377170 1008.3
1377180 1005.0
1377190 1005.0
1377200 997.8
1377210 990.4
1377220 990.4
1377230 982.7
1377240 974.6
1377250 974.6
1377260 966.4
1377270 959.7
1377280 959.7
1377290 953.5
1377300 946.8
1377310 946.8
1377320 938.6
1377330 931.0
1377340 931.0
1377350 926.8
1377360 923.0
1377370 923.0
1377380 919.4
1377390 915.6
1377400 915.6
1377410 910.4
1377420 906.3
1377430 906.3
1377440 901.0
1377450 895.0
1377460 895.0
1377470 887.5
1377480 879.1
1377490 879.1
1377500 884.9
1377510 895.1
1377520 895.1
1377530 904.1
1377540 911.7
1377550 911.7
1377560 917.6
1377570 923.7
1377580 930.1
1377590 930.1
1377600 936.6
1377610 943.4
1377620 943.4
1377630 950.3
1377640 957.4
1377650 957.4
1377660 962.5
1377670 967.9
1377680 967.9
1377690 972.8
1377700 976.2
1377710 976.2
1377720 977.3
1377730 976.5
1377740 976.5
1377750 975.5
1377760 975.9
1377770 975.9
1377780 976.7
1377790 977.9
1377800 977.9
1377810 978.6
1377820 979.3
1377830 979.3
1377840 979.9
1377850 979.9
1377860 979.9
1377870 979.4
1377880 978.0
1377890 978.0
1377900 976.6
1377910 974.9
1377920 974.9
1377930 972.4
1377940 970.2
1377950 970.2
1377960 968.6
1377970 966.5
1377980 966.5
1377990 963.9
1378000 961.6
1378010 959.0
1378020 959.0
1378030 956.5
1378040 954.2
1378050 954.2
1378060 952.4
1378070 950.9
1378080 950.9
1378090 949.0
1378100 946.2
1378110 946.2
1378120 942.2
1378130 935.6
1378140 935.6
1378150 929.1
1378160 923.6
1378170 923.6
1378180 919.2
1378190 920.5
1378200 920.5
1378210 921.7
1378220 921.0
1378230 921.0
1378240 920.1
1378250 919.0
1378260 919.0
1378270 917.6
1378280 915.3
1378290 915.3
1378300 912.7
1378310 904.6
1378320 904.6
1378330 904.5
1378340 904.0
1378350 904.0
1378360 903.2
1378370 901.5
1378380 901.5
1378390 898.9
1378400 896.4
1378410 896.4
1378420 894.0
1378430 891.4
1378440 888.8
1378450 888.8
1378460 886.6
1378470 885.4
1378480 885.4
1378490 882.6
1378500 880.0
1378510 880.0
1378520 877.9
1378530 873.6
1378540 873.6
1378550 868.2
1378560 864.1
1378570 864.1
1378580 862.7
1378590 862.6
1378600 862.6
1378610 862.7
1378620 861.5
1378630 861.5
1378640 856.4
1378650 852.5
1378660 852.5
1378670 848.9
1378680 845.9
1378690 845.9
1378700 843.7
1378710 842.5
1378720 842.5
1378730 842.3
1378740 840.3
1378750 840.3
1378760 835.8
1378770 830.4
1378780 830.4
1378790 826.6
1378800 823.6
1378810 823.6
1378820 821.5
1378830 819.3
1378840 819.3
1378850 816.4
1378860 813.3
1378870 813.3
1378880 810.9
1378890 808.6
1378900 806.0
1378910 806.0
1378920 803.4
1378930 800.2
1378940 800.2
1378950 796.7
1378960 792.5
1378970 792.5
1378980 789.4
1378990 787.2
1379000 787.2
1379010 784.1
1379020 780.3
1379030 780.3
1379040 776.0
1379050 770.4
1379060 770.4
1379070 764.1
1379080 758.0
1379090 758.0
1379100 752.8
1379110 748.1
1379120 748.1
1379130 743.1
1379140 738.9
1379150 738.9
1379160 734.1
1379170 730.4
1379180 730.4
1379190 724.0
1379200 714.9
1379210 714.9
1379220 709.0
1379230 705.8
1379240 705.8
1379250 701.9
1379260 698.9
1379270 698.9
1379280 695.3
1379290 693.7
1379300 693.7
1379310 693.3
1379320 693.2
1379330 693.0
1379340 693.0
1379350 690.5
1379360 686.1
1379370 686.1
1379380 681.8
1379390 674.3
1379400 674.3
1379410 668.4
1379420 660.8
1379430 660.8
1379440 652.4
1379450 646.9
1379460 646.9
1379470 642.3
1379480 639.0
1379490 639.0
1379500 636.9
1379510 635.3
1379520 636.6
1379530 635.4
1379540 635.8
1379550 635.8
1379560 637.6
1379570 639.8
1379580 639.8
1379590 641.6
1379600 640.3
1379610 640.3
1379620 638.1
1379630 634.0
1379640 634.0
1379650 628.4
1379660 625.2
1379670 625.2
1379680 622.7
1379690 620.1
1379700 620.1
1379710 612.5
1379720 602.5
1379730 602.5
1379740 591.9
1379750 582.4
1379760 580.5
1379770 580.5
1379780 580.4
1379790 580.5
1379800 580.5
1379810 582.0
1379820 587.1
1379830 587.1
1379840 593.5
1379850 600.9
1379860 600.9
1379870 606.9
1379880 609.0
1379890 609.0
1379900 610.0
1379910 608.8
1379920 608.8
1379930 606.3
1379940 609.8
1379950 609.8
1379960 615.8
1379970 620.7
1379980 620.7
1379990 623.0
