1360000 891.2
1360010 894.7
1360020 894.7
1360030 897.7
1360040 901.4
1360050 901.4
1360060 905.6
1360070 909.8
1360080 909.8
1360090 914.2
1360100 918.5
1360110 918.5
1360120 923.3
1360130 927.7
1360140 927.7
1360150 931.3
1360160 934.7
1360170 934.7
1360180 938.0
1360190 941.2
1360200 941.2
1360210 944.0
1360220 946.8
1360230 946.8
1360240 949.0
1360250 950.1
1360260 950.1
1360270 951.3
1360280 953.1
1360290 953.1
1360300 952.5
1360310 955.0
1360320 955.0
1360330 960.9
1360340 964.8
1360350 964.8
1360360 967.4
1360370 968.6
1360380 968.6
1360390 970.4
1360400 972.2
1360410 972.2
1360420 973.2
1360430 973.5
1360440 973.5
1360450 973.6
1360460 973.6
1360470 973.5
1360480 973.5
1360490 973.6
1360500 974.2
1360510 974.2
1360520 974.7
1360530 975.0
1360540 975.0
1360550 975.3
1360560 975.8
1360570 975.8
1360580 976.2
1360590 976.4
1360600 976.4
1360610 976.8
1360620 977.5
1360630 977.5
1360640 978.4
1360650 979.6
1360660 979.6
1360670 981.7
1360680 984.0
1360690 984.0
1360700 985.8
1360710 987.4
1360720 987.4
1360730 988.6
1360740 989.5
1360750 989.5
1360760 990.1
1360770 990.7
1360780 990.7
1360790 991.5
1360800 993.0
1360810 993.0
1360820 994.9
1360830 996.8
1360840 996.8
1360850 998.2
1360860 1002.8
1360870 1002.8
1360880 1008.5
1360890 1010.5
1360900 1010.5
1360910 1012.0
1360920 1013.9
1360930 1016.0
1360940 1016.0
1360950 1017.8
1360960 1018.9
1360970 1018.9
1360980 1019.4
1360990 1019.8
1361000 1019.8
1361010 1016.7
1361020 1015.1
1361030 1015.1
1361040 1013.6
1361050 1011.5
1361060 1011.5
1361070 1009.3
1361080 1011.3
1361090 1011.3
1361100 1014.1
1361110 1017.8
1361120 1017.8
1361130 1021.0
1361140 1019.5
1361150 1019.5
1361160 1016.9
1361170 1015.1
1361180 1015.1
1361190 1016.6
1361200 1022.8
1361210 1022.8
1361220 1030.4
1361230 1034.6
1361240 1034.6
1361250 1035.7
1361260 1036.8
1361270 1036.8
1361280 1035.8
1361290 1034.0
1361300 1034.0
1361310 1032.3
1361320 1030.7
1361330 1030.7
1361340 1030.9
1361350 1030.8
1361360 1030.8
1361370 1029.1
1361380 1028.7
1361390 1029.7
1361400 1029.7
1361410 1029.8
1361420 1029.0
1361430 1029.0
1361440 1028.1
1361450 1027.8
1361460 1027.8
1361470 1027.5
1361480 1027.8
1361490 1027.8
1361500 1028.8
1361510 1030.6
1361520 1030.6
1361530 1031.8
1361540 1033.0
1361550 1033.0
1361560 1033.8
1361570 1033.9
1361580 1033.9
1361590 1033.9
1361600 1033.2
1361610 1033.2
1361620 1032.3
1361630 1032.0
1361640 1032.0
1361650 1031.9
1361660 1031.7
1361670 1031.7
1361680 1030.9
1361690 1029.8
1361700 1029.8
1361710 1029.4
1361720 1029.4
1361730 1029.4
1361740 1029.6
1361750 1029.8
1361760 1029.8
1361770 1030.4
1361780 1031.1
1361790 1031.1
1361800 1030.0
1361810 1028.1
1361820 1026.5
1361830 1026.5
1361840 1025.1
1361850 1023.6
1361860 1023.6
1361870 1022.1
1361880 1020.2
1361890 1020.2
1361900 1018.2
1361910 1016.2
1361920 1016.2
1361930 1014.7
1361940 1013.5
1361950 1013.5
1361960 1012.5
1361970 1011.9
1361980 1011.9
1361990 1011.3
1362000 1010.7
1362010 1010.7
1362020 1010.3
1362030 1010.3
1362040 1010.3
1362050 1007.2
1362060 1007.6
1362070 1007.6
1362080 1007.9
1362090 1008.3
1362100 1008.3
1362110 1008.7
1362120 1009.1
1362130 1009.1
1362140 1009.5
1362150 1009.9
1362160 1009.9
1362170 1010.3
1362180 1010.8
1362190 1010.8
1362200 1011.2
1362210 1011.7
1362220 1011.7
1362230 1012.1
1362240 1012.1
1362250 1012.1
1362260 1012.0
1362270 1011.8
1362280 1011.5
1362290 1011.5
1362300 1011.6
1362310 1011.6
1362320 1011.6
1362330 1011.3
1362340 1010.4
1362350 1010.4
1362360 1009.4
1362370 1007.5
1362380 1007.5
1362390 1006.1
1362400 1004.6
1362410 1004.6
1362420 1003.2
1362430 1000.0
1362440 1000.0
1362450 995.2
1362460 990.0
1362470 990.0
1362480 985.2
1362490 980.7
1362500 980.7
1362510 975.9
1362520 972.0
1362530 972.0
1362540 968.5
1362550 964.4
1362560 964.4
1362570 962.5
1362580 961.4
1362590 961.4
1362600 960.2
1362610 957.4
1362620 957.4
1362630 953.3
1362640 950.8
1362650 950.8
1362660 950.4
1362670 949.2
1362680 949.2
1362690 944.2
1362700 938.7
1362710 938.7
1362720 935.6
1362730 933.8
1362740 933.2
1362750 933.2
1362760 933.9
1362770 933.3
1362780 933.3
1362790 931.7
1362800 930.1
1362810 930.1
1362820 928.4
1362830 926.4
1362840 926.4
1362850 924.2
1362860 922.0
1362870 922.0
1362880 920.4
1362890 919.2
1362900 919.2
1362910 918.0
1362920 915.9
1362930 915.9
1362940 912.4
1362950 908.6
1362960 908.6
1362970 905.3
1362980 902.4
1362990 902.4
1363000 899.5
1363010 896.3
1363020 896.3
1363030 891.9
1363040 885.6
1363050 885.6
1363060 880.9
1363070 881.4
1363080 881.4
1363090 884.6
1363100 883.7
1363110 883.7
1363120 885.0
1363130 884.2
1363140 884.2
1363150 883.0
1363160 884.7
1363170 884.7
1363180 887.2
1363190 887.6
1363200 887.2
1363210 887.2
1363220 884.9
1363230 881.5
1363240 881.5
1363250 883.3
1363260 883.5
1363270 883.5
1363280 882.0
1363290 881.4
1363300 881.4
1363310 881.0
1363320 880.7
1363330 880.7
1363340 880.7
1363350 881.2
1363360 881.2
1363370 882.1
1363380 882.4
1363390 882.4
1363400 882.3
1363410 882.9
1363420 882.9
1363430 882.5
1363440 880.7
1363450 880.7
1363460 878.3
1363470 876.4
1363480 876.4
1363490 874.4
1363500 872.0
1363510 872.0
1363520 873.2
1363530 874.1
1363540 874.1
1363550 874.1
1363560 872.4
1363570 872.4
1363580 873.1
1363590 875.4
1363600 875.4
1363610 874.6
1363620 870.6
1363630 865.3
1363640 865.3
1363650 860.7
1363660 859.6
1363670 859.6
1367020 928.4
1367030 931.0
1367040 931.0
1367050 935.9
1367060 941.0
1367070 941.0
1367080 944.8
1367090 947.8
1367100 947.8
1367110 949.7
1367120 951.1
1367130 951.1
1367140 952.0
1367150 952.9
1367160 952.9
1367170 954.5
1367180 956.3
1367190 956.3
1367200 958.4
1367210 960.0
1367220 960.0
1367230 962.3
1367240 965.7
1367250 969.5
1367260 969.5
1367270 973.2
1367280 976.1
1367290 976.1
1367300 978.5
1367310 980.3
1367320 980.3
1367330 983.0
1367340 986.2
1367350 986.2
1367360 988.9
1367370 991.7
1367380 991.7
1367390 994.3
1367400 1042.9
1367410 1042.9
1367420 1050.6
1367430 1051.2
1367440 1051.2
1367450 1053.7
1367460 1068.0
1367470 1068.0
1367480 1079.9
1367490 1084.6
1367500 1084.6
1367510 1084.7
1367520 1078.8
1367530 1078.8
1367540 1069.1
1367550 1059.9
1367560 1059.9
1367570 1049.7
1367580 1037.0
1367590 1037.0
1367600 1029.5
1367610 1030.6
1367620 1030.6
1367630 1034.5
1367640 1040.6
1367650 1040.6
1367660 1045.8
1367670 1047.2
1367680 1047.2
1367690 1047.3
1367700 1048.0
1367710 1050.2
1367720 1050.2
1367730 1052.3
1367740 1054.2
1367750 1054.2
1367760 1055.7
1367770 1057.0
1367780 1057.0
1367790 1056.6
1367800 1055.4
1367810 1055.4
1367820 1054.5
1367830 1047.9
1367840 1047.9
1367850 1040.9
1367860 1036.8
1367870 1036.8
1367880 1032.8
1367890 1028.5
1367900 1028.5
1367910 1025.0
1367920 1023.8
1367930 1023.8
1367940 1023.3
1367950 1022.0
1367960 1022.0
1367970 1019.0
1367980 1010.0
1367990 1010.0
1368000 997.0
1368010 988.8
1368020 988.8
1368030 990.1
1368040 997.3
1368050 997.3
1368060 1003.2
1368070 1009.2
1368080 1009.2
1368090 1014.0
1368100 1017.2
1368110 1017.2
1368120 1020.3
1368130 1019.6
1368140 1015.2
1368150 1015.2
1368160 1013.5
1368170 1011.9
1368180 1011.9
1368190 1008.4
1368200 1000.4
1368210 1000.4
1368220 991.7
1368230 984.9
1368240 984.9
1368250 979.6
1368260 977.3
1368270 977.3
1368280 976.7
1368290 976.9
1368300 976.9
1368310 976.1
1368320 975.9
1368330 975.9
1368340 976.7
1368350 978.0
1368360 978.0
1368370 978.6
1368380 979.0
1368390 979.0
1368400 978.8
1368410 978.2
1368420 978.2
1368430 978.6
1368440 979.9
1368450 979.9
1368460 983.7
1368470 988.4
1368480 988.4
1368490 999.9
1368500 1018.9
1368510 1018.9
1368520 1029.1
1368530 1033.6
1368540 1033.6
1368550 1035.9
1368560 1037.1
1368570 1037.1
1368580 1038.6
1368590 1040.5
1368600 1042.6
1368610 1042.6
1368620 1044.3
1368630 1043.6
1368640 1043.6
1368650 1043.0
1368660 1045.5
1368670 1045.5
1368680 1047.8
1368690 1049.3
1368700 1049.3
1368710 1054.6
1368720 1060.1
1368730 1060.1
1368740 1065.1
1368750 1068.3
1368760 1068.3
1368770 1067.3
1368780 1065.9
1368790 1065.9
1368800 1066.1
1368810 1066.8
1368820 1066.8
1368830 1066.2
1368840 1064.3
1368850 1064.3
1368860 1067.4
1368870 1067.3
1368880 1067.3
1368890 1067.2
1368900 1068.9
1368910 1068.9
1368920 1065.8
1368930 1064.2
1368940 1064.2
1368950 1059.9
1368960 1057.4
1368970 1057.4
1368980 1057.8
1368990 1060.4
1369000 1060.4
1369010 1063.3
1369020 1067.4
1369030 1067.4
1369040 1072.4
1369050 1073.3
1369060 1072.9
1369070 1072.9
1369080 1069.2
1369090 1070.5
1369100 1070.5
1369110 1078.6
1369120 1083.6
1369130 1083.6
1369140 1083.2
1369150 1081.1
1369160 1081.1
1369170 1081.5
1369180 1078.1
1369190 1078.1
1369200 1072.1
1369210 1070.6
1369220 1070.6
1369230 1072.8
1369240 1073.5
1369250 1073.5
1369260 1072.7
1369270 1074.9
1369280 1074.9
1369290 1077.3
1369300 1078.7
1369310 1078.7
1369320 1079.5
1369330 1085.3
1369340 1085.3
1369350 1085.9
1369360 1082.9
1369370 1082.9
1369380 1083.9
1369390 1089.9
1369400 1089.9
1369410 1093.5
1369420 1096.0
1369430 1096.0
1369440 1094.2
1369450 1088.4
1369460 1088.4
1369470 1083.9
1369480 1082.1
1369490 1082.1
1369500 1082.1
1369510 1082.2
1369520 1084.3
1369530 1084.3
1369540 1086.0
1369550 1088.0
1369560 1088.0
1369570 1089.9
1369580 1092.4
1369590 1092.4
1369600 1093.8
1369610 1099.6
1369620 1099.6
1369630 1099.7
1369640 1096.4
1369650 1096.4
1369660 1095.4
1369670 1095.6
1369680 1095.6
1369690 1096.9
1369700 1098.0
1369710 1098.0
1369720 1099.4
1369730 1102.1
1369740 1102.1
1369750 1104.0
1369760 1103.5
1369770 1103.5
1369780 1103.9
1369790 1104.4
1369800 1104.4
1369810 1104.9
1369820 1103.8
1369830 1103.8
1369840 1104.6
1369850 1105.5
1369860 1105.5
1369870 1106.3
1369880 1105.9
1369890 1105.9
1369900 1107.5
1369910 1109.0
1369920 1109.0
1369930 1109.5
1369940 1110.8
1369950 1112.0
1369960 1112.0
1369970 1113.4
1369980 1114.8
1369990 1114.8
1370000 1116.6
1370010 1118.4
1370020 1118.4
1370030 1120.4
1370040 1123.0
1370050 1123.0
1370060 1126.6
1370070 1130.2
1370080 1130.2
1370090 1131.4
1370100 1132.3
1370110 1132.3
1370120 1132.4
1370130 1131.6
1370140 1131.6
1370150 1132.4
1370160 1134.4
1370170 1134.4
1370180 1136.3
1370190 1138.1
1370200 1138.1
1370210 1140.4
1370220 1142.7
1370230 1142.7
1370240 1145.0
1370250 1147.7
1370260 1147.7
1370270 1150.7
1370280 1153.0
1370290 1153.0
1370300 1155.9
1370310 1159.4
1370320 1159.4
1370330 1164.2
1370340 1169.0
1370350 1169.0
1370360 1171.6
1370370 1172.6
1370380 1172.6
1370390 1178.1
1370400 1182.1
1370410 1186.6
1370420 1186.6
1370430 1193.9
1370440 1200.7
1370450 1200.7
1370460 1207.7
1370470 1215.4
1370480 1215.4
1370490 1221.8
1370500 1228.1
1370510 1228.1
1370520 1234.4
1370530 1239.2
1370540 1239.2
1370550 1241.9
1370560 1238.9
1370570 1238.9
1370580 1235.1
1370590 1240.7
1370600 1240.7
1370610 1247.6
1370620 1251.7
1370630 1251.7
1370640 1254.0
1370650 1255.4
1370660 1255.4
1370670 1257.3
1370680 1260.2
1370690 1260.2
1370700 1262.9
1370710 1266.9
1370720 1266.9
1370730 1266.6
1370740 1270.3
1370750 1270.3
1370760 1274.2
1370770 1278.4
1370780 1278.4
1370790 1283.0
1370800 1287.5
1370810 1287.5
1370820 1292.3
1370830 1296.7
1370840 1296.7
1370850 1300.3
1370860 1304.4
1370870 1309.3
1370880 1309.3
1370890 1314.8
1370900 1320.6
1370910 1320.6
1370920 1326.1
1370930 1332.1
1370940 1332.1
1370950 1338.3
1370960 1344.3
1370970 1344.3
1370980 1350.0
1370990 1355.7
1371000 1355.7
1371010 1361.3
1371020 1366.6
1371030 1366.6
1371040 1372.9
1371050 1379.4
1371060 1379.4
1371070 1385.3
1371080 1390.8
1371090 1390.8
1371100 1397.9
1371110 1405.5
1371120 1405.5
1371130 1410.4
1371140 1415.2
1371150 1415.2
1371160 1424.3
1371170 1432.2
1371180 1432.2
1371190 1439.0
1371200 1443.9
1371210 1443.9
1371220 1449.3
1371230 1453.8
1371240 1453.8
1371250 1459.0
1371260 1462.6
1371270 1462.6
1371280 1465.4
1371290 1467.9
1371300 1470.3
1371310 1470.3
1371320 1472.8
1371330 1475.6
1371340 1475.6
1371350 1477.7
1371360 1479.6
1371370 1479.6
1371380 1482.3
1371390 1485.3
1371400 1485.3
1371410 1488.4
1371420 1492.3
1371430 1492.3
1371440 1496.3
1371450 1500.1
1371460 1500.1
1371470 1503.7
1371480 1506.9
1371490 1506.9
1371500 1509.8
1371510 1512.2
1371520 1512.2
1371530 1513.5
1371540 1514.6
1371550 1514.6
1371560 1512.7
1371570 1501.3
1371580 1501.3
1371590 1488.6
1371600 1477.1
1371610 1477.1
1371620 1467.3
1371630 1459.0
1371640 1459.0
1371650 1452.3
1371660 1445.4
1371670 1445.4
1371680 1439.3
1371690 1432.5
1371700 1432.5
1371710 1426.0
1371720 1419.8
1371730 1419.8
1371740 1413.5
1371750 1407.4
1371760 1401.9
1371770 1401.9
1371780 1395.9
1371790 1390.0
1371800 1390.0
1371810 1382.4
1371820 1375.0
1371830 1375.0
1371840 1368.6
1371850 1363.1
1371860 1363.1
1371870 1358.9
1371880 1353.4
1371890 1353.4
1371900 1348.6
1371910 1343.1
1371920 1343.1
1371930 1337.8
1371940 1330.4
1371950 1330.4
1371960 1322.5
1371970 1316.0
1371980 1316.0
1371990 1309.7
1372000 1303.6
1372010 1303.6
1372020 1298.1
1372030 1293.0
1372040 1293.0
1372050 1288.5
1372060 1284.8
1372070 1284.8
1372080 1281.4
1372090 1278.0
1372100 1278.0
1372110 1274.5
1372120 1271.4
1372130 1271.4
1372140 1268.6
1372150 1266.5
1372160 1266.5
1372170 1265.0
1372180 1264.1
1372190 1264.1
1372200 1263.2
1372210 1262.3
1372220 1262.4
1372230 1262.4
1372240 1263.4
1372250 1264.6
1372260 1264.6
1372270 1265.2
1372280 1265.0
1372290 1265.0
1372300 1264.1
1372310 1262.1
1372320 1262.1
1372330 1259.3
1372340 1253.7
1372350 1253.7
1372360 1242.0
1372370 1238.1
1372380 1238.1
1372390 1242.9
1372400 1247.5
1372410 1247.5
1372420 1250.2
1372430 1252.4
1372440 1252.4
1372450 1255.5
1372460 1259.1
1372470 1259.1
1372480 1263.0
1372490 1267.0
1372500 1267.0
1372510 1271.6
1372520 1276.4
1372530 1276.4
1372540 1281.4
1372550 1286.3
1372560 1286.3
1372570 1291.3
1372580 1296.7
1372590 1296.7
1372600 1302.0
1372610 1307.4
1372620 1307.4
1372630 1312.9
1372640 1318.4
1372650 1324.0
1372660 1324.0
1372670 1329.0
1372680 1333.0
1372690 1333.0
1372700 1336.4
1372710 1339.8
1372720 1339.8
1372730 1343.6
1372740 1348.9
1372750 1348.9
1372760 1353.8
1372770 1358.1
1372780 1358.1
1372790 1362.5
1372800 1367.5
1372810 1367.5
1372820 1373.2
1372830 1379.2
1372840 1379.2
1372850 1383.9
1372860 1387.0
1372870 1387.0
1372880 1389.8
1372890 1395.0
1372900 1395.0
1372910 1402.0
1372920 1409.2
1372930 1409.2
1372940 1417.4
1372950 1426.6
1372960 1426.6
1372970 1435.4
1372980 1441.7
1372990 1441.7
1373000 1447.5
1373010 1448.8
1373020 1448.8
1373030 1453.4
1373040 1458.0
1373050 1458.0
1373060 1462.2
1373070 1465.8
1373080 1465.8
1373090 1469.3
1373100 1472.6
1373110 1475.3
1373120 1475.3
1373130 1477.9
1373140 1479.8
1373150 1479.8
1373160 1481.2
1373170 1482.6
1373180 1482.6
1373190 1482.1
1373200 1478.9
1373210 1478.9
1373220 1475.1
1373230 1472.0
1373240 1472.0
1373250 1470.8
1373260 1467.9
1373270 1467.9
1373280 1460.0
1373290 1453.8
1373300 1453.8
1373310 1450.4
1373320 1447.6
1373330 1447.6
1373340 1446.2
1373350 1444.0
1373360 1444.0
1373370 1439.8
1373380 1434.6
1373390 1434.6
1373400 1428.3
1373410 1423.5
1373420 1423.5
1373430 1419.9
1373440 1415.2
1373450 1415.2
1373460 1410.3
1373470 1406.8
1373480 1406.8
1373490 1401.9
1373500 1397.5
1373510 1397.5
1373520 1394.6
1374360 1319.6
1374370 1319.6
1374410 1309.9
1374420 1305.3
1374430 1305.3
1374440 1303.4
1374450 1302.0
1374460 1299.7
1374470 1299.7
1374480 1297.1
1374490 1295.2
1374500 1295.2
1374510 1294.3
1374520 1292.6
1374530 1292.6
1374540 1291.6
1374550 1291.7
1374560 1291.7
1374570 1291.6
1374580 1292.0
1374590 1292.0
1374600 1291.9
1374610 1291.9
1374620 1291.9
1374630 1292.0
1374640 1291.4
1374650 1291.4
1374660 1290.0
1374670 1288.3
1374680 1288.3
1374690 1287.1
1374700 1287.6
1374710 1287.6
1374720 1289.0
1374730 1289.5
1374740 1289.5
1374750 1290.0
1374760 1289.9
1374770 1289.9
1374780 1289.8
1374790 1291.3
1374800 1291.3
1374810 1293.6
1374820 1295.3
1374830 1295.3
1374840 1295.6
1374850 1294.8
1374860 1294.8
1374870 1295.3
1374880 1296.0
1374890 1296.0
1374900 1296.5
1374910 1297.1
1374920 1297.9
1374930 1297.9
1374940 1298.2
1374950 1297.3
1374960 1297.3
1374970 1295.9
1374980 1295.2
1374990 1295.2
1375000 1294.7
1375010 1293.7
1375020 1293.7
1375030 1294.9
1375040 1294.8
1375050 1294.8
1375060 1292.8
1375070 1290.8
1375080 1290.8
1375090 1290.4
1375100 1291.1
1375110 1291.1
1375120 1290.7
1375130 1288.2
1375140 1288.2
1375150 1284.7
