1360000 863.4
1360010 863.4
1360020 859.8
1360030 855.2
1360040 855.2
1360050 848.6
1360060 845.1
1360070 845.1
1360080 840.5
1360090 835.9
1360100 835.9
1360110 831.3
1360120 827.1
1360130 823.7
1360140 823.7
1360150 821.5
1360160 820.7
1360170 820.7
1360180 820.8
1360190 824.0
1360200 824.0
1360210 828.9
1360220 833.7
1360230 833.7
1360240 839.5
1360250 845.6
1360260 845.6
1360270 851.6
1360280 856.7
1360290 856.7
1360300 861.2
1360310 864.9
1360320 864.9
1360330 868.6
1360340 872.3
1360350 872.3
1360360 876.7
1360370 881.3
1360380 881.3
1360390 885.4
1360400 889.6
1360410 889.6
1360420 893.6
1360430 896.7
1360440 896.7
1360450 900.4
1360460 903.9
1360470 903.9
1360480 907.7
1360490 912.0
1360500 912.0
1360510 917.1
1360520 922.6
1360530 922.6
1360540 928.3
1360550 933.8
1360560 933.8
1360570 939.9
1360580 946.1
1360590 952.7
1360600 952.7
1360610 958.6
1360620 964.3
1360630 964.3
1360640 970.0
1360650 975.3
1360660 975.3
1360670 980.5
1360680 986.2
1360690 986.2
1360700 991.3
1360710 996.7
1360720 996.7
1360730 1001.9
1360740 1006.8
1360750 1006.8
1360760 1010.4
1360770 1014.0
1360780 1014.0
1360790 1018.8
1360800 1023.2
1360810 1023.2
1360820 1026.8
1360830 1030.3
1360840 1029.8
1360850 1033.4
1360860 1036.4
1360870 1036.4
1360880 1037.7
1360890 1038.5
1360900 1038.5
1360910 1039.9
1360920 1041.6
1360930 1041.6
1360940 1044.0
1360950 1046.6
1360960 1046.6
1360970 1048.8
1360980 1050.4
1360990 1050.4
1361000 1051.7
1361010 1052.7
1361020 1052.7
1361030 1053.6
1361040 1054.6
1361050 1055.2
1361060 1055.2
1361070 1055.5
1361080 1055.8
1361090 1055.8
1361100 1056.1
1361110 1056.1
1361120 1056.1
1361130 1055.9
1361140 1055.7
1361150 1055.7
1361160 1055.5
1361170 1055.4
1361180 1055.4
1361190 1055.8
1361200 1056.3
1361210 1056.3
1361220 1056.7
1361230 1057.0
1361240 1057.0
1361250 1058.1
1361260 1059.8
1361270 1059.8
1361280 1061.5
1361290 1063.3
1361300 1063.3
1361310 1065.4
1361320 1067.4
1361330 1067.4
1361340 1068.9
1361350 1071.3
1361360 1071.3
1361370 1074.1
1361380 1076.1
1361390 1076.1
1361400 1078.8
1361410 1082.4
1361420 1082.4
1361430 1085.8
1361440 1088.5
1361450 1088.5
1361460 1091.3
1361470 1093.6
1361480 1093.6
1361490 1095.9
1361500 1098.1
1361510 1100.8
1361520 1100.8
1361530 1102.3
1361540 1103.5
1361550 1103.5
1361560 1105.0
1361570 1106.2
1361580 1106.2
1361590 1107.6
1361600 1109.3
1361610 1109.3
1361620 1111.2
1361630 1112.9
1361640 1112.9
1361650 1114.0
1361660 1114.7
1361670 1114.7
1361680 1115.3
1361690 1115.6
1361700 1115.6
1361710 1116.0
1361720 1116.9
1361730 1116.9
1361740 1119.0
1361750 1121.9
1361760 1121.9
1361770 1124.6
1361780 1127.1
1361790 1127.1
1361800 1129.6
1361810 1131.8
1361820 1131.8
1361830 1134.1
1361840 1136.2
1361850 1136.2
1361860 1138.0
1361870 1139.2
1361880 1138.0
1361890 1138.6
1361900 1139.5
1361910 1139.5
1361920 1140.4
1361930 1141.4
1361940 1141.4
1361950 1142.5
1361960 1143.5
1361970 1144.3
1361980 1144.3
1361990 1143.9
1362000 1142.3
1362010 1142.3
1362020 1140.9
1362030 1139.9
1362040 1139.9
1362050 1138.7
1362060 1135.9
1362070 1135.9
1362080 1132.7
1362090 1129.3
1362100 1129.3
1362110 1127.2
1362120 1125.7
1362130 1125.7
1362140 1124.2
1362150 1122.7
1362160 1122.7
1362170 1121.5
1362180 1120.2
1362190 1120.2
1362200 1119.4
1362210 1118.7
1362220 1118.7
1362230 1118.0
1362240 1116.8
1362250 1116.8
1362260 1116.0
1362270 1115.4
1362280 1115.4
1362290 1114.9
1362300 1114.4
1362310 1114.4
1362320 1114.2
1362330 1114.3
1362340 1114.3
1362350 1114.5
1362360 1114.7
1362370 1114.7
1362380 1114.9
1362390 1115.0
1362400 1115.0
1362410 1114.5
1362420 1113.5
1362430 1112.0
1362440 1112.0
1362450 1110.9
1362460 1109.7
1362470 1109.7
1362480 1108.1
1362490 1107.1
1362500 1107.1
1362510 1106.5
1362520 1105.5
1362530 1105.5
1362540 1104.6
1362550 1104.1
1362560 1104.1
1362570 1102.7
1362580 1098.0
1362590 1098.0
1362600 1093.3
1362610 1093.4
1362620 1093.4
1362630 1095.3
1362640 1096.2
1362650 1096.2
1362660 1095.7
1362670 1095.4
1362680 1095.4
1362690 1095.3
1362700 1094.5
1362710 1094.5
1362720 1093.9
1362730 1093.7
1362740 1093.7
1362750 1093.8
1362760 1094.0
1362770 1094.0
1362780 1094.0
1362790 1093.9
1362800 1093.9
1362810 1093.8
1362820 1094.0
1362830 1094.0
1362840 1094.2
1362850 1093.9
1362860 1095.0
1362870 1095.0
1362880 1096.4
1362890 1096.2
1362900 1096.2
1362910 1097.3
1362920 1100.1
1362930 1098.2
1362940 1099.8
1362950 1100.7
1362960 1100.7
1362970 1101.5
1362980 1102.1
1362990 1102.1
1363000 1102.6
1363010 1103.6
1363020 1103.6
1363030 1104.7
1363040 1106.2
1363050 1106.2
1363060 1107.7
1363070 1108.4
1363080 1108.4
1363090 1108.2
1363100 1108.2
1363110 1108.2
1363120 1109.1
1363130 1110.4
1363140 1110.4
1363150 1111.8
1363160 1113.2
1363170 1113.2
1363180 1114.5
1363190 1115.6
1363200 1115.6
1363210 1117.0
1363220 1118.3
1363230 1118.3
1363240 1119.5
1363250 1120.6
1363260 1120.6
1363270 1121.9
1363280 1123.5
1363290 1123.5
1363300 1125.4
1363310 1127.9
1363320 1131.0
1363330 1131.0
1363340 1134.5
1363350 1137.9
1363360 1137.9
1363370 1141.3
1363380 1144.8
1363390 1144.8
1363400 1149.1
1363410 1152.8
1363420 1152.8
1363430 1156.4
1363440 1159.8
1363450 1159.8
1363460 1163.4
1363470 1166.8
1363480 1166.8
1363490 1169.3
1363500 1170.5
1363510 1170.5
1363520 1171.7
1363530 1172.0
1363540 1172.0
1363550 1172.5
1363560 1172.3
1363570 1172.3
1363580 1170.4
1363590 1167.5
1363600 1167.5
1363610 1164.1
1363620 1159.9
1363630 1159.9
1363640 1156.6
1371380 1359.6
1371390 1359.6
1371400 1359.3
1371410 1359.4
1371420 1359.4
1371430 1359.1
1371440 1358.0
1371450 1358.0
1371460 1355.8
1371470 1354.8
1371480 1354.8
1371490 1355.1
1371500 1355.7
1371510 1355.7
1371520 1356.6
1371530 1357.0
1371540 1357.3
1371550 1357.3
1371560 1357.7
1371570 1358.4
1371580 1358.4
1371590 1358.9
1371600 1359.7
1371610 1359.7
1371620 1361.0
1371630 1362.5
1371640 1362.5
1371650 1363.9
1371660 1364.9
1371670 1364.9
1371680 1368.4
1371690 1368.8
1371700 1368.8
1371710 1369.0
1371720 1369.1
1371730 1369.1
1371740 1368.8
1371750 1368.4
1371760 1368.4
1371770 1368.0
1371780 1367.4
1371790 1367.4
1371800 1366.5
1371810 1365.8
1371820 1365.8
1371830 1365.4
1371840 1365.8
1371850 1365.8
1371860 1366.5
1371870 1366.8
1371880 1366.8
1371890 1366.6
1371900 1365.1
1371910 1365.1
1371920 1362.0
1371930 1357.8
1371940 1357.8
1371950 1354.5
1371960 1352.8
1371970 1352.8
1371980 1351.8
1371990 1351.0
1372000 1350.3
1372010 1350.3
1372020 1349.1
1372030 1347.1
1372040 1347.1
1372050 1344.6
1372060 1341.4
1372070 1341.4
1372080 1336.5
1372090 1331.5
1372100 1331.5
1372110 1330.8
1372120 1331.5
1372130 1331.5
1372140 1333.5
1372150 1336.0
1372160 1336.0
1372170 1337.5
1372180 1338.0
1372190 1338.0
1372200 1338.4
1372210 1338.9
1372220 1338.9
1372230 1338.5
1372240 1339.4
1372250 1339.4
1372260 1341.0
1372270 1342.5
1372280 1342.5
1372290 1343.0
1372300 1342.5
1372310 1342.5
1372320 1342.3
1372330 1343.1
1372340 1343.1
1372350 1344.4
1372360 1346.4
1372370 1346.4
1372380 1348.8
1372390 1352.1
1372400 1352.1
1372410 1356.3
1372420 1359.8
1372430 1362.4
1372440 1362.4
1372450 1363.9
1372460 1363.8
1372470 1363.8
1372480 1363.1
1372490 1363.4
1372500 1363.4
1372510 1365.5
1372520 1368.4
1372530 1368.4
1372540 1371.5
1372550 1374.0
1372560 1374.0
1372570 1377.2
1372580 1380.5
1372590 1380.5
1372600 1384.3
1372610 1388.9
1372620 1388.9
1372630 1393.9
1372640 1399.9
1372650 1399.9
1372660 1406.4
1372670 1412.3
1372680 1412.3
1372690 1418.0
1372700 1424.3
1372710 1424.3
1372720 1429.5
1372730 1435.5
1372740 1435.5
