1360000 1002.2
1360010 1002.2
1360020 998.7
1360030 993.8
1360040 993.8
1360050 989.1
1360060 984.5
1360070 984.5
1360080 979.6
1360090 974.4
1360100 974.4
1360110 969.0
1360120 963.7
1360130 963.7
1360140 960.0
1360150 957.4
1360160 957.4
1360170 954.0
1360180 950.1
1360190 950.1
1360200 946.2
1360210 942.7
1360220 942.7
1360230 939.3
1360240 935.9
1360250 935.9
1360260 930.5
1360270 927.0
1360280 927.0
1360290 923.0
1360300 919.9
1360310 919.9
1360320 916.9
1360330 912.2
1360340 912.2
1360350 906.7
1360360 902.2
1360370 902.2
1360380 898.4
1360390 894.9
1360400 891.4
1360410 891.4
1360420 887.3
1360430 883.0
1360440 883.0
1360450 878.6
1360460 874.2
1360470 874.2
1360480 870.5
1360490 869.1
1360500 869.1
1360510 868.8
1360520 868.1
1360530 868.1
1360540 863.1
1360550 858.4
1360560 858.4
1360570 856.3
1360580 853.1
1360590 853.1
1360600 850.3
1360610 851.8
1360620 851.8
1360630 855.4
1360640 856.5
1360650 856.5
1360660 857.3
1360670 858.8
1360680 858.8
1360690 860.9
1360700 863.9
1360710 863.9
1360720 867.1
1360730 871.7
1360740 871.7
1360750 878.0
1360760 884.7
1360770 884.7
1360780 891.3
1360790 896.5
1360800 896.5
1360810 900.3
1360820 903.8
1360830 903.8
1360840 907.3
1360850 910.6
1360860 913.0
1360870 913.0
1360880 915.9
1360890 920.1
1360900 920.1
1360910 924.5
1360920 929.1
1360930 929.1
1360940 933.0
1360950 937.0
1360960 937.0
1360970 940.9
1360980 944.6
1360990 944.6
1361000 947.5
1361010 949.9
1361020 949.9
1361030 952.8
1361040 957.7
1361050 957.7
1361060 963.3
1361070 968.0
1361080 968.0
1361090 971.7
1361100 976.0
1361110 976.0
1361120 980.5
1361130 984.6
1361140 984.6
1361150 989.3
1361160 994.8
1361170 994.8
1361180 1000.9
1361190 1006.2
1361200 1006.2
1361210 1011.4
1361220 1017.7
1361230 1017.7
1361240 1023.6
1361250 1029.0
1361260 1029.0
1361270 1033.9
1361280 1038.8
1361290 1042.0
1361300 1047.1
1361310 1052.6
1361320 1058.1
1361330 1058.1
1361340 1064.0
1361350 1070.4
1361360 1070.4
1361370 1077.0
1361380 1083.1
1361390 1083.1
1361400 1088.7
1361410 1094.1
1361420 1094.1
1361430 1099.0
1361440 1102.7
1361450 1102.7
1361460 1104.9
1361470 1105.3
1361480 1105.3
1361490 1105.5
1361500 1106.4
1361510 1106.4
1361520 1107.1
1361530 1107.6
1361540 1107.6
1361550 1108.6
1361560 1110.1
1361570 1110.1
1361580 1111.3
1361590 1111.5
1361600 1111.5
1361610 1110.7
1361620 1110.4
1361630 1110.4
1361640 1110.4
1361650 1111.1
1361660 1111.1
1361670 1111.9
1361680 1112.6
1361690 1112.6
1361700 1114.3
1361710 1116.1
1361720 1116.1
1361730 1117.8
1361740 1120.0
1361750 1120.0
1361760 1122.4
1361770 1125.6
1361780 1129.2
1361790 1129.2
1361800 1132.6
1361810 1135.8
1361820 1135.8
1361830 1139.2
1361840 1142.7
1361850 1142.7
1361860 1145.9
1361870 1148.7
1361880 1148.7
1361890 1150.7
1361900 1151.9
1361910 1151.9
1361920 1153.2
1361930 1155.1
1361940 1155.1
1361950 1157.9
1361960 1160.7
1361970 1160.7
1361980 1163.9
1361990 1167.1
1362000 1167.1
1362010 1170.7
1362020 1173.4
1362030 1173.4
1362040 1176.8
1362050 1181.1
1362060 1181.1
1362070 1184.9
1362080 1188.3
1362090 1188.3
1362100 1190.8
1362110 1193.5
1362120 1193.5
1362130 1195.3
1362140 1196.6
1362150 1196.6
1362160 1197.1
1362170 1197.5
1362180 1197.5
1362190 1198.1
1362200 1198.4
1362210 1198.4
1362220 1198.4
1362230 1198.5
1362240 1198.4
1362250 1198.4
1362260 1198.8
1362270 1200.6
1362280 1200.6
1362290 1203.7
1362300 1207.2
1362310 1207.2
1362320 1210.6
1362330 1214.0
1362340 1220.8
1362350 1224.8
1362360 1228.7
1362370 1228.7
1362380 1232.9
1362390 1236.9
1362400 1236.9
1362410 1240.0
1362420 1242.2
1362430 1242.2
1362440 1243.9
1362450 1244.8
1362460 1244.8
1362470 1245.1
1362480 1244.4
1362490 1244.4
1362500 1243.1
1362510 1240.6
1362520 1240.6
1362530 1238.5
1362540 1237.9
1362550 1237.9
1362560 1238.3
1362570 1240.1
1362580 1240.1
1362590 1242.7
1362600 1245.8
1362610 1245.8
1362620 1249.0
1362630 1253.4
1362640 1253.4
1362650 1258.5
1362660 1261.8
1362670 1261.8
1362680 1264.3
1362690 1266.4
1362700 1268.7
1362710 1268.7
1362720 1271.6
1362730 1273.3
1362740 1273.3
1362750 1273.6
1362760 1271.2
1362770 1271.2
1362780 1269.1
1362790 1267.8
1362800 1267.8
1362810 1266.3
1362820 1263.8
1362830 1263.8
1362840 1260.3
1362850 1256.1
1362860 1256.1
1362870 1252.9
1362880 1250.3
1362890 1250.3
1362900 1248.3
1362910 1247.1
1362920 1247.1
1362930 1245.1
1362940 1242.6
1362950 1242.6
1362960 1240.7
1362970 1239.3
1362980 1239.3
1362990 1238.6
1363000 1238.5
1363010 1238.5
1363020 1238.6
1363030 1239.9
1363040 1239.9
1363050 1242.4
1363060 1244.1
1363070 1244.1
1363080 1247.2
1363090 1250.6
1363100 1250.6
1363110 1252.0
1363120 1253.3
1363130 1253.3
1363140 1254.9
1363150 1257.1
1363160 1259.5
1363170 1259.5
1363180 1261.5
1363190 1262.7
1363200 1262.7
1363210 1263.5
1363220 1264.7
1363230 1264.7
1363240 1265.6
1363250 1266.3
1363260 1266.3
1363270 1267.1
1363280 1267.9
1363290 1267.9
1363300 1268.4
1363310 1268.9
1363320 1268.9
1363330 1269.8
1363340 1271.0
1363350 1271.0
1363360 1272.5
1363370 1273.2
1363380 1273.2
1363390 1272.1
1363400 1272.8
1363410 1272.8
1363420 1273.3
1363430 1271.5
1363440 1271.5
1363450 1266.2
1363460 1262.9
1363470 1262.9
1363480 1261.7
1363490 1261.0
1363500 1261.0
1363510 1260.2
1363520 1259.4
1363530 1259.4
1363540 1258.3
1363550 1256.4
1363560 1256.4
1363570 1254.8
1363580 1252.7
1363590 1252.7
1363600 1250.7
1363610 1248.8
1363620 1247.0
1363630 1247.0
1363640 1245.3
1363650 1243.5
1363660 1243.5
1363670 1242.1
1363680 1240.8
1363690 1240.8
1363700 1239.5
1363710 1238.2
1363720 1238.2
1363730 1236.9
1363740 1235.8
1363750 1235.8
1363760 1234.5
1363770 1232.9
1363780 1232.9
1363790 1231.3
1363800 1230.5
1363810 1230.5
1363820 1229.9
