1360000 1146.6
1360010 1140.7
1360020 1140.7
1360030 1134.9
1360040 1129.3
1360050 1129.3
1360060 1124.4
1360070 1118.9
1360080 1118.9
1360090 1113.5
1360100 1110.1
1360110 1110.1
1360120 1106.7
1360130 1102.8
1360140 1102.8
1360150 1096.9
1360160 1090.5
1360170 1083.3
1360180 1083.3
1360190 1077.9
1360200 1072.7
1360210 1072.7
1360220 1066.9
1360230 1060.6
1360240 1060.6
1360250 1054.0
1360260 1047.9
1360270 1047.9
1360280 1042.4
1360290 1036.4
1360300 1036.4
1360310 1029.6
1360320 1022.7
1360330 1022.7
1360340 1015.2
1360350 1007.1
1360360 1007.1
1360370 1000.1
1360380 993.3
1360390 993.3
1360400 984.7
1360410 975.3
1360420 975.3
1360430 965.3
1360440 956.8
1360450 956.8
1360460 949.7
1360470 941.6
1360480 941.6
1360490 933.5
1360500 927.2
1360510 927.2
1360520 922.1
1360530 916.5
1360540 916.5
1360550 911.5
1360560 906.9
1360570 906.9
1360580 903.3
1360590 900.4
1360600 900.4
1360610 896.4
1360620 889.4
1360630 884.1
1360640 884.1
1360650 879.8
1360660 875.2
1360670 875.2
1360680 872.4
1360690 870.4
1360700 870.4
1360710 868.8
1360720 867.6
1360730 867.6
1360740 865.9
1360750 863.0
1360760 863.0
1360770 861.2
1360780 861.6
1360790 861.6
1360800 862.0
1360810 862.2
1360820 862.2
1360830 863.1
1360840 864.2
1360850 864.2
1360860 866.0
1360870 870.1
1360880 870.1
1360890 875.3
1360900 879.9
1360910 879.9
1360920 883.3
1360930 887.9
1360940 887.9
1360950 894.0
1360960 901.8
1360970 901.8
1360980 905.8
1360990 907.0
1361000 907.0
1361010 908.0
1361020 909.0
1361030 909.0
1361040 910.1
1361050 911.2
1361060 911.2
1361070 912.0
1361080 910.1
1361090 907.6
1361100 907.6
1361110 909.3
1361120 911.3
1361130 911.3
1361140 913.3
1361150 916.0
1361160 916.0
1361170 918.0
1361180 919.9
1361190 919.9
1361200 921.4
1361210 923.4
1361220 923.4
1361230 926.1
1361240 927.1
1361250 927.1
1361260 927.8
1361270 929.2
1361280 929.2
1361290 930.9
1361300 934.1
1361310 934.1
1361320 937.0
1361330 941.7
1361340 941.7
1361350 947.5
1361360 953.0
1361370 953.0
1361380 957.4
1361390 961.4
1361400 961.4
1361410 964.7
1361420 966.9
1361430 966.9
1361440 968.5
1361450 970.4
1361460 970.4
1361470 973.3
1361480 977.4
1361490 977.4
1361500 980.4
1361510 982.2
1361520 982.2
1361530 984.0
1361540 986.1
1361550 988.3
1361560 988.3
1361570 987.5
1361580 990.4
1361590 990.4
1361600 992.9
1361610 995.2
1361620 995.2
1361630 996.7
1361640 998.4
1361650 998.4
1361660 1000.3
1361670 1002.8
1361680 1002.8
1361690 1004.5
1361700 1006.9
1361710 1006.9
1361720 1011.6
1361730 1014.7
1361740 1014.7
1361750 1017.3
1361760 1021.8
1361770 1021.8
1361780 1024.7
1361790 1027.4
1361800 1027.4
1361810 1029.3
1361820 1032.1
1361830 1032.1
1361840 1034.5
1361850 1037.1
1361860 1037.1
1361870 1039.4
1361880 1039.7
1361890 1039.7
1361900 1042.5
1361910 1043.9
1361920 1043.9
1361930 1043.1
1361940 1042.4
1361950 1042.4
1361960 1042.7
1361970 1044.0
1361980 1044.0
1361990 1048.2
1362000 1055.9
1362010 1055.9
1362020 1063.8
1362030 1070.5
1362040 1073.8
1362050 1073.8
1362060 1075.6
1362070 1078.5
1362080 1078.5
1362090 1083.4
1362100 1087.5
1362110 1087.5
1362120 1090.7
1362130 1094.4
1362140 1094.4
1362150 1098.4
1362160 1102.8
1362170 1102.8
1362180 1107.5
1362190 1112.6
1362200 1112.6
1362210 1118.1
1362220 1123.7
1362230 1123.7
1362240 1129.8
1362250 1136.3
1362260 1136.3
1362270 1142.5
1362280 1148.3
1362290 1148.3
1362300 1154.5
1362310 1161.0
1362320 1161.0
1362330 1167.2
1362340 1173.4
1362350 1173.4
1362360 1180.5
1362370 1187.0
1362380 1187.0
1362390 1192.9
1362400 1198.7
1362410 1198.7
1362420 1205.1
1362430 1211.3
1362440 1211.3
1362450 1217.3
1362460 1222.8
1362470 1222.8
1362480 1226.4
1362490 1231.7
1362500 1237.4
1362510 1237.4
1362520 1245.3
1362530 1250.4
1362540 1250.4
1362550 1252.6
1362560 1253.5
1362570 1253.5
1362580 1257.0
1362590 1266.3
1362600 1266.3
1362610 1272.5
1362620 1272.6
1362630 1272.6
1362640 1275.5
1362650 1279.1
1362660 1279.1
1362670 1283.0
1362680 1288.1
1362690 1288.1
1362700 1294.6
1362710 1299.6
1362720 1299.6
1362730 1303.4
1362740 1307.4
1362750 1307.4
1362760 1311.6
1362770 1313.8
1362780 1313.8
1362790 1312.5
1362800 1313.2
1362810 1313.2
1362820 1315.5
1362830 1317.4
1362840 1317.4
1362850 1319.2
1362860 1320.4
1362870 1320.4
1362880 1321.0
1362890 1321.8
1362900 1321.8
1362910 1323.1
1362920 1324.0
1362930 1324.0
1362940 1325.4
1362950 1328.0
1362960 1330.1
1362970 1330.1
1362980 1332.2
1362990 1334.7
1363000 1334.7
1363010 1337.9
1363020 1340.9
1363030 1340.9
1363040 1344.4
1363050 1348.2
1363060 1348.2
1363070 1351.9
1363080 1355.7
1363090 1355.7
1363100 1359.6
1363110 1363.3
1363120 1363.3
1363130 1367.1
1363140 1370.8
1363150 1370.8
1363160 1374.3
1363170 1378.0
1363180 1378.0
1363190 1381.7
1363200 1385.6
1363210 1385.6
1363220 1389.3
1363230 1393.1
1363240 1393.1
1363250 1396.6
1363260 1400.0
1363270 1400.0
1363280 1402.4
1363290 1404.4
1363300 1404.4
1363310 1405.8
1363320 1407.0
1363330 1407.0
1363340 1408.6
1363350 1411.1
1363360 1411.1
1363370 1414.1
1363380 1416.8
1363390 1416.8
1363400 1418.7
1363410 1421.0
1363420 1422.5
1363430 1422.5
1363440 1423.8
1363450 1424.5
1363460 1424.5
1363470 1425.1
1363480 1425.6
1363490 1425.6
1363500 1425.5
1363510 1425.2
1363520 1425.2
1363530 1424.8
1363540 1424.5
1363550 1424.5
1363560 1424.3
1363570 1424.0
1363580 1424.0
1363590 1423.3
1363600 1422.0
1363610 1422.0
1363620 1420.8
1363630 1418.9
1363640 1418.9
1363650 1414.7
1363660 1407.7
1363670 1399.1
1363680 1390.6
1363690 1384.2
1363700 1384.2
1363710 1371.0
1363720 1352.9
1363730 1352.9
1363740 1346.0
1363750 1340.1
1363760 1340.1
1363770 1335.4
1363780 1332.5
1363790 1332.5
1363800 1331.1
1363810 1331.0
1363820 1331.0
1363830 1329.9
1363840 1327.6
1363850 1327.6
1363860 1325.2
1363870 1323.0
1363880 1321.0
1363890 1321.0
1363900 1319.4
1363910 1317.1
1363920 1317.1
1363930 1315.5
1363940 1315.4
1363950 1315.4
