1360800 1107.1
1360810 1107.1
1360820 1108.3
1360830 1109.0
1360840 1109.0
1360850 1109.0
1360860 1109.1
1360870 1109.1
1360880 1109.6
1360890 1110.7
1360900 1110.7
1360910 1112.0
1360920 1113.5
1360930 1113.5
1360940 1115.1
1360950 1116.4
1360960 1116.4
1360970 1118.1
1360980 1120.7
1360990 1120.7
1361000 1125.1
1361010 1130.3
1361020 1130.3
1361030 1135.4
1361040 1139.6
1361050 1139.6
1361060 1142.6
1361070 1145.0
1361080 1145.0
1361090 1146.9
1361100 1149.1
1361110 1149.1
1361120 1150.7
1361130 1151.7
1361140 1151.7
1361150 1152.2
1361160 1152.2
1361170 1152.0
1361180 1152.0
1361190 1152.6
1361200 1153.2
1361210 1153.2
1361220 1153.6
1361230 1154.0
1361240 1154.0
1361250 1154.1
1361260 1153.7
1361270 1153.7
1361280 1153.6
1361290 1153.3
1361300 1153.3
1361310 1152.6
1361320 1151.6
1361330 1151.6
1361340 1150.1
1361350 1148.4
1361360 1148.4
1361370 1147.2
1361380 1145.9
1361390 1145.9
1361400 1144.6
1361410 1143.0
1361420 1143.0
1361430 1141.3
1361440 1139.8
1361450 1139.8
1361460 1138.2
1361470 1136.0
1361480 1136.0
1361490 1133.5
1361500 1130.7
1361510 1130.7
1361520 1127.6
1361530 1124.4
1361540 1124.4
1361550 1120.5
1361560 1116.0
1361570 1116.0
1361580 1110.8
1361590 1105.8
1361600 1105.8
1361610 1101.6
1361620 1092.2
1361630 1090.5
1361640 1090.5
1361650 1092.2
1361660 1091.6
1361670 1091.6
1361680 1093.7
1361690 1095.1
1361700 1095.1
1361710 1095.8
1361720 1096.3
1361730 1096.3
1361740 1095.2
1361750 1093.6
1361760 1093.6
1361770 1093.3
1361780 1092.6
1361790 1092.6
1361800 1091.8
1361810 1090.9
1361820 1090.9
1361830 1089.9
1361840 1089.4
1361850 1089.4
1361860 1088.8
1361870 1087.0
1361880 1087.0
1361890 1083.9
1361900 1081.1
1361910 1081.1
1361920 1077.0
1361930 1072.3
1361940 1072.3
1361950 1068.4
1361960 1060.4
1361970 1060.4
1361980 1051.7
1361990 1044.9
1362000 1044.9
1362010 1039.7
1362020 1034.6
1362030 1034.6
1362040 1029.6
1362050 1025.4
1362060 1025.4
1362070 1022.4
1362080 1020.6
1362090 1020.6
1362100 1018.2
1362110 1014.7
1362120 1011.9
1362130 1011.9
1362140 1009.6
1362150 1006.8
1362160 1006.8
1362170 1003.6
1362180 999.7
1362190 999.7
1362200 996.0
1362210 993.2
1362220 993.2
1362230 992.1
1362240 992.4
1362250 992.4
1362260 993.1
1362270 993.6
1362280 993.6
1362290 991.8
1362300 988.5
1362310 988.5
1362320 987.9
1362330 990.6
1362340 990.6
1362350 990.5
1362360 985.4
1362370 985.4
1362380 978.1
1362390 971.8
1362400 971.8
1362410 966.9
1362420 962.9
1362430 962.9
1362440 959.8
1362450 957.7
1362460 957.7
1362470 954.4
1362480 949.7
1362490 949.7
1362500 945.9
1362510 945.0
1362520 945.0
1362530 943.9
1362540 943.3
1362550 943.3
1362560 943.1
1362570 942.8
1362580 945.3
1362590 945.3
1362600 950.9
1362610 956.4
1362620 956.4
1362630 960.0
1362640 963.3
1362650 963.3
1362660 965.1
1362670 966.5
1362680 966.5
1362690 968.0
1362700 969.2
1362710 969.2
1362720 970.3
1362730 971.6
1362740 971.6
1362750 972.8
1362760 972.7
1362770 972.7
1362780 972.3
1362790 972.9
1362800 972.9
1362810 975.5
1362820 978.0
1362830 978.0
1362840 979.7
1362850 980.8
1362860 980.8
1362870 981.6
1362880 983.0
1362890 983.0
1362900 984.3
1362910 985.6
1362920 985.6
1362930 987.3
1362940 990.2
1362950 990.2
1362960 993.4
1362970 996.9
1362980 996.9
1362990 1000.7
1363000 1004.4
1363010 1004.4
1363020 1007.9
1363030 1011.5
1363040 1011.5
1363050 1014.2
1363060 1015.4
1363070 1015.3
1363080 1015.3
1363090 1014.7
1363100 1013.0
1363110 1013.0
1363120 1010.9
1363130 1009.3
1363140 1009.3
1363150 1006.4
1363160 1000.0
1363170 1000.0
1363180 997.5
1363190 999.1
1363200 999.1
1363210 1001.6
1363220 1005.1
1363230 1005.1
1363240 1008.5
1363250 1013.6
1363260 1013.6
1363270 1018.7
1363280 1023.9
1363290 1023.9
1363300 1025.4
1363310 1027.4
1363320 1027.4
1363330 1029.0
1363340 1031.4
1363350 1031.4
1363360 1034.4
1363370 1038.5
1363380 1038.5
1363390 1041.7
1363400 1044.9
1363410 1044.9
1363420 1048.7
1363430 1053.7
1363440 1053.7
1363450 1058.8
1363460 1063.3
1363470 1063.3
1363480 1068.3
1363490 1073.1
1363500 1073.1
1363510 1077.4
1363520 1081.9
1363530 1087.1
1363540 1087.1
1363550 1090.6
1363560 1095.4
1363570 1095.4
1363580 1099.1
1363590 1101.8
1363600 1101.8
1363610 1105.3
1363620 1108.9
1363630 1108.9
1363640 1109.3
1363650 1107.9
1363660 1107.9
1363670 1107.9
1363680 1113.0
1363690 1113.0
1363700 1119.3
1363710 1123.8
1363720 1125.9
1363730 1130.6
1363740 1134.5
1363750 1134.5
1363760 1138.0
1363770 1141.8
1363780 1141.8
1363790 1145.5
1363800 1148.2
1363810 1148.2
1363820 1150.1
1363830 1153.0
1363840 1153.0
1363850 1158.3
1363860 1164.0
1363870 1164.0
1363880 1168.4
1363890 1172.2
1363900 1172.2
1363910 1174.0
1363920 1176.0
1363930 1176.0
1363940 1176.0
1363950 1172.8
1363960 1172.8
1363970 1172.3
1363980 1176.6
1363990 1176.6
1364000 1183.5
1364010 1188.8
1364020 1194.2
1364030 1194.2
1364040 1199.5
1364050 1206.3
1364060 1206.3
1364070 1211.6
1364080 1215.6
1364090 1215.6
1364100 1217.5
1364110 1219.7
1364120 1219.7
1364130 1222.5
1364140 1225.9
1364150 1225.9
1364160 1230.0
1364170 1234.8
1364180 1234.8
1364190 1240.5
1364200 1245.9
1364210 1245.9
1364220 1251.1
1364230 1256.5
1364240 1256.5
1364250 1262.2
1364260 1267.1
1364270 1267.1
1364280 1271.7
1364290 1276.8
1364300 1276.8
1364310 1281.5
1364320 1286.8
1364330 1286.8
1364340 1292.9
1364350 1298.9
1364360 1298.9
1364370 1304.5
1364380 1308.6
1364390 1308.6
1364400 1313.2
1364410 1319.0
1364420 1319.0
1364430 1324.6
1364440 1329.7
1364450 1329.7
1364460 1335.4
1364470 1341.0
1364480 1341.0
1364490 1346.5
1364500 1352.4
1364510 1357.7
1364520 1357.7
1364530 1363.6
1364540 1369.4
1364550 1369.4
1364560 1374.1
1364570 1378.0
1364580 1378.0
1364590 1383.0
1364600 1389.4
1364610 1389.4
1364620 1396.8
1364630 1402.8
1364640 1402.8
1364650 1407.3
1364660 1411.3
1364670 1411.3
1364680 1415.0
1364690 1418.8
1364700 1418.8
1364710 1421.9
1364720 1425.3
1364730 1425.3
1364740 1428.4
1364750 1431.2
1364760 1431.2
1364770 1434.4
1364780 1437.1
1364790 1437.7
1364800 1439.8
1364810 1441.6
1364820 1441.6
1364830 1443.1
1364840 1443.6
1364850 1443.6
1364860 1443.0
1364870 1440.3
1364880 1440.3
1364890 1436.3
1364900 1432.6
1364910 1432.6
1364920 1429.1
1364930 1425.7
1364940 1425.7
1364950 1422.2
1364960 1419.1
1364970 1416.2
1364980 1416.2
1364990 1412.9
1365000 1410.2
1365010 1410.2
1365020 1407.9
1365030 1405.7
1365040 1405.7
1365050 1403.4
1365060 1401.4
1365070 1401.4
1365080 1400.4
1365090 1399.3
1365100 1399.3
1365110 1398.6
1365120 1398.0
1365130 1398.0
1365140 1397.9
1365150 1398.3
1365160 1398.3
1365170 1397.9
1365180 1397.0
1365190 1397.0
1365200 1395.4
1365210 1393.1
1365220 1393.1
1365230 1390.5
1365240 1386.8
1365250 1386.8
1365260 1382.5
1365270 1379.2
1365280 1379.2
1365290 1376.7
1365300 1373.8
1365310 1373.8
1365320 1371.2
1365330 1369.0
1365340 1369.0
1365350 1367.5
1365360 1366.0
1365370 1366.0
1365380 1364.4
