1362520 1474.7
1362530 1476.4
1362540 1476.4
1362550 1479.1
1362560 1483.2
1362570 1483.2
1362580 1484.9
1362590 1488.2
1362600 1488.2
1362610 1488.5
1362620 1483.9
1362630 1483.9
1362640 1476.8
1362650 1470.7
1362660 1470.7
1362670 1463.8
1362680 1455.3
1362690 1455.3
1362700 1447.0
1362710 1437.8
1362720 1437.8
1362730 1428.1
1362740 1419.3
1362750 1419.3
1362760 1410.8
1362770 1404.0
1362780 1404.0
1362790 1398.4
1362800 1394.4
1362810 1394.4
1362820 1390.8
1362830 1387.1
1362840 1387.1
1362850 1383.7
1362860 1380.9
1362870 1380.9
1362880 1378.3
1362890 1376.1
1362900 1376.1
1362910 1374.2
1362920 1373.7
1362930 1378.1
1362940 1378.1
1362950 1378.6
1362960 1379.3
1362970 1379.3
1362980 1380.4
1362990 1383.3
1363000 1383.3
1363010 1388.8
1363020 1391.8
1363030 1391.8
1363040 1389.7
1363050 1383.0
1363060 1383.0
1363070 1372.9
1363080 1363.5
1363090 1363.5
1363100 1355.2
1363110 1347.6
1363120 1347.6
1363130 1343.4
1363140 1339.9
1363150 1339.9
1363160 1336.9
1363170 1334.4
1363180 1334.4
1363190 1329.8
1363200 1322.3
1363210 1322.3
1363220 1313.7
1363230 1306.5
1363240 1306.5
1363250 1300.1
1363260 1293.7
1363270 1293.7
1363280 1285.5
1363290 1279.1
1363300 1279.1
1363310 1273.4
1363320 1267.6
1363330 1267.6
1363340 1262.0
1363350 1257.1
1363360 1257.1
1363370 1251.2
1363380 1245.0
1363390 1245.0
1363400 1239.0
1363410 1231.3
1363420 1224.1
1363430 1224.1
1363440 1217.1
1363450 1209.6
1363460 1209.6
1363470 1202.5
1363480 1194.1
1363490 1194.1
1363500 1184.5
1363510 1177.0
1363520 1177.0
1363530 1178.5
1363540 1177.4
1363550 1177.4
1363560 1173.3
1363570 1168.6
1363580 1168.6
1363590 1165.4
1363600 1162.9
1363610 1162.9
1363620 1160.5
1363630 1156.6
1363640 1156.6
1363650 1152.6
1363660 1148.9
1363670 1148.9
1363680 1145.7
1363690 1143.4
1363700 1143.4
1363710 1141.5
1363720 1138.5
1363730 1138.5
1363740 1135.4
1363750 1132.8
1363760 1132.8
1363770 1129.7
1363780 1126.2
1363790 1126.2
1363800 1122.6
1363810 1119.3
1363820 1119.3
1363830 1117.0
1363840 1114.3
1363850 1114.3
1363860 1111.1
1363870 1108.3
1363880 1108.3
1363890 1106.0
1363900 1103.8
1363910 1102.4
1363920 1102.4
1363930 1101.6
1363940 1101.6
1363950 1101.6
1363960 1101.7
1363970 1102.8
1363980 1102.8
1363990 1107.9
1364000 1110.4
1364010 1110.4
1364020 1113.0
1364030 1115.7
1364040 1115.7
1364050 1118.0
1364060 1118.2
1364070 1118.2
1364080 1117.0
1364090 1115.5
1364100 1115.5
1364110 1113.1
1364120 1112.9
1364130 1112.9
1364140 1114.5
1364150 1116.5
1364160 1116.5
1364170 1119.1
1364180 1121.8
1364190 1121.8
1364200 1124.7
1364210 1127.8
1364220 1127.8
1364230 1131.5
1364240 1136.9
1364250 1136.9
1364260 1140.9
1364270 1144.1
1364280 1144.1
1364290 1147.3
1364300 1150.2
1364310 1150.2
1364320 1154.0
1364330 1158.8
1364340 1158.8
1364350 1164.6
1364360 1170.2
1364370 1170.2
1364380 1177.1
1364390 1181.9
1364400 1184.1
1364410 1184.1
1364420 1188.2
1364430 1194.0
1364440 1194.0
1364450 1198.1
1364460 1203.1
1364470 1203.1
1364480 1206.5
1364490 1209.2
1364500 1209.2
1364510 1209.9
1364520 1208.8
1364530 1208.8
1364540 1209.6
1364550 1212.0
1364560 1212.0
1364570 1215.1
1364580 1219.3
1364590 1219.3
1364600 1223.8
1364610 1227.9
1364620 1227.9
1364630 1230.9
1364640 1234.6
1364650 1234.6
1364660 1239.5
1364670 1244.7
1364680 1244.7
1364690 1250.1
1364700 1255.7
1364710 1255.7
1364720 1261.4
1364730 1267.2
1364740 1267.2
1364750 1273.0
1364760 1279.3
1364770 1279.3
1364780 1287.4
1364790 1297.4
1364800 1297.4
1364810 1304.8
1364820 1312.9
1364830 1312.9
1364840 1320.0
1364850 1325.7
1364860 1325.7
1364870 1331.6
1364880 1336.6
1364890 1340.2
1364900 1340.2
1364910 1343.7
1364920 1347.1
1364930 1347.1
1364940 1349.5
1364950 1353.3
1364960 1353.3
1364970 1358.8
1364980 1364.0
1364990 1364.0
1365000 1372.4
1365010 1385.2
1365020 1385.2
1365030 1394.9
1365040 1399.1
1365050 1399.1
1365060 1405.8
1365070 1410.3
1365080 1410.3
1365090 1414.7
1365100 1419.9
1365110 1419.9
1365120 1424.7
1365130 1429.1
1365140 1429.1
1365150 1433.4
1365160 1437.6
1365170 1437.6
1365180 1442.5
1365190 1447.5
1365200 1447.5
1365210 1451.8
1365220 1455.9
1365230 1455.9
1365240 1459.9
1365250 1463.6
1365260 1463.6
1365270 1468.0
1365280 1472.1
1365290 1472.1
1365300 1475.8
1365310 1479.5
1365320 1479.5
1365330 1483.4
1365340 1486.9
1365350 1486.9
1365360 1490.0
1365370 1493.6
1365380 1496.8
1365390 1496.8
1365400 1499.2
1365410 1501.4
1365420 1501.4
1365430 1504.3
1365440 1507.4
1365450 1507.4
1365460 1509.8
1365470 1512.1
1365480 1512.1
1365490 1514.6
1365500 1516.1
1365510 1516.1
1365520 1518.0
1365530 1520.4
1365540 1520.4
1365550 1522.3
1365560 1525.1
1365570 1525.1
1365580 1527.5
