1363070 1472.8
1363080 1472.8
1363090 1468.2
1363100 1461.1
1363110 1461.1
1363120 1454.9
1363130 1449.9
1363140 1449.9
1363150 1445.0
1363160 1440.0
1363170 1440.0
1363180 1435.2
1363190 1430.7
1363200 1430.7
1363210 1427.4
1363220 1424.5
1363230 1419.3
1363240 1419.3
1363250 1413.0
1363260 1406.6
1363270 1406.6
1363280 1398.9
1363290 1395.8
1363300 1395.8
1363310 1394.0
1363320 1391.9
1363330 1391.9
1363340 1390.6
1363350 1390.7
1363360 1390.7
1363370 1391.4
1363380 1391.8
1363390 1391.8
1363400 1391.4
1363410 1388.8
1363420 1388.8
1363430 1388.6
1363440 1387.4
1363450 1387.4
1363460 1386.0
1363470 1386.7
1363480 1386.7
1363490 1385.5
1363500 1382.9
1363510 1382.9
1363520 1380.6
1363530 1380.0
1363540 1380.0
1363550 1379.2
1363560 1374.3
1363570 1374.3
1363580 1365.6
1363590 1361.3
1363600 1361.3
1363610 1359.3
1363620 1358.0
1363630 1358.0
1363640 1356.0
1363650 1354.0
1363660 1354.0
1363670 1353.1
1363680 1353.4
1363690 1347.4
1363700 1348.4
1363710 1347.7
1363720 1347.7
1363730 1345.6
1363740 1343.6
1363750 1342.1
1363760 1342.1
1363770 1339.6
1363780 1336.7
1363790 1336.7
1363800 1333.3
1363810 1329.0
1363820 1329.0
1363830 1324.1
1363840 1318.1
1363850 1318.1
1363860 1312.8
1363870 1308.2
1363880 1308.2
1363890 1303.2
1363900 1298.2
1363910 1298.2
1363920 1293.3
1363930 1288.0
1363940 1288.0
1363950 1281.5
1363960 1275.1
1363970 1275.1
1363980 1269.7
1363990 1265.1
1364000 1265.1
1364010 1260.3
1364020 1254.9
1364030 1254.9
1364040 1249.7
1364050 1245.3
1364060 1245.3
1364070 1241.4
1364080 1237.6
1364090 1237.6
1364100 1234.3
1364110 1230.2
1364120 1230.2
1364130 1224.0
1364140 1219.0
1364150 1219.0
1364160 1215.4
1364170 1212.5
1364180 1212.5
1364190 1209.3
1364200 1205.8
1364210 1205.8
1364220 1202.3
1364230 1199.6
1364240 1197.8
1364250 1197.8
1364260 1195.3
1364270 1192.3
1364280 1192.3
1364290 1189.8
1364300 1186.9
1364310 1186.9
1364320 1183.5
1364330 1179.8
1364340 1179.8
1364350 1176.3
1364360 1174.0
1364370 1174.0
1364380 1172.8
1364390 1171.9
1364400 1171.9
1364410 1171.1
1364420 1170.2
1364430 1170.2
1364440 1169.5
1364450 1168.6
1364460 1168.6
1364470 1167.4
1364480 1166.6
1364490 1166.6
1364500 1166.2
1364510 1166.3
1364520 1166.3
1364530 1166.8
1364540 1167.3
1364550 1167.3
1364560 1167.7
1364570 1168.0
1364580 1168.0
1364590 1168.6
1364600 1169.5
1364610 1169.5
1364620 1170.4
1364630 1171.4
1364640 1171.4
1364650 1172.4
1364660 1173.4
1364670 1173.4
1364680 1174.3
1364690 1175.4
1364700 1175.4
1364710 1176.3
1364720 1177.4
1364730 1178.0
1364740 1178.0
1364750 1179.2
1364760 1181.9
1364770 1181.9
1364780 1182.4
1364790 1183.1
1364800 1183.1
1364810 1184.6
1364820 1185.6
1364830 1185.6
1364840 1186.5
1364850 1188.0
1364860 1188.0
1364870 1190.3
1364880 1193.4
1364890 1193.4
1364900 1197.2
1364910 1201.1
1364920 1201.1
1364930 1204.5
1364940 1208.4
1364950 1208.4
1364960 1213.6
1364970 1217.3
1364980 1217.3
1364990 1218.5
1365000 1220.6
1365010 1220.6
1365020 1224.3
1365030 1229.4
1365040 1229.4
1365050 1232.5
1365060 1232.9
1365070 1232.9
1365080 1233.0
1365090 1233.3
1365100 1233.3
1365110 1234.3
1365120 1235.8
1365130 1235.8
1365140 1237.5
1365150 1240.3
1365160 1240.3
