1363030 1490.5
1363040 1486.0
1363050 1486.0
1363060 1477.0
1363070 1468.9
1363080 1468.9
1363090 1461.2
1363100 1454.8
1363110 1454.8
1363120 1449.7
1363130 1444.3
1363140 1444.3
1363150 1437.5
1363160 1428.2
1363170 1428.2
1363180 1417.6
1363190 1413.0
1363200 1413.0
1363210 1406.4
1363220 1398.1
1363230 1398.1
1363240 1391.9
1363250 1387.4
1363260 1387.4
1363270 1385.0
1363280 1383.4
1363290 1383.4
1363300 1381.9
1363310 1380.5
1363320 1376.8
1363330 1376.8
1363340 1376.4
1363350 1375.5
1363360 1375.5
1363370 1372.4
1363380 1368.7
1363390 1368.7
1363400 1363.0
1363410 1352.1
1363420 1352.1
1363430 1349.7
1363440 1349.3
1363450 1349.3
1363460 1349.2
1363470 1351.3
1363480 1351.3
1363490 1351.2
1363500 1349.9
1363510 1349.9
1363520 1351.4
1363530 1351.1
1363540 1351.1
1363550 1349.7
1363560 1343.2
1363570 1343.2
1363580 1337.8
1363590 1335.6
1363600 1335.6
1363610 1334.2
1363620 1332.0
1363630 1332.0
1363640 1329.5
1363650 1328.8
1363660 1328.8
1363670 1330.7
1363680 1332.3
1363690 1332.3
1363700 1332.9
1363710 1333.0
1363720 1333.0
1363730 1332.1
1363740 1331.1
1363750 1331.1
1363760 1330.1
1363770 1327.4
1363780 1327.4
1363790 1323.6
1363800 1319.5
1363810 1314.9
1363820 1314.9
1363830 1310.2
1363840 1304.8
1363850 1304.8
1363860 1298.9
1363870 1293.8
1363880 1293.8
1363890 1289.7
1363900 1285.4
1363910 1285.4
1363920 1280.5
1363930 1275.2
1363940 1275.2
1363950 1269.5
1363960 1263.2
1363970 1263.2
1363980 1256.9
1363990 1251.7
1364000 1251.7
1364010 1248.0
1364020 1243.7
1364030 1243.7
1364040 1239.8
1364050 1235.7
1364060 1235.7
1364070 1231.6
1364080 1227.6
1364090 1227.6
1364100 1224.0
1364110 1220.7
1364120 1220.7
1364130 1216.7
1364140 1212.3
1364150 1212.3
1364160 1208.2
1364170 1204.6
1364180 1204.6
1364190 1201.4
1364200 1199.0
1364210 1199.0
1364220 1197.1
1364230 1195.2
1364240 1195.2
1364250 1193.1
1364260 1190.3
1364270 1190.3
1364280 1187.2
1364290 1183.8
1364300 1180.4
1364310 1180.4
1364320 1177.1
1364330 1174.0
1364340 1174.0
1364350 1171.9
1364360 1170.7
1364370 1170.7
1364380 1169.5
1364390 1169.0
1364400 1169.0
1364410 1168.2
1364420 1167.6
1364430 1167.6
1364440 1167.5
1364450 1167.7
1364460 1167.7
1364470 1167.6
1364480 1167.2
1364490 1167.2
1364500 1166.7
1364510 1166.5
1364520 1166.5
1364530 1166.5
1364540 1166.7
1364550 1166.7
1364560 1167.3
1364570 1168.0
1364580 1168.0
1364590 1168.8
1364600 1170.1
1364610 1170.1
1364620 1171.5
1364630 1173.0
1364640 1173.0
1364650 1175.0
1364660 1178.3
1364670 1178.3
1364680 1181.7
1364690 1184.2
1364700 1184.2
1364710 1185.8
1364720 1186.2
1364730 1186.2
1364740 1185.7
1364750 1185.6
1364760 1185.6
1364770 1186.2
1364780 1187.2
1364790 1187.5
1364800 1187.5
1364810 1188.2
1364820 1188.9
1364830 1188.9
1364840 1191.2
1364850 1193.5
1364860 1193.5
1364870 1195.5
1364880 1197.4
1364890 1197.4
1364900 1200.4
1364910 1203.5
1364920 1203.5
1364930 1206.4
1364940 1210.0
1364950 1210.0
1364960 1214.7
1364970 1219.9
1364980 1219.9
1364990 1223.9
1365000 1227.2
1365010 1227.2
1365020 1230.2
1365030 1232.5
1365040 1232.5
1365050 1235.0
1365060 1235.8
1365070 1235.8
1365080 1236.4
1365090 1238.7
1365100 1238.7
1365110 1242.2
1365120 1246.0
1365130 1246.0
1365140 1249.6
1365150 1252.7
1365160 1252.7
1365170 1256.4
1365180 1258.5
1365190 1258.5
